-24.9759 79.7872 -39.1952 30.7972 1650410541384 1005078.7500 -0.1962
-24.6316 80.1020 -39.5487 30.6262 1650410541413 1005107.7500 -0.1960
-24.9589 79.8644 -39.2635 28.3874 1650410541442 1005136.7500 -0.1960
-24.8808 79.9339 -39.2070 28.3743 1650410541471 1005165.7500 -0.1960
-24.8817 79.8090 -39.2519 33.1364 1650410541500 1005194.7500 -0.1960
-25.0215 79.7196 -39.0612 32.8810 1650410541529 1005223.7500 -0.1960
-25.0234 79.8297 -39.1789 32.0679 1650410541558 1005252.7500 -0.1960
-25.1827 79.8302 -39.0452 33.3420 1650410541586 1005283.0000 -0.1960
-24.9812 79.9454 -39.2415 27.3496 1650410541616 1005310.7500 -0.1960
-25.2678 79.7351 -38.9221 25.0337 1650410541645 1005339.7500 -0.1960
-24.9501 79.9310 -39.2112 27.3506 1650410541674 1005368.7500 -0.1960
-25.0130 80.0128 -39.2139 30.1663 1650410541702 1005397.5000 -0.1965
-24.9510 80.0222 -39.2499 22.3782 1650410541732 1005426.5000 -0.1965
-25.1929 79.9530 -39.0618 24.7724 1650410541761 1005455.5000 -0.1965
-25.1085 80.2049 -39.1568 25.4291 1650410541790 1005484.2500 -0.1965
-24.8192 80.1060 -39.3103 27.6055 1650410541819 1005514.5000 -0.1965
-24.8967 80.3170 -39.4249 19.7332 1650410541847 1005541.7500 -0.1965
-24.9503 80.3040 -39.2202 20.5176 1650410541877 1005571.2500 -0.1968
-24.9278 80.1431 -39.2909 27.9368 1650410541905 1005600.0000 -0.1969
-25.0001 80.1260 -39.2927 20.9290 1650410541934 1005629.2500 -0.1969
-24.9213 80.2734 -39.3723 22.5871 1650410541963 1005658.2500 -0.1969
-24.8320 80.1637 -39.3727 22.7131 1650410541992 1005687.2500 -0.1969
-24.8797 80.1895 -39.3263 21.5168 1650410542021 1005716.2500 -0.1969
-25.0413 80.0936 -39.2152 26.5400 1650410542050 1005745.2500 -0.1969
-25.0990 79.8806 -39.1057 27.9646 1650410542080 1005774.2500 -0.1969
-24.8601 79.9149 -39.3029 26.2162 1650410542109 1005803.2500 -0.1969
-24.9723 80.0003 -39.3149 24.7865 1650410542138 1005832.2500 -0.1969
-25.0934 79.8664 -39.2225 24.2005 1650410542166 1005861.2500 -0.1969
-24.8418 80.0497 -39.4524 26.1759 1650410542195 1005890.2500 -0.1969
-25.2108 79.8254 -39.0151 26.6482 1650410542224 1005919.2500 -0.1967
-25.0743 79.9371 -39.1871 25.9969 1650410542253 1005948.2500 -0.1965
-24.8583 79.7695 -39.3450 27.5469 1650410542282 1005977.2500 -0.1965
-25.0507 79.9949 -39.1795 26.4616 1650410542311 1006006.2500 -0.1965
-25.0838 79.9955 -39.2040 23.3645 1650410542340 1006034.7500 -0.1965
-24.8578 79.9345 -39.2464 30.1510 1650410542369 1006063.2500 -0.1965
-25.0010 79.8774 -39.2424 27.5185 1650410542398 1006093.0000 -0.1965
-24.9726 79.8634 -39.3405 32.6964 1650410542427 1006122.0000 -0.1965
-25.0598 79.9954 -39.2351 24.5929 1650410542456 1006151.0000 -0.1965
-24.7878 79.8729 -39.3200 21.1307 1650410542485 1006179.7500 -0.1965
-25.1342 79.7857 -39.0297 33.1912 1650410542514 1006208.7500 -0.1965
-24.8184 79.8778 -39.3018 26.6794 1650410542543 1006237.7500 -0.1968
-25.2094 79.6783 -38.9764 26.1807 1650410542572 1006266.7500 -0.1969
-24.9423 80.1370 -39.2180 22.7590 1650410542601 1006296.2500 -0.1974
-24.9051 79.9167 -39.2784 29.2217 1650410542630 1006324.7500 -0.1974
-25.0166 79.8496 -39.2019 24.3324 1650410542659 1006353.7500 -0.1974
-24.8118 80.1602 -39.3864 26.7898 1650410542688 1006384.0000 -0.1974
-24.9164 80.0737 -39.3792 23.6235 1650410542717 1006411.7500 -0.1974
-24.6026 80.2789 -39.5757 26.5035 1650410542745 1006440.7500 -0.1974
-24.8916 80.1305 -39.3476 26.6910 1650410542775 1006469.7500 -0.1978
-24.7452 80.2408 -39.3599 29.7576 1650410542803 1006498.7500 -0.1979
-24.9100 80.2173 -39.2896 21.4400 1650410542833 1006527.5000 -0.1977
-25.0338 80.1751 -39.2021 21.4510 1650410542861 1006556.5000 -0.1974
-24.8505 80.1516 -39.4463 27.6042 1650410542891 1006585.2500 -0.1977
-25.0072 80.0202 -39.1495 31.9320 1650410542920 1006614.2500 -0.1979
-25.2122 79.9065 -39.0170 26.3748 1650410542949 1006643.2500 -0.1979
-24.7970 79.9998 -39.3124 27.1916 1650410542978 1006672.2500 -0.1979
-24.9197 79.9743 -39.2731 26.8262 1650410543006 1006701.2500 -0.1977
-24.9800 79.9846 -39.2843 25.4550 1650410543036 1006730.2500 -0.1974
-24.8453 80.0159 -39.2572 29.0657 1650410543064 1006759.2500 -0.1974
-24.8323 80.0767 -39.3345 26.7201 1650410543093 1006788.2500 -0.1974
-25.0228 79.6718 -39.2768 24.8959 1650410543122 1006816.5000 -0.1974
-24.9087 79.6239 -39.2377 27.5210 1650410543151 1006846.2500 -0.1969
-25.3838 80.0433 -39.1083 24.5084 1650410543180 1006875.2500 -0.1969
-25.6564 79.8022 -38.1680 33.1945 1650410543209 1006904.2500 -0.1969
-25.0494 80.1897 -38.0021 27.0934 1650410543238 1006933.2500 -0.1969
-24.9768 80.0301 -37.5478 38.7426 1650410543268 1006962.2500 -0.1974
-24.5483 80.2303 -37.3840 18.6151 1650410543297 1006991.2500 -0.1974
-24.3069 79.9043 -36.7966 21.3572 1650410543325 1007020.2500 -0.1974
-24.9799 80.4902 -35.2886 24.1772 1650410543355 1007049.7500 -0.1974
-24.1736 80.9109 -35.5363 16.3267 1650410543383 1007077.7500 -0.1974
-24.8126 80.4376 -34.0734 21.2813 1650410543412 1007107.2500 -0.1974
-24.5272 80.8199 -33.7683 23.9215 1650410543441 1007136.2500 -0.1974
-24.5562 80.5296 -33.2007 25.2745 1650410543470 1007165.2500 -0.1974
-24.6027 80.8288 -32.3846 24.6757 1650410543499 1007194.0000 -0.1979
-23.9049 81.0493 -32.4421 19.7781 1650410543528 1007223.0000 -0.1979
-23.6270 81.3501 -32.7205 17.9623 1650410543557 1007252.0000 -0.1979
-23.2482 81.2271 -32.7161 16.4138 1650410543586 1007280.7500 -0.1979
-23.2044 81.1714 -32.5872 17.8879 1650410543615 1007309.7500 -0.1979
-23.1992 81.3754 -32.6256 14.4091 1650410543644 1007338.7500 -0.1979
-23.3333 81.1895 -32.6171 19.8730 1650410543673 1007367.7500 -0.1979
-23.6386 81.3496 -32.6290 19.2393 1650410543702 1007396.7500 -0.1979
-23.7123 81.0812 -32.4920 18.8707 1650410543731 1007425.7500 -0.1979
-23.3260 81.3418 -32.9609 16.2777 1650410543760 1007454.7500 -0.1979
-23.5418 81.5673 -32.7426 18.3702 1650410543789 1007483.7500 -0.1977
-23.7674 81.0682 -32.6207 16.8317 1650410543818 1007512.7500 -0.1974
-23.7284 81.1647 -32.6442 24.8855 1650410543847 1007541.7500 -0.1974
-23.5079 81.1850 -32.8309 20.2026 1650410543876 1007572.0000 -0.1974
-23.7007 81.1123 -32.5871 16.3989 1650410543904 1007601.0000 -0.1972
-23.6903 81.0633 -32.5888 15.6890 1650410543934 1007628.5000 -0.1969
-23.6030 81.1273 -32.5684 16.7056 1650410543962 1007657.5000 -0.1969
-23.5411 81.1902 -32.7307 19.5607 1650410543991 1007686.5000 -0.1969
-23.3961 81.0387 -32.7503 18.1680 1650410544021 1007715.2500 -0.1969
-23.5018 81.0624 -32.6455 19.7555 1650410544050 1007744.2500 -0.1969
-23.3619 81.2521 -32.7921 16.6604 1650410544079 1007773.2500 -0.1969
-23.7419 81.1193 -32.3376 17.0029 1650410544108 1007802.2500 -0.1969
-23.5039 81.1110 -32.6078 21.7206 1650410544137 1007830.7500 -0.1969
-23.5082 81.0695 -32.4956 17.8511 1650410544166 1007860.0000 -0.1974
-23.4949 81.0745 -32.5585 14.4755 1650410544195 1007889.2500 -0.1974
-23.8127 81.1247 -32.3501 20.3728 1650410544223 1007919.2500 -0.1974
-23.5014 80.9822 -32.5808 24.0851 1650410544252 1007947.2500 -0.1974
-23.3947 80.9423 -32.8083 15.5366 1650410544281 1007976.2500 -0.1974
-23.3957 80.8466 -32.5677 17.0767 1650410544310 1008005.2500 -0.1974
-23.3120 80.8494 -32.6477 16.1770 1650410544339 1008034.2500 -0.1977
-23.3951 81.1622 -32.7800 20.3613 1650410544368 1008063.2500 -0.1979
-23.7601 80.7302 -32.4841 16.6179 1650410544398 1008092.2500 -0.1979
-23.5525 80.8637 -32.5883 18.8235 1650410544427 1008121.2500 -0.1979
-23.4272 80.7791 -32.6089 18.7774 1650410544456 1008150.2500 -0.1979
-23.6261 80.5923 -32.5145 17.7431 1650410544484 1008179.2500 -0.1979
-23.4677 80.9970 -32.7308 19.6054 1650410544514 1008208.2500 -0.1979
-23.6351 81.0073 -32.6236 19.3852 1650410544542 1008237.2500 -0.1979
-23.2955 80.9443 -32.6843 17.1663 1650410544571 1008266.2500 -0.1979
-23.7005 80.9008 -32.3724 15.7632 1650410544600 1008295.0000 -0.1979
-23.5143 80.7979 -32.4910 20.5765 1650410544629 1008324.0000 -0.1977
-23.3857 81.0680 -32.5985 12.0430 1650410544658 1008352.0000 -0.1974
-23.5636 81.1503 -32.4902 18.0542 1650410544687 1008381.7500 -0.1974
-23.5427 81.0670 -32.4256 15.2617 1650410544716 1008410.7500 -0.1974
-23.4931 80.7838 -32.5247 17.3882 1650410544745 1008439.7500 -0.1972
-23.1619 81.0446 -32.6197 19.4859 1650410544774 1008468.7500 -0.1969
-23.4134 81.1239 -32.6482 19.7330 1650410544803 1008497.7500 -0.1969
-23.2407 81.1584 -32.6570 23.3990 1650410544833 1008526.7500 -0.1969
-23.0450 81.5325 -33.2610 18.6127 1650410544861 1008555.7500 -0.1967
-24.4385 79.8937 -32.0213 29.0295 1650410544890 1008584.2500 -0.1965
-24.4552 79.8043 -32.6481 24.2662 1650410544919 1008616.5000 -0.1965
-23.3851 80.5434 -34.7204 19.4997 1650410544948 1008642.7500 -0.1965
-24.2946 79.8211 -34.2695 22.2716 1650410544977 1008671.2500 -0.1965
-23.8856 80.1211 -35.4808 19.5516 1650410545006 1008700.2500 -0.1965
-23.2140 79.8810 -36.9288 27.2975 1650410545035 1008729.5000 -0.1965
-24.3628 79.9879 -36.6669 23.1246 1650410545063 1008758.5000 -0.1968
-23.8474 80.4113 -37.5888 17.1405 1650410545093 1008787.5000 -0.1969
-24.4059 79.7468 -38.0140 24.7600 1650410545121 1008816.2500 -0.1969
-23.8249 79.8870 -39.2555 15.8202 1650410545150 1008845.2500 -0.1969
-24.0967 79.7723 -39.8726 19.2065 1650410545180 1008874.2500 -0.1973
-24.4874 79.6447 -40.2417 23.3379 1650410545209 1008903.2500 -0.1974
-23.5493 79.5027 -41.7200 15.9197 1650410545238 1008932.2500 -0.1974
-23.7553 79.2725 -42.1757 19.5157 1650410545267 1008961.2500 -0.1974
-24.1550 79.8753 -42.5313 13.7812 1650410545296 1008990.2500 -0.1974
-20.7662 76.9503 -46.3488 16.6861 1650410545325 1009019.2500 -0.1974
-22.2159 77.1663 -46.0001 14.8950 1650410545354 1009048.2500 -0.1974
-20.4699 76.4719 -48.3174 15.8354 1650410545382 1009077.2500 -0.1974
-23.5331 78.7135 -45.9457 14.6157 1650410545412 1009106.0000 -0.1974
-13.6091 69.0063 -56.7769 14.6543 1650410545440 1009134.5000 -0.1974
-23.1554 78.7129 -47.6627 15.1213 1650410545469 1009164.2500 -0.1972
-24.5682 79.5392 -46.8813 14.3181 1650410545498 1009193.2500 -0.1969
-23.6850 79.0879 -48.4307 20.1173 1650410545527 1009222.2500 -0.1969
-22.0987 77.4501 -50.7916 17.1793 1650410545556 1009251.2500 -0.1969
-21.9475 76.7289 -51.4183 16.3580 1650410545586 1009280.2500 -0.1967
-22.8869 77.9605 -51.1327 15.2031 1650410545615 1009309.2500 -0.1965
-23.6403 79.1092 -50.6533 20.0284 1650410545644 1009338.2500 -0.1965
-20.6661 75.7159 -54.2060 11.1553 1650410545673 1009368.2500 -0.1965
-18.2066 73.1339 -57.2674 13.5452 1650410545701 1009396.0000 -0.1962
-23.5096 79.2096 -52.5252 14.4054 1650410545730 1009425.0000 -0.1960
-23.1680 78.1259 -53.2281 16.3270 1650410545759 1009453.2500 -0.1960
-25.4831 80.2084 -51.4382 15.9896 1650410545788 1009483.0000 -0.1960
-24.1599 79.7588 -53.0637 14.7971 1650410545817 1009511.7500 -0.1960
-23.1992 78.5952 -54.5985 15.5872 1650410545846 1009540.7500 -0.1963
-23.5674 78.4436 -54.3373 19.7103 1650410545875 1009569.7500 -0.1965
-22.3428 77.2183 -55.7783 14.5432 1650410545904 1009598.7500 -0.1965
-23.5310 78.1743 -55.0832 13.9603 1650410545933 1009627.7500 -0.1965
-22.0093 77.0135 -56.7635 12.9060 1650410545962 1009656.7500 -0.1968
-21.2747 76.6527 -57.6071 13.8378 1650410545992 1009685.7500 -0.1967
-21.1645 76.4696 -57.6467 14.3435 1650410546020 1009714.7500 -0.1965
-15.4545 70.9736 -63.6020 13.6928 1650410546049 1009743.7500 -0.1965
-21.3372 76.8418 -57.9897 12.7824 1650410546078 1009772.7500 -0.1968
-21.5203 76.6209 -57.9273 14.7491 1650410546107 1009801.7500 -0.1969
-21.3897 75.9196 -58.1105 12.4670 1650410546136 1009830.7500 -0.1969
-21.7176 76.4642 -57.9075 14.0784 1650410546165 1009859.5000 -0.1969
-21.5909 76.0296 -58.2055 16.5323 1650410546194 1009889.5000 -0.1969
-22.1043 76.4839 -57.4585 18.8230 1650410546223 1009917.0000 -0.1969
-21.1597 75.6145 -58.3556 17.2789 1650410546252 1009946.2500 -0.1969
-21.6958 76.0175 -57.9633 14.7326 1650410546280 1009975.2500 -0.1969
-21.5491 76.0501 -57.8218 15.9536 1650410546310 1010004.2500 -0.1969
-22.2860 76.5729 -57.1422 16.6146 1650410546339 1010033.2500 -0.1969
-21.9152 76.2127 -57.4513 14.5479 1650410546368 1010062.2500 -0.1967
-21.8027 76.1716 -57.3371 12.7730 1650410546397 1010091.2500 -0.1965
-21.7683 76.0315 -57.0285 14.2354 1650410546426 1010120.2500 -0.1965
-24.0763 77.7514 -54.5155 12.7768 1650410546455 1010150.0000 -0.1965
-22.1891 76.1753 -56.1788 13.8969 1650410546484 1010178.2500 -0.1965
-21.8881 76.1528 -56.0984 16.4426 1650410546513 1010207.2500 -0.1965
-20.7760 75.6880 -57.0219 17.3649 1650410546541 1010236.0000 -0.1965
-17.4760 72.3561 -59.7577 17.0102 1650410546571 1010265.2500 -0.1965
-22.0290 76.3315 -54.9800 16.8791 1650410546599 1010294.2500 -0.1965
-15.5821 70.0999 -60.8458 15.4466 1650410546628 1010323.2500 -0.1965
-21.3560 76.6800 -54.6895 14.5419 1650410546657 1010352.2500 -0.1965
-21.4049 77.2173 -54.1323 23.5819 1650410546687 1010381.2500 -0.1965
-24.8844 79.7020 -50.2441 14.6763 1650410546715 1010410.2500 -0.1965
-24.8098 79.9168 -49.6959 15.0769 1650410546745 1010439.2500 -0.1965
-23.3564 79.4383 -50.7116 18.6282 1650410546774 1010468.2500 -0.1967
-23.5963 78.8452 -49.8059 18.3638 1650410546803 1010497.2500 -0.1969
-24.6790 80.0219 -48.0457 21.1595 1650410546832 1010526.0000 -0.1969
-23.2217 79.6286 -48.9745 20.7277 1650410546860 1010555.0000 -0.1973
-23.1453 79.1023 -48.3262 15.3018 1650410546890 1010584.0000 -0.1974
-24.6026 79.9726 -46.2788 15.5205 1650410546918 1010613.0000 -0.1974
-23.5961 80.3103 -46.6698 18.7667 1650410546947 1010641.7500 -0.1974
-24.1276 79.9636 -45.6445 21.2998 1650410546976 1010670.2500 -0.1978
-24.6792 80.0910 -44.4196 17.3695 1650410547005 1010699.7500 -0.1979
-23.1642 79.7318 -45.0754 20.6568 1650410547034 1010728.7500 -0.1979
-24.2721 79.9037 -43.5026 18.9407 1650410547063 1010757.7500 -0.1979
-24.4895 80.0043 -42.7292 15.4594 1650410547092 1010786.7500 -0.1979
-24.3959 80.3242 -42.1939 14.3241 1650410547121 1010815.7500 -0.1979
-24.4382 79.9630 -41.2712 19.2104 1650410547151 1010844.7500 -0.1979
-24.4662 80.5747 -40.6366 14.0481 1650410547179 1010873.7500 -0.1979
-24.6159 80.5351 -39.8110 22.3723 1650410547208 1010902.5000 -0.1979
-24.4554 80.5296 -39.1238 22.3779 1650410547237 1010933.0000 -0.1979
-24.2639 80.5289 -38.7851 14.4914 1650410547266 1010960.5000 -0.1977
-24.5565 80.4648 -37.7426 26.7360 1650410547295 1010990.7500 -0.1974
-24.2018 80.8303 -37.5016 17.8775 1650410547324 1011018.5000 -0.1974
-24.6981 80.8452 -36.3853 23.4856 1650410547353 1011047.2500 -0.1974
-24.2773 80.7658 -35.9614 28.1047 1650410547382 1011076.2500 -0.1972
-24.2261 80.6830 -35.3553 20.8736 1650410547411 1011105.2500 -0.1969
-24.7298 80.7090 -34.2802 19.1183 1650410547439 1011134.2500 -0.1969
-24.1534 80.8369 -33.9977 20.5411 1650410547469 1011163.2500 -0.1974
-24.3417 80.4678 -33.1132 22.2372 1650410547498 1011192.2500 -0.1972
-24.5024 80.5086 -32.5111 16.1950 1650410547527 1011221.2500 -0.1969
-23.9868 81.1342 -32.4071 18.7202 1650410547556 1011250.2500 -0.1969
-23.5127 81.2070 -32.4453 13.5991 1650410547585 1011279.2500 -0.1974
-23.5469 81.0318 -32.4788 19.2880 1650410547614 1011308.2500 -0.1974
-23.1353 81.0241 -32.4233 16.9898 1650410547643 1011337.2500 -0.1974
-23.1643 81.4596 -32.7643 16.2143 1650410547672 1011366.2500 -0.1974
-23.3018 81.7103 -32.7535 17.6980 1650410547701 1011395.2500 -0.1979
-23.2422 81.6596 -32.8493 15.4158 1650410547730 1011423.5000 -0.1979
-23.4011 81.7075 -32.9709 13.1713 1650410547758 1011454.2500 -0.1979
-23.3456 81.9102 -33.1325 22.0712 1650410547787 1011482.2500 -0.1979
-23.6839 81.3207 -32.6783 19.3784 1650410547816 1011511.2500 -0.1979
-23.4482 81.5359 -32.9655 21.5225 1650410547845 1011540.2500 -0.1979
-23.6755 81.6485 -32.8610 15.7886 1650410547874 1011569.2500 -0.1979
-23.6196 81.5638 -32.8763 16.6811 1650410547904 1011598.2500 -0.1979
-23.2276 81.6697 -33.1654 15.9094 1650410547933 1011627.2500 -0.1979
-23.2933 81.5476 -32.8864 22.4519 1650410547962 1011656.0000 -0.1979
-23.3270 81.3892 -33.0001 19.5171 1650410547991 1011684.5000 -0.1976
-23.2817 81.2009 -32.8334 16.9469 1650410548019 1011714.0000 -0.1974
-23.2425 81.2675 -32.9407 19.3192 1650410548049 1011742.7500 -0.1974
-23.3343 81.3815 -33.1975 22.0704 1650410548077 1011773.0000 -0.1974
-22.8724 81.5104 -33.2878 18.7558 1650410548106 1011800.7500 -0.1974
-23.2468 81.4003 -33.0005 18.8889 1650410548135 1011829.7500 -0.1974
-23.3033 81.5257 -32.8143 24.2367 1650410548164 1011858.7500 -0.1972
-23.0592 81.5258 -32.8615 14.8667 1650410548193 1011887.7500 -0.1969
-23.5851 81.2151 -32.7452 20.8920 1650410548222 1011916.7500 -0.1969
-23.6715 81.0170 -32.6068 20.8232 1650410548251 1011945.7500 -0.1969
-23.6389 81.2049 -32.7147 25.0543 1650410548280 1011974.7500 -0.1967
-23.3571 81.0816 -32.8002 21.5074 1650410548310 1012003.7500 -0.1965
-23.6289 81.0156 -32.6805 24.9029 1650410548338 1012032.7500 -0.1965
-23.5402 80.7828 -32.9400 22.8501 1650410548367 1012061.7500 -0.1965
-23.1313 81.1580 -33.1595 20.9154 1650410548396 1012090.5000 -0.1965
-23.3291 80.9108 -32.7373 18.1246 1650410548425 1012119.5000 -0.1965
-23.6346 80.9648 -32.6446 22.8486 1650410548454 1012148.5000 -0.1965
-23.5402 81.0239 -32.4284 19.2388 1650410548483 1012177.2500 -0.1969
-23.5442 81.0498 -32.5705 18.6863 1650410548512 1012205.5000 -0.1969
-23.4164 81.0009 -32.7461 22.1065 1650410548541 1012235.2500 -0.1972
-23.4115 81.0079 -32.6060 20.5403 1650410548570 1012264.2500 -0.1974
-23.3248 80.9384 -32.6549 20.3732 1650410548598 1012293.2500 -0.1974
-23.2290 81.0641 -32.6855 19.8494 1650410548628 1012323.7500 -0.1974
-23.4420 80.8730 -32.4915 23.5744 1650410548657 1012351.0000 -0.1974
-23.3846 81.2429 -32.5872 15.3384 1650410548686 1012380.2500 -0.1974
-23.5425 81.0491 -32.2981 25.7012 1650410548715 1012409.2500 -0.1974
-23.4358 80.9654 -32.2937 21.5979 1650410548744 1012438.0000 -0.1974
-23.6452 81.2207 -32.3295 15.6469 1650410548773 1012466.7500 -0.1974
-23.4454 81.1541 -32.3885 20.0832 1650410548802 1012496.2500 -0.1974
-23.4369 81.2699 -32.6200 18.5981 1650410548831 1012525.0000 -0.1974
-23.5656 80.9841 -32.4704 17.4156 1650410548860 1012554.2500 -0.1974
-23.2363 81.3843 -33.3429 20.0581 1650410548889 1012583.2500 -0.1972
-24.4575 79.9428 -32.2530 25.2810 1650410548917 1012612.2500 -0.1969
-24.3642 79.9968 -33.1665 27.1194 1650410548947 1012641.2500 -0.1969
-23.4838 80.1521 -34.8077 26.2601 1650410548975 1012670.2500 -0.1969
-24.0923 80.1209 -34.7669 30.4208 1650410549004 1012699.2500 -0.1969
-23.4240 80.4569 -36.4210 18.2960 1650410549033 1012728.2500 -0.1969
-23.4499 79.9359 -36.9684 22.4516 1650410549063 1012757.0000 -0.1967
-23.8096 79.6122 -37.5175 20.3593 1650410549092 1012786.0000 -0.1965
-23.4187 80.2916 -38.5405 18.3833 1650410549121 1012815.0000 -0.1965
-24.2383 79.5489 -38.5770 26.9133 1650410549150 1012843.7500 -0.1969
-23.3839 79.3735 -40.0308 14.1438 1650410549179 1012872.7500 -0.1967
-23.7113 79.3550 -40.5083 19.0783 1650410549208 1012901.7500 -0.1965
-24.1584 79.4650 -40.8140 17.4991 1650410549236 1012930.7500 -0.1965
-23.7049 79.6501 -41.7069 17.9235 1650410549265 1012961.0000 -0.1969
-24.2996 79.3963 -41.8749 21.9910 1650410549294 1012990.0000 -0.1969
-23.0326 79.3372 -43.8313 17.9354 1650410549323 1013017.7500 -0.1969
-23.6779 79.0466 -43.9052 25.3067 1650410549352 1013046.7500 -0.1969
-21.2594 76.8320 -47.2059 14.8764 1650410549381 1013075.7500 -0.1974
-23.9537 79.7554 -45.0944 19.3373 1650410549410 1013104.7500 -0.1974
-23.2295 78.3645 -46.6133 18.8145 1650410549439 1013133.7500 -0.1974
-23.9948 79.2941 -46.4951 15.2298 1650410549469 1013162.7500 -0.1974
-23.5063 78.9958 -47.6265 16.3985 1650410549497 1013191.5000 -0.1974
-24.7419 79.6809 -47.1036 15.0659 1650410549527 1013223.2500 -0.1974
-23.8623 78.8859 -48.8265 12.2483 1650410549555 1013248.7500 -0.1974
-23.5586 78.8478 -49.6510 15.8256 1650410549584 1013278.2500 -0.1974
-21.1104 75.7410 -52.4170 18.3662 1650410549613 1013307.0000 -0.1974
-24.2339 79.5790 -49.7638 15.8890 1650410549642 1013336.2500 -0.1974
-24.0337 79.5172 -50.4832 17.3714 1650410549671 1013365.2500 -0.1974
-23.3341 78.3089 -51.3747 12.9651 1650410549700 1013394.2500 -0.1974
-13.6137 68.8906 -62.0001 12.4931 1650410549729 1013423.2500 -0.1974
-24.2158 79.3339 -51.8106 12.7346 1650410549758 1013452.2500 -0.1974
-21.6639 76.7631 -54.8862 13.2251 1650410549787 1013481.2500 -0.1972
-21.2439 75.9982 -55.7927 16.8689 1650410549815 1013510.2500 -0.1969
-24.9771 80.1932 -52.4259 11.9628 1650410549845 1013539.2500 -0.1969
-23.4413 78.7509 -54.3482 10.0013 1650410549874 1013568.2500 -0.1969
-23.4400 78.5236 -54.4892 17.6371 1650410549903 1013597.2500 -0.1969
-23.4652 78.3931 -54.5390 19.4006 1650410549932 1013626.2500 -0.1969
-21.4640 76.1327 -56.9478 14.0680 1650410549961 1013655.2500 -0.1967
-23.3277 78.5056 -55.0871 17.1637 1650410549990 1013684.2500 -0.1965
-21.2376 76.2566 -57.8318 17.4123 1650410550019 1013713.2500 -0.1965
-20.9916 76.4932 -58.0037 17.3202 1650410550048 1013744.7500 -0.1965
-22.1379 77.4158 -57.3647 13.6824 1650410550076 1013771.0000 -0.1967
-21.1993 76.3184 -58.1450 13.5990 1650410550106 1013800.2500 -0.1969
-23.7679 78.3657 -56.1775 15.7633 1650410550134 1013829.2500 -0.1969
-21.6675 76.3350 -57.9446 17.2498 1650410550163 1013858.0000 -0.1969
-21.2167 75.8608 -58.4607 13.3584 1650410550193 1013887.0000 -0.1972
-21.3313 75.6793 -58.4210 13.6846 1650410550222 1013916.0000 -0.1974
-21.3717 75.9181 -58.1932 12.1883 1650410550251 1013945.0000 -0.1974
-21.4761 76.0606 -58.1500 11.2412 1650410550280 1013973.2500 -0.1974
-21.6607 76.1503 -57.9933 16.0674 1650410550309 1014002.2500 -0.1974
-21.5208 75.8303 -58.0014 15.9645 1650410550338 1014031.7500 -0.1974
-21.5942 76.0359 -57.6880 12.1843 1650410550367 1014060.2500 -0.1974
-21.6180 76.0846 -57.4010 15.2721 1650410550395 1014089.5000 -0.1974
-20.0957 74.4150 -58.9237 12.8982 1650410550425 1014118.7500 -0.1974
-16.1070 70.1828 -62.5110 13.4494 1650410550453 1014147.7500 -0.1974
-21.9995 75.8936 -56.4187 14.6074 1650410550482 1014176.7500 -0.1974
-21.9062 75.8063 -56.3250 13.6918 1650410550511 1014205.7500 -0.1974
-21.4129 75.7950 -56.4056 15.8376 1650410550540 1014234.7500 -0.1974
-21.3266 75.8943 -56.3512 10.7274 1650410550569 1014263.7500 -0.1974
-21.5301 75.8670 -55.5481 14.1520 1650410550598 1014292.7500 -0.1974
-24.5842 78.7439 -52.1586 14.9175 1650410550628 1014321.5000 -0.1974
-23.8327 78.3041 -52.3608 16.5413 1650410550656 1014350.5000 -0.1974
-21.4183 76.6815 -54.5096 13.0498 1650410550686 1014379.2500 -0.1972
-22.9596 78.5467 -52.4583 20.6005 1650410550714 1014408.2500 -0.1969
-25.4634 80.3707 -49.5216 19.8882 1650410550743 1014437.2500 -0.1969
-24.2364 79.3617 -50.2708 18.3355 1650410550772 1014466.2500 -0.1969
-23.0814 79.5649 -50.8464 15.1225 1650410550801 1014495.0000 -0.1969
-25.3765 80.4604 -47.8630 17.2834 1650410550830 1014525.5000 -0.1969
-24.7780 80.0215 -47.8573 18.3514 1650410550859 1014553.2500 -0.1969
-24.0481 80.0924 -48.1501 16.1532 1650410550888 1014582.2500 -0.1969
-24.0277 79.6927 -47.3385 16.8856 1650410550917 1014611.2500 -0.1969
-24.6463 79.9981 -46.3453 21.9267 1650410550946 1014640.2500 -0.1969
-24.0020 80.2808 -46.2503 16.9808 1650410550974 1014669.2500 -0.1972
-24.6893 80.3273 -44.9631 15.9916 1650410551004 1014698.2500 -0.1974
-24.6859 80.1219 -44.1967 18.4228 1650410551033 1014727.2500 -0.1974
-23.9560 79.7736 -44.3724 18.4097 1650410551062 1014759.0000 -0.1974
-24.8966 80.2124 -42.8916 17.0817 1650410551091 1014785.0000 -0.1977
-24.3426 80.2351 -42.4827 14.7201 1650410551120 1014814.2500 -0.1979
-24.4686 80.3257 -42.0308 19.3922 1650410551149 1014844.0000 -0.1979
-24.9965 80.3103 -40.6046 22.5958 1650410551178 1014872.2500 -0.1979
-24.1649 80.5356 -40.7506 15.9608 1650410551207 1014901.2500 -0.1979
-24.6331 80.3869 -39.6413 23.6285 1650410551236 1014930.2500 -0.1979
-24.4748 80.3263 -39.0233 20.7247 1650410551265 1014959.2500 -0.1979
-24.5150 80.3110 -38.3950 15.6063 1650410551293 1014988.0000 -0.1983
-24.7074 80.5157 -37.3905 20.0801 1650410551322 1015017.0000 -0.1984
-23.8961 81.0822 -37.3905 13.5471 1650410551351 1015046.0000 -0.1984
-24.4239 80.7424 -36.2659 21.6155 1650410551380 1015074.7500 -0.1984
-24.4258 80.5790 -35.6813 17.5871 1650410551410 1015103.7500 -0.1980
-24.4880 80.6803 -35.1529 18.8794 1650410551439 1015132.7500 -0.1979
-24.6596 80.5539 -34.2294 24.3790 1650410551468 1015161.7500 -0.1979
-24.0389 80.8848 -33.9180 16.8647 1650410551497 1015190.7500 -0.1979
-24.3809 80.4302 -32.7066 19.5984 1650410551526 1015219.7500 -0.1979
-24.4467 80.7213 -32.3974 22.2069 1650410551554 1015248.7500 -0.1979
-23.9435 80.9942 -32.2119 19.2130 1650410551584 1015278.5000 -0.1977
-23.1580 81.5938 -32.9287 17.7180 1650410551612 1015306.5000 -0.1974
-22.8868 80.9595 -32.4571 17.3510 1650410551641 1015335.7500 -0.1974
-22.9620 81.2422 -32.4769 15.6492 1650410551670 1015364.7500 -0.1974
-23.2238 81.4323 -32.7339 17.1417 1650410551699 1015393.7500 -0.1974
-23.0032 81.4260 -32.8580 16.9918 1650410551728 1015422.7500 -0.1974
-23.4513 81.6767 -32.6183 18.6517 1650410551758 1015451.5000 -0.1974
-23.2791 81.9427 -32.8500 16.2134 1650410551786 1015480.5000 -0.1974
-23.3626 81.5421 -32.7659 17.2451 1650410551816 1015510.7500 -0.1974
-23.3491 81.8104 -32.7722 20.7919 1650410551845 1015537.5000 -0.1978
-23.4497 81.4307 -32.8197 19.3760 1650410551873 1015567.2500 -0.1979
-23.6030 81.2335 -32.7150 18.6050 1650410551902 1015597.7500 -0.1979
-23.5971 81.4256 -32.9464 20.0037 1650410551931 1015625.0000 -0.1979
-23.7708 81.3252 -32.7603 17.3317 1650410551960 1015654.2500 -0.1979
-22.8995 81.7120 -33.5374 21.5134 1650410551989 1015683.2500 -0.1979
-23.3723 81.3658 -33.0498 20.5773 1650410552018 1015712.2500 -0.1979
-23.5811 81.4698 -32.8836 20.5987 1650410552047 1015741.2500 -0.1979
-23.0987 81.5876 -33.1621 15.4625 1650410552076 1015770.2500 -0.1979
-22.9387 81.6433 -33.3864 18.9939 1650410552105 1015799.2500 -0.1979
-23.1281 81.3185 -33.2668 22.3836 1650410552133 1015828.2500 -0.1982
-23.0996 81.4784 -33.2013 17.7519 1650410552164 1015857.2500 -0.1984
-23.2279 81.4327 -32.9032 17.9456 1650410552192 1015886.2500 -0.1984
-23.1427 81.1421 -32.9843 23.3592 1650410552221 1015915.2500 -0.1984
-22.9654 81.6162 -33.1498 19.0538 1650410552250 1015944.2500 -0.1984
-23.0137 81.0387 -32.9581 20.7514 1650410552279 1015973.2500 -0.1984
-23.1804 81.4849 -33.0442 19.9976 1650410552308 1016002.2500 -0.1984
-23.3300 81.2835 -32.9186 17.8276 1650410552337 1016031.2500 -0.1984
-23.2932 81.2800 -32.7704 18.4453 1650410552366 1016060.7500 -0.1984
-23.2879 81.2611 -33.0405 19.9526 1650410552395 1016089.0000 -0.1984
-23.1897 81.3666 -32.8935 21.1750 1650410552424 1016118.0000 -0.1982
-23.0931 81.4182 -32.9290 20.9645 1650410552452 1016147.0000 -0.1979
-23.5069 81.0408 -32.7240 15.3388 1650410552481 1016176.0000 -0.1979
-23.3488 81.0383 -32.7935 21.1460 1650410552510 1016204.7500 -0.1979
-23.3654 80.9597 -32.8487 21.6188 1650410552540 1016233.7500 -0.1979
-23.2625 81.1344 -32.7305 15.8990 1650410552569 1016262.7500 -0.1979
-23.3510 81.1877 -32.8292 18.0203 1650410552598 1016291.5000 -0.1979
-23.2729 81.2068 -32.8582 21.6605 1650410552627 1016322.0000 -0.1979
-23.4751 80.9851 -32.6202 22.6362 1650410552656 1016349.7500 -0.1979
-23.2509 81.3417 -32.7702 16.8710 1650410552685 1016378.0000 -0.1979
-23.5151 80.9820 -32.5383 16.8105 1650410552713 1016407.7500 -0.1979
-23.1387 81.2017 -32.5246 20.9026 1650410552743 1016436.7500 -0.1983
-23.3913 81.2460 -32.6109 20.6458 1650410552771 1016465.7500 -0.1984
-23.3129 81.2505 -32.6469 22.3344 1650410552800 1016494.7500 -0.1984
-23.2252 81.1501 -32.7473 18.0171 1650410552829 1016523.7500 -0.1984
-23.4623 81.2090 -32.4902 15.5554 1650410552858 1016552.5000 -0.1984
-23.3341 81.0750 -32.5454 24.8224 1650410552887 1016581.5000 -0.1984
-23.4408 80.9004 -32.8820 18.5745 1650410552916 1016610.2500 -0.1984
-24.3337 80.1919 -32.3847 25.2297 1650410552945 1016639.2500 -0.1984
-23.7421 80.0935 -33.9231 22.5112 1650410552975 1016668.2500 -0.1984
-23.7456 80.4080 -34.5659 20.9453 1650410553004 1016697.2500 -0.1984
-24.3360 80.3463 -34.6974 21.8793 1650410553032 1016726.2500 -0.1984
-23.5292 80.6708 -36.5275 22.6981 1650410553062 1016755.2500 -0.1984
-23.8750 79.9899 -37.0021 24.8240 1650410553090 1016784.2500 -0.1984
-23.6983 79.7438 -37.6722 19.0711 1650410553119 1016814.5000 -0.1984
-23.8819 80.4285 -38.2727 18.6177 1650410553148 1016841.5000 -0.1984
-23.8806 79.4272 -38.8635 21.0201 1650410553177 1016871.2500 -0.1984
-23.4935 80.0323 -39.9910 17.9312 1650410553206 1016900.2500 -0.1982
-24.0719 79.8106 -40.2546 19.4309 1650410553235 1016929.2500 -0.1979
-23.7466 79.2486 -41.2723 16.5595 1650410553264 1016958.2500 -0.1979
-24.5832 80.4742 -41.0547 16.0561 1650410553293 1016987.2500 -0.1979
-24.1208 79.2062 -42.3411 21.6267 1650410553322 1017016.2500 -0.1979
-21.4307 76.9934 -45.7452 13.2214 1650410553351 1017045.2500 -0.1979
-23.2798 78.5084 -44.5958 25.1172 1650410553380 1017073.7500 -0.1979
-17.3039 72.8287 -51.4853 15.7723 1650410553409 1017103.2500 -0.1979
-23.6661 79.7001 -45.5003 15.2329 1650410553438 1017133.7500 -0.1979
-22.9829 78.0675 -46.9894 15.1094 1650410553467 1017160.5000 -0.1979
-23.8745 79.5515 -46.9842 13.0736 1650410553496 1017190.0000 -0.1979
-23.5990 79.0066 -47.6231 17.7452 1650410553525 1017219.0000 -0.1979
-20.8904 75.4327 -51.0094 18.0904 1650410553554 1017248.0000 -0.1979
-24.4206 79.9132 -47.9958 15.6843 1650410553583 1017277.0000 -0.1979
-20.8154 75.9935 -52.3153 15.3084 1650410553611 1017305.7500 -0.1979
-21.9019 76.8237 -51.9621 12.4020 1650410553641 1017334.7500 -0.1983
-24.6759 79.9830 -49.6491 14.3656 1650410553669 1017363.7500 -0.1984
-22.9434 78.1488 -51.6462 17.8374 1650410553698 1017392.7500 -0.1984
-21.5807 76.4371 -53.6068 15.2324 1650410553727 1017421.7500 -0.1984
-23.4052 78.8206 -52.1837 18.3208 1650410553757 1017450.7500 -0.1984
-25.2867 80.6551 -51.1349 19.9692 1650410553786 1017479.7500 -0.1984
-22.6745 77.5396 -53.8942 15.9072 1650410553815 1017508.7500 -0.1984
-23.4514 78.6326 -53.4137 15.4211 1650410553844 1017537.7500 -0.1984
-21.2157 76.8380 -56.3356 14.3556 1650410553873 1017566.7500 -0.1984
-23.9806 79.0879 -53.7960 21.2835 1650410553902 1017596.2500 -0.1984
-23.4594 78.5070 -54.6723 14.0185 1650410553930 1017624.7500 -0.1984
-23.2414 78.0169 -55.0732 13.6062 1650410553959 1017653.5000 -0.1984
-21.3696 76.1804 -56.8673 15.6197 1650410553988 1017682.5000 -0.1984
-21.1849 76.4184 -57.4134 14.1289 1650410554017 1017711.5000 -0.1984
-23.5080 78.9232 -55.2115 13.4569 1650410554046 1017740.2500 -0.1984
-29.2517 84.7301 -49.7061 10.8106 1650410554075 1017769.2500 -0.1984
-20.7911 76.2133 -58.5292 13.9346 1650410554104 1017798.2500 -0.1982
-13.1682 68.3457 -66.1146 13.5613 1650410554134 1017827.0000 -0.1979
-21.3947 76.3642 -58.1133 15.7880 1650410554163 1017856.0000 -0.1979
-21.3849 75.9158 -58.0878 15.0195 1650410554191 1017885.2500 -0.1979
-21.4576 75.9500 -58.2002 11.1730 1650410554221 1017914.0000 -0.1979
-29.6073 84.1762 -50.0960 15.9247 1650410554249 1017943.2500 -0.1974
-21.9130 76.3656 -57.6623 16.3006 1650410554278 1017972.2500 -0.1977
-21.8470 76.1796 -57.8031 17.5382 1650410554307 1018001.2500 -0.1979
-21.5707 75.8717 -58.1362 17.2765 1650410554336 1018030.2500 -0.1979
-21.3625 75.5104 -58.1241 13.1949 1650410554365 1018059.2500 -0.1980
-21.9143 76.1113 -57.3313 11.9174 1650410554394 1018088.2500 -0.1979
-17.2202 71.5258 -61.7712 14.4675 1650410554423 1018117.2500 -0.1979
-21.4344 75.6621 -57.5318 18.0800 1650410554452 1018146.2500 -0.1979
-29.9821 83.8484 -48.7186 13.0337 1650410554481 1018175.2500 -0.1983
-19.9217 73.8142 -58.6616 17.7680 1650410554510 1018204.2500 -0.1984
-22.0639 76.0095 -56.1359 15.0180 1650410554540 1018233.2500 -0.1984
-21.4367 75.7339 -56.4631 12.8685 1650410554568 1018262.2500 -0.1984
-21.7506 76.3797 -55.7891 13.9332 1650410554597 1018291.2500 -0.1984
-21.5217 75.8816 -55.6889 13.3687 1650410554626 1018320.2500 -0.1984
-24.5246 78.8534 -52.1601 20.9157 1650410554655 1018348.7500 -0.1984
-25.8231 80.3738 -50.3634 22.3599 1650410554684 1018379.0000 -0.1984
-20.9995 76.5084 -54.9850 17.4029 1650410554713 1018406.7500 -0.1984
-16.4065 71.6119 -58.8462 15.8820 1650410554742 1018435.7500 -0.1984
-25.2315 80.0173 -49.4202 22.9637 1650410554770 1018464.7500 -0.1984
-24.3705 79.9861 -49.8949 17.3476 1650410554800 1018493.7500 -0.1984
-23.4069 78.9518 -50.4483 20.5935 1650410554828 1018522.7500 -0.1982
-24.9130 79.9317 -47.9790 19.7486 1650410554857 1018551.7500 -0.1979
-24.8640 80.1366 -47.6594 16.4145 1650410554887 1018580.7500 -0.1979
-23.1705 79.2365 -48.8162 13.9446 1650410554916 1018612.5000 -0.1979
-24.6407 79.7971 -46.7350 16.5082 1650410554945 1018638.5000 -0.1979
-24.5542 80.0067 -46.0656 18.7253 1650410554974 1018667.7500 -0.1979
-23.7626 80.3437 -46.1825 15.5971 1650410555003 1018696.5000 -0.1979
-24.4799 79.7495 -45.2311 16.0655 1650410555032 1018725.7500 -0.1979
-24.9239 80.4669 -43.8879 18.7792 1650410555061 1018754.5000 -0.1979
-24.0970 80.1801 -44.0816 16.8929 1650410555089 1018783.5000 -0.1979
-24.6150 79.7999 -42.5090 23.1124 1650410555119 1018812.5000 -0.1979
-24.4132 80.4092 -42.2912 16.0344 1650410555147 1018841.2500 -0.1979
-24.7516 80.1353 -41.5045 19.8695 1650410555176 1018870.2500 -0.1979
-24.7424 80.1561 -40.6928 16.1862 1650410555205 1018899.2500 -0.1979
-24.4421 80.3005 -40.4353 21.7742 1650410555234 1018928.2500 -0.1979
-24.8551 80.0344 -39.1323 25.1073 1650410555263 1018957.2500 -0.1983
-24.1409 80.3861 -39.0597 23.4384 1650410555293 1018986.2500 -0.1984
-24.3620 80.1615 -38.0535 20.1128 1650410555322 1019015.2500 -0.1984
-24.4339 80.2761 -37.3154 23.1959 1650410555351 1019044.2500 -0.1984
-24.1996 80.7611 -36.9404 15.5054 1650410555380 1019073.2500 -0.1988
-24.5821 80.5180 -35.8645 21.5206 1650410555408 1019102.2500 -0.1989
-24.0421 80.5958 -35.7490 17.2930 1650410555437 1019130.7500 -0.1989
-24.5422 80.4322 -34.7246 19.6244 1650410555466 1019160.0000 -0.1989
-24.7464 80.5589 -33.8819 19.2783 1650410555495 1019189.2500 -0.1989
-24.1125 80.7280 -33.6190 16.5777 1650410555524 1019218.2500 -0.1989
-24.5785 80.4482 -32.7030 17.8629 1650410555553 1019247.2500 -0.1987
-24.1289 80.4824 -32.2051 19.9305 1650410555582 1019276.2500 -0.1984
-23.8281 81.2888 -32.6672 17.2612 1650410555611 1019305.2500 -0.1984
-23.4034 81.1145 -32.5260 15.5673 1650410555640 1019334.2500 -0.1984
-23.2951 81.3556 -32.4980 17.3657 1650410555669 1019363.0000 -0.1984
-23.3199 81.4785 -32.6693 13.5126 1650410555699 1019393.0000 -0.1984
-23.3682 81.3060 -32.3955 15.1585 1650410555727 1019421.2500 -0.1984
-23.4232 81.3487 -32.3488 15.2230 1650410555756 1019449.7500 -0.1984
-23.7688 81.3988 -32.3887 16.2398 1650410555785 1019478.7500 -0.1982
-23.6641 81.4476 -32.6055 22.4606 1650410555814 1019508.0000 -0.1979
-23.5159 81.8143 -32.8855 17.4237 1650410555843 1019536.7500 -0.1979
-23.2400 81.8384 -33.1808 22.9367 1650410555872 1019565.7500 -0.1979
-23.8596 81.4211 -32.5198 22.5809 1650410555901 1019594.7500 -0.1977
-23.8157 81.3773 -32.5859 14.9031 1650410555930 1019623.7500 -0.1974
-23.5696 81.6313 -32.7916 16.6415 1650410555959 1019652.7500 -0.1974
-23.5691 81.4454 -32.8175 19.3142 1650410555987 1019681.7500 -0.1974
-23.4662 81.3565 -32.8628 18.0272 1650410556016 1019710.7500 -0.1974
-23.8320 81.1460 -32.6968 22.2063 1650410556046 1019739.7500 -0.1974
-23.5428 81.5427 -32.5890 27.3650 1650410556075 1019768.7500 -0.1977
-23.1330 81.6080 -33.0715 19.3489 1650410556104 1019797.7500 -0.1979
-23.7270 81.2870 -32.6505 17.9522 1650410556133 1019826.7500 -0.1979
-23.5071 81.1623 -32.5238 18.2082 1650410556162 1019855.7500 -0.1979
-23.6454 81.2774 -32.6363 20.5914 1650410556191 1019884.0000 -0.1982
-23.2683 81.2558 -32.8663 21.5094 1650410556220 1019914.7500 -0.1984
-23.4173 81.3594 -32.7969 19.1802 1650410556248 1019942.2500 -0.1984
-23.4408 81.3402 -32.8163 25.6418 1650410556278 1019971.2500 -0.1984
-23.6088 81.1307 -32.5962 19.2823 1650410556306 1020000.2500 -0.1984
-23.5384 81.2454 -32.5238 21.4990 1650410556335 1020029.2500 -0.1984
-23.4376 81.0347 -32.4977 17.4742 1650410556364 1020058.2500 -0.1984
-23.4683 80.9130 -32.3811 27.1438 1650410556394 1020087.2500 -0.1984
-23.4075 81.1920 -32.4778 19.3950 1650410556422 1020116.2500 -0.1984
-23.5611 81.1943 -32.5134 18.5930 1650410556451 1020146.5000 -0.1984
-23.4771 81.3759 -32.7235 18.3373 1650410556481 1020174.2500 -0.1984
-23.3971 81.0470 -32.7060 18.5513 1650410556510 1020203.2500 -0.1984
-23.5113 81.2640 -32.4979 19.6563 1650410556539 1020233.5000 -0.1984
-23.3978 81.0027 -32.6766 22.1074 1650410556567 1020261.2500 -0.1982
-23.6182 81.4499 -32.4678 20.4275 1650410556597 1020290.2500 -0.1979
-23.3690 81.2647 -32.6429 25.8877 1650410556625 1020319.2500 -0.1979
-23.5938 81.2334 -32.6276 18.1038 1650410556654 1020348.2500 -0.1979
-23.6919 81.1684 -32.4738 27.3525 1650410556683 1020377.2500 -0.1979
-23.3713 81.3801 -32.5809 19.5915 1650410556712 1020406.2500 -0.1979
-23.3882 81.3891 -32.4380 22.9741 1650410556741 1020435.2500 -0.1977
-23.6736 81.0349 -32.1448 21.0159 1650410556770 1020464.2500 -0.1974
-23.5551 81.3855 -32.3888 19.0649 1650410556799 1020493.2500 -0.1974
-23.4750 81.3979 -32.4751 19.7848 1650410556828 1020522.2500 -0.1974
-23.5282 81.0894 -32.2586 22.1334 1650410556858 1020551.0000 -0.1974
-23.5364 81.1775 -32.4547 18.8059 1650410556886 1020580.0000 -0.1974
-23.5092 81.1497 -32.3450 19.2487 1650410556915 1020609.0000 -0.1974
-23.5787 80.9421 -32.6633 27.3804 1650410556944 1020638.0000 -0.1974
-24.2631 79.9093 -32.4247 26.1728 1650410556973 1020666.5000 -0.1974
-23.6825 80.5518 -33.7825 22.0450 1650410557002 1020695.5000 -0.1979
-23.7596 80.1738 -34.3671 25.2302 1650410557031 1020724.7500 -0.1979
-24.0867 80.3448 -34.8013 24.7119 1650410557060 1020753.7500 -0.1979
-23.3626 80.6358 -36.2530 21.3462 1650410557089 1020782.7500 -0.1979
-24.2102 80.1158 -36.5379 27.3053 1650410557118 1020811.7500 -0.1979
-23.5572 80.0066 -37.4728 20.1442 1650410557146 1020840.7500 -0.1979
-24.0337 80.3180 -38.2483 26.4273 1650410557176 1020869.7500 -0.1979
-23.9932 79.8205 -38.6603 24.0162 1650410557204 1020900.2500 -0.1979
-23.7077 80.2883 -39.6576 20.8444 1650410557234 1020928.2500 -0.1979
-24.4166 80.0176 -40.0797 18.8796 1650410557263 1020956.7500 -0.1979
-23.2247 78.4843 -42.0221 13.2689 1650410557292 1020985.5000 -0.1979
-24.1489 80.3739 -41.5737 17.8908 1650410557321 1021014.2500 -0.1979
-23.9206 79.3292 -42.2125 20.5467 1650410557350 1021043.5000 -0.1977
-24.2240 80.1003 -43.2482 15.4286 1650410557379 1021072.2500 -0.1974
-23.8502 79.0986 -44.1413 22.6393 1650410557408 1021101.2500 -0.1974
-21.6579 76.9699 -47.0738 14.3909 1650410557437 1021130.2500 -0.1974
-24.2914 79.9249 -44.8454 21.3298 1650410557465 1021159.2500 -0.1974
-24.2823 79.4039 -45.6819 16.5321 1650410557494 1021188.2500 -0.1974
-24.0127 79.5990 -46.6931 12.4775 1650410557523 1021217.2500 -0.1974
-24.5402 79.4537 -46.7955 17.1025 1650410557552 1021246.2500 -0.1974
-21.7348 76.6028 -50.1835 13.8565 1650410557581 1021275.2500 -0.1974
-24.1159 79.4344 -48.4484 13.2581 1650410557611 1021304.2500 -0.1974
-23.7756 78.5417 -49.6317 14.4319 1650410557640 1021333.2500 -0.1974
-21.1936 75.7737 -52.6990 17.6167 1650410557669 1021362.2500 -0.1974
-18.9099 74.3985 -55.5937 16.2440 1650410557698 1021391.2500 -0.1974
-21.6219 76.8083 -53.2261 16.8206 1650410557726 1021420.2500 -0.1974
-13.6923 68.7069 -61.2786 13.9361 1650410557756 1021448.7500 -0.1974
-21.5463 76.7488 -54.2435 16.4173 1650410557784 1021478.2500 -0.1974
-23.7592 78.9142 -52.7229 19.9665 1650410557813 1021507.2500 -0.1974
-21.6384 76.4680 -55.1756 17.0173 1650410557842 1021536.2500 -0.1974
-19.1936 74.1768 -57.8147 13.7375 1650410557871 1021565.2500 -0.1974
-24.4040 79.9876 -53.1371 18.1196 1650410557900 1021594.2500 -0.1979
-23.8513 78.9946 -53.8762 17.1687 1650410557929 1021623.2500 -0.1979
-23.0788 77.8603 -54.9755 13.7995 1650410557958 1021652.2500 -0.1979
-21.4661 76.2234 -56.8067 12.4506 1650410557987 1021680.7500 -0.1979
-21.7447 76.5984 -56.6873 13.5858 1650410558017 1021709.2500 -0.1979
-21.0513 76.3337 -57.5851 16.7758 1650410558045 1021739.0000 -0.1979
-21.2822 76.1376 -57.6929 14.4769 1650410558074 1021768.7500 -0.1979
-21.1718 76.8022 -57.8227 16.4419 1650410558103 1021796.7500 -0.1979
-21.5295 76.5007 -57.6801 14.0713 1650410558132 1021825.7500 -0.1979
-23.3500 78.4851 -56.2716 18.4333 1650410558161 1021854.7500 -0.1979
-21.3894 76.1319 -58.2414 16.0417 1650410558190 1021883.7500 -0.1977
-23.4961 77.9954 -56.0325 13.3818 1650410558219 1021912.7500 -0.1974
-21.4393 75.6787 -58.2675 14.8994 1650410558248 1021941.7500 -0.1974
-21.4589 75.9591 -58.1235 15.0625 1650410558277 1021970.7500 -0.1974
-21.2504 75.8264 -58.5024 13.0192 1650410558305 1021999.7500 -0.1974
-21.3909 75.7581 -58.2126 16.8179 1650410558335 1022028.7500 -0.1974
-21.0469 75.4491 -58.5155 14.4991 1650410558364 1022057.7500 -0.1972
-21.8160 76.2443 -57.6406 14.9045 1650410558393 1022086.7500 -0.1969
-22.0451 76.1938 -57.3637 13.5927 1650410558422 1022115.5000 -0.1969
-21.6412 75.8383 -57.5064 16.7317 1650410558451 1022144.5000 -0.1969
-21.8475 76.1670 -57.0034 11.9788 1650410558480 1022173.2500 -0.1969
-15.4117 69.3415 -63.2476 13.0446 1650410558509 1022202.0000 -0.1969
-16.6140 70.3759 -61.8080 13.6048 1650410558538 1022230.7500 -0.1969
-19.3424 73.3419 -58.7588 17.3396 1650410558567 1022260.2500 -0.1974
-21.7920 76.3378 -55.9337 15.9784 1650410558596 1022289.2500 -0.1972
-21.3676 76.0595 -56.0891 9.9268 1650410558624 1022318.2500 -0.1969
-21.7812 76.2986 -55.3138 16.0302 1650410558654 1022347.2500 -0.1969
-21.7953 76.3045 -54.6377 17.7086 1650410558682 1022376.2500 -0.1974
-22.0654 76.7504 -54.1440 17.5507 1650410558711 1022405.2500 -0.1974
-21.3041 77.0838 -54.4751 13.7270 1650410558740 1022435.7500 -0.1974
-21.6018 76.4280 -53.5667 14.5156 1650410558770 1022462.2500 -0.1974
-24.7461 79.4772 -49.7964 16.9747 1650410558799 1022492.2500 -0.1979
-24.0774 79.7640 -50.1744 20.1483 1650410558828 1022521.2500 -0.1979
-21.2751 77.8292 -52.5354 15.8550 1650410558857 1022549.5000 -0.1979
-24.8606 79.9864 -48.4155 26.9528 1650410558885 1022579.2500 -0.1979
-24.4656 79.8464 -48.0230 21.1454 1650410558915 1022608.2500 -0.1979
-23.6932 80.4753 -48.4284 14.3475 1650410558943 1022637.2500 -0.1979
-24.9727 80.0921 -46.4191 13.9316 1650410558972 1022666.2500 -0.1979
-24.7942 80.1420 -45.7312 21.1414 1650410559001 1022695.2500 -0.1979
-23.7679 80.1051 -46.1494 18.2917 1650410559030 1022724.2500 -0.1979
-24.8944 80.2205 -44.4466 19.6390 1650410559059 1022753.2500 -0.1979
-24.2799 80.2022 -44.2975 19.6734 1650410559088 1022782.0000 -0.1979
-24.2138 80.1719 -43.7972 16.9899 1650410559117 1022811.0000 -0.1979
-24.9298 79.9964 -42.3800 17.6096 1650410559146 1022840.0000 -0.1977
-24.0982 80.4483 -42.3135 14.7060 1650410559175 1022868.7500 -0.1974
-24.7290 79.9359 -41.3474 21.8726 1650410559204 1022897.7500 -0.1974
-24.5124 80.0155 -40.5658 17.5694 1650410559234 1022926.7500 -0.1974
-24.5236 80.3219 -40.1990 13.9106 1650410559262 1022955.7500 -0.1972
-24.8197 80.2812 -39.1642 18.8143 1650410559291 1022985.2500 -0.1969
-24.3221 80.5871 -39.0146 20.6756 1650410559320 1023013.7500 -0.1969
-24.5753 80.1489 -38.1142 24.3532 1650410559349 1023042.7500 -0.1974
-24.6489 80.5744 -37.2129 18.8953 1650410559378 1023071.7500 -0.1974
-24.2709 80.8271 -36.9440 16.2544 1650410559407 1023100.7500 -0.1974
-24.6203 80.3266 -36.0837 21.0604 1650410559436 1023129.7500 -0.1974
-24.2868 80.8413 -35.6139 16.4903 1650410559465 1023158.7500 -0.1979
-24.5784 80.6346 -34.7319 17.1402 1650410559494 1023187.7500 -0.1979
-24.4147 80.7109 -34.1237 23.4242 1650410559522 1023215.7500 -0.1979
-23.9152 81.0490 -33.9960 15.8095 1650410559552 1023246.7500 -0.1979
-24.5790 80.6694 -32.7390 19.4267 1650410559581 1023274.5000 -0.1979
-24.3674 80.5938 -32.0679 17.6608 1650410559610 1023304.5000 -0.1979
-23.7859 80.8304 -32.3167 18.0814 1650410559639 1023332.2500 -0.1982
-23.1022 81.2253 -32.7248 16.3128 1650410559668 1023361.2500 -0.1984
-23.1023 81.0552 -32.5015 18.5520 1650410559697 1023390.2500 -0.1984
-23.1384 81.9475 -32.7154 17.2020 1650410559726 1023419.2500 -0.1984
-23.2266 81.7174 -32.7671 18.2943 1650410559755 1023448.2500 -0.1987
-23.1481 81.5430 -32.5294 18.2022 1650410559783 1023477.2500 -0.1989
-23.8040 81.3916 -32.3680 16.8542 1650410559813 1023506.2500 -0.1985
-23.3272 81.9079 -32.9199 15.7559 1650410559841 1023535.2500 -0.1984
-23.1868 81.7462 -32.8156 16.0388 1650410559870 1023564.2500 -0.1987
-23.4352 81.9007 -32.8595 19.4273 1650410559899 1023593.2500 -0.1989
-23.6182 81.4945 -32.5937 19.3150 1650410559929 1023622.2500 -0.1987
-23.7949 81.4796 -32.4469 19.6088 1650410559958 1023651.2500 -0.1984
-23.4501 81.8962 -32.8623 23.0930 1650410559987 1023680.2500 -0.1984
-23.4168 81.4541 -32.6545 20.0466 1650410560016 1023709.2500 -0.1984
-23.5852 81.3298 -32.7058 20.3048 1650410560045 1023737.5000 -0.1984
-24.0645 81.0528 -32.2779 22.0392 1650410560074 1023768.2500 -0.1984
-23.9633 81.0034 -32.6220 22.9231 1650410560102 1023796.2500 -0.1982
-23.8014 81.2473 -32.6704 20.3736 1650410560131 1023825.2500 -0.1979
-23.6642 81.7225 -32.7575 16.6558 1650410560160 1023854.2500 -0.1982
-23.9812 81.0779 -32.3063 18.5288 1650410560189 1023883.2500 -0.1984
-23.7506 81.3269 -32.4684 16.4921 1650410560218 1023912.0000 -0.1984
-23.9049 81.4280 -32.3478 20.7979 1650410560247 1023941.0000 -0.1985
-23.9315 81.1427 -32.2754 24.9752 1650410560276 1023970.0000 -0.1984
-24.1201 80.8524 -32.1634 16.0314 1650410560305 1023999.5000 -0.1984
-23.6304 81.4692 -32.3547 24.9520 1650410560334 1024027.5000 -0.1984
-23.7745 81.1306 -32.3630 20.3900 1650410560363 1024056.7500 -0.1984
-23.7162 81.4288 -32.3626 19.1003 1650410560393 1024088.5000 -0.1987
-23.9588 81.2806 -32.3250 19.9256 1650410560421 1024114.7500 -0.1989
-23.8493 81.2678 -32.4216 21.9267 1650410560450 1024143.7500 -0.1989
-23.6633 81.0927 -32.3361 19.5202 1650410560479 1024172.7500 -0.1985
-24.0399 81.1786 -32.1664 24.8545 1650410560508 1024201.7500 -0.1984
-23.8483 80.9596 -32.2424 20.2756 1650410560537 1024230.7500 -0.1987
-23.8630 81.2056 -32.2034 17.2704 1650410560566 1024259.7500 -0.1989
-23.8212 81.1262 -32.4207 17.8797 1650410560595 1024288.7500 -0.1989
-23.8628 81.0221 -32.2648 19.5269 1650410560624 1024317.7500 -0.1989
-23.9162 80.8533 -32.0370 21.1969 1650410560653 1024346.5000 -0.1989
-23.9395 81.0759 -32.3024 19.4429 1650410560682 1024375.5000 -0.1989
-23.7750 81.0469 -32.3712 21.1118 1650410560712 1024404.2500 -0.1985
-23.7043 81.2382 -32.1790 17.4061 1650410560740 1024433.2500 -0.1984
-24.0482 81.1341 -31.8630 18.9410 1650410560769 1024462.2500 -0.1984
-23.8233 81.2563 -32.1842 22.9033 1650410560798 1024491.2500 -0.1984
-23.8165 81.3052 -32.1147 27.1959 1650410560827 1024521.5000 -0.1984
-23.7305 81.1847 -32.1965 17.8258 1650410560856 1024549.0000 -0.1984
-23.9416 81.1071 -31.9476 25.4770 1650410560885 1024578.2500 -0.1984
-23.9628 80.8852 -32.0506 16.6770 1650410560914 1024607.2500 -0.1984
-23.6806 81.4703 -32.4446 18.9932 1650410560942 1024636.2500 -0.1982
-24.4817 80.3659 -31.9380 24.6149 1650410560972 1024665.2500 -0.1979
-24.5137 80.0960 -32.3218 22.4488 1650410561000 1024694.2500 -0.1979
-23.6400 80.2014 -34.0080 21.2050 1650410561029 1024723.2500 -0.1979
-23.7908 80.0796 -34.4814 22.8893 1650410561058 1024752.0000 -0.1979
-24.1182 80.2038 -35.0320 24.0168 1650410561087 1024782.5000 -0.1979
-23.2762 80.3639 -36.3833 22.5653 1650410561116 1024810.2500 -0.1979
-24.1291 79.8277 -36.5390 17.6506 1650410561146 1024839.2500 -0.1979
-23.9292 80.4280 -37.3948 23.3047 1650410561175 1024868.2500 -0.1982
-24.2668 80.5251 -38.0704 18.1416 1650410561204 1024897.2500 -0.1984
-23.7305 79.6874 -39.0723 19.9807 1650410561233 1024926.2500 -0.1984
-24.3168 80.5935 -39.4009 23.0914 1650410561261 1024955.2500 -0.1984
-24.4305 80.1094 -39.7604 24.6710 1650410561291 1024984.2500 -0.1984
-23.2233 79.3258 -41.9116 17.0228 1650410561319 1025013.0000 -0.1984
-24.3507 80.2312 -41.5848 19.0279 1650410561348 1025042.0000 -0.1984
-21.7788 76.8843 -44.7378 18.0048 1650410561377 1025071.0000 -0.1984
-13.4695 69.9684 -53.9707 14.2045 1650410561406 1025099.7500 -0.1984
-23.4559 78.7285 -44.5312 18.2630 1650410561435 1025128.7500 -0.1984
-16.9499 72.6684 -51.9452 14.4864 1650410561464 1025157.7500 -0.1984
-23.4364 79.0416 -45.9288 18.2571 1650410561493 1025186.7500 -0.1984
-23.2510 77.9724 -46.7501 17.4916 1650410561523 1025215.7500 -0.1984
-23.8052 79.1901 -46.9777 19.7563 1650410561552 1025244.7500 -0.1984
-23.1488 78.4469 -48.2362 15.0681 1650410561580 1025273.2500 -0.1984
-22.1820 77.0643 -49.9698 16.2944 1650410561609 1025303.7500 -0.1984
-24.5337 80.0730 -48.2781 17.3137 1650410561638 1025331.7500 -0.1984
-21.7267 76.7826 -51.4227 15.0052 1650410561667 1025360.7500 -0.1982
-30.4615 85.0165 -43.5184 13.4678 1650410561696 1025389.7500 -0.1979
-23.9657 79.7853 -50.2606 12.4803 1650410561725 1025418.7500 -0.1979
-22.9965 78.5828 -52.1082 15.0654 1650410561754 1025447.5000 -0.1979
-20.5817 75.4395 -54.4497 16.0181 1650410561783 1025476.5000 -0.1977
-23.2531 78.2712 -52.7244 18.7110 1650410561812 1025505.5000 -0.1974
-23.7177 79.1886 -52.3750 21.1038 1650410561840 1025535.5000 -0.1974
-19.8324 74.6012 -56.9161 16.2495 1650410561870 1025563.0000 -0.1974
-21.0082 76.3575 -55.8798 14.8546 1650410561899 1025592.2500 -0.1977
-23.0289 78.7105 -54.5282 15.8403 1650410561928 1025621.2500 -0.1979
-23.8072 79.0395 -53.8863 17.4133 1650410561957 1025650.2500 -0.1977
-23.4885 78.3025 -54.4899 13.8030 1650410561986 1025679.2500 -0.1974
-21.2206 76.0213 -56.8974 15.0047 1650410562015 1025708.2500 -0.1974
-23.9930 78.7089 -54.3507 13.8075 1650410562044 1025737.2500 -0.1978
-23.1731 78.3036 -55.6376 13.5219 1650410562073 1025766.2500 -0.1982
-16.5247 71.4140 -62.3523 13.7133 1650410562102 1025795.2500 -0.1984
-17.5088 73.1817 -61.5591 14.4008 1650410562131 1025824.2500 -0.1984
-19.9837 75.4209 -59.1737 13.6138 1650410562159 1025853.2500 -0.1984
-21.2431 76.3711 -58.1005 12.9819 1650410562188 1025882.2500 -0.1984
-21.0237 75.7322 -58.6686 14.7641 1650410562217 1025911.2500 -0.1984
-21.2529 75.5046 -58.5116 14.0206 1650410562246 1025940.2500 -0.1984
-21.5595 75.9704 -58.1230 19.1014 1650410562275 1025969.2500 -0.1984
-21.3872 75.6784 -58.3856 17.0117 1650410562305 1025998.2500 -0.1984
-21.5102 76.0642 -58.1945 16.9019 1650410562334 1026027.2500 -0.1984
-21.4307 75.9958 -58.2101 14.1816 1650410562363 1026056.2500 -0.1984
-21.6843 76.1045 -57.8440 12.7546 1650410562392 1026085.0000 -0.1984
-21.4895 75.9644 -57.8442 13.2657 1650410562420 1026114.0000 -0.1984
-21.8058 76.2290 -57.5558 13.2197 1650410562450 1026143.0000 -0.1982
-21.6566 76.1590 -57.3181 14.0644 1650410562478 1026172.0000 -0.1979
-21.6532 75.9202 -57.2352 12.7312 1650410562507 1026201.0000 -0.1979
-15.2098 68.9858 -63.3317 15.9694 1650410562536 1026229.7500 -0.1979
-22.4022 76.2912 -55.8806 13.8891 1650410562565 1026258.7500 -0.1977
-21.9543 76.0529 -56.0726 15.8690 1650410562594 1026287.7500 -0.1974
-21.6739 76.3570 -55.8015 13.6689 1650410562623 1026316.0000 -0.1974
-21.8827 76.5841 -55.6060 17.0616 1650410562652 1026345.7500 -0.1974
-21.7398 76.2235 -55.2740 13.7062 1650410562682 1026374.7500 -0.1972
-23.6685 77.9924 -52.6821 15.4420 1650410562711 1026403.5000 -0.1969
-21.5805 76.4912 -54.3666 14.2052 1650410562739 1026432.7500 -0.1969
-20.8540 76.9556 -54.8867 15.3678 1650410562769 1026461.7500 -0.1969
-23.1125 78.1540 -51.9202 18.9999 1650410562797 1026490.7500 -0.1969
-25.2370 79.9507 -49.4132 16.7643 1650410562826 1026519.7500 -0.1969
-24.1255 79.7386 -50.1202 17.2722 1650410562855 1026548.7500 -0.1969
-23.3871 79.2226 -50.2903 17.8117 1650410562884 1026577.5000 -0.1974
-24.7155 79.6492 -48.3767 16.9468 1650410562913 1026606.5000 -0.1974
-24.6168 80.1530 -47.8897 19.1474 1650410562942 1026635.2500 -0.1974
-23.3772 79.4283 -48.7884 19.0237 1650410562971 1026664.2500 -0.1974
-24.7967 80.0072 -46.4742 17.7383 1650410562999 1026693.2500 -0.1974
-24.4662 80.1413 -46.2173 25.2255 1650410563029 1026722.2500 -0.1974
-23.9023 80.4798 -46.1977 17.4854 1650410563058 1026751.2500 -0.1978
-24.8024 80.0333 -44.4784 16.7557 1650410563087 1026780.2500 -0.1979
-24.2356 79.9910 -44.3592 17.2271 1650410563116 1026810.7500 -0.1979
-24.4956 80.3762 -43.5800 15.7889 1650410563145 1026839.0000 -0.1979
-24.7215 80.0863 -42.5335 21.2422 1650410563174 1026867.2500 -0.1979
-24.1785 80.6024 -42.5344 17.4151 1650410563203 1026896.2500 -0.1979
-24.5731 79.8313 -41.4355 22.5997 1650410563232 1026925.2500 -0.1979
-24.6616 80.4567 -40.8368 18.6809 1650410563261 1026954.2500 -0.1979
-24.5639 80.6890 -40.2089 14.9978 1650410563290 1026982.7500 -0.1976
-24.8031 80.3268 -39.0523 19.5276 1650410563318 1027012.2500 -0.1974
-24.1347 80.7388 -39.0424 14.1986 1650410563348 1027041.2500 -0.1974
-24.5589 80.4621 -38.0011 18.5383 1650410563376 1027072.5000 -0.1974
-24.4686 80.3944 -37.3203 20.4568 1650410563405 1027100.2500 -0.1974
-24.6941 80.6938 -36.6249 12.6514 1650410563434 1027128.2500 -0.1974
-24.5491 80.5174 -35.8165 20.5425 1650410563464 1027157.0000 -0.1974
-24.2495 80.6582 -35.3060 20.4839 1650410563493 1027186.2500 -0.1974
-24.6439 80.4902 -34.4311 21.1628 1650410563522 1027215.2500 -0.1974
-24.0727 80.8670 -34.0737 21.8896 1650410563551 1027244.0000 -0.1969
-24.0652 80.6741 -33.5872 16.9432 1650410563580 1027273.0000 -0.1969
-24.4144 80.4906 -32.4943 17.0058 1650410563609 1027302.0000 -0.1969
-24.2531 80.7943 -32.2901 17.7130 1650410563637 1027330.7500 -0.1969
-23.6064 80.9747 -32.2700 16.6978 1650410563666 1027359.7500 -0.1969
-23.3890 81.2810 -32.6948 21.7458 1650410563695 1027388.7500 -0.1972
-22.9334 81.5953 -32.6839 19.6832 1650410563724 1027417.7500 -0.1974
-22.9403 81.8715 -32.6070 15.7129 1650410563753 1027446.7500 -0.1974
-23.3200 81.9127 -32.4935 18.1436 1650410563782 1027475.7500 -0.1974
-23.2544 81.5981 -32.5750 18.6372 1650410563811 1027504.7500 -0.1974
-23.3608 81.8443 -32.8296 15.7224 1650410563841 1027533.7500 -0.1977
-23.7202 81.7666 -32.5573 17.7919 1650410563870 1027562.7500 -0.1979
-23.5474 81.6919 -32.5049 21.9646 1650410563898 1027593.0000 -0.1979
-23.4997 81.6145 -32.7690 17.3557 1650410563928 1027620.2500 -0.1979
-23.7056 81.5273 -32.7137 20.1117 1650410563956 1027649.7500 -0.1979
-23.7577 81.5065 -32.4479 22.3052 1650410563985 1027678.5000 -0.1979
-23.7799 81.4211 -32.5339 20.9358 1650410564014 1027707.5000 -0.1979
-23.8636 81.4644 -32.7516 21.3824 1650410564043 1027736.5000 -0.1979
-23.6406 81.5363 -32.8703 18.2419 1650410564072 1027765.2500 -0.1979
-23.3592 81.5751 -32.8922 17.4029 1650410564101 1027794.2500 -0.1979
-23.8756 81.4023 -32.5986 18.5612 1650410564130 1027823.2500 -0.1979
-23.5642 81.6459 -32.8343 17.8798 1650410564159 1027851.7500 -0.1979
-23.8299 81.3527 -32.4787 22.3115 1650410564188 1027881.2500 -0.1977
-23.8903 81.4031 -32.5048 15.7136 1650410564217 1027910.0000 -0.1974
-23.7126 81.1891 -32.4416 18.8534 1650410564246 1027940.2500 -0.1974
-23.5623 81.1500 -32.7527 17.4739 1650410564275 1027968.2500 -0.1974
-23.6650 81.1097 -32.4403 21.6860 1650410564304 1027997.2500 -0.1974
-23.7287 81.5414 -32.5292 15.3854 1650410564333 1028026.2500 -0.1974
-23.7823 81.2929 -32.5777 21.5550 1650410564362 1028055.2500 -0.1972
-23.6650 81.1803 -32.5469 16.2471 1650410564391 1028084.2500 -0.1969
-24.1341 81.1706 -32.4014 15.2339 1650410564420 1028113.2500 -0.1969
-23.6717 81.2517 -32.3667 20.4163 1650410564449 1028142.2500 -0.1969
-23.8872 81.2980 -32.2181 18.3143 1650410564477 1028171.2500 -0.1969
-23.8211 81.3977 -32.1757 21.8196 1650410564507 1028200.2500 -0.1969
-23.7664 81.3913 -32.3281 23.9380 1650410564535 1028229.2500 -0.1969
-23.9887 80.9424 -31.9761 20.8434 1650410564565 1028258.2500 -0.1969
-23.5447 81.3621 -32.5301 20.4100 1650410564594 1028287.2500 -0.1972
-23.5134 81.3078 -32.6747 20.0505 1650410564623 1028316.2500 -0.1974
-23.5859 81.2741 -32.4297 19.8389 1650410564652 514195.7500 -0.1974
-23.6662 81.0895 -32.4477 15.5814 1650410564681 74.5000 -0.1969
-23.4960 81.2300 -32.3895 21.3627 1650410564710 104.0000 -0.1969
-23.7130 81.1225 -32.3588 22.7715 1650410564739 132.7500 -0.1972
-23.7421 81.1667 -32.1776 19.2514 1650410564768 161.7500 -0.1974
-23.7221 81.2731 -32.1850 18.4892 1650410564796 190.7500 -0.1974
-23.7385 81.3431 -32.1681 21.5594 1650410564826 219.7500 -0.1974
-23.6567 81.1801 -32.3542 20.2500 1650410564854 146.7500 -0.1974
-23.7956 81.0397 -32.2181 16.2684 1650410564883 73.7500 -0.1974
-23.8552 81.1366 -32.2734 21.2425 1650410564912 102.2500 -0.1971
-23.8339 81.0315 -32.0707 19.0482 1650410564941 133.0000 -0.1969
-23.9563 80.8699 -32.1589 19.9842 1650410564970 160.7500 -0.1969
-24.3516 80.3263 -32.1158 28.2448 1650410565000 189.2500 -0.1969
-24.5285 79.8374 -32.4347 22.4559 1650410565029 218.7500 -0.1967
-23.5594 80.5114 -34.2146 18.1205 1650410565057 146.7500 -0.1965
-24.0305 80.1189 -34.4101 22.3304 1650410565087 74.5000 -0.1965
-24.1299 80.2902 -35.0278 21.0131 1650410565115 103.0000 -0.1965
-23.4222 80.6017 -36.3813 23.3102 1650410565144 132.5000 -0.1965
-23.8686 79.8687 -36.7956 24.6194 1650410565173 161.2500 -0.1965
-23.7151 80.2021 -37.5425 17.1201 1650410565202 190.2500 -0.1965
-24.0679 80.0753 -38.1513 19.7436 1650410565231 219.2500 -0.1965
-23.6631 79.4526 -39.3425 20.9830 1650410565260 147.2500 -0.1965
-24.0291 80.1805 -39.6342 21.7556 1650410565289 75.2500 -0.1965
-24.1048 79.3325 -40.4231 22.8331 1650410565318 104.2500 -0.1965
-23.9567 79.8583 -41.1919 18.7527 1650410565347 133.2500 -0.1965
-24.6731 80.2595 -41.5326 19.3588 1650410565376 162.2500 -0.1965
-24.0286 79.2794 -42.5420 17.0253 1650410565406 191.2500 -0.1965
-24.4002 80.3373 -42.8929 13.6885 1650410565434 220.0000 -0.1965
-23.9723 78.9548 -44.0576 19.6077 1650410565463 146.7500 -0.1968
-23.6580 79.2630 -45.1513 15.1560 1650410565492 74.2500 -0.1969
-23.9995 78.9111 -45.6163 17.7454 1650410565521 103.2500 -0.1969
-21.7461 76.6624 -48.2723 13.1482 1650410565550 132.2500 -0.1969
-23.5141 79.4069 -47.3388 16.0013 1650410565579 161.2500 -0.1973
-23.8663 78.7109 -47.6263 16.5735 1650410565608 190.2500 -0.1974
-21.8204 76.8128 -50.2613 13.3985 1650410565637 219.2500 -0.1974
-23.7752 79.3290 -48.8206 14.7764 1650410565666 147.2500 -0.1974
-23.7602 78.5880 -49.6019 17.3415 1650410565694 74.5000 -0.1974
-24.2837 78.9357 -49.5579 17.1555 1650410565723 104.0000 -0.1974
-24.1785 79.5784 -50.4835 14.0631 1650410565753 133.2500 -0.1974
-21.5008 76.5898 -53.1906 12.8464 1650410565782 163.0000 -0.1974
-21.9069 76.3708 -53.2789 16.0923 1650410565811 191.0000 -0.1974
-21.2087 76.6561 -54.6790 13.0655 1650410565840 220.0000 -0.1974
-24.1525 79.7801 -52.0422 18.1389 1650410565869 147.2500 -0.1972
-21.6675 76.5592 -55.0068 13.7095 1650410565898 74.7500 -0.1969
-17.2812 72.6175 -60.0106 12.6769 1650410565927 103.7500 -0.1969
-23.8270 79.1195 -53.9333 13.3827 1650410565955 132.7500 -0.1969
-23.9051 79.0052 -54.0304 17.6353 1650410565985 161.7500 -0.1969
-24.2717 79.0939 -53.9699 17.4543 1650410566013 190.7500 -0.1969
-21.6494 76.3856 -56.8359 15.9548 1650410566042 219.5000 -0.1967
-20.9500 75.7488 -57.4704 13.9086 1650410566071 147.2500 -0.1965
-21.2085 76.4434 -57.7227 14.5861 1650410566101 74.7500 -0.1965
-21.2350 76.6345 -57.8201 13.2123 1650410566129 103.7500 -0.1965
-19.9601 75.3995 -59.1118 12.9520 1650410566158 132.7500 -0.1965
-20.8673 76.2546 -58.3638 11.6963 1650410566188 161.7500 -0.1965
-22.8456 77.9522 -56.6378 19.3856 1650410566217 191.5000 -0.1965
-22.0180 76.6481 -57.5658 13.9731 1650410566246 219.2500 -0.1968
-29.4829 83.9665 -50.0580 14.7828 1650410566274 147.2500 -0.1969
-21.7143 76.2227 -57.9790 14.1727 1650410566303 75.2500 -0.1969
-23.3740 78.0019 -56.2948 16.8457 1650410566332 104.2500 -0.1969
-21.4967 76.0471 -58.0070 15.3582 1650410566362 133.2500 -0.1969
-21.5620 75.9745 -58.0031 13.5131 1650410566390 162.2500 -0.1969
-21.7761 76.0243 -57.8706 13.5301 1650410566419 191.2500 -0.1969
-21.2216 75.5760 -58.2884 11.6500 1650410566448 220.0000 -0.1969
-21.7932 76.1297 -57.4984 15.4749 1650410566477 97.5000 -0.1973
-21.8813 76.3185 -57.1044 15.3465 1650410566506 74.2500 -0.1974
-21.7004 76.0965 -56.8574 15.0126 1650410566535 103.0000 -0.1972
-22.2972 75.9768 -56.3790 10.8378 1650410566565 132.0000 -0.1969
-24.1415 78.1356 -54.0922 15.7251 1650410566593 161.2500 -0.1969
-17.7131 71.8082 -60.2091 13.0499 1650410566622 190.2500 -0.1969
-19.7574 74.4094 -57.9979 13.5960 1650410566651 219.2500 -0.1969
-19.2328 73.8601 -58.1008 15.6041 1650410566680 146.7500 -0.1969
-21.7924 76.2231 -55.0217 19.0263 1650410566709 74.2500 -0.1966
-24.8887 79.3043 -51.4628 19.1312 1650410566738 103.2500 -0.1965
-23.2844 78.4687 -52.7107 15.2380 1650410566767 132.2500 -0.1965
-21.1755 77.1267 -54.4040 19.5862 1650410566796 161.2500 -0.1965
-23.8517 78.8775 -51.2065 14.6926 1650410566825 190.2500 -0.1965
-21.5736 76.6554 -52.8156 17.1453 1650410566853 219.2500 -0.1965
-22.9669 79.1214 -51.1443 13.4567 1650410566883 146.7500 -0.1965
-23.3302 78.9630 -50.2673 18.8722 1650410566912 74.0000 -0.1965
-25.1202 80.1801 -47.8986 22.8348 1650410566941 103.0000 -0.1965
-24.6764 80.3871 -47.7591 17.8221 1650410566970 131.7500 -0.1965
-22.8237 78.9698 -48.8656 18.6075 1650410566999 163.5000 -0.1965
-24.5692 79.8225 -46.5867 14.9861 1650410567028 189.7500 -0.1965
-24.3828 79.9795 -46.1221 21.7926 1650410567057 218.7500 -0.1965
-23.6379 79.4303 -46.2667 17.3760 1650410567086 146.7500 -0.1969
-24.9923 80.1171 -44.1741 17.2009 1650410567114 74.7500 -0.1969
-24.4322 80.4947 -44.1283 18.3392 1650410567144 103.7500 -0.1969
-24.6780 80.1399 -43.3393 16.2067 1650410567172 132.7500 -0.1969
-24.8816 80.3893 -42.2557 25.4658 1650410567201 161.7500 -0.1969
-24.2255 80.4309 -42.2388 12.6132 1650410567230 192.0000 -0.1969
-24.8116 80.1335 -41.1544 23.2632 1650410567260 221.0000 -0.1969
-24.4886 80.3379 -40.7578 15.5026 1650410567288 147.2500 -0.1969
-24.4910 80.4179 -40.2117 20.6264 1650410567318 75.7500 -0.1969
-24.7737 80.2865 -39.1024 16.4990 1650410567347 103.5000 -0.1969
-24.0586 81.0507 -38.9412 17.8829 1650410567376 132.5000 -0.1966
-24.6526 80.4897 -37.9057 20.3404 1650410567405 161.2500 -0.1965
-24.3215 80.6205 -37.3756 17.6437 1650410567433 190.2500 -0.1965
-24.2836 80.3523 -36.5019 19.5824 1650410567463 219.2500 -0.1965
-24.5713 80.6239 -35.9280 23.2313 1650410567491 147.2500 -0.1965
-24.1301 80.9829 -35.6074 15.2903 1650410567520 75.2500 -0.1965
-24.2692 80.6404 -34.3644 25.4640 1650410567549 104.2500 -0.1962
-24.2248 80.8061 -34.0567 18.8825 1650410567578 133.2500 -0.1960
-23.7466 80.7503 -33.3881 13.1984 1650410567607 162.2500 -0.1960
-24.4105 80.2819 -32.3602 20.0654 1650410567636 191.2500 -0.1960
-24.1952 81.0371 -32.2949 11.7362 1650410567665 220.2500 -0.1960
-23.6460 81.0044 -32.5042 15.4201 1650410567694 147.7500 -0.1960
-23.3449 81.5780 -32.6607 14.8574 1650410567724 75.2500 -0.1957
-22.7350 81.6485 -32.7316 12.2305 1650410567752 107.0000 -0.1955
-23.2663 81.6656 -32.4000 17.7066 1650410567781 133.0000 -0.1955
-22.8844 82.1574 -32.7723 15.7782 1650410567810 162.2500 -0.1955
-23.1699 81.9823 -32.9100 15.2906 1650410567839 191.2500 -0.1955
-23.3804 81.9666 -32.8722 20.5127 1650410567868 220.2500 -0.1955
-23.7606 81.1038 -32.3726 17.8669 1650410567897 147.7500 -0.1955
-23.4436 81.6590 -32.7769 15.0354 1650410567926 75.2500 -0.1955
-23.6437 81.7884 -32.6042 18.6702 1650410567955 104.2500 -0.1955
-23.7014 81.2462 -32.6756 15.6447 1650410567984 133.2500 -0.1955
-23.6185 81.5166 -32.8720 20.3847 1650410568012 161.2500 -0.1955
-23.6646 81.4307 -32.8960 17.3040 1650410568042 191.0000 -0.1955
-23.7940 81.3215 -32.6103 16.1790 1650410568071 220.0000 -0.1955
-24.0021 81.0749 -32.6253 14.7970 1650410568100 147.0000 -0.1960
-23.8027 81.2683 -32.3469 18.6106 1650410568129 74.7500 -0.1960
-23.6556 81.2385 -32.8189 17.0017 1650410568158 103.7500 -0.1956
-24.0656 81.0955 -32.5196 19.6327 1650410568187 132.7500 -0.1955
-23.6459 81.2357 -32.8587 18.1332 1650410568216 161.7500 -0.1960
-23.4856 81.4703 -32.8298 18.1861 1650410568245 190.7500 -0.1960
-23.6156 81.1273 -32.5062 18.6059 1650410568274 219.7500 -0.1960
-23.7479 81.1239 -32.5016 20.1049 1650410568303 147.2500 -0.1960
-23.8183 81.2112 -32.4804 16.8027 1650410568331 74.7500 -0.1960
-23.7315 81.1565 -32.5581 19.1965 1650410568360 103.7500 -0.1960
-23.7956 80.9850 -32.5846 17.9581 1650410568389 132.7500 -0.1957
-23.6865 81.0505 -32.7626 20.1835 1650410568418 161.7500 -0.1955
-23.7250 81.2348 -32.6343 18.4907 1650410568447 190.5000 -0.1955
-23.9772 80.9091 -32.5460 21.8313 1650410568477 219.5000 -0.1955
-23.6881 80.9018 -32.4935 25.0925 1650410568506 248.0000 -0.1955
-23.9908 80.9091 -32.1139 19.9253 1650410568535 104.0000 -0.1955
-23.4998 81.3272 -32.5018 21.5999 1650410568564 74.2500 -0.1952
-23.7610 81.1503 -32.4139 20.9436 1650410568592 103.2500 -0.1950
-23.7099 81.0924 -32.3973 18.2375 1650410568622 132.2500 -0.1950
-23.5997 81.2424 -32.5746 15.9205 1650410568650 161.2500 -0.1950
-23.4935 81.2147 -32.5675 17.3197 1650410568679 190.2500 -0.1950
-23.5099 81.0523 -32.6089 18.1795 1650410568708 219.2500 -0.1950
-23.3496 81.3201 -32.6239 19.5788 1650410568737 146.7500 -0.1950
-23.6285 81.2276 -32.3704 18.1452 1650410568766 77.0000 -0.1955
-23.5953 81.2646 -32.3406 21.9150 1650410568795 104.2500 -0.1952
-23.7505 81.2283 -32.3143 16.1141 1650410568824 132.2500 -0.1950
-23.8209 81.1102 -32.2729 20.5012 1650410568853 162.2500 -0.1950
-23.7749 81.1710 -32.2714 22.4091 1650410568883 190.2500 -0.1955
-23.5567 81.3115 -32.3155 19.7293 1650410568911 219.2500 -0.1955
-23.6445 81.0819 -32.4094 23.4215 1650410568941 147.2500 -0.1958
-23.3512 81.3137 -32.6232 18.0293 1650410568969 75.2500 -0.1960
-23.3193 81.5579 -32.8414 19.1472 1650410568998 104.2500 -0.1960
-24.2872 80.1625 -32.2835 30.5979 1650410569027 133.2500 -0.1960
-24.4287 79.8777 -32.6723 26.1220 1650410569056 162.2500 -0.1960
-23.2197 80.6960 -34.7726 24.0685 1650410569085 191.2500 -0.1960
-24.0760 80.0597 -34.5016 21.8420 1650410569114 220.0000 -0.1960
-23.8632 80.5178 -35.3716 17.2857 1650410569143 147.7500 -0.1960
-23.5345 80.3624 -36.5962 20.8456 1650410569172 75.0000 -0.1957
-24.3539 80.0907 -36.2384 30.8929 1650410569201 104.0000 -0.1955
-23.8615 80.3545 -37.7138 21.4687 1650410569230 132.7500 -0.1955
-23.9033 79.6574 -38.5188 22.8033 1650410569259 161.7500 -0.1955
-24.0593 80.0301 -39.0219 16.4353 1650410569288 192.0000 -0.1955
-24.6534 80.3644 -39.3626 20.0617 1650410569317 221.0000 -0.1955
-24.0663 79.4434 -40.3821 21.4190 1650410569346 147.2500 -0.1952
-23.7092 79.2228 -41.9558 16.3487 1650410569375 74.7500 -0.1950
-24.2184 79.6204 -41.8660 18.8773 1650410569404 103.7500 -0.1950
-24.6344 80.0544 -41.8713 18.7318 1650410569433 132.7500 -0.1950
-21.2629 77.3028 -46.1172 14.6945 1650410569462 161.7500 -0.1947
-23.1514 78.6792 -44.8665 17.4038 1650410569490 190.7500 -0.1945
-24.8018 80.2313 -44.0561 12.1324 1650410569520 219.7500 -0.1945
-23.7183 79.2187 -45.7780 15.3741 1650410569548 148.5000 -0.1945
-23.6437 78.7123 -46.6390 12.5105 1650410569577 75.5000 -0.1947
-23.7545 79.2033 -47.1951 14.3066 1650410569606 104.5000 -0.1950
-21.8660 76.5540 -49.6597 12.8195 1650410569636 133.0000 -0.1950
-21.6897 76.5366 -50.4740 13.8609 1650410569665 162.2500 -0.1950
-23.0223 78.3991 -49.9392 16.2773 1650410569694 191.2500 -0.1950
-22.6143 77.4471 -50.7178 17.8457 1650410569723 220.2500 -0.1950
-23.6999 78.7025 -50.1593 13.0664 1650410569752 147.2500 -0.1950
-24.3801 80.3836 -49.9562 16.8379 1650410569781 74.2500 -0.1954
-23.7265 78.8682 -51.1989 13.9181 1650410569809 103.2500 -0.1955
-24.3133 79.2417 -51.0848 16.4198 1650410569838 132.2500 -0.1952
-25.1315 80.8665 -50.6858 14.1612 1650410569867 161.2500 -0.1950
-23.8070 78.8742 -52.4587 15.7168 1650410569896 190.2500 -0.1954
-20.9375 76.1091 -55.7589 11.7937 1650410569925 219.2500 -0.1955
-21.2710 76.2015 -56.0815 14.8558 1650410569954 146.7500 -0.1955
-23.6587 79.5218 -53.8874 18.8986 1650410569983 74.2500 -0.1955
-22.6194 77.3986 -55.4088 14.2989 1650410570012 103.2500 -0.1955
-23.6220 78.6332 -54.5338 15.9695 1650410570042 132.2500 -0.1955
-21.1451 76.0822 -57.0442 14.1415 1650410570070 161.0000 -0.1952
-21.7087 76.6186 -57.0778 21.3887 1650410570100 190.2500 -0.1950
-21.2413 76.6166 -57.4909 12.7537 1650410570128 219.2500 -0.1950
-19.7746 75.4627 -59.0856 14.7489 1650410570157 147.2500 -0.1950
-16.4005 72.2895 -62.7099 13.0375 1650410570186 75.2500 -0.1950
-20.6332 75.8600 -58.6280 14.5557 1650410570215 104.2500 -0.1950
-21.1856 76.1205 -58.1704 13.7031 1650410570244 133.0000 -0.1950
-23.6582 78.1458 -55.9843 19.8217 1650410570273 162.0000 -0.1950
-21.6719 76.0700 -58.1017 14.4466 1650410570302 190.7500 -0.1950
-23.7098 77.9719 -55.9971 12.2308 1650410570331 221.0000 -0.1950
-21.6762 76.0851 -57.9739 13.8096 1650410570360 147.2500 -0.1950
-21.6146 76.0576 -58.0423 13.7380 1650410570389 74.2500 -0.1950
-21.5760 75.9938 -58.0035 15.4532 1650410570418 103.7500 -0.1950
-21.5918 76.1201 -58.0267 17.6541 1650410570447 132.7500 -0.1950
-20.6355 74.9342 -58.8062 16.7964 1650410570476 161.7500 -0.1950
-21.4748 76.0950 -57.7509 13.1186 1650410570505 190.7500 -0.1950
-20.8076 75.4062 -57.9839 12.5364 1650410570534 219.7500 -0.1950
-19.5444 73.5758 -59.1875 14.5911 1650410570563 147.2500 -0.1950
-22.1279 75.8820 -56.2957 10.3925 1650410570592 74.7500 -0.1950
-16.7193 70.6286 -61.4162 13.2367 1650410570621 103.7500 -0.1952
-21.8457 76.1340 -56.0891 13.9124 1650410570649 132.7500 -0.1955
-21.6166 76.2309 -56.0950 13.2269 1650410570679 161.5000 -0.1955
-20.5504 75.2201 -56.6791 12.2095 1650410570707 190.5000 -0.1955
-21.9102 76.2686 -54.8174 18.0118 1650410570736 219.2500 -0.1955
-25.6391 79.9784 -50.6926 18.4584 1650410570765 146.7500 -0.1955
-22.7405 77.7430 -53.3312 13.7273 1650410570795 74.2500 -0.1955
-21.4658 76.9591 -54.0667 13.8208 1650410570824 103.0000 -0.1955
-25.5266 80.3392 -49.7108 22.2350 1650410570853 132.0000 -0.1955
-25.3744 80.4809 -49.0828 15.8386 1650410570882 161.2500 -0.1955
-23.1670 78.4862 -51.2033 13.8806 1650410570911 190.2500 -0.1955
-21.7051 76.9771 -51.9162 15.6402 1650410570940 219.2500 -0.1955
-24.9202 79.9440 -47.9436 14.6580 1650410570968 146.7500 -0.1952
-24.3188 80.1887 -48.0967 21.9916 1650410570998 74.2500 -0.1950
-24.2101 80.0800 -47.9880 21.9916 1650410571005 81.5000 -0.1950
