51.1668 -65.5973 -29.3315 49.4184 1685215927245 137.2500 -0.0317
52.1298 -64.8823 -29.0347 77.8065 1685215927278 170.0000 -0.0314
51.6695 -65.1744 -29.9056 71.0860 1685215927310 202.7500 -0.0201
50.9827 -64.7356 -30.2333 59.2834 1685215927343 235.0000 -0.0201
52.0126 -64.3983 -29.8573 55.9471 1685215927376 267.7500 -0.0094
53.1620 -64.1673 -28.1719 68.7110 1685215927409 300.7500 -0.0094
51.9014 -63.7069 -28.5815 82.8489 1685215927441 333.2500 0.0009
50.6699 -62.9232 -29.2130 52.5411 1685215927475 366.2500 0.0009
50.2950 -62.6889 -29.5679 45.9653 1685215927507 398.7500 0.0111
49.8901 -63.5010 -30.1541 49.6101 1685215927539 431.2500 0.0214
49.1898 -64.9998 -29.9969 41.9891 1685215927573 464.2500 0.0214
48.4576 -65.9200 -30.0843 42.5901 1685215927605 496.7500 0.0297
47.4420 -66.9169 -30.2934 40.1369 1685215927637 529.2500 0.0297
46.5354 -67.4230 -31.0351 38.4900 1685215927670 562.0000 0.0360
45.7264 -68.0066 -31.2109 27.1595 1685215927703 594.7500 0.0360
44.6483 -69.1509 -30.2988 36.6339 1685215927735 627.0000 0.0424
45.0254 -69.7822 -30.2787 29.1025 1685215927768 660.2500 0.0477
47.1900 -69.7108 -29.7839 23.9391 1685215927802 352.0000 0.0477
48.6373 -70.3088 -30.4197 25.7125 1685215927834 43.5000 0.0551
48.9340 -70.1728 -30.0202 28.4499 1685215927866 76.2500 0.0551
50.4113 -68.4707 -29.0883 69.5226 1685215927900 109.0000 0.0624
50.9873 -67.4642 -28.9826 44.7011 1685215927932 141.7500 0.0624
51.6495 -67.0713 -29.1946 65.1094 1685215927964 174.2500 0.0648
51.7596 -66.4777 -29.5533 78.8671 1685215927997 207.0000 0.0648
51.1604 -66.3831 -30.6107 45.3490 1685215928030 239.7500 0.0614
51.8832 -66.0057 -29.4630 75.5313 1685215928062 272.2500 0.0492
53.1027 -65.1383 -28.3531 56.5324 1685215928095 305.2500 0.0492
52.1725 -65.1048 -27.9445 59.1155 1685215928128 337.7500 0.0492
51.0032 -63.7523 -28.8333 49.5155 1685215928160 369.5000 0.0302
50.8236 -63.2748 -29.2088 56.6607 1685215928193 403.2500 0.0302
50.2345 -63.9412 -29.2085 45.8169 1685215928227 435.7500 0.0121
49.5500 -64.9256 -29.8198 38.9890 1685215928259 468.5000 0.0121
48.8492 -65.1334 -30.0417 48.5851 1685215928291 501.2500 -0.0065
47.7685 -65.5794 -30.1732 44.1409 1685215928324 534.0000 -0.0065
46.6984 -66.4788 -30.5152 39.6592 1685215928357 566.5000 -0.0280
45.9455 -66.9219 -30.8084 37.0405 1685215928389 599.2500 -0.0453
45.1555 -67.7363 -29.9582 21.7744 1685215928422 632.0000 -0.0509
46.8516 -66.8818 -30.5534 18.3518 1685215928455 664.2500 -0.0744
47.7185 -68.2095 -29.0584 59.7792 1685215928487 697.2500 -0.0744
48.9005 -68.7022 -29.2896 32.3815 1685215928519 25.5000 -0.0963
49.6175 -67.5306 -29.4707 33.3922 1685215928553 58.7500 -0.0963
50.3907 -65.5981 -29.6283 46.9370 1685215928586 91.2500 -0.1164
50.8937 -64.4699 -28.6989 43.3785 1685215928618 124.2500 -0.1164
51.6719 -63.3528 -29.7739 32.9717 1685215928651 156.7500 -0.1349
51.0581 -63.4442 -29.5393 37.5532 1685215928684 189.2500 -0.1394
50.7592 -63.0042 -29.8115 58.9075 1685215928716 222.2500 -0.1530
52.0590 -61.9078 -29.2108 42.7473 1685215928749 254.7500 -0.1706
52.5504 -61.5337 -28.4642 49.1214 1685215928782 287.5000 -0.1857
51.4708 -61.3395 -28.7447 70.5639 1685215928814 320.2500 -0.1857
50.1130 -60.1552 -29.5553 42.2640 1685215928846 352.7500 -0.1979
49.4798 -60.3189 -29.8457 37.0796 1685215928880 385.5000 -0.1979
48.5749 -61.9050 -29.7744 37.8536 1685215928912 418.2500 -0.1979
48.3687 -62.2440 -30.5430 47.4484 1685215928944 450.7500 -0.2077
47.7430 -62.8852 -30.3001 48.6802 1685215928978 482.7500 -0.2184
46.5813 -63.4174 -30.9324 34.0861 1685215929011 516.2500 -0.2184
45.6348 -63.9377 -30.7330 36.2804 1685215929043 549.0000 -0.2277
44.8762 -64.5096 -30.4140 37.4154 1685215929076 581.7500 -0.2277
44.2538 -64.6243 -30.7892 27.4057 1685215929109 614.2500 -0.2355
46.4292 -65.2929 -30.4290 23.4361 1685215929141 647.0000 -0.2355
47.4349 -65.4733 -31.0637 28.5372 1685215929173 679.7500 -0.2424
48.5909 -64.7280 -31.0478 27.9901 1685215929207 712.2500 -0.2424
48.8888 -63.9610 -29.7775 26.4214 1685215929239 32.0000 -0.2453
49.9678 -62.9725 -29.4348 61.9725 1685215929271 64.5000 -0.2447
50.6162 -61.5555 -29.1682 42.6997 1685215929305 97.2500 -0.2429
51.6061 -61.5207 -28.9599 42.8392 1685215929338 130.0000 -0.2421
51.4016 -61.4383 -29.3351 61.8031 1685215929370 162.7500 -0.2414
51.0215 -61.6394 -29.3084 49.9248 1685215929403 195.5000 -0.2414
52.3981 -60.6734 -28.6958 45.7709 1685215929436 228.2500 -0.2394
52.4630 -60.5306 -28.6696 48.5167 1685215929468 261.0000 -0.2389
49.6893 -60.7988 -29.0150 53.9554 1685215929500 293.5000 -0.2389
48.9339 -58.5684 -29.9398 42.7503 1685215929534 326.2500 -0.2370
49.1159 -59.6071 -29.9883 38.3074 1685215929566 359.0000 -0.2370
47.9711 -61.3567 -30.6993 42.5328 1685215929598 391.7500 -0.2306
47.2891 -61.8160 -31.2392 40.6472 1685215929632 424.2500 -0.2306
46.6060 -62.3058 -31.4468 31.2125 1685215929664 457.0000 -0.2253
45.6646 -63.3092 -31.2454 23.2330 1685215929696 489.7500 -0.2253
44.0143 -64.6086 -30.4722 35.0625 1685215929730 522.2500 -0.2204
43.3218 -65.2349 -30.5287 26.8912 1685215929763 554.2500 -0.2131
43.0807 -65.6983 -30.0767 21.5703 1685215929795 587.7500 -0.2131
45.6610 -65.3354 -30.4465 33.0328 1685215929828 620.2500 -0.2067
47.2472 -66.0335 -31.6895 29.4862 1685215929861 653.2500 -0.2067
47.0518 -65.8864 -31.2219 23.5583 1685215929893 185.5000 -0.2023
48.9027 -64.0191 -30.2083 49.0539 1685215929925 51.5000 -0.2023
49.9549 -62.9693 -29.5864 59.4198 1685215929959 84.2500 -0.1974
51.4843 -61.9209 -28.7950 41.9735 1685215929991 116.7500 -0.1974
52.1758 -61.6338 -28.6986 66.8211 1685215930023 149.5000 -0.1926
51.2042 -62.0209 -29.6513 61.7456 1685215930056 181.7500 -0.1926
50.7395 -62.0449 -29.5364 38.1293 1685215930089 215.0000 -0.1901
52.2233 -60.9357 -28.3307 64.2113 1685215930122 247.2500 -0.1901
52.5289 -60.7884 -28.1641 51.5390 1685215930155 280.2500 -0.1901
50.0339 -60.3427 -29.0701 51.7063 1685215930188 313.0000 -0.1901
49.4656 -59.1517 -29.9098 47.8022 1685215930220 345.7500 -0.1926
48.9610 -60.0251 -29.9933 50.7876 1685215930252 378.2500 -0.1955
47.8481 -61.6802 -30.9514 61.9624 1685215930286 411.0000 -0.1955
46.8041 -62.8560 -30.7712 39.1343 1685215930318 443.7500 -0.1984
45.5750 -63.3892 -30.5279 37.2400 1685215930350 476.2500 -0.1984
44.6693 -64.2779 -30.6920 40.4200 1685215930383 509.2500 -0.1989
44.6207 -64.1475 -31.1771 37.4435 1685215930416 541.7500 -0.1989
43.2934 -65.2930 -31.0397 28.2359 1685215930448 574.2500 -0.1979
43.6590 -64.6722 -31.2980 30.4840 1685215930481 607.2500 -0.1977
44.6475 -66.2240 -29.7470 38.4024 1685215930515 639.7500 -0.1969
46.7351 -66.1578 -31.3224 23.6612 1685215930547 506.5000 -0.1984
47.7466 -64.9936 -32.0281 22.8219 1685215930579 42.0000 -0.1984
48.6515 -64.2047 -30.2778 43.9309 1685215930613 75.0000 -0.1999
49.3527 -63.3755 -29.4414 42.1607 1685215930645 107.5000 -0.1999
51.4062 -62.1069 -28.5592 51.2838 1685215930677 140.2500 -0.2009
51.5446 -62.0415 -28.8347 52.5482 1685215930711 173.0000 -0.2009
50.6899 -62.2466 -29.5368 64.5654 1685215930743 205.7500 -0.2028
50.7665 -61.5839 -29.6286 48.5196 1685215930775 238.2500 -0.2028
52.3150 -60.8453 -28.0835 64.1849 1685215930808 271.0000 -0.2009
52.1065 -60.5557 -28.7569 64.1125 1685215930841 303.7500 -0.1969
50.0606 -59.7335 -29.7556 34.5186 1685215930873 336.0000 -0.1969
49.1142 -59.6382 -29.3764 48.6205 1685215930906 369.0000 -0.1896
48.7573 -60.7040 -29.6851 65.0295 1685215930940 401.0000 -0.1896
47.9520 -62.4334 -30.1543 49.1305 1685215930972 434.2500 -0.1764
46.9439 -63.2600 -30.8889 45.5823 1685215931004 467.2500 -0.1764
46.2711 -63.9784 -31.2698 48.0485 1685215931038 499.7500 -0.1628
45.1719 -64.9567 -30.9209 46.8518 1685215931070 532.5000 -0.1462
44.6935 -65.5166 -31.2105 34.6381 1685215931102 565.2500 -0.1462
43.5328 -66.6476 -30.9340 36.1046 1685215931135 597.7500 -0.1291
43.3813 -66.8980 -30.3305 27.1655 1685215931168 630.5000 -0.1291
45.7584 -67.0460 -29.0961 39.5701 1685215931200 663.2500 -0.1120
46.9551 -67.9126 -31.6234 32.3587 1685215931233 189.7500 -0.1120
47.6336 -67.6919 -31.0541 37.6561 1685215931266 53.7500 -0.0954
49.3364 -65.7596 -30.4980 68.0050 1685215931299 86.2500 -0.0954
50.9193 -65.0923 -29.9275 45.7735 1685215931331 119.0000 -0.0783
51.7996 -64.3809 -29.2055 42.4232 1685215931365 151.2500 -0.0783
52.0256 -64.1157 -29.3942 77.4788 1685215931397 184.2500 -0.0636
51.2824 -64.1133 -30.0606 73.2293 1685215931429 217.0000 -0.0509
51.7186 -63.4984 -29.5399 55.5341 1685215931462 249.7500 -0.0509
52.8758 -63.0952 -28.2597 77.8854 1685215931495 282.2500 -0.0387
52.4899 -63.2973 -28.5633 57.1900 1685215931527 315.2500 -0.0387
50.5191 -62.4363 -29.4470 69.9770 1685215931560 347.7500 -0.0270
50.2950 -61.3686 -29.8009 51.1480 1685215931593 380.5000 -0.0270
49.5442 -62.8018 -29.9456 53.2073 1685215931625 413.2500 -0.0270
48.9897 -63.7508 -30.3481 48.9377 1685215931657 445.5000 -0.0148
48.5163 -64.8255 -30.6918 37.6492 1685215931692 478.5000 -0.0031
47.0786 -65.6093 -31.1765 46.8251 1685215931724 511.0000 -0.0031
46.4832 -66.5331 -31.5068 41.4135 1685215931756 544.0000 0.0062
45.3151 -67.5063 -31.4904 36.4937 1685215931789 576.5000 0.0062
44.8914 -68.0157 -31.2897 25.3589 1685215931822 609.2500 0.0165
44.4241 -68.3377 -30.8829 23.7484 1685215931854 642.0000 0.0189
47.0427 -68.9730 -28.3231 32.3565 1685215931887 674.7500 0.0263
48.2025 -70.0181 -30.0878 25.2185 1685215931920 33.2500 0.0263
48.5678 -70.0803 -29.9549 31.9568 1685215931952 66.0000 0.0346
50.5983 -68.1974 -30.0861 50.6778 1685215931984 98.7500 0.0433
51.0660 -66.9414 -29.3446 55.6589 1685215932018 131.2500 0.0433
51.5991 -66.9565 -29.0368 58.8063 1685215932050 164.2500 0.0521
51.9941 -66.2262 -29.3950 78.7891 1685215932083 196.7500 0.0521
51.3314 -66.1781 -30.0840 48.9724 1685215932116 229.2500 0.0551
