-23.7769 78.9628 -29.6477 0.0000 1650410335435 799120.0000 -0.1994
-23.7769 78.9628 -29.6477 0.0000 1650410335487 799174.0000 -0.1989
-23.7769 78.9628 -29.6477 0.0000 1650410335541 799228.0000 -0.1994
-23.7769 78.9628 -29.6477 0.0000 1650410335595 799282.0000 -0.1989
-23.7769 78.9628 -29.6477 0.0000 1650410335650 799335.0000 -0.1994
-23.7769 78.9628 -29.6477 0.0000 1650410335704 799389.0000 -0.1994
-23.7769 78.9628 -29.6477 0.0000 1650410335758 799443.0000 -0.1994
-23.7769 78.9628 -29.6477 0.0000 1650410335812 799497.0000 -0.1989
-23.7769 78.9628 -29.6477 0.0000 1650410335866 799551.0000 -0.1989
-23.7769 78.9628 -29.6477 0.0000 1650410335920 799605.0000 -0.1989
-23.7769 78.9628 -29.6477 0.0000 1650410335974 799659.0000 -0.1989
-23.7769 78.9628 -29.6477 0.0000 1650410336029 799713.0000 -0.1984
-23.7769 78.9628 -29.6477 0.0000 1650410336083 799767.0000 -0.1984
-23.7769 78.9628 -29.6477 0.0000 1650410336135 799821.0000 -0.1984
-23.7769 78.9628 -29.6477 0.0000 1650410336189 799875.0000 -0.1989
-23.7769 78.9628 -29.6477 0.0000 1650410336243 799929.0000 -0.1994
-23.7769 78.9628 -29.6477 0.0000 1650410336297 799983.0000 -0.1989
-23.7769 78.9628 -29.6477 0.0000 1650410336351 800037.0000 -0.1989
-23.7769 78.9628 -29.6477 0.0000 1650410336405 800091.0000 -0.1984
-23.7769 78.9628 -29.6477 0.0000 1650410336460 800145.0000 -0.1989
-23.7769 78.9628 -29.6477 0.0000 1650410336514 800199.0000 -0.1989
-24.3640 78.9628 -29.6477 0.0000 1650410336568 800253.0000 -0.1984
-24.3640 78.9628 -29.6477 0.0000 1650410336622 800307.0000 -0.1989
-23.7769 78.9628 -29.6477 0.0000 1650410336676 800361.0000 -0.1984
-24.3640 78.9628 -29.6477 0.0000 1650410336728 800415.0000 -0.1989
-24.3640 78.9628 -29.6477 0.0000 1650410336783 800469.0000 -0.1994
-23.7769 78.9628 -29.6477 0.0000 1650410336837 800523.0000 -0.1989
-23.7769 78.9628 -29.6477 0.0000 1650410336891 800577.0000 -0.1989
-23.7769 78.9628 -29.6477 0.0000 1650410336945 800631.0000 -0.1984
-23.7769 78.9628 -29.6477 0.0000 1650410336999 800684.0000 -0.1989
-23.7769 78.9628 -29.6477 0.0000 1650410337053 800738.0000 -0.1989
-24.3640 78.9628 -29.6477 0.0000 1650410337107 800792.0000 -0.1984
-23.7769 78.9628 -29.6477 0.0000 1650410337161 800846.0000 -0.1989
-23.7769 78.9628 -29.6477 0.0000 1650410337216 800900.0000 -0.1989
-24.3640 78.9628 -29.6477 0.0000 1650410337270 800954.0000 -0.1989
-23.7769 78.9628 -29.6477 0.0000 1650410337324 801008.0000 -0.1989
-23.7769 78.9628 -30.2348 0.0000 1650410337376 801062.0000 -0.1989
-23.7769 78.3757 -29.0607 0.0000 1650410337430 801116.0000 -0.1984
-23.7769 78.9628 -25.5382 0.0000 1650410337484 801170.0000 -0.1984
-23.7769 78.9628 -24.3640 0.0000 1650410337538 801224.0000 -0.1989
-23.7769 78.9628 -25.5382 0.0000 1650410337593 801278.0000 -0.1989
-23.7769 78.9628 -24.3640 0.0000 1650410337647 801332.0000 -0.1984
-23.7769 78.9628 -24.3640 0.0000 1650410337701 801386.0000 -0.1984
-23.7769 78.9628 -22.0157 0.0000 1650410337755 801440.0000 -0.1984
-23.7769 78.9628 -22.0157 0.0000 1650410337809 801494.0000 -0.1989
-23.7769 78.9628 -24.3640 0.0000 1650410337863 801548.0000 -0.1989
-23.7769 78.9628 -22.0157 0.0000 1650410337918 801602.0000 -0.1984
-23.7769 78.9628 -22.0157 0.0000 1650410337970 801656.0000 -0.1984
-23.7769 78.9628 -22.0157 0.0000 1650410338024 801710.0000 -0.1984
-23.7769 78.9628 -22.0157 0.0000 1650410338078 801764.0000 -0.1989
-23.7769 78.9628 -22.0157 0.0000 1650410338132 801818.0000 -0.1984
-23.7769 78.9628 -22.0157 0.0000 1650410338186 801872.0000 -0.1984
-23.7769 78.9628 -22.0157 0.0000 1650410338240 801926.0000 -0.1984
-23.7769 78.9628 -22.0157 0.0000 1650410338294 801980.0000 -0.1984
-23.7769 78.9628 -22.0157 0.0000 1650410338348 802033.0000 -0.1984
-23.7769 78.9628 -22.0157 0.0000 1650410338403 802087.0000 -0.1984
-23.7769 78.9628 -22.0157 0.0000 1650410338457 802141.0000 -0.1984
-23.7769 78.9628 -22.0157 0.0000 1650410338511 802195.0000 -0.1984
-23.7769 78.9628 -22.0157 0.0000 1650410338565 802249.0000 -0.1984
-23.7769 78.9628 -22.0157 0.0000 1650410338617 802303.0000 -0.1984
-23.7769 78.9628 -22.0157 0.0000 1650410338672 802357.0000 -0.1984
-23.7769 78.9628 -22.0157 0.0000 1650410338726 802411.0000 -0.1979
-23.7769 78.9628 -22.0157 0.0000 1650410338780 802465.0000 -0.1979
-23.7769 78.9628 -22.0157 0.0000 1650410338834 802519.0000 -0.1979
-23.7769 78.9628 -22.0157 0.0000 1650410338888 802573.0000 -0.1984
-23.7769 78.9628 -22.0157 0.0000 1650410338942 802627.0000 -0.1984
-23.7769 78.9628 -22.0157 0.0000 1650410338996 802681.0000 -0.1979
-23.7769 78.9628 -23.1898 0.0000 1650410339050 802735.0000 -0.1979
-23.7769 78.9628 -26.7123 0.0000 1650410339104 802789.0000 -0.1984
-23.7769 78.9628 -27.8865 0.0000 1650410339159 802843.0000 -0.1984
-23.7769 78.9628 -29.0607 0.0000 1650410339211 802897.0000 -0.1984
-23.7769 78.9628 -30.2348 0.0000 1650410339265 802951.0000 -0.1979
-23.7769 78.9628 -31.4090 0.0000 1650410339319 803005.0000 -0.1979
-23.7769 78.3757 -30.8219 0.0000 1650410339373 803059.0000 -0.1979
-23.7769 78.3757 -34.3444 0.0000 1650410339427 803113.0000 -0.1984
-23.7769 78.3757 -35.5186 0.0000 1650410339481 803167.0000 -0.1984
-24.3640 78.3757 -36.6928 0.0000 1650410339536 803221.0000 -0.1979
-24.3640 78.3757 -37.8669 0.0000 1650410339590 803275.0000 -0.1979
-24.3640 78.3757 -39.0411 0.0000 1650410339644 803329.0000 -0.1979
-24.3640 78.3757 -40.2153 0.0000 1650410339698 803382.0000 -0.1984
-24.3640 78.3757 -41.3894 0.0000 1650410339752 803436.0000 -0.1979
-24.3640 78.3757 -40.2153 0.0000 1650410339804 803490.0000 -0.1979
-24.3640 78.3757 -43.1507 0.0000 1650410339858 803544.0000 -0.1979
-24.3640 78.3757 -41.9765 0.0000 1650410339913 803598.0000 -0.1979
-24.3640 78.3757 -42.5636 0.0000 1650410339967 803652.0000 -0.1979
-24.3640 78.3757 -43.1507 0.0000 1650410340021 803706.0000 -0.1979
-24.3640 78.3757 -43.7378 0.0000 1650410340075 803760.0000 -0.1979
-23.7769 78.3757 -44.3249 0.0000 1650410340129 803814.0000 -0.1979
-24.3640 77.7886 -46.6732 0.0000 1650410340183 803868.0000 -0.1979
-24.3640 78.3757 -44.3249 0.0000 1650410340237 803922.0000 -0.1979
-24.3640 78.3757 -44.9119 0.0000 1650410340291 803976.0000 -0.1974
-24.3640 77.7886 -46.6732 0.0000 1650410340346 804030.0000 -0.1974
-24.3640 77.7886 -46.6732 0.0000 1650410340400 804084.0000 -0.1974
-24.3640 77.7886 -44.3249 0.0000 1650410340452 804138.0000 -0.1969
-24.3640 78.3757 -44.3249 0.0000 1650410340506 804192.0000 -0.1974
-24.3640 78.3757 -43.7378 0.0000 1650410340560 804246.0000 -0.1974
-24.3640 78.3757 -43.1507 0.0000 1650410340615 804300.0000 -0.1965
-23.7769 78.3757 -42.5636 0.0000 1650410340669 804354.0000 -0.1965
-23.7769 78.3757 -44.3249 0.0000 1650410340723 804408.0000 -0.1969
-23.7769 78.3757 -41.3894 0.0000 1650410340777 804462.0000 -0.1969
-23.7769 78.3757 -40.2153 0.0000 1650410340831 804516.0000 -0.1965
-23.7769 78.3757 -41.3894 0.0000 1650410340885 804570.0000 -0.1965
-23.7769 78.3757 -38.4540 0.0000 1650410340939 804624.0000 -0.1965
-23.7769 78.3757 -37.2798 0.0000 1650410340993 804678.0000 -0.1965
-23.7769 78.3757 -36.1057 0.0000 1650410341045 804731.0000 -0.1969
-23.7769 78.3757 -34.9315 0.0000 1650410341100 804785.0000 -0.1969
-23.7769 78.3757 -33.7573 0.0000 1650410341154 804839.0000 -0.1969
-23.7769 78.3757 -32.5832 0.0000 1650410341208 804893.0000 -0.1965
-23.7769 78.9628 -31.4090 0.0000 1650410341262 804947.0000 -0.1969
-23.7769 78.9628 -30.2348 0.0000 1650410341316 805001.0000 -0.1974
-23.7769 78.9628 -29.0607 0.0000 1650410341370 805055.0000 -0.1969
-23.7769 78.9628 -27.2994 0.0000 1650410341424 805109.0000 -0.1965
-23.7769 78.9628 -26.1252 0.0000 1650410341478 805163.0000 -0.1969
-23.7769 78.9628 -24.9511 0.0000 1650410341533 805217.0000 -0.1969
-23.7769 78.9628 -23.7769 0.0000 1650410341587 805271.0000 -0.1974
-23.7769 78.9628 -22.6027 0.0000 1650410341641 805325.0000 -0.1965
-23.7769 78.9628 -22.0157 0.0000 1650410341693 805379.0000 -0.1965
-23.7769 78.9628 -22.0157 0.0000 1650410341747 805433.0000 -0.1965
-23.7769 78.9628 -22.0157 0.0000 1650410341801 805487.0000 -0.1969
-23.7769 78.9628 -24.3640 0.0000 1650410341856 805541.0000 -0.1969
-23.7769 78.9628 -24.3640 0.0000 1650410341910 805595.0000 -0.1965
-23.7769 78.9628 -24.3640 0.0000 1650410341964 805649.0000 -0.1965
-23.7769 78.9628 -24.3640 0.0000 1650410342018 805703.0000 -0.1965
-23.7769 78.9628 -24.3640 0.0000 1650410342072 805757.0000 -0.1969
-23.7769 78.9628 -22.0157 0.0000 1650410342126 805811.0000 -0.1969
-23.7769 78.9628 -22.0157 0.0000 1650410342180 805865.0000 -0.1969
-23.7769 78.9628 -22.0157 0.0000 1650410342235 805919.0000 -0.1969
-23.7769 78.9628 -22.0157 0.0000 1650410342287 805973.0000 -0.1969
-23.7769 78.9628 -22.0157 0.0000 1650410342341 806027.0000 -0.1969
-23.7769 78.9628 -22.0157 0.0000 1650410342395 806080.0000 -0.1969
-23.7769 78.9628 -22.0157 0.0000 1650410342449 806134.0000 -0.1965
-23.7769 78.9628 -22.0157 0.0000 1650410342503 806188.0000 -0.1960
-23.7769 78.9628 -22.0157 0.0000 1650410342557 806242.0000 -0.1960
-23.7769 78.9628 -22.0157 0.0000 1650410342612 806296.0000 -0.1965
-23.7769 78.9628 -22.0157 0.0000 1650410342666 806350.0000 -0.1965
-23.7769 78.9628 -22.0157 0.0000 1650410342720 806404.0000 -0.1965
-23.7769 78.9628 -22.0157 0.0000 1650410342774 806458.0000 -0.1965
-23.7769 78.9628 -22.0157 0.0000 1650410342828 806512.0000 -0.1965
-23.7769 78.9628 -22.0157 0.0000 1650410342882 806566.0000 -0.1965
-23.7769 78.9628 -24.3640 0.0000 1650410342934 806620.0000 -0.1965
-23.7769 78.9628 -22.0157 0.0000 1650410342988 806674.0000 -0.1960
-23.7769 78.9628 -22.6027 0.0000 1650410343043 806728.0000 -0.1960
-23.7769 78.9628 -23.7769 0.0000 1650410343097 806782.0000 -0.1960
-23.7769 78.9628 -27.2994 0.0000 1650410343151 806836.0000 -0.1965
-23.7769 78.9628 -28.4736 0.0000 1650410343205 806890.0000 -0.1965
-23.7769 78.9628 -29.6477 0.0000 1650410343259 806944.0000 -0.1965
-23.7769 78.9628 -30.8219 0.0000 1650410343313 806998.0000 -0.1960
-23.7769 78.9628 -31.9961 0.0000 1650410343367 807052.0000 -0.1960
-23.7769 78.3757 -33.7573 0.0000 1650410343421 807106.0000 -0.1965
-23.7769 78.3757 -34.9315 0.0000 1650410343476 807160.0000 -0.1969
-23.7769 78.3757 -36.1057 0.0000 1650410343528 807214.0000 -0.1965
-24.3640 78.3757 -37.2798 0.0000 1650410343582 807268.0000 -0.1965
-24.3640 78.3757 -38.4540 0.0000 1650410343636 807322.0000 -0.1965
-24.3640 78.3757 -39.6282 0.0000 1650410343690 807376.0000 -0.1969
-24.3640 78.3757 -40.8023 0.0000 1650410343745 807430.0000 -0.1974
-24.3640 78.3757 -41.9765 0.0000 1650410343799 807483.0000 -0.1969
-24.3640 78.3757 -40.8023 0.0000 1650410343853 807537.0000 -0.1969
-24.3640 78.3757 -41.3894 0.0000 1650410343907 807591.0000 -0.1969
-24.3640 78.3757 -41.9765 0.0000 1650410343961 807645.0000 -0.1969
-24.3640 78.3757 -42.5636 0.0000 1650410344015 807699.0000 -0.1969
-24.3640 78.3757 -43.7378 0.0000 1650410344069 807753.0000 -0.1965
-24.3640 78.3757 -43.7378 0.0000 1650410344123 807807.0000 -0.1965
-24.3640 77.7886 -44.3249 0.0000 1650410344175 807861.0000 -0.1965
-24.3640 78.3757 -44.3249 0.0000 1650410344230 807915.0000 -0.1969
-24.3640 78.3757 -46.6732 0.0000 1650410344284 807969.0000 -0.1969
-24.3640 78.3757 -46.6732 0.0000 1650410344338 808023.0000 -0.1969
-24.3640 78.3757 -46.6732 0.0000 1650410344392 808077.0000 -0.1965
-24.3640 78.3757 -44.9119 0.0000 1650410344446 808131.0000 -0.1965
-24.3640 78.3757 -46.6732 0.0000 1650410344500 808185.0000 -0.1969
-24.3640 78.3757 -46.0861 0.0000 1650410344555 808239.0000 -0.1965
-24.3640 78.3757 -45.4990 0.0000 1650410344609 808293.0000 -0.1960
-24.3640 78.3757 -43.1507 0.0000 1650410344663 808347.0000 -0.1965
-24.3640 78.3757 -44.3249 0.0000 1650410344717 808401.0000 -0.1965
-23.7769 78.3757 -41.3894 0.0000 1650410344769 808455.0000 -0.1965
-23.7769 78.3757 -40.8023 0.0000 1650410344823 808509.0000 -0.1969
-23.7769 78.3757 -41.9765 0.0000 1650410344877 808563.0000 -0.1965
-23.7769 78.3757 -40.8023 0.0000 1650410344932 808617.0000 -0.1965
-23.7769 78.3757 -40.2153 0.0000 1650410344986 808671.0000 -0.1965
-23.7769 78.3757 -36.6928 0.0000 1650410345040 808725.0000 -0.1969
-23.7769 78.3757 -35.5186 0.0000 1650410345094 808779.0000 -0.1965
-23.7769 78.3757 -34.3444 0.0000 1650410345148 808832.0000 -0.1965
-23.7769 78.3757 -33.1703 0.0000 1650410345202 808886.0000 -0.1960
-23.7769 78.3757 -34.3444 0.0000 1650410345256 808940.0000 -0.1960
-23.7769 78.9628 -30.8219 0.0000 1650410345310 808994.0000 -0.1965
-23.7769 78.9628 -29.6477 0.0000 1650410345363 809048.0000 -0.1969
-23.7769 78.9628 -27.8865 0.0000 1650410345417 809102.0000 -0.1965
-23.7769 78.9628 -26.7123 0.0000 1650410345471 809156.0000 -0.1965
-23.7769 78.9628 -25.5382 0.0000 1650410345525 809210.0000 -0.1965
-23.7769 78.9628 -24.3640 0.0000 1650410345579 809264.0000 -0.1965
-23.7769 78.9628 -23.1898 0.0000 1650410345633 809318.0000 -0.1969
-23.7769 78.9628 -22.0157 0.0000 1650410345687 809372.0000 -0.1960
-23.7769 78.9628 -22.0157 0.0000 1650410345741 809426.0000 -0.1965
-23.7769 78.9628 -22.0157 0.0000 1650410345796 809480.0000 -0.1965
-23.7769 78.9628 -24.3640 0.0000 1650410345850 809534.0000 -0.1969
-23.7769 78.9628 -22.0157 0.0000 1650410345904 809588.0000 -0.1969
-23.7769 78.9628 -24.3640 0.0000 1650410345958 809642.0000 -0.1969
-23.7769 78.9628 -24.3640 0.0000 1650410346010 809696.0000 -0.1965
-23.7769 78.9628 -24.3640 0.0000 1650410346064 809750.0000 -0.1965
-23.7769 78.9628 -24.3640 0.0000 1650410346118 809804.0000 -0.1969
-23.7769 78.9628 -24.3640 0.0000 1650410346173 809858.0000 -0.1965
-23.7769 78.9628 -24.3640 0.0000 1650410346227 809912.0000 -0.1965
-23.7769 78.9628 -24.3640 0.0000 1650410346281 809966.0000 -0.1965
-23.7769 78.9628 -24.3640 0.0000 1650410346335 810020.0000 -0.1965
-23.7769 78.9628 -24.3640 0.0000 1650410346389 810074.0000 -0.1969
-23.7769 78.9628 -24.3640 0.0000 1650410346444 810128.0000 -0.1969
-23.7769 78.9628 -22.0157 0.0000 1650410346497 810181.0000 -0.1965
-23.7769 78.9628 -22.0157 0.0000 1650410346552 810235.0000 -0.1965
-23.7769 78.9628 -22.0157 0.0000 1650410346604 810289.0000 -0.1969
-23.7769 78.9628 -22.0157 0.0000 1650410346658 810343.0000 -0.1969
-23.7769 78.9628 -24.3640 0.0000 1650410346712 810397.0000 -0.1969
-23.7769 78.9628 -22.0157 0.0000 1650410346766 810451.0000 -0.1965
-23.7769 78.9628 -22.0157 0.0000 1650410346820 810505.0000 -0.1965
-23.7769 78.9628 -22.0157 0.0000 1650410346874 810559.0000 -0.1969
-23.7769 78.9628 -22.0157 0.0000 1650410346929 810613.0000 -0.1969
-23.7769 78.9628 -22.0157 0.0000 1650410346983 810667.0000 -0.1969
-23.7769 78.9628 -24.3640 0.0000 1650410347037 810721.0000 -0.1969
-23.7769 78.9628 -23.1898 0.0000 1650410347091 810775.0000 -0.1965
-23.7769 78.9628 -24.3640 0.0000 1650410347145 810829.0000 -0.1969
-23.7769 78.9628 -27.8865 0.0000 1650410347199 810883.0000 -0.1974
-23.7769 78.9628 -29.0607 0.0000 1650410347251 810937.0000 -0.1969
-23.7769 78.9628 -30.2348 0.0000 1650410347305 810991.0000 -0.1969
-23.7769 78.3757 -31.4090 0.0000 1650410347360 811045.0000 -0.1969
-23.7769 78.9628 -32.5832 0.0000 1650410347414 811099.0000 -0.1969
-23.7769 78.3757 -34.3444 0.0000 1650410347468 811153.0000 -0.1974
-23.7769 78.3757 -35.5186 0.0000 1650410347522 811207.0000 -0.1974
-23.7769 78.3757 -36.6928 0.0000 1650410347576 811261.0000 -0.1974
-24.3640 78.3757 -37.8669 0.0000 1650410347631 811315.0000 -0.1969
-24.3640 78.3757 -39.0411 0.0000 1650410347685 811369.0000 -0.1974
-24.3640 78.3757 -40.2153 0.0000 1650410347739 811423.0000 -0.1979
-24.3640 78.3757 -41.3894 0.0000 1650410347793 811477.0000 -0.1974
-24.3640 78.3757 -42.5636 0.0000 1650410347845 811530.0000 -0.1969
-24.3640 78.3757 -43.1507 0.0000 1650410347899 811584.0000 -0.1969
-24.3640 78.3757 -41.9765 0.0000 1650410347953 811638.0000 -0.1969
-24.3640 78.3757 -44.9119 0.0000 1650410348007 811692.0000 -0.1974
-24.3640 78.3757 -43.1507 0.0000 1650410348062 811746.0000 -0.1974
-27.2994 78.3757 -43.7378 0.0000 1650410348116 811800.0000 -0.1969
-24.3640 78.3757 -43.7378 0.0000 1650410348170 811854.0000 -0.1969
-24.3640 77.7886 -44.3249 0.0000 1650410348224 811908.0000 -0.1974
-24.9511 78.3757 -46.6732 0.0000 1650410348278 811962.0000 -0.1974
-24.3640 78.3757 -46.6732 0.0000 1650410348332 812016.0000 -0.1969
-24.3640 78.3757 -46.6732 0.0000 1650410348386 812070.0000 -0.1969
-24.3640 77.7886 -46.6732 0.0000 1650410348440 812124.0000 -0.1969
-24.3640 77.7886 -44.3249 0.0000 1650410348493 812178.0000 -0.1974
-24.3640 78.3757 -44.3249 0.0000 1650410348547 812232.0000 -0.1974
-24.3640 78.3757 -43.7378 0.0000 1650410348601 812286.0000 -0.1974
-24.3640 78.3757 -45.4990 0.0000 1650410348655 812340.0000 -0.1974
-23.7769 78.3757 -42.5636 0.0000 1650410348709 812394.0000 -0.1969
-23.7769 78.3757 -44.3249 0.0000 1650410348763 812448.0000 -0.1974
-23.7769 78.3757 -43.1507 0.0000 1650410348817 812502.0000 -0.1974
-23.7769 78.3757 -42.5636 0.0000 1650410348872 812556.0000 -0.1974
-23.7769 78.3757 -41.3894 0.0000 1650410348926 812610.0000 -0.1974
-23.7769 78.3757 -38.4540 0.0000 1650410348980 812664.0000 -0.1974
-23.7769 78.3757 -39.6282 0.0000 1650410349034 812718.0000 -0.1974
-23.7769 78.3757 -36.1057 0.0000 1650410349086 812772.0000 -0.1979
-23.7769 78.3757 -37.2798 0.0000 1650410349141 812826.0000 -0.1979
-23.7769 78.3757 -36.1057 0.0000 1650410349194 812879.0000 -0.1974
-23.7769 78.3757 -32.5832 0.0000 1650410349248 812933.0000 -0.1974
-23.7769 78.3757 -31.4090 0.0000 1650410349303 812987.0000 -0.1979
-23.7769 78.9628 -30.2348 0.0000 1650410349357 813041.0000 -0.1979
-23.7769 78.9628 -29.0607 0.0000 1650410349411 813095.0000 -0.1974
-23.7769 78.9628 -27.2994 0.0000 1650410349465 813149.0000 -0.1974
-23.7769 78.9628 -26.1252 0.0000 1650410349519 813203.0000 -0.1974
-23.7769 78.9628 -24.9511 0.0000 1650410349573 813257.0000 -0.1974
-23.7769 78.9628 -26.1252 0.0000 1650410349628 813311.0000 -0.1979
-23.7769 78.9628 -22.6027 0.0000 1650410349680 813365.0000 -0.1984
-23.7769 78.9628 -23.7769 0.0000 1650410349734 813419.0000 -0.1984
-23.7769 78.9628 -22.0157 0.0000 1650410349788 813473.0000 -0.1979
-23.7769 78.9628 -22.0157 0.0000 1650410349842 813527.0000 -0.1984
-23.7769 78.9628 -24.3640 0.0000 1650410349896 813581.0000 -0.1984
-23.7769 78.9628 -24.3640 0.0000 1650410349950 813635.0000 -0.1979
-23.7769 78.9628 -24.3640 0.0000 1650410350004 813689.0000 -0.1979
-23.7769 78.9628 -24.3640 0.0000 1650410350059 813743.0000 -0.1979
-23.7769 78.9628 -24.3640 0.0000 1650410350113 813797.0000 -0.1984
-23.7769 78.9628 -22.0157 0.0000 1650410350167 813851.0000 -0.1984
-23.7769 78.9628 -22.0157 0.0000 1650410350221 813905.0000 -0.1984
-23.7769 78.9628 -24.3640 0.0000 1650410350275 813959.0000 -0.1984
-23.7769 78.9628 -24.3640 0.0000 1650410350327 814013.0000 -0.1979
-23.7769 78.9628 -22.0157 0.0000 1650410350381 814067.0000 -0.1984
-23.7769 78.9628 -22.0157 0.0000 1650410350436 814121.0000 -0.1984
-23.7769 78.9628 -22.0157 0.0000 1650410350490 814175.0000 -0.1979
-23.7769 78.9628 -22.0157 0.0000 1650410350544 814228.0000 -0.1979
-23.7769 78.9628 -22.0157 0.0000 1650410350598 814282.0000 -0.1979
-23.7769 78.9628 -22.0157 0.0000 1650410350652 814336.0000 -0.1979
-23.7769 78.9628 -22.0157 0.0000 1650410350706 814390.0000 -0.1984
-23.7769 78.9628 -22.0157 0.0000 1650410350761 814444.0000 -0.1984
-23.7769 78.9628 -22.0157 0.0000 1650410350815 814498.0000 -0.1979
-23.7769 78.9628 -22.0157 0.0000 1650410350869 814552.0000 -0.1979
-23.7769 78.9628 -22.0157 0.0000 1650410350921 814606.0000 -0.1984
-23.7769 78.9628 -22.0157 0.0000 1650410350975 814660.0000 -0.1984
-23.7769 78.9628 -22.0157 0.0000 1650410351029 814714.0000 -0.1979
-23.7769 78.9628 -22.6027 0.0000 1650410351083 814768.0000 -0.1979
-23.7769 78.9628 -23.7769 0.0000 1650410351137 814822.0000 -0.1979
-23.7769 78.9628 -24.9511 0.0000 1650410351191 814876.0000 -0.1984
-23.7769 78.9628 -28.4736 0.0000 1650410351246 814930.0000 -0.1989
-23.7769 78.9628 -29.6477 0.0000 1650410351300 814984.0000 -0.1984
-23.7769 78.9628 -30.8219 0.0000 1650410351354 815038.0000 -0.1984
-23.7769 78.9628 -31.9961 0.0000 1650410351408 815092.0000 -0.1979
-23.7769 78.3757 -31.4090 0.0000 1650410351462 815146.0000 -0.1989
-23.7769 78.3757 -34.9315 0.0000 1650410351516 815200.0000 -0.1984
-23.7769 78.3757 -36.1057 0.0000 1650410351569 815254.0000 -0.1984
-23.7769 78.3757 -37.2798 0.0000 1650410351623 815308.0000 -0.1984
-24.3640 78.3757 -38.4540 0.0000 1650410351677 815362.0000 -0.1984
-24.3640 78.3757 -39.6282 0.0000 1650410351731 815416.0000 -0.1984
-24.3640 78.3757 -40.8023 0.0000 1650410351785 815470.0000 -0.1989
-24.3640 78.3757 -39.6282 0.0000 1650410351839 815524.0000 -0.1989
-24.3640 78.3757 -42.5636 0.0000 1650410351893 815577.0000 -0.1984
-24.3640 78.3757 -41.3894 0.0000 1650410351947 815631.0000 -0.1979
-24.3640 78.3757 -44.3249 0.0000 1650410352002 815685.0000 -0.1984
-24.3640 78.3757 -42.5636 0.0000 1650410352056 815739.0000 -0.1984
-24.3640 78.3757 -45.4990 0.0000 1650410352110 815793.0000 -0.1979
-24.3640 78.3757 -46.0861 0.0000 1650410352162 815847.0000 -0.1979
-24.3640 78.3757 -44.3249 0.0000 1650410352216 815901.0000 -0.1979
-24.3640 78.3757 -46.6732 0.0000 1650410352270 815955.0000 -0.1979
-24.3640 78.3757 -44.3249 0.0000 1650410352325 816009.0000 -0.1984
-24.3640 78.3757 -46.6732 0.0000 1650410352379 816063.0000 -0.1979
-24.3640 78.3757 -46.6732 0.0000 1650410352433 816117.0000 -0.1979
-24.3640 77.7886 -44.3249 0.0000 1650410352487 816171.0000 -0.1979
-24.3640 78.3757 -44.3249 0.0000 1650410352541 816225.0000 -0.1984
-24.3640 78.3757 -46.0861 0.0000 1650410352595 816279.0000 -0.1984
-24.3640 78.3757 -43.7378 0.0000 1650410352649 816333.0000 -0.1979
-24.3640 78.3757 -43.1507 0.0000 1650410352703 816387.0000 -0.1979
-23.7769 78.3757 -44.3249 0.0000 1650410352758 816441.0000 -0.1984
-23.7769 78.3757 -41.3894 0.0000 1650410352810 816495.0000 -0.1984
-23.7769 78.3757 -40.8023 0.0000 1650410352864 816549.0000 -0.1989
-23.7769 78.3757 -41.9765 0.0000 1650410352918 816603.0000 -0.1989
-23.7769 78.3757 -39.0411 0.0000 1650410352972 816657.0000 -0.1989
-23.7769 78.3757 -37.8669 0.0000 1650410353026 816711.0000 -0.1984
-23.7769 78.3757 -36.6928 0.0000 1650410353080 816765.0000 -0.1989
-23.7769 78.3757 -37.8669 0.0000 1650410353134 816819.0000 -0.1989
-23.7769 78.3757 -34.3444 0.0000 1650410353189 816873.0000 -0.1984
-23.7769 78.3757 -35.5186 0.0000 1650410353243 816927.0000 -0.1984
-23.7769 78.9628 -31.9961 0.0000 1650410353297 816980.0000 -0.1984
-23.7769 78.9628 -30.8219 0.0000 1650410353351 817034.0000 -0.1989
-23.7769 78.9628 -29.6477 0.0000 1650410353403 817088.0000 -0.1989
-23.7769 78.9628 -28.4736 0.0000 1650410353458 817142.0000 -0.1989
-23.7769 78.9628 -29.0607 0.0000 1650410353512 817196.0000 -0.1984
-23.7769 78.9628 -25.5382 0.0000 1650410353566 817250.0000 -0.1984
-23.7769 78.9628 -24.3640 0.0000 1650410353620 817304.0000 -0.1989
-23.7769 78.9628 -23.1898 0.0000 1650410353674 817358.0000 -0.1989
-23.7769 78.9628 -22.0157 0.0000 1650410353728 817412.0000 -0.1984
-23.7769 78.9628 -24.3640 0.0000 1650410353782 817466.0000 -0.1984
-23.7769 78.9628 -22.0157 0.0000 1650410353836 817520.0000 -0.1984
-23.7769 78.9628 -24.3640 0.0000 1650410353890 817574.0000 -0.1989
-23.7769 78.9628 -24.3640 0.0000 1650410353945 817628.0000 -0.1989
-23.7769 78.9628 -24.3640 0.0000 1650410353997 817682.0000 -0.1984
-23.7769 78.9628 -24.3640 0.0000 1650410354051 817736.0000 -0.1984
-23.7769 78.9628 -24.3640 0.0000 1650410354105 817790.0000 -0.1989
-23.7769 78.9628 -24.3640 0.0000 1650410354159 817844.0000 -0.1994
-23.7769 78.9628 -24.3640 0.0000 1650410354213 817898.0000 -0.1989
-23.7769 78.9628 -24.3640 0.0000 1650410354267 817952.0000 -0.1989
-23.7769 78.9628 -24.3640 0.0000 1650410354322 818006.0000 -0.1989
-23.7769 78.9628 -22.0157 0.0000 1650410354376 818060.0000 -0.1989
-23.7769 78.9628 -22.0157 0.0000 1650410354430 818114.0000 -0.1989
-23.7769 78.9628 -24.3640 0.0000 1650410354484 818168.0000 -0.1994
-23.7769 78.9628 -22.0157 0.0000 1650410354538 818222.0000 -0.1994
-23.7769 78.9628 -22.0157 0.0000 1650410354592 818276.0000 -0.1989
-23.7769 78.9628 -24.3640 0.0000 1650410354644 818329.0000 -0.1989
-23.7769 78.9628 -22.0157 0.0000 1650410354699 818383.0000 -0.1994
-23.7769 78.9628 -22.0157 0.0000 1650410354753 818437.0000 -0.1989
-23.7769 78.9628 -22.0157 0.0000 1650410354807 818491.0000 -0.1989
-23.7769 78.9628 -22.0157 0.0000 1650410354861 818545.0000 -0.1989
-23.7769 78.9628 -22.0157 0.0000 1650410354915 818599.0000 -0.1989
-23.7769 78.9628 -22.0157 0.0000 1650410354969 818653.0000 -0.1994
-23.7769 78.9628 -22.0157 0.0000 1650410355023 818707.0000 -0.1994
-23.7769 78.9628 -22.0157 0.0000 1650410355078 818761.0000 -0.1989
-23.7769 78.9628 -23.1898 0.0000 1650410355132 818815.0000 -0.1989
-23.7769 78.9628 -24.3640 0.0000 1650410355186 818869.0000 -0.1994
-23.7769 78.9628 -27.8865 0.0000 1650410355238 818923.0000 -0.1994
-23.7769 78.9628 -29.0607 0.0000 1650410355292 818977.0000 -0.1994
-23.7769 78.9628 -30.2348 0.0000 1650410355346 819031.0000 -0.1989
-23.7769 78.9628 -31.4090 0.0000 1650410355400 819085.0000 -0.1989
-23.7769 78.9628 -32.5832 0.0000 1650410355454 819139.0000 -0.1989
-23.7769 78.3757 -31.9961 0.0000 1650410355509 819193.0000 -0.1994
-23.7769 78.3757 -33.1703 0.0000 1650410355563 819247.0000 -0.1994
-23.7769 78.3757 -36.6928 0.0000 1650410355617 819301.0000 -0.1989
-24.3640 78.3757 -37.8669 0.0000 1650410355671 819355.0000 -0.1989
-24.3640 78.3757 -39.0411 0.0000 1650410355725 819409.0000 -0.1989
-24.3640 78.3757 -37.8669 0.0000 1650410355779 819463.0000 -0.1994
-24.3640 78.3757 -41.3894 0.0000 1650410355834 819517.0000 -0.1994
-24.3640 78.3757 -41.9765 0.0000 1650410355886 819571.0000 -0.1989
-24.3640 78.3757 -43.1507 0.0000 1650410355940 819625.0000 -0.1989
-24.3640 78.3757 -41.3894 0.0000 1650410355994 819678.0000 -0.1989
-24.3640 78.3757 -42.5636 0.0000 1650410356048 819732.0000 -0.1994
-24.3640 78.3757 -43.1507 0.0000 1650410356102 819786.0000 -0.1994
-27.2994 78.3757 -43.7378 0.0000 1650410356157 819840.0000 -0.1994
-24.3640 78.3757 -46.0861 0.0000 1650410356210 819894.0000 -0.1994
-24.3640 78.3757 -44.3249 0.0000 1650410356264 819948.0000 -0.1994
-24.3640 78.3757 -44.3249 0.0000 1650410356319 820002.0000 -0.1994
-24.3640 78.3757 -44.9119 0.0000 1650410356373 820056.0000 -0.1994
-24.3640 78.3757 -44.9119 0.0000 1650410356427 820110.0000 -0.1989
-24.3640 78.3757 -46.6732 0.0000 1650410356479 820164.0000 -0.1989
-24.3640 78.3757 -44.3249 0.0000 1650410356533 820218.0000 -0.1994
-24.3640 78.3757 -44.3249 0.0000 1650410356587 820272.0000 -0.1994
-24.3640 78.3757 -46.0861 0.0000 1650410356642 820326.0000 -0.1994
-24.3640 78.3757 -45.4990 0.0000 1650410356696 820380.0000 -0.1989
-24.3640 78.3757 -44.9119 0.0000 1650410356750 820434.0000 -0.1989
-24.3640 78.3757 -44.3249 0.0000 1650410356804 820488.0000 -0.1994
-23.7769 78.3757 -41.3894 0.0000 1650410356858 820542.0000 -0.1999
-23.7769 78.3757 -42.5636 0.0000 1650410356912 820596.0000 -0.1994
-23.7769 78.3757 -39.6282 0.0000 1650410356966 820650.0000 -0.1994
-23.7769 78.3757 -40.8023 0.0000 1650410357020 820704.0000 -0.1989
-23.7769 78.3757 -37.2798 0.0000 1650410357075 820758.0000 -0.1994
-23.7769 78.3757 -36.1057 0.0000 1650410357127 820812.0000 -0.1999
-23.7769 78.3757 -34.9315 0.0000 1650410357181 820866.0000 -0.1999
-23.7769 78.3757 -36.1057 0.0000 1650410357235 820920.0000 -0.1999
-23.7769 78.3757 -34.9315 0.0000 1650410357289 820974.0000 -0.1989
-23.7769 78.9628 -31.4090 0.0000 1650410357343 821027.0000 -0.1994
-23.7769 78.9628 -30.2348 0.0000 1650410357397 821081.0000 -0.1999
-23.7769 78.9628 -29.0607 0.0000 1650410357452 821135.0000 -0.1994
-23.7769 78.9628 -27.8865 0.0000 1650410357506 821189.0000 -0.1989
-23.7769 78.9628 -26.1252 0.0000 1650410357560 821243.0000 -0.1989
-23.7769 78.9628 -24.9511 0.0000 1650410357615 821297.0000 -0.1994
-23.7769 78.9628 -23.7769 0.0000 1650410357668 821351.0000 -0.1994
-23.7769 78.9628 -22.6027 0.0000 1650410357720 821405.0000 -0.1994
-23.7769 78.9628 -21.4286 0.0000 1650410357775 821459.0000 -0.1994
-23.7769 78.9628 -22.0157 0.0000 1650410357828 821513.0000 -0.1989
-23.7769 78.9628 -22.0157 0.0000 1650410357883 821567.0000 -0.1994
-23.7769 78.9628 -24.3640 0.0000 1650410357937 821621.0000 -0.1994
-23.7769 78.9628 -24.3640 0.0000 1650410357991 821675.0000 -0.1989
-23.7769 78.9628 -24.3640 0.0000 1650410358045 821729.0000 -0.1989
-23.7769 78.9628 -24.3640 0.0000 1650410358099 821783.0000 -0.1989
-23.7769 78.9628 -24.3640 0.0000 1650410358153 821837.0000 -0.1989
-23.7769 78.9628 -22.0157 0.0000 1650410358208 821891.0000 -0.1994
-23.7769 78.9628 -24.3640 0.0000 1650410358262 821945.0000 -0.1994
-23.7769 78.9628 -24.3640 0.0000 1650410358316 821999.0000 -0.1989
-23.7769 78.9628 -24.3640 0.0000 1650410358368 822053.0000 -0.1989
-23.7769 78.9628 -22.0157 0.0000 1650410358422 822107.0000 -0.1994
-23.7769 78.9628 -22.0157 0.0000 1650410358476 822161.0000 -0.1994
-23.7769 78.9628 -22.0157 0.0000 1650410358530 822215.0000 -0.1994
-23.7769 78.9628 -22.0157 0.0000 1650410358585 822269.0000 -0.1994
-23.7769 78.9628 -22.0157 0.0000 1650410358639 822323.0000 -0.1989
-23.7769 78.9628 -24.3640 0.0000 1650410358693 822376.0000 -0.1994
-23.7769 78.9628 -22.0157 0.0000 1650410358747 822430.0000 -0.1999
-23.7769 78.9628 -22.0157 0.0000 1650410358801 822484.0000 -0.1994
-24.3640 78.9628 -22.0157 0.0000 1650410358855 822538.0000 -0.1994
-23.7769 78.9628 -24.3640 0.0000 1650410358909 822592.0000 -0.1994
-23.7769 78.9628 -22.0157 0.0000 1650410358961 822646.0000 -0.1999
-23.7769 78.9628 -22.0157 0.0000 1650410359016 822700.0000 -0.1999
-23.7769 78.9628 -22.0157 0.0000 1650410359070 822754.0000 -0.1994
-23.7769 78.9628 -22.6027 0.0000 1650410359124 822808.0000 -0.1989
-23.7769 78.9628 -25.5382 0.0000 1650410359178 822862.0000 -0.1989
-23.7769 78.9628 -26.7123 0.0000 1650410359232 822916.0000 -0.1994
-23.7769 78.9628 -28.4736 0.0000 1650410359287 822970.0000 -0.1994
-23.7769 78.9628 -29.6477 0.0000 1650410359341 823024.0000 -0.1994
-23.7769 78.9628 -30.8219 0.0000 1650410359395 823078.0000 -0.1984
-23.7769 78.9628 -31.9961 0.0000 1650410359449 823132.0000 -0.1984
-23.7769 78.3757 -33.1703 0.0000 1650410359503 823186.0000 -0.1989
-23.7769 78.9628 -32.5832 0.0000 1650410359557 823240.0000 -0.1989
-23.7769 78.3757 -33.7573 0.0000 1650410359609 823294.0000 -0.1984
-23.7769 78.3757 -37.2798 0.0000 1650410359663 823348.0000 -0.1984
-24.3640 78.3757 -38.4540 0.0000 1650410359717 823402.0000 -0.1984
-24.3640 78.3757 -37.2798 0.0000 1650410359771 823456.0000 -0.1989
-24.3640 78.3757 -38.4540 0.0000 1650410359826 823510.0000 -0.1989
-24.3640 78.3757 -41.3894 0.0000 1650410359880 823564.0000 -0.1984
-24.3640 78.3757 -42.5636 0.0000 1650410359934 823618.0000 -0.1984
-24.3640 78.3757 -43.7378 0.0000 1650410359988 823672.0000 -0.1984
-24.3640 78.3757 -41.9765 0.0000 1650410360042 823726.0000 -0.1989
-24.3640 78.3757 -44.9119 0.0000 1650410360096 823779.0000 -0.1989
-24.3640 78.3757 -43.1507 0.0000 1650410360150 823833.0000 -0.1984
-24.3640 78.3757 -46.0861 0.0000 1650410360203 823887.0000 -0.1984
-24.3640 78.3757 -46.6732 0.0000 1650410360257 823941.0000 -0.1984
-27.2994 78.3757 -44.3249 0.0000 1650410360311 823995.0000 -0.1989
-24.3640 78.3757 -46.6732 0.0000 1650410360365 824049.0000 -0.1989
-24.3640 78.3757 -44.9119 0.0000 1650410360419 824103.0000 -0.1984
-24.3640 77.7886 -44.3249 0.0000 1650410360474 824157.0000 -0.1984
-24.3640 77.7886 -44.9119 0.0000 1650410360527 824211.0000 -0.1984
-24.3640 77.7886 -44.3249 0.0000 1650410360582 824265.0000 -0.1989
-24.3640 78.3757 -46.0861 0.0000 1650410360636 824319.0000 -0.1984
-24.3640 78.3757 -43.7378 0.0000 1650410360690 824373.0000 -0.1984
-24.3640 78.3757 -43.1507 0.0000 1650410360744 824427.0000 -0.1984
-24.3640 78.3757 -42.5636 0.0000 1650410360796 824481.0000 -0.1984
-23.7769 78.3757 -43.7378 0.0000 1650410360850 824535.0000 -0.1984
-23.7769 78.3757 -43.1507 0.0000 1650410360905 824589.0000 -0.1989
-23.7769 78.3757 -41.9765 0.0000 1650410360959 824643.0000 -0.1989
-23.7769 78.3757 -39.0411 0.0000 1650410361013 824697.0000 -0.1984
-23.7769 78.3757 -40.2153 0.0000 1650410361067 824751.0000 -0.1984
-23.7769 78.3757 -36.6928 0.0000 1650410361121 824805.0000 -0.1989
-23.7769 78.3757 -37.8669 0.0000 1650410361175 824859.0000 -0.1989
-23.7769 78.3757 -34.9315 0.0000 1650410361229 824913.0000 -0.1984
-23.7769 78.3757 -33.7573 0.0000 1650410361283 824967.0000 -0.1989
-23.7769 78.3757 -31.9961 0.0000 1650410361338 825021.0000 -0.1989
-23.7769 78.9628 -30.8219 0.0000 1650410361392 825074.0000 -0.1989
-23.7769 78.9628 -29.6477 0.0000 1650410361444 825128.0000 -0.1994
-23.7769 78.9628 -28.4736 0.0000 1650410361498 825182.0000 -0.1984
-23.7769 78.9628 -27.2994 0.0000 1650410361552 825236.0000 -0.1984
-23.7769 78.9628 -26.1252 0.0000 1650410361606 825290.0000 -0.1984
-23.7769 78.9628 -24.3640 0.0000 1650410361660 825344.0000 -0.1989
-23.7769 78.9628 -23.1898 0.0000 1650410361714 825398.0000 -0.1989
-23.7769 78.9628 -24.3640 0.0000 1650410361769 825452.0000 -0.1984
-23.7769 78.9628 -22.0157 0.0000 1650410361823 825506.0000 -0.1984
-23.7769 78.9628 -22.0157 0.0000 1650410361877 825560.0000 -0.1984
-23.7769 78.9628 -22.0157 0.0000 1650410361931 825614.0000 -0.1989
-23.7769 78.9628 -24.3640 0.0000 1650410361986 825668.0000 -0.1989
-23.7769 78.9628 -24.3640 0.0000 1650410362037 825722.0000 -0.1989
-23.7769 78.9628 -22.0157 0.0000 1650410362092 825776.0000 -0.1984
-23.7769 78.9628 -24.3640 0.0000 1650410362146 825830.0000 -0.1984
-23.7769 78.9628 -22.0157 0.0000 1650410362200 825884.0000 -0.1994
-23.7769 78.9628 -24.3640 0.0000 1650410362254 825938.0000 -0.1989
-23.7769 78.9628 -22.0157 0.0000 1650410362308 825992.0000 -0.1989
-23.7769 78.9628 -22.0157 0.0000 1650410362362 826046.0000 -0.1984
-23.7769 78.9628 -24.3640 0.0000 1650410362416 826100.0000 -0.1989
-23.7769 78.9628 -22.0157 0.0000 1650410362470 826154.0000 -0.1989
-23.7769 78.9628 -22.0157 0.0000 1650410362525 826208.0000 -0.1989
-23.7769 78.9628 -22.0157 0.0000 1650410362579 826262.0000 -0.1989
-23.7769 78.9628 -22.0157 0.0000 1650410362633 826316.0000 -0.1989
-23.7769 78.9628 -22.0157 0.0000 1650410362685 826370.0000 -0.1989
-23.7769 78.9628 -22.0157 0.0000 1650410362739 826424.0000 -0.1994
-23.7769 78.9628 -22.0157 0.0000 1650410362793 826477.0000 -0.1994
-23.7769 78.9628 -22.0157 0.0000 1650410362847 826531.0000 -0.1989
-23.7769 78.9628 -22.0157 0.0000 1650410362902 826585.0000 -0.1989
-23.7769 78.9628 -22.0157 0.0000 1650410362956 826639.0000 -0.1989
-23.7769 78.9628 -22.0157 0.0000 1650410363010 826693.0000 -0.1994
-23.7769 78.9628 -22.0157 0.0000 1650410363064 826747.0000 -0.1994
-27.2994 78.9628 -22.0157 0.0000 1650410363118 826801.0000 -0.1989
-23.7769 78.9628 -23.1898 0.0000 1650410363173 826855.0000 -0.1989
-23.7769 78.9628 -26.1252 0.0000 1650410363227 826909.0000 -0.1994
-23.7769 78.9628 -27.2994 0.0000 1650410363278 826963.0000 -0.1994
-23.7769 78.9628 -28.4736 0.0000 1650410363333 827017.0000 -0.1994
-23.7769 78.9628 -30.2348 0.0000 1650410363387 827071.0000 -0.1989
-23.7769 78.3757 -31.4090 0.0000 1650410363441 827125.0000 -0.1989
-23.7769 78.9628 -32.5832 0.0000 1650410363495 827179.0000 -0.1989
-23.7769 78.3757 -33.7573 0.0000 1650410363549 827233.0000 -0.1994
-23.7769 78.3757 -34.9315 0.0000 1650410363604 827287.0000 -0.1994
-23.7769 78.3757 -36.6928 0.0000 1650410363658 827341.0000 -0.1994
-24.3640 78.3757 -37.8669 0.0000 1650410363712 827395.0000 -0.1994
-24.3640 78.3757 -36.6928 0.0000 1650410363766 827449.0000 -0.1994
-24.3640 78.3757 -37.8669 0.0000 1650410363820 827503.0000 -0.1994
-24.3640 78.3757 -40.8023 0.0000 1650410363874 827557.0000 -0.1989
-24.3640 78.3757 -41.9765 0.0000 1650410363926 827611.0000 -0.1989
-24.3640 78.3757 -43.1507 0.0000 1650410363980 827665.0000 -0.1989
-24.3640 78.3757 -43.7378 0.0000 1650410364035 827719.0000 -0.1989
-24.3640 78.3757 -42.5636 0.0000 1650410364089 827773.0000 -0.1994
-24.3640 78.3757 -43.1507 0.0000 1650410364143 827826.0000 -0.1994
-24.3640 78.3757 -43.1507 0.0000 1650410364197 827880.0000 -0.1989
-24.3640 78.3757 -43.7378 0.0000 1650410364251 827934.0000 -0.1989
-24.3640 78.3757 -46.6732 0.0000 1650410364305 827988.0000 -0.1989
-24.3640 78.3757 -46.6732 0.0000 1650410364359 828042.0000 -0.1994
-24.3640 78.3757 -44.3249 0.0000 1650410364413 828096.0000 -0.1989
-24.3640 77.7886 -46.6732 0.0000 1650410364468 828150.0000 -0.1989
-24.3640 77.7886 -44.9119 0.0000 1650410364520 828204.0000 -0.1989
-24.3640 77.7886 -44.3249 0.0000 1650410364574 828258.0000 -0.1989
-24.3640 77.7886 -44.3249 0.0000 1650410364628 828312.0000 -0.1994
-24.3640 78.3757 -43.7378 0.0000 1650410364682 828366.0000 -0.1999
-24.3640 78.3757 -45.4990 0.0000 1650410364736 828420.0000 -0.1999
-23.7769 78.3757 -42.5636 0.0000 1650410364791 828474.0000 -0.1989
-23.7769 78.3757 -44.3249 0.0000 1650410364845 828528.0000 -0.1994
-23.7769 78.3757 -43.7378 0.0000 1650410364899 828582.0000 -0.1999
-23.7769 78.3757 -42.5636 0.0000 1650410364953 828636.0000 -0.1994
-23.7769 78.3757 -39.6282 0.0000 1650410365007 828690.0000 -0.1994
