-20.1578 44.7780 -48.5349 0.0000 1650406224474 1620193.5000 -0.2009
-20.0776 44.6661 -48.0020 0.0000 1650406224503 1620222.7500 -0.2009
-18.5493 42.9850 -46.0331 0.0000 1650406224532 1620252.2500 -0.2009
-18.3075 42.7821 -46.6275 0.0000 1650406224561 1620280.7500 -0.2009
-20.3851 43.6548 -48.0830 0.0000 1650406224590 1620309.7500 -0.2009
-19.2566 44.7915 -46.0889 0.0000 1650406224619 1620338.0000 -0.2009
-19.0470 44.1367 -45.8424 0.0000 1650406224648 1620367.7500 -0.2009
-18.1420 41.9037 -44.7483 0.0000 1650406224677 1620396.5000 -0.2009
-17.8942 43.3332 -45.5478 0.0000 1650406224706 1620425.5000 -0.2009
-19.2565 44.2054 -45.9224 0.0000 1650406224735 1620454.2500 -0.2009
-20.5948 43.4248 -47.8875 0.0000 1650406224764 1620483.2500 -0.2009
-19.5366 43.1766 -46.2075 0.0000 1650406224793 1620512.2500 -0.2009
-18.2400 42.5905 -46.1737 0.0000 1650406224822 1620541.2500 -0.2009
-19.4427 45.0606 -46.5923 0.0000 1650406224851 1620570.2500 -0.2009
-18.3704 43.7960 -46.7082 0.0000 1650406224880 1620599.2500 -0.2004
-19.8470 43.9173 -45.7491 0.0000 1650406224909 1620628.2500 -0.2004
-17.2097 44.0302 -46.1430 0.0000 1650406224938 1620657.2500 -0.2004
-19.3512 44.9250 -45.8199 0.0000 1650406224967 1620686.2500 -0.2004
-18.9157 44.5746 -46.6310 0.0000 1650406224996 1620715.2500 -0.1999
-19.1526 43.8457 -45.3781 0.0000 1650406225024 1620745.7500 -0.1999
-19.0274 43.9413 -45.2783 0.0000 1650406225054 1620773.5000 -0.2004
-18.4109 44.6295 -46.5000 0.0000 1650406225083 1620802.0000 -0.2004
-18.4802 44.4312 -46.9843 0.0000 1650406225112 1620831.0000 -0.2004
-19.2346 45.2073 -47.8952 0.0000 1650406225140 1620860.0000 -0.2004
-18.7225 43.9304 -46.1319 0.0000 1650406225170 1620888.7500 -0.2004
-18.7580 45.0383 -46.5980 0.0000 1650406225199 1620917.7500 -0.2004
-20.6145 45.5016 -45.3765 0.0000 1650406225228 1620946.7500 -0.2004
-19.7813 44.3922 -47.8965 0.0000 1650406225257 1620975.7500 -0.2004
-18.6371 43.9937 -45.0678 0.0000 1650406225285 1621006.2500 -0.2004
-18.8396 45.7554 -47.8676 0.0000 1650406225315 1621033.5000 -0.2004
-20.5332 45.1044 -46.9815 0.0000 1650406225343 1621062.7500 -0.2009
-19.5576 45.8483 -47.3150 0.0000 1650406225372 1621092.7500 -0.2009
-20.1101 44.3439 -45.7133 0.0000 1650406225401 1621122.0000 -0.2009
-19.3398 45.0268 -46.8723 0.0000 1650406225430 1621149.7500 -0.2009
-19.1185 45.2504 -47.0805 0.0000 1650406225459 1621178.7500 -0.2009
-19.3248 44.8208 -47.8776 0.0000 1650406225488 1621207.7500 -0.2009
-20.2866 43.7213 -45.7511 0.0000 1650406225517 1621236.7500 -0.2009
-18.8926 44.1084 -46.4440 0.0000 1650406225547 1621265.7500 -0.2009
-19.7176 44.9599 -45.8925 0.0000 1650406225576 1621294.7500 -0.2009
-19.0526 45.2659 -47.1394 0.0000 1650406225604 1621323.7500 -0.2009
-20.2907 44.0849 -46.0198 0.0000 1650406225634 1621352.7500 -0.2009
-16.4303 42.3147 -45.6950 0.0000 1650406225662 1621381.7500 -0.2009
-20.0272 44.7308 -46.7401 0.0000 1650406225691 1621410.7500 -0.2009
-18.2975 44.6500 -46.8321 0.0000 1650406225720 1621439.7500 -0.2004
-19.6954 46.2138 -45.4715 0.0000 1650406225749 1621468.7500 -0.2004
-18.4182 43.6178 -45.8237 0.0000 1650406225778 1621497.5000 -0.2004
-17.9094 44.2447 -45.2070 0.0000 1650406225807 1621526.2500 -0.2004
-19.7485 45.6015 -46.9178 0.0000 1650406225836 1621557.0000 -0.2004
-19.8348 45.3507 -46.9455 0.0000 1650406225865 1621584.2500 -0.2004
-19.4036 44.1487 -46.2340 0.0000 1650406225894 1621613.2500 -0.2004
-18.2290 45.3666 -45.6964 0.0000 1650406225923 1621642.2500 -0.2004
-19.7983 45.6557 -47.2301 0.0000 1650406225952 1621671.2500 -0.2004
-19.2372 47.5015 -46.8463 0.0000 1650406225981 1621700.2500 -0.2004
-18.7093 44.0383 -45.6691 0.0000 1650406226010 1621729.2500 -0.2004
-18.2912 43.0035 -45.6994 0.0000 1650406226039 1621758.2500 -0.2004
-19.0604 46.0023 -48.4162 0.0000 1650406226068 1621788.0000 -0.2004
-18.5663 45.1781 -46.5174 0.0000 1650406226097 1621816.0000 -0.2004
-19.1219 46.2375 -45.0790 0.0000 1650406226126 1621845.2500 -0.2009
-19.6749 44.1759 -47.0590 0.0000 1650406226155 1621873.7500 -0.2009
-19.4948 45.5454 -47.8472 0.0000 1650406226183 1621903.2500 -0.2009
-19.2178 46.2305 -48.0670 0.0000 1650406226213 1621932.0000 -0.2009
-19.7859 45.3871 -46.8151 0.0000 1650406226241 1621961.0000 -0.1999
-19.0094 44.6403 -46.0261 0.0000 1650406226271 1621990.0000 -0.2009
-21.0035 45.1954 -45.5669 0.0000 1650406226299 1622018.7500 -0.2009
-20.5500 46.7757 -46.1675 0.0000 1650406226329 1622047.7500 -0.2009
-19.7145 48.1784 -45.5249 0.0000 1650406226358 1622076.7500 -0.2009
-20.2527 47.2219 -45.5405 0.0000 1650406226387 1622105.7500 -0.2009
-17.6829 47.5275 -43.8446 0.0000 1650406226416 1622134.7500 -0.2009
-18.6647 46.3404 -46.4981 0.0000 1650406226445 1622163.7500 -0.2009
-18.3527 44.2945 -45.6395 0.0000 1650406226474 1622192.7500 -0.2009
-18.7101 45.0269 -44.4971 0.0000 1650406226502 1622221.7500 -0.2009
-17.5185 42.8869 -44.6750 0.0000 1650406226531 1622250.7500 -0.2007
-18.7158 42.8498 -47.9017 0.0000 1650406226560 1622279.7500 -0.2004
-18.5467 41.1352 -46.1124 0.0000 1650406226589 1622308.0000 -0.2004
-18.4266 40.9631 -45.9087 0.0000 1650406226618 1622337.5000 -0.2004
-17.2434 42.0403 -44.9418 0.0000 1650406226647 1622366.7500 -0.2004
-18.8612 40.2828 -45.9609 0.0000 1650406226676 1622395.7500 -0.1999
-18.9640 40.3052 -46.5944 0.0000 1650406226705 1622424.7500 -0.1999
-19.3685 42.1417 -45.3716 0.0000 1650406226735 1622453.7500 -0.1999
-18.5716 42.2965 -47.8817 0.0000 1650406226763 1622482.7500 -0.1999
-17.8336 41.5053 -46.3269 0.0000 1650406226793 1622511.7500 -0.1999
-18.2824 42.5606 -47.8484 0.0000 1650406226821 1622540.2500 -0.1999
-19.6959 42.2916 -46.0464 0.0000 1650406226850 1622571.0000 -0.2004
-18.7044 42.6487 -47.5351 0.0000 1650406226879 1622598.5000 -0.2004
-18.8792 42.7864 -47.7857 0.0000 1650406226908 1622628.5000 -0.2004
-19.8401 41.5513 -47.7300 0.0000 1650406226937 1622656.2500 -0.2004
-20.6649 41.8866 -47.7456 0.0000 1650406226966 1622685.2500 -0.2004
-18.8605 39.5893 -46.1350 0.0000 1650406226995 1622714.2500 -0.2004
-19.0081 41.8108 -45.9606 0.0000 1650406227024 1622743.2500 -0.2004
-19.3845 40.4286 -47.5079 0.0000 1650406227053 1622772.2500 -0.2004
-19.6898 41.2200 -47.5047 0.0000 1650406227082 1622801.2500 -0.2005
-18.4353 38.7701 -46.4293 0.0000 1650406227112 1622830.2500 -0.2009
-20.3095 40.1638 -47.1783 0.0000 1650406227140 1622859.2500 -0.2009
-19.1709 40.9764 -46.5170 0.0000 1650406227169 1622888.2500 -0.2009
-19.5976 41.9868 -47.4260 0.0000 1650406227198 1622917.2500 -0.2009
-19.2547 41.0026 -47.3116 0.0000 1650406227227 1622946.2500 -0.2009
-18.4941 42.7643 -46.5069 0.0000 1650406227256 1622975.2500 -0.2009
-18.4704 43.0091 -45.9839 0.0000 1650406227285 1623004.2500 -0.2009
-20.1503 44.6484 -46.4195 0.0000 1650406227314 1623033.0000 -0.2009
-18.4810 43.5657 -46.8403 0.0000 1650406227342 1623061.7500 -0.2009
-17.4224 43.8905 -45.5015 0.0000 1650406227372 1623092.0000 -0.2009
-20.1028 42.4280 -43.9079 0.0000 1650406227400 1623119.7500 -0.2009
-19.1095 43.4179 -45.7083 0.0000 1650406227430 1623148.7500 -0.2009
-18.8835 42.3005 -46.5203 0.0000 1650406227459 1623177.7500 -0.2004
-19.0484 41.3356 -46.2564 0.0000 1650406227488 1623206.7500 -0.2004
-19.4378 41.0979 -45.4366 0.0000 1650406227517 1623235.7500 -0.2004
-17.2827 40.7893 -46.0160 0.0000 1650406227546 1623264.7500 -0.2004
-19.3799 41.1923 -46.8396 0.0000 1650406227575 1623293.7500 -0.2004
-17.5201 39.5400 -45.8641 0.0000 1650406227604 1623322.2500 -0.2004
-18.1610 40.3544 -45.7007 0.0000 1650406227633 1623351.5000 -0.2004
-20.5223 41.9334 -47.4740 0.0000 1650406227661 1623380.7500 -0.2004
-18.7907 40.7201 -46.2983 0.0000 1650406227691 1623409.5000 -0.2004
-20.1060 40.6456 -46.9897 0.0000 1650406227719 1623438.7500 -0.2004
-17.7493 41.8934 -45.3948 0.0000 1650406227748 1623467.7500 -0.2004
-19.0236 40.6406 -47.0907 0.0000 1650406227777 1623496.7500 -0.2004
-19.0454 41.7561 -46.7558 0.0000 1650406227807 1623525.7500 -0.2004
-18.2229 42.3153 -47.5125 0.0000 1650406227835 1623554.7500 -0.2004
-16.3118 40.6403 -45.1650 0.0000 1650406227864 1623583.7500 -0.2004
-19.7252 40.1358 -46.6706 0.0000 1650406227894 1623612.7500 -0.2009
-19.1587 41.7550 -48.6694 0.0000 1650406227923 1623641.7500 -0.2009
-19.2765 40.5157 -47.3336 0.0000 1650406227952 1623670.7500 -0.2009
-19.7211 40.7323 -48.5722 0.0000 1650406227980 1623699.7500 -0.2009
-19.5501 40.0952 -47.9048 0.0000 1650406228009 1623728.5000 -0.2009
-17.8422 39.9996 -48.8712 0.0000 1650406228038 1623757.5000 -0.2009
-18.3764 39.1639 -47.3511 0.0000 1650406228067 1623786.2500 -0.2004
-17.8922 40.0807 -45.4703 0.0000 1650406228096 1623815.2500 -0.2004
-18.6468 39.6941 -47.9945 0.0000 1650406228125 1623845.0000 -0.2009
-18.8922 40.7108 -46.4860 0.0000 1650406228154 1623873.0000 -0.2009
-19.1608 39.4417 -44.7525 0.0000 1650406228183 1623902.2500 -0.2004
-18.6776 40.3707 -44.3761 0.0000 1650406228212 1623931.2500 -0.2004
-18.8448 40.6417 -45.8328 0.0000 1650406228241 1623960.2500 -0.2004
-18.5632 41.4708 -46.5677 0.0000 1650406228271 1623989.2500 -0.2004
-18.8191 43.4080 -45.5073 0.0000 1650406228299 1624018.2500 -0.1999
-18.1130 40.3206 -43.0452 0.0000 1650406228328 1624047.2500 -0.1999
-19.1333 42.9451 -45.8539 0.0000 1650406228357 1624077.7500 -0.1994
-19.5589 42.3243 -45.5664 0.0000 1650406228386 1624104.2500 -0.1994
-18.6087 42.9690 -45.9576 0.0000 1650406228415 1624134.0000 -0.1994
-19.4772 42.7769 -45.9871 0.0000 1650406228444 1624164.5000 -0.1994
-18.9129 40.8802 -44.4653 0.0000 1650406228473 1624191.7500 -0.1996
-19.6837 43.1419 -45.2417 0.0000 1650406228502 1624221.0000 -0.1999
-19.2900 42.0362 -46.9923 0.0000 1650406228531 1624249.7500 -0.1999
-20.6898 42.7186 -47.9503 0.0000 1650406228559 1624278.7500 -0.1999
-20.4535 40.2504 -47.0678 0.0000 1650406228589 1624307.7500 -0.2001
-20.7163 42.2516 -47.1875 0.0000 1650406228618 1624336.7500 -0.2004
-19.4427 41.3464 -47.6928 0.0000 1650406228647 1624365.7500 -0.2004
-18.9776 42.5831 -47.7310 0.0000 1650406228676 1624394.7500 -0.2004
-20.4407 40.6325 -48.0137 0.0000 1650406228705 1624423.7500 -0.2006
-20.0012 41.8894 -47.1851 0.0000 1650406228734 1624452.7500 -0.2009
-19.8970 41.5961 -47.5883 0.0000 1650406228763 1624481.7500 -0.2009
-17.9934 39.7439 -44.8898 0.0000 1650406228792 1624510.7500 -0.2009
-17.6947 40.2265 -47.0153 0.0000 1650406228820 1624539.7500 -0.2009
-17.5169 39.7678 -45.0548 0.0000 1650406228850 1624568.7500 -0.2009
-18.4673 40.0681 -47.8170 0.0000 1650406228878 1624597.7500 -0.2009
-18.5853 40.7784 -47.1690 0.0000 1650406228907 1624626.2500 -0.2009
-20.2799 39.9354 -47.1263 0.0000 1650406228936 1624655.7500 -0.2004
-20.5177 41.6065 -48.3587 0.0000 1650406228966 1624684.7500 -0.2009
-19.1081 40.6830 -46.9442 0.0000 1650406228994 1624713.7500 -0.2009
-18.3423 42.4941 -48.2787 0.0000 1650406229023 1624742.7500 -0.2009
-19.5202 40.8551 -48.4623 0.0000 1650406229052 1624771.7500 -0.2009
-19.4373 39.8647 -48.2338 0.0000 1650406229082 1624800.7500 -0.2004
-18.4685 39.6472 -48.0262 0.0000 1650406229111 1624829.5000 -0.2004
-17.1666 39.0457 -46.1041 0.0000 1650406229139 1624858.2500 -0.2004
-18.4625 40.3223 -47.4194 0.0000 1650406229169 1624887.0000 -0.2004
-18.9828 39.1420 -45.5445 0.0000 1650406229197 1624916.2500 -0.1999
-18.5090 39.7722 -45.8078 0.0000 1650406229226 1624946.2500 -0.1999
-17.5624 41.6419 -46.3363 0.0000 1650406229255 1624974.2500 -0.2004
-19.4647 41.4455 -44.5546 0.0000 1650406229284 1625003.2500 -0.2004
-16.4251 42.2709 -43.0325 0.0000 1650406229313 1625032.2500 -0.2004
-19.2275 42.1747 -44.9059 0.0000 1650406229342 1625061.2500 -0.2004
-19.0323 43.3021 -45.4497 0.0000 1650406229371 1625090.2500 -0.2004
-20.4786 43.7874 -45.4201 0.0000 1650406229400 1625119.2500 -0.2004
-19.7220 44.1385 -46.3125 0.0000 1650406229430 1625148.2500 -0.2004
-20.0247 43.1067 -45.2189 0.0000 1650406229458 1625177.2500 -0.2004
-20.3964 43.2254 -45.9732 0.0000 1650406229487 1625206.2500 -0.2006
-19.8217 43.0325 -46.2913 0.0000 1650406229516 1625235.2500 -0.2013
-20.0009 43.4562 -47.0105 0.0000 1650406229545 1625264.0000 -0.2009
-20.2645 41.0350 -46.1922 0.0000 1650406229574 1625293.0000 -0.2009
-19.9000 41.3670 -48.5447 0.0000 1650406229603 1625322.0000 -0.2009
-19.0432 40.4551 -45.1551 0.0000 1650406229632 1625350.7500 -0.2009
-17.4975 40.2897 -46.2673 0.0000 1650406229661 1625381.0000 -0.2009
-19.9262 41.6425 -45.5952 0.0000 1650406229690 1625408.2500 -0.2009
-19.7616 40.7675 -44.3332 0.0000 1650406229718 1625437.7500 -0.2009
-17.7656 38.7404 -46.0360 0.0000 1650406229748 1625466.7500 -0.2009
-17.7283 39.1554 -45.5111 0.0000 1650406229777 1625495.7500 -0.2009
-15.8404 39.7404 -46.7702 0.0000 1650406229806 1625524.7500 -0.2009
-17.5403 40.5608 -45.1319 0.0000 1650406229835 1625553.7500 -0.2009
-17.1997 39.4571 -45.1617 0.0000 1650406229864 1625582.7500 -0.2009
-19.4684 40.1469 -45.5604 0.0000 1650406229893 1625611.7500 -0.2009
-18.4355 40.1881 -45.8758 0.0000 1650406229922 1625640.0000 -0.2004
-19.7575 38.9779 -46.1434 0.0000 1650406229951 1625669.7500 -0.2004
-19.8144 40.2473 -47.7468 0.0000 1650406229980 1625698.7500 -0.2004
-19.9114 42.5543 -48.6062 0.0000 1650406230009 1625729.0000 -0.2004
-18.2765 39.4994 -48.4009 0.0000 1650406230037 1625756.7500 -0.1999
-19.8743 39.0145 -47.0417 0.0000 1650406230066 1625785.7500 -0.1999
-19.9055 41.1786 -47.7576 0.0000 1650406230095 1625814.7500 -0.1999
-20.0333 40.2179 -46.9139 0.0000 1650406230125 1625843.7500 -0.1999
-18.6140 38.9340 -46.4471 0.0000 1650406230153 1625872.7500 -0.1999
-17.4449 40.4813 -44.8877 0.0000 1650406230183 1625901.7500 -0.1999
-17.8263 39.6549 -45.1870 0.0000 1650406230212 1625930.7500 -0.1999
-16.7645 39.2173 -43.0603 0.0000 1650406230241 1625959.5000 -0.1999
-19.1891 41.2625 -45.5485 0.0000 1650406230270 1625988.5000 -0.2000
-18.0090 39.9330 -43.1282 0.0000 1650406230298 1626017.2500 -0.2004
-19.7449 42.3714 -44.6637 0.0000 1650406230328 1626046.2500 -0.2009
-19.5912 42.2480 -46.2194 0.0000 1650406230356 1626075.2500 -0.2009
-19.5493 42.2573 -44.0197 0.0000 1650406230385 1626104.2500 -0.2009
-20.6400 43.9296 -44.6555 0.0000 1650406230414 1626134.7500 -0.2009
-20.5257 41.9130 -44.4950 0.0000 1650406230443 1626161.5000 -0.2009
-20.5879 42.6564 -47.1685 0.0000 1650406230472 1626191.2500 -0.2009
-19.6334 42.1014 -47.2600 0.0000 1650406230501 1626220.2500 -0.2010
-19.0792 43.3038 -46.5735 0.0000 1650406230530 1626249.2500 -0.2013
-20.6031 40.7147 -47.5437 0.0000 1650406230559 1626278.2500 -0.2013
-19.1798 40.8746 -48.1871 0.0000 1650406230589 1626307.2500 -0.2013
-18.9581 40.0076 -48.3414 0.0000 1650406230617 1626336.2500 -0.2013
-19.5320 40.1387 -45.3276 0.0000 1650406230646 1626365.0000 -0.2013
-16.1177 39.2096 -45.1100 0.0000 1650406230675 1626393.5000 -0.2013
-19.8042 40.3066 -45.0695 0.0000 1650406230704 1626423.7500 -0.2013
-18.3809 39.4839 -44.5473 0.0000 1650406230733 1626452.0000 -0.2013
-16.6712 38.7048 -43.8908 0.0000 1650406230762 1626482.2500 -0.2009
-17.3795 38.9480 -43.9730 0.0000 1650406230791 1626509.7500 -0.2009
-17.8794 39.5929 -44.1626 0.0000 1650406230820 1626538.7500 -0.2009
-19.4755 41.7246 -44.5239 0.0000 1650406230849 1626567.7500 -0.2009
-18.1605 39.8589 -45.5253 0.0000 1650406230877 1626596.7500 -0.2004
-19.3944 41.6677 -47.0759 0.0000 1650406230907 1626625.7500 -0.2004
-19.6048 41.9066 -46.4383 0.0000 1650406230936 1626654.7500 -0.2004
-19.9331 42.6296 -48.6347 0.0000 1650406230965 1626683.7500 -0.2004
-20.0547 42.5668 -48.4064 0.0000 1650406230994 1626712.7500 -0.2004
-19.7235 39.8443 -46.7259 0.0000 1650406231023 1626741.7500 -0.2004
-18.1046 40.7148 -49.3655 0.0000 1650406231052 1626770.7500 -0.2004
-18.9269 40.4806 -48.9817 0.0000 1650406231081 1626799.7500 -0.2004
-18.2632 40.2774 -49.0237 0.0000 1650406231110 1626828.7500 -0.2004
-18.9104 40.9317 -46.0186 0.0000 1650406231139 1626857.7500 -0.2004
-17.8213 38.9518 -44.9061 0.0000 1650406231168 1626886.7500 -0.2005
-18.5132 38.8648 -45.5873 0.0000 1650406231196 1626915.2500 -0.2009
-16.9411 39.7168 -43.1017 0.0000 1650406231226 1626944.5000 -0.2009
-17.5482 41.8405 -44.2723 0.0000 1650406231254 1626973.7500 -0.2009
-17.9054 41.1617 -42.7723 0.0000 1650406231284 1627002.7500 -0.2010
-19.7459 44.0988 -43.3718 0.0000 1650406231312 1627031.7500 -0.2013
-20.5284 43.8207 -43.9595 0.0000 1650406231342 1627060.5000 -0.2013
-20.7939 43.7754 -45.4058 0.0000 1650406231370 1627089.0000 -0.2013
-21.4912 42.8767 -45.2396 0.0000 1650406231400 1627118.5000 -0.2013
-21.1926 43.0782 -46.7135 0.0000 1650406231429 1627147.2500 -0.2013
-19.2814 44.3301 -47.0937 0.0000 1650406231458 1627180.2500 -0.2013
-20.0927 43.9702 -47.7682 0.0000 1650406231487 1627205.0000 -0.2013
-18.2207 42.1021 -47.0341 0.0000 1650406231515 1627234.2500 -0.2013
-19.1608 41.6426 -46.8759 0.0000 1650406231544 1627264.2500 -0.2013
-18.1759 41.6410 -47.2756 0.0000 1650406231573 1627292.2500 -0.2013
-18.4519 39.7463 -44.4026 0.0000 1650406231602 1627321.2500 -0.2009
-17.8642 39.2974 -43.2486 0.0000 1650406231631 1627350.2500 -0.2009
-19.2590 41.1928 -42.8544 0.0000 1650406231660 1627379.2500 -0.2009
-18.0776 41.9564 -41.9451 0.0000 1650406231689 1627408.2500 -0.2009
-16.6059 37.9448 -42.5651 0.0000 1650406231718 1627437.2500 -0.2004
-17.5730 39.9173 -42.0738 0.0000 1650406231748 1627466.2500 -0.2004
-17.5022 40.7003 -45.2757 0.0000 1650406231776 1627495.0000 -0.2009
-18.6717 39.9957 -44.7301 0.0000 1650406231806 1627524.0000 -0.2009
-18.1377 41.5242 -44.1350 0.0000 1650406231834 1627553.0000 -0.2004
-18.7258 40.9214 -44.9695 0.0000 1650406231863 1627581.7500 -0.2004
-17.0887 40.2609 -47.0835 0.0000 1650406231892 1627610.7500 -0.2004
-19.4054 41.4673 -48.2192 0.0000 1650406231921 1627639.7500 -0.2004
-19.7511 41.2881 -48.0263 0.0000 1650406231950 1627668.7500 -0.2004
-19.8543 41.1937 -48.5261 0.0000 1650406231979 1627699.0000 -0.2004
-18.7711 40.7059 -47.6998 0.0000 1650406232008 1627726.5000 -0.2006
-19.6801 38.3838 -46.9825 0.0000 1650406232037 1627755.7500 -0.2009
-18.3826 39.6295 -47.7034 0.0000 1650406232066 1627784.7500 -0.2009
-19.9732 39.5305 -47.8209 0.0000 1650406232095 1627813.7500 -0.2009
-17.0760 38.7699 -46.1350 0.0000 1650406232124 1627842.7500 -0.2011
-18.2755 38.0041 -43.9676 0.0000 1650406232153 1627871.7500 -0.2013
-17.8823 39.8328 -42.3110 0.0000 1650406232182 1627900.7500 -0.2013
-19.0197 37.1687 -42.3032 0.0000 1650406232211 1627929.2500 -0.2013
-16.9799 39.3761 -43.8369 0.0000 1650406232240 1627958.2500 -0.2013
-17.7812 42.9129 -43.8910 0.0000 1650406232269 1627987.7500 -0.2013
-19.7264 44.2826 -45.1465 0.0000 1650406232298 1628016.2500 -0.2013
-20.5765 41.8637 -44.8873 0.0000 1650406232327 1628045.2500 -0.2013
-20.8954 43.5225 -46.5033 0.0000 1650406232355 1628074.7500 -0.2013
-21.3833 44.2260 -46.9353 0.0000 1650406232385 1628103.7500 -0.2009
-20.7230 43.2776 -47.2446 0.0000 1650406232413 1628132.7500 -0.2009
-19.9425 43.0609 -47.4192 0.0000 1650406232442 1628161.7500 -0.2009
-19.3810 42.7041 -46.4697 0.0000 1650406232471 1628190.5000 -0.2009
-18.1642 43.2929 -46.7225 0.0000 1650406232501 1628219.5000 -0.2009
-19.1197 41.6326 -44.6998 0.0000 1650406232530 1628248.2500 -0.2009
-18.5654 41.1574 -45.0308 0.0000 1650406232559 1628277.2500 -0.2006
-16.8223 40.2274 -45.1280 0.0000 1650406232588 1628306.2500 -0.2004
-18.1806 41.2225 -44.5082 0.0000 1650406232617 1628335.2500 -0.2004
-18.9670 37.6620 -43.4667 0.0000 1650406232646 1628364.2500 -0.2004
-17.1470 39.4228 -43.8298 0.0000 1650406232674 1628393.2500 -0.2004
-17.7687 39.2892 -41.7130 0.0000 1650406232703 1628422.2500 -0.2004
-15.5135 37.1558 -41.2478 0.0000 1650406232732 1628452.5000 -0.2004
-19.1500 39.9265 -42.2802 0.0000 1650406232761 1628480.0000 -0.2004
-18.1949 40.2725 -44.3708 0.0000 1650406232790 1628509.2500 -0.2004
-19.2741 39.5854 -43.7223 0.0000 1650406232819 1628538.2500 -0.2004
-18.0918 39.9988 -45.1498 0.0000 1650406232848 1628567.2500 -0.2009
-20.1291 41.0056 -46.7555 0.0000 1650406232877 1628596.0000 -0.2009
-19.3514 43.7107 -46.9676 0.0000 1650406232906 1628625.0000 -0.2009
-19.1057 41.9142 -48.9793 0.0000 1650406232935 1628654.0000 -0.2009
-18.9382 42.0005 -48.0905 0.0000 1650406232965 1628683.0000 -0.2009
-19.2216 40.5722 -47.4265 0.0000 1650406232993 1628711.5000 -0.2009
-19.2436 41.4806 -48.6004 0.0000 1650406233022 1628740.5000 -0.2009
-18.5748 39.7751 -47.0686 0.0000 1650406233051 1628769.7500 -0.2009
-18.9014 37.6205 -44.6449 0.0000 1650406233080 1628798.5000 -0.2009
-16.8725 38.1069 -44.5676 0.0000 1650406233109 1628827.7500 -0.2009
-17.6000 37.9882 -45.6159 0.0000 1650406233138 1628856.7500 -0.2009
-18.5991 39.0169 -43.1666 0.0000 1650406233167 1628885.7500 -0.2009
-18.0071 37.3363 -41.9876 0.0000 1650406233196 1628914.7500 -0.2009
-18.6655 39.5800 -41.9767 0.0000 1650406233225 1628943.7500 -0.2009
-18.6781 41.0301 -43.1688 0.0000 1650406233254 1628972.7500 -0.2009
-20.1509 44.8330 -44.8348 0.0000 1650406233283 1629001.7500 -0.2009
-19.4943 44.9398 -45.8057 0.0000 1650406233312 1629030.7500 -0.2009
-19.8674 43.7581 -47.0720 0.0000 1650406233341 1629059.7500 -0.2009
-19.9730 44.5347 -47.3708 0.0000 1650406233370 1629088.7500 -0.2009
-19.3072 45.0994 -48.0076 0.0000 1650406233399 1629117.7500 -0.2004
-21.0573 43.3463 -46.5137 0.0000 1650406233428 1629146.7500 -0.2004
-19.5111 42.1232 -46.0331 0.0000 1650406233457 1629175.7500 -0.2004
-19.4087 41.6997 -46.0817 0.0000 1650406233486 1629204.7500 -0.1999
-18.5685 43.6981 -46.6168 0.0000 1650406233514 1629234.7500 -0.1999
-18.9292 41.4902 -46.0072 0.0000 1650406233544 1629262.2500 -0.1999
-17.1108 38.5679 -43.6477 0.0000 1650406233572 1629291.5000 -0.1999
-18.3829 39.2630 -43.8587 0.0000 1650406233601 1629320.5000 -0.1999
-17.6193 37.8154 -42.7548 0.0000 1650406233631 1629349.5000 -0.1999
-18.7520 37.9436 -41.7952 0.0000 1650406233660 1629378.2500 -0.1999
-17.5156 38.3758 -39.9275 0.0000 1650406233688 1629407.2500 -0.2001
-17.4192 38.9950 -41.5651 0.0000 1650406233718 1629436.2500 -0.2004
-19.0391 38.6092 -41.7110 0.0000 1650406233747 1629465.2500 -0.2004
-18.5554 39.5841 -43.0757 0.0000 1650406233776 1629496.7500 -0.2004
-17.6634 39.6940 -44.2222 0.0000 1650406233805 1629523.2500 -0.2004
-19.9003 40.8881 -46.1598 0.0000 1650406233833 1629553.7500 -0.2004
-19.0856 41.4076 -47.1891 0.0000 1650406233863 1629581.0000 -0.2004
-18.6747 41.3281 -46.2643 0.0000 1650406233891 1629610.2500 -0.2004
-20.1391 41.1290 -48.0752 0.0000 1650406233920 1629639.2500 -0.2005
-18.6329 42.3495 -49.1120 0.0000 1650406233949 1629668.2500 -0.2009
-18.4076 42.8611 -48.0302 0.0000 1650406233978 1629697.2500 -0.2009
-18.9906 40.6503 -48.0174 0.0000 1650406234007 1629726.0000 -0.2009
-18.1643 40.5812 -46.1155 0.0000 1650406234036 1629755.0000 -0.2009
-17.9566 37.7939 -46.0216 0.0000 1650406234065 1629784.0000 -0.2009
-18.7955 37.5959 -44.6278 0.0000 1650406234095 1629812.5000 -0.2009
-18.5622 38.3068 -45.7259 0.0000 1650406234124 1629841.7500 -0.2004
-18.7929 37.5131 -43.3291 0.0000 1650406234152 1629870.7500 -0.2004
-17.3067 38.8495 -43.3682 0.0000 1650406234181 1629899.7500 -0.2004
-17.9755 38.2437 -42.8150 0.0000 1650406234210 1629928.7500 -0.2004
-19.8505 41.7466 -44.0901 0.0000 1650406234239 1629957.7500 -0.1999
-21.2186 43.0450 -46.1838 0.0000 1650406234268 1629988.2500 -0.1999
-19.6004 42.2624 -45.3635 0.0000 1650406234297 1630015.5000 -0.1999
-20.1022 43.7324 -45.5214 0.0000 1650406234326 1630044.7500 -0.1999
-19.9165 46.4505 -45.2926 0.0000 1650406234355 1630073.7500 -0.1999
-21.5437 45.6970 -45.5772 0.0000 1650406234384 1630102.7500 -0.1999
-20.9966 43.7372 -47.6351 0.0000 1650406234413 1630131.7500 -0.1999
-19.7484 44.5878 -45.0455 0.0000 1650406234442 1630160.7500 -0.1999
-19.1448 44.1954 -45.0590 0.0000 1650406234471 1630189.7500 -0.2001
-19.8557 41.7148 -45.2132 0.0000 1650406234500 1630218.7500 -0.2004
-16.8020 39.8811 -46.4676 0.0000 1650406234529 1630250.5000 -0.2004
-16.5428 40.4138 -45.5964 0.0000 1650406234558 1630277.5000 -0.2004
-17.0988 39.6021 -43.2930 0.0000 1650406234587 1630305.7500 -0.2004
-16.9761 37.9953 -42.6284 0.0000 1650406234616 1630334.7500 -0.2004
-16.9841 37.9965 -42.9625 0.0000 1650406234645 1630363.2500 -0.2004
-17.7301 38.8346 -42.1989 0.0000 1650406234674 1630392.7500 -0.2009
-18.1054 38.6080 -42.7128 0.0000 1650406234703 1630421.5000 -0.2009
-17.8395 39.9416 -43.8232 0.0000 1650406234731 1630450.5000 -0.2009
-19.1936 40.1414 -43.1590 0.0000 1650406234760 1630479.2500 -0.2009
-17.7124 41.0500 -44.8098 0.0000 1650406234789 1630508.2500 -0.2009
-18.9093 41.4286 -43.9709 0.0000 1650406234819 1630537.2500 -0.2009
-19.6531 41.4312 -47.2930 0.0000 1650406234848 1630566.2500 -0.2009
-19.4176 42.2141 -49.2574 0.0000 1650406234877 1630595.2500 -0.2009
-20.2787 42.4218 -46.7674 0.0000 1650406234906 1630624.2500 -0.2009
-18.6853 37.9649 -45.8504 0.0000 1650406234935 1630653.2500 -0.2009
-19.5784 41.2999 -48.3717 0.0000 1650406234964 1630682.2500 -0.2009
-18.9635 40.7858 -46.6506 0.0000 1650406234992 1630711.2500 -0.2009
-19.6331 39.7985 -45.8880 0.0000 1650406235022 1630740.2500 -0.2009
-18.1607 38.4143 -44.2381 0.0000 1650406235050 1630770.5000 -0.2009
-18.4764 38.3082 -46.6785 0.0000 1650406235079 1630799.0000 -0.2004
-18.8425 37.6469 -44.6691 0.0000 1650406235108 1630827.0000 -0.2004
-18.4427 38.4062 -43.7330 0.0000 1650406235137 1630856.0000 -0.2004
-15.4216 37.3693 -43.3269 0.0000 1650406235166 1630885.0000 -0.2004
-18.8093 40.4512 -43.5257 0.0000 1650406235195 1630913.7500 -0.2004
-19.3064 41.6328 -43.9241 0.0000 1650406235224 1630942.7500 -0.2004
-18.5768 41.7303 -46.3039 0.0000 1650406235254 1630971.7500 -0.2001
-21.5356 43.8799 -45.1843 0.0000 1650406235283 1631000.7500 -0.1999
-19.7596 43.4057 -46.4846 0.0000 1650406235311 1631032.5000 -0.2004
-21.2516 43.0714 -46.0645 0.0000 1650406235341 1631058.5000 -0.2004
-20.5713 44.6526 -46.4158 0.0000 1650406235369 1631087.7500 -0.2004
-20.3395 45.7361 -46.5724 0.0000 1650406235398 1631116.5000 -0.2004
-20.3070 43.4722 -48.3847 0.0000 1650406235427 1631145.7500 -0.2004
-19.0555 42.1351 -45.6495 0.0000 1650406235456 1631174.7500 -0.2004
-18.8104 41.4867 -45.7173 0.0000 1650406235485 1631203.7500 -0.2005
-17.9069 39.9257 -43.8861 0.0000 1650406235514 1631232.7500 -0.2009
-18.9957 39.7899 -43.3702 0.0000 1650406235543 1631261.7500 -0.2009
-17.4689 39.8985 -42.7561 0.0000 1650406235572 1631290.7500 -0.2009
-17.5478 39.0626 -45.0587 0.0000 1650406235601 1631319.7500 -0.2009
-18.3634 37.5466 -42.2558 0.0000 1650406235630 1631348.7500 -0.2009
-17.9953 37.6261 -43.0973 0.0000 1650406235659 1631377.7500 -0.2009
-20.3259 38.9313 -42.4048 0.0000 1650406235688 1631406.7500 -0.2009
-17.9054 40.6777 -42.6511 0.0000 1650406235717 1631435.7500 -0.2009
-19.8362 40.5044 -44.1354 0.0000 1650406235746 1631464.7500 -0.2009
-17.1009 40.2235 -44.4862 0.0000 1650406235775 1631493.7500 -0.2009
-19.4359 40.2319 -46.0794 0.0000 1650406235804 1631522.5000 -0.2009
-20.4607 41.4936 -46.6940 0.0000 1650406235833 1631552.7500 -0.2009
-18.7377 41.3473 -47.4131 0.0000 1650406235862 1631580.0000 -0.2004
-19.9902 42.0368 -46.1867 0.0000 1650406235890 1631609.2500 -0.2004
-18.1999 43.7452 -48.2205 0.0000 1650406235920 1631638.2500 -0.2004
-21.0369 41.3410 -47.3905 0.0000 1650406235948 1631667.2500 -0.2004
-17.4071 40.7498 -47.7173 0.0000 1650406235978 1631696.2500 -0.1999
-18.7491 38.7546 -47.6134 0.0000 1650406236006 1631725.2500 -0.1999
-19.4283 39.3642 -46.6501 0.0000 1650406236036 1631754.2500 -0.1999
-18.9288 39.0498 -46.7962 0.0000 1650406236065 1631784.7500 -0.1999
-18.6586 38.4066 -44.9309 0.0000 1650406236094 1631814.7500 -0.1999
-18.4750 37.6462 -43.7984 0.0000 1650406236123 1631841.2500 -0.1999
-15.2918 37.9744 -43.6053 0.0000 1650406236152 1631870.2500 -0.2000
-18.5024 37.9335 -43.5502 0.0000 1650406236181 1631898.5000 -0.2004
-19.0575 41.2904 -45.2401 0.0000 1650406236209 1631928.2500 -0.2004
-20.6069 40.4719 -44.6458 0.0000 1650406236238 1631957.0000 -0.2004
-19.7223 41.0739 -45.7002 0.0000 1650406236267 1631986.0000 -0.2004
-22.2157 43.2850 -45.0817 0.0000 1650406236296 1632015.0000 -0.2004
-20.0438 44.7283 -46.6967 0.0000 1650406236325 1632043.7500 -0.2009
-21.2536 44.0151 -46.3597 0.0000 1650406236355 1632072.7500 -0.2009
-20.4047 42.3253 -45.6182 0.0000 1650406236383 1632101.7500 -0.2009
-19.9648 43.1457 -45.3852 0.0000 1650406236413 1632130.7500 -0.2009
-20.0447 42.8311 -44.7805 0.0000 1650406236442 1632159.7500 -0.2009
-18.9089 43.5715 -47.1356 0.0000 1650406236470 1632188.7500 -0.2009
-19.3732 42.1210 -44.6702 0.0000 1650406236500 1632217.7500 -0.2009
-18.7009 41.2661 -43.1342 0.0000 1650406236528 1632246.7500 -0.2009
-16.6641 40.3948 -43.5706 0.0000 1650406236557 1632275.7500 -0.2009
-16.2750 37.7344 -43.7133 0.0000 1650406236586 1632304.7500 -0.2009
-18.4361 38.6254 -42.9643 0.0000 1650406236615 1632336.0000 -0.2009
-18.2669 38.3062 -43.3176 0.0000 1650406236644 1632362.7500 -0.2009
-19.1586 39.0028 -42.2551 0.0000 1650406236673 1632391.7500 -0.2009
-17.4657 39.7148 -44.1349 0.0000 1650406236702 1632420.7500 -0.2009
-18.5302 39.9596 -44.7379 0.0000 1650406236731 1632449.7500 -0.2009
-17.5401 39.9933 -45.2017 0.0000 1650406236760 1632478.7500 -0.2004
-19.0123 42.3385 -47.3584 0.0000 1650406236789 1632507.7500 -0.2004
-18.2684 40.9554 -45.7181 0.0000 1650406236818 1632536.7500 -0.2009
-19.1166 41.1144 -44.4392 0.0000 1650406236847 1632565.5000 -0.2009
-19.2037 41.4724 -46.9842 0.0000 1650406236876 1632594.5000 -0.2004
-20.7136 42.4728 -47.1708 0.0000 1650406236905 1632623.5000 -0.2004
-19.6872 39.6498 -46.3354 0.0000 1650406236934 1632655.0000 -0.2004
-19.5346 41.1183 -48.0046 0.0000 1650406236963 1632681.5000 -0.2004
-19.2184 40.2629 -45.7281 0.0000 1650406236992 1632710.2500 -0.2004
-19.2457 39.4685 -47.1012 0.0000 1650406237021 1632739.2500 -0.2004
-17.5586 39.9532 -46.5591 0.0000 1650406237049 1632768.2500 -0.2004
-18.5629 39.7902 -44.6026 0.0000 1650406237079 1632797.2500 -0.2004
-18.6655 38.0879 -44.7816 0.0000 1650406237107 1632826.2500 -0.2006
-18.1908 38.0878 -45.5296 0.0000 1650406237137 1632855.2500 -0.2009
-19.3976 38.2940 -45.9218 0.0000 1650406237166 1632884.2500 -0.2009
-21.1803 40.2310 -43.9108 0.0000 1650406237195 1632913.2500 -0.2009
-19.5082 39.8612 -44.5384 0.0000 1650406237224 1632942.2500 -0.2011
-20.0634 41.3734 -45.9823 0.0000 1650406237253 1632971.2500 -0.2013
-21.0097 42.0596 -44.2902 0.0000 1650406237282 1633000.2500 -0.2013
-20.4142 43.7628 -45.9298 0.0000 1650406237311 1633029.2500 -0.2013
-20.7265 43.5008 -45.0585 0.0000 1650406237340 1633058.0000 -0.2013
-18.2200 43.6439 -45.9257 0.0000 1650406237368 1633089.5000 -0.2013
-20.0555 43.7625 -46.3490 0.0000 1650406237398 1633117.0000 -0.2013
-19.9731 44.0478 -46.8826 0.0000 1650406237426 1633144.7500 -0.2013
-17.6674 41.8882 -45.2057 0.0000 1650406237455 1633173.7500 -0.2013
-18.6558 41.3077 -45.8519 0.0000 1650406237484 1633202.7500 -0.2009
-19.4866 41.0892 -44.8271 0.0000 1650406237513 1633231.7500 -0.2009
-18.8577 40.7040 -45.1732 0.0000 1650406237542 1633260.7500 -0.2009
-17.4314 38.7610 -44.9898 0.0000 1650406237571 1633289.7500 -0.2009
-16.7888 38.0611 -42.4161 0.0000 1650406237601 1633318.7500 -0.2004
-18.6944 38.2040 -44.6001 0.0000 1650406237629 1633348.5000 -0.2004
-17.1192 39.3071 -43.9243 0.0000 1650406237659 1633376.5000 -0.2004
-18.3960 39.4769 -44.2080 0.0000 1650406237687 1633405.7500 -0.2004
-18.0985 39.7811 -44.5444 0.0000 1650406237716 1633436.0000 -0.2004
-18.4406 40.4710 -47.8600 0.0000 1650406237745 1633463.7500 -0.2004
-20.4547 41.1543 -44.3845 0.0000 1650406237774 1633492.7500 -0.2004
-19.1605 39.8341 -45.2583 0.0000 1650406237803 1633521.7500 -0.2004
-19.4718 41.2949 -44.1439 0.0000 1650406237832 1633550.7500 -0.2004
-19.8065 40.6437 -46.0316 0.0000 1650406237861 1633579.7500 -0.2004
-18.2147 41.3620 -47.3293 0.0000 1650406237890 1633608.7500 -0.2004
-18.8581 41.2231 -47.3765 0.0000 1650406237919 1633637.7500 -0.2004
-19.0514 39.9614 -47.2165 0.0000 1650406237948 1633666.7500 -0.2005
-17.1328 40.9428 -47.6043 0.0000 1650406237978 1633696.7500 -0.2009
-19.3226 39.5331 -45.5717 0.0000 1650406238006 1633724.7500 -0.2009
-17.9817 39.5483 -46.4166 0.0000 1650406238035 1633753.5000 -0.2009
-17.9412 40.0745 -46.7013 0.0000 1650406238064 1633782.5000 -0.2010
-18.4472 38.7604 -44.5139 0.0000 1650406238093 1633811.2500 -0.2013
-19.6749 40.1463 -45.6684 0.0000 1650406238122 1633840.2500 -0.2011
-17.8845 40.0500 -45.2235 0.0000 1650406238151 1633870.0000 -0.2009
-17.6113 37.6832 -43.4261 0.0000 1650406238180 1633898.2500 -0.2009
-16.6375 37.9243 -43.0548 0.0000 1650406238209 1633927.2500 -0.2009
-18.7073 40.4358 -45.4226 0.0000 1650406238238 1633956.2500 -0.2009
-20.8327 40.6341 -44.8227 0.0000 1650406238266 1633985.2500 -0.2009
-19.8281 42.0996 -46.1968 0.0000 1650406238296 1634014.2500 -0.2009
-19.3004 41.9072 -45.6628 0.0000 1650406238325 1634043.2500 -0.2009
-19.2689 43.3353 -45.4530 0.0000 1650406238354 1634072.2500 -0.2009
-19.8206 42.7785 -45.2757 0.0000 1650406238383 1634101.0000 -0.2009
-19.0091 42.8765 -45.5623 0.0000 1650406238412 1634131.0000 -0.2009
-20.4457 42.5052 -46.0495 0.0000 1650406238441 1634159.2500 -0.2004
-18.4515 43.6334 -45.1765 0.0000 1650406238470 1634189.5000 -0.2004
-19.3673 43.0679 -46.9110 0.0000 1650406238499 1634216.7500 -0.1999
-18.3098 41.1597 -45.6050 0.0000 1650406238527 1634246.0000 -0.1999
-18.7005 40.9461 -44.3046 0.0000 1650406238557 1634274.7500 -0.1999
-16.9814 40.3631 -45.6361 0.0000 1650406238585 1634303.7500 -0.1999
-18.4554 40.1708 -45.2413 0.0000 1650406238614 1634332.7500 -0.1999
-18.3797 39.0286 -44.2984 0.0000 1650406238643 1634361.7500 -0.1999
-19.7304 37.7238 -44.5927 0.0000 1650406238673 1634390.7500 -0.1999
-18.3547 39.7680 -44.4950 0.0000 1650406238701 1634419.7500 -0.1999
-18.6949 41.1339 -45.0179 0.0000 1650406238730 1634448.7500 -0.1999
-16.9572 40.4506 -44.9741 0.0000 1650406238759 1634477.7500 -0.1999
-19.7194 40.4190 -46.1119 0.0000 1650406238789 1634506.7500 -0.2001
-16.6856 41.5758 -44.2776 0.0000 1650406238818 1634535.7500 -0.2004
-18.0896 42.4530 -45.8627 0.0000 1650406238846 1634564.7500 -0.2004
-19.0699 40.3780 -46.9454 0.0000 1650406238875 1634593.7500 -0.2004
-19.7497 42.2210 -46.1313 0.0000 1650406238904 1634623.7500 -0.2004
-17.2767 39.0391 -45.6505 0.0000 1650406238933 1634651.2500 -0.2004
-19.5286 41.1593 -47.3874 0.0000 1650406238962 1634680.7500 -0.2004
-19.9144 41.2127 -48.6232 0.0000 1650406238991 1634709.7500 -0.2004
-19.6824 40.1254 -45.7524 0.0000 1650406239020 1634738.7500 -0.2004
-18.3851 40.5235 -46.7914 0.0000 1650406239049 1634767.7500 -0.2004
-18.3447 40.2265 -48.1191 0.0000 1650406239078 1634796.7500 -0.2004
-18.3335 40.3662 -44.7930 0.0000 1650406239107 1634825.7500 -0.2004
-19.4151 39.4160 -46.1594 0.0000 1650406239137 1634854.7500 -0.2004
-18.2964 38.7763 -44.5869 0.0000 1650406239165 1634884.5000 -0.2004
-16.7790 41.1730 -45.2368 0.0000 1650406239194 1634912.2500 -0.2004
-18.8161 39.6077 -45.4439 0.0000 1650406239223 1634941.2500 -0.2004
-20.5027 39.0703 -45.0494 0.0000 1650406239252 1634969.5000 -0.2004
-19.3144 42.1413 -44.4622 0.0000 1650406239281 1634999.2500 -0.1999
-18.2834 40.8749 -43.4371 0.0000 1650406239310 1635028.2500 -0.1999
-19.8028 43.7128 -44.9163 0.0000 1650406239339 1635057.2500 -0.1999
-18.2713 42.2220 -44.1823 0.0000 1650406239368 1635086.2500 -0.1999
-19.5399 42.2650 -43.9546 0.0000 1650406239397 1635115.2500 -0.1999
-19.0781 43.3101 -45.0811 0.0000 1650406239425 1635144.2500 -0.1999
-19.8242 42.0772 -45.7237 0.0000 1650406239455 1635173.2500 -0.1999
-18.3093 42.5330 -46.0701 0.0000 1650406239484 1635202.2500 -0.1999
-20.6622 43.1574 -46.1938 0.0000 1650406239513 1635231.2500 -0.1999
-19.0102 41.5830 -44.5316 0.0000 1650406239542 1635260.2500 -0.1999
-19.9519 42.8637 -44.8520 0.0000 1650406239571 1635289.0000 -0.1996
-18.4321 40.1258 -44.8369 0.0000 1650406239600 1635318.0000 -0.1994
-19.5711 38.7544 -44.3669 0.0000 1650406239629 1635347.0000 -0.1999
-17.2254 38.8406 -45.3077 0.0000 1650406239658 1635375.7500 -0.1999
-20.4487 40.2820 -46.1725 0.0000 1650406239687 1635407.5000 -0.1999
-18.3921 41.6337 -45.9629 0.0000 1650406239716 1635433.5000 -0.1999
-19.2252 39.6165 -45.5910 0.0000 1650406239744 1635462.7500 -0.1999
-17.9295 39.4755 -45.0736 0.0000 1650406239773 1635491.7500 -0.2004
-18.7289 39.4979 -43.8520 0.0000 1650406239802 1635520.7500 -0.2004
-18.6106 40.1532 -46.5788 0.0000 1650406239831 1635549.7500 -0.2004
-19.3161 39.4549 -45.7855 0.0000 1650406239860 1635578.7500 -0.2004
-18.9543 41.0527 -48.1038 0.0000 1650406239890 1635607.7500 -0.2004
-19.5147 41.9574 -46.4720 0.0000 1650406239919 1635638.2500 -0.2004
-19.6448 42.4815 -47.7973 0.0000 1650406239948 1635666.7500 -0.2004
-19.7694 41.3366 -46.4881 0.0000 1650406239977 1635694.7500 -0.2004
-18.9876 40.5090 -49.0615 0.0000 1650406240005 1635723.7500 -0.2004
-18.2575 41.1198 -48.9919 0.0000 1650406240035 1635752.2500 -0.2004
-19.9760 41.3201 -47.2644 0.0000 1650406240063 1635781.7500 -0.2004
-18.3685 40.6089 -47.3625 0.0000 1650406240092 1635810.7500 -0.2004
-19.3998 40.6694 -45.9044 0.0000 1650406240121 1635839.7500 -0.2004
-17.2506 38.4213 -47.4022 0.0000 1650406240150 1635868.7500 -0.2004
-18.7918 38.6478 -45.9339 0.0000 1650406240179 1635897.7500 -0.1999
-17.7334 38.7856 -46.3406 0.0000 1650406240208 1635926.7500 -0.1999
-17.7390 38.5573 -46.1807 0.0000 1650406240237 1635955.7500 -0.1999
-18.0887 40.8066 -43.4666 0.0000 1650406240266 1635984.5000 -0.1999
-18.6787 41.3722 -43.5967 0.0000 1650406240295 1636013.5000 -0.1999
-18.4765 42.7600 -44.4915 0.0000 1650406240324 1636042.2500 -0.1999
-17.7092 42.4994 -44.8951 0.0000 1650406240353 1636071.2500 -0.1999
-18.8659 43.6504 -45.6303 0.0000 1650406240382 1636100.2500 -0.1999
-19.4126 43.8611 -43.8810 0.0000 1650406240411 1636129.2500 -0.1999
-21.0525 44.9209 -44.8838 0.0000 1650406240440 1636158.2500 -0.1999
-20.7015 43.1022 -45.2468 0.0000 1650406240469 1636188.5000 -0.2000
-19.0684 41.4455 -45.6321 0.0000 1650406240498 1636216.2500 -0.2004
-19.6044 41.3177 -46.2655 0.0000 1650406240527 1636245.2500 -0.2004
-20.6669 43.7742 -47.4967 0.0000 1650406240556 1636274.2500 -0.2004
-19.0425 42.5449 -46.1143 0.0000 1650406240584 1636303.2500 -0.2004
-20.6319 40.0021 -45.1770 0.0000 1650406240614 1636332.2500 -0.2004
-19.9598 40.6782 -46.0192 0.0000 1650406240643 1636361.2500 -0.2004
-18.0846 39.3511 -46.9988 0.0000 1650406240672 1636390.0000 -0.2004
-20.0729 41.2031 -46.4871 0.0000 1650406240701 1636420.0000 -0.2004
-19.3724 40.0377 -45.1809 0.0000 1650406240730 1636447.2500 -0.2004
-18.2708 40.1213 -43.7853 0.0000 1650406240759 1636477.0000 -0.2004
-17.2815 40.8559 -44.4064 0.0000 1650406240788 1636507.0000 -0.2004
-17.1843 38.8068 -44.7143 0.0000 1650406240817 1636534.7500 -0.2004
-18.8053 40.1714 -45.9028 0.0000 1650406240846 1636563.7500 -0.2004
-17.6464 40.6726 -46.5215 0.0000 1650406240875 1636592.7500 -0.2004
-19.6321 40.5818 -46.5549 0.0000 1650406240903 1636621.7500 -0.1999
-18.5040 41.2021 -46.6827 0.0000 1650406240932 1636650.7500 -0.1999
-18.9506 42.0723 -47.6696 0.0000 1650406240961 1636681.0000 -0.1999
-20.3119 41.1033 -46.3734 0.0000 1650406240991 1636708.7500 -0.1999
-20.2523 41.3444 -47.9880 0.0000 1650406241019 1636737.7500 -0.1994
-19.2404 40.4312 -48.4980 0.0000 1650406241049 1636766.7500 -0.1994
-19.2824 39.7189 -47.9274 0.0000 1650406241078 1636795.7500 -0.1994
-19.6353 38.9666 -46.6752 0.0000 1650406241107 1636824.7500 -0.1994
-19.5064 40.2432 -45.9725 0.0000 1650406241136 1636853.7500 -0.1989
-17.0773 39.4012 -47.8742 0.0000 1650406241164 1636882.7500 -0.1989
-19.9113 40.1263 -46.1463 0.0000 1650406241194 1636911.7500 -0.1989
-19.1803 35.6738 -43.5626 0.0000 1650406241222 1636941.7500 -0.1989
-18.9937 40.3796 -44.3664 0.0000 1650406241251 1636969.0000 -0.1989
-18.7640 39.3200 -45.0752 0.0000 1650406241280 1636998.7500 -0.1989
-18.5944 41.5542 -45.5084 0.0000 1650406241309 1637027.7500 -0.1994
-18.0023 39.7818 -42.4581 0.0000 1650406241338 1637056.7500 -0.1994
-17.3359 43.0925 -43.7010 0.0000 1650406241367 1637085.5000 -0.1994
-18.8707 42.0120 -44.0209 0.0000 1650406241396 1637114.5000 -0.1994
-19.8672 43.1639 -45.5803 0.0000 1650406241425 1637143.5000 -0.1999
-19.9821 43.7864 -44.9744 0.0000 1650406241454 1637172.2500 -0.1999
-19.7523 42.6250 -45.3406 0.0000 1650406241483 1637202.2500 -0.1999
-18.6194 43.1920 -46.2847 0.0000 1650406241513 1637230.2500 -0.1999
-21.1615 42.0799 -45.6501 0.0000 1650406241541 1637259.2500 -0.1999
-20.5549 42.1455 -47.1604 0.0000 1650406241570 1637287.5000 -0.1999
-20.4536 40.8201 -46.2993 0.0000 1650406241599 1637317.2500 -0.1999
-18.6808 41.4325 -45.4690 0.0000 1650406241628 1637346.2500 -0.1999
-20.1511 40.1151 -46.4836 0.0000 1650406241657 1637375.2500 -0.1999
-20.2031 40.4320 -44.3018 0.0000 1650406241686 1637404.2500 -0.1999
-17.9023 39.3266 -44.9581 0.0000 1650406241715 1637433.2500 -0.1999
-18.3789 39.6555 -43.5099 0.0000 1650406241744 1637462.2500 -0.1999
-16.8162 39.1249 -44.0663 0.0000 1650406241773 1637491.2500 -0.1999
-18.4619 41.0999 -45.5984 0.0000 1650406241801 1637520.0000 -0.1994
-18.9379 39.5044 -43.6556 0.0000 1650406241831 1637549.0000 -0.1994
-19.4673 39.1978 -43.6198 0.0000 1650406241860 1637578.0000 -0.1994
-18.2740 39.6161 -44.0250 0.0000 1650406241889 1637606.5000 -0.1994
-18.6735 40.3920 -44.8161 0.0000 1650406241918 1637635.7500 -0.1989
-19.3583 40.5976 -45.4096 0.0000 1650406241947 1637664.7500 -0.1989
-18.9420 40.1203 -45.5238 0.0000 1650406241976 1637693.7500 -0.1989
-18.5485 41.3895 -45.9496 0.0000 1650406242005 1637722.0000 -0.1989
-20.1090 42.5448 -47.0180 0.0000 1650406242034 1637751.7500 -0.1984
-20.0844 39.7125 -47.0382 0.0000 1650406242062 1637780.7500 -0.1984
-18.5031 41.3451 -46.8986 0.0000 1650406242092 1637809.7500 -0.1987
-19.8881 39.8419 -47.1749 0.0000 1650406242120 1637838.7500 -0.1989
-17.6983 39.5880 -46.4525 0.0000 1650406242149 1637867.7500 -0.1989
-19.5962 39.1327 -45.0752 0.0000 1650406242178 1637896.7500 -0.1989
-18.0956 39.5799 -45.2984 0.0000 1650406242208 1637925.7500 -0.1991
-17.4593 39.3207 -44.4404 0.0000 1650406242236 1637954.0000 -0.1994
-17.1127 38.3768 -44.3024 0.0000 1650406242265 1637983.5000 -0.1994
-18.1152 39.2875 -43.8873 0.0000 1650406242295 1638012.7500 -0.1994
-17.5627 39.7883 -43.5928 0.0000 1650406242324 1638042.7500 -0.1994
-17.5427 41.3555 -44.5866 0.0000 1650406242353 1638070.7500 -0.1994
-19.9739 42.3222 -44.9904 0.0000 1650406242381 1638099.7500 -0.1994
-20.2867 42.7551 -43.8379 0.0000 1650406242410 1638128.7500 -0.1994
-19.4079 42.9731 -44.6864 0.0000 1650406242439 1638157.7500 -0.1994
-20.5578 43.4013 -47.0539 0.0000 1650406242468 1638186.7500 -0.1994
-18.5345 43.3176 -45.7276 0.0000 1650406242497 1638215.5000 -0.1994
-20.5751 44.2872 -46.3446 0.0000 1650406242526 1638244.5000 -0.1994
-21.4495 42.1777 -46.7655 0.0000 1650406242555 1638273.2500 -0.1994
-20.0651 42.6432 -46.9153 0.0000 1650406242584 1638302.2500 -0.1994
-20.8340 42.3486 -45.6648 0.0000 1650406242613 1638331.2500 -0.1994
-19.3831 40.0973 -46.5504 0.0000 1650406242642 1638360.2500 -0.1994
-20.5919 38.0641 -42.3336 0.0000 1650406242672 1638389.2500 -0.1994
-18.4689 39.5959 -46.1318 0.0000 1650406242700 1638418.2500 -0.1989
-18.9132 39.5789 -43.6415 0.0000 1650406242729 1638447.2500 -0.1989
-18.5667 39.0052 -44.6752 0.0000 1650406242758 1638479.0000 -0.1989
-18.4711 38.4578 -43.2902 0.0000 1650406242787 1638506.2500 -0.1989
-17.7905 39.1914 -43.5769 0.0000 1650406242816 1638534.2500 -0.1989
-18.1861 39.0331 -43.3531 0.0000 1650406242845 1638563.2500 -0.1989
-16.3754 40.5390 -45.7942 0.0000 1650406242874 1638592.2500 -0.1987
-18.3442 39.8830 -42.9941 0.0000 1650406242903 1638621.0000 -0.1984
-17.5981 39.9924 -44.4498 0.0000 1650406242932 1638650.0000 -0.1984
-18.9084 42.2916 -47.4434 0.0000 1650406242961 1638679.0000 -0.1984
-18.9571 40.1171 -47.4897 0.0000 1650406242990 1638707.7500 -0.1987
-19.2091 42.3444 -47.8472 0.0000 1650406243019 1638737.7500 -0.1989
-19.6328 39.9055 -48.4828 0.0000 1650406243048 1638765.7500 -0.1989
-18.9751 41.2305 -47.7062 0.0000 1650406243077 1638794.7500 -0.1989
-18.4992 41.7480 -46.1181 0.0000 1650406243106 1638825.0000 -0.1989
-17.9160 40.1042 -47.5455 0.0000 1650406243135 1638852.7500 -0.1989
-19.1282 39.4075 -45.5703 0.0000 1650406243164 1638881.7500 -0.1989
-17.7582 37.9084 -43.9306 0.0000 1650406243193 1638910.7500 -0.1994
-18.1779 39.2596 -45.1963 0.0000 1650406243221 1638939.7500 -0.1994
-18.0251 38.0730 -43.1258 0.0000 1650406243251 1638968.7500 -0.1994
-18.6207 38.4261 -42.5792 0.0000 1650406243279 1638997.7500 -0.1994
-18.1029 38.3072 -41.0071 0.0000 1650406243308 1639026.7500 -0.1994
-19.7571 42.9806 -43.9554 0.0000 1650406243337 1639055.7500 -0.1994
-18.1046 42.8909 -43.8161 0.0000 1650406243367 1639084.7500 -0.1994
-19.8397 44.0497 -43.6526 0.0000 1650406243395 1639113.7500 -0.1994
-19.3447 43.2695 -45.9541 0.0000 1650406243425 1639142.7500 -0.1994
-22.4867 42.9848 -45.0132 0.0000 1650406243454 1639171.7500 -0.1994
-20.2222 44.4071 -45.4458 0.0000 1650406243483 1639200.7500 -0.1989
-21.6237 41.6315 -45.0165 0.0000 1650406243512 1639229.7500 -0.1989
-19.0139 43.4180 -46.1176 0.0000 1650406243540 1639259.5000 -0.1984
-20.4194 41.5909 -46.4038 0.0000 1650406243570 1639287.7500 -0.1984
-20.5825 44.0733 -45.9021 0.0000 1650406243598 1639316.5000 -0.1984
-17.3940 39.7262 -46.6731 0.0000 1650406243627 1639345.5000 -0.1984
-18.6230 38.1021 -44.4254 0.0000 1650406243656 1639374.5000 -0.1984
-17.3735 40.2645 -45.6684 0.0000 1650406243685 1639403.2500 -0.1984
-18.1114 38.5112 -43.1005 0.0000 1650406243714 1639432.2500 -0.1984
-20.0277 38.7633 -41.5834 0.0000 1650406243743 1639461.2500 -0.1984
-16.5488 39.0813 -43.5880 0.0000 1650406243772 1639491.5000 -0.1984
-18.9019 38.9483 -41.9094 0.0000 1650406243802 1639518.5000 -0.1984
-20.6380 39.4323 -44.0223 0.0000 1650406243831 1639548.2500 -0.1984
-18.4431 39.8273 -44.8669 0.0000 1650406243859 1639577.0000 -0.1984
-19.5290 39.0600 -43.4135 0.0000 1650406243888 1639606.0000 -0.1987
-18.2501 39.1319 -43.5916 0.0000 1650406243917 1639635.2500 -0.1989
-18.7897 39.7425 -47.1614 0.0000 1650406243946 1639664.2500 -0.1989
-18.4070 40.9983 -45.6552 0.0000 1650406243975 1639693.2500 -0.1989
-19.1763 39.2790 -47.3226 0.0000 1650406244004 1639722.2500 -0.1991
-18.4341 41.1134 -45.8893 0.0000 1650406244033 1639751.0000 -0.1994
-19.5231 41.1718 -45.0439 0.0000 1650406244062 1639780.0000 -0.1994
-18.6372 39.4807 -47.6052 0.0000 1650406244091 1639809.0000 -0.1994
-18.3186 39.5189 -46.6778 0.0000 1650406244120 1639837.7500 -0.1991
-18.0919 39.0329 -45.0594 0.0000 1650406244149 1639866.7500 -0.1994
-17.0781 38.4529 -45.6745 0.0000 1650406244178 1639895.7500 -0.1994
-17.7078 38.4394 -44.9941 0.0000 1650406244207 1639924.7500 -0.1989
-17.9638 37.8767 -45.3590 0.0000 1650406244236 1639953.7500 -0.1989
-17.1898 38.9902 -42.2818 0.0000 1650406244265 1639982.7500 -0.1989
-17.8298 39.9837 -43.3010 0.0000 1650406244294 1640011.7500 -0.1989
-16.3260 40.9266 -44.4044 0.0000 1650406244323 1640040.2500 -0.1989
-21.2673 39.6213 -43.5683 0.0000 1650406244352 1640069.7500 -0.1989
-19.9447 42.1149 -43.3569 0.0000 1650406244381 1640098.7500 -0.1989
-19.3533 42.3373 -44.0781 0.0000 1650406244410 1640127.7500 -0.1989
-20.8932 42.8948 -45.8502 0.0000 1650406244438 1640156.7500 -0.1984
-19.5831 44.9458 -47.1332 0.0000 1650406244467 1640185.7500 -0.1984
-20.1123 42.2460 -45.7687 0.0000 1650406244496 1640214.7500 -0.1984
-19.8909 42.3575 -44.4076 0.0000 1650406244526 1640243.7500 -0.1984
-19.5116 41.2247 -47.7971 0.0000 1650406244554 1640273.7500 -0.1983
-19.2460 42.9689 -45.3788 0.0000 1650406244584 1640301.2500 -0.1979
-19.0002 39.2327 -46.9660 0.0000 1650406244613 1640330.7500 -0.1979
-17.5236 39.3782 -45.0345 0.0000 1650406244642 1640359.5000 -0.1979
-17.6287 40.2393 -46.3574 0.0000 1650406244671 1640388.7500 -0.1980
-18.0285 38.5414 -43.2334 0.0000 1650406244699 1640417.7500 -0.1984
-18.0017 37.6228 -41.3307 0.0000 1650406244729 1640446.5000 -0.1984
-18.6920 37.6635 -42.1306 0.0000 1650406244757 1640475.5000 -0.1984
-16.7664 41.0414 -42.9983 0.0000 1650406244786 1640504.2500 -0.1984
-19.1238 39.4874 -42.9432 0.0000 1650406244815 1640533.2500 -0.1984
-19.3284 41.6140 -42.5232 0.0000 1650406244844 1640562.2500 -0.1984
-19.3069 39.1693 -45.1607 0.0000 1650406244873 1640591.2500 -0.1989
-19.6901 41.6725 -45.6606 0.0000 1650406244902 1640620.2500 -0.1989
-19.2343 39.8582 -45.2107 0.0000 1650406244931 1640649.2500 -0.1989
-19.3140 42.5974 -46.2128 0.0000 1650406244961 1640678.2500 -0.1989
-19.1108 40.6011 -47.7061 0.0000 1650406244990 1640707.2500 -0.1989
-19.0162 40.2154 -46.4439 0.0000 1650406245018 1640736.2500 -0.1989
-19.3253 40.5522 -48.4356 0.0000 1650406245047 1640765.2500 -0.1989
-18.6683 40.2115 -48.0878 0.0000 1650406245076 1640796.7500 -0.1989
-18.3466 38.4716 -46.0242 0.0000 1650406245105 1640823.0000 -0.1989
-16.2700 39.7236 -45.4995 0.0000 1650406245134 1640852.0000 -0.1989
-19.1830 37.6255 -43.3981 0.0000 1650406245163 1640881.0000 -0.1984
-17.6171 36.8089 -44.9677 0.0000 1650406245192 1640910.0000 -0.1984
-18.4784 36.2447 -42.6904 0.0000 1650406245221 1640938.7500 -0.1984
-17.8813 38.3514 -41.3228 0.0000 1650406245250 1640967.7500 -0.1984
-18.9163 37.6441 -42.7449 0.0000 1650406245279 1640996.7500 -0.1984
-20.2855 40.9623 -44.4435 0.0000 1650406245308 1641027.2500 -0.1984
-19.2839 42.4084 -43.3023 0.0000 1650406245337 1641055.7500 -0.1979
-19.7316 42.5698 -46.1352 0.0000 1650406245366 1641083.7500 -0.1979
-21.0313 44.3178 -45.9874 0.0000 1650406245395 1641114.2500 -0.1979
-20.5780 43.9479 -46.4737 0.0000 1650406245424 1641141.5000 -0.1979
-21.2390 42.8489 -44.7821 0.0000 1650406245453 1641170.7500 -0.1980
-19.8684 43.5794 -45.7508 0.0000 1650406245482 1641199.7500 -0.1984
-20.6920 43.6601 -47.8600 0.0000 1650406245511 1641228.7500 -0.1984
-21.5530 43.6940 -45.8110 0.0000 1650406245540 1641257.7500 -0.1984
-20.6786 41.2030 -44.8936 0.0000 1650406245569 1641286.7500 -0.1984
-18.6192 40.7280 -45.2913 0.0000 1650406245597 1641315.7500 -0.1984
-19.0562 39.7483 -44.3908 0.0000 1650406245627 1641344.7500 -0.1989
-18.9240 39.5824 -45.0019 0.0000 1650406245655 1641373.7500 -0.1989
-19.1774 39.1704 -43.5670 0.0000 1650406245684 1641402.7500 -0.1989
-17.8191 39.7930 -42.4322 0.0000 1650406245713 1641431.7500 -0.1989
-17.9372 37.5753 -42.9872 0.0000 1650406245743 1641460.7500 -0.1989
-18.4056 39.6118 -42.4087 0.0000 1650406245772 1641489.7500 -0.1994
-17.6207 40.5805 -43.1497 0.0000 1650406245801 1641518.7500 -0.1994
-19.7349 38.1362 -42.3728 0.0000 1650406245830 1641548.7500 -0.1994
-18.9520 41.4191 -45.2698 0.0000 1650406245859 1641576.0000 -0.1994
-18.3728 41.9867 -45.0834 0.0000 1650406245888 1641605.5000 -0.1994
-19.8468 40.2622 -45.8350 0.0000 1650406245916 1641634.2500 -0.1993
-19.4187 41.2842 -44.6803 0.0000 1650406245945 1641663.2500 -0.1989
-18.7569 40.4108 -47.5670 0.0000 1650406245974 1641692.2500 -0.1989
-19.4950 40.5024 -46.0982 0.0000 1650406246003 1641721.2500 -0.1989
-19.8956 41.2498 -47.0645 0.0000 1650406246032 1641750.2500 -0.1989
-17.5814 37.8690 -46.2140 0.0000 1650406246061 1641779.2500 -0.1984
-19.6680 40.4942 -46.7330 0.0000 1650406246090 1641809.5000 -0.1984
-18.7146 39.4612 -46.9924 0.0000 1650406246120 1641838.2500 -0.1984
-18.4026 39.6813 -45.5433 0.0000 1650406246149 1641866.2500 -0.1984
-17.8938 38.7482 -42.3047 0.0000 1650406246177 1641896.5000 -0.1979
-15.9199 38.0156 -42.8686 0.0000 1650406246207 1641924.2500 -0.1979
-18.5893 37.3803 -43.6806 0.0000 1650406246235 1641953.2500 -0.1979
-18.8974 39.3763 -43.4715 0.0000 1650406246264 1641982.0000 -0.1979
-19.6315 42.0782 -45.0178 0.0000 1650406246293 1642011.0000 -0.1979
-18.7346 40.5128 -44.5524 0.0000 1650406246322 1642040.0000 -0.1979
-20.1128 42.8443 -45.4334 0.0000 1650406246351 1642068.7500 -0.1979
-20.3121 43.7813 -44.1136 0.0000 1650406246380 1642097.7500 -0.1979
-21.3559 43.3361 -45.2100 0.0000 1650406246409 1642126.7500 -0.1984
-21.2396 43.9921 -47.5446 0.0000 1650406246438 1642155.7500 -0.1984
-20.6941 44.4418 -46.1850 0.0000 1650406246467 1642184.7500 -0.1984
-19.6289 43.2763 -46.6169 0.0000 1650406246496 1642213.7500 -0.1984
-20.3314 42.7925 -45.6440 0.0000 1650406246525 1642242.7500 -0.1984
-19.4469 41.8617 -45.4826 0.0000 1650406246554 1642271.7500 -0.1984
-20.7161 41.4680 -44.9024 0.0000 1650406246583 1642300.7500 -0.1985
-18.4795 40.2206 -44.5045 0.0000 1650406246612 1642332.5000 -0.1989
-18.1012 40.3340 -42.4335 0.0000 1650406246641 1642358.2500 -0.1989
-16.9316 36.8065 -40.2658 0.0000 1650406246670 1642387.7500 -0.1989
-17.6424 38.7787 -42.8513 0.0000 1650406246699 1642416.7500 -0.1989
-18.1195 38.9911 -43.4237 0.0000 1650406246728 1642445.7500 -0.1989
-17.8810 40.3827 -42.8670 0.0000 1650406246756 1642474.7500 -0.1989
-18.4326 38.3391 -43.0843 0.0000 1650406246786 1642503.7500 -0.1989
-16.0683 39.4803 -43.8730 0.0000 1650406246814 1642532.7500 -0.1988
-19.4877 41.5629 -42.9249 0.0000 1650406246844 1642563.0000 -0.1984
-18.2582 40.9933 -44.5639 0.0000 1650406246873 1642591.0000 -0.1984
-18.4554 39.8907 -45.9951 0.0000 1650406246902 1642619.7500 -0.1984
-20.1918 41.5292 -46.4455 0.0000 1650406246931 1642649.7500 -0.1984
-20.4051 42.5163 -47.1302 0.0000 1650406246960 1642679.0000 -0.1979
-19.6313 43.2896 -46.9415 0.0000 1650406246989 1642706.5000 -0.1979
-19.7608 41.3504 -47.8848 0.0000 1650406247018 1642735.2500 -0.1979
-16.7401 41.0174 -47.7925 0.0000 1650406247047 1642764.2500 -0.1979
-18.1767 39.0973 -44.8240 0.0000 1650406247075 1642793.2500 -0.1974
-18.7567 38.9663 -45.4131 0.0000 1650406247105 1642822.2500 -0.1974
-15.9945 39.8836 -45.6283 0.0000 1650406247133 1642851.2500 -0.1979
-18.4766 37.6778 -44.4132 0.0000 1650406247162 1642880.2500 -0.1979
-17.8043 39.0895 -44.0857 0.0000 1650406247191 1642909.2500 -0.1979
-17.5516 39.3984 -43.0303 0.0000 1650406247220 1642938.2500 -0.1979
-17.0246 39.5217 -44.3996 0.0000 1650406247249 1642967.2500 -0.1979
-18.9159 39.4731 -43.0292 0.0000 1650406247278 1642996.2500 -0.1979
-20.6379 42.3597 -44.0821 0.0000 1650406247308 1643025.2500 -0.1979
-20.0702 43.3297 -45.9385 0.0000 1650406247336 1643054.2500 -0.1979
-19.7580 42.5507 -45.0464 0.0000 1650406247366 1643084.5000 -0.1980
-19.9449 43.0155 -44.9823 0.0000 1650406247394 1643111.5000 -0.1984
-20.1507 43.6447 -45.0631 0.0000 1650406247423 1643141.0000 -0.1984
-19.7149 43.9156 -47.1757 0.0000 1650406247452 1643169.7500 -0.1984
-21.7551 43.5646 -45.9038 0.0000 1650406247481 1643198.7500 -0.1984
-19.5151 43.1134 -46.3100 0.0000 1650406247510 1643227.7500 -0.1984
-22.2117 42.9867 -45.7829 0.0000 1650406247539 1643256.7500 -0.1984
-19.9454 42.8552 -45.9796 0.0000 1650406247568 1643285.7500 -0.1979
-20.9655 41.9527 -45.8154 0.0000 1650406247597 1643314.7500 -0.1979
-17.3265 39.9660 -45.2573 0.0000 1650406247626 1643343.2500 -0.1979
-17.6421 38.1638 -42.2347 0.0000 1650406247655 1643372.5000 -0.1979
-17.5054 39.9809 -43.2632 0.0000 1650406247685 1643401.7500 -0.1979
-17.8521 37.6769 -42.9147 0.0000 1650406247713 1643430.7500 -0.1979
-18.4241 39.0594 -41.4148 0.0000 1650406247742 1643459.7500 -0.1979
-17.7528 39.1531 -42.5216 0.0000 1650406247771 1643488.7500 -0.1979
-18.4939 38.0374 -45.2738 0.0000 1650406247800 1643517.7500 -0.1974
-17.7485 40.3302 -44.1859 0.0000 1650406247829 1643546.7500 -0.1974
-19.8623 40.2955 -45.1969 0.0000 1650406247858 1643575.7500 -0.1974
-18.4883 40.7811 -44.0956 0.0000 1650406247887 1643604.7500 -0.1974
-19.6313 42.0835 -46.2635 0.0000 1650406247916 1643633.7500 -0.1974
-20.1293 40.1850 -46.2423 0.0000 1650406247945 1643662.7500 -0.1974
-18.6415 41.0283 -44.9890 0.0000 1650406247973 1643691.7500 -0.1974
-20.6993 41.2065 -46.6728 0.0000 1650406248002 1643720.7500 -0.1974
-19.7997 40.1278 -48.1357 0.0000 1650406248032 1643749.7500 -0.1974
-20.0007 40.1650 -46.6399 0.0000 1650406248061 1643778.5000 -0.1974
-20.2261 41.0208 -46.1007 0.0000 1650406248090 1643807.5000 -0.1977
-17.4625 38.5065 -45.9453 0.0000 1650406248119 1643836.2500 -0.1979
-16.5398 37.3903 -45.8351 0.0000 1650406248148 1643866.5000 -0.1979
-17.1451 37.0040 -44.0004 0.0000 1650406248177 1643893.7500 -0.1979
-16.5739 38.9846 -44.1294 0.0000 1650406248206 1643923.2500 -0.1979
-18.5683 37.7604 -41.4346 0.0000 1650406248234 1643952.2500 -0.1979
-18.6274 38.9183 -43.1336 0.0000 1650406248264 1643981.2500 -0.1979
-19.9391 39.6016 -44.7136 0.0000 1650406248292 1644010.2500 -0.1979
-20.3087 42.1914 -44.2431 0.0000 1650406248321 1644039.2500 -0.1982
-18.8393 44.2629 -44.4542 0.0000 1650406248350 1644068.2500 -0.1984
-21.0542 42.4596 -45.0493 0.0000 1650406248379 1644097.2500 -0.1984
-20.6867 43.0171 -46.7679 0.0000 1650406248408 1644125.5000 -0.1984
-20.8333 42.7858 -46.3045 0.0000 1650406248437 1644155.0000 -0.1984
-20.8265 42.8845 -45.0933 0.0000 1650406248467 1644184.0000 -0.1984
-20.2059 42.1981 -44.2016 0.0000 1650406248496 1644214.0000 -0.1984
-20.2349 42.8730 -45.4896 0.0000 1650406248525 1644242.0000 -0.1979
-18.5622 42.7293 -45.5929 0.0000 1650406248553 1644271.0000 -0.1979
-18.9001 41.3000 -46.2950 0.0000 1650406248582 1644299.7500 -0.1979
-19.4531 40.1939 -45.8615 0.0000 1650406248611 1644328.7500 -0.1979
-18.9515 39.9435 -43.0488 0.0000 1650406248640 1644357.7500 -0.1979
-17.9776 38.2824 -41.7900 0.0000 1650406248669 1644386.7500 -0.1979
-18.0458 39.8362 -43.4325 0.0000 1650406248698 1644415.7500 -0.1974
-16.1349 36.8978 -42.2455 0.0000 1650406248727 1644444.7500 -0.1974
-16.6916 37.8780 -44.7018 0.0000 1650406248756 1644473.7500 -0.1974
-19.2289 39.3631 -42.5211 0.0000 1650406248785 1644502.7500 -0.1974
-18.3662 40.3950 -44.5722 0.0000 1650406248814 1644531.7500 -0.1974
-18.4341 39.3903 -44.6895 0.0000 1650406248844 1644560.7500 -0.1974
-17.4577 41.0441 -46.5006 0.0000 1650406248872 1644589.7500 -0.1974
-18.8823 41.7519 -45.2604 0.0000 1650406248901 1644618.7500 -0.1974
-18.6390 41.5191 -45.4428 0.0000 1650406248930 1644648.5000 -0.1979
-18.5260 40.8051 -45.2256 0.0000 1650406248959 1644676.7500 -0.1979
-18.0250 42.0214 -46.9893 0.0000 1650406248988 1644705.7500 -0.1979
-19.3613 39.7724 -45.1731 0.0000 1650406249017 1644734.7500 -0.1979
-18.8301 42.2775 -48.0125 0.0000 1650406249046 1644763.7500 -0.1979
-20.6208 38.0174 -44.9019 0.0000 1650406249075 1644792.7500 -0.1984
-18.1332 39.5365 -45.7060 0.0000 1650406249104 1644821.7500 -0.1984
-19.1766 40.2353 -45.1442 0.0000 1650406249132 1644850.7500 -0.1984
-19.0479 37.9622 -44.1109 0.0000 1650406249162 1644880.5000 -0.1984
-17.8559 39.8141 -44.3909 0.0000 1650406249191 1644909.7500 -0.1984
-16.7214 37.9663 -44.9924 0.0000 1650406249220 1644937.5000 -0.1984
-19.2758 40.4690 -45.0478 0.0000 1650406249249 1644967.7500 -0.1984
-20.1281 40.0620 -44.2839 0.0000 1650406249278 1644995.0000 -0.1984
-18.9424 39.4345 -44.4547 0.0000 1650406249307 1645024.2500 -0.1984
-19.2104 40.8313 -43.8829 0.0000 1650406249336 1645053.2500 -0.1984
-19.6141 44.3089 -45.4398 0.0000 1650406249365 1645082.2500 -0.1979
-20.8791 44.2644 -45.1447 0.0000 1650406249394 1645111.2500 -0.1979
-20.8796 44.3734 -46.1102 0.0000 1650406249423 1645140.2500 -0.1979
-19.0129 41.8875 -44.8560 0.0000 1650406249451 1645169.2500 -0.1979
-18.7898 44.0926 -46.0878 0.0000 1650406249480 1645198.2500 -0.1979
-19.1579 41.7593 -45.4487 0.0000 1650406249509 1645227.2500 -0.1979
-20.1535 41.1715 -44.8730 0.0000 1650406249538 1645256.2500 -0.1974
-20.7891 41.2897 -45.1716 0.0000 1650406249567 1645285.2500 -0.1974
-19.7916 41.4812 -45.0722 0.0000 1650406249596 1645314.0000 -0.1974
-18.6988 40.7029 -44.8921 0.0000 1650406249626 1645343.0000 -0.1974
-20.6414 39.9595 -44.8470 0.0000 1650406249655 1645372.0000 -0.1974
-19.6138 38.2193 -42.8584 0.0000 1650406249684 1645400.5000 -0.1974
-17.8492 39.7551 -44.5329 0.0000 1650406249712 1645429.2500 -0.1974
-17.6497 39.4667 -42.7449 0.0000 1650406249742 1645458.7500 -0.1974
-19.0171 39.3072 -44.5064 0.0000 1650406249770 1645487.7500 -0.1977
-17.9610 39.6033 -45.3537 0.0000 1650406249799 1645516.7500 -0.1979
-17.8626 40.1770 -42.4458 0.0000 1650406249828 1645545.7500 -0.1979
-17.0367 39.7542 -44.9154 0.0000 1650406249857 1645574.7500 -0.1979
-16.6238 40.1946 -45.1784 0.0000 1650406249886 1645603.7500 -0.1979
-19.2391 40.4847 -44.6938 0.0000 1650406249915 1645632.7500 -0.1979
-18.6173 39.8925 -47.0823 0.0000 1650406249944 1645664.5000 -0.1979
-18.9874 41.7183 -48.1385 0.0000 1650406249973 1645690.5000 -0.1984
-19.3556 41.9103 -47.4627 0.0000 1650406250003 1645719.7500 -0.1984
-19.4644 41.0780 -47.7060 0.0000 1650406250031 1645748.5000 -0.1984
-19.6514 38.7515 -47.0962 0.0000 1650406250060 1645777.7500 -0.1984
-19.1752 38.9536 -45.8062 0.0000 1650406250089 1645806.7500 -0.1984
-19.2578 39.5143 -46.0794 0.0000 1650406250118 1645835.7500 -0.1984
-18.7520 39.8309 -44.3237 0.0000 1650406250147 1645864.7500 -0.1984
-17.5695 40.2298 -44.3772 0.0000 1650406250176 1645893.7500 -0.1984
-19.6444 39.4765 -44.5161 0.0000 1650406250205 1645922.7500 -0.1984
-18.2312 38.1124 -43.5248 0.0000 1650406250234 1645951.7500 -0.1984
-19.3116 39.3736 -42.9495 0.0000 1650406250263 1645980.7500 -0.1979
-18.4497 40.7377 -45.5610 0.0000 1650406250291 1646009.5000 -0.1979
-18.0158 39.4088 -43.3543 0.0000 1650406250321 1646038.5000 -0.1979
-19.2181 40.9274 -44.7822 0.0000 1650406250350 1646067.2500 -0.1979
-19.6102 41.0789 -43.7115 0.0000 1650406250379 1646096.2500 -0.1979
-19.8667 41.1073 -43.4887 0.0000 1650406250408 1646125.2500 -0.1979
-20.7176 42.2266 -45.5872 0.0000 1650406250437 1646154.2500 -0.1974
-19.6277 44.7615 -46.5472 0.0000 1650406250466 1646182.5000 -0.1974
-20.0212 42.1741 -44.9098 0.0000 1650406250495 1646212.0000 -0.1974
-20.7029 42.0072 -44.6461 0.0000 1650406250524 1646241.2500 -0.1974
-18.5648 39.9936 -44.2579 0.0000 1650406250553 1646270.2500 -0.1976
-19.5061 41.8420 -43.9474 0.0000 1650406250582 1646299.2500 -0.1979
-20.2183 40.2378 -44.7950 0.0000 1650406250610 1646328.2500 -0.1979
-18.8916 39.4234 -43.4382 0.0000 1650406250639 1646357.2500 -0.1979
-19.0295 38.2603 -43.5895 0.0000 1650406250668 1646386.2500 -0.1979
-18.1366 40.3515 -45.6183 0.0000 1650406250697 1646416.5000 -0.1979
-17.5423 38.4714 -44.9835 0.0000 1650406250726 1646446.5000 -0.1984
-18.3728 38.2975 -44.3716 0.0000 1650406250756 1646473.0000 -0.1984
-17.1830 38.8149 -43.6751 0.0000 1650406250784 1646502.0000 -0.1984
-18.9832 39.8960 -44.9944 0.0000 1650406250814 1646530.5000 -0.1984
-18.9748 39.2203 -46.2402 0.0000 1650406250843 1646559.7500 -0.1984
-17.3208 39.7463 -45.4687 0.0000 1650406250871 1646588.7500 -0.1984
-17.1255 40.5476 -46.0680 0.0000 1650406250901 1646617.7500 -0.1984
-17.8281 40.7432 -46.6988 0.0000 1650406250929 1646646.7500 -0.1984
-19.0331 42.0487 -45.8559 0.0000 1650406250958 1646675.7500 -0.1984
-18.2017 41.6720 -46.4133 0.0000 1650406250987 1646704.7500 -0.1984
-19.4490 40.7475 -47.5041 0.0000 1650406251016 1646733.7500 -0.1984
-19.4078 40.0549 -48.2943 0.0000 1650406251045 1646762.7500 -0.1984
-19.2079 40.4779 -48.0281 0.0000 1650406251074 1646791.7500 -0.1984
-18.2761 39.8202 -47.5434 0.0000 1650406251103 1646820.7500 -0.1979
-18.3451 40.6307 -47.4344 0.0000 1650406251132 1646849.7500 -0.1979
-19.5686 39.9714 -45.5271 0.0000 1650406251161 1646878.7500 -0.1974
-18.1442 39.6008 -46.2092 0.0000 1650406251190 1646907.7500 -0.1974
-18.2686 40.3411 -43.9962 0.0000 1650406251220 1646936.7500 -0.1974
-18.8559 38.4396 -45.0632 0.0000 1650406251248 1646965.5000 -0.1974
-16.4270 38.9653 -43.5015 0.0000 1650406251277 1646994.7500 -0.1974
-20.2674 40.6138 -44.6373 0.0000 1650406251306 1647023.7500 -0.1974
-18.7225 38.4855 -44.3826 0.0000 1650406251335 1647052.7500 -0.1974
-19.7808 40.4223 -44.0900 0.0000 1650406251364 1647081.7500 -0.1974
-19.0004 40.3947 -43.8321 0.0000 1650406251393 1647110.5000 -0.1974
-18.3075 42.6347 -47.2405 0.0000 1650406251422 1647139.5000 -0.1974
-19.7527 42.7165 -44.6564 0.0000 1650406251450 1647168.5000 -0.1976
-20.2536 41.2800 -45.5934 0.0000 1650406251480 1647198.5000 -0.1979
-18.4222 42.7155 -45.3964 0.0000 1650406251509 1647227.2500 -0.1979
-20.5753 42.9392 -45.8628 0.0000 1650406251538 1647255.2500 -0.1979
-20.4315 42.9950 -44.7906 0.0000 1650406251567 1647287.0000 -0.1979
-20.7989 40.3375 -44.8262 0.0000 1650406251596 1647313.2500 -0.1979
-18.5542 41.8816 -46.2612 0.0000 1650406251625 1647342.2500 -0.1984
-18.1475 41.2589 -45.1178 0.0000 1650406251654 1647371.2500 -0.1984
-20.1485 40.2338 -46.4774 0.0000 1650406251683 1647400.2500 -0.1984
-18.0838 38.6647 -45.1312 0.0000 1650406251712 1647429.2500 -0.1984
-17.9273 39.5416 -45.7024 0.0000 1650406251741 1647458.2500 -0.1984
-18.3572 40.4641 -44.5791 0.0000 1650406251769 1647487.2500 -0.1984
-18.2683 38.3638 -43.7950 0.0000 1650406251799 1647516.2500 -0.1984
-18.6270 39.1505 -43.7204 0.0000 1650406251827 1647545.0000 -0.1984
-18.2110 38.3978 -44.4056 0.0000 1650406251856 1647574.0000 -0.1984
-18.6012 40.2080 -45.7711 0.0000 1650406251885 1647603.0000 -0.1979
-19.0618 40.2102 -45.3153 0.0000 1650406251915 1647631.7500 -0.1979
-19.8163 40.8289 -45.2651 0.0000 1650406251944 1647660.7500 -0.1979
-19.4664 39.8949 -46.0713 0.0000 1650406251973 1647689.7500 -0.1979
-18.3997 41.6338 -46.9134 0.0000 1650406252002 1647718.5000 -0.1979
-18.8282 41.7603 -47.5507 0.0000 1650406252031 1647749.0000 -0.1979
-19.0653 39.7933 -46.7166 0.0000 1650406252060 1647776.7500 -0.1979
-18.5211 39.0766 -46.2918 0.0000 1650406252088 1647805.7500 -0.1979
-19.1155 40.1378 -47.3026 0.0000 1650406252117 1647834.7500 -0.1974
-20.0762 40.0610 -47.0468 0.0000 1650406252146 1647863.7500 -0.1974
-20.4892 38.9198 -46.4295 0.0000 1650406252175 1647892.7500 -0.1979
-18.7210 38.7037 -44.5553 0.0000 1650406252204 1647921.7500 -0.1979
-18.4864 38.1356 -45.0031 0.0000 1650406252233 1647952.2500 -0.1979
-17.3390 38.9920 -45.1513 0.0000 1650406252262 1647979.0000 -0.1979
-17.8438 39.8845 -45.6707 0.0000 1650406252291 1648008.7500 -0.1979
-18.9995 40.3111 -45.8444 0.0000 1650406252320 1648039.0000 -0.1979
-18.8722 40.3677 -44.0580 0.0000 1650406252349 1648066.0000 -0.1980
-18.3859 40.6621 -44.5129 0.0000 1650406252379 1648095.7500 -0.1984
-18.0402 41.2185 -44.7563 0.0000 1650406252407 1648124.7500 -0.1984
-20.8666 41.9881 -45.6615 0.0000 1650406252436 1648153.7500 -0.1984
-19.8244 40.5964 -43.2550 0.0000 1650406252465 1648182.7500 -0.1984
-19.6637 43.1618 -45.3724 0.0000 1650406252494 1648211.7500 -0.1984
-20.6842 43.0886 -46.5993 0.0000 1650406252523 1648240.5000 -0.1984
-20.2688 42.8247 -45.2676 0.0000 1650406252552 1648269.5000 -0.1984
-21.4485 41.4719 -44.0712 0.0000 1650406252581 1648298.2500 -0.1985
-21.3274 40.6262 -45.9331 0.0000 1650406252610 1648327.2500 -0.1989
-19.6007 41.4718 -45.8755 0.0000 1650406252639 1648356.2500 -0.1989
-19.1197 41.4303 -46.7282 0.0000 1650406252667 1648385.2500 -0.1989
-19.8918 39.2341 -44.8958 0.0000 1650406252697 1648414.2500 -0.1988
-19.5636 39.8178 -44.2555 0.0000 1650406252726 1648443.2500 -0.1984
-18.2343 39.7673 -44.8223 0.0000 1650406252755 1648472.2500 -0.1984
-17.7591 40.0937 -43.4514 0.0000 1650406252784 1648500.5000 -0.1984
-18.9991 39.0871 -44.5722 0.0000 1650406252813 1648530.2500 -0.1984
-19.1858 38.3299 -43.7822 0.0000 1650406252842 1648559.2500 -0.1984
-19.0307 39.7018 -43.6571 0.0000 1650406252871 1648588.2500 -0.1984
-18.4009 38.7056 -44.3977 0.0000 1650406252900 1648617.2500 -0.1984
-17.4551 41.1865 -43.8953 0.0000 1650406252928 1648646.0000 -0.1984
-17.4818 41.8625 -45.2701 0.0000 1650406252958 1648675.0000 -0.1982
-18.4209 42.3361 -47.0911 0.0000 1650406252986 1648704.0000 -0.1979
-18.2406 42.0174 -47.1961 0.0000 1650406253015 1648734.5000 -0.1979
-18.7001 39.8420 -46.6420 0.0000 1650406253044 1648761.5000 -0.1979
-18.4217 39.8861 -46.1439 0.0000 1650406253074 1648790.7500 -0.1982
-19.0123 40.3989 -47.4038 0.0000 1650406253102 1648821.2500 -0.1984
-17.3289 40.5664 -47.8037 0.0000 1650406253132 1648848.7500 -0.1984
-18.3433 39.6958 -46.1810 0.0000 1650406253161 1648877.7500 -0.1984
-18.7150 39.8619 -43.7797 0.0000 1650406253190 1648906.7500 -0.1984
-19.3731 39.0230 -45.7550 0.0000 1650406253219 1648935.7500 -0.1984
-17.9638 39.4828 -46.3756 0.0000 1650406253247 1648964.7500 -0.1984
-17.9224 38.4447 -44.3241 0.0000 1650406253277 1648993.7500 -0.1984
-17.3735 40.2422 -44.8577 0.0000 1650406253305 1649022.7500 -0.1987
-17.9225 40.3408 -43.4180 0.0000 1650406253334 1649051.7500 -0.1989
-19.0829 41.4735 -43.2702 0.0000 1650406253363 1649080.7500 -0.1989
-19.0373 41.0291 -43.0651 0.0000 1650406253392 1649109.7500 -0.1989
-18.5333 41.5994 -44.3969 0.0000 1650406253421 1649138.7500 -0.1989
-19.3775 42.7987 -44.3380 0.0000 1650406253450 1649167.7500 -0.1989
-19.3237 43.0080 -45.6437 0.0000 1650406253479 1649196.7500 -0.1989
-19.7204 43.4600 -45.0324 0.0000 1650406253508 1649225.7500 -0.1989
-20.9632 42.1568 -45.3585 0.0000 1650406253537 1649254.7500 -0.1989
-19.0673 42.5033 -45.6896 0.0000 1650406253566 1649285.0000 -0.1989
-19.1162 42.8917 -45.8096 0.0000 1650406253595 1649312.7500 -0.1989
-21.0568 42.4887 -46.3332 0.0000 1650406253624 1649341.5000 -0.1989
-18.8346 41.1355 -43.9526 0.0000 1650406253653 1649370.5000 -0.1989
-18.1019 40.7728 -45.6954 0.0000 1650406253682 1649399.2500 -0.1984
-19.6456 40.4300 -44.7349 0.0000 1650406253711 1649428.2500 -0.1984
-21.0991 39.4200 -44.8337 0.0000 1650406253740 1649457.2500 -0.1984
-18.1252 38.1635 -42.6636 0.0000 1650406253769 1649486.2500 -0.1984
-18.8619 38.3687 -42.6463 0.0000 1650406253798 1649516.2500 -0.1984
-17.9947 38.4110 -44.9182 0.0000 1650406253826 1649544.0000 -0.1984
-18.0914 37.6248 -43.3550 0.0000 1650406253857 1649573.2500 -0.1982
-17.2524 40.1141 -43.7268 0.0000 1650406253885 1649601.7500 -0.1979
-18.3101 39.1851 -44.0903 0.0000 1650406253914 1649631.2500 -0.1979
-19.2814 40.6073 -43.6245 0.0000 1650406253943 1649660.2500 -0.1979
-18.5534 40.4862 -44.8471 0.0000 1650406253972 1649689.2500 -0.1982
-18.6612 40.3674 -45.7439 0.0000 1650406253994 1649711.0000 -0.1984
