-3.4301 31.8720 -17.3976 0.0000 1650405795681 1191430.0000 -0.2004
-4.3196 33.4016 -20.8286 0.0000 1650405795710 1191459.0000 -0.2004
-2.6913 33.0004 -22.9235 0.0000 1650405795739 1191487.7500 -0.2004
-3.4775 34.1618 -21.9829 0.0000 1650405795768 1191518.0000 -0.2004
-4.4780 32.3644 -18.7004 0.0000 1650405795797 1191545.7500 -0.2004
-2.6884 32.0694 -17.4379 0.0000 1650405795826 1191574.7500 -0.2004
-3.0696 33.0507 -20.8122 0.0000 1650405795855 1191603.7500 -0.2004
-4.3320 34.9181 -20.1659 0.0000 1650405795884 1191632.7500 -0.2004
-4.2896 33.1057 -21.9700 0.0000 1650405795912 1191661.7500 -0.1999
-6.0927 32.3002 -19.8030 0.0000 1650405795941 1191690.7500 -0.1999
-5.3022 32.1699 -19.0396 0.0000 1650405795971 1191719.7500 -0.1999
-5.3550 30.1901 -19.7719 0.0000 1650405796000 1191749.7500 -0.1999
-3.0799 30.9587 -18.3373 0.0000 1650405796028 1191779.0000 -0.1999
-4.0703 32.2178 -19.0029 0.0000 1650405796058 1191806.7500 -0.1999
-3.9295 31.4729 -19.6920 0.0000 1650405796087 1191836.7500 -0.1996
-6.2547 30.9723 -19.1506 0.0000 1650405796116 1191864.5000 -0.1994
-5.6080 30.7631 -18.7454 0.0000 1650405796145 1191893.7500 -0.1994
-1.5092 31.2143 -16.8916 0.0000 1650405796173 1191922.7500 -0.1994
-5.0018 34.5471 -19.5177 0.0000 1650405796203 1191951.7500 -0.1994
-3.8407 34.9455 -22.4611 0.0000 1650405796231 1191980.5000 -0.1994
-5.8952 33.2914 -21.3380 0.0000 1650405796260 1192009.7500 -0.1994
-7.0031 30.5573 -21.1909 0.0000 1650405796289 1192038.7500 -0.1994
-1.7853 31.1404 -16.3186 0.0000 1650405796318 1192067.7500 -0.1996
-5.0120 31.7498 -19.1786 0.0000 1650405796347 1192096.7500 -0.1999
-6.1827 32.8868 -21.8529 0.0000 1650405796376 1192125.5000 -0.1999
-5.2031 33.4879 -19.5845 0.0000 1650405796405 1192154.5000 -0.1999
-5.3068 34.5637 -22.3865 0.0000 1650405796435 1192183.2500 -0.1999
-6.2906 29.8908 -18.1231 0.0000 1650405796464 1192212.2500 -0.1999
-5.7350 30.6153 -18.5717 0.0000 1650405796492 1192241.2500 -0.1999
-2.1401 32.0085 -18.7133 0.0000 1650405796522 1192271.5000 -0.2004
-4.6682 33.0236 -18.7710 0.0000 1650405796550 1192298.5000 -0.2004
-6.6271 33.1349 -20.7491 0.0000 1650405796579 1192328.2500 -0.2004
-6.0956 32.2199 -21.0700 0.0000 1650405796608 1192357.2500 -0.2004
-6.8455 32.7167 -20.0981 0.0000 1650405796637 1192386.2500 -0.2004
-5.2898 31.2512 -15.9079 0.0000 1650405796666 1192415.2500 -0.2004
-3.4581 32.8477 -20.6161 0.0000 1650405796695 1192444.2500 -0.1999
-3.3370 32.0364 -21.9685 0.0000 1650405796724 1192473.2500 -0.1999
-6.7476 32.4380 -20.2079 0.0000 1650405796753 1192502.2500 -0.1999
-8.5268 31.9652 -17.9691 0.0000 1650405796782 1192533.7500 -0.1999
-3.8125 33.0400 -17.4210 0.0000 1650405796811 1192561.0000 -0.1999
-4.6387 32.0851 -21.1131 0.0000 1650405796840 1192589.0000 -0.1999
-2.2012 33.3719 -19.9288 0.0000 1650405796869 1192619.5000 -0.1999
-6.6809 32.6097 -19.1668 0.0000 1650405796899 1192646.7500 -0.1999
-3.7382 31.6727 -20.6846 0.0000 1650405796927 1192675.7500 -0.1994
-5.7527 31.5712 -20.0100 0.0000 1650405796956 1192704.7500 -0.1994
-4.8847 29.1627 -16.4284 0.0000 1650405796985 1192733.7500 -0.1994
-2.7088 31.2284 -19.6979 0.0000 1650405797014 1192762.7500 -0.1994
-4.6984 32.3393 -21.9106 0.0000 1650405797043 1192791.7500 -0.1994
-3.0120 33.0980 -20.2931 0.0000 1650405797071 1192820.7500 -0.1994
-5.5687 32.2019 -21.3608 0.0000 1650405797101 1192849.7500 -0.1994
-6.2334 32.8351 -18.6838 0.0000 1650405797130 1192878.7500 -0.1994
-4.0912 32.9675 -19.5271 0.0000 1650405797159 1192907.7500 -0.1999
-5.5332 30.1192 -19.0898 0.0000 1650405797187 1192936.7500 -0.1999
-3.5884 33.4123 -19.2036 0.0000 1650405797217 1192965.7500 -0.1999
-5.0109 34.6923 -20.4318 0.0000 1650405797246 1192994.7500 -0.1999
-6.3109 33.8801 -20.5895 0.0000 1650405797275 1193023.7500 -0.1999
-6.2435 32.4782 -19.8073 0.0000 1650405797304 1193053.7500 -0.1999
-6.5580 29.9380 -17.5472 0.0000 1650405797333 1193081.5000 -0.2000
-1.8515 30.9226 -18.6253 0.0000 1650405797362 1193110.7500 -0.2004
-2.5159 33.2421 -20.9725 0.0000 1650405797390 1193139.7500 -0.2004
-5.2262 35.4610 -21.3795 0.0000 1650405797419 1193168.7500 -0.2004
-6.1347 33.1197 -20.0369 0.0000 1650405797448 1193197.7500 -0.2004
-5.8561 31.4199 -19.4958 0.0000 1650405797477 1193226.5000 -0.2004
-2.1789 32.4438 -18.6382 0.0000 1650405797506 1193255.5000 -0.2004
-3.3860 31.0522 -18.8606 0.0000 1650405797536 1193284.5000 -0.1999
-2.2222 34.8036 -21.2850 0.0000 1650405797564 1193313.0000 -0.1999
-5.2605 33.4029 -21.3159 0.0000 1650405797593 1193341.7500 -0.1999
-4.7015 31.6062 -19.4767 0.0000 1650405797623 1193371.2500 -0.1999
-6.0995 31.8677 -17.7660 0.0000 1650405797651 1193403.0000 -0.1994
-1.9762 31.9895 -20.2040 0.0000 1650405797681 1193429.2500 -0.1994
-1.7973 32.4380 -18.2561 0.0000 1650405797709 1193458.2500 -0.1994
-4.7320 35.0160 -21.4576 0.0000 1650405797738 1193487.2500 -0.1994
-5.2259 32.3114 -20.8880 0.0000 1650405797767 1193516.2500 -0.1994
-5.2317 30.9451 -20.1447 0.0000 1650405797796 1193545.2500 -0.1994
-5.0290 32.4009 -16.6967 0.0000 1650405797825 1193574.2500 -0.1989
-1.2361 32.8464 -16.2776 0.0000 1650405797854 1193603.2500 -0.1989
-6.4461 33.0335 -19.5196 0.0000 1650405797883 1193632.0000 -0.1989
-3.9798 33.4191 -20.4504 0.0000 1650405797912 1193661.0000 -0.1989
-5.1540 32.9671 -22.3842 0.0000 1650405797941 1193690.0000 -0.1989
-5.4928 31.8410 -20.9846 0.0000 1650405797970 1193719.0000 -0.1989
-2.5534 32.1203 -18.0683 0.0000 1650405798000 1193747.7500 -0.1990
-4.7985 34.3599 -22.4083 0.0000 1650405798028 1193776.7500 -0.1994
-4.7512 34.6294 -20.0363 0.0000 1650405798057 1193805.7500 -0.1994
-4.5844 33.4999 -20.9220 0.0000 1650405798086 1193836.0000 -0.1994
-3.7362 33.1055 -19.9684 0.0000 1650405798115 1193863.2500 -0.1994
-5.8887 31.9120 -20.4345 0.0000 1650405798144 1193892.7500 -0.1994
-6.4101 30.8090 -18.9756 0.0000 1650405798173 1193921.7500 -0.1994
-2.2101 32.9986 -23.0320 0.0000 1650405798202 1193950.7500 -0.1994
-4.2892 33.3274 -18.6726 0.0000 1650405798230 1193979.7500 -0.1994
-4.6597 33.3660 -21.3812 0.0000 1650405798260 1194008.7500 -0.1994
-4.0169 32.6261 -22.4310 0.0000 1650405798289 1194037.7500 -0.1994
-6.3401 29.3020 -18.1493 0.0000 1650405798318 1194066.7500 -0.1994
-5.5948 32.0904 -18.6402 0.0000 1650405798347 1194100.0000 -0.1994
-5.2287 32.6993 -19.6172 0.0000 1650405798376 1194126.0000 -0.1994
-4.2557 35.6941 -20.2492 0.0000 1650405798405 1194153.7500 -0.1994
-4.5000 32.2471 -20.6991 0.0000 1650405798434 1194182.2500 -0.1994
-5.6627 33.3105 -17.8371 0.0000 1650405798463 1194211.7500 -0.1994
-5.6748 33.5529 -18.4813 0.0000 1650405798492 1194240.7500 -0.1989
-4.8234 36.5099 -21.8367 0.0000 1650405798521 1194269.7500 -0.1989
-3.9828 36.2257 -18.5225 0.0000 1650405798549 1194298.7500 -0.1989
-4.5267 34.3327 -19.9617 0.0000 1650405798579 1194327.5000 -0.1989
-2.5646 31.8139 -20.1799 0.0000 1650405798607 1194356.5000 -0.1989
-3.1220 34.4024 -19.0029 0.0000 1650405798636 1194385.5000 -0.1989
-2.2882 30.1081 -17.9921 0.0000 1650405798665 1194414.2500 -0.1984
0.0903 29.9369 -17.1621 0.0000 1650405798695 1194443.2500 -0.1984
-3.0207 30.3889 -19.0384 0.0000 1650405798723 1194472.2500 -0.1984
-0.8354 30.7392 -16.4078 0.0000 1650405798753 1194501.2500 -0.1984
-2.9379 28.1499 -16.6377 0.0000 1650405798782 1194530.2500 -0.1984
-5.7719 26.7922 -13.6217 0.0000 1650405798811 1194559.2500 -0.1984
1.3215 28.3686 -12.8007 0.0000 1650405798840 1194588.2500 -0.1989
-1.0767 24.8430 -15.5397 0.0000 1650405798868 1194620.0000 -0.1989
-1.6912 24.9105 -15.5531 0.0000 1650405798897 1194647.2500 -0.1990
-4.0049 25.2689 -16.9188 0.0000 1650405798926 1194675.2500 -0.1994
-1.3143 26.3559 -14.0951 0.0000 1650405798955 1194704.2500 -0.1994
-2.8868 21.8690 -15.6133 0.0000 1650405798984 1194733.2500 -0.1994
-5.6225 25.1757 -11.5874 0.0000 1650405799013 1194762.0000 -0.1994
-1.3938 24.0457 -12.5108 0.0000 1650405799042 1194791.0000 -0.1994
-2.4537 25.2093 -16.6482 0.0000 1650405799071 1194820.0000 -0.1994
-3.8911 28.2331 -16.0968 0.0000 1650405799100 1194849.0000 -0.1999
-4.7002 27.1740 -15.3362 0.0000 1650405799129 1194882.0000 -0.1998
-4.3520 27.5861 -15.7996 0.0000 1650405799159 1194906.2500 -0.1994
-1.8867 25.6619 -14.5006 0.0000 1650405799187 1194935.7500 -0.1994
-4.7652 27.3425 -16.9200 0.0000 1650405799216 1194964.5000 -0.1999
-2.4699 31.1684 -17.5434 0.0000 1650405799245 1194993.7500 -0.1998
-4.6356 26.6610 -16.1072 0.0000 1650405799274 1195022.7500 -0.1994
-4.3297 25.6155 -18.0067 0.0000 1650405799303 1195051.7500 -0.1994
-6.4229 28.6607 -16.2759 0.0000 1650405799332 1195080.7500 -0.1994
-3.2516 28.5604 -17.5495 0.0000 1650405799361 1195109.7500 -0.1994
-1.1868 28.0553 -16.9793 0.0000 1650405799390 1195138.7500 -0.1994
-5.6147 28.5213 -15.9022 0.0000 1650405799419 1195167.7500 -0.1994
-5.2568 31.0656 -18.0811 0.0000 1650405799448 1195196.7500 -0.1994
-3.5509 29.3860 -16.8269 0.0000 1650405799477 1195225.7500 -0.1994
-5.9548 27.0220 -15.7290 0.0000 1650405799506 1195254.7500 -0.1994
-1.3736 28.6722 -16.5596 0.0000 1650405799535 1195283.7500 -0.1994
-6.6446 28.0107 -18.6059 0.0000 1650405799564 1195312.7500 -0.1989
-5.0767 30.2070 -17.8079 0.0000 1650405799593 1195341.7500 -0.1989
-4.2739 29.6504 -15.9509 0.0000 1650405799622 1195370.7500 -0.1989
-5.0719 30.6609 -15.3981 0.0000 1650405799651 1195400.7500 -0.1989
-2.2209 30.9246 -13.3485 0.0000 1650405799680 1195428.2500 -0.1990
-2.3141 28.7448 -17.0116 0.0000 1650405799708 1195457.5000 -0.1994
-3.5896 30.0240 -16.0928 0.0000 1650405799738 1195486.5000 -0.1994
-6.5960 28.3213 -17.7271 0.0000 1650405799766 1195515.2500 -0.1994
-5.8885 28.4564 -15.8075 0.0000 1650405799795 1195544.2500 -0.1994
-3.9590 30.1799 -15.6934 0.0000 1650405799825 1195573.2500 -0.1994
-4.2366 28.7515 -17.2649 0.0000 1650405799854 1195602.2500 -0.1996
-2.3383 29.6334 -15.4576 0.0000 1650405799882 1195631.2500 -0.1999
-4.7753 31.4855 -17.4280 0.0000 1650405799911 1195661.2500 -0.1999
-4.3875 32.0954 -17.2290 0.0000 1650405799941 1195689.0000 -0.1999
-4.8584 28.5300 -17.1606 0.0000 1650405799970 1195718.2500 -0.1999
-5.7118 28.1771 -15.2133 0.0000 1650405799999 1195748.5000 -0.1999
-2.1009 29.1909 -15.5271 0.0000 1650405800027 1195776.2500 -0.1999
-2.4159 28.6598 -15.8663 0.0000 1650405800056 1195805.2500 -0.1999
-5.5199 30.4718 -18.0738 0.0000 1650405800085 1195834.2500 -0.1999
-5.4175 32.4655 -18.0836 0.0000 1650405800114 1195863.0000 -0.1994
-7.0569 31.4916 -17.6962 0.0000 1650405800143 1195892.0000 -0.1994
-1.0773 27.3918 -15.6576 0.0000 1650405800172 1195921.0000 -0.1994
-3.4161 35.0970 -19.6445 0.0000 1650405800201 1195950.0000 -0.1994
-6.3918 33.8619 -19.3493 0.0000 1650405800230 1195978.7500 -0.1989
-3.3680 31.9837 -20.9836 0.0000 1650405800259 1196007.7500 -0.1989
-4.2961 32.1140 -17.0968 0.0000 1650405800288 1196036.7500 -0.1984
-3.5256 28.7124 -20.0103 0.0000 1650405800318 1196065.7500 -0.1984
-4.3741 28.5833 -16.4826 0.0000 1650405800346 1196094.7500 -0.1984
-0.3470 30.6673 -17.2242 0.0000 1650405800375 1196123.7500 -0.1984
-5.5970 28.1232 -18.5853 0.0000 1650405800404 1196152.7500 -0.1984
-1.9935 27.5109 -17.6097 0.0000 1650405800433 1196183.0000 -0.1984
-2.8559 26.9240 -18.8955 0.0000 1650405800462 1196210.5000 -0.1984
-6.3760 25.4036 -18.4069 0.0000 1650405800491 1196239.7500 -0.1984
2.1754 24.8839 -17.1806 0.0000 1650405800520 1196268.7500 -0.1987
-0.8266 26.4862 -17.9949 0.0000 1650405800549 1196297.7500 -0.1989
-4.3275 27.5242 -19.0087 0.0000 1650405800578 1196326.7500 -0.1990
-2.3211 27.3362 -19.7907 0.0000 1650405800607 1196355.7500 -0.1994
-4.3787 27.4805 -19.6999 0.0000 1650405800636 1196384.7500 -0.1994
-4.2515 25.9931 -18.3967 0.0000 1650405800665 1196415.0000 -0.1994
-1.8097 25.7070 -17.3484 0.0000 1650405800694 1196445.2500 -0.1995
-2.3353 23.9649 -18.0384 0.0000 1650405800723 1196471.2500 -0.1999
-2.8943 27.9263 -20.5284 0.0000 1650405800752 1196500.7500 -0.1999
-2.3453 27.6478 -20.2152 0.0000 1650405800781 1196532.5000 -0.1999
-2.9643 25.4079 -14.8666 0.0000 1650405800810 1196558.5000 -0.1999
-3.9507 25.9855 -19.0265 0.0000 1650405800839 1196587.5000 -0.1999
-0.1034 23.5191 -15.6286 0.0000 1650405800868 1196616.5000 -0.1999
-4.6883 26.3272 -21.1979 0.0000 1650405800897 1196645.2500 -0.1999
-2.9984 27.5050 -18.4573 0.0000 1650405800925 1196674.2500 -0.1999
-2.7936 26.3782 -21.4621 0.0000 1650405800954 1196703.2500 -0.1994
-6.5021 26.6743 -20.0324 0.0000 1650405800984 1196732.2500 -0.1994
-0.5029 26.5067 -18.2593 0.0000 1650405801013 1196761.2500 -0.1994
0.2659 26.5402 -21.5451 0.0000 1650405801041 1196790.2500 -0.1994
-4.1076 30.2173 -22.0622 0.0000 1650405801071 1196819.2500 -0.1994
-2.1972 28.4860 -22.6303 0.0000 1650405801100 1196848.2500 -0.1994
-4.2262 27.0410 -23.4337 0.0000 1650405801129 1196877.2500 -0.1989
-4.9848 26.4162 -23.3329 0.0000 1650405801158 1196906.2500 -0.1989
-0.0241 24.9551 -19.4562 0.0000 1650405801187 1196935.2500 -0.1989
-1.2524 23.5782 -19.2513 0.0000 1650405801216 1196968.2500 -0.1989
-6.0821 26.7250 -23.0950 0.0000 1650405801244 1196992.7500 -0.1989
-2.0104 26.7297 -22.5252 0.0000 1650405801273 1197022.0000 -0.1989
-2.9705 25.2463 -22.4603 0.0000 1650405801302 1197051.0000 -0.1989
-4.1133 23.9304 -20.7448 0.0000 1650405801331 1197079.7500 -0.1989
-0.3704 23.6553 -17.6378 0.0000 1650405801360 1197108.7500 -0.1994
-1.7203 27.4163 -21.2739 0.0000 1650405801389 1197137.7500 -0.1994
-2.7607 28.9134 -21.2402 0.0000 1650405801418 1197166.7500 -0.1994
-5.6429 27.9906 -23.1542 0.0000 1650405801447 1197195.7500 -0.1994
-2.5659 27.9472 -21.7757 0.0000 1650405801477 1197226.0000 -0.1994
-4.1158 28.8369 -23.2029 0.0000 1650405801505 1197253.5000 -0.1994
-0.3267 26.4950 -20.6851 0.0000 1650405801534 1197282.7500 -0.1994
-2.6457 27.9506 -21.3713 0.0000 1650405801563 1197313.0000 -0.1994
-4.5410 27.7325 -23.2039 0.0000 1650405801592 1197340.7500 -0.1994
-2.7467 30.4686 -23.9248 0.0000 1650405801621 1197369.7500 -0.1994
-3.7806 29.0461 -22.2262 0.0000 1650405801650 1197398.7500 -0.1996
-3.6358 23.7690 -16.6964 0.0000 1650405801679 1197427.7500 -0.1999
0.2092 26.9190 -21.7047 0.0000 1650405801708 1197456.7500 -0.1999
-3.2585 29.7190 -22.7435 0.0000 1650405801737 1197485.7500 -0.1999
-2.4085 27.5250 -22.7139 0.0000 1650405801765 1197514.7500 -0.1999
-4.2745 28.2052 -23.7076 0.0000 1650405801795 1197543.7500 -0.1994
-5.2518 28.8602 -22.8270 0.0000 1650405801824 1197572.7500 -0.1994
-0.2361 26.9028 -22.7049 0.0000 1650405801853 1197601.7500 -0.1994
-0.7956 29.6344 -22.3154 0.0000 1650405801882 1197630.7500 -0.1994
-2.2237 32.2445 -23.4590 0.0000 1650405801911 1197659.7500 -0.1994
-3.3505 31.1961 -21.6139 0.0000 1650405801940 1197688.5000 -0.1994
-3.2387 29.3927 -22.8849 0.0000 1650405801969 1197717.5000 -0.1989
-5.4332 28.3724 -20.4378 0.0000 1650405801998 1197745.7500 -0.1989
-2.3948 27.4699 -22.9763 0.0000 1650405802027 1197775.2500 -0.1989
-1.5709 28.0178 -24.6138 0.0000 1650405802056 1197804.2500 -0.1989
-1.6943 30.6194 -21.4667 0.0000 1650405802084 1197833.2500 -0.1987
-6.9739 33.2571 -22.3804 0.0000 1650405802114 1197862.2500 -0.1984
-4.0282 29.1615 -23.3657 0.0000 1650405802142 1197891.2500 -0.1984
-3.9424 33.1110 -20.5431 0.0000 1650405802171 1197920.2500 -0.1984
1.4808 26.9813 -19.1571 0.0000 1650405802200 1197949.2500 -0.1985
-0.0747 27.4845 -19.5019 0.0000 1650405802229 1197978.2500 -0.1989
-2.7786 30.1577 -21.4891 0.0000 1650405802259 1198006.2500 -0.1989
-3.5336 29.1777 -19.7870 0.0000 1650405802288 1198036.2500 -0.1989
-6.8562 26.7762 -21.6436 0.0000 1650405802317 1198066.7500 -0.1989
-2.1032 28.0971 -15.7250 0.0000 1650405802345 1198095.0000 -0.1989
-5.2182 28.7125 -20.2881 0.0000 1650405802375 1198123.0000 -0.1989
-2.4867 30.5714 -20.9434 0.0000 1650405802403 1198152.0000 -0.1989
-2.7749 28.2174 -16.9592 0.0000 1650405802432 1198181.0000 -0.1989
-3.5667 30.2904 -22.6468 0.0000 1650405802461 1198209.7500 -0.1989
-5.5443 26.4829 -20.3099 0.0000 1650405802490 1198238.7500 -0.1989
-2.3529 28.2431 -15.5901 0.0000 1650405802519 1198267.7500 -0.1994
-3.3323 26.8533 -15.5856 0.0000 1650405802548 1198296.7500 -0.1994
-3.9420 27.9001 -16.3788 0.0000 1650405802577 1198325.7500 -0.1994
-3.8003 27.1083 -18.6963 0.0000 1650405802606 1198354.7500 -0.1994
-1.8894 27.7202 -17.9661 0.0000 1650405802636 1198383.7500 -0.1989
-5.2649 27.7987 -19.3791 0.0000 1650405802664 1198412.7500 -0.1989
-2.4472 21.4987 -13.6092 0.0000 1650405802694 1198441.7500 -0.1989
-4.4844 25.9219 -15.9567 0.0000 1650405802726 1198470.7500 -0.1989
-3.5736 27.5959 -17.5503 0.0000 1650405802751 1198499.7500 -0.1989
-3.1250 25.7388 -16.5460 0.0000 1650405802780 1198529.2500 -0.1989
-2.2598 27.1986 -16.6460 0.0000 1650405802809 1198557.7500 -0.1984
-5.2556 22.3474 -14.1155 0.0000 1650405802838 1198586.7500 -0.1984
-3.4301 22.6863 -9.7886 0.0000 1650405802867 1198615.7500 -0.1984
0.6480 21.7273 -11.3600 0.0000 1650405802896 1198644.7500 -0.1984
-2.4166 23.4333 -14.1637 0.0000 1650405802925 1198673.7500 -0.1979
-4.5097 21.8827 -17.1758 0.0000 1650405802954 1198702.7500 -0.1979
-3.8031 20.9744 -14.5237 0.0000 1650405802983 1198731.7500 -0.1979
-7.1835 23.2627 -11.9331 0.0000 1650405803012 1198762.0000 -0.1979
1.6110 20.4359 -11.5013 0.0000 1650405803041 1198791.7500 -0.1979
-1.3739 21.4410 -14.6833 0.0000 1650405803070 1198818.5000 -0.1979
-4.7751 25.2882 -13.4403 0.0000 1650405803099 1198847.5000 -0.1979
-5.0414 24.2107 -16.9093 0.0000 1650405803128 1198875.7500 -0.1979
-10.6778 25.1230 -13.4553 0.0000 1650405803157 1198905.2500 -0.1984
-1.4074 21.7403 -9.9935 0.0000 1650405803186 1198934.2500 -0.1984
-2.1682 22.4474 -14.6500 0.0000 1650405803215 1198963.2500 -0.1984
-4.3130 28.5150 -15.8864 0.0000 1650405803243 1198992.2500 -0.1984
-3.6228 26.8029 -18.8006 0.0000 1650405803273 1199021.2500 -0.1984
-4.3194 25.5022 -19.0929 0.0000 1650405803301 1199050.2500 -0.1984
-8.2115 25.2992 -15.3353 0.0000 1650405803331 1199079.2500 -0.1984
-6.7526 21.5521 -12.4418 0.0000 1650405803360 1199108.2500 -0.1984
-0.1673 25.1710 -10.9732 0.0000 1650405803389 1199137.2500 -0.1984
-3.3301 28.6544 -16.3907 0.0000 1650405803418 1199166.2500 -0.1984
-3.0675 25.4464 -16.1486 0.0000 1650405803447 1199195.2500 -0.1984
-4.7762 26.8537 -15.0776 0.0000 1650405803476 1199224.0000 -0.1984
-7.6618 24.1158 -13.4310 0.0000 1650405803505 1199253.0000 -0.1984
-2.7832 22.1171 -11.3133 0.0000 1650405803534 1199283.5000 -0.1984
-2.1975 26.8212 -14.7298 0.0000 1650405803562 1199311.5000 -0.1984
-3.2189 29.9358 -17.4437 0.0000 1650405803591 1199339.7500 -0.1984
-6.6570 26.5679 -18.4829 0.0000 1650405803620 1199368.7500 -0.1984
-6.6188 27.3649 -18.1514 0.0000 1650405803649 1199397.7500 -0.1979
-7.1273 28.8115 -14.1183 0.0000 1650405803678 1199426.7500 -0.1979
-4.2443 22.9797 -12.7849 0.0000 1650405803708 1199455.7500 -0.1974
-0.7305 24.7293 -11.7137 0.0000 1650405803736 1199484.7500 -0.1974
-5.3455 30.3519 -17.4962 0.0000 1650405803765 1199513.7500 -0.1974
-7.1788 26.3121 -17.1928 0.0000 1650405803795 1199544.2500 -0.1974
-6.4544 27.0700 -14.7850 0.0000 1650405803823 1199570.7500 -0.1974
-7.5252 26.9746 -13.7714 0.0000 1650405803853 1199600.7500 -0.1974
0.6879 27.4055 -12.9421 0.0000 1650405803881 1199631.2500 -0.1976
-1.4367 25.7157 -17.6147 0.0000 1650405803910 1199658.5000 -0.1979
-4.4004 28.1100 -17.6811 0.0000 1650405803939 1199687.7500 -0.1979
-5.9323 29.8055 -16.3057 0.0000 1650405803968 1199716.7500 -0.1979
-9.4149 25.0441 -14.8921 0.0000 1650405803997 1199745.7500 -0.1979
-2.7295 26.4364 -12.9283 0.0000 1650405804026 1199774.7500 -0.1979
-1.1765 28.4366 -14.6531 0.0000 1650405804055 1199803.7500 -0.1979
-6.3137 32.5563 -17.8197 0.0000 1650405804084 1199832.7500 -0.1979
-3.5036 30.8971 -16.8027 0.0000 1650405804113 1199861.7500 -0.1979
-5.7985 30.4301 -18.1564 0.0000 1650405804142 1199890.7500 -0.1979
-7.4633 30.7062 -18.1038 0.0000 1650405804171 1199919.5000 -0.1979
-4.4106 30.6110 -14.6951 0.0000 1650405804200 1199948.5000 -0.1979
-2.7208 29.6031 -16.3391 0.0000 1650405804229 1199977.2500 -0.1979
-4.0930 33.4624 -21.0709 0.0000 1650405804258 1200006.2500 -0.1979
-6.0936 31.1606 -16.9049 0.0000 1650405804287 1200035.2500 -0.1979
-3.1125 31.4905 -21.2871 0.0000 1650405804316 1200065.7500 -0.1979
-6.1140 29.8607 -15.4350 0.0000 1650405804345 1200092.7500 -0.1978
-5.1709 26.9455 -13.7447 0.0000 1650405804374 1200122.2500 -0.1974
-2.3775 30.0022 -20.0804 0.0000 1650405804402 1200151.2500 -0.1974
-3.0968 31.9238 -16.4674 0.0000 1650405804432 1200180.2500 -0.1974
-3.1370 29.7659 -18.3068 0.0000 1650405804460 1200209.2500 -0.1974
-5.9942 25.1007 -17.0075 0.0000 1650405804490 1200238.2500 -0.1974
-6.8935 28.1053 -18.6192 0.0000 1650405804518 1200267.2500 -0.1974
-2.6682 30.1861 -18.0946 0.0000 1650405804548 1200296.2500 -0.1969
0.7437 25.0131 -13.4332 0.0000 1650405804577 1200324.7500 -0.1969
-2.3043 27.3082 -20.3200 0.0000 1650405804606 1200353.5000 -0.1969
-2.6551 29.0790 -21.7233 0.0000 1650405804635 1200383.0000 -0.1969
-3.2664 26.8442 -20.8935 0.0000 1650405804664 1200412.0000 -0.1969
-3.7155 25.4191 -18.7954 0.0000 1650405804693 1200440.5000 -0.1969
0.1196 26.2411 -18.4389 0.0000 1650405804721 1200469.7500 -0.1974
-4.0972 26.4758 -20.7655 0.0000 1650405804751 1200498.7500 -0.1974
-4.4502 27.4814 -19.8447 0.0000 1650405804779 1200527.7500 -0.1974
-1.2012 25.5065 -22.2428 0.0000 1650405804808 1200556.7500 -0.1974
-2.3433 26.2027 -16.2579 0.0000 1650405804837 1200585.7500 -0.1974
1.3872 23.3944 -17.0418 0.0000 1650405804866 1200614.7500 -0.1974
-1.4000 26.9673 -20.4977 0.0000 1650405804895 1200643.7500 -0.1974
-3.7160 29.2787 -19.7025 0.0000 1650405804924 1200672.7500 -0.1974
-4.0178 28.8669 -23.1840 0.0000 1650405804953 1200701.7500 -0.1977
-3.6126 28.2976 -20.1218 0.0000 1650405804982 1200730.7500 -0.1979
-7.2379 28.5374 -19.5354 0.0000 1650405805012 1200759.7500 -0.1978
-2.4878 25.7016 -19.2342 0.0000 1650405805040 1200788.7500 -0.1974
0.8864 23.7155 -18.7721 0.0000 1650405805069 1200817.7500 -0.1974
-3.0869 27.0603 -21.0862 0.0000 1650405805098 1200846.2500 -0.1979
-3.9154 24.9471 -23.7819 0.0000 1650405805127 1200875.2500 -0.1978
-6.6845 23.4628 -19.8679 0.0000 1650405805156 1200904.7500 -0.1974
-2.5813 27.1160 -22.0883 0.0000 1650405805185 1200933.7500 -0.1974
0.9469 25.3025 -17.0196 0.0000 1650405805214 1200962.7500 -0.1974
-1.7320 26.2695 -20.8868 0.0000 1650405805243 1200991.7500 -0.1974
-4.0388 24.9107 -22.2941 0.0000 1650405805272 1201020.5000 -0.1974
-3.6769 25.7720 -23.4974 0.0000 1650405805301 1201049.5000 -0.1974
-3.4312 23.3631 -24.3967 0.0000 1650405805330 1201078.5000 -0.1969
-1.1632 23.4471 -19.0002 0.0000 1650405805359 1201108.5000 -0.1969
-0.2105 26.1683 -21.2329 0.0000 1650405805388 1201137.0000 -0.1969
-1.6512 27.1206 -23.3875 0.0000 1650405805417 1201165.2500 -0.1969
-4.2962 28.6821 -21.1532 0.0000 1650405805446 1201194.2500 -0.1965
-1.3606 27.0986 -22.9879 0.0000 1650405805475 1201223.2500 -0.1965
-1.7372 29.7055 -22.1647 0.0000 1650405805504 1201252.2500 -0.1965
-5.1032 21.0087 -16.3894 0.0000 1650405805533 1201281.2500 -0.1965
0.6078 23.5838 -19.4729 0.0000 1650405805562 1201310.2500 -0.1965
-0.1557 30.4923 -22.2606 0.0000 1650405805591 1201339.2500 -0.1965
-2.4209 29.9892 -24.3574 0.0000 1650405805619 1201368.2500 -0.1965
0.2851 28.2235 -26.3443 0.0000 1650405805648 1201397.2500 -0.1965
-6.0636 26.7612 -20.9763 0.0000 1650405805678 1201426.2500 -0.1966
0.4734 24.5076 -22.9069 0.0000 1650405805707 1201455.0000 -0.1969
-3.1565 30.7206 -22.2231 0.0000 1650405805735 1201484.0000 -0.1969
-2.4131 29.2701 -24.2244 0.0000 1650405805765 1201513.0000 -0.1969
-1.2119 28.2897 -26.5401 0.0000 1650405805794 1201541.7500 -0.1969
-6.1126 27.1675 -22.0255 0.0000 1650405805823 1201570.7500 -0.1969
-3.3508 29.5923 -20.5494 0.0000 1650405805852 1201599.7500 -0.1969
-2.6538 27.3045 -22.9141 0.0000 1650405805880 1201630.2500 -0.1969
-0.9503 26.9756 -22.4271 0.0000 1650405805910 1201659.0000 -0.1969
-2.5683 29.3168 -23.6402 0.0000 1650405805938 1201686.7500 -0.1969
-2.8962 29.1808 -24.4776 0.0000 1650405805967 1201715.7500 -0.1969
-3.9942 25.8508 -25.4456 0.0000 1650405805996 1201744.7500 -0.1969
-5.0975 27.4514 -21.3369 0.0000 1650405806025 1201773.7500 -0.1968
-2.0424 30.8625 -20.7624 0.0000 1650405806054 1201802.7500 -0.1965
-4.0201 32.4007 -23.2140 0.0000 1650405806083 1201831.7500 -0.1965
-3.5060 31.5191 -20.7514 0.0000 1650405806112 1201860.7500 -0.1965
-3.4340 31.8055 -21.3371 0.0000 1650405806142 1201890.5000 -0.1965
-8.9183 26.9328 -22.1128 0.0000 1650405806171 1201920.0000 -0.1965
-1.6661 27.6241 -20.0573 0.0000 1650405806199 1201947.7500 -0.1965
-0.0714 27.4327 -19.5414 0.0000 1650405806229 1201977.7500 -0.1960
-4.3236 28.1147 -20.1748 0.0000 1650405806258 1202005.7500 -0.1960
-4.3436 29.3470 -20.0160 0.0000 1650405806286 1202034.7500 -0.1960
-3.4396 29.1211 -20.6718 0.0000 1650405806315 1202063.7500 -0.1960
-4.1754 28.7670 -21.0277 0.0000 1650405806344 1202092.7500 -0.1960
-4.7517 29.7543 -19.7454 0.0000 1650405806373 1202121.7500 -0.1960
-3.6800 28.4583 -17.6162 0.0000 1650405806402 1202150.5000 -0.1960
-1.5423 30.1413 -20.8629 0.0000 1650405806431 1202179.5000 -0.1960
-2.1648 27.6593 -20.7905 0.0000 1650405806460 1202208.2500 -0.1960
-5.9296 26.1400 -18.3340 0.0000 1650405806489 1202237.2500 -0.1960
-3.6331 25.8904 -17.7459 0.0000 1650405806518 1202266.2500 -0.1962
1.1997 28.0111 -19.0901 0.0000 1650405806547 1202295.2500 -0.1965
-2.8261 28.3332 -15.3758 0.0000 1650405806576 1202324.2500 -0.1965
-3.8016 28.7398 -19.6704 0.0000 1650405806605 1202353.2500 -0.1965
-4.9355 25.3256 -15.4919 0.0000 1650405806634 1202382.2500 -0.1965
-3.6549 23.8371 -16.3346 0.0000 1650405806663 1202411.0000 -0.1965
-0.3136 24.1668 -17.7297 0.0000 1650405806692 1202439.7500 -0.1965
-1.8408 22.9515 -16.7209 0.0000 1650405806721 1202469.2500 -0.1965
-1.1737 26.4985 -15.7519 0.0000 1650405806750 1202498.2500 -0.1966
-3.6602 25.9028 -14.8825 0.0000 1650405806778 1202527.2500 -0.1969
-2.1834 24.3327 -15.8667 0.0000 1650405806808 1202556.0000 -0.1969
-2.8629 23.3030 -16.5420 0.0000 1650405806837 1202585.0000 -0.1969
-3.6201 23.9806 -14.7415 0.0000 1650405806866 1202614.0000 -0.1969
-2.6849 26.6883 -15.6491 0.0000 1650405806894 1202643.0000 -0.1965
-2.3642 22.2360 -14.9915 0.0000 1650405806924 1202674.7500 -0.1965
-2.6873 26.5740 -14.9256 0.0000 1650405806953 1202702.0000 -0.1965
-3.7126 22.5431 -15.9435 0.0000 1650405806982 1202729.7500 -0.1965
-5.6705 23.5959 -14.2922 0.0000 1650405807011 1202758.5000 -0.1965
-1.6671 24.0582 -12.7921 0.0000 1650405807040 1202787.7500 -0.1965
-4.6034 22.5596 -14.8299 0.0000 1650405807069 1202816.7500 -0.1960
-2.8804 26.5062 -15.2268 0.0000 1650405807097 1202845.7500 -0.1960
-3.6975 25.7733 -14.2820 0.0000 1650405807126 1202874.7500 -0.1960
-6.0874 25.5013 -15.5578 0.0000 1650405807155 1202903.7500 -0.1960
-4.4813 27.3416 -13.9874 0.0000 1650405807184 1202932.7500 -0.1960
-3.0448 24.9063 -14.8667 0.0000 1650405807213 1202961.7500 -0.1960
-4.7825 27.5573 -15.9207 0.0000 1650405807243 1202990.7500 -0.1960
-4.3291 25.3806 -16.5480 0.0000 1650405807271 1203019.7500 -0.1960
-5.0910 24.7427 -16.8368 0.0000 1650405807300 1203048.7500 -0.1960
-7.2448 25.1637 -14.0859 0.0000 1650405807330 1203077.7500 -0.1960
-5.1410 25.0824 -13.6474 0.0000 1650405807358 1203106.7500 -0.1960
0.0720 29.0448 -17.4936 0.0000 1650405807388 1203135.7500 -0.1960
-3.0992 26.2734 -15.7517 0.0000 1650405807416 1203164.7500 -0.1960
-5.8029 27.5144 -15.2806 0.0000 1650405807445 1203193.5000 -0.1960
-6.4876 26.0148 -17.3209 0.0000 1650405807474 1203222.5000 -0.1960
-5.0194 26.3219 -15.2090 0.0000 1650405807503 1203251.5000 -0.1960
-2.7311 26.7981 -13.9063 0.0000 1650405807532 1203280.5000 -0.1961
-6.2745 29.1418 -15.3950 0.0000 1650405807561 1203309.5000 -0.1965
-3.8813 29.2048 -15.2800 0.0000 1650405807590 1203338.2500 -0.1965
-4.4744 28.9126 -15.5366 0.0000 1650405807619 1203367.2500 -0.1965
-3.7783 31.1677 -16.6132 0.0000 1650405807648 1203396.2500 -0.1963
-2.6863 30.7810 -13.5979 0.0000 1650405807677 1203425.2500 -0.1960
-6.0258 29.2215 -17.6679 0.0000 1650405807706 1203454.0000 -0.1960
-3.0623 30.1045 -15.2911 0.0000 1650405807735 1203482.5000 -0.1960
-5.3787 30.3353 -15.9040 0.0000 1650405807764 1203512.2500 -0.1960
-5.2017 29.8656 -18.0013 0.0000 1650405807793 1203540.7500 -0.1960
-4.0767 30.2826 -16.4039 0.0000 1650405807822 1203570.2500 -0.1960
-5.2824 29.7843 -14.5860 0.0000 1650405807851 1203599.2500 -0.1955
-1.7164 28.6482 -16.9500 0.0000 1650405807880 1203628.2500 -0.1955
-5.1610 27.7850 -16.7058 0.0000 1650405807909 1203657.2500 -0.1955
-3.4469 32.3552 -14.9997 0.0000 1650405807937 1203686.0000 -0.1955
-3.2895 26.2949 -16.4965 0.0000 1650405807967 1203715.0000 -0.1955
-6.1600 30.8416 -13.2894 0.0000 1650405807996 1203744.0000 -0.1955
-2.2606 29.3660 -16.2656 0.0000 1650405808025 1203772.7500 -0.1955
-3.9787 28.5751 -16.4142 0.0000 1650405808054 1203801.7500 -0.1955
-4.0857 30.2156 -15.4472 0.0000 1650405808083 1203830.7500 -0.1955
-4.1736 28.8083 -16.4319 0.0000 1650405808112 1203859.7500 -0.1955
-2.5412 31.6032 -19.3081 0.0000 1650405808141 1203888.7500 -0.1955
-4.9981 29.9576 -13.4696 0.0000 1650405808170 1203917.7500 -0.1955
-2.7391 25.5386 -14.2542 0.0000 1650405808199 1203946.7500 -0.1955
-2.7732 29.0155 -16.7370 0.0000 1650405808228 1203978.5000 -0.1955
-3.5079 33.3404 -19.0190 0.0000 1650405808256 1204004.2500 -0.1960
-4.9187 31.8106 -17.4982 0.0000 1650405808286 1204033.7500 -0.1960
-3.8201 30.8526 -19.6237 0.0000 1650405808314 1204062.7500 -0.1960
-5.9944 33.9724 -19.1574 0.0000 1650405808343 1204091.7500 -0.1960
-2.3005 28.9271 -20.1482 0.0000 1650405808372 1204120.7500 -0.1960
-2.7582 28.6765 -16.8335 0.0000 1650405808402 1204149.7500 -0.1960
-1.9621 31.3186 -18.3462 0.0000 1650405808430 1204178.7500 -0.1960
-2.9791 26.8583 -19.5332 0.0000 1650405808459 1204207.7500 -0.1960
-3.3303 27.7913 -18.6639 0.0000 1650405808489 1204239.5000 -0.1960
-3.1165 25.0942 -13.9998 0.0000 1650405808518 1204267.0000 -0.1960
0.1709 28.1409 -17.2964 0.0000 1650405808547 1204294.7500 -0.1960
-2.6041 29.2953 -20.3707 0.0000 1650405808575 1204325.0000 -0.1960
-4.0370 28.3121 -19.0432 0.0000 1650405808604 1204352.5000 -0.1960
-0.9492 27.0826 -19.5734 0.0000 1650405808633 1204381.5000 -0.1955
-2.8497 28.3652 -22.9512 0.0000 1650405808662 1204410.5000 -0.1955
-0.9916 22.9611 -14.6782 0.0000 1650405808691 1204439.2500 -0.1955
-1.9449 26.7284 -19.0307 0.0000 1650405808720 1204468.2500 -0.1955
-2.5374 27.3082 -23.5593 0.0000 1650405808749 1204497.2500 -0.1955
-0.9026 26.8962 -20.3764 0.0000 1650405808778 1204526.2500 -0.1955
-0.9453 29.1913 -19.7517 0.0000 1650405808807 1204555.2500 -0.1955
-2.7012 27.3281 -20.1110 0.0000 1650405808836 1204584.2500 -0.1955
-1.4144 24.5663 -17.7261 0.0000 1650405808866 1204613.2500 -0.1955
-1.0115 26.3963 -20.5093 0.0000 1650405808894 1204642.2500 -0.1955
-2.8531 25.8899 -21.5669 0.0000 1650405808923 1204671.2500 -0.1955
-2.8309 25.2350 -20.0084 0.0000 1650405808952 1204700.2500 -0.1955
-5.2684 25.1520 -20.5764 0.0000 1650405808981 1204729.2500 -0.1955
-5.1665 27.2954 -17.2316 0.0000 1650405809010 1204760.5000 -0.1955
-2.1459 28.2446 -21.0693 0.0000 1650405809039 1204786.7500 -0.1955
0.7533 25.7899 -19.8185 0.0000 1650405809068 1204816.0000 -0.1955
-2.5545 25.3417 -21.5077 0.0000 1650405809097 1204845.0000 -0.1956
-5.1554 26.1091 -25.0118 0.0000 1650405809126 1204874.0000 -0.1960
-3.9532 24.3541 -23.3315 0.0000 1650405809155 1204902.7500 -0.1960
-6.7183 24.5794 -18.2592 0.0000 1650405809184 1204931.7500 -0.1960
0.5077 27.8880 -22.1597 0.0000 1650405809213 1204960.7500 -0.1960
0.9488 24.8790 -21.2430 0.0000 1650405809242 1204989.7500 -0.1960
-3.1572 25.3828 -25.2429 0.0000 1650405809271 1205020.0000 -0.1960
-4.2446 27.2618 -24.1618 0.0000 1650405809300 1205047.7500 -0.1960
-3.7569 24.2808 -22.3817 0.0000 1650405809329 1205076.7500 -0.1961
3.2554 25.0519 -16.4838 0.0000 1650405809358 1205105.5000 -0.1965
-1.5002 25.7166 -20.4426 0.0000 1650405809387 1205134.7500 -0.1965
-2.2454 27.0177 -22.0924 0.0000 1650405809415 1205163.7500 -0.1960
-1.5614 26.0497 -22.0843 0.0000 1650405809445 1205192.7500 -0.1960
-3.2346 26.3897 -21.6765 0.0000 1650405809473 1205221.7500 -0.1960
-2.3901 28.4150 -21.9318 0.0000 1650405809502 1205250.7500 -0.1960
-5.1856 27.4070 -20.2719 0.0000 1650405809531 1205279.7500 -0.1960
3.4302 22.9493 -17.6631 0.0000 1650405809561 1205308.7500 -0.1960
-4.1418 29.7647 -23.9942 0.0000 1650405809589 1205337.7500 -0.1955
-1.4765 27.3938 -24.3393 0.0000 1650405809618 1205366.7500 -0.1955
-3.0983 29.6660 -22.4613 0.0000 1650405809648 1205395.7500 -0.1955
-0.2015 28.8480 -20.4387 0.0000 1650405809677 1205424.7500 -0.1955
-0.2175 25.8175 -22.2862 0.0000 1650405809706 1205453.7500 -0.1955
-1.7530 29.7445 -22.7308 0.0000 1650405809734 1205482.5000 -0.1955
-2.0515 29.5093 -20.5786 0.0000 1650405809764 1205511.5000 -0.1955
-2.2464 26.8195 -23.6371 0.0000 1650405809792 1205541.5000 -0.1955
-5.3548 25.3722 -21.7250 0.0000 1650405809821 1205569.0000 -0.1955
-0.6872 21.2479 -17.3243 0.0000 1650405809850 1205598.2500 -0.1955
-1.2002 28.5563 -22.9447 0.0000 1650405809879 1205627.2500 -0.1955
-2.0640 28.1304 -25.5347 0.0000 1650405809908 1205656.2500 -0.1955
-0.9972 28.9407 -26.1322 0.0000 1650405809937 1205685.2500 -0.1957
-1.1088 28.6130 -23.7565 0.0000 1650405809966 1205714.2500 -0.1960
-5.1467 27.3249 -22.3526 0.0000 1650405809995 1205743.2500 -0.1960
-4.3031 25.8076 -19.5900 0.0000 1650405810025 1205772.2500 -0.1960
-2.4049 27.5381 -19.5120 0.0000 1650405810053 1205805.2500 -0.1960
-3.1008 31.6005 -24.1089 0.0000 1650405810082 1205830.0000 -0.1960
-0.8154 30.1235 -22.0105 0.0000 1650405810111 1205859.2500 -0.1960
-4.9423 30.3418 -23.4117 0.0000 1650405810140 1205888.7500 -0.1960
-3.7704 30.4839 -19.7638 0.0000 1650405810169 1205917.0000 -0.1960
2.2866 24.3191 -17.6916 0.0000 1650405810198 1205946.0000 -0.1960
-3.9388 29.2557 -23.4642 0.0000 1650405810227 1205975.0000 -0.1960
-3.1731 30.2263 -21.1756 0.0000 1650405810256 1206003.7500 -0.1960
-4.1873 29.0362 -23.2250 0.0000 1650405810285 1206032.7500 -0.1960
-5.9229 29.6583 -19.1498 0.0000 1650405810313 1206061.7500 -0.1955
-3.0714 29.1479 -20.7592 0.0000 1650405810343 1206090.7500 -0.1955
-2.6205 29.1709 -19.8033 0.0000 1650405810372 1206119.7500 -0.1955
-5.0242 28.4755 -20.0756 0.0000 1650405810401 1206148.7500 -0.1955
-3.1968 28.9907 -19.1087 0.0000 1650405810430 1206177.7500 -0.1955
-4.0063 27.4047 -19.9948 0.0000 1650405810459 1206206.7500 -0.1955
-3.6963 28.1017 -18.8040 0.0000 1650405810488 1206235.7500 -0.1955
-4.9000 24.4119 -15.3593 0.0000 1650405810517 1206264.7500 -0.1955
-2.3538 26.8849 -16.1812 0.0000 1650405810546 1206293.7500 -0.1950
-2.9057 27.5178 -18.1358 0.0000 1650405810575 1206323.5000 -0.1950
-2.9415 28.0465 -19.2587 0.0000 1650405810604 1206351.7500 -0.1950
-2.1972 28.5788 -19.8869 0.0000 1650405810632 1206380.7500 -0.1950
-6.1707 23.9655 -12.8406 0.0000 1650405810661 1206409.7500 -0.1955
-1.0479 25.7482 -13.8616 0.0000 1650405810690 1206438.7500 -0.1955
-1.9843 24.3760 -15.4066 0.0000 1650405810720 1206467.7500 -0.1955
-1.4948 24.6260 -16.3070 0.0000 1650405810748 1206496.7500 -0.1955
-3.5753 25.0427 -13.7140 0.0000 1650405810777 1206525.7500 -0.1955
-3.7713 24.0716 -12.7453 0.0000 1650405810806 1206556.0000 -0.1955
-2.7890 24.2746 -13.8457 0.0000 1650405810836 1206586.2500 -0.1955
-1.9345 24.2069 -16.3274 0.0000 1650405810865 1206611.7500 -0.1955
-0.3890 21.1021 -10.0013 0.0000 1650405810893 1206641.5000 -0.1956
-2.9391 24.5394 -16.8414 0.0000 1650405810923 1206671.7500 -0.1960
-3.9948 21.6726 -16.9542 0.0000 1650405810951 1206699.2500 -0.1960
-3.9634 20.5193 -16.1098 0.0000 1650405810980 1206728.2500 -0.1960
-1.9411 23.2287 -8.5737 0.0000 1650405811009 1206757.2500 -0.1958
2.7498 23.4309 -11.6742 0.0000 1650405811038 1206786.2500 -0.1960
-6.7190 27.7255 -13.5303 0.0000 1650405811067 1206815.2500 -0.1960
-3.3198 25.5968 -15.4286 0.0000 1650405811096 1206844.2500 -0.1960
-3.9493 24.4942 -15.7279 0.0000 1650405811125 1206873.2500 -0.1960
-9.3557 23.7850 -15.1588 0.0000 1650405811154 1206902.2500 -0.1960
-1.2234 19.8192 -9.4513 0.0000 1650405811184 1206931.2500 -0.1960
-0.1467 23.7035 -14.4716 0.0000 1650405811212 1206960.2500 -0.1960
-3.2978 26.1396 -18.1821 0.0000 1650405811241 1206989.2500 -0.1960
-6.4217 25.8497 -16.3752 0.0000 1650405811270 1207018.0000 -0.1955
-3.6536 28.7620 -16.2721 0.0000 1650405811299 1207047.0000 -0.1955
-8.5562 22.5509 -15.7211 0.0000 1650405811328 1207076.0000 -0.1955
-4.5892 23.3952 -12.7826 0.0000 1650405811357 1207104.2500 -0.1955
2.1612 25.4392 -14.4885 0.0000 1650405811386 1207133.7500 -0.1955
-3.6778 27.1196 -17.3286 0.0000 1650405811415 1207162.7500 -0.1955
-4.8387 26.9373 -17.7785 0.0000 1650405811444 1207191.7500 -0.1955
-7.5398 26.0136 -16.2338 0.0000 1650405811473 1207220.7500 -0.1955
-4.3856 25.3538 -12.2989 0.0000 1650405811502 1207249.7500 -0.1955
-0.6014 23.9384 -12.9732 0.0000 1650405811531 1207278.7500 -0.1955
0.7561 25.8702 -13.9148 0.0000 1650405811560 1207307.7500 -0.1960
-4.4404 28.0472 -17.4766 0.0000 1650405811589 1207336.7500 -0.1960
-5.4319 30.1309 -14.7211 0.0000 1650405811618 1207366.5000 -0.1960
-7.3503 26.2105 -14.5444 0.0000 1650405811647 1207394.7500 -0.1960
-1.9570 24.1352 -11.0412 0.0000 1650405811676 1207423.7500 -0.1960
-0.1955 28.9971 -13.9286 0.0000 1650405811705 1207454.0000 -0.1965
-4.1472 27.9423 -13.9510 0.0000 1650405811734 1207481.7500 -0.1965
-4.2526 28.9488 -17.4270 0.0000 1650405811763 1207510.7500 -0.1965
-8.5551 29.7168 -17.7566 0.0000 1650405811791 1207539.5000 -0.1965
-6.6836 25.7816 -15.6976 0.0000 1650405811820 1207568.7500 -0.1965
-5.1936 22.4161 -10.2892 0.0000 1650405811849 1207597.7500 -0.1965
-0.8761 25.1487 -13.4643 0.0000 1650405811879 1207626.7500 -0.1965
-1.5964 28.2106 -17.6916 0.0000 1650405811907 1207655.7500 -0.1965
-3.7648 28.0460 -15.2679 0.0000 1650405811937 1207684.7500 -0.1965
-5.5629 29.7478 -15.0350 0.0000 1650405811965 1207713.5000 -0.1965
-7.7874 26.8317 -13.3498 0.0000 1650405811995 1207742.5000 -0.1965
-2.6576 25.9181 -10.2063 0.0000 1650405812024 1207771.2500 -0.1965
-1.1832 26.5918 -15.9809 0.0000 1650405812052 1207800.2500 -0.1965
-2.2985 28.9702 -16.3642 0.0000 1650405812082 1207829.2500 -0.1965
-4.9399 26.3010 -17.3202 0.0000 1650405812110 1207858.2500 -0.1960
-7.0993 26.6088 -14.8208 0.0000 1650405812139 1207886.7500 -0.1960
-5.5188 29.7415 -16.7801 0.0000 1650405812168 1207916.2500 -0.1960
-0.3933 31.1253 -15.2011 0.0000 1650405812197 1207945.2500 -0.1960
-1.7666 33.6688 -20.0804 0.0000 1650405812226 1207974.2500 -0.1955
-4.7464 33.4592 -18.4459 0.0000 1650405812255 1208003.2500 -0.1955
-5.5474 32.7310 -18.4491 0.0000 1650405812284 1208032.2500 -0.1957
-6.0548 30.2140 -21.2136 0.0000 1650405812313 1208061.2500 -0.1960
-4.5999 29.5381 -16.2089 0.0000 1650405812342 1208090.2500 -0.1960
-1.4712 27.7018 -14.6267 0.0000 1650405812371 1208120.5000 -0.1960
-2.8015 30.6893 -20.1564 0.0000 1650405812401 1208147.2500 -0.1960
-3.8420 30.1810 -18.7949 0.0000 1650405812429 1208177.0000 -0.1960
-2.8767 28.8169 -21.0656 0.0000 1650405812458 1208207.5000 -0.1960
-2.2575 28.3109 -19.2761 0.0000 1650405812487 1208236.0000 -0.1960
-1.3557 28.0673 -19.0463 0.0000 1650405812516 1208263.7500 -0.1960
-0.8418 27.4609 -20.2338 0.0000 1650405812545 1208292.7500 -0.1960
-1.9413 28.6527 -18.1600 0.0000 1650405812574 1208321.7500 -0.1960
-2.8224 26.9826 -20.9172 0.0000 1650405812603 1208350.7500 -0.1965
-3.8117 26.3511 -19.0981 0.0000 1650405812632 1208379.7500 -0.1965
-3.9614 28.3736 -18.7569 0.0000 1650405812661 1208408.7500 -0.1965
1.4284 24.5130 -17.9569 0.0000 1650405812690 1208437.7500 -0.1965
-0.4158 25.4778 -18.0234 0.0000 1650405812719 1208468.0000 -0.1965
-2.0360 26.6834 -20.3423 0.0000 1650405812748 1208495.7500 -0.1965
-2.4901 26.8996 -19.9937 0.0000 1650405812777 1208524.7500 -0.1965
-3.4068 25.5739 -20.0182 0.0000 1650405812806 1208553.7500 -0.1965
-2.9225 19.3578 -13.2725 0.0000 1650405812835 1208582.7500 -0.1965
-1.4621 27.0526 -19.2585 0.0000 1650405812864 1208611.7500 -0.1965
-2.7754 27.0170 -22.0197 0.0000 1650405812893 1208640.7500 -0.1965
-0.8320 27.1675 -19.8061 0.0000 1650405812922 1208670.2500 -0.1965
-3.0664 24.9030 -21.3507 0.0000 1650405812950 1208698.7500 -0.1960
-4.9925 21.9952 -17.2214 0.0000 1650405812980 1208727.7500 -0.1960
-2.1760 25.1574 -20.1470 0.0000 1650405813008 1208756.7500 -0.1960
-1.8669 26.4071 -18.0706 0.0000 1650405813038 1208785.7500 -0.1960
-3.7012 26.7180 -22.3181 0.0000 1650405813066 1208814.5000 -0.1960
-2.0949 28.4853 -24.0695 0.0000 1650405813096 1208843.5000 -0.1960
-3.8934 28.3038 -24.8064 0.0000 1650405813125 1208872.5000 -0.1960
-2.4748 25.7906 -17.8222 0.0000 1650405813154 1208904.2500 -0.1960
-3.1862 24.6304 -17.8597 0.0000 1650405813183 1208929.5000 -0.1960
5.3938 20.2213 -19.4259 0.0000 1650405813212 1208959.2500 -0.1960
-2.1103 27.0489 -23.8825 0.0000 1650405813241 1208989.7500 -0.1960
-2.1459 28.2759 -20.9537 0.0000 1650405813269 1209017.0000 -0.1960
-3.2069 26.7707 -21.3912 0.0000 1650405813298 1209046.2500 -0.1961
-3.7553 26.3094 -22.3275 0.0000 1650405813327 1209075.2500 -0.1965
-2.5066 24.9347 -20.9360 0.0000 1650405813356 1209104.2500 -0.1965
-0.3009 24.4985 -20.6102 0.0000 1650405813385 1209133.2500 -0.1965
-0.9378 27.4130 -22.2626 0.0000 1650405813414 1209162.2500 -0.1966
-3.3088 25.3023 -23.5264 0.0000 1650405813443 1209191.2500 -0.1969
-3.5447 25.3440 -21.0577 0.0000 1650405813472 1209220.2500 -0.1969
-1.0040 25.9013 -22.7582 0.0000 1650405813501 1209249.0000 -0.1969
-0.6254 24.8401 -22.6501 0.0000 1650405813530 1209278.0000 -0.1969
-2.6195 27.3908 -23.7765 0.0000 1650405813560 1209307.0000 -0.1969
-0.6915 26.8483 -22.8510 0.0000 1650405813588 1209335.7500 -0.1969
-4.1479 28.0443 -24.5083 0.0000 1650405813617 1209364.7500 -0.1965
-2.9143 26.6128 -25.2291 0.0000 1650405813646 1209393.7500 -0.1965
-0.3553 25.1127 -19.9223 0.0000 1650405813675 1209424.2500 -0.1965
2.3351 26.1216 -20.9457 0.0000 1650405813704 1209451.0000 -0.1965
-4.5360 26.5585 -23.0629 0.0000 1650405813733 1209480.7500 -0.1965
-3.8097 30.1253 -23.0837 0.0000 1650405813762 1209509.7500 -0.1965
-3.2044 30.5954 -20.7774 0.0000 1650405813791 1209538.7500 -0.1965
-3.7285 22.9476 -19.8021 0.0000 1650405813820 1209567.7500 -0.1965
-0.6324 28.3123 -22.3733 0.0000 1650405813849 1209596.7500 -0.1960
-1.9396 26.2129 -22.4949 0.0000 1650405813878 1209625.7500 -0.1960
-5.2902 28.5135 -23.5186 0.0000 1650405813907 1209654.7500 -0.1960
-2.5728 28.5571 -25.0600 0.0000 1650405813936 1209686.7500 -0.1960
-2.9083 28.1127 -22.3467 0.0000 1650405813965 1209713.7500 -0.1960
-0.7748 26.3213 -20.2491 0.0000 1650405813994 1209741.7500 -0.1960
0.5512 28.1349 -22.1176 0.0000 1650405814023 1209770.7500 -0.1965
-2.5774 29.6795 -21.4928 0.0000 1650405814052 1209799.2500 -0.1965
-1.2449 28.0511 -21.8052 0.0000 1650405814081 1209828.7500 -0.1965
-2.4049 30.6746 -22.8065 0.0000 1650405814109 1209857.7500 -0.1965
-4.3869 28.8703 -24.0612 0.0000 1650405814139 1209886.7500 -0.1965
-6.5498 26.2581 -18.2821 0.0000 1650405814167 1209915.7500 -0.1965
-1.2905 27.3986 -21.0323 0.0000 1650405814196 1209944.5000 -0.1965
-3.5108 27.5538 -22.7876 0.0000 1650405814226 1209973.5000 -0.1965
-3.8981 30.5844 -23.0530 0.0000 1650405814255 1210002.2500 -0.1965
-4.2564 28.0131 -23.5142 0.0000 1650405814284 1210031.2500 -0.1965
-2.2846 26.9409 -20.3987 0.0000 1650405814313 1210060.2500 -0.1965
-1.0039 26.6463 -19.3878 0.0000 1650405814342 1210089.2500 -0.1965
-1.8379 30.6650 -21.4947 0.0000 1650405814371 1210118.2500 -0.1965
-3.3174 31.5990 -20.3371 0.0000 1650405814400 1210147.2500 -0.1969
-2.7576 30.2472 -20.1976 0.0000 1650405814428 1210176.2500 -0.1968
-5.2670 28.4540 -19.9314 0.0000 1650405814458 1210206.5000 -0.1965
-5.4159 29.0544 -18.2796 0.0000 1650405814486 1210235.5000 -0.1965
-2.7735 27.6594 -15.5307 0.0000 1650405814515 1210263.2500 -0.1965
-1.8709 27.2568 -17.2944 0.0000 1650405814544 1210292.2500 -0.1965
-1.8437 27.1433 -19.9173 0.0000 1650405814573 1210321.2500 -0.1965
-1.8340 29.2096 -19.7500 0.0000 1650405814602 1210350.0000 -0.1965
-3.8890 25.7074 -17.9322 0.0000 1650405814631 1210379.0000 -0.1960
-3.5410 25.2945 -16.8578 0.0000 1650405814660 1210408.0000 -0.1960
1.0010 26.2533 -17.8264 0.0000 1650405814690 1210437.0000 -0.1960
-2.9468 26.8953 -19.3477 0.0000 1650405814719 1210467.2500 -0.1960
-2.9032 25.2514 -16.7562 0.0000 1650405814747 1210497.5000 -0.1955
-3.3947 26.3622 -15.1443 0.0000 1650405814776 1210523.7500 -0.1955
-3.8404 23.1470 -13.2835 0.0000 1650405814805 1210554.2500 -0.1955
-3.4095 24.3809 -13.5976 0.0000 1650405814834 1210581.5000 -0.1955
-2.8245 24.8140 -17.9515 0.0000 1650405814863 1210610.7500 -0.1955
-2.1550 25.3449 -14.4460 0.0000 1650405814892 1210639.7500 -0.1955
-2.4423 24.8486 -16.7871 0.0000 1650405814921 1210668.7500 -0.1955
-2.6866 21.7450 -14.5899 0.0000 1650405814950 1210697.7500 -0.1955
-5.1624 20.6364 -10.4941 0.0000 1650405814979 1210726.7500 -0.1955
-1.3528 21.9980 -11.4116 0.0000 1650405815008 1210755.7500 -0.1955
0.8972 20.2316 -9.6724 0.0000 1650405815037 1210784.7500 -0.1955
-1.9294 26.4100 -16.5881 0.0000 1650405815066 1210813.7500 -0.1955
-4.6508 24.2879 -15.1277 0.0000 1650405815095 1210842.7500 -0.1956
-3.7679 23.2645 -15.2739 0.0000 1650405815124 1210871.7500 -0.1960
-2.3908 21.5700 -11.4389 0.0000 1650405815153 1210900.7500 -0.1960
-1.2417 23.5824 -11.6843 0.0000 1650405815182 1210929.7500 -0.1960
-1.1367 28.5553 -14.7615 0.0000 1650405815211 1210958.7500 -0.1960
-2.2229 26.2121 -15.1131 0.0000 1650405815240 1210988.7500 -0.1960
-2.6582 27.0875 -17.4537 0.0000 1650405815269 1211016.5000 -0.1960
-5.8666 25.9416 -14.4981 0.0000 1650405815298 1211045.7500 -0.1960
-0.5360 22.5536 -10.9861 0.0000 1650405815326 1211074.5000 -0.1960
-2.1823 27.5151 -14.8904 0.0000 1650405815355 1211103.5000 -0.1960
-4.3275 28.6683 -14.2626 0.0000 1650405815385 1211132.2500 -0.1960
-3.9536 30.0801 -14.8782 0.0000 1650405815414 1211161.2500 -0.1960
-3.0827 26.5806 -15.4316 0.0000 1650405815442 1211190.2500 -0.1958
-7.4103 27.3952 -14.6578 0.0000 1650405815472 1211219.2500 -0.1955
-4.1485 22.3925 -11.3691 0.0000 1650405815501 1211247.7500 -0.1955
-1.2789 24.1767 -14.1875 0.0000 1650405815530 1211280.0000 -0.1955
-5.0886 28.3335 -17.5150 0.0000 1650405815559 1211306.2500 -0.1955
-4.4691 27.2480 -17.0324 0.0000 1650405815587 1211335.0000 -0.1950
-5.2248 30.3622 -17.9355 0.0000 1650405815617 1211364.2500 -0.1950
-2.2323 30.5440 -14.1648 0.0000 1650405815645 1211393.2500 -0.1950
-0.0414 26.7568 -14.9758 0.0000 1650405815674 1211422.2500 -0.1950
0.8440 26.4598 -15.8537 0.0000 1650405815703 1211451.2500 -0.1950
-0.7265 28.2997 -16.2155 0.0000 1650405815732 1211480.0000 -0.1950
-5.2806 27.2189 -17.4401 0.0000 1650405815761 1211509.0000 -0.1955
-6.6556 26.2107 -14.9458 0.0000 1650405815790 1211538.0000 -0.1955
-0.0032 25.7518 -12.3812 0.0000 1650405815819 1211566.7500 -0.1955
-1.9384 27.8700 -14.9653 0.0000 1650405815848 1211595.7500 -0.1955
-4.1035 27.8979 -18.2174 0.0000 1650405815878 1211624.7500 -0.1955
-0.6723 31.4662 -14.3925 0.0000 1650405815906 1211653.7500 -0.1955
-5.4230 29.7786 -16.8291 0.0000 1650405815936 1211682.7500 -0.1955
-4.3429 27.1376 -18.7748 0.0000 1650405815964 1211711.7500 -0.1955
-4.3290 26.0819 -11.8636 0.0000 1650405815993 1211740.7500 -0.1956
-0.1965 28.3956 -15.9947 0.0000 1650405816022 1211770.7500 -0.1960
-3.6416 30.1943 -19.6783 0.0000 1650405816051 1211800.0000 -0.1960
-1.2088 31.8535 -18.3103 0.0000 1650405816080 1211827.7500 -0.1960
-1.9861 29.8686 -15.1486 0.0000 1650405816109 1211856.7500 -0.1960
-7.9171 29.7375 -12.3806 0.0000 1650405816138 1211885.7500 -0.1960
0.1279 27.2459 -11.3018 0.0000 1650405816167 1211914.7500 -0.1960
-2.4525 28.6664 -15.5263 0.0000 1650405816196 1211943.7500 -0.1960
-3.5891 29.7381 -17.2855 0.0000 1650405816225 1211972.7500 -0.1960
-4.7794 30.7954 -20.7485 0.0000 1650405816254 1212001.7500 -0.1960
-5.5844 32.6470 -18.5753 0.0000 1650405816283 1212030.5000 -0.1960
-3.7510 34.2643 -18.9977 0.0000 1650405816312 1212059.5000 -0.1960
-2.7630 33.5250 -18.5930 0.0000 1650405816341 1212088.7500 -0.1960
-3.1242 32.3344 -18.5330 0.0000 1650405816370 1212118.7500 -0.1955
-1.5538 31.4440 -20.3964 0.0000 1650405816399 1212146.7500 -0.1955
-4.2382 30.5951 -16.8923 0.0000 1650405816428 1212175.5000 -0.1955
-5.6817 27.6657 -20.6216 0.0000 1650405816457 1212204.5000 -0.1955
-5.0148 26.7728 -15.9561 0.0000 1650405816485 1212233.5000 -0.1955
0.8925 28.0797 -17.3298 0.0000 1650405816515 1212262.2500 -0.1955
-2.2986 30.3665 -19.4955 0.0000 1650405816544 1212291.2500 -0.1955
-2.5219 27.9775 -21.1898 0.0000 1650405816573 1212320.2500 -0.1955
-3.5549 26.5468 -18.3091 0.0000 1650405816601 1212349.2500 -0.1955
-4.6112 25.8823 -18.7036 0.0000 1650405816631 1212378.2500 -0.1955
2.4526 23.7541 -14.6445 0.0000 1650405816660 1212407.2500 -0.1955
-2.2460 27.5487 -18.8174 0.0000 1650405816689 1212436.2500 -0.1955
-2.9955 26.5407 -17.9425 0.0000 1650405816718 1212465.2500 -0.1957
-3.4813 26.3915 -20.9645 0.0000 1650405816747 1212494.2500 -0.1960
-7.7822 23.7480 -16.2601 0.0000 1650405816776 1212523.2500 -0.1960
-6.1098 25.1639 -19.7128 0.0000 1650405816804 1212552.2500 -0.1960
-0.2682 26.9637 -18.1660 0.0000 1650405816833 1212582.0000 -0.1960
1.6907 25.0987 -17.7495 0.0000 1650405816862 1212610.0000 -0.1960
-1.7633 28.4130 -19.9508 0.0000 1650405816891 1212639.0000 -0.1960
-2.3999 27.5834 -23.0401 0.0000 1650405816920 1212668.0000 -0.1965
-3.2303 26.3706 -20.2962 0.0000 1650405816949 1212696.7500 -0.1962
-2.4924 21.7153 -19.4299 0.0000 1650405816978 1212725.7500 -0.1960
0.9212 22.2936 -19.6142 0.0000 1650405817007 1212754.7500 -0.1960
-2.0490 27.2240 -19.5619 0.0000 1650405817036 1212783.7500 -0.1960
-3.8653 27.5135 -22.3737 0.0000 1650405817065 1212815.5000 -0.1960
-2.6406 28.4779 -22.4455 0.0000 1650405817095 1212843.0000 -0.1960
-1.5946 25.2783 -20.8886 0.0000 1650405817123 1212870.7500 -0.1960
1.7066 22.2275 -16.7762 0.0000 1650405817152 1212899.0000 -0.1960
-0.2709 25.3238 -21.6034 0.0000 1650405817181 1212928.7500 -0.1960
-3.2940 27.1162 -23.4885 0.0000 1650405817210 1212957.7500 -0.1955
-2.3587 26.0659 -22.6809 0.0000 1650405817239 1212986.7500 -0.1955
-3.2048 25.6247 -23.9436 0.0000 1650405817268 1213015.7500 -0.1955
-3.9984 27.5555 -20.5108 0.0000 1650405817297 1213044.7500 -0.1955
-3.0078 24.9717 -21.8402 0.0000 1650405817326 1213073.7500 -0.1955
-0.2838 22.1185 -15.6816 0.0000 1650405817355 1213102.7500 -0.1955
-6.7171 28.5883 -20.9232 0.0000 1650405817384 1213131.7500 -0.1955
-1.5010 28.4281 -24.7675 0.0000 1650405817413 1213160.7500 -0.1955
-3.0394 25.8024 -23.0775 0.0000 1650405817442 1213189.7500 -0.1955
-4.6024 25.4112 -17.4314 0.0000 1650405817471 1213218.7500 -0.1955
-1.3735 26.5335 -19.8591 0.0000 1650405817500 1213247.7500 -0.1955
-4.0857 27.9507 -21.0768 0.0000 1650405817529 1213276.5000 -0.1955
-2.8120 27.3403 -23.9991 0.0000 1650405817558 1213305.5000 -0.1960
-2.7364 25.1741 -23.5973 0.0000 1650405817587 1213335.5000 -0.1960
-4.5145 25.5154 -23.6266 0.0000 1650405817616 1213364.7500 -0.1961
-1.7499 27.9445 -23.9817 0.0000 1650405817644 1213392.2500 -0.1965
-2.7685 25.2587 -21.1902 0.0000 1650405817674 1213421.2500 -0.1965
-2.1086 28.6509 -23.5347 0.0000 1650405817703 1213450.2500 -0.1965
-2.2093 31.2485 -21.8671 0.0000 1650405817732 1213479.2500 -0.1965
-3.2561 26.8866 -23.5463 0.0000 1650405817761 1213508.2500 -0.1965
-1.4305 28.3176 -21.7069 0.0000 1650405817790 1213537.2500 -0.1965
-3.6558 23.1534 -16.9693 0.0000 1650405817819 1213566.2500 -0.1965
-2.1791 25.2310 -22.0833 0.0000 1650405817848 1213596.0000 -0.1965
-4.5041 30.6723 -24.6453 0.0000 1650405817877 1213625.2500 -0.1965
-2.4926 29.9079 -24.7585 0.0000 1650405817906 1213653.2500 -0.1965
-3.1362 28.1046 -24.3912 0.0000 1650405817935 1213681.7500 -0.1965
-0.9798 26.6539 -20.8220 0.0000 1650405817963 1213711.0000 -0.1965
-2.5523 28.8228 -23.3186 0.0000 1650405817993 1213740.0000 -0.1965
-2.6310 29.8479 -23.7736 0.0000 1650405818021 1213769.0000 -0.1965
-3.1061 30.2797 -24.4326 0.0000 1650405818050 1213797.7500 -0.1960
-1.4797 30.5551 -23.4060 0.0000 1650405818079 1213826.7500 -0.1960
-3.1955 29.8095 -24.6652 0.0000 1650405818108 1213855.7500 -0.1960
-1.7850 28.0966 -23.4266 0.0000 1650405818137 1213884.7500 -0.1960
-1.9794 25.6627 -22.0185 0.0000 1650405818166 1213913.7500 -0.1960
-3.2769 29.4979 -23.8373 0.0000 1650405818196 1213942.7500 -0.1960
-3.3413 31.1582 -21.8046 0.0000 1650405818224 1213971.7500 -0.1960
-3.1506 30.3815 -24.3773 0.0000 1650405818254 1214000.7500 -0.1960
-3.9912 29.2228 -21.2436 0.0000 1650405818282 1214029.7500 -0.1960
-4.4090 26.0935 -18.0513 0.0000 1650405818311 1214058.7500 -0.1960
-0.5187 27.0317 -19.9589 0.0000 1650405818340 1214087.7500 -0.1965
-3.7136 29.5673 -23.3946 0.0000 1650405818369 1214119.5000 -0.1965
-2.5299 28.9504 -20.5778 0.0000 1650405818398 1214147.0000 -0.1965
-5.1919 27.4952 -21.1268 0.0000 1650405818427 1214174.7500 -0.1965
-4.0313 27.3670 -18.9386 0.0000 1650405818456 1214203.7500 -0.1965
-1.1077 27.8681 -17.6703 0.0000 1650405818485 1214232.7500 -0.1965
-2.1300 27.9045 -19.2587 0.0000 1650405818514 1214261.7500 -0.1966
-5.2002 28.8553 -19.2811 0.0000 1650405818543 1214290.7500 -0.1969
-2.4900 28.3426 -18.1292 0.0000 1650405818572 1214319.7500 -0.1969
-5.0103 26.9765 -17.5675 0.0000 1650405818601 1214348.7500 -0.1969
-3.5646 25.2279 -15.3036 0.0000 1650405818630 1214380.2500 -0.1969
-2.0320 26.2350 -18.1186 0.0000 1650405818659 1214406.2500 -0.1969
-3.0801 27.4931 -18.5365 0.0000 1650405818688 1214435.5000 -0.1969
-3.9504 27.2192 -17.5019 0.0000 1650405818717 1214465.5000 -0.1965
-3.2961 25.3292 -17.8168 0.0000 1650405818746 1214493.2500 -0.1965
-3.5693 25.8914 -16.8878 0.0000 1650405818775 1214522.2500 -0.1965
-5.0292 20.8916 -16.9366 0.0000 1650405818804 1214551.2500 -0.1965
2.2042 24.7875 -11.6287 0.0000 1650405818833 1214580.2500 -0.1960
-1.8504 25.9857 -15.4960 0.0000 1650405818861 1214609.2500 -0.1960
0.1317 25.6366 -17.8121 0.0000 1650405818891 1214638.2500 -0.1960
-4.4198 25.5307 -15.7530 0.0000 1650405818920 1214667.2500 -0.1960
-4.5963 22.3409 -12.9872 0.0000 1650405818949 1214696.2500 -0.1960
-1.2527 19.1750 -10.1763 0.0000 1650405818978 1214725.2500 -0.1960
3.5274 23.5875 -16.2775 0.0000 1650405819007 1214754.2500 -0.1960
-2.8012 23.1824 -16.9996 0.0000 1650405819036 1214783.2500 -0.1960
-1.7660 23.0609 -16.1057 0.0000 1650405819065 1214812.0000 -0.1960
-6.3572 21.4520 -13.5922 0.0000 1650405819094 1214841.0000 -0.1960
0.3435 21.4949 -10.7687 0.0000 1650405819122 1214870.0000 -0.1960
1.8868 23.0544 -15.4018 0.0000 1650405819152 1214899.0000 -0.1960
-4.0973 28.3476 -14.0720 0.0000 1650405819180 1214927.5000 -0.1960
-6.0181 25.5405 -16.6891 0.0000 1650405819209 1214956.7500 -0.1960
-3.7473 27.0434 -15.8915 0.0000 1650405819238 1214985.7500 -0.1965
-5.4076 24.6336 -16.1268 0.0000 1650405819268 1215014.7500 -0.1965
-2.8837 21.4194 -15.3580 0.0000 1650405819296 1215043.7500 -0.1965
2.5304 25.9064 -13.5956 0.0000 1650405819325 1215072.7500 -0.1965
-1.6857 28.5287 -18.4714 0.0000 1650405819354 1215101.7500 -0.1965
-3.4145 25.8046 -18.9413 0.0000 1650405819384 1215130.7500 -0.1965
-6.1190 26.3594 -17.3995 0.0000 1650405819413 1215159.0000 -0.1965
-8.5126 25.4638 -11.2144 0.0000 1650405819441 1215188.5000 -0.1965
1.0059 21.0662 -11.0634 0.0000 1650405819470 1215217.7500 -0.1965
1.6307 25.4612 -13.7732 0.0000 1650405819499 1215249.5000 -0.1965
-3.9887 28.0228 -16.2631 0.0000 1650405819528 1215275.7500 -0.1965
-2.3477 28.5464 -18.0857 0.0000 1650405819557 1215304.7500 -0.1965
-6.6481 26.0310 -15.4870 0.0000 1650405819586 1215333.7500 -0.1965
1.4504 22.9289 -11.7604 0.0000 1650405819615 1215362.7500 -0.1965
-0.9708 30.5278 -14.3100 0.0000 1650405819644 1215391.7500 -0.1963
-4.1160 28.1531 -19.6941 0.0000 1650405819673 1215420.7500 -0.1960
-2.6994 30.8234 -17.5686 0.0000 1650405819702 1215449.7500 -0.1960
-3.9845 30.3674 -18.2093 0.0000 1650405819732 1215478.7500 -0.1960
-4.9774 26.4312 -18.3551 0.0000 1650405819760 1215507.5000 -0.1960
-3.8285 23.7698 -8.9192 0.0000 1650405819789 1215536.5000 -0.1955
0.3220 25.9608 -12.7041 0.0000 1650405819818 1215565.5000 -0.1955
-4.7699 28.8861 -16.2890 0.0000 1650405819847 1215594.2500 -0.1955
-3.6238 32.1045 -14.3535 0.0000 1650405819876 1215623.2500 -0.1955
-4.4197 28.7289 -18.4131 0.0000 1650405819905 1215652.2500 -0.1955
-6.3197 25.4799 -14.5210 0.0000 1650405819934 1215683.7500 -0.1955
-2.0673 22.8307 -8.7105 0.0000 1650405819963 1215710.0000 -0.1960
-2.2349 26.5340 -14.8962 0.0000 1650405819992 1215739.2500 -0.1960
-4.8552 30.0655 -15.7552 0.0000 1650405820020 1215768.2500 -0.1955
-3.9302 29.8626 -18.6558 0.0000 1650405820050 1215797.2500 -0.1955
-6.1928 27.0635 -12.1553 0.0000 1650405820079 1215826.2500 -0.1956
-5.4394 29.1450 -16.2597 0.0000 1650405820108 1215855.2500 -0.1960
-0.7939 28.7499 -14.9761 0.0000 1650405820137 1215884.2500 -0.1965
0.6436 29.2879 -13.3260 0.0000 1650405820166 1215913.0000 -0.1965
-4.4585 31.2277 -17.9978 0.0000 1650405820195 1215942.7500 -0.1966
-5.5565 32.2727 -17.7082 0.0000 1650405820224 1215970.7500 -0.1969
-5.6471 28.1353 -13.8069 0.0000 1650405820253 1216000.0000 -0.1967
-8.9791 29.9704 -14.2952 0.0000 1650405820282 1216028.5000 -0.1965
1.6864 29.2819 -12.7434 0.0000 1650405820311 1216057.7500 -0.1966
-3.8816 31.1016 -17.4293 0.0000 1650405820339 1216086.7500 -0.1969
-2.5273 33.7930 -19.2695 0.0000 1650405820368 1216115.7500 -0.1969
-3.6269 31.5250 -20.5892 0.0000 1650405820397 1216144.7500 -0.1969
-3.5101 29.4599 -15.8724 0.0000 1650405820427 1216173.7500 -0.1968
-1.7996 28.3030 -16.5634 0.0000 1650405820455 1216202.7500 -0.1965
-1.2978 29.4462 -17.7834 0.0000 1650405820484 1216231.2500 -0.1965
-2.7031 28.9161 -17.6894 0.0000 1650405820514 1216260.7500 -0.1965
-3.4037 26.9635 -18.8325 0.0000 1650405820543 1216289.7500 -0.1965
-2.2154 28.5437 -18.9177 0.0000 1650405820572 1216318.7500 -0.1965
-1.0856 28.0891 -18.4584 0.0000 1650405820600 1216347.7500 -0.1965
1.1531 23.5799 -18.5810 0.0000 1650405820630 1216376.7500 -0.1965
-0.5632 26.8205 -19.3994 0.0000 1650405820658 1216405.7500 -0.1965
-3.7381 27.5897 -19.3322 0.0000 1650405820687 1216434.7500 -0.1962
-1.3856 30.2689 -19.0815 0.0000 1650405820716 1216466.2500 -0.1960
-4.1357 27.1952 -19.3238 0.0000 1650405820745 1216492.2500 -0.1960
-3.9273 24.3240 -15.4243 0.0000 1650405820774 1216521.7500 -0.1960
-0.6929 25.5775 -17.3985 0.0000 1650405820803 1216550.7500 -0.1960
-1.6950 26.6670 -21.1681 0.0000 1650405820832 1216579.7500 -0.1960
-2.9244 25.9705 -21.1703 0.0000 1650405820861 1216608.5000 -0.1960
-3.4172 24.9918 -21.5751 0.0000 1650405820890 1216637.5000 -0.1960
-11.7219 24.0321 -19.7104 0.0000 1650405820919 1216666.5000 -0.1962
-3.8957 24.1045 -16.2848 0.0000 1650405820948 1216696.7500 -0.1965
-3.4732 25.7026 -21.2889 0.0000 1650405820977 1216723.7500 -0.1965
-4.7093 27.6342 -19.3432 0.0000 1650405821006 1216753.0000 -0.1965
-4.8431 25.8572 -22.0712 0.0000 1650405821035 1216782.2500 -0.1965
-1.2893 26.1240 -22.1363 0.0000 1650405821064 1216812.2500 -0.1965
-5.5919 24.0165 -19.5345 0.0000 1650405821093 1216840.2500 -0.1966
-2.5595 25.2974 -20.5000 0.0000 1650405821122 1216869.2500 -0.1969
3.5069 22.7989 -16.0528 0.0000 1650405821151 1216898.2500 -0.1967
-4.5106 25.6292 -19.3941 0.0000 1650405821179 1216927.2500 -0.1965
-2.9784 25.8691 -20.8176 0.0000 1650405821209 1216956.2500 -0.1966
-3.8321 25.1527 -20.8976 0.0000 1650405821238 1216985.2500 -0.1969
-1.1109 20.3110 -19.8929 0.0000 1650405821267 1217014.2500 -0.1969
-2.7019 25.8825 -20.2624 0.0000 1650405821296 1217043.0000 -0.1965
-3.1462 27.7253 -26.3054 0.0000 1650405821325 1217072.0000 -0.1964
-3.3898 28.5445 -20.5409 0.0000 1650405821354 1217101.0000 -0.1965
-3.4726 25.7483 -25.0843 0.0000 1650405821383 1217130.0000 -0.1965
-6.4047 24.5519 -19.8235 0.0000 1650405821412 1217158.7500 -0.1965
-0.7506 25.5303 -19.0172 0.0000 1650405821441 1217187.7500 -0.1965
-1.7390 27.5587 -22.1705 0.0000 1650405821470 1217216.7500 -0.1965
-4.4383 27.9543 -20.8538 0.0000 1650405821498 1217246.7500 -0.1965
-3.5432 27.3158 -21.6129 0.0000 1650405821527 1217274.7500 -0.1965
-0.8415 27.8468 -26.2127 0.0000 1650405821556 1217303.7500 -0.1965
-4.6206 26.8510 -24.7649 0.0000 1650405821586 1217332.7500 -0.1962
0.9383 26.6378 -19.0584 0.0000 1650405821614 1217361.7500 -0.1960
-0.8750 23.9494 -20.0053 0.0000 1650405821644 1217390.7500 -0.1965
-1.9809 27.9878 -24.2761 0.0000 1650405821672 1217419.7500 -0.1965
-2.7536 28.8573 -26.2424 0.0000 1650405821702 1217448.7500 -0.1965
-0.5822 26.8272 -26.1855 0.0000 1650405821731 1217479.2500 -0.1965
-3.2253 22.4091 -20.3407 0.0000 1650405821759 1217506.0000 -0.1969
1.4121 25.0904 -17.0025 0.0000 1650405821789 1217535.7500 -0.1969
-4.3252 29.1585 -24.1460 0.0000 1650405821817 1217566.0000 -0.1967
-1.3685 29.1320 -24.8599 0.0000 1650405821846 1217595.0000 -0.1965
-2.9473 28.5295 -25.1919 0.0000 1650405821875 1217622.7500 -0.1965
-5.2424 26.6399 -21.8810 0.0000 1650405821904 1217651.7500 -0.1969
-2.4673 25.8240 -23.1989 0.0000 1650405821933 1217680.7500 -0.1969
0.6532 26.9875 -23.3417 0.0000 1650405821962 1217709.7500 -0.1969
-2.2582 30.0581 -24.0978 0.0000 1650405821991 1217738.5000 -0.1969
-3.3861 29.3282 -23.6502 0.0000 1650405822020 1217767.5000 -0.1969
-4.1826 26.3933 -24.5097 0.0000 1650405822049 1217796.2500 -0.1969
-2.8899 28.9471 -21.3871 0.0000 1650405822078 1217825.2500 -0.1969
1.2392 31.3032 -21.0601 0.0000 1650405822107 1217854.2500 -0.1969
-0.0021 26.1207 -20.8207 0.0000 1650405822136 1217883.2500 -0.1969
-2.3490 29.9484 -23.3172 0.0000 1650405822165 1217912.2500 -0.1969
-0.9727 28.7140 -24.0804 0.0000 1650405822194 1217941.2500 -0.1969
-4.6785 30.7062 -22.4356 0.0000 1650405822223 1217970.2500 -0.1969
-5.8696 25.2270 -16.6072 0.0000 1650405822252 1218000.7500 -0.1969
0.3175 26.1684 -17.3390 0.0000 1650405822281 1218029.0000 -0.1969
-2.9941 28.6738 -21.9502 0.0000 1650405822310 1218057.2500 -0.1965
-1.5681 28.7738 -22.4232 0.0000 1650405822338 1218086.2500 -0.1965
-4.9111 30.0662 -22.8386 0.0000 1650405822368 1218115.2500 -0.1965
-5.4702 27.2509 -19.2511 0.0000 1650405822397 1218144.0000 -0.1965
-0.0774 27.5726 -17.4371 0.0000 1650405822426 1218173.0000 -0.1960
-3.5817 28.7656 -20.1091 0.0000 1650405822455 1218202.0000 -0.1960
-3.1428 30.7027 -19.5250 0.0000 1650405822484 1218231.0000 -0.1962
-3.2057 27.5591 -18.5562 0.0000 1650405822513 1218263.0000 -0.1965
-4.0808 28.0668 -18.3309 0.0000 1650405822542 1218291.5000 -0.1965
-3.0623 27.6643 -16.6817 0.0000 1650405822571 1218317.7500 -0.1965
-2.6419 30.9821 -19.7688 0.0000 1650405822600 1218348.2500 -0.1965
0.1026 23.5015 -12.6469 0.0000 1650405822629 1218375.2500 -0.1965
-5.8530 26.3088 -18.9352 0.0000 1650405822657 1218404.7500 -0.1969
-4.4125 27.0231 -17.5744 0.0000 1650405822687 1218433.7500 -0.1969
-4.4005 25.0588 -17.4493 0.0000 1650405822716 1218462.7500 -0.1969
-3.9388 22.8222 -15.8928 0.0000 1650405822744 1218491.7500 -0.1969
0.4900 25.5231 -11.5910 0.0000 1650405822773 1218520.7500 -0.1969
-3.8046 26.6008 -17.9614 0.0000 1650405822803 1218549.7500 -0.1969
-1.9049 26.4408 -15.4490 0.0000 1650405822831 1218578.7500 -0.1969
-3.4126 26.1681 -17.4881 0.0000 1650405822861 1218607.7500 -0.1969
-3.9544 27.0172 -17.1505 0.0000 1650405822890 1218636.7500 -0.1969
4.4701 21.4582 -13.6870 0.0000 1650405822919 1218665.7500 -0.1969
-1.3757 22.5740 -12.7588 0.0000 1650405822948 1218694.7500 -0.1969
-2.7710 27.2153 -13.4832 0.0000 1650405822976 1218723.7500 -0.1969
-0.8143 23.0963 -17.3422 0.0000 1650405823005 1218752.7500 -0.1969
-5.3765 19.1617 -12.7062 0.0000 1650405823034 1218783.0000 -0.1969
-5.4419 23.3200 -12.5470 0.0000 1650405823063 1218811.0000 -0.1969
0.3710 22.4762 -11.4327 0.0000 1650405823092 1218839.7500 -0.1965
0.8998 22.6676 -12.4501 0.0000 1650405823121 1218868.5000 -0.1965
-1.2461 26.4968 -15.3426 0.0000 1650405823150 1218897.5000 -0.1965
-2.1136 24.9532 -16.9050 0.0000 1650405823179 1218926.2500 -0.1965
-6.0367 23.7680 -16.9262 0.0000 1650405823208 1218955.2500 -0.1965
-4.4498 21.3379 -13.3905 0.0000 1650405823237 1218984.2500 -0.1965
3.5967 23.6365 -11.7436 0.0000 1650405823267 1219013.2500 -0.1960
-2.7186 25.8254 -17.6113 0.0000 1650405823295 1219043.7500 -0.1960
-3.5694 26.2953 -14.5720 0.0000 1650405823324 1219073.7500 -0.1965
-6.0077 24.3497 -18.0157 0.0000 1650405823353 1219100.2500 -0.1965
-7.1968 23.2270 -14.2862 0.0000 1650405823382 1219130.7500 -0.1965
-0.7110 23.4692 -10.0355 0.0000 1650405823411 1219158.0000 -0.1965
0.3353 24.2652 -13.6202 0.0000 1650405823440 1219187.2500 -0.1965
-4.2378 29.1830 -13.6454 0.0000 1650405823469 1219216.2500 -0.1965
-7.1783 27.3512 -18.4823 0.0000 1650405823498 1219245.2500 -0.1965
-5.3997 25.1112 -15.0561 0.0000 1650405823527 1219274.0000 -0.1965
-5.6135 25.6613 -11.5753 0.0000 1650405823556 1219303.0000 -0.1969
-3.0314 27.7465 -14.2231 0.0000 1650405823585 1219332.0000 -0.1969
-0.0671 24.4354 -14.5877 0.0000 1650405823614 1219360.7500 -0.1969
-0.8718 28.9947 -15.6597 0.0000 1650405823643 1219389.7500 -0.1969
-4.1789 28.7311 -16.1779 0.0000 1650405823672 1219418.7500 -0.1969
-7.2495 27.2932 -16.5463 0.0000 1650405823701 1219447.7500 -0.1969
-5.4721 24.4301 -11.8115 0.0000 1650405823730 1219476.7500 -0.1969
0.0308 25.8855 -13.5788 0.0000 1650405823759 1219505.7500 -0.1969
-2.6029 26.7501 -18.1830 0.0000 1650405823788 1219534.7500 -0.1969
-3.8731 28.0322 -17.6152 0.0000 1650405823816 1219565.2500 -0.1969
-5.8703 28.4505 -16.8738 0.0000 1650405823846 1219592.2500 -0.1969
-7.6382 25.7652 -15.2187 0.0000 1650405823874 1219621.7500 -0.1969
0.2062 22.5077 -12.8640 0.0000 1650405823903 1219650.7500 -0.1969
-0.6567 25.5433 -14.5309 0.0000 1650405823933 1219679.7500 -0.1965
-3.1530 28.6347 -14.4987 0.0000 1650405823962 1219708.7500 -0.1965
-3.6037 28.3382 -19.8049 0.0000 1650405823990 1219737.7500 -0.1965
-4.7451 28.8843 -17.3592 0.0000 1650405824020 1219766.7500 -0.1965
-8.1380 28.6073 -13.4492 0.0000 1650405824048 1219795.7500 -0.1965
-1.9932 27.1045 -13.4282 0.0000 1650405824078 1219825.7500 -0.1965
0.7747 26.9759 -14.8673 0.0000 1650405824107 1219855.0000 -0.1960
-3.0992 30.6095 -15.8936 0.0000 1650405824135 1219882.7500 -0.1960
-7.1235 27.9956 -14.9301 0.0000 1650405824165 1219913.0000 -0.1960
-6.2832 27.2876 -18.3274 0.0000 1650405824193 1219940.2500 -0.1960
-3.4302 26.1945 -11.0242 0.0000 1650405824222 1219969.5000 -0.1960
-1.1157 24.6156 -13.0303 0.0000 1650405824251 1219998.5000 -0.1960
-0.5262 27.7669 -18.0303 0.0000 1650405824280 1220027.2500 -0.1961
-4.7758 32.4265 -20.1291 0.0000 1650405824309 1220056.2500 -0.1965
-2.8244 32.5224 -20.1082 0.0000 1650405824338 1220085.2500 -0.1965
-4.7024 30.1882 -15.0691 0.0000 1650405824367 1220114.2500 -0.1965
-0.1166 27.6129 -16.7676 0.0000 1650405824396 1220143.2500 -0.1966
0.6865 27.4535 -15.7718 0.0000 1650405824426 1220172.2500 -0.1969
-1.1307 30.2393 -16.3234 0.0000 1650405824454 1220201.2500 -0.1969
-3.2629 27.3433 -17.3927 0.0000 1650405824483 1220230.2500 -0.1969
-1.1373 29.0399 -16.1815 0.0000 1650405824512 1220259.2500 -0.1969
-1.5231 28.7572 -19.9905 0.0000 1650405824541 1220288.2500 -0.1969
-3.4989 26.3875 -18.3593 0.0000 1650405824570 1220317.2500 -0.1969
1.7907 27.0313 -16.9458 0.0000 1650405824599 1220347.5000 -0.1969
-1.3572 27.4561 -19.4672 0.0000 1650405824628 1220377.5000 -0.1969
-2.1508 26.5083 -19.0861 0.0000 1650405824657 1220404.0000 -0.1969
-6.7843 27.3833 -18.8366 0.0000 1650405824686 1220433.0000 -0.1969
-2.0281 25.6954 -16.6262 0.0000 1650405824715 1220462.0000 -0.1969
-0.7443 25.8344 -18.9086 0.0000 1650405824744 1220490.7500 -0.1969
-3.3329 25.4308 -20.9193 0.0000 1650405824773 1220519.7500 -0.1969
-2.3106 26.5482 -19.0715 0.0000 1650405824802 1220548.7500 -0.1969
-2.5358 26.4265 -19.5048 0.0000 1650405824831 1220577.7500 -0.1965
-7.7933 23.2970 -19.3710 0.0000 1650405824860 1220606.2500 -0.1965
1.0768 21.5535 -17.9885 0.0000 1650405824889 1220637.0000 -0.1965
-2.5166 27.3190 -17.4747 0.0000 1650405824918 1220664.7500 -0.1965
-1.9600 28.7841 -20.8780 0.0000 1650405824947 1220693.2500 -0.1965
-4.0556 28.0823 -20.5118 0.0000 1650405824976 1220722.5000 -0.1965
-6.7250 22.4622 -16.3390 0.0000 1650405825005 1220751.7500 -0.1965
-1.4551 25.2431 -19.6049 0.0000 1650405825033 1220780.7500 -0.1965
-0.2027 28.1520 -20.4607 0.0000 1650405825062 1220809.7500 -0.1960
-2.0169 25.6851 -18.8924 0.0000 1650405825091 1220838.7500 -0.1960
-3.7696 27.2083 -22.7025 0.0000 1650405825121 1220867.7500 -0.1962
-2.3788 27.6003 -22.0234 0.0000 1650405825149 1220896.7500 -0.1965
-4.0944 28.8051 -21.6567 0.0000 1650405825179 1220925.7500 -0.1965
-3.8382 26.5916 -20.1581 0.0000 1650405825208 1220954.7500 -0.1965
-3.1997 23.2017 -18.3533 0.0000 1650405825237 1220983.7500 -0.1967
-4.2562 26.3568 -22.6212 0.0000 1650405825266 1221012.7500 -0.1969
-1.9222 27.2077 -22.0580 0.0000 1650405825294 1221041.7500 -0.1969
-5.1918 24.2021 -21.6981 0.0000 1650405825324 1221070.5000 -0.1969
-5.2346 24.5276 -21.9441 0.0000 1650405825352 1221099.5000 -0.1969
-0.7661 24.1455 -23.0142 0.0000 1650405825381 1221128.0000 -0.1969
-2.1135 26.0177 -21.3034 0.0000 1650405825410 1221156.7500 -0.1969
-3.3823 26.8205 -22.7268 0.0000 1650405825439 1221186.2500 -0.1969
-3.4822 26.5428 -21.6729 0.0000 1650405825468 1221215.2500 -0.1969
-4.5100 25.5061 -20.5737 0.0000 1650405825497 1221244.2500 -0.1969
-4.5888 26.4041 -22.0245 0.0000 1650405825526 1221273.2500 -0.1969
-1.5053 26.6789 -21.2612 0.0000 1650405825555 1221302.2500 -0.1969
-2.2594 28.2457 -22.3232 0.0000 1650405825585 1221331.2500 -0.1969
-1.8297 26.8877 -24.2522 0.0000 1650405825613 1221360.2500 -0.1969
-3.8176 25.8114 -24.4703 0.0000 1650405825642 1221392.0000 -0.1969
-3.3754 27.2902 -22.4502 0.0000 1650405825671 1221421.0000 -0.1965
-5.0298 25.3348 -21.9753 0.0000 1650405825700 1221447.2500 -0.1965
0.1144 25.9572 -20.3942 0.0000 1650405825729 1221477.5000 -0.1965
-3.8133 28.1529 -23.7949 0.0000 1650405825758 1221505.0000 -0.1965
-0.5687 28.9391 -22.7144 0.0000 1650405825787 1221534.0000 -0.1965
-2.0747 27.7232 -23.3503 0.0000 1650405825816 1221563.0000 -0.1965
-5.9586 25.4896 -20.2059 0.0000 1650405825845 1221591.7500 -0.1965
-1.4879 23.7032 -19.8572 0.0000 1650405825874 1221620.7500 -0.1965
-1.5915 27.4876 -24.8610 0.0000 1650405825903 1221649.7500 -0.1965
-1.4185 28.0815 -24.7366 0.0000 1650405825932 1221678.7500 -0.1965
-2.9981 27.5161 -25.0038 0.0000 1650405825961 1221707.7500 -0.1969
-3.4643 27.9721 -23.0364 0.0000 1650405825990 1221736.7500 -0.1969
-2.6199 28.8165 -23.1934 0.0000 1650405826005 1221751.2500 -0.1969
