29.4445 -71.5708 -48.6160 25.3974 1690744322376 326.2500 -0.2238
29.3564 -71.8988 -48.5430 26.3307 1690744322409 357.0000 -0.2205
29.6239 -72.1110 -48.4496 23.2933 1690744322441 390.0000 -0.2181
29.9318 -71.7782 -48.4505 31.7690 1690744322475 422.7500 -0.2140
29.4801 -71.6063 -48.4756 28.4450 1690744322508 455.2500 -0.2111
28.9944 -71.4280 -48.3514 36.7061 1690744322540 488.2500 -0.2101
29.0448 -72.0338 -48.6476 21.8292 1690744322572 520.7500 -0.2088
29.2594 -72.5897 -48.7924 20.9538 1690744322606 553.2500 -0.2048
29.2744 -71.8525 -49.5535 28.9678 1690744322638 586.2500 -0.2009
28.1901 -71.3455 -50.6258 26.0814 1690744322670 618.5000 -0.2009
27.3292 -70.5084 -49.6256 18.5117 1690744322703 494.0000 -0.1991
28.9226 -71.2018 -48.9390 30.1032 1690744322736 56.2500 -0.1960
29.3721 -71.7463 -49.2220 25.7302 1690744322768 88.5000 -0.1945
29.4432 -71.7592 -49.3391 19.2614 1690744322801 121.5000 -0.1945
29.9795 -72.3951 -49.4603 21.0933 1690744322834 154.2500 -0.1906
31.1562 -71.8858 -48.0047 17.8269 1690744322867 187.0000 -0.1891
30.4928 -71.6433 -48.2997 27.5299 1690744322899 219.7500 -0.1877
30.5240 -71.9097 -48.2883 24.1758 1690744322933 252.2500 -0.1877
30.0063 -70.9989 -48.3674 22.0197 1690744322965 285.0000 -0.1838
29.2249 -71.5643 -48.5378 31.0159 1690744322997 317.5000 -0.1816
28.8671 -72.1623 -48.3971 32.0933 1690744323031 350.2500 -0.1808
28.9622 -72.1593 -48.3776 31.3378 1690744323063 383.2500 -0.1764
29.2355 -72.1264 -48.2873 31.8081 1690744323095 415.7500 -0.1764
28.9652 -71.9979 -48.4213 28.5786 1690744323128 448.2500 -0.1757
28.4706 -71.8136 -48.4597 25.4093 1690744323161 481.2500 -0.1735
28.4932 -72.0746 -48.5223 19.6696 1690744323193 513.5000 -0.1681
29.5207 -72.9854 -49.4317 17.9824 1690744323226 546.2500 -0.1593
28.7680 -72.5545 -49.8774 23.8859 1690744323260 579.2500 -0.1564
27.7111 -71.4787 -50.4526 26.8963 1690744323292 611.7500 -0.1529
27.1893 -70.9989 -50.2175 23.7805 1690744323324 335.5000 -0.1422
27.9154 -71.0287 -49.1606 17.8053 1690744323361 59.2500 -0.1271
28.5924 -71.6818 -49.0209 28.5038 1690744323391 92.0000 -0.1271
28.8149 -71.9820 -49.4613 26.2436 1690744323424 124.5000 -0.1154
28.9871 -72.1247 -49.3800 24.3520 1690744323457 157.2500 -0.1115
31.0960 -72.7628 -49.0069 26.1972 1690744323490 189.7500 -0.0954
29.8935 -72.1719 -48.6237 24.7792 1690744323520 222.2500 -0.0954
29.6564 -72.6931 -48.7040 24.3966 1690744323553 255.2500 -0.0833
29.3344 -71.5621 -48.7521 27.8565 1690744323586 289.2500 -0.0668
28.6864 -72.0547 -49.1102 21.5360 1690744323619 320.7500 -0.0626
28.5339 -72.5437 -48.9327 39.6477 1690744323650 353.2500 -0.0626
28.5464 -73.1358 -49.0870 24.3678 1690744323685 386.2500 -0.0505
28.5726 -73.0161 -48.8355 30.7068 1690744323717 418.7500 -0.0333
28.5183 -72.7291 -48.7356 28.1486 1690744323749 451.2500 -0.0333
28.3342 -72.8247 -48.6706 28.4605 1690744323782 484.2500 -0.0245
27.9389 -72.9590 -48.6851 27.5207 1690744323815 516.7500 -0.0216
28.7659 -74.3164 -49.7099 21.0325 1690744323847 549.5000 -0.0216
28.2248 -73.4840 -49.5715 21.3051 1690744323880 582.2500 -0.0132
27.3734 -72.4635 -50.3674 21.0534 1690744323913 615.0000 -0.0034
27.0141 -71.8081 -50.7982 21.4732 1690744323945 192.2500 -0.0011
26.4878 -72.9392 -50.4041 28.6160 1690744323978 73.2500 0.0072
25.8813 -73.7929 -49.6976 18.1176 1690744324012 107.2500 0.0072
27.5448 -72.8066 -48.6578 21.0371 1690744324043 138.5000 0.0118
28.4148 -72.5918 -48.3947 34.7562 1690744324076 171.2500 0.0176
29.1277 -73.2251 -47.7526 25.8166 1690744324109 204.0000 0.0209
29.0887 -74.4774 -48.2208 23.4939 1690744324142 236.7500 0.0238
29.1422 -74.4137 -48.1180 18.8723 1690744324174 269.2500 0.0284
28.6522 -74.0859 -48.5953 21.4600 1690744324207 302.2500 0.0336
27.4371 -73.6459 -49.4805 24.1927 1690744324240 334.7500 0.0336
26.6778 -73.0296 -49.9694 28.3929 1690744324272 367.2500 0.0344
25.6879 -72.0025 -50.1224 27.2879 1690744324304 400.0000 0.0355
25.5355 -72.6742 -50.0388 23.3934 1690744324338 432.5000 0.0311
25.7365 -72.5171 -49.3773 24.9350 1690744324370 465.5000 0.0311
25.9941 -72.3019 -49.4045 18.0577 1690744324403 498.0000 0.0205
25.8608 -72.6989 -49.6323 20.8458 1690744324437 530.7500 0.0087
25.6416 -72.4605 -49.8409 23.8118 1690744324469 563.5000 0.0004
25.3545 -72.2734 -49.5923 24.7665 1690744324504 596.2500 -0.0161
25.5485 -72.6024 -49.7784 23.5075 1690744324534 628.5000 -0.0243
25.6223 -72.5492 -49.7666 23.4828 1690744324567 661.7500 -0.0397
25.5946 -72.4615 -49.8993 23.5261 1690744324599 694.2500 -0.0447
25.6375 -72.5448 -49.7922 24.2503 1690744324631 727.0000 -0.0597
25.7876 -72.5564 -49.6369 23.6964 1690744324665 759.7500 -0.0597
26.0357 -72.7756 -49.6899 15.3859 1690744324697 792.2500 -0.0736
26.3362 -73.0231 -48.8199 19.3733 1690744324729 825.0000 -0.0871
28.4483 -72.5681 -47.9818 15.5648 1690744324763 857.7500 -0.0958
27.4385 -73.2611 -48.7852 21.4716 1690744324796 890.0000 -0.0958
27.9060 -72.6331 -48.9915 21.9383 1690744324828 923.0000 -0.1083
27.3107 -71.6851 -49.8074 28.8596 1690744324861 955.7500 -0.1198
27.1389 -72.5298 -49.4247 28.9583 1690744324894 988.2500 -0.1313
27.1340 -73.0047 -49.1132 24.4755 1690744324926 1021.2500 -0.1403
26.9415 -73.2774 -48.8062 28.2889 1690744324958 1053.7500 -0.1403
27.1401 -72.9267 -48.7436 28.5337 1690744324992 1086.5000 -0.1476
26.9654 -72.8058 -48.7131 30.7511 1690744325024 1119.2500 -0.1549
27.1844 -72.7420 -48.4302 22.0314 1690744325056 1152.0000 -0.1659
27.0765 -72.9840 -48.4621 20.0586 1690744325090 1184.5000 -0.1791
27.4141 -73.1737 -48.5742 28.0047 1690744325122 1217.0000 -0.1823
27.5552 -72.5593 -49.2327 25.4215 1690744325154 1250.0000 -0.1935
26.8330 -71.6079 -49.9714 26.0367 1690744325188 348.5000 -0.1935
26.3174 -71.1874 -49.5016 18.1310 1690744325221 70.2500 -0.2038
27.8289 -71.8681 -49.1971 32.9473 1690744325253 103.0000 -0.2038
29.1774 -71.4295 -48.6972 31.5206 1690744325286 135.2500 -0.2072
28.9203 -71.6102 -49.0396 23.3841 1690744325319 168.2500 -0.2120
28.9271 -71.8917 -48.8058 18.8899 1690744325351 201.2500 -0.2160
30.4277 -72.2315 -48.3802 16.8539 1690744325383 233.7500 -0.2160
29.8361 -71.8418 -48.4122 36.2015 1690744325417 266.2500 -0.2200
30.2074 -72.0303 -48.2879 23.4416 1690744325449 299.2500 -0.2247
29.6121 -71.0576 -48.4584 39.7702 1690744325481 331.7500 -0.2258
28.9073 -71.3216 -48.7965 31.0383 1690744325514 364.5000 -0.2258
28.8156 -71.9208 -48.6848 30.4756 1690744325547 397.2500 -0.2282
28.7649 -72.0727 -48.6665 31.9882 1690744325580 429.7500 -0.2282
29.1386 -71.7876 -48.6326 25.7819 1690744325613 461.7500 -0.2282
28.8483 -71.4939 -48.4500 34.4768 1690744325646 495.2500 -0.2282
28.6135 -71.4935 -48.4453 33.8548 1690744325678 528.0000 -0.2282
28.6020 -71.8057 -48.3710 21.7535 1690744325710 560.5000 -0.2280
28.7138 -71.8920 -48.3310 17.4128 1690744325744 593.2500 -0.2274
28.5531 -72.0233 -49.2303 28.1618 1690744325776 626.0000 -0.2263
27.8886 -71.5613 -50.2388 25.5492 1690744325808 658.7500 -0.2263
27.3760 -70.9601 -50.3176 22.0478 1690744325841 523.2500 -0.2256
27.5096 -71.4393 -49.7175 20.9448 1690744325874 52.0000 -0.2238
29.1150 -71.7691 -49.0355 30.3496 1690744325906 86.2500 -0.2190
29.2709 -71.3379 -48.9649 24.0790 1690744325939 117.0000 -0.2158
29.4332 -71.8113 -49.2777 17.9600 1690744325973 150.2500 -0.2106
29.6524 -72.0475 -48.3223 18.7142 1690744326005 182.0000 -0.2038
31.0102 -71.4378 -47.8329 26.1718 1690744326037 215.0000 -0.2022
30.1173 -72.0244 -48.5588 17.4384 1690744326071 248.2500 -0.1974
29.7749 -71.4529 -48.8573 28.6064 1690744326103 280.7500 -0.1974
29.3557 -71.4718 -48.8309 28.8552 1690744326135 313.5000 -0.1943
28.6918 -71.9876 -48.5571 26.3447 1690744326169 346.2500 -0.1899
28.6845 -72.3730 -48.4019 27.7214 1690744326201 379.0000 -0.1862
29.0989 -72.2143 -48.2237 37.9820 1690744326233 411.5000 -0.1828
28.9684 -72.1874 -48.4283 28.8713 1690744326266 444.2500 -0.1828
28.2152 -71.7169 -48.3190 24.8788 1690744326299 477.0000 -0.1816
28.2075 -71.9203 -48.3945 25.8364 1690744326331 509.7500 -0.1797
28.9985 -73.1538 -49.3718 19.4908 1690744326364 542.2500 -0.1779
28.5498 -72.4735 -49.1422 20.1838 1690744326398 574.7500 -0.1779
28.0513 -71.7468 -50.0145 23.4680 1690744326430 607.2500 -0.1774
27.0568 -70.8708 -50.1558 25.0218 1690744326462 640.2500 -0.1769
27.2576 -71.2908 -49.5836 20.2800 1690744326496 48.2500 -0.1766
28.5194 -71.9331 -48.9237 29.7135 1690744326528 80.7500 -0.1755
28.8972 -71.6461 -48.9282 28.9058 1690744326560 113.2500 -0.1745
29.0481 -71.8307 -49.0522 23.3065 1690744326593 146.2500 -0.1745
30.1457 -71.6507 -48.1293 19.9486 1690744326626 178.7500 -0.1712
31.0002 -71.8830 -47.7502 26.9958 1690744326658 211.5000 -0.1701
29.9744 -72.3358 -48.4030 26.3120 1690744326691 244.2500 -0.1606
29.7237 -71.8642 -48.6754 26.3169 1690744326725 276.5000 -0.1422
29.2481 -71.3686 -48.7821 27.3570 1690744326757 309.5000 -0.1381
28.5998 -72.3399 -48.6715 30.9481 1690744326789 341.5000 -0.1256
28.3669 -72.6682 -48.6214 31.7861 1690744326823 375.0000 -0.1256
28.5127 -72.7478 -48.4315 28.1169 1690744326855 407.5000 -0.1125
28.6680 -72.3841 -48.5904 30.0950 1690744326887 440.2500 -0.1000
28.3669 -72.3671 -48.5087 29.0955 1690744326920 473.0000 -0.0919
27.9881 -72.5129 -48.6798 28.0292 1690744326953 505.7500 -0.0880
27.8471 -72.6349 -48.6508 24.1099 1690744326985 538.2500 -0.0763
28.1569 -73.1840 -49.3454 22.5507 1690744327018 571.0000 -0.0650
27.7245 -72.5044 -50.0017 25.5340 1690744327051 603.7500 -0.0612
26.6362 -71.5982 -50.4084 25.0753 1690744327083 482.0000 -0.0581
26.1581 -71.3662 -49.9991 23.5218 1690744327115 52.2500 -0.0490
26.7351 -72.3378 -49.6071 24.6150 1690744327150 84.7500 -0.0358
27.6262 -72.2300 -49.3308 28.3678 1690744327182 117.2500 -0.0358
27.7335 -72.1217 -49.6367 31.7354 1690744327214 150.0000 -0.0326
27.7255 -72.6493 -49.0390 22.1525 1690744327247 182.5000 -0.0206
29.1960 -72.2376 -48.1023 26.3095 1690744327280 215.5000 -0.0133
28.4598 -72.4837 -48.9088 30.1597 1690744327312 248.2500 -0.0089
28.7871 -72.7726 -48.9972 19.2654 1690744327345 281.0000 -0.0045
28.4792 -72.2797 -49.4442 24.6037 1690744327378 313.5000 -0.0045
28.2469 -72.5120 -49.6765 24.6037 1690744327386 321.7500 -0.0045
