31.9323 -70.8812 -55.1537 29.0543 1690744322376 326.2500 -0.2238
31.4925 -71.2602 -55.0030 28.2797 1690744322409 357.0000 -0.2205
31.5724 -71.4655 -54.7060 30.2695 1690744322441 390.0000 -0.2181
31.8412 -71.1095 -55.1485 26.6952 1690744322475 422.7500 -0.2140
31.7390 -70.8321 -55.1692 26.5316 1690744322508 455.2500 -0.2111
31.2102 -70.9628 -54.9763 28.6369 1690744322540 488.2500 -0.2101
31.4575 -71.7833 -54.6206 17.3465 1690744322572 520.7500 -0.2088
31.7970 -71.8717 -55.0762 24.8490 1690744322606 553.2500 -0.2048
31.4054 -71.3628 -55.9479 19.9387 1690744322638 586.2500 -0.2009
31.0675 -70.5065 -56.3997 25.0260 1690744322670 618.5000 -0.2009
30.9490 -70.5351 -56.7636 20.2937 1690744322703 494.0000 -0.1991
31.6250 -71.4811 -55.5525 38.9431 1690744322736 56.2500 -0.1960
32.6412 -70.8989 -55.0464 37.0299 1690744322768 88.5000 -0.1945
32.3997 -70.4753 -55.1788 35.1262 1690744322801 121.5000 -0.1945
32.7460 -71.0463 -54.6722 29.2706 1690744322834 154.2500 -0.1906
33.7645 -71.6262 -54.2921 36.4432 1690744322867 187.0000 -0.1891
33.0159 -71.3065 -53.4505 19.9151 1690744322899 219.7500 -0.1877
32.9884 -71.2954 -54.1637 25.1800 1690744322933 252.2500 -0.1877
33.0273 -70.4587 -54.0157 27.3580 1690744322965 285.0000 -0.1838
31.8537 -71.2334 -54.6013 24.2428 1690744322997 317.5000 -0.1816
31.6359 -71.8140 -54.7607 26.8905 1690744323031 350.2500 -0.1808
31.6290 -71.5533 -55.1452 29.5413 1690744323063 383.2500 -0.1764
31.5285 -71.6395 -54.4203 24.4132 1690744323095 415.7500 -0.1764
31.6749 -71.5741 -54.8569 20.4260 1690744323128 448.2500 -0.1757
30.6818 -71.5251 -55.0542 21.1031 1690744323161 481.2500 -0.1735
31.0000 -71.9333 -54.9803 16.7348 1690744323193 513.5000 -0.1681
30.5974 -71.4956 -55.4009 23.9271 1690744323226 546.2500 -0.1593
31.3246 -71.5596 -55.6918 14.3363 1690744323260 579.2500 -0.1564
30.3815 -70.6769 -56.4649 29.3055 1690744323292 611.7500 -0.1529
30.1948 -69.9310 -56.6614 22.7633 1690744323324 335.5000 -0.1422
31.4973 -71.1105 -55.9178 35.8380 1690744323361 59.2500 -0.1271
32.1687 -71.3548 -55.5692 52.9349 1690744323391 92.0000 -0.1271
31.6640 -71.2039 -55.8867 26.6042 1690744323424 124.5000 -0.1154
31.5973 -71.6686 -55.6276 35.0434 1690744323457 157.2500 -0.1115
33.1115 -71.7797 -54.7872 36.0346 1690744323490 189.7500 -0.0954
32.4379 -71.3868 -54.0098 16.9507 1690744323520 222.2500 -0.0954
32.5641 -72.2485 -54.9844 28.9897 1690744323553 255.2500 -0.0833
31.9772 -71.2239 -55.0243 29.2694 1690744323586 289.2500 -0.0668
31.1109 -71.2652 -55.4571 38.7787 1690744323619 320.7500 -0.0626
31.0261 -72.1143 -55.5419 33.2678 1690744323650 353.2500 -0.0626
31.0635 -72.5802 -55.4763 25.6777 1690744323685 386.2500 -0.0505
30.6522 -72.4320 -55.1409 21.7217 1690744323717 418.7500 -0.0333
30.4628 -72.2392 -55.4103 20.7911 1690744323749 451.2500 -0.0333
30.5560 -72.5180 -55.5049 21.5933 1690744323782 484.2500 -0.0245
30.1775 -72.6402 -55.4071 21.7990 1690744323815 516.7500 -0.0216
30.6743 -72.6504 -54.8873 29.0642 1690744323847 549.5000 -0.0216
30.5580 -72.9303 -55.8603 10.9670 1690744323880 582.2500 -0.0132
30.0854 -71.8111 -56.3216 24.4315 1690744323913 615.0000 -0.0034
29.3010 -70.4296 -56.7894 24.1489 1690744323945 192.2500 -0.0011
28.5492 -72.2058 -56.3010 27.4620 1690744323978 73.2500 0.0072
28.8839 -73.8838 -55.8271 22.2508 1690744324012 107.2500 0.0072
30.1677 -73.6667 -55.2330 24.1476 1690744324043 138.5000 0.0118
30.9105 -73.2523 -55.3249 54.4335 1690744324076 171.2500 0.0176
31.6736 -73.6373 -55.2294 33.6766 1690744324109 204.0000 0.0209
32.2332 -74.0467 -54.9221 19.4986 1690744324142 236.7500 0.0238
31.1803 -74.1234 -54.7192 27.5781 1690744324174 269.2500 0.0284
31.0410 -73.5934 -55.1374 19.6303 1690744324207 302.2500 0.0336
30.2190 -73.0009 -55.7562 19.9741 1690744324240 334.7500 0.0336
29.0780 -72.2788 -56.1803 32.7057 1690744324272 367.2500 0.0344
28.4028 -71.5000 -56.5281 29.9019 1690744324304 400.0000 0.0355
28.8706 -71.7806 -55.9922 31.3227 1690744324338 432.5000 0.0311
29.6413 -72.1760 -55.6356 42.0038 1690744324370 465.5000 0.0311
29.3721 -71.8852 -55.2173 26.3363 1690744324403 498.0000 0.0205
28.9592 -72.0619 -56.1321 25.4338 1690744324437 530.7500 0.0087
28.3615 -71.7043 -56.1398 32.5820 1690744324469 563.5000 0.0004
28.7295 -72.0822 -56.0899 29.4927 1690744324504 596.2500 -0.0161
28.5718 -71.9269 -55.9303 28.7746 1690744324534 628.5000 -0.0243
28.3897 -71.7256 -56.1150 30.9846 1690744324567 661.7500 -0.0397
28.2462 -71.7475 -56.1612 30.1758 1690744324599 694.2500 -0.0447
28.3174 -71.6285 -56.0223 33.0703 1690744324631 727.0000 -0.0597
28.5232 -72.0169 -55.7101 28.0724 1690744324665 759.7500 -0.0597
28.9727 -72.4321 -55.8554 27.2292 1690744324697 792.2500 -0.0736
30.3305 -72.2999 -54.5756 27.7033 1690744324729 825.0000 -0.0871
31.3073 -71.9286 -54.4248 26.4000 1690744324763 857.7500 -0.0958
30.4549 -72.1813 -55.6944 27.9234 1690744324796 890.0000 -0.0958
30.7026 -71.8690 -55.5657 30.3162 1690744324828 923.0000 -0.1083
30.2362 -71.2562 -55.8173 41.7520 1690744324861 955.7500 -0.1198
29.9425 -71.9741 -55.5241 35.5543 1690744324894 988.2500 -0.1313
29.6519 -72.7560 -55.2076 38.0059 1690744324926 1021.2500 -0.1403
29.4283 -72.6716 -55.0108 27.6514 1690744324958 1053.7500 -0.1403
29.3380 -72.3361 -55.5378 31.6454 1690744324992 1086.5000 -0.1476
29.3928 -72.2890 -55.4001 32.6856 1690744325024 1119.2500 -0.1549
29.5916 -72.2783 -55.0877 30.4613 1690744325056 1152.0000 -0.1659
30.0477 -73.0167 -54.5444 33.9790 1690744325090 1184.5000 -0.1791
30.7946 -73.2364 -54.9197 24.8699 1690744325122 1217.0000 -0.1823
30.6357 -72.5236 -55.3820 23.9547 1690744325154 1250.0000 -0.1935
29.7195 -71.2496 -55.6740 19.9510 1690744325188 348.5000 -0.1935
30.2634 -71.1557 -55.9810 22.8535 1690744325221 70.2500 -0.2038
31.5319 -71.8654 -55.5075 48.4735 1690744325253 103.0000 -0.2038
32.2412 -71.0593 -55.1112 55.6066 1690744325286 135.2500 -0.2072
31.5672 -71.2949 -55.1708 38.9483 1690744325319 168.2500 -0.2120
31.9310 -71.8698 -55.0938 31.8567 1690744325351 201.2500 -0.2160
33.2027 -71.8098 -54.4296 38.7155 1690744325383 233.7500 -0.2160
32.8877 -70.8123 -53.9398 23.1701 1690744325417 266.2500 -0.2200
32.8083 -71.6252 -54.1873 22.0701 1690744325449 299.2500 -0.2247
31.9704 -70.9802 -54.2200 25.8246 1690744325481 331.7500 -0.2258
31.3676 -70.7093 -55.1479 27.3140 1690744325514 364.5000 -0.2258
31.0958 -71.2108 -54.9685 35.2381 1690744325547 397.2500 -0.2282
31.1785 -71.7062 -55.1594 28.9978 1690744325580 429.7500 -0.2282
31.3953 -71.7519 -54.8739 23.3500 1690744325613 461.7500 -0.2282
31.0833 -71.3670 -55.1472 25.3254 1690744325646 495.2500 -0.2282
30.7770 -71.3603 -54.9771 24.3576 1690744325678 528.0000 -0.2282
30.8595 -71.4377 -54.8005 23.0354 1690744325710 560.5000 -0.2280
31.2259 -71.8719 -54.6357 22.0359 1690744325744 593.2500 -0.2274
31.1886 -72.0001 -55.6496 19.3614 1690744325776 626.0000 -0.2263
30.7965 -70.9380 -56.2709 19.9350 1690744325808 658.7500 -0.2263
30.2826 -70.2693 -56.2975 20.2215 1690744325841 523.2500 -0.2256
30.8208 -71.5268 -55.8661 22.2119 1690744325874 52.0000 -0.2238
32.4400 -71.4359 -55.2682 46.6247 1690744325906 86.2500 -0.2190
32.2821 -70.6504 -54.9433 31.3233 1690744325939 117.0000 -0.2158
32.4248 -70.8986 -54.7865 38.0535 1690744325973 150.2500 -0.2106
33.3597 -71.3632 -54.3736 35.8282 1690744326005 182.0000 -0.2038
33.2289 -71.0580 -53.7464 22.5148 1690744326037 215.0000 -0.2022
32.8082 -71.4166 -54.4448 24.4045 1690744326071 248.2500 -0.1974
32.7174 -70.8873 -54.5587 21.8853 1690744326103 280.7500 -0.1974
31.3402 -70.7007 -54.8655 24.6220 1690744326135 313.5000 -0.1943
31.2816 -71.5734 -54.5038 32.8287 1690744326169 346.2500 -0.1899
31.4440 -71.8796 -54.6862 26.4067 1690744326201 379.0000 -0.1862
31.3754 -71.1876 -54.9911 20.9370 1690744326233 411.5000 -0.1828
31.1104 -71.1811 -54.8454 21.3570 1690744326266 444.2500 -0.1828
30.8092 -71.2109 -55.1885 30.1526 1690744326299 477.0000 -0.1816
31.0019 -71.7433 -54.9576 19.0436 1690744326331 509.7500 -0.1797
31.0579 -71.6383 -54.3399 29.0599 1690744326364 542.2500 -0.1779
31.0004 -71.7913 -55.6183 19.5409 1690744326398 574.7500 -0.1779
30.4984 -71.1861 -56.0227 18.5144 1690744326430 607.2500 -0.1774
29.8558 -70.2812 -56.4640 19.2662 1690744326462 640.2500 -0.1769
30.6908 -71.2294 -55.9648 19.4255 1690744326496 48.2500 -0.1766
31.5921 -71.6983 -55.2399 44.8843 1690744326528 80.7500 -0.1755
31.6600 -70.8999 -54.9309 34.6387 1690744326560 113.2500 -0.1745
31.4335 -71.5669 -55.2656 29.5980 1690744326593 146.2500 -0.1745
32.8895 -71.8667 -54.6907 19.8121 1690744326626 178.7500 -0.1712
33.3326 -71.4833 -54.2493 35.5019 1690744326658 211.5000 -0.1701
32.5338 -71.5720 -54.8391 31.8083 1690744326691 244.2500 -0.1606
32.1984 -71.7062 -53.9937 21.2015 1690744326725 276.5000 -0.1422
31.3299 -70.9000 -55.0528 27.4678 1690744326757 309.5000 -0.1381
30.8648 -71.4348 -54.9999 42.0432 1690744326789 341.5000 -0.1256
31.3957 -72.2416 -54.9662 31.2137 1690744326823 375.0000 -0.1256
31.1959 -72.4220 -54.7531 17.1240 1690744326855 407.5000 -0.1125
30.7319 -71.9201 -55.1327 15.8361 1690744326887 440.2500 -0.1000
30.9066 -72.0958 -55.2170 29.9387 1690744326920 473.0000 -0.0919
30.2523 -72.1704 -55.4155 33.1506 1690744326953 505.7500 -0.0880
30.5486 -72.5517 -55.0544 28.6751 1690744326985 538.2500 -0.0763
30.3882 -72.8469 -55.4097 17.8045 1690744327018 571.0000 -0.0650
30.2129 -72.0406 -56.1579 23.9170 1690744327051 603.7500 -0.0612
29.4439 -70.9976 -56.4879 24.7042 1690744327083 482.0000 -0.0581
29.6816 -71.0949 -56.1653 25.0572 1690744327115 52.2500 -0.0490
30.7772 -71.7479 -55.6966 42.5204 1690744327150 84.7500 -0.0358
30.6088 -71.3089 -55.0849 30.7869 1690744327182 117.2500 -0.0358
29.8017 -71.9983 -55.3526 24.2169 1690744327214 150.0000 -0.0326
30.6651 -72.3118 -55.2883 20.9906 1690744327247 182.5000 -0.0206
32.2644 -72.3371 -55.2289 36.4003 1690744327280 215.5000 -0.0133
30.9421 -72.0859 -55.6260 40.7404 1690744327312 248.2500 -0.0089
31.5711 -72.6214 -55.0009 21.6779 1690744327345 281.0000 -0.0045
30.8988 -71.7948 -55.6509 32.1288 1690744327378 313.5000 -0.0045
30.6522 -72.0413 -55.8974 32.1288 1690744327386 321.7500 -0.0045
