-24.6025 79.3536 -39.2775 30.7972 1650410541384 1005078.7500 -0.1962
-24.3006 79.2933 -39.6019 30.6262 1650410541413 1005107.7500 -0.1960
-24.6262 79.3497 -39.3410 28.3874 1650410541442 1005136.7500 -0.1960
-24.5886 79.4084 -39.3090 28.3743 1650410541471 1005165.7500 -0.1960
-24.5395 79.3516 -39.3969 33.1364 1650410541500 1005194.7500 -0.1960
-24.6711 79.2775 -39.2669 32.8810 1650410541529 1005223.7500 -0.1960
-24.4672 79.2859 -39.5326 32.0679 1650410541558 1005252.7500 -0.1960
-24.6601 79.3672 -39.3081 33.3420 1650410541586 1005283.0000 -0.1960
-24.7388 79.5407 -39.2009 27.3496 1650410541616 1005310.7500 -0.1960
-24.5425 79.1888 -39.3533 25.0337 1650410541645 1005339.7500 -0.1960
-24.4462 79.3251 -39.3554 27.3506 1650410541674 1005368.7500 -0.1960
-24.6740 79.1005 -39.2883 30.1663 1650410541702 1005397.5000 -0.1965
-24.5947 79.4928 -39.3058 22.3782 1650410541732 1005426.5000 -0.1965
-24.4801 79.2711 -39.4733 24.7724 1650410541761 1005455.5000 -0.1965
-25.0392 79.9327 -38.9058 25.4291 1650410541790 1005484.2500 -0.1965
-24.3538 79.4008 -39.4811 27.6055 1650410541819 1005514.5000 -0.1965
-24.9403 80.1331 -39.0674 19.7332 1650410541847 1005541.7500 -0.1965
-24.9865 79.5622 -38.9623 20.5176 1650410541877 1005571.2500 -0.1968
-24.5849 79.5036 -39.3147 27.9368 1650410541905 1005600.0000 -0.1969
-25.0996 79.9210 -38.8996 20.9290 1650410541934 1005629.2500 -0.1969
-24.6303 79.5821 -39.3991 22.5871 1650410541963 1005658.2500 -0.1969
-24.3886 79.3641 -39.5093 22.7131 1650410541992 1005687.2500 -0.1969
-24.5537 79.5747 -39.3487 21.5168 1650410542021 1005716.2500 -0.1969
-24.4969 79.4055 -39.4251 26.5400 1650410542050 1005745.2500 -0.1969
-24.7218 79.5460 -39.2328 27.9646 1650410542080 1005774.2500 -0.1969
-24.3897 79.1977 -39.5156 26.2162 1650410542109 1005803.2500 -0.1969
-24.3899 79.3578 -39.6379 24.7865 1650410542138 1005832.2500 -0.1969
-24.5352 79.3956 -39.4773 24.2005 1650410542166 1005861.2500 -0.1969
-24.5478 79.4357 -39.4249 26.1759 1650410542195 1005890.2500 -0.1969
-24.4829 79.2759 -39.4925 26.6482 1650410542224 1005919.2500 -0.1967
-24.4218 79.3498 -39.4792 25.9969 1650410542253 1005948.2500 -0.1965
-24.3308 79.2412 -39.5698 27.5469 1650410542282 1005977.2500 -0.1965
-24.4732 79.2817 -39.4043 26.4616 1650410542311 1006006.2500 -0.1965
-24.4651 79.3136 -39.5263 23.3645 1650410542340 1006034.7500 -0.1965
-24.3581 79.2257 -39.4229 30.1510 1650410542369 1006063.2500 -0.1965
-24.5173 79.3335 -39.3929 27.5185 1650410542398 1006093.0000 -0.1965
-24.4006 79.3091 -39.5411 32.6964 1650410542427 1006122.0000 -0.1965
-24.4155 79.3348 -39.5237 24.5929 1650410542456 1006151.0000 -0.1965
-24.5255 79.0570 -39.3702 21.1307 1650410542485 1006179.7500 -0.1965
-24.4610 79.3203 -39.4433 33.1912 1650410542514 1006208.7500 -0.1965
-24.2472 79.2585 -39.5970 26.6794 1650410542543 1006237.7500 -0.1968
-24.5026 79.2063 -39.4409 26.1807 1650410542572 1006266.7500 -0.1969
-24.4258 79.3848 -39.4446 22.7590 1650410542601 1006296.2500 -0.1974
-24.4384 79.3357 -39.5984 29.2217 1650410542630 1006324.7500 -0.1974
-24.4713 79.3258 -39.5227 24.3324 1650410542659 1006353.7500 -0.1974
-24.4104 79.3636 -39.5271 26.7898 1650410542688 1006384.0000 -0.1974
-24.5938 79.4752 -39.4380 23.6235 1650410542717 1006411.7500 -0.1974
-24.4951 79.5435 -39.3857 26.5035 1650410542745 1006440.7500 -0.1974
-24.4572 79.4101 -39.4642 26.6910 1650410542775 1006469.7500 -0.1978
-24.4568 79.4348 -39.4079 29.7576 1650410542803 1006498.7500 -0.1979
-24.4279 79.7529 -39.5188 21.4400 1650410542833 1006527.5000 -0.1977
-24.8019 79.3313 -39.1459 21.4510 1650410542861 1006556.5000 -0.1974
-24.4752 79.2919 -39.5938 27.6042 1650410542891 1006585.2500 -0.1977
-24.6130 79.5207 -39.3347 31.9320 1650410542920 1006614.2500 -0.1979
-24.6634 79.4327 -39.2783 26.3748 1650410542949 1006643.2500 -0.1979
-24.4149 79.2787 -39.4920 27.1916 1650410542978 1006672.2500 -0.1979
-24.4006 79.3762 -39.5441 26.8262 1650410543006 1006701.2500 -0.1977
-24.4543 79.2983 -39.5370 25.4550 1650410543036 1006730.2500 -0.1974
-24.3825 79.5270 -39.4517 29.0657 1650410543064 1006759.2500 -0.1974
-24.3694 79.3690 -39.6279 26.7201 1650410543093 1006788.2500 -0.1974
-24.5960 79.2606 -39.3777 24.8959 1650410543122 1006816.5000 -0.1974
-24.3383 79.1374 -39.5655 27.5210 1650410543151 1006846.2500 -0.1969
-25.4187 79.8186 -38.5470 24.5084 1650410543180 1006875.2500 -0.1969
-25.4092 79.2969 -37.9352 33.1945 1650410543209 1006904.2500 -0.1969
-24.7023 79.5747 -37.8412 27.0934 1650410543238 1006933.2500 -0.1969
-24.3724 79.7974 -37.5137 38.7426 1650410543268 1006962.2500 -0.1974
-24.5769 79.3168 -36.7229 18.6151 1650410543297 1006991.2500 -0.1974
-24.0397 79.6226 -36.2232 21.3572 1650410543325 1007020.2500 -0.1974
-24.0760 79.5376 -35.3658 24.1772 1650410543355 1007049.7500 -0.1974
-23.7993 80.0829 -35.2324 16.3267 1650410543383 1007077.7500 -0.1974
-23.9095 79.9826 -34.2690 21.2813 1650410543412 1007107.2500 -0.1974
-23.8101 80.2870 -33.5751 23.9215 1650410543441 1007136.2500 -0.1974
-24.0976 80.3188 -33.0706 25.2745 1650410543470 1007165.2500 -0.1974
-23.7461 80.0773 -32.2235 24.6757 1650410543499 1007194.0000 -0.1979
-23.3130 80.2781 -32.3809 19.7781 1650410543528 1007223.0000 -0.1979
-23.2346 80.6985 -32.6588 17.9623 1650410543557 1007252.0000 -0.1979
-23.1388 81.0358 -32.6110 16.4138 1650410543586 1007280.7500 -0.1979
-22.9613 80.9907 -32.6189 17.8879 1650410543615 1007309.7500 -0.1979
-22.8433 80.9244 -32.8246 14.4091 1650410543644 1007338.7500 -0.1979
-22.8987 80.6926 -32.4928 19.8730 1650410543673 1007367.7500 -0.1979
-23.2960 80.7907 -32.6482 19.2393 1650410543702 1007396.7500 -0.1979
-23.3932 80.4828 -32.2091 18.8707 1650410543731 1007425.7500 -0.1979
-23.0522 80.5986 -32.6047 16.2777 1650410543760 1007454.7500 -0.1979
-23.2158 80.6931 -32.5310 18.3702 1650410543789 1007483.7500 -0.1977
-23.1857 80.6625 -32.6674 16.8317 1650410543818 1007512.7500 -0.1974
-23.3954 80.6733 -32.4095 24.8855 1650410543847 1007541.7500 -0.1974
-23.0501 80.6579 -32.4860 20.2026 1650410543876 1007572.0000 -0.1974
-23.2571 80.5611 -32.4450 16.3989 1650410543904 1007601.0000 -0.1972
-22.9964 80.6725 -32.6193 15.6890 1650410543934 1007628.5000 -0.1969
-23.1147 80.5630 -32.3905 16.7056 1650410543962 1007657.5000 -0.1969
-23.3800 80.3143 -32.2525 19.5607 1650410543991 1007686.5000 -0.1969
-23.3586 80.3554 -32.1184 18.1680 1650410544021 1007715.2500 -0.1969
-22.8449 80.4186 -32.2797 19.7555 1650410544050 1007744.2500 -0.1969
-22.8572 80.7981 -32.6784 16.6604 1650410544079 1007773.2500 -0.1969
-23.1805 80.6480 -32.1779 17.0029 1650410544108 1007802.2500 -0.1969
-23.0502 80.4997 -32.5244 21.7206 1650410544137 1007830.7500 -0.1969
-22.9486 80.5014 -32.4137 17.8511 1650410544166 1007860.0000 -0.1974
-23.0666 80.2685 -32.2216 14.4755 1650410544195 1007889.2500 -0.1974
-23.4545 80.8918 -32.0422 20.3728 1650410544223 1007919.2500 -0.1974
-23.1049 80.3664 -32.3718 24.0851 1650410544252 1007947.2500 -0.1974
-22.8661 80.4762 -32.5726 15.5366 1650410544281 1007976.2500 -0.1974
-23.2829 80.1723 -32.1057 17.0767 1650410544310 1008005.2500 -0.1974
-23.2480 80.5930 -32.4304 16.1770 1650410544339 1008034.2500 -0.1977
-23.0844 80.5588 -32.4844 20.3613 1650410544368 1008063.2500 -0.1979
-23.0687 80.4266 -32.3531 16.6179 1650410544398 1008092.2500 -0.1979
-23.2578 80.4376 -32.5189 18.8235 1650410544427 1008121.2500 -0.1979
-22.8209 80.5745 -32.6474 18.7774 1650410544456 1008150.2500 -0.1979
-23.3653 80.4568 -32.6041 17.7431 1650410544484 1008179.2500 -0.1979
-23.2507 80.7154 -32.6309 19.6054 1650410544514 1008208.2500 -0.1979
-23.1283 80.3913 -32.3408 19.3852 1650410544542 1008237.2500 -0.1979
-23.1633 80.5189 -32.5284 17.1663 1650410544571 1008266.2500 -0.1979
-23.1975 80.8017 -32.7019 15.7632 1650410544600 1008295.0000 -0.1979
-23.1534 80.3525 -32.3442 20.5765 1650410544629 1008324.0000 -0.1977
-23.1066 80.4190 -32.1977 12.0430 1650410544658 1008352.0000 -0.1974
-23.0819 80.8335 -32.4586 18.0542 1650410544687 1008381.7500 -0.1974
-22.8834 80.6874 -32.6356 15.2617 1650410544716 1008410.7500 -0.1974
-23.2943 80.4662 -32.2155 17.3882 1650410544745 1008439.7500 -0.1972
-22.9573 80.3920 -32.4476 19.4859 1650410544774 1008468.7500 -0.1969
-23.1337 80.4860 -32.3827 19.7330 1650410544803 1008497.7500 -0.1969
-22.8087 80.6847 -32.6262 23.3990 1650410544833 1008526.7500 -0.1969
-23.2777 80.2738 -32.4452 18.6127 1650410544861 1008555.7500 -0.1967
-23.4372 80.0492 -32.2506 29.0295 1650410544890 1008584.2500 -0.1965
-24.0761 79.4131 -32.2972 24.2662 1650410544919 1008616.5000 -0.1965
-23.2145 79.8300 -34.2703 19.4997 1650410544948 1008642.7500 -0.1965
-23.2025 79.8575 -34.3653 22.2716 1650410544977 1008671.2500 -0.1965
-22.8126 80.3827 -35.9622 19.5516 1650410545006 1008700.2500 -0.1965
-23.3757 79.7379 -36.4823 27.2975 1650410545035 1008729.5000 -0.1965
-24.0618 79.6098 -36.4662 23.1246 1650410545063 1008758.5000 -0.1968
-23.3951 80.4845 -37.5001 17.1405 1650410545093 1008787.5000 -0.1969
-23.9366 79.8362 -38.4486 24.7600 1650410545121 1008816.2500 -0.1969
-23.5302 79.7074 -38.5412 15.8202 1650410545150 1008845.2500 -0.1969
-23.7171 80.2288 -39.5981 19.2065 1650410545180 1008874.2500 -0.1973
-23.9469 79.9565 -39.9788 23.3379 1650410545209 1008903.2500 -0.1974
-23.7297 80.1762 -41.1084 15.9197 1650410545238 1008932.2500 -0.1974
-24.2346 79.5011 -41.6496 19.5157 1650410545267 1008961.2500 -0.1974
-23.6950 79.8905 -42.0082 13.7812 1650410545296 1008990.2500 -0.1974
-21.4010 77.8590 -44.9915 16.6861 1650410545325 1009019.2500 -0.1974
-23.6574 79.5634 -43.6420 14.8950 1650410545354 1009048.2500 -0.1974
-20.3150 76.4522 -48.1477 15.8354 1650410545382 1009077.2500 -0.1974
-23.5260 79.6543 -45.1713 14.6157 1650410545412 1009106.0000 -0.1974
-13.0376 69.0261 -56.4429 14.6543 1650410545440 1009134.5000 -0.1974
-23.7255 79.6989 -46.3184 15.1213 1650410545469 1009164.2500 -0.1972
-24.5902 79.5411 -46.8667 14.3181 1650410545498 1009193.2500 -0.1969
-23.9306 79.8238 -47.4267 20.1173 1650410545527 1009222.2500 -0.1969
-23.5438 79.6063 -48.3202 17.1793 1650410545556 1009251.2500 -0.1969
-24.1356 79.6511 -48.4833 16.3580 1650410545586 1009280.2500 -0.1967
-24.3967 79.1798 -49.4977 15.2031 1650410545615 1009309.2500 -0.1965
-23.9712 79.9997 -49.5760 20.0284 1650410545644 1009338.2500 -0.1965
-19.7525 75.4538 -54.5102 11.1553 1650410545673 1009368.2500 -0.1965
-17.2262 71.8777 -58.1929 13.5452 1650410545701 1009396.0000 -0.1962
-23.8639 80.0192 -51.2356 14.4054 1650410545730 1009425.0000 -0.1960
-23.7221 79.1169 -51.7837 16.3270 1650410545759 1009453.2500 -0.1960
-24.4398 79.6475 -51.9031 15.9896 1650410545788 1009483.0000 -0.1960
-24.4185 79.5018 -52.3031 14.7971 1650410545817 1009511.7500 -0.1960
-24.3655 79.7537 -53.6048 15.5872 1650410545846 1009540.7500 -0.1963
-24.0483 79.6742 -53.3708 19.7103 1650410545875 1009569.7500 -0.1965
-23.9883 79.4408 -53.6242 14.5432 1650410545904 1009598.7500 -0.1965
-23.8976 79.4706 -54.0165 13.9603 1650410545933 1009627.7500 -0.1965
-24.3772 79.3231 -54.6722 12.9060 1650410545962 1009656.7500 -0.1968
-22.1257 77.5287 -56.2376 13.8378 1650410545992 1009685.7500 -0.1967
-21.1219 76.6379 -57.4080 14.3435 1650410546020 1009714.7500 -0.1965
-15.5090 71.1012 -62.9424 13.6928 1650410546049 1009743.7500 -0.1965
-22.0926 77.8764 -56.4614 12.7824 1650410546078 1009772.7500 -0.1968
-20.5075 76.3562 -58.6101 14.7491 1650410546107 1009801.7500 -0.1969
-24.0609 79.4667 -55.0869 12.4670 1650410546136 1009830.7500 -0.1969
-24.1057 79.4226 -55.3601 14.0784 1650410546165 1009859.5000 -0.1969
-24.1788 79.6104 -55.0663 16.5323 1650410546194 1009889.5000 -0.1969
-24.0815 79.1650 -55.1780 18.8230 1650410546223 1009917.0000 -0.1969
-24.0084 79.4227 -54.9775 17.2789 1650410546252 1009946.2500 -0.1969
-23.9595 79.2711 -55.0670 14.7326 1650410546280 1009975.2500 -0.1969
-21.9925 76.8484 -57.0728 15.9536 1650410546310 1010004.2500 -0.1969
-22.3197 77.5137 -56.7411 16.6146 1650410546339 1010033.2500 -0.1969
-22.0145 77.2684 -57.0819 14.5479 1650410546368 1010062.2500 -0.1967
-22.5458 77.0084 -56.0995 12.7730 1650410546397 1010091.2500 -0.1965
-20.5919 74.9192 -58.0532 14.2354 1650410546426 1010120.2500 -0.1965
-24.5078 78.8254 -53.6590 12.7768 1650410546455 1010150.0000 -0.1965
-22.0288 76.7496 -55.7596 13.8969 1650410546484 1010178.2500 -0.1965
-21.8087 76.7529 -55.5477 16.4426 1650410546513 1010207.2500 -0.1965
-20.5582 75.4116 -56.8612 17.3649 1650410546541 1010236.0000 -0.1965
-18.1398 72.9392 -58.6828 17.0102 1650410546571 1010265.2500 -0.1965
-24.4372 79.1519 -51.9081 16.8791 1650410546599 1010294.2500 -0.1965
-14.8663 69.6047 -61.1764 15.4466 1650410546628 1010323.2500 -0.1965
-21.7720 77.4004 -53.4283 14.5419 1650410546657 1010352.2500 -0.1965
-23.3444 79.9718 -51.6627 23.5819 1650410546687 1010381.2500 -0.1965
-24.2489 79.5904 -50.0907 14.6763 1650410546715 1010410.2500 -0.1965
-24.1441 79.6210 -49.9833 15.0769 1650410546745 1010439.2500 -0.1965
-23.9806 79.5587 -49.7959 18.6282 1650410546774 1010468.2500 -0.1967
-23.9896 79.2917 -48.8649 18.3638 1650410546803 1010497.2500 -0.1969
-24.2346 79.6826 -47.9408 21.1595 1650410546832 1010526.0000 -0.1969
-23.4572 79.7919 -47.9554 20.7277 1650410546860 1010555.0000 -0.1973
-23.8805 79.2480 -47.3831 15.3018 1650410546890 1010584.0000 -0.1974
-24.0705 79.7194 -45.9554 15.5205 1650410546918 1010613.0000 -0.1974
-23.6380 80.0122 -46.4074 18.7667 1650410546947 1010641.7500 -0.1974
-23.7170 79.5955 -45.2651 21.2998 1650410546976 1010670.2500 -0.1978
-23.6797 79.4767 -44.6658 17.3695 1650410547005 1010699.7500 -0.1979
-23.1127 79.9689 -44.4149 20.6568 1650410547034 1010728.7500 -0.1979
-23.7094 79.4734 -43.2246 18.9407 1650410547063 1010757.7500 -0.1979
-23.8207 79.6950 -42.8022 15.4594 1650410547092 1010786.7500 -0.1979
-23.8117 79.4347 -41.7197 14.3241 1650410547121 1010815.7500 -0.1979
-24.0562 79.6150 -41.2033 19.2104 1650410547151 1010844.7500 -0.1979
-23.7574 80.3284 -40.7474 14.0481 1650410547179 1010873.7500 -0.1979
-23.6749 79.8504 -39.7100 22.3723 1650410547208 1010902.5000 -0.1979
-23.7324 79.7783 -39.1635 22.3779 1650410547237 1010933.0000 -0.1979
-23.6222 80.4362 -38.8454 14.4914 1650410547266 1010960.5000 -0.1977
-23.9685 80.4278 -37.7108 26.7360 1650410547295 1010990.7500 -0.1974
-23.5509 80.0018 -37.1556 17.8775 1650410547324 1011018.5000 -0.1974
-23.9274 80.4196 -36.2755 23.4856 1650410547353 1011047.2500 -0.1974
-23.6845 80.3082 -35.6255 28.1047 1650410547382 1011076.2500 -0.1972
-23.9731 79.7899 -34.9240 20.8736 1650410547411 1011105.2500 -0.1969
-24.0434 80.2166 -34.2604 19.1183 1650410547439 1011134.2500 -0.1969
-23.4607 80.6352 -34.3295 20.5411 1650410547469 1011163.2500 -0.1974
-23.6517 79.8239 -32.8094 22.2372 1650410547498 1011192.2500 -0.1972
-23.8667 80.2177 -32.2298 16.1950 1650410547527 1011221.2500 -0.1969
-22.7980 80.7293 -32.5786 18.7202 1650410547556 1011250.2500 -0.1969
-22.8032 80.3962 -32.3631 13.5991 1650410547585 1011279.2500 -0.1974
-23.3855 81.0215 -32.3458 19.2880 1650410547614 1011308.2500 -0.1974
-23.1353 80.6760 -32.6863 16.9898 1650410547643 1011337.2500 -0.1974
-22.9237 80.9054 -32.7096 16.2143 1650410547672 1011366.2500 -0.1974
-23.0555 80.9519 -32.6125 17.6980 1650410547701 1011395.2500 -0.1979
-22.9337 80.8180 -32.4442 15.4158 1650410547730 1011423.5000 -0.1979
-23.1823 80.7499 -32.6945 13.1713 1650410547758 1011454.2500 -0.1979
-23.0069 81.3541 -32.6193 22.0712 1650410547787 1011482.2500 -0.1979
-23.5284 80.9676 -32.5082 19.3784 1650410547816 1011511.2500 -0.1979
-23.3031 81.2715 -33.3201 21.5225 1650410547845 1011540.2500 -0.1979
-23.5942 81.3352 -32.5959 15.7886 1650410547874 1011569.2500 -0.1979
-23.1100 81.0771 -32.6039 16.6811 1650410547904 1011598.2500 -0.1979
-23.1279 80.6980 -32.6679 15.9094 1650410547933 1011627.2500 -0.1979
-23.3001 81.1268 -32.7007 22.4519 1650410547962 1011656.0000 -0.1979
-23.2535 80.9423 -32.3121 19.5171 1650410547991 1011684.5000 -0.1976
-23.0808 80.5244 -32.5811 16.9469 1650410548019 1011714.0000 -0.1974
-23.2725 80.8921 -32.4341 19.3192 1650410548049 1011742.7500 -0.1974
-23.4883 80.5862 -32.7060 22.0704 1650410548077 1011773.0000 -0.1974
-22.9791 80.5684 -32.6401 18.7558 1650410548106 1011800.7500 -0.1974
-23.1302 80.8134 -32.4064 18.8889 1650410548135 1011829.7500 -0.1974
-23.0336 80.6512 -32.4929 24.2367 1650410548164 1011858.7500 -0.1972
-22.9695 80.6368 -32.4012 14.8667 1650410548193 1011887.7500 -0.1969
-22.8249 80.8051 -32.8224 20.8920 1650410548222 1011916.7500 -0.1969
-23.1131 80.5730 -32.5067 20.8232 1650410548251 1011945.7500 -0.1969
-23.2127 80.8114 -32.2801 25.0543 1650410548280 1011974.7500 -0.1967
-23.0282 80.4660 -32.6737 21.5074 1650410548310 1012003.7500 -0.1965
-23.0870 80.5605 -32.6114 24.9029 1650410548338 1012032.7500 -0.1965
-23.0666 80.5106 -32.5695 22.8501 1650410548367 1012061.7500 -0.1965
-23.0627 80.5976 -32.9844 20.9154 1650410548396 1012090.5000 -0.1965
-22.9279 80.4918 -32.5627 18.1246 1650410548425 1012119.5000 -0.1965
-23.0028 80.6512 -32.4412 22.8486 1650410548454 1012148.5000 -0.1965
-22.9299 80.7348 -32.6016 19.2388 1650410548483 1012177.2500 -0.1969
-23.3634 80.5423 -32.3430 18.6863 1650410548512 1012205.5000 -0.1969
-23.0940 80.5022 -32.5127 22.1065 1650410548541 1012235.2500 -0.1972
-23.0445 80.6695 -32.4904 20.5403 1650410548570 1012264.2500 -0.1974
-22.7745 80.6131 -32.6501 20.3732 1650410548598 1012293.2500 -0.1974
-22.9496 80.5939 -32.2671 19.8494 1650410548628 1012323.7500 -0.1974
-23.2594 80.6621 -32.2896 23.5744 1650410548657 1012351.0000 -0.1974
-23.0163 80.5998 -32.2391 15.3384 1650410548686 1012380.2500 -0.1974
-23.2870 80.8417 -32.4649 25.7012 1650410548715 1012409.2500 -0.1974
-23.0366 80.5593 -32.3045 21.5979 1650410548744 1012438.0000 -0.1974
-23.0687 80.7158 -32.1492 15.6469 1650410548773 1012466.7500 -0.1974
-23.1017 80.5893 -32.3758 20.0832 1650410548802 1012496.2500 -0.1974
-23.0394 80.8868 -32.0887 18.5981 1650410548831 1012525.0000 -0.1974
-22.8029 80.8960 -32.5835 17.4156 1650410548860 1012554.2500 -0.1974
-23.0797 80.6060 -32.7289 20.0581 1650410548889 1012583.2500 -0.1972
-23.5258 80.0489 -32.2376 25.2810 1650410548917 1012612.2500 -0.1969
-23.7588 79.8006 -33.1055 27.1194 1650410548947 1012641.2500 -0.1969
-23.2697 79.8916 -34.4341 26.2601 1650410548975 1012670.2500 -0.1969
-23.3470 79.9915 -34.7195 30.4208 1650410549004 1012699.2500 -0.1969
-23.0205 80.4995 -36.1495 18.2960 1650410549033 1012728.2500 -0.1969
-23.4358 79.8153 -36.5507 22.4516 1650410549063 1012757.0000 -0.1967
-23.4775 79.9187 -36.9270 20.3593 1650410549092 1012786.0000 -0.1965
-23.2970 80.4307 -37.8647 18.3833 1650410549121 1012815.0000 -0.1965
-23.6278 79.9201 -38.2179 26.9133 1650410549150 1012843.7500 -0.1969
-23.6322 80.3894 -39.0707 14.1438 1650410549179 1012872.7500 -0.1967
-24.1248 79.7922 -40.0492 19.0783 1650410549208 1012901.7500 -0.1965
-23.8182 79.7124 -40.0362 17.4991 1650410549236 1012930.7500 -0.1965
-23.3736 80.0110 -41.2832 17.9235 1650410549265 1012961.0000 -0.1969
-24.5805 79.4076 -40.8087 21.9910 1650410549294 1012990.0000 -0.1969
-23.4263 80.2933 -42.6186 17.9354 1650410549323 1013017.7500 -0.1969
-23.7011 79.8606 -43.3023 25.3067 1650410549352 1013046.7500 -0.1969
-23.9295 79.9273 -43.5943 14.8764 1650410549381 1013075.7500 -0.1974
-23.7224 80.1565 -44.6240 19.3373 1650410549410 1013104.7500 -0.1974
-23.9048 79.6994 -45.2223 18.8145 1650410549439 1013133.7500 -0.1974
-24.4255 79.7502 -45.5269 15.2298 1650410549469 1013162.7500 -0.1974
-24.4194 80.3580 -47.0522 16.3985 1650410549497 1013191.5000 -0.1974
-24.2331 80.0316 -46.5608 15.0659 1650410549527 1013223.2500 -0.1974
-23.9635 80.1856 -48.0893 12.2483 1650410549555 1013248.7500 -0.1974
-23.6359 79.7641 -48.4895 15.8256 1650410549584 1013278.2500 -0.1974
-22.5938 77.6746 -50.5876 18.3662 1650410549613 1013307.0000 -0.1974
-24.2655 79.4865 -49.1786 15.8890 1650410549642 1013336.2500 -0.1974
-23.9493 79.8996 -49.9097 17.3714 1650410549671 1013365.2500 -0.1974
-23.8900 79.6941 -50.0467 12.9651 1650410549700 1013394.2500 -0.1974
-12.6069 68.1141 -62.2777 12.4931 1650410549729 1013423.2500 -0.1974
-24.0461 80.1106 -51.1728 12.7346 1650410549758 1013452.2500 -0.1974
-21.4421 77.0986 -54.2684 13.2251 1650410549787 1013481.2500 -0.1972
-20.8195 76.3260 -55.5427 16.8689 1650410549815 1013510.2500 -0.1969
-24.9144 79.1572 -52.6639 11.9628 1650410549845 1013539.2500 -0.1969
-23.8622 79.5240 -53.8092 10.0013 1650410549874 1013568.2500 -0.1969
-24.0450 79.3174 -53.4959 17.6371 1650410549903 1013597.2500 -0.1969
-23.9276 79.5091 -53.5290 19.4006 1650410549932 1013626.2500 -0.1969
-22.0084 77.2564 -55.5124 14.0680 1650410549961 1013655.2500 -0.1967
-24.4892 79.1771 -54.3607 17.1637 1650410549990 1013684.2500 -0.1965
-24.1564 79.4596 -54.1417 17.4123 1650410550019 1013713.2500 -0.1965
-23.9586 79.1646 -54.6246 17.3202 1650410550048 1013744.7500 -0.1965
-23.7183 79.4457 -55.1885 13.6824 1650410550076 1013771.0000 -0.1967
-23.7583 79.4127 -55.2144 13.5990 1650410550106 1013800.2500 -0.1969
-24.5566 80.0140 -54.9340 15.7633 1650410550134 1013829.2500 -0.1969
-23.9803 79.5226 -55.1606 17.2498 1650410550163 1013858.0000 -0.1969
-23.9940 79.4490 -55.3348 13.3584 1650410550193 1013887.0000 -0.1972
-24.3442 79.1014 -54.8960 13.6846 1650410550222 1013916.0000 -0.1974
-24.2419 79.5238 -55.0220 12.1883 1650410550251 1013945.0000 -0.1974
-23.8891 79.3188 -55.1268 11.2412 1650410550280 1013973.2500 -0.1974
-24.3338 79.1798 -54.9595 16.0674 1650410550309 1014002.2500 -0.1974
-21.9124 76.8278 -57.0902 15.9645 1650410550338 1014031.7500 -0.1974
-19.5510 74.8045 -59.3309 12.1843 1650410550367 1014060.2500 -0.1974
-21.0213 75.7815 -57.8200 15.2721 1650410550395 1014089.5000 -0.1974
-18.8510 73.4954 -59.7290 12.8982 1650410550425 1014118.7500 -0.1974
-15.8542 70.1450 -62.6855 13.4494 1650410550453 1014147.7500 -0.1974
-24.3120 78.7995 -53.7753 14.6074 1650410550482 1014176.7500 -0.1974
-20.6772 75.3029 -57.0078 13.6918 1650410550511 1014205.7500 -0.1974
-22.3827 77.2905 -54.7537 15.8376 1650410550540 1014234.7500 -0.1974
-21.1478 75.7099 -56.4075 10.7274 1650410550569 1014263.7500 -0.1974
-24.3456 78.8453 -52.5228 14.1520 1650410550598 1014292.7500 -0.1974
-24.4328 79.1002 -51.7127 14.9175 1650410550628 1014321.5000 -0.1974
-24.6257 79.5124 -50.9938 16.5413 1650410550656 1014350.5000 -0.1974
-23.9824 79.7193 -51.2403 13.0498 1650410550686 1014379.2500 -0.1972
-23.2655 80.0830 -51.4693 20.6005 1650410550714 1014408.2500 -0.1969
-24.1114 79.3037 -50.3663 19.8882 1650410550743 1014437.2500 -0.1969
-23.9235 79.3438 -49.8329 18.3355 1650410550772 1014466.2500 -0.1969
-23.3487 80.2497 -49.8227 15.1225 1650410550801 1014495.0000 -0.1969
-24.1218 79.3344 -48.4047 17.2834 1650410550830 1014525.5000 -0.1969
-24.1679 79.6665 -47.9964 18.3514 1650410550859 1014553.2500 -0.1969
-23.4559 79.8187 -48.0807 16.1532 1650410550888 1014582.2500 -0.1969
-23.5899 79.5186 -46.8749 16.8856 1650410550917 1014611.2500 -0.1969
-24.0882 79.5130 -46.2249 21.9267 1650410550946 1014640.2500 -0.1969
-23.4752 79.9636 -45.7678 16.9808 1650410550974 1014669.2500 -0.1972
-23.8611 79.4574 -45.1530 15.9916 1650410551004 1014698.2500 -0.1974
-23.8191 79.6235 -44.2467 18.4228 1650410551033 1014727.2500 -0.1974
-23.7227 79.4257 -43.8315 18.4097 1650410551062 1014759.0000 -0.1974
-23.8292 79.5181 -42.9970 17.0817 1650410551091 1014785.0000 -0.1977
-23.6917 79.6321 -42.3129 14.7201 1650410551120 1014814.2500 -0.1979
-23.9066 79.9459 -41.5836 19.3922 1650410551149 1014844.0000 -0.1979
-24.1541 79.5404 -40.8545 22.5958 1650410551178 1014872.2500 -0.1979
-23.2114 80.6990 -41.2181 15.9608 1650410551207 1014901.2500 -0.1979
-23.7515 79.7317 -39.5739 23.6285 1650410551236 1014930.2500 -0.1979
-23.8942 80.1723 -38.9050 20.7247 1650410551265 1014959.2500 -0.1979
-24.0066 79.6008 -38.1606 15.6063 1650410551293 1014988.0000 -0.1983
-23.8532 79.7686 -37.5506 20.0801 1650410551322 1015017.0000 -0.1984
-22.8409 80.7845 -37.8773 13.5471 1650410551351 1015046.0000 -0.1984
-23.6809 80.0282 -35.9422 21.6155 1650410551380 1015074.7500 -0.1984
-23.7041 80.1598 -35.6511 17.5871 1650410551410 1015103.7500 -0.1980
-24.0531 79.8331 -34.5322 18.8794 1650410551439 1015132.7500 -0.1979
-24.5115 80.0398 -33.9629 24.3790 1650410551468 1015161.7500 -0.1979
-23.5062 80.5598 -33.7631 16.8647 1650410551497 1015190.7500 -0.1979
-23.9118 80.0968 -32.5638 19.5984 1650410551526 1015219.7500 -0.1979
-23.9980 80.0673 -32.1097 22.2069 1650410551554 1015248.7500 -0.1979
-23.0240 80.4533 -32.1998 19.2130 1650410551584 1015278.5000 -0.1977
-23.0325 80.9756 -32.7295 17.7180 1650410551612 1015306.5000 -0.1974
-23.0543 80.6123 -32.6102 17.3510 1650410551641 1015335.7500 -0.1974
-23.1801 80.6984 -32.3129 15.6492 1650410551670 1015364.7500 -0.1974
-23.1064 80.8126 -32.4776 17.1417 1650410551699 1015393.7500 -0.1974
-23.0196 81.2468 -32.9471 16.9918 1650410551728 1015422.7500 -0.1974
-23.1572 81.1957 -32.8741 18.6517 1650410551758 1015451.5000 -0.1974
-23.4287 80.5918 -32.0321 16.2134 1650410551786 1015480.5000 -0.1974
-23.0933 80.9159 -32.4921 17.2451 1650410551816 1015510.7500 -0.1974
-23.2902 80.9565 -32.2670 20.7919 1650410551845 1015537.5000 -0.1978
-23.0300 80.7785 -32.5874 19.3760 1650410551873 1015567.2500 -0.1979
-23.0718 81.0389 -32.8948 18.6050 1650410551902 1015597.7500 -0.1979
-22.8731 80.9337 -32.6826 20.0037 1650410551931 1015625.0000 -0.1979
-23.3015 80.5555 -32.4056 17.3317 1650410551960 1015654.2500 -0.1979
-22.9369 80.8089 -32.6451 21.5134 1650410551989 1015683.2500 -0.1979
-23.0279 80.4767 -32.8164 20.5773 1650410552018 1015712.2500 -0.1979
-23.2542 80.6413 -32.3557 20.5987 1650410552047 1015741.2500 -0.1979
-22.9029 80.6145 -32.5170 15.4625 1650410552076 1015770.2500 -0.1979
-22.8839 81.0547 -32.6612 18.9939 1650410552105 1015799.2500 -0.1979
-23.0874 80.8793 -32.4098 22.3836 1650410552133 1015828.2500 -0.1982
-23.0256 80.6570 -32.6102 17.7519 1650410552164 1015857.2500 -0.1984
-23.0790 80.6463 -32.4535 17.9456 1650410552192 1015886.2500 -0.1984
-23.0076 80.6479 -32.4422 23.3592 1650410552221 1015915.2500 -0.1984
-22.9754 80.6709 -32.4825 19.0538 1650410552250 1015944.2500 -0.1984
-23.0821 80.7069 -32.4709 20.7514 1650410552279 1015973.2500 -0.1984
-23.2297 80.7018 -32.0895 19.9976 1650410552308 1016002.2500 -0.1984
-22.9978 80.6291 -32.4865 17.8276 1650410552337 1016031.2500 -0.1984
-22.7353 80.9309 -32.6160 18.4453 1650410552366 1016060.7500 -0.1984
-23.0840 80.6135 -32.6352 19.9526 1650410552395 1016089.0000 -0.1984
-22.9706 80.7343 -32.4581 21.1750 1650410552424 1016118.0000 -0.1982
-23.0555 80.7312 -32.4453 20.9645 1650410552452 1016147.0000 -0.1979
-22.9374 80.5747 -32.4962 15.3388 1650410552481 1016176.0000 -0.1979
-22.7899 80.7677 -32.7876 21.1460 1650410552510 1016204.7500 -0.1979
-22.9342 80.5250 -32.5716 21.6188 1650410552540 1016233.7500 -0.1979
-23.0666 81.0731 -32.6855 15.8990 1650410552569 1016262.7500 -0.1979
-22.7340 80.8483 -32.8001 18.0203 1650410552598 1016291.5000 -0.1979
-23.1087 80.5625 -32.3614 21.6605 1650410552627 1016322.0000 -0.1979
-23.0077 80.3630 -32.3891 22.6362 1650410552656 1016349.7500 -0.1979
-22.8970 80.8542 -32.7292 16.8710 1650410552685 1016378.0000 -0.1979
-22.7521 80.7862 -32.4459 16.8105 1650410552713 1016407.7500 -0.1979
-22.6101 80.9031 -32.5001 20.9026 1650410552743 1016436.7500 -0.1983
-23.1295 80.5850 -32.4502 20.6458 1650410552771 1016465.7500 -0.1984
-23.0902 80.7024 -32.2874 22.3344 1650410552800 1016494.7500 -0.1984
-22.9526 80.7485 -32.4467 18.0171 1650410552829 1016523.7500 -0.1984
-23.0795 80.6075 -32.3747 15.5554 1650410552858 1016552.5000 -0.1984
-23.1112 80.6383 -32.1692 24.8224 1650410552887 1016581.5000 -0.1984
-23.4701 80.3033 -32.2372 18.5745 1650410552916 1016610.2500 -0.1984
-23.7123 80.4539 -32.0941 25.2297 1650410552945 1016639.2500 -0.1984
-23.9831 79.5266 -33.0220 22.5112 1650410552975 1016668.2500 -0.1984
-23.1535 79.8631 -34.6803 20.9453 1650410553004 1016697.2500 -0.1984
-23.5364 80.2398 -34.6978 21.8793 1650410553032 1016726.2500 -0.1984
-23.5314 80.3009 -35.8492 22.6981 1650410553062 1016755.2500 -0.1984
-23.6352 79.8153 -36.5992 24.8240 1650410553090 1016784.2500 -0.1984
-23.6563 79.7164 -36.8819 19.0711 1650410553119 1016814.5000 -0.1984
-23.8811 80.3121 -38.0747 18.6177 1650410553148 1016841.5000 -0.1984
-23.8649 79.9032 -38.1398 21.0201 1650410553177 1016871.2500 -0.1984
-23.8113 79.7914 -39.1273 17.9312 1650410553206 1016900.2500 -0.1982
-23.7646 79.5951 -40.2373 19.4309 1650410553235 1016929.2500 -0.1979
-23.6747 79.7263 -40.4653 16.5595 1650410553264 1016958.2500 -0.1979
-23.6185 80.2236 -41.3418 16.0561 1650410553293 1016987.2500 -0.1979
-23.7614 79.7008 -41.6803 21.6267 1650410553322 1017016.2500 -0.1979
-20.0911 76.8384 -46.1665 13.2214 1650410553351 1017045.2500 -0.1979
-23.7806 79.9064 -43.3400 25.1172 1650410553380 1017073.7500 -0.1979
-18.0159 73.7817 -49.9834 15.7723 1650410553409 1017103.2500 -0.1979
-23.6085 79.9086 -45.2656 15.2329 1650410553438 1017133.7500 -0.1979
-23.8287 79.7451 -45.3870 15.1094 1650410553467 1017160.5000 -0.1979
-24.2435 80.0328 -45.7565 13.0736 1650410553496 1017190.0000 -0.1979
-24.0184 79.7960 -46.7951 17.7452 1650410553525 1017219.0000 -0.1979
-19.2859 74.6147 -52.0400 18.0904 1650410553554 1017248.0000 -0.1979
-23.8871 80.1174 -47.8085 15.6843 1650410553583 1017277.0000 -0.1979
-18.6878 74.7972 -53.3254 15.3084 1650410553611 1017305.7500 -0.1979
-21.2240 76.9759 -51.7030 12.4020 1650410553641 1017334.7500 -0.1983
-23.9874 79.7968 -49.3600 14.3656 1650410553669 1017363.7500 -0.1984
-23.8061 79.9205 -49.6907 17.8374 1650410553698 1017392.7500 -0.1984
-22.5100 78.0417 -52.0003 15.2324 1650410553727 1017421.7500 -0.1984
-24.2690 79.6550 -50.6744 18.3208 1650410553757 1017450.7500 -0.1984
-23.9316 79.9544 -51.7342 19.9692 1650410553786 1017479.7500 -0.1984
-23.9868 79.3578 -51.8197 15.9072 1650410553815 1017508.7500 -0.1984
-23.9556 79.6582 -52.2384 15.4211 1650410553844 1017537.7500 -0.1984
-20.9473 75.9439 -56.5659 14.3556 1650410553873 1017566.7500 -0.1984
-24.1104 79.5744 -53.1797 21.2835 1650410553902 1017596.2500 -0.1984
-23.8922 79.5528 -53.6769 14.0185 1650410553930 1017624.7500 -0.1984
-23.8402 79.2816 -53.5699 13.6062 1650410553959 1017653.5000 -0.1984
-23.5865 78.9853 -53.7584 15.6197 1650410553988 1017682.5000 -0.1984
-20.8238 76.8601 -57.1644 14.1289 1650410554017 1017711.5000 -0.1984
-24.0716 79.6095 -54.4842 13.4569 1650410554046 1017740.2500 -0.1984
-28.7366 84.7726 -49.9929 10.8106 1650410554075 1017769.2500 -0.1984
-23.6321 79.5141 -55.1832 13.9346 1650410554104 1017798.2500 -0.1982
-12.5938 68.3772 -66.2901 13.5613 1650410554134 1017827.0000 -0.1979
-23.8910 79.5857 -55.2650 15.7880 1650410554163 1017856.0000 -0.1979
-23.9326 79.3910 -55.0127 15.0195 1650410554191 1017885.2500 -0.1979
-23.9981 79.2397 -54.9980 11.1730 1650410554221 1017914.0000 -0.1979
-29.2409 84.3702 -49.8757 15.9247 1650410554249 1017943.2500 -0.1974
-24.1769 79.1724 -55.0964 16.3006 1650410554278 1017972.2500 -0.1977
-24.2192 79.4072 -55.1435 17.5382 1650410554307 1018001.2500 -0.1979
-24.3609 79.0973 -55.0600 17.2765 1650410554336 1018030.2500 -0.1979
-19.9369 74.7534 -59.0223 13.1949 1650410554365 1018059.2500 -0.1980
-20.9130 75.6582 -57.9874 11.9174 1650410554394 1018088.2500 -0.1979
-16.6488 71.2374 -62.0362 14.4675 1650410554423 1018117.2500 -0.1979
-21.4976 76.2669 -56.7613 18.0800 1650410554452 1018146.2500 -0.1979
-29.7800 83.9821 -48.7136 13.0337 1650410554481 1018175.2500 -0.1983
-18.0046 72.6870 -59.8434 17.7680 1650410554510 1018204.2500 -0.1984
-21.9515 76.5604 -55.6352 15.0180 1650410554540 1018233.2500 -0.1984
-19.6704 74.6833 -57.5930 12.8685 1650410554568 1018262.2500 -0.1984
-22.3090 77.2663 -54.8379 13.9332 1650410554597 1018291.2500 -0.1984
-20.9947 75.8434 -55.6700 13.3687 1650410554626 1018320.2500 -0.1984
-24.2536 79.0362 -51.6222 20.9157 1650410554655 1018348.7500 -0.1984
-24.6210 79.7090 -50.9471 22.3599 1650410554684 1018379.0000 -0.1984
-24.0765 79.4957 -51.4989 17.4029 1650410554713 1018406.7500 -0.1984
-16.3269 71.6339 -58.3487 15.8820 1650410554742 1018435.7500 -0.1984
-24.2001 79.4302 -49.8557 22.9637 1650410554770 1018464.7500 -0.1984
-23.6137 79.4084 -49.7953 17.3476 1650410554800 1018493.7500 -0.1984
-23.8937 79.3842 -49.0072 20.5935 1650410554828 1018522.7500 -0.1982
-24.0484 79.2547 -48.4090 19.7486 1650410554857 1018551.7500 -0.1979
-23.5817 79.4470 -48.1796 16.4145 1650410554887 1018580.7500 -0.1979
-23.3191 80.3148 -47.7835 13.9446 1650410554916 1018612.5000 -0.1979
-23.9060 79.3785 -46.6625 16.5082 1650410554945 1018638.5000 -0.1979
-23.7940 79.7425 -46.1357 18.7253 1650410554974 1018667.7500 -0.1979
-24.0773 81.1873 -45.0890 15.5971 1650410555003 1018696.5000 -0.1979
-23.9979 79.5726 -44.8874 16.0655 1650410555032 1018725.7500 -0.1979
-23.9613 79.8396 -44.0292 18.7792 1650410555061 1018754.5000 -0.1979
-23.8319 79.7446 -43.5406 16.8929 1650410555089 1018783.5000 -0.1979
-23.9618 79.6353 -42.5206 23.1124 1650410555119 1018812.5000 -0.1979
-24.0701 79.6680 -42.0084 16.0344 1650410555147 1018841.2500 -0.1979
-23.8964 79.8365 -41.4367 19.8695 1650410555176 1018870.2500 -0.1979
-23.9419 79.8182 -40.9471 16.1862 1650410555205 1018899.2500 -0.1979
-23.9566 79.3545 -40.0321 21.7742 1650410555234 1018928.2500 -0.1979
-24.0088 79.7557 -39.1794 25.1073 1650410555263 1018957.2500 -0.1983
-23.8492 79.4153 -38.7793 23.4384 1650410555293 1018986.2500 -0.1984
-23.3958 79.8477 -37.9439 20.1128 1650410555322 1019015.2500 -0.1984
-23.7771 79.8318 -37.1518 23.1959 1650410555351 1019044.2500 -0.1984
-23.5833 79.9917 -37.0005 15.5054 1650410555380 1019073.2500 -0.1988
-24.2461 80.3075 -35.8343 21.5206 1650410555408 1019102.2500 -0.1989
-23.7776 80.0232 -35.3820 17.2930 1650410555437 1019130.7500 -0.1989
-23.9511 79.7180 -34.7125 19.6244 1650410555466 1019160.0000 -0.1989
-23.9885 80.3501 -33.7847 19.2783 1650410555495 1019189.2500 -0.1989
-22.9922 80.5993 -34.2222 16.5777 1650410555524 1019218.2500 -0.1989
-23.9420 80.1009 -32.5479 17.8629 1650410555553 1019247.2500 -0.1987
-23.5805 80.1775 -32.2519 19.9305 1650410555582 1019276.2500 -0.1984
-23.4916 80.8571 -32.5652 17.2612 1650410555611 1019305.2500 -0.1984
-23.3093 80.7733 -32.3922 15.5673 1650410555640 1019334.2500 -0.1984
-22.9646 81.0637 -32.6304 17.3657 1650410555669 1019363.0000 -0.1984
-23.4288 80.6982 -32.4610 13.5126 1650410555699 1019393.0000 -0.1984
-23.0366 80.9391 -32.4283 15.1585 1650410555727 1019421.2500 -0.1984
-23.4038 80.6131 -32.1977 15.2230 1650410555756 1019449.7500 -0.1984
-23.3941 81.0438 -32.1858 16.2398 1650410555785 1019478.7500 -0.1982
-23.2455 80.7510 -32.4783 22.4606 1650410555814 1019508.0000 -0.1979
-23.2616 81.0262 -32.4135 17.4237 1650410555843 1019536.7500 -0.1979
-23.1201 80.8892 -32.5722 22.9367 1650410555872 1019565.7500 -0.1979
-23.5042 80.5444 -32.2908 22.5809 1650410555901 1019594.7500 -0.1977
-23.2724 80.7857 -32.4212 14.9031 1650410555930 1019623.7500 -0.1974
-23.1853 80.8674 -32.4235 16.6415 1650410555959 1019652.7500 -0.1974
-23.4140 80.7340 -32.1881 19.3142 1650410555987 1019681.7500 -0.1974
-23.0822 80.8747 -32.5367 18.0272 1650410556016 1019710.7500 -0.1974
-23.2241 80.7063 -32.4278 22.2063 1650410556046 1019739.7500 -0.1974
-23.3095 80.9372 -32.2292 27.3650 1650410556075 1019768.7500 -0.1977
-22.7362 81.0980 -32.7753 19.3489 1650410556104 1019797.7500 -0.1979
-23.0224 80.7777 -32.4899 17.9522 1650410556133 1019826.7500 -0.1979
-23.0999 80.7129 -32.3623 18.2082 1650410556162 1019855.7500 -0.1979
-23.2023 80.6908 -32.5048 20.5914 1650410556191 1019884.0000 -0.1982
-23.3759 80.9386 -32.5790 21.5094 1650410556220 1019914.7500 -0.1984
-23.2637 80.5493 -32.2192 19.1802 1650410556248 1019942.2500 -0.1984
-23.0234 80.7439 -32.4975 25.6418 1650410556278 1019971.2500 -0.1984
-23.3696 80.4720 -32.2154 19.2823 1650410556306 1020000.2500 -0.1984
-23.2378 80.8811 -32.2182 21.4990 1650410556335 1020029.2500 -0.1984
-22.9727 80.5591 -32.4005 17.4742 1650410556364 1020058.2500 -0.1984
-23.0019 80.6268 -32.2457 27.1438 1650410556394 1020087.2500 -0.1984
-23.1644 80.7061 -32.3384 19.3950 1650410556422 1020116.2500 -0.1984
-22.8024 80.9965 -32.5327 18.5930 1650410556451 1020146.5000 -0.1984
-22.7886 80.9528 -32.4939 18.3373 1650410556481 1020174.2500 -0.1984
-22.9261 81.0547 -32.6968 18.5513 1650410556510 1020203.2500 -0.1984
-23.2986 80.9929 -32.1051 19.6563 1650410556539 1020233.5000 -0.1984
-23.2672 80.7244 -32.4107 22.1074 1650410556567 1020261.2500 -0.1982
-23.1700 80.8418 -32.3997 20.4275 1650410556597 1020290.2500 -0.1979
-23.0885 80.7656 -32.4581 25.8877 1650410556625 1020319.2500 -0.1979
-23.2005 80.6552 -32.5673 18.1038 1650410556654 1020348.2500 -0.1979
-23.2103 80.6717 -32.3918 27.3525 1650410556683 1020377.2500 -0.1979
-23.2945 80.9475 -32.5934 19.5915 1650410556712 1020406.2500 -0.1979
-23.0793 80.9926 -32.4014 22.9741 1650410556741 1020435.2500 -0.1977
-23.2741 80.9110 -32.4063 21.0159 1650410556770 1020464.2500 -0.1974
-23.1972 81.0234 -32.3944 19.0649 1650410556799 1020493.2500 -0.1974
-23.1187 80.7851 -32.3624 19.7848 1650410556828 1020522.2500 -0.1974
-23.1273 80.8227 -32.1630 22.1334 1650410556858 1020551.0000 -0.1974
-23.0863 80.9245 -32.4145 18.8059 1650410556886 1020580.0000 -0.1974
-23.0264 80.6084 -32.3022 19.2487 1650410556915 1020609.0000 -0.1974
-23.4467 80.3308 -32.2614 27.3804 1650410556944 1020638.0000 -0.1974
-23.3407 79.9232 -32.4627 26.1728 1650410556973 1020666.5000 -0.1974
-23.5689 80.2024 -33.3685 22.0450 1650410557002 1020695.5000 -0.1979
-23.5534 80.0999 -34.3684 25.2302 1650410557031 1020724.7500 -0.1979
-23.5099 80.1448 -34.8007 24.7119 1650410557060 1020753.7500 -0.1979
-23.3107 80.5083 -35.5622 21.3462 1650410557089 1020782.7500 -0.1979
-23.7170 80.0785 -36.1938 27.3053 1650410557118 1020811.7500 -0.1979
-23.4891 80.0571 -36.9108 20.1442 1650410557146 1020840.7500 -0.1979
-23.8796 80.1819 -38.0521 26.4273 1650410557176 1020869.7500 -0.1979
-23.7235 80.0230 -38.3016 24.0162 1650410557204 1020900.2500 -0.1979
-23.4119 80.3402 -39.2449 20.8444 1650410557234 1020928.2500 -0.1979
-24.1845 79.9309 -40.0221 18.8796 1650410557263 1020956.7500 -0.1979
-23.8253 79.8825 -40.5241 13.2689 1650410557292 1020985.5000 -0.1979
-24.4702 79.9702 -40.5801 17.8908 1650410557321 1021014.2500 -0.1979
-23.9136 79.9267 -41.5131 20.5467 1650410557350 1021043.5000 -0.1977
-24.1653 80.2543 -42.5836 15.4286 1650410557379 1021072.2500 -0.1974
-23.8732 79.7605 -43.3752 22.6393 1650410557408 1021101.2500 -0.1974
-22.3291 78.1532 -45.6986 14.3909 1650410557437 1021130.2500 -0.1974
-23.6754 79.9971 -44.4894 21.3298 1650410557465 1021159.2500 -0.1974
-23.8788 79.8939 -45.1734 16.5321 1650410557494 1021188.2500 -0.1974
-23.7056 79.9170 -46.1646 12.4775 1650410557523 1021217.2500 -0.1974
-24.1581 79.2915 -47.0620 17.1025 1650410557552 1021246.2500 -0.1974
-20.9731 76.3925 -50.3507 13.8565 1650410557581 1021275.2500 -0.1974
-23.9625 79.9366 -47.8761 13.2581 1650410557611 1021304.2500 -0.1974
-24.3157 79.8209 -48.2147 14.4319 1650410557640 1021333.2500 -0.1974
-21.2812 75.8409 -52.4199 17.6167 1650410557669 1021362.2500 -0.1974
-18.4525 74.7960 -55.1732 16.2440 1650410557698 1021391.2500 -0.1974
-23.9120 79.5270 -50.3219 16.8206 1650410557726 1021420.2500 -0.1974
-11.6986 67.2666 -62.9471 13.9361 1650410557756 1021448.7500 -0.1974
-24.6831 79.3482 -51.1448 16.4173 1650410557784 1021478.2500 -0.1974
-23.7967 79.9197 -51.6168 19.9665 1650410557813 1021507.2500 -0.1974
-24.3532 79.3113 -52.6083 17.0173 1650410557842 1021536.2500 -0.1974
-19.1189 74.8423 -57.2455 13.7375 1650410557871 1021565.2500 -0.1974
-24.6911 79.3865 -52.9621 18.1196 1650410557900 1021594.2500 -0.1979
-24.0979 79.5704 -53.4145 17.1687 1650410557929 1021623.2500 -0.1979
-24.0534 79.5266 -53.4412 13.7995 1650410557958 1021652.2500 -0.1979
-24.1649 79.4988 -53.5343 12.4506 1650410557987 1021680.7500 -0.1979
-24.0396 79.2157 -53.8928 13.5858 1650410558017 1021709.2500 -0.1979
-20.8854 76.1953 -57.4148 16.7758 1650410558045 1021739.0000 -0.1979
-21.0103 76.0648 -57.6157 14.4769 1650410558074 1021768.7500 -0.1979
-21.8461 77.7910 -56.8610 16.4419 1650410558103 1021796.7500 -0.1979
-24.3982 79.3948 -54.3814 14.0713 1650410558132 1021825.7500 -0.1979
-24.1352 79.8555 -54.8522 18.4333 1650410558161 1021854.7500 -0.1979
-24.1228 79.4551 -55.4069 16.0417 1650410558190 1021883.7500 -0.1977
-24.2374 79.4373 -55.3148 13.3818 1650410558219 1021912.7500 -0.1974
-24.0922 79.3380 -55.2157 14.8994 1650410558248 1021941.7500 -0.1974
-24.1828 79.3044 -54.9965 15.0625 1650410558277 1021970.7500 -0.1974
-21.5978 76.8490 -57.6243 13.0192 1650410558305 1021999.7500 -0.1974
-24.4841 79.4927 -54.7636 16.8179 1650410558335 1022028.7500 -0.1974
-20.8219 76.0007 -58.3273 14.4991 1650410558364 1022057.7500 -0.1972
-24.5730 79.4126 -54.5848 14.9045 1650410558393 1022086.7500 -0.1969
-24.5345 79.4011 -54.5395 13.5927 1650410558422 1022115.5000 -0.1969
-24.5616 79.1302 -54.1774 16.7317 1650410558451 1022144.5000 -0.1969
-21.6848 76.3999 -56.8852 11.9788 1650410558480 1022173.2500 -0.1969
-14.8708 69.5060 -63.0708 13.0446 1650410558509 1022202.0000 -0.1969
-15.2876 69.6705 -62.7302 13.6048 1650410558538 1022230.7500 -0.1969
-18.7249 73.5023 -58.6463 17.3396 1650410558567 1022260.2500 -0.1974
-21.0820 76.0642 -56.1531 15.9784 1650410558596 1022289.2500 -0.1972
-20.9805 75.6770 -56.6023 9.9268 1650410558624 1022318.2500 -0.1969
-24.4060 79.1693 -52.4658 16.0302 1650410558654 1022347.2500 -0.1969
-24.0380 78.9956 -51.6638 17.7086 1650410558682 1022376.2500 -0.1974
-24.5102 79.5465 -50.8587 17.5507 1650410558711 1022405.2500 -0.1974
-23.6474 79.6259 -51.5150 13.7270 1650410558740 1022435.7500 -0.1974
-24.0697 78.9968 -50.4657 14.5156 1650410558770 1022462.2500 -0.1974
-23.7827 79.0853 -49.9420 16.9747 1650410558799 1022492.2500 -0.1979
-23.9916 79.5747 -49.6075 20.1483 1650410558828 1022521.2500 -0.1979
-23.0326 80.2759 -49.8628 15.8550 1650410558857 1022549.5000 -0.1979
-24.2267 79.6572 -48.1593 26.9528 1650410558885 1022579.2500 -0.1979
-23.4901 79.3937 -48.1781 21.1454 1650410558915 1022608.2500 -0.1979
-23.5681 79.7973 -47.4893 14.3475 1650410558943 1022637.2500 -0.1979
-24.3985 79.8983 -46.3128 13.9316 1650410558972 1022666.2500 -0.1979
-23.7358 79.4503 -46.2646 21.1414 1650410559001 1022695.2500 -0.1979
-23.0931 80.1953 -45.9333 18.2917 1650410559030 1022724.2500 -0.1979
-24.0383 79.3641 -44.6093 19.6390 1650410559059 1022753.2500 -0.1979
-23.7516 79.8078 -44.2685 19.6734 1650410559088 1022782.0000 -0.1979
-23.7863 79.5521 -43.1711 16.9899 1650410559117 1022811.0000 -0.1979
-24.0696 79.4537 -42.5675 17.6096 1650410559146 1022840.0000 -0.1977
-23.3879 79.8566 -42.3143 14.7060 1650410559175 1022868.7500 -0.1974
-23.9231 79.3708 -41.5147 21.8726 1650410559204 1022897.7500 -0.1974
-23.9115 79.7953 -40.7521 17.5694 1650410559234 1022926.7500 -0.1974
-24.2414 79.5024 -40.0588 13.9106 1650410559262 1022955.7500 -0.1972
-24.0791 79.7325 -39.2289 18.8143 1650410559291 1022985.2500 -0.1969
-23.8180 80.1584 -39.0077 20.6756 1650410559320 1023013.7500 -0.1969
-23.9154 79.9416 -38.4267 24.3532 1650410559349 1023042.7500 -0.1974
-24.0046 80.0811 -37.2425 18.8953 1650410559378 1023071.7500 -0.1974
-23.8687 79.9352 -36.6473 16.2544 1650410559407 1023100.7500 -0.1974
-24.0660 80.1041 -35.9599 21.0604 1650410559436 1023129.7500 -0.1974
-23.9600 79.9894 -35.3308 16.4903 1650410559465 1023158.7500 -0.1979
-24.0630 80.0889 -34.4598 17.1402 1650410559494 1023187.7500 -0.1979
-24.0080 80.3037 -33.9058 23.4242 1650410559522 1023215.7500 -0.1979
-23.2296 80.8251 -34.0662 15.8095 1650410559552 1023246.7500 -0.1979
-23.6817 80.0826 -32.8990 19.4267 1650410559581 1023274.5000 -0.1979
-23.7371 80.2696 -32.2519 17.6608 1650410559610 1023304.5000 -0.1979
-23.0651 80.5331 -32.4010 18.0814 1650410559639 1023332.2500 -0.1982
-23.1999 80.7345 -32.6015 16.3128 1650410559668 1023361.2500 -0.1984
-23.1014 80.7707 -32.6386 18.5520 1650410559697 1023390.2500 -0.1984
-23.1555 80.9709 -32.4199 17.2020 1650410559726 1023419.2500 -0.1984
-23.1854 80.8941 -32.5313 18.2943 1650410559755 1023448.2500 -0.1987
-22.9867 80.9242 -32.5230 18.2022 1650410559783 1023477.2500 -0.1989
-23.3087 80.6513 -32.2622 16.8542 1650410559813 1023506.2500 -0.1985
-23.3286 80.8343 -32.5727 15.7559 1650410559841 1023535.2500 -0.1984
-23.2066 80.8759 -32.2767 16.0388 1650410559870 1023564.2500 -0.1987
-23.2631 80.8395 -32.4912 19.4273 1650410559899 1023593.2500 -0.1989
-23.2533 80.8680 -32.3774 19.3150 1650410559929 1023622.2500 -0.1987
-23.4033 80.7666 -32.3804 19.6088 1650410559958 1023651.2500 -0.1984
-23.2223 80.7865 -32.2766 23.0930 1650410559987 1023680.2500 -0.1984
-23.0188 81.0815 -32.4724 20.0466 1650410560016 1023709.2500 -0.1984
-23.1418 80.8960 -32.4574 20.3048 1650410560045 1023737.5000 -0.1984
-23.4285 80.9280 -32.1506 22.0392 1650410560074 1023768.2500 -0.1984
-23.3641 80.6384 -32.4908 22.9231 1650410560102 1023796.2500 -0.1982
-23.4825 80.8216 -32.3093 20.3736 1650410560131 1023825.2500 -0.1979
-23.2127 80.9016 -32.3874 16.6558 1650410560160 1023854.2500 -0.1982
-23.2031 80.8130 -32.2998 18.5288 1650410560189 1023883.2500 -0.1984
-23.3674 80.9184 -32.1202 16.4921 1650410560218 1023912.0000 -0.1984
-23.3745 80.8014 -32.4391 20.7979 1650410560247 1023941.0000 -0.1985
-23.4238 80.7919 -32.4711 24.9752 1650410560276 1023970.0000 -0.1984
-23.4931 80.5660 -32.0054 16.0314 1650410560305 1023999.5000 -0.1984
-23.1530 80.8764 -32.2321 24.9520 1650410560334 1024027.5000 -0.1984
-23.2632 80.6942 -32.1789 20.3900 1650410560363 1024056.7500 -0.1984
-23.6110 81.0373 -32.3633 19.1003 1650410560393 1024088.5000 -0.1987
-23.2936 80.7126 -32.3582 19.9256 1650410560421 1024114.7500 -0.1989
-23.2816 80.7846 -32.3450 21.9267 1650410560450 1024143.7500 -0.1989
-23.2855 80.6685 -32.3240 19.5202 1650410560479 1024172.7500 -0.1985
-23.4991 81.0760 -32.2142 24.8545 1650410560508 1024201.7500 -0.1984
-23.2806 80.7166 -32.3091 20.2756 1650410560537 1024230.7500 -0.1987
-23.0666 81.0786 -32.3550 17.2704 1650410560566 1024259.7500 -0.1989
-23.4697 80.8952 -32.1911 17.8797 1650410560595 1024288.7500 -0.1989
-23.3196 81.1204 -32.7842 19.5269 1650410560624 1024317.7500 -0.1989
-23.5022 80.8271 -32.4821 21.1969 1650410560653 1024346.5000 -0.1989
-23.4391 80.9811 -32.0925 19.4429 1650410560682 1024375.5000 -0.1989
-23.4508 80.8525 -32.1046 21.1118 1650410560712 1024404.2500 -0.1985
-23.3550 80.8010 -32.1000 17.4061 1650410560740 1024433.2500 -0.1984
-23.4256 80.7417 -32.0406 18.9410 1650410560769 1024462.2500 -0.1984
-23.7320 81.0045 -31.8969 22.9033 1650410560798 1024491.2500 -0.1984
-23.5850 81.0553 -32.3410 27.1959 1650410560827 1024521.5000 -0.1984
-23.2768 80.8450 -32.0882 17.8258 1650410560856 1024549.0000 -0.1984
-23.3372 80.7816 -32.0520 25.4770 1650410560885 1024578.2500 -0.1984
-23.0166 80.8436 -32.4511 16.6770 1650410560914 1024607.2500 -0.1984
-23.2132 80.7155 -32.1191 18.9932 1650410560942 1024636.2500 -0.1982
-23.6775 80.2780 -32.1242 24.6149 1650410560972 1024665.2500 -0.1979
-23.6591 79.9262 -32.5531 22.4488 1650410561000 1024694.2500 -0.1979
-23.4744 80.0685 -33.5216 21.2050 1650410561029 1024723.2500 -0.1979
-23.5935 80.1227 -34.4005 22.8893 1650410561058 1024752.0000 -0.1979
-23.3535 80.0723 -34.9164 24.0168 1650410561087 1024782.5000 -0.1979
-23.3323 80.2797 -35.7585 22.5653 1650410561116 1024810.2500 -0.1979
-23.8111 80.0322 -36.2675 17.6506 1650410561146 1024839.2500 -0.1979
-23.6701 80.1922 -36.9446 23.3047 1650410561175 1024868.2500 -0.1982
-23.6338 79.9017 -38.1311 18.1416 1650410561204 1024897.2500 -0.1984
-23.6814 80.3076 -38.3072 19.9807 1650410561233 1024926.2500 -0.1984
-23.5431 80.3506 -39.2619 23.0914 1650410561261 1024955.2500 -0.1984
-23.9103 80.1762 -39.3465 24.6710 1650410561291 1024984.2500 -0.1984
-23.2803 80.2609 -40.7895 17.0228 1650410561319 1025013.0000 -0.1984
-23.7131 80.0754 -41.4391 19.0279 1650410561348 1025042.0000 -0.1984
-23.8888 79.4009 -41.9844 18.0048 1650410561377 1025071.0000 -0.1984
-12.9673 69.1273 -53.8777 14.2045 1650410561406 1025099.7500 -0.1984
-24.2024 79.5216 -43.7279 18.2630 1650410561435 1025128.7500 -0.1984
-17.1945 73.0560 -50.7295 14.4864 1650410561464 1025157.7500 -0.1984
-23.8158 79.9873 -44.9234 18.2571 1650410561493 1025186.7500 -0.1984
-24.1880 79.5415 -45.2855 17.4916 1650410561523 1025215.7500 -0.1984
-23.9649 79.8947 -46.1090 19.7563 1650410561552 1025244.7500 -0.1984
-24.0211 79.8057 -46.8639 15.0681 1650410561580 1025273.2500 -0.1984
-24.2036 79.6722 -47.0008 16.2944 1650410561609 1025303.7500 -0.1984
-23.9933 80.0502 -48.0431 17.3137 1650410561638 1025331.7500 -0.1984
-23.8335 79.7285 -48.5500 15.0052 1650410561667 1025360.7500 -0.1982
-30.7555 85.7904 -42.7024 13.4678 1650410561696 1025389.7500 -0.1979
-23.5865 80.1174 -49.6967 12.4803 1650410561725 1025418.7500 -0.1979
-24.0449 79.8182 -50.4298 15.0654 1650410561754 1025447.5000 -0.1979
-19.9490 75.5587 -54.4530 16.0181 1650410561783 1025476.5000 -0.1977
-24.4339 79.7279 -50.6655 18.7110 1650410561812 1025505.5000 -0.1974
-23.7783 79.5357 -51.9512 21.1038 1650410561840 1025535.5000 -0.1974
-18.0944 73.7253 -57.8535 16.2495 1650410561870 1025563.0000 -0.1974
-21.2360 77.0760 -54.8426 14.8546 1650410561899 1025592.2500 -0.1977
-24.5388 79.4963 -53.2393 15.8403 1650410561928 1025621.2500 -0.1979
-23.8367 79.5194 -53.6174 17.4133 1650410561957 1025650.2500 -0.1977
-24.2364 79.3859 -53.5043 13.8030 1650410561986 1025679.2500 -0.1974
-23.6034 79.1444 -53.5776 15.0047 1650410562015 1025708.2500 -0.1974
-24.3654 78.9427 -54.0490 13.8075 1650410562044 1025737.2500 -0.1978
-24.0750 78.9357 -54.6948 13.5219 1650410562073 1025766.2500 -0.1982
-14.9080 69.8418 -63.6069 13.7133 1650410562102 1025795.2500 -0.1984
-18.1505 73.3506 -60.4918 14.4008 1650410562131 1025824.2500 -0.1984
-19.4406 75.2616 -58.9717 13.6138 1650410562159 1025853.2500 -0.1984
-24.2268 79.5957 -54.6002 12.9819 1650410562188 1025882.2500 -0.1984
-23.8473 79.4647 -55.1855 14.7641 1650410562217 1025911.2500 -0.1984
-23.9952 79.3789 -55.1357 14.0206 1650410562246 1025940.2500 -0.1984
-24.0698 79.4371 -55.0508 19.1014 1650410562275 1025969.2500 -0.1984
-24.2255 79.3647 -55.0513 17.0117 1650410562305 1025998.2500 -0.1984
-24.3599 79.2708 -55.1256 16.9019 1650410562334 1026027.2500 -0.1984
-24.1314 79.3143 -55.1320 14.1816 1650410562363 1026056.2500 -0.1984
-20.4598 75.5536 -58.6450 12.7546 1650410562392 1026085.0000 -0.1984
-20.0696 75.3401 -58.8318 13.2657 1650410562420 1026114.0000 -0.1984
-22.0650 77.0116 -56.8604 13.2197 1650410562450 1026143.0000 -0.1982
-22.3183 76.9452 -56.4603 14.0644 1650410562478 1026172.0000 -0.1979
-21.6654 76.4589 -56.5847 12.7312 1650410562507 1026201.0000 -0.1979
-15.9860 70.1954 -62.4580 15.9694 1650410562536 1026229.7500 -0.1979
-24.7171 79.3911 -52.9337 13.8891 1650410562565 1026258.7500 -0.1977
-24.7723 79.6845 -52.5162 15.8690 1650410562594 1026287.7500 -0.1974
-22.1220 77.4310 -54.7240 13.6689 1650410562623 1026316.0000 -0.1974
-22.8368 77.3470 -54.9578 17.0616 1650410562652 1026345.7500 -0.1974
-24.1019 79.3785 -52.0631 13.7062 1650410562682 1026374.7500 -0.1972
-24.2408 78.9762 -51.5750 15.4420 1650410562711 1026403.5000 -0.1969
-24.5107 79.6421 -50.7526 14.2052 1650410562739 1026432.7500 -0.1969
-23.5610 79.5025 -51.3316 15.3678 1650410562769 1026461.7500 -0.1969
-23.9486 79.3506 -50.4711 18.9999 1650410562797 1026490.7500 -0.1969
-23.8914 79.2364 -50.0527 16.7643 1650410562826 1026519.7500 -0.1969
-24.0530 79.6542 -49.5894 17.2722 1650410562855 1026548.7500 -0.1969
-23.8911 79.1698 -48.8781 17.8117 1650410562884 1026577.5000 -0.1974
-24.2026 79.2690 -48.2803 16.9468 1650410562913 1026606.5000 -0.1974
-23.6543 79.6401 -48.0226 19.1474 1650410562942 1026635.2500 -0.1974
-23.3931 80.0702 -47.8675 19.0237 1650410562971 1026664.2500 -0.1974
-23.8017 79.4274 -46.7366 17.7383 1650410562999 1026693.2500 -0.1974
-23.9055 79.8865 -46.2066 25.2255 1650410563029 1026722.2500 -0.1974
-23.8667 80.9995 -45.1916 17.4854 1650410563058 1026751.2500 -0.1978
-24.0393 79.4053 -44.7657 16.7557 1650410563087 1026780.2500 -0.1979
-23.6655 79.5439 -44.2300 17.2271 1650410563116 1026810.7500 -0.1979
-23.7969 79.5428 -43.2713 15.7889 1650410563145 1026839.0000 -0.1979
-24.0676 79.6134 -42.6308 21.2422 1650410563174 1026867.2500 -0.1979
-23.3828 80.2058 -42.6856 17.4151 1650410563203 1026896.2500 -0.1979
-24.0546 79.4174 -41.1445 22.5997 1650410563232 1026925.2500 -0.1979
-24.0611 79.7226 -40.6821 18.6809 1650410563261 1026954.2500 -0.1979
-24.9112 80.4573 -38.7830 14.9978 1650410563290 1026982.7500 -0.1976
-23.8720 79.9232 -39.0338 19.5276 1650410563318 1027012.2500 -0.1974
-23.8944 79.6443 -38.3435 14.1986 1650410563348 1027041.2500 -0.1974
-23.5134 79.8592 -37.9479 18.5383 1650410563376 1027072.5000 -0.1974
-23.5101 79.8558 -37.1548 20.4568 1650410563405 1027100.2500 -0.1974
-24.0087 80.1064 -36.5954 12.6514 1650410563434 1027128.2500 -0.1974
-23.8766 80.0916 -35.9251 20.5425 1650410563464 1027157.0000 -0.1974
-23.8231 79.9992 -35.3062 20.4839 1650410563493 1027186.2500 -0.1974
-24.5161 80.4880 -34.7153 21.1628 1650410563522 1027215.2500 -0.1974
-23.5728 79.9243 -33.8844 21.8896 1650410563551 1027244.0000 -0.1969
-24.0464 79.9415 -33.1831 16.9432 1650410563580 1027273.0000 -0.1969
-23.8964 79.9821 -32.6336 17.0058 1650410563609 1027302.0000 -0.1969
-23.7202 80.2681 -32.2326 17.7130 1650410563637 1027330.7500 -0.1969
-23.2915 80.4912 -32.7137 16.6978 1650410563666 1027359.7500 -0.1969
-23.5805 80.3264 -32.2442 21.7458 1650410563695 1027388.7500 -0.1972
-22.9341 81.1460 -32.7796 19.6832 1650410563724 1027417.7500 -0.1974
-23.0491 80.9752 -32.5190 15.7129 1650410563753 1027446.7500 -0.1974
-23.0819 81.0915 -32.4877 18.1436 1650410563782 1027475.7500 -0.1974
-23.1688 81.1012 -32.2000 18.6372 1650410563811 1027504.7500 -0.1974
-22.8556 81.0005 -32.7643 15.7224 1650410563841 1027533.7500 -0.1977
-23.2907 80.8805 -32.3435 17.7919 1650410563870 1027562.7500 -0.1979
-23.2760 80.8670 -32.3940 21.9646 1650410563898 1027593.0000 -0.1979
-23.1626 80.6116 -32.2950 17.3557 1650410563928 1027620.2500 -0.1979
-23.4884 80.9032 -32.3635 20.1117 1650410563956 1027649.7500 -0.1979
-23.3676 80.8621 -32.2048 22.3052 1650410563985 1027678.5000 -0.1979
-23.3593 80.8797 -32.2439 20.9358 1650410564014 1027707.5000 -0.1979
-23.1245 81.0656 -32.6006 21.3824 1650410564043 1027736.5000 -0.1979
-23.2126 80.8008 -32.3577 18.2419 1650410564072 1027765.2500 -0.1979
-23.2215 80.6577 -32.4588 17.4029 1650410564101 1027794.2500 -0.1979
-23.1025 81.0385 -32.5544 18.5612 1650410564130 1027823.2500 -0.1979
-23.2290 80.9108 -32.2263 17.8798 1650410564159 1027851.7500 -0.1979
-23.4852 80.8474 -32.2345 22.3115 1650410564188 1027881.2500 -0.1977
-23.4885 80.8010 -32.3394 15.7136 1650410564217 1027910.0000 -0.1974
-23.2135 80.7144 -32.2977 18.8534 1650410564246 1027940.2500 -0.1974
-23.2214 80.7839 -32.5218 17.4739 1650410564275 1027968.2500 -0.1974
-23.2827 80.8606 -32.1267 21.6860 1650410564304 1027997.2500 -0.1974
-23.3268 80.7616 -32.4155 15.3854 1650410564333 1028026.2500 -0.1974
-23.3778 80.3614 -32.1195 21.5550 1650410564362 1028055.2500 -0.1972
-23.1846 80.8327 -32.3099 16.2471 1650410564391 1028084.2500 -0.1969
-23.5764 80.8046 -32.3690 15.2339 1650410564420 1028113.2500 -0.1969
-23.3296 80.9851 -32.0840 20.4163 1650410564449 1028142.2500 -0.1969
-23.4127 80.9665 -32.1396 18.3143 1650410564477 1028171.2500 -0.1969
-23.3220 80.7881 -32.0888 21.8196 1650410564507 1028200.2500 -0.1969
-23.4734 81.0315 -32.0222 23.9380 1650410564535 1028229.2500 -0.1969
-23.4441 80.7314 -32.1418 20.8434 1650410564565 1028258.2500 -0.1969
-23.2331 80.7122 -32.3472 20.4100 1650410564594 1028287.2500 -0.1972
-23.2244 80.8665 -32.4118 20.0505 1650410564623 1028316.2500 -0.1974
-22.9254 81.0759 -32.3642 19.8389 1650410564652 514195.7500 -0.1974
-23.5144 80.3709 -32.1754 15.5814 1650410564681 74.5000 -0.1969
-23.7159 80.6650 -31.7337 21.3627 1650410564710 104.0000 -0.1969
-23.2498 80.7921 -32.2625 22.7715 1650410564739 132.7500 -0.1972
-23.1794 80.7568 -32.1457 19.2514 1650410564768 161.7500 -0.1974
-23.3303 80.9005 -32.0275 18.4892 1650410564796 190.7500 -0.1974
-23.2580 80.5851 -31.9900 21.5594 1650410564826 219.7500 -0.1974
-23.5593 80.8942 -31.9435 20.2500 1650410564854 146.7500 -0.1974
-23.2800 80.8049 -32.0939 16.2684 1650410564883 73.7500 -0.1974
-23.2427 80.7454 -32.1204 21.2425 1650410564912 102.2500 -0.1971
-23.5943 81.0074 -31.8357 19.0482 1650410564941 133.0000 -0.1969
-22.8984 80.7837 -32.2136 19.9842 1650410564970 160.7500 -0.1969
-23.5376 80.2786 -32.2919 28.2448 1650410565000 189.2500 -0.1969
-23.6069 79.9110 -32.5670 22.4559 1650410565029 218.7500 -0.1967
-23.5000 79.8604 -33.8730 18.1205 1650410565057 146.7500 -0.1965
-23.4434 80.3026 -34.1399 22.3304 1650410565087 74.5000 -0.1965
-23.5888 79.9200 -34.6743 21.0131 1650410565115 103.0000 -0.1965
-23.4339 80.4975 -35.6856 23.3102 1650410565144 132.5000 -0.1965
-23.6594 79.9928 -36.4081 24.6194 1650410565173 161.2500 -0.1965
-23.4267 80.5197 -37.0326 17.1201 1650410565202 190.2500 -0.1965
-23.6373 79.8425 -38.3150 19.7436 1650410565231 219.2500 -0.1965
-23.5245 79.6913 -38.4621 20.9830 1650410565260 147.2500 -0.1965
-23.5551 80.1714 -39.2878 21.7556 1650410565289 75.2500 -0.1965
-23.8405 79.8535 -39.7407 22.8331 1650410565318 104.2500 -0.1965
-23.7214 79.7530 -40.3504 18.7527 1650410565347 133.2500 -0.1965
-24.1788 80.2836 -41.0129 19.3588 1650410565376 162.2500 -0.1965
-23.9719 79.5034 -42.0036 17.0253 1650410565406 191.2500 -0.1965
-23.6575 80.4325 -42.8626 13.6885 1650410565434 220.0000 -0.1965
-23.8810 79.7934 -43.2833 19.6077 1650410565463 146.7500 -0.1968
-23.7523 80.2725 -44.1287 15.1560 1650410565492 74.2500 -0.1969
-24.0423 80.0012 -44.9870 17.7454 1650410565521 103.2500 -0.1969
-22.2967 78.1191 -47.0199 13.1482 1650410565550 132.2500 -0.1969
-23.9410 80.2484 -46.2151 16.0013 1650410565579 161.2500 -0.1973
-23.8524 79.6289 -46.7969 16.5735 1650410565608 190.2500 -0.1974
-21.0863 76.6293 -50.0829 13.3985 1650410565637 219.2500 -0.1974
-23.4877 79.9128 -48.1890 14.7764 1650410565666 147.2500 -0.1974
-23.6744 79.4850 -48.7826 17.3415 1650410565694 74.5000 -0.1974
-24.2346 79.7072 -48.7756 17.1555 1650410565723 104.0000 -0.1974
-23.8192 80.1786 -49.9524 14.0631 1650410565753 133.2500 -0.1974
-20.5480 76.1106 -53.5183 12.8464 1650410565782 163.0000 -0.1974
-22.6729 77.1194 -52.6964 16.0923 1650410565811 191.0000 -0.1974
-21.8241 77.0713 -53.5093 13.0655 1650410565840 220.0000 -0.1974
-23.6354 79.7747 -51.9207 18.1389 1650410565869 147.2500 -0.1972
-21.0560 76.7133 -54.7916 13.7095 1650410565898 74.7500 -0.1969
-17.9391 73.5013 -58.4151 12.6769 1650410565927 103.7500 -0.1969
-24.5868 79.2376 -53.0977 13.3827 1650410565955 132.7500 -0.1969
-24.2762 79.4803 -53.4455 17.6353 1650410565985 161.7500 -0.1969
-24.0608 79.5201 -53.6483 17.4543 1650410566013 190.7500 -0.1969
-24.0127 79.5442 -53.6454 15.9548 1650410566042 219.5000 -0.1967
-20.3971 75.7764 -57.5751 13.9086 1650410566071 147.2500 -0.1965
-22.6923 77.3100 -56.3160 14.5861 1650410566101 74.7500 -0.1965
-21.0607 76.1445 -57.6964 13.2123 1650410566129 103.7500 -0.1965
-19.8227 75.7167 -58.8852 12.9520 1650410566158 132.7500 -0.1965
-21.7341 77.5264 -57.0745 11.6963 1650410566188 161.7500 -0.1965
-23.7517 79.4601 -55.3482 19.3856 1650410566217 191.5000 -0.1965
-24.2952 79.7377 -54.7986 13.9731 1650410566246 219.2500 -0.1968
-28.7436 84.0231 -50.3053 14.7828 1650410566274 147.2500 -0.1969
-24.3346 79.5339 -55.1531 14.1727 1650410566303 75.2500 -0.1969
-24.0560 79.4726 -55.1572 16.8457 1650410566332 104.2500 -0.1969
-24.0554 79.3170 -55.0125 15.3582 1650410566362 133.2500 -0.1969
-24.0683 79.2554 -54.8824 13.5131 1650410566390 162.2500 -0.1969
-22.4666 77.2212 -56.8314 13.5301 1650410566419 191.2500 -0.1969
-21.8165 76.7366 -57.2161 11.6500 1650410566448 220.0000 -0.1969
-24.4932 79.4916 -54.4079 15.4749 1650410566477 97.5000 -0.1973
-22.3850 77.0364 -56.3738 15.3465 1650410566506 74.2500 -0.1974
-21.1436 75.8624 -57.2538 15.0126 1650410566535 103.0000 -0.1972
-24.4639 78.6759 -54.0551 10.8378 1650410566565 132.0000 -0.1969
-24.6381 79.3999 -53.0324 15.7251 1650410566593 161.2500 -0.1969
-16.9004 71.7069 -60.4315 13.0499 1650410566622 190.2500 -0.1969
-19.5203 74.7656 -57.5343 13.5960 1650410566651 219.2500 -0.1969
-18.3783 73.3805 -58.4377 15.6041 1650410566680 146.7500 -0.1969
-24.3298 79.1593 -51.8962 19.0263 1650410566709 74.2500 -0.1966
-24.1488 79.0526 -51.5918 19.1312 1650410566738 103.2500 -0.1965
-23.9060 79.4947 -51.2786 15.2380 1650410566767 132.2500 -0.1965
-23.5597 79.7137 -51.4955 19.5862 1650410566796 161.2500 -0.1965
-23.8491 79.2135 -50.4620 14.6926 1650410566825 190.2500 -0.1965
-20.4486 75.9476 -53.1784 17.1453 1650410566853 219.2500 -0.1965
-23.5466 80.0245 -49.6367 13.4567 1650410566883 146.7500 -0.1965
-23.8511 79.3205 -48.6877 18.8722 1650410566912 74.0000 -0.1965
-24.1204 79.3408 -48.2874 22.8348 1650410566941 103.0000 -0.1965
-23.6327 79.6603 -47.9477 17.8221 1650410566970 131.7500 -0.1965
-23.5558 79.6198 -47.5619 18.6075 1650410566999 163.5000 -0.1965
-24.4307 79.7807 -46.1811 14.9861 1650410567028 189.7500 -0.1965
-23.7896 79.7837 -46.3381 21.7926 1650410567057 218.7500 -0.1965
-23.0678 80.0142 -45.9584 17.3760 1650410567086 146.7500 -0.1969
-24.9093 80.4689 -43.6805 17.2009 1650410567114 74.7500 -0.1969
-23.4915 79.8846 -44.3423 18.3392 1650410567144 103.7500 -0.1969
-24.0001 79.3901 -42.9890 16.2067 1650410567172 132.7500 -0.1969
-24.0374 79.7933 -42.4388 25.4658 1650410567201 161.7500 -0.1969
-23.7717 79.3434 -41.9037 12.6132 1650410567230 192.0000 -0.1969
-24.1854 79.7206 -40.7160 23.2632 1650410567260 221.0000 -0.1969
-23.6007 79.7106 -40.8618 15.5026 1650410567288 147.2500 -0.1969
-23.7897 79.7309 -40.1349 20.6264 1650410567318 75.7500 -0.1969
-24.0403 79.9785 -39.1103 16.4990 1650410567347 103.5000 -0.1969
-23.8068 79.8893 -38.2276 17.8829 1650410567376 132.5000 -0.1966
-23.6934 80.0150 -37.6746 20.3404 1650410567405 161.2500 -0.1965
-23.6595 80.3255 -37.4202 17.6437 1650410567433 190.2500 -0.1965
-23.6381 79.7381 -36.5397 19.5824 1650410567463 219.2500 -0.1965
-23.9889 80.1226 -35.8519 23.2313 1650410567491 147.2500 -0.1965
-24.0299 79.8829 -35.1521 15.2903 1650410567520 75.2500 -0.1965
-23.9527 80.2761 -34.2633 25.4640 1650410567549 104.2500 -0.1962
-24.1946 80.5050 -33.6637 18.8825 1650410567578 133.2500 -0.1960
-23.6954 79.9640 -33.0679 13.1984 1650410567607 162.2500 -0.1960
-23.8373 80.0792 -32.3412 20.0654 1650410567636 191.2500 -0.1960
-23.6844 80.8145 -32.2303 11.7362 1650410567665 220.2500 -0.1960
-22.9519 80.6700 -32.8360 15.4201 1650410567694 147.7500 -0.1960
-22.7637 80.9821 -32.5199 14.8574 1650410567724 75.2500 -0.1957
-22.8172 81.2148 -32.6707 12.2305 1650410567752 107.0000 -0.1955
-23.3063 81.0392 -32.1702 17.7066 1650410567781 133.0000 -0.1955
-23.1616 81.3545 -32.2191 15.7782 1650410567810 162.2500 -0.1955
-23.2599 80.9690 -32.4717 15.2906 1650410567839 191.2500 -0.1955
-23.2888 80.9754 -32.5607 20.5127 1650410567868 220.2500 -0.1955
-23.1107 80.6386 -32.3637 17.8669 1650410567897 147.7500 -0.1955
-23.2944 81.0687 -32.5817 15.0354 1650410567926 75.2500 -0.1955
-23.4383 80.7399 -31.8460 18.6702 1650410567955 104.2500 -0.1955
-23.6064 80.7445 -32.4812 15.6447 1650410567984 133.2500 -0.1955
-23.3318 80.9452 -32.2938 20.3847 1650410568012 161.2500 -0.1955
-23.3214 80.6688 -32.6663 17.3040 1650410568042 191.0000 -0.1955
-23.4141 80.9134 -32.2066 16.1790 1650410568071 220.0000 -0.1955
-23.4289 80.7065 -32.4492 14.7970 1650410568100 147.0000 -0.1960
-23.3782 80.6287 -32.1558 18.6106 1650410568129 74.7500 -0.1960
-23.1763 80.6509 -32.4859 17.0017 1650410568158 103.7500 -0.1956
-23.6642 81.0738 -32.0318 19.6327 1650410568187 132.7500 -0.1955
-23.8100 80.2977 -32.3171 18.1332 1650410568216 161.7500 -0.1960
-23.0377 80.7114 -32.4241 18.1861 1650410568245 190.7500 -0.1960
-23.2011 80.6072 -32.3720 18.6059 1650410568274 219.7500 -0.1960
-23.5602 80.8205 -32.1857 20.1049 1650410568303 147.2500 -0.1960
-23.7873 80.6872 -31.9006 16.8027 1650410568331 74.7500 -0.1960
-23.1278 80.7266 -32.3230 19.1965 1650410568360 103.7500 -0.1960
-23.5668 80.5589 -32.3249 17.9581 1650410568389 132.7500 -0.1957
-23.3402 80.8159 -32.1868 20.1835 1650410568418 161.7500 -0.1955
-23.1459 80.8335 -32.3754 18.4907 1650410568447 190.5000 -0.1955
-23.6347 80.4237 -32.1661 21.8313 1650410568477 219.5000 -0.1955
-23.2401 80.5410 -32.4158 25.0925 1650410568506 248.0000 -0.1955
-23.2549 80.6275 -32.1491 19.9253 1650410568535 104.0000 -0.1955
-23.1250 80.8766 -32.2081 21.5999 1650410568564 74.2500 -0.1952
-23.1982 80.7729 -32.2733 20.9436 1650410568592 103.2500 -0.1950
-23.3156 80.6962 -32.0288 18.2375 1650410568622 132.2500 -0.1950
-23.4640 80.7349 -32.2539 15.9205 1650410568650 161.2500 -0.1950
-23.2672 81.0094 -31.9971 17.3197 1650410568679 190.2500 -0.1950
-23.1834 80.6890 -32.2821 18.1795 1650410568708 219.2500 -0.1950
-23.1382 80.7453 -32.2710 19.5788 1650410568737 146.7500 -0.1950
-23.3288 80.8439 -32.0156 18.1452 1650410568766 77.0000 -0.1955
-23.0371 81.0641 -32.2490 21.9150 1650410568795 104.2500 -0.1952
-23.4972 80.7225 -32.0476 16.1141 1650410568824 132.2500 -0.1950
-23.3710 80.6715 -32.2134 20.5012 1650410568853 162.2500 -0.1950
-23.3222 81.1978 -32.1444 22.4091 1650410568883 190.2500 -0.1955
-23.1645 80.7245 -32.1169 19.7293 1650410568911 219.2500 -0.1955
-23.1329 80.9004 -32.3339 23.4215 1650410568941 147.2500 -0.1958
-22.9918 80.9084 -32.5057 18.0293 1650410568969 75.2500 -0.1960
-23.2509 80.7362 -32.2956 19.1472 1650410568998 104.2500 -0.1960
-23.5624 80.2415 -32.3354 30.5979 1650410569027 133.2500 -0.1960
-24.2439 80.6727 -31.9869 26.1220 1650410569056 162.2500 -0.1960
-23.1667 80.3443 -34.1925 24.0685 1650410569085 191.2500 -0.1960
-23.5774 80.3229 -34.2645 21.8420 1650410569114 220.0000 -0.1960
-23.3838 80.0603 -35.1093 17.2857 1650410569143 147.7500 -0.1960
-23.7518 80.1466 -36.0811 20.8456 1650410569172 75.0000 -0.1957
-23.6042 79.9488 -36.0997 30.8929 1650410569201 104.0000 -0.1955
-23.4853 80.2447 -37.2411 21.4687 1650410569230 132.7500 -0.1955
-23.6427 79.8054 -38.4325 22.8033 1650410569259 161.7500 -0.1955
-23.8067 80.0422 -38.3557 16.4353 1650410569288 192.0000 -0.1955
-23.5861 80.0614 -39.6469 20.0617 1650410569317 221.0000 -0.1955
-23.6204 79.8898 -39.8953 21.4190 1650410569346 147.2500 -0.1952
-23.6586 79.9285 -41.1668 16.3487 1650410569375 74.7500 -0.1950
-23.8886 79.8423 -41.4621 18.8773 1650410569404 103.7500 -0.1950
-23.7920 79.8806 -42.0306 18.7318 1650410569433 132.7500 -0.1950
-21.2232 77.8343 -45.7501 14.6945 1650410569462 161.7500 -0.1947
-23.7448 79.8848 -43.4779 17.4038 1650410569490 190.7500 -0.1945
-24.0030 80.3730 -44.2772 12.1324 1650410569520 219.7500 -0.1945
-24.0107 79.9825 -44.7345 15.3741 1650410569548 148.5000 -0.1945
-25.1524 80.5487 -44.4527 12.5105 1650410569577 75.5000 -0.1947
-24.0400 79.9759 -46.3124 14.3066 1650410569606 104.5000 -0.1950
-22.1911 77.2519 -49.3680 12.8195 1650410569636 133.0000 -0.1950
-20.6972 76.1700 -50.6665 13.8609 1650410569665 162.2500 -0.1950
-23.9433 79.9735 -48.1375 16.2773 1650410569694 191.2500 -0.1950
-23.8802 79.8336 -48.5075 17.8457 1650410569723 220.2500 -0.1950
-24.4755 79.6697 -48.7749 13.0664 1650410569752 147.2500 -0.1950
-23.7608 80.2798 -49.7913 16.8379 1650410569781 74.2500 -0.1954
-24.0708 79.7100 -50.2636 13.9181 1650410569809 103.2500 -0.1955
-24.3052 79.7801 -50.4700 16.4198 1650410569838 132.2500 -0.1952
-23.6673 79.9198 -51.3733 14.1612 1650410569867 161.2500 -0.1950
-23.9855 79.5124 -51.7610 15.7168 1650410569896 190.2500 -0.1954
-22.1891 78.0730 -53.9808 11.7937 1650410569925 219.2500 -0.1955
-20.5379 76.1642 -55.7113 14.8558 1650410569954 146.7500 -0.1955
-24.5683 79.5678 -53.2837 18.8986 1650410569983 74.2500 -0.1955
-24.2689 79.7369 -53.2801 14.2989 1650410570012 103.2500 -0.1955
-23.8336 79.1779 -53.7968 15.9695 1650410570042 132.2500 -0.1955
-19.9250 75.4901 -57.6653 14.1415 1650410570070 161.0000 -0.1952
-24.5089 79.0685 -54.4548 21.3887 1650410570100 190.2500 -0.1950
-24.3064 79.2913 -54.7681 12.7537 1650410570128 219.2500 -0.1950
-18.7856 74.1729 -59.6831 14.7489 1650410570157 147.2500 -0.1950
-15.7254 71.6096 -62.9113 13.0375 1650410570186 75.2500 -0.1950
-20.7135 76.2167 -57.8386 14.5557 1650410570215 104.2500 -0.1950
-23.8741 79.2608 -54.9507 13.7031 1650410570244 133.0000 -0.1950
-23.7859 79.3300 -55.1952 19.8217 1650410570273 162.0000 -0.1950
-24.3774 79.3840 -54.9784 14.4466 1650410570302 190.7500 -0.1950
-24.3868 79.3969 -54.8773 12.2308 1650410570331 221.0000 -0.1950
-24.2756 79.3565 -54.8466 13.8096 1650410570360 147.2500 -0.1950
-24.1534 79.4617 -55.0890 13.7380 1650410570389 74.2500 -0.1950
-24.0640 79.0363 -54.9920 15.4532 1650410570418 103.7500 -0.1950
-24.2509 79.1167 -54.8894 17.6541 1650410570447 132.7500 -0.1950
-19.8751 74.7437 -59.1302 16.7964 1650410570476 161.7500 -0.1950
-21.3822 76.7471 -57.4736 13.1186 1650410570505 190.7500 -0.1950
-19.8648 74.5643 -58.8997 12.5364 1650410570534 219.7500 -0.1950
-19.2215 73.9329 -58.9899 14.5911 1650410570563 147.2500 -0.1950
-22.7150 77.2115 -55.4069 10.3925 1650410570592 74.7500 -0.1950
-15.1902 70.0346 -62.2914 13.2367 1650410570621 103.7500 -0.1952
-24.2594 79.3418 -52.9686 13.9124 1650410570649 132.7500 -0.1955
-24.2084 79.3991 -53.0488 13.2269 1650410570679 161.5000 -0.1955
-21.1714 76.0070 -55.5858 12.2095 1650410570707 190.5000 -0.1955
-24.4673 79.0829 -51.8150 18.0118 1650410570736 219.2500 -0.1955
-24.6272 79.5361 -50.9896 18.4584 1650410570765 146.7500 -0.1955
-24.3777 79.9044 -51.0212 13.7273 1650410570795 74.2500 -0.1955
-23.6596 79.5737 -51.2959 13.8208 1650410570824 103.0000 -0.1955
-24.2055 79.5400 -50.1197 22.2350 1650410570853 132.0000 -0.1955
-24.0063 79.5032 -49.7667 15.8386 1650410570882 161.2500 -0.1955
-23.9325 79.5176 -49.5408 13.8806 1650410570911 190.2500 -0.1955
-24.0718 78.9302 -49.1214 15.6402 1650410570940 219.2500 -0.1955
-24.1060 79.6560 -47.9288 14.6580 1650410570968 146.7500 -0.1952
-23.5228 79.7286 -48.0006 21.9916 1650410570998 74.2500 -0.1950
-23.4394 79.6452 -47.9172 21.9916 1650410571005 81.5000 -0.1950
