-25.4843 80.2389 -31.0766 0.0000 1650410541384 1005078.7500 -0.1962
-25.5045 80.1770 -31.1796 0.0000 1650410541413 1005107.7500 -0.1960
-25.5385 80.2122 -31.0332 0.0000 1650410541442 1005136.7500 -0.1960
-25.4873 80.2814 -31.1629 0.0000 1650410541471 1005165.7500 -0.1960
-25.5557 80.3091 -31.0339 0.0000 1650410541500 1005194.7500 -0.1960
-25.5971 80.3528 -30.9427 0.0000 1650410541529 1005223.7500 -0.1960
-25.5691 80.3927 -31.0231 0.0000 1650410541558 1005252.7500 -0.1960
-25.6264 80.2949 -31.0046 0.0000 1650410541586 1005283.0000 -0.1960
-25.5405 80.1731 -31.1331 0.0000 1650410541616 1005310.7500 -0.1960
-25.6092 80.2089 -31.0850 0.0000 1650410541645 1005339.7500 -0.1960
-25.4601 80.1558 -31.1285 0.0000 1650410541674 1005368.7500 -0.1960
-25.3954 80.1267 -30.9935 0.0000 1650410541702 1005397.5000 -0.1965
-25.5448 80.3370 -31.0691 0.0000 1650410541732 1005426.5000 -0.1965
-25.4888 80.1178 -31.0842 0.0000 1650410541761 1005455.5000 -0.1965
-25.5031 80.1513 -31.1583 0.0000 1650410541790 1005484.2500 -0.1965
-25.3988 80.0329 -31.0745 0.0000 1650410541819 1005514.5000 -0.1965
-25.3782 80.0790 -31.2337 0.0000 1650410541847 1005541.7500 -0.1965
-25.4571 80.1815 -31.1202 0.0000 1650410541877 1005571.2500 -0.1968
-25.4746 80.1967 -31.1417 0.0000 1650410541905 1005600.0000 -0.1969
-25.5080 80.1678 -31.0684 0.0000 1650410541934 1005629.2500 -0.1969
-25.5080 80.1485 -31.0325 0.0000 1650410541963 1005658.2500 -0.1969
-25.4733 80.2080 -31.1663 0.0000 1650410541992 1005687.2500 -0.1969
-25.4319 80.0394 -31.1285 0.0000 1650410542021 1005716.2500 -0.1969
-25.4981 80.1461 -31.1340 0.0000 1650410542050 1005745.2500 -0.1969
-25.3744 80.1541 -31.1715 0.0000 1650410542080 1005774.2500 -0.1969
-25.5302 80.0555 -31.0797 0.0000 1650410542109 1005803.2500 -0.1969
-25.5450 80.0584 -30.9740 0.0000 1650410542138 1005832.2500 -0.1969
-25.4761 80.1926 -31.1514 0.0000 1650410542166 1005861.2500 -0.1969
-25.5515 80.1232 -31.0683 0.0000 1650410542195 1005890.2500 -0.1969
-25.3719 80.2095 -31.1729 0.0000 1650410542224 1005919.2500 -0.1967
-25.4486 80.2507 -31.1317 0.0000 1650410542253 1005948.2500 -0.1965
-25.4352 80.1649 -31.1974 0.0000 1650410542282 1005977.2500 -0.1965
-25.4014 79.9955 -31.1249 0.0000 1650410542311 1006006.2500 -0.1965
-25.4359 80.1021 -31.1150 0.0000 1650410542340 1006034.7500 -0.1965
-25.5219 80.2898 -31.0473 0.0000 1650410542369 1006063.2500 -0.1965
-25.3560 80.0511 -31.3172 0.0000 1650410542398 1006093.0000 -0.1965
-25.3849 80.0949 -31.2381 0.0000 1650410542427 1006122.0000 -0.1965
-25.3454 80.0511 -31.1445 0.0000 1650410542456 1006151.0000 -0.1965
-25.4259 80.0294 -31.1194 0.0000 1650410542485 1006179.7500 -0.1965
-25.3958 80.0251 -31.1332 0.0000 1650410542514 1006208.7500 -0.1965
-25.5431 80.2305 -31.1064 0.0000 1650410542543 1006237.7500 -0.1968
-25.4006 80.0331 -31.1095 0.0000 1650410542572 1006266.7500 -0.1969
-25.3588 80.1346 -31.1060 0.0000 1650410542601 1006296.2500 -0.1974
-25.5273 80.0883 -31.1761 0.0000 1650410542630 1006324.7500 -0.1974
-25.4102 80.0948 -31.1990 0.0000 1650410542659 1006353.7500 -0.1974
-25.4326 79.9529 -31.0415 0.0000 1650410542688 1006384.0000 -0.1974
-25.3810 80.0435 -31.2309 0.0000 1650410542717 1006411.7500 -0.1974
-25.3989 80.1207 -31.1425 0.0000 1650410542745 1006440.7500 -0.1974
-25.4944 80.1179 -31.2087 0.0000 1650410542775 1006469.7500 -0.1978
-25.4073 80.0284 -31.3378 0.0000 1650410542803 1006498.7500 -0.1979
-25.3860 79.9974 -31.2642 0.0000 1650410542833 1006527.5000 -0.1977
-25.5791 80.0367 -31.1563 0.0000 1650410542861 1006556.5000 -0.1974
-25.4365 80.1225 -31.2455 0.0000 1650410542891 1006585.2500 -0.1977
-25.4268 80.1480 -31.1271 0.0000 1650410542920 1006614.2500 -0.1979
-25.4830 80.1757 -31.1736 0.0000 1650410542949 1006643.2500 -0.1979
-25.3766 80.1383 -31.1845 0.0000 1650410542978 1006672.2500 -0.1979
-25.4290 80.0458 -31.1502 0.0000 1650410543006 1006701.2500 -0.1977
-25.5680 80.2397 -31.0290 0.0000 1650410543036 1006730.2500 -0.1974
-25.4628 80.2785 -31.1584 0.0000 1650410543064 1006759.2500 -0.1974
-25.4424 80.1026 -31.0750 0.0000 1650410543093 1006788.2500 -0.1974
-25.3751 80.1277 -31.1323 0.0000 1650410543122 1006816.5000 -0.1974
-25.5553 80.1967 -31.1009 0.0000 1650410543151 1006846.2500 -0.1969
-25.3618 79.6368 -31.5383 0.0000 1650410543180 1006875.2500 -0.1969
-25.5387 80.4569 -30.0575 0.0000 1650410543209 1006904.2500 -0.1969
-25.6436 80.1647 -29.4107 0.0000 1650410543238 1006933.2500 -0.1969
-25.4547 80.0593 -29.1943 0.0000 1650410543268 1006962.2500 -0.1974
-25.3484 80.1245 -28.3347 0.0000 1650410543297 1006991.2500 -0.1974
-25.1923 80.1100 -27.6603 0.0000 1650410543325 1007020.2500 -0.1974
-24.9170 79.9092 -27.2596 0.0000 1650410543355 1007049.7500 -0.1974
-25.2581 80.1624 -26.3122 0.0000 1650410543383 1007077.7500 -0.1974
-24.7160 79.9132 -25.8077 0.0000 1650410543412 1007107.2500 -0.1974
-25.2466 80.3325 -24.7561 0.0000 1650410543441 1007136.2500 -0.1974
-25.4874 80.3499 -24.1066 0.0000 1650410543470 1007165.2500 -0.1974
-25.2053 80.4399 -23.8278 0.0000 1650410543499 1007194.0000 -0.1979
-25.6468 80.4743 -23.0777 0.0000 1650410543528 1007223.0000 -0.1979
-25.2474 80.5873 -22.9861 0.0000 1650410543557 1007252.0000 -0.1979
-25.2985 80.5896 -23.2332 0.0000 1650410543586 1007280.7500 -0.1979
-25.4043 80.6399 -23.1912 0.0000 1650410543615 1007309.7500 -0.1979
-25.2448 80.3906 -23.4728 0.0000 1650410543644 1007338.7500 -0.1979
-25.6665 80.1733 -23.3450 0.0000 1650410543673 1007367.7500 -0.1979
-25.5356 80.4049 -23.3897 0.0000 1650410543702 1007396.7500 -0.1979
-25.6387 80.6202 -23.0541 0.0000 1650410543731 1007425.7500 -0.1979
-25.6450 80.3731 -23.3186 0.0000 1650410543760 1007454.7500 -0.1979
-25.3999 80.2123 -23.2007 0.0000 1650410543789 1007483.7500 -0.1977
-25.5764 80.3602 -23.2398 0.0000 1650410543818 1007512.7500 -0.1974
-25.7457 80.3051 -23.4363 0.0000 1650410543847 1007541.7500 -0.1974
-25.6772 80.5960 -23.3099 0.0000 1650410543876 1007572.0000 -0.1974
-25.6343 80.3466 -23.2230 0.0000 1650410543904 1007601.0000 -0.1972
-25.7720 80.4444 -23.1110 0.0000 1650410543934 1007628.5000 -0.1969
-25.5587 80.1661 -23.2377 0.0000 1650410543962 1007657.5000 -0.1969
-25.5077 79.9796 -23.3248 0.0000 1650410543991 1007686.5000 -0.1969
-25.6625 80.1648 -23.5685 0.0000 1650410544021 1007715.2500 -0.1969
-25.6739 80.2150 -23.0646 0.0000 1650410544050 1007744.2500 -0.1969
-25.5105 79.9514 -23.3257 0.0000 1650410544079 1007773.2500 -0.1969
-25.6213 80.0893 -23.5347 0.0000 1650410544108 1007802.2500 -0.1969
-25.6769 80.1313 -23.3881 0.0000 1650410544137 1007830.7500 -0.1969
-25.5021 80.1109 -23.2499 0.0000 1650410544166 1007860.0000 -0.1974
-25.7432 80.2376 -23.1095 0.0000 1650410544195 1007889.2500 -0.1974
-25.7873 80.3340 -23.2901 0.0000 1650410544223 1007919.2500 -0.1974
-25.1442 80.1480 -23.3038 0.0000 1650410544252 1007947.2500 -0.1974
-25.5661 80.1287 -23.3564 0.0000 1650410544281 1007976.2500 -0.1974
-25.6856 80.0632 -23.3357 0.0000 1650410544310 1008005.2500 -0.1974
-25.3223 80.3329 -23.0407 0.0000 1650410544339 1008034.2500 -0.1977
-25.5275 80.1437 -23.1876 0.0000 1650410544368 1008063.2500 -0.1979
-25.5434 80.4369 -23.0520 0.0000 1650410544398 1008092.2500 -0.1979
-25.5153 80.3529 -22.9665 0.0000 1650410544427 1008121.2500 -0.1979
-25.6020 80.2253 -23.2976 0.0000 1650410544456 1008150.2500 -0.1979
-25.5301 80.0973 -23.2394 0.0000 1650410544484 1008179.2500 -0.1979
-25.8677 80.5602 -22.9304 0.0000 1650410544514 1008208.2500 -0.1979
-25.3938 80.4080 -22.8533 0.0000 1650410544542 1008237.2500 -0.1979
-25.6050 80.2787 -23.2143 0.0000 1650410544571 1008266.2500 -0.1979
-25.4581 80.5412 -22.8717 0.0000 1650410544600 1008295.0000 -0.1979
-25.5647 80.1735 -23.2669 0.0000 1650410544629 1008324.0000 -0.1977
-25.9624 80.4134 -23.0936 0.0000 1650410544658 1008352.0000 -0.1974
-25.5525 80.3655 -22.9781 0.0000 1650410544687 1008381.7500 -0.1974
-25.8522 80.4164 -23.0148 0.0000 1650410544716 1008410.7500 -0.1974
-25.7137 80.2613 -23.2619 0.0000 1650410544745 1008439.7500 -0.1972
-25.5094 80.1718 -22.8430 0.0000 1650410544774 1008468.7500 -0.1969
-25.7155 80.2874 -22.9728 0.0000 1650410544803 1008497.7500 -0.1969
-25.4851 80.2569 -23.0957 0.0000 1650410544833 1008526.7500 -0.1969
-25.3799 80.4759 -23.5048 0.0000 1650410544861 1008555.7500 -0.1967
-25.6075 80.5620 -23.9575 0.0000 1650410544890 1008584.2500 -0.1965
-24.8804 79.8952 -24.8595 0.0000 1650410544919 1008616.5000 -0.1965
-24.4391 79.5973 -25.7364 0.0000 1650410544948 1008642.7500 -0.1965
-24.1587 79.1549 -27.1523 0.0000 1650410544977 1008671.2500 -0.1965
-24.2096 78.8337 -27.4127 0.0000 1650410545006 1008700.2500 -0.1965
-23.8622 78.7462 -28.6893 0.0000 1650410545035 1008729.5000 -0.1965
-24.4440 78.8337 -28.8611 0.0000 1650410545063 1008758.5000 -0.1968
-24.1634 79.0224 -29.4321 0.0000 1650410545093 1008787.5000 -0.1969
-24.0666 78.9713 -30.5343 0.0000 1650410545121 1008816.2500 -0.1969
-24.4733 78.9872 -30.9377 0.0000 1650410545150 1008845.2500 -0.1969
-24.2162 79.0173 -31.7671 0.0000 1650410545180 1008874.2500 -0.1973
-24.3691 78.9666 -32.4043 0.0000 1650410545209 1008903.2500 -0.1974
-24.2618 78.9256 -33.0096 0.0000 1650410545238 1008932.2500 -0.1974
-24.8566 79.7398 -33.1476 0.0000 1650410545267 1008961.2500 -0.1974
-25.0930 79.6477 -33.4061 0.0000 1650410545296 1008990.2500 -0.1974
-14.3337 68.8248 -45.1246 0.0000 1650410545325 1009019.2500 -0.1974
-25.4901 79.7873 -34.8997 0.0000 1650410545354 1009048.2500 -0.1974
-25.3710 79.5139 -35.5828 0.0000 1650410545382 1009077.2500 -0.1974
-25.3602 79.7445 -36.4215 0.0000 1650410545412 1009106.0000 -0.1974
-25.6495 79.9372 -36.7656 0.0000 1650410545440 1009134.5000 -0.1974
-25.2782 79.5495 -37.6018 0.0000 1650410545469 1009164.2500 -0.1972
-25.6899 79.9470 -38.2365 0.0000 1650410545498 1009193.2500 -0.1969
-25.9903 79.9963 -38.4875 0.0000 1650410545527 1009222.2500 -0.1969
-25.8741 79.7117 -39.3709 0.0000 1650410545556 1009251.2500 -0.1969
-25.6237 79.7556 -39.8880 0.0000 1650410545586 1009280.2500 -0.1967
-25.8392 79.7839 -40.1800 0.0000 1650410545615 1009309.2500 -0.1965
-25.8051 79.6956 -40.8155 0.0000 1650410545644 1009338.2500 -0.1965
-25.8197 80.0016 -41.2632 0.0000 1650410545673 1009368.2500 -0.1965
-25.7307 79.8573 -41.7322 0.0000 1650410545701 1009396.0000 -0.1962
-26.0829 79.9000 -42.1355 0.0000 1650410545730 1009425.0000 -0.1960
-25.6867 79.7560 -42.7128 0.0000 1650410545759 1009453.2500 -0.1960
-25.6780 80.0308 -43.3072 0.0000 1650410545788 1009483.0000 -0.1960
-25.8698 79.9593 -43.2158 0.0000 1650410545817 1009511.7500 -0.1960
-25.7887 79.8437 -43.7730 0.0000 1650410545846 1009540.7500 -0.1963
-25.6172 79.7548 -44.4241 0.0000 1650410545875 1009569.7500 -0.1965
-25.5666 79.6434 -44.4970 0.0000 1650410545904 1009598.7500 -0.1965
-25.8640 79.7113 -44.7931 0.0000 1650410545933 1009627.7500 -0.1965
-25.6155 79.8031 -45.0004 0.0000 1650410545962 1009656.7500 -0.1968
-25.5725 79.6237 -45.0235 0.0000 1650410545992 1009685.7500 -0.1967
-25.6073 79.6028 -45.2247 0.0000 1650410546020 1009714.7500 -0.1965
-25.8184 79.8091 -45.1461 0.0000 1650410546049 1009743.7500 -0.1965
-25.7952 79.7591 -45.5529 0.0000 1650410546078 1009772.7500 -0.1968
-25.2347 79.6314 -45.7796 0.0000 1650410546107 1009801.7500 -0.1969
-25.7038 79.7938 -45.8234 0.0000 1650410546136 1009830.7500 -0.1969
-25.9011 79.7487 -45.9142 0.0000 1650410546165 1009859.5000 -0.1969
-26.2438 80.3259 -45.2796 0.0000 1650410546194 1009889.5000 -0.1969
-26.3213 80.0106 -45.4952 0.0000 1650410546223 1009917.0000 -0.1969
-26.2078 80.4612 -45.3490 0.0000 1650410546252 1009946.2500 -0.1969
-25.9107 79.9578 -45.5815 0.0000 1650410546280 1009975.2500 -0.1969
-26.2244 79.7725 -45.8008 0.0000 1650410546310 1010004.2500 -0.1969
-26.2478 80.4467 -44.8900 0.0000 1650410546339 1010033.2500 -0.1969
-25.9513 79.8103 -45.4359 0.0000 1650410546368 1010062.2500 -0.1967
-26.1646 80.1031 -45.0136 0.0000 1650410546397 1010091.2500 -0.1965
-25.8649 79.9570 -44.7272 0.0000 1650410546426 1010120.2500 -0.1965
-25.6525 80.0133 -44.8383 0.0000 1650410546455 1010150.0000 -0.1965
-25.4928 79.7627 -44.7631 0.0000 1650410546484 1010178.2500 -0.1965
-26.2753 79.9436 -44.1093 0.0000 1650410546513 1010207.2500 -0.1965
-25.2326 79.9168 -43.7950 0.0000 1650410546541 1010236.0000 -0.1965
-25.2554 79.7235 -43.7400 0.0000 1650410546571 1010265.2500 -0.1965
-24.4410 79.2433 -43.7292 0.0000 1650410546599 1010294.2500 -0.1965
-24.2289 79.0291 -43.4879 0.0000 1650410546628 1010323.2500 -0.1965
-24.1764 79.0505 -42.8604 0.0000 1650410546657 1010352.2500 -0.1965
-24.2564 79.0797 -42.4944 0.0000 1650410546687 1010381.2500 -0.1965
-24.1411 78.9761 -42.2803 0.0000 1650410546715 1010410.2500 -0.1965
-23.7982 78.7092 -41.8708 0.0000 1650410546745 1010439.2500 -0.1965
-25.3552 80.2757 -39.7226 0.0000 1650410546774 1010468.2500 -0.1967
-23.9424 79.1449 -40.5682 0.0000 1650410546803 1010497.2500 -0.1969
-24.9373 80.0902 -39.1162 0.0000 1650410546832 1010526.0000 -0.1969
-25.1263 80.3151 -38.0445 0.0000 1650410546860 1010555.0000 -0.1973
-24.8208 80.0025 -38.2378 0.0000 1650410546890 1010584.0000 -0.1974
-23.4203 78.4756 -39.1519 0.0000 1650410546918 1010613.0000 -0.1974
-25.2397 80.2067 -36.6369 0.0000 1650410546947 1010641.7500 -0.1974
-24.8126 79.9756 -36.3529 0.0000 1650410546976 1010670.2500 -0.1978
-25.4383 80.5323 -35.3404 0.0000 1650410547005 1010699.7500 -0.1979
-25.7800 80.6061 -34.1407 0.0000 1650410547034 1010728.7500 -0.1979
-25.8527 80.7733 -33.5458 0.0000 1650410547063 1010757.7500 -0.1979
-25.9188 80.5063 -32.9048 0.0000 1650410547092 1010786.7500 -0.1979
-26.0671 80.5526 -32.1539 0.0000 1650410547121 1010815.7500 -0.1979
-25.3528 80.4610 -32.1140 0.0000 1650410547151 1010844.7500 -0.1979
-25.9016 80.3753 -30.9626 0.0000 1650410547179 1010873.7500 -0.1979
-25.8125 80.6808 -30.1694 0.0000 1650410547208 1010902.5000 -0.1979
-25.6365 80.5225 -29.6580 0.0000 1650410547237 1010933.0000 -0.1979
-25.8727 80.6025 -28.9418 0.0000 1650410547266 1010960.5000 -0.1977
-25.6982 80.6388 -28.4037 0.0000 1650410547295 1010990.7500 -0.1974
-25.7262 80.3816 -27.3141 0.0000 1650410547324 1011018.5000 -0.1974
-25.0864 80.0028 -27.6151 0.0000 1650410547353 1011047.2500 -0.1974
-25.6531 80.7234 -26.3177 0.0000 1650410547382 1011076.2500 -0.1972
-25.8747 80.7719 -25.4401 0.0000 1650410547411 1011105.2500 -0.1969
-25.5873 80.6389 -25.0110 0.0000 1650410547439 1011134.2500 -0.1969
-25.7272 80.6845 -24.3987 0.0000 1650410547469 1011163.2500 -0.1974
-25.8558 80.7576 -23.7987 0.0000 1650410547498 1011192.2500 -0.1972
-24.9350 80.2233 -23.7217 0.0000 1650410547527 1011221.2500 -0.1969
-25.8193 80.6559 -22.8093 0.0000 1650410547556 1011250.2500 -0.1969
-25.8415 80.8182 -22.7045 0.0000 1650410547585 1011279.2500 -0.1974
-25.8633 80.4283 -22.9298 0.0000 1650410547614 1011308.2500 -0.1974
-25.6305 80.4421 -23.2882 0.0000 1650410547643 1011337.2500 -0.1974
-25.2698 80.0489 -23.7138 0.0000 1650410547672 1011366.2500 -0.1974
-25.4041 80.1064 -23.4295 0.0000 1650410547701 1011395.2500 -0.1979
-25.5167 80.2358 -23.4644 0.0000 1650410547730 1011423.5000 -0.1979
-25.8519 80.4699 -23.4767 0.0000 1650410547758 1011454.2500 -0.1979
-25.9192 80.2311 -23.2597 0.0000 1650410547787 1011482.2500 -0.1979
-25.5017 80.1917 -23.5757 0.0000 1650410547816 1011511.2500 -0.1979
-26.0184 80.7639 -23.0734 0.0000 1650410547845 1011540.2500 -0.1979
-25.7552 80.0422 -23.4328 0.0000 1650410547874 1011569.2500 -0.1979
-25.5178 80.2056 -23.5843 0.0000 1650410547904 1011598.2500 -0.1979
-25.6489 80.5858 -23.0537 0.0000 1650410547933 1011627.2500 -0.1979
-25.8068 80.3685 -23.1372 0.0000 1650410547962 1011656.0000 -0.1979
-25.5429 80.3824 -23.3527 0.0000 1650410547991 1011684.5000 -0.1976
-25.8010 79.9670 -23.3169 0.0000 1650410548019 1011714.0000 -0.1974
-25.6420 80.1493 -23.3425 0.0000 1650410548049 1011742.7500 -0.1974
-25.3637 80.2506 -23.2276 0.0000 1650410548077 1011773.0000 -0.1974
-25.8408 80.3926 -23.2611 0.0000 1650410548106 1011800.7500 -0.1974
-25.6757 80.0290 -23.5308 0.0000 1650410548135 1011829.7500 -0.1974
-25.5960 79.7759 -23.5423 0.0000 1650410548164 1011858.7500 -0.1972
-25.5869 80.1235 -23.2322 0.0000 1650410548193 1011887.7500 -0.1969
-25.3219 80.2735 -23.2823 0.0000 1650410548222 1011916.7500 -0.1969
-25.4846 80.2255 -23.3390 0.0000 1650410548251 1011945.7500 -0.1969
-25.7115 80.0931 -23.1234 0.0000 1650410548280 1011974.7500 -0.1967
-25.7046 80.2618 -22.8861 0.0000 1650410548310 1012003.7500 -0.1965
-25.9003 80.1322 -23.0429 0.0000 1650410548338 1012032.7500 -0.1965
-25.7250 80.1730 -23.1929 0.0000 1650410548367 1012061.7500 -0.1965
-25.5292 80.1186 -23.3169 0.0000 1650410548396 1012090.5000 -0.1965
-25.9551 80.1335 -22.7805 0.0000 1650410548425 1012119.5000 -0.1965
-25.6082 80.1338 -23.0629 0.0000 1650410548454 1012148.5000 -0.1965
-25.3932 80.2836 -23.1679 0.0000 1650410548483 1012177.2500 -0.1969
-25.4435 79.8748 -23.1851 0.0000 1650410548512 1012205.5000 -0.1969
-25.7185 80.1207 -22.9849 0.0000 1650410548541 1012235.2500 -0.1972
-25.9697 80.3597 -23.0118 0.0000 1650410548570 1012264.2500 -0.1974
-25.6804 80.3406 -23.1327 0.0000 1650410548598 1012293.2500 -0.1974
-25.5292 80.2821 -22.9505 0.0000 1650410548628 1012323.7500 -0.1974
-25.6280 80.3928 -22.9009 0.0000 1650410548657 1012351.0000 -0.1974
-25.7032 80.1108 -22.9916 0.0000 1650410548686 1012380.2500 -0.1974
-25.6744 80.4914 -22.7419 0.0000 1650410548715 1012409.2500 -0.1974
-25.7064 80.2578 -22.8413 0.0000 1650410548744 1012438.0000 -0.1974
-25.5950 80.0167 -23.0963 0.0000 1650410548773 1012466.7500 -0.1974
-25.8725 80.0576 -22.9435 0.0000 1650410548802 1012496.2500 -0.1974
-25.5950 80.1998 -23.0276 0.0000 1650410548831 1012525.0000 -0.1974
-25.4622 80.1604 -22.9842 0.0000 1650410548860 1012554.2500 -0.1974
-25.3901 80.1049 -24.0739 0.0000 1650410548889 1012583.2500 -0.1972
-25.4292 80.6626 -23.9959 0.0000 1650410548917 1012612.2500 -0.1969
-25.2706 80.2274 -24.3844 0.0000 1650410548947 1012641.2500 -0.1969
-24.8154 79.5958 -25.6561 0.0000 1650410548975 1012670.2500 -0.1969
-24.0127 78.9508 -27.3785 0.0000 1650410549004 1012699.2500 -0.1969
-24.2794 79.1327 -27.4047 0.0000 1650410549033 1012728.2500 -0.1969
-24.0738 78.9683 -28.5737 0.0000 1650410549063 1012757.0000 -0.1967
-24.2183 78.9627 -28.7750 0.0000 1650410549092 1012786.0000 -0.1965
-24.9222 79.8309 -28.7462 0.0000 1650410549121 1012815.0000 -0.1965
-24.1582 78.9256 -30.6656 0.0000 1650410549150 1012843.7500 -0.1969
-24.9771 79.5454 -30.3966 0.0000 1650410549179 1012872.7500 -0.1967
-24.9045 80.1155 -30.8628 0.0000 1650410549208 1012901.7500 -0.1965
-24.8903 79.6674 -31.7845 0.0000 1650410549236 1012930.7500 -0.1965
-25.0279 79.5635 -32.5505 0.0000 1650410549265 1012961.0000 -0.1969
-25.2033 79.9914 -33.1162 0.0000 1650410549294 1012990.0000 -0.1969
-24.2161 78.7407 -34.5226 0.0000 1650410549323 1013017.7500 -0.1969
-25.3559 79.9940 -34.3153 0.0000 1650410549352 1013046.7500 -0.1969
-25.3832 79.7224 -34.9966 0.0000 1650410549381 1013075.7500 -0.1974
-25.2625 79.8977 -35.5997 0.0000 1650410549410 1013104.7500 -0.1974
-25.5195 79.7706 -36.3941 0.0000 1650410549439 1013133.7500 -0.1974
-25.5894 79.8331 -36.7792 0.0000 1650410549469 1013162.7500 -0.1974
-26.1788 80.3858 -37.1110 0.0000 1650410549497 1013191.5000 -0.1974
-25.7379 79.9012 -38.1432 0.0000 1650410549527 1013223.2500 -0.1974
-25.5998 79.8119 -38.7218 0.0000 1650410549555 1013248.7500 -0.1974
-25.6752 79.6431 -39.5545 0.0000 1650410549584 1013278.2500 -0.1974
-25.8088 80.2127 -39.7002 0.0000 1650410549613 1013307.0000 -0.1974
-26.1573 80.2234 -39.9374 0.0000 1650410549642 1013336.2500 -0.1974
-25.5719 79.7817 -40.9869 0.0000 1650410549671 1013365.2500 -0.1974
-25.7061 79.9126 -41.4804 0.0000 1650410549700 1013394.2500 -0.1974
-26.0501 80.0872 -41.3629 0.0000 1650410549729 1013423.2500 -0.1974
-25.6778 79.7794 -42.3963 0.0000 1650410549758 1013452.2500 -0.1974
-25.5223 79.7190 -43.1089 0.0000 1650410549787 1013481.2500 -0.1972
-25.7093 79.9829 -43.1204 0.0000 1650410549815 1013510.2500 -0.1969
-26.3092 79.8834 -43.4500 0.0000 1650410549845 1013539.2500 -0.1969
-25.7649 79.9900 -43.8998 0.0000 1650410549874 1013568.2500 -0.1969
-26.0308 79.8704 -44.0769 0.0000 1650410549903 1013597.2500 -0.1969
-25.6907 79.8279 -44.5534 0.0000 1650410549932 1013626.2500 -0.1969
-25.8596 79.6062 -44.7078 0.0000 1650410549961 1013655.2500 -0.1967
-25.3763 79.6996 -44.9532 0.0000 1650410549990 1013684.2500 -0.1965
-25.9612 80.1167 -44.8944 0.0000 1650410550019 1013713.2500 -0.1965
-25.7960 79.7801 -45.2961 0.0000 1650410550048 1013744.7500 -0.1965
-25.6456 79.6811 -45.2972 0.0000 1650410550076 1013771.0000 -0.1967
-25.7227 79.7221 -45.5418 0.0000 1650410550106 1013800.2500 -0.1969
-26.4719 80.1152 -45.6867 0.0000 1650410550134 1013829.2500 -0.1969
-26.2545 80.0999 -45.3998 0.0000 1650410550163 1013858.0000 -0.1969
-25.9590 79.9501 -45.8474 0.0000 1650410550193 1013887.0000 -0.1972
-26.3639 80.2144 -45.5246 0.0000 1650410550222 1013916.0000 -0.1974
-26.3191 80.3052 -45.5338 0.0000 1650410550251 1013945.0000 -0.1974
-25.8804 80.0312 -45.6398 0.0000 1650410550280 1013973.2500 -0.1974
-25.9010 80.0377 -45.6118 0.0000 1650410550309 1014002.2500 -0.1974
-25.9568 79.9176 -45.6981 0.0000 1650410550338 1014031.7500 -0.1974
-26.2418 80.4414 -44.9843 0.0000 1650410550367 1014060.2500 -0.1974
-26.0778 79.9368 -45.2454 0.0000 1650410550395 1014089.5000 -0.1974
-25.8231 79.8302 -45.0204 0.0000 1650410550425 1014118.7500 -0.1974
-25.8379 79.9906 -45.0979 0.0000 1650410550453 1014147.7500 -0.1974
-25.6213 79.8671 -44.6974 0.0000 1650410550482 1014176.7500 -0.1974
-25.5580 79.8614 -44.3174 0.0000 1650410550511 1014205.7500 -0.1974
-26.1211 80.2131 -43.8239 0.0000 1650410550540 1014234.7500 -0.1974
-25.5499 79.9280 -43.6749 0.0000 1650410550569 1014263.7500 -0.1974
-24.7740 79.2936 -44.0476 0.0000 1650410550598 1014292.7500 -0.1974
-25.0578 79.7324 -43.2604 0.0000 1650410550628 1014321.5000 -0.1974
-24.3610 78.9909 -43.3044 0.0000 1650410550656 1014350.5000 -0.1974
-24.6770 79.5977 -42.4022 0.0000 1650410550686 1014379.2500 -0.1972
-24.3688 79.1907 -42.4204 0.0000 1650410550714 1014408.2500 -0.1969
-24.2287 79.2791 -41.9945 0.0000 1650410550743 1014437.2500 -0.1969
-25.2906 80.0667 -40.1800 0.0000 1650410550772 1014466.2500 -0.1969
-25.3067 80.3082 -39.5834 0.0000 1650410550801 1014495.0000 -0.1969
-24.2402 79.0394 -40.5811 0.0000 1650410550830 1014525.5000 -0.1969
-25.4173 80.5891 -38.6049 0.0000 1650410550859 1014553.2500 -0.1969
-25.4175 80.3996 -37.9899 0.0000 1650410550888 1014582.2500 -0.1969
-25.3454 80.6214 -37.6266 0.0000 1650410550917 1014611.2500 -0.1969
-24.8719 79.9137 -37.7720 0.0000 1650410550946 1014640.2500 -0.1969
-25.5938 80.2576 -36.3113 0.0000 1650410550974 1014669.2500 -0.1972
-25.1705 80.3024 -35.7394 0.0000 1650410551004 1014698.2500 -0.1974
-25.4617 80.4972 -35.0714 0.0000 1650410551033 1014727.2500 -0.1974
-25.8485 80.5075 -34.0445 0.0000 1650410551062 1014759.0000 -0.1974
-25.5591 80.5145 -33.8066 0.0000 1650410551091 1014785.0000 -0.1977
-25.8099 80.3863 -33.0324 0.0000 1650410551120 1014814.2500 -0.1979
-25.2737 80.3746 -32.6189 0.0000 1650410551149 1014844.0000 -0.1979
-25.5474 80.5558 -31.5888 0.0000 1650410551178 1014872.2500 -0.1979
-25.8788 80.3136 -30.8040 0.0000 1650410551207 1014901.2500 -0.1979
-25.7489 80.8580 -30.1951 0.0000 1650410551236 1014930.2500 -0.1979
-25.7382 80.4733 -29.2950 0.0000 1650410551265 1014959.2500 -0.1979
-25.3551 80.3122 -29.4566 0.0000 1650410551293 1014988.0000 -0.1983
-25.4146 80.7162 -28.4175 0.0000 1650410551322 1015017.0000 -0.1984
-25.5171 80.6360 -27.5378 0.0000 1650410551351 1015046.0000 -0.1984
-25.4389 80.5861 -26.8273 0.0000 1650410551380 1015074.7500 -0.1984
-25.0652 80.1931 -26.9190 0.0000 1650410551410 1015103.7500 -0.1980
-25.9975 80.7155 -25.6733 0.0000 1650410551439 1015132.7500 -0.1979
-25.6150 80.6336 -24.9518 0.0000 1650410551468 1015161.7500 -0.1979
-25.6158 80.4832 -24.4579 0.0000 1650410551497 1015190.7500 -0.1979
-25.8186 80.5885 -23.6606 0.0000 1650410551526 1015219.7500 -0.1979
-25.7192 80.7410 -23.0974 0.0000 1650410551554 1015248.7500 -0.1979
-25.3014 79.9731 -23.5152 0.0000 1650410551584 1015278.5000 -0.1977
-25.7705 80.7981 -22.6626 0.0000 1650410551612 1015306.5000 -0.1974
-25.2133 80.0891 -23.4671 0.0000 1650410551641 1015335.7500 -0.1974
-25.1974 79.9652 -23.6199 0.0000 1650410551670 1015364.7500 -0.1974
-25.6069 80.4263 -23.2866 0.0000 1650410551699 1015393.7500 -0.1974
-25.3492 80.0993 -23.8238 0.0000 1650410551728 1015422.7500 -0.1974
-25.4922 80.1382 -23.6224 0.0000 1650410551758 1015451.5000 -0.1974
-25.4082 80.1632 -23.6989 0.0000 1650410551786 1015480.5000 -0.1974
-25.4740 80.1414 -23.6196 0.0000 1650410551816 1015510.7500 -0.1974
-25.5816 80.1005 -23.6403 0.0000 1650410551845 1015537.5000 -0.1978
-25.4785 80.1903 -23.5066 0.0000 1650410551873 1015567.2500 -0.1979
-25.5781 80.2359 -23.4732 0.0000 1650410551902 1015597.7500 -0.1979
-25.5916 80.2902 -23.3373 0.0000 1650410551931 1015625.0000 -0.1979
-25.7503 80.4915 -23.2465 0.0000 1650410551960 1015654.2500 -0.1979
-25.5830 80.0405 -23.4223 0.0000 1650410551989 1015683.2500 -0.1979
-25.1749 80.0901 -23.4636 0.0000 1650410552018 1015712.2500 -0.1979
-25.4463 80.1506 -23.3493 0.0000 1650410552047 1015741.2500 -0.1979
-25.4000 80.1870 -23.4647 0.0000 1650410552076 1015770.2500 -0.1979
-25.7542 80.0978 -23.1531 0.0000 1650410552105 1015799.2500 -0.1979
-25.4814 79.9725 -23.2997 0.0000 1650410552133 1015828.2500 -0.1982
-25.3376 80.0749 -23.2368 0.0000 1650410552164 1015857.2500 -0.1984
-25.6553 80.2813 -23.0183 0.0000 1650410552192 1015886.2500 -0.1984
-25.7762 80.3241 -23.2719 0.0000 1650410552221 1015915.2500 -0.1984
-25.1919 80.0903 -23.3008 0.0000 1650410552250 1015944.2500 -0.1984
-25.3435 79.9951 -23.4523 0.0000 1650410552279 1015973.2500 -0.1984
-25.8576 80.1770 -23.0560 0.0000 1650410552308 1016002.2500 -0.1984
-25.4784 80.1352 -23.3010 0.0000 1650410552337 1016031.2500 -0.1984
-25.2268 80.2203 -23.1004 0.0000 1650410552366 1016060.7500 -0.1984
-25.6631 80.0590 -23.2834 0.0000 1650410552395 1016089.0000 -0.1984
-25.4881 79.9980 -23.4170 0.0000 1650410552424 1016118.0000 -0.1982
-25.4419 79.7428 -23.1661 0.0000 1650410552452 1016147.0000 -0.1979
-25.5183 80.1471 -22.9604 0.0000 1650410552481 1016176.0000 -0.1979
-25.3863 80.0985 -23.1499 0.0000 1650410552510 1016204.7500 -0.1979
-25.1841 80.2939 -23.0697 0.0000 1650410552540 1016233.7500 -0.1979
-25.4979 80.4165 -22.9732 0.0000 1650410552569 1016262.7500 -0.1979
-25.3699 80.0448 -23.0966 0.0000 1650410552598 1016291.5000 -0.1979
-25.6056 80.6237 -22.8827 0.0000 1650410552627 1016322.0000 -0.1979
-25.4060 80.0002 -23.0991 0.0000 1650410552656 1016349.7500 -0.1979
-25.4318 80.1267 -23.0089 0.0000 1650410552685 1016378.0000 -0.1979
-25.6606 80.2473 -22.8270 0.0000 1650410552713 1016407.7500 -0.1979
-25.2626 79.8473 -23.1166 0.0000 1650410552743 1016436.7500 -0.1983
-25.5036 80.0790 -23.2229 0.0000 1650410552771 1016465.7500 -0.1984
-25.5004 80.2525 -22.8362 0.0000 1650410552800 1016494.7500 -0.1984
-25.7107 80.4553 -22.9635 0.0000 1650410552829 1016523.7500 -0.1984
-25.6813 80.3082 -22.7033 0.0000 1650410552858 1016552.5000 -0.1984
-25.6259 80.1968 -23.0972 0.0000 1650410552887 1016581.5000 -0.1984
-25.6152 80.6294 -23.6173 0.0000 1650410552916 1016610.2500 -0.1984
-24.7322 80.1931 -24.5624 0.0000 1650410552945 1016639.2500 -0.1984
-25.4411 80.4993 -24.2946 0.0000 1650410552975 1016668.2500 -0.1984
-24.8144 79.6833 -25.9890 0.0000 1650410553004 1016697.2500 -0.1984
-24.1456 78.9902 -27.3767 0.0000 1650410553032 1016726.2500 -0.1984
-24.0359 79.1109 -27.5472 0.0000 1650410553062 1016755.2500 -0.1984
-24.8255 79.8925 -28.0504 0.0000 1650410553090 1016784.2500 -0.1984
-23.9303 78.8245 -29.1469 0.0000 1650410553119 1016814.5000 -0.1984
-22.3893 77.4538 -31.3252 0.0000 1650410553148 1016841.5000 -0.1984
-24.9442 79.6577 -30.1133 0.0000 1650410553177 1016871.2500 -0.1984
-24.0194 78.8489 -31.1674 0.0000 1650410553206 1016900.2500 -0.1982
-25.2611 79.8810 -31.2733 0.0000 1650410553235 1016929.2500 -0.1979
-24.4268 78.9518 -32.4256 0.0000 1650410553264 1016958.2500 -0.1979
-25.0918 79.8001 -32.5498 0.0000 1650410553293 1016987.2500 -0.1979
-24.9990 79.8945 -33.1542 0.0000 1650410553322 1017016.2500 -0.1979
-25.1622 79.7229 -33.7261 0.0000 1650410553351 1017045.2500 -0.1979
-24.9124 79.8272 -34.7733 0.0000 1650410553380 1017073.7500 -0.1979
-25.4354 79.6643 -35.2112 0.0000 1650410553409 1017103.2500 -0.1979
-25.3225 79.8850 -35.6883 0.0000 1650410553438 1017133.7500 -0.1979
-25.4906 79.7823 -36.7668 0.0000 1650410553467 1017160.5000 -0.1979
-25.5378 79.8087 -36.8881 0.0000 1650410553496 1017190.0000 -0.1979
-25.6397 79.7109 -37.7466 0.0000 1650410553525 1017219.0000 -0.1979
-25.9486 79.9968 -38.1725 0.0000 1650410553554 1017248.0000 -0.1979
-25.9252 80.1118 -38.4709 0.0000 1650410553583 1017277.0000 -0.1979
-25.6948 79.9793 -39.3498 0.0000 1650410553611 1017305.7500 -0.1979
-25.8930 79.9944 -39.7602 0.0000 1650410553641 1017334.7500 -0.1983
-25.8423 79.7643 -40.5050 0.0000 1650410553669 1017363.7500 -0.1984
-25.6276 79.8215 -40.8550 0.0000 1650410553698 1017392.7500 -0.1984
-26.0863 80.3282 -41.1825 0.0000 1650410553727 1017421.7500 -0.1984
-25.6601 79.6429 -42.0809 0.0000 1650410553757 1017450.7500 -0.1984
-25.6979 79.7109 -42.5076 0.0000 1650410553786 1017479.7500 -0.1984
-25.5604 79.9883 -43.0673 0.0000 1650410553815 1017508.7500 -0.1984
-26.1386 79.8491 -43.1388 0.0000 1650410553844 1017537.7500 -0.1984
-26.2198 80.2343 -43.1660 0.0000 1650410553873 1017566.7500 -0.1984
-25.7635 79.9909 -43.7864 0.0000 1650410553902 1017596.2500 -0.1984
-25.7179 79.9599 -44.1376 0.0000 1650410553930 1017624.7500 -0.1984
-25.6270 79.6809 -44.7148 0.0000 1650410553959 1017653.5000 -0.1984
-25.5876 79.6461 -44.7004 0.0000 1650410553988 1017682.5000 -0.1984
-25.7993 79.8265 -44.9491 0.0000 1650410554017 1017711.5000 -0.1984
-25.5014 79.7298 -45.3647 0.0000 1650410554046 1017740.2500 -0.1984
-25.6938 79.7382 -45.1451 0.0000 1650410554075 1017769.2500 -0.1984
-25.7684 79.7942 -45.3746 0.0000 1650410554104 1017798.2500 -0.1982
-25.6333 79.7675 -45.5501 0.0000 1650410554134 1017827.0000 -0.1979
-25.7823 80.0336 -45.4437 0.0000 1650410554163 1017856.0000 -0.1979
-25.8785 79.8912 -45.6875 0.0000 1650410554191 1017885.2500 -0.1979
-26.3230 80.1261 -45.2904 0.0000 1650410554221 1017914.0000 -0.1979
-25.6562 79.7709 -45.9978 0.0000 1650410554249 1017943.2500 -0.1974
-25.8509 79.7721 -45.8668 0.0000 1650410554278 1017972.2500 -0.1977
-25.8792 79.9486 -45.8071 0.0000 1650410554307 1018001.2500 -0.1979
-25.9686 80.2422 -45.4787 0.0000 1650410554336 1018030.2500 -0.1979
-25.8986 80.0509 -45.4675 0.0000 1650410554365 1018059.2500 -0.1980
-26.2140 80.3795 -44.9882 0.0000 1650410554394 1018088.2500 -0.1979
-25.8870 80.0701 -45.1889 0.0000 1650410554423 1018117.2500 -0.1979
-25.8249 79.8690 -45.0050 0.0000 1650410554452 1018146.2500 -0.1979
-25.6030 79.9594 -44.9937 0.0000 1650410554481 1018175.2500 -0.1983
-25.6406 79.7997 -44.7513 0.0000 1650410554510 1018204.2500 -0.1984
-25.7415 80.0334 -44.0196 0.0000 1650410554540 1018233.2500 -0.1984
-25.6263 80.1517 -43.6690 0.0000 1650410554568 1018262.2500 -0.1984
-25.6403 80.1429 -43.3297 0.0000 1650410554597 1018291.2500 -0.1984
-25.4527 79.9221 -43.1468 0.0000 1650410554626 1018320.2500 -0.1984
-25.0620 79.5032 -43.2814 0.0000 1650410554655 1018348.7500 -0.1984
-24.5628 79.5978 -42.7976 0.0000 1650410554684 1018379.0000 -0.1984
-25.0584 79.9360 -41.8626 0.0000 1650410554713 1018406.7500 -0.1984
-25.3259 80.1169 -41.4006 0.0000 1650410554742 1018435.7500 -0.1984
-24.2583 79.2305 -41.8646 0.0000 1650410554770 1018464.7500 -0.1984
-24.9594 80.0540 -40.2622 0.0000 1650410554800 1018493.7500 -0.1984
-25.4787 80.1912 -39.5999 0.0000 1650410554828 1018522.7500 -0.1982
-25.0433 79.9252 -39.6533 0.0000 1650410554857 1018551.7500 -0.1979
-25.4245 80.2763 -38.7160 0.0000 1650410554887 1018580.7500 -0.1979
-25.7175 80.3222 -38.0027 0.0000 1650410554916 1018612.5000 -0.1979
-25.3114 80.3098 -37.8526 0.0000 1650410554945 1018638.5000 -0.1979
-25.4152 80.2836 -37.1966 0.0000 1650410554974 1018667.7500 -0.1979
-25.6165 80.3131 -36.2311 0.0000 1650410555003 1018696.5000 -0.1979
-25.2955 80.2662 -35.8752 0.0000 1650410555032 1018725.7500 -0.1979
-25.4765 80.3403 -35.2409 0.0000 1650410555061 1018754.5000 -0.1979
-25.6301 80.2222 -34.0543 0.0000 1650410555089 1018783.5000 -0.1979
-25.3631 80.4399 -33.8119 0.0000 1650410555119 1018812.5000 -0.1979
-25.7023 80.2082 -33.0512 0.0000 1650410555147 1018841.2500 -0.1979
-25.8027 80.4438 -32.3072 0.0000 1650410555176 1018870.2500 -0.1979
-25.8192 80.8299 -31.5728 0.0000 1650410555205 1018899.2500 -0.1979
-26.1284 80.5631 -30.6311 0.0000 1650410555234 1018928.2500 -0.1979
-25.6336 80.3743 -30.4898 0.0000 1650410555263 1018957.2500 -0.1983
-25.6074 80.2813 -29.6174 0.0000 1650410555293 1018986.2500 -0.1984
-25.6726 80.6752 -28.8083 0.0000 1650410555322 1019015.2500 -0.1984
-25.4008 80.6410 -27.9339 0.0000 1650410555351 1019044.2500 -0.1984
-25.9611 80.5796 -27.4840 0.0000 1650410555380 1019073.2500 -0.1988
-25.6054 80.5267 -26.7473 0.0000 1650410555408 1019102.2500 -0.1989
-25.8622 80.7429 -26.0730 0.0000 1650410555437 1019130.7500 -0.1989
-25.6167 80.4145 -25.6263 0.0000 1650410555466 1019160.0000 -0.1989
-25.6123 80.5955 -24.5747 0.0000 1650410555495 1019189.2500 -0.1989
-25.5607 80.5895 -24.3489 0.0000 1650410555524 1019218.2500 -0.1989
-25.4624 80.7141 -23.5379 0.0000 1650410555553 1019247.2500 -0.1987
-25.6785 80.3306 -22.9735 0.0000 1650410555582 1019276.2500 -0.1984
-25.8262 80.7156 -22.8787 0.0000 1650410555611 1019305.2500 -0.1984
-24.9121 80.0476 -23.5565 0.0000 1650410555640 1019334.2500 -0.1984
-25.6197 80.1329 -23.3705 0.0000 1650410555669 1019363.0000 -0.1984
-25.4342 80.2641 -23.3132 0.0000 1650410555699 1019393.0000 -0.1984
-25.2200 80.0974 -23.6478 0.0000 1650410555727 1019421.2500 -0.1984
-25.2978 80.1320 -23.6060 0.0000 1650410555756 1019449.7500 -0.1984
-25.4481 79.9529 -23.7511 0.0000 1650410555785 1019478.7500 -0.1982
-25.4127 80.2435 -23.4789 0.0000 1650410555814 1019508.0000 -0.1979
-25.7479 80.1807 -23.3012 0.0000 1650410555843 1019536.7500 -0.1979
-25.5989 80.2580 -23.4338 0.0000 1650410555872 1019565.7500 -0.1979
-25.4743 80.2253 -23.4155 0.0000 1650410555901 1019594.7500 -0.1977
-25.3975 80.1021 -23.5346 0.0000 1650410555930 1019623.7500 -0.1974
-25.3421 80.1783 -23.4572 0.0000 1650410555959 1019652.7500 -0.1974
-25.5529 80.1346 -23.3914 0.0000 1650410555987 1019681.7500 -0.1974
-25.6755 80.4713 -23.1661 0.0000 1650410556016 1019710.7500 -0.1974
-25.4768 80.1399 -23.1752 0.0000 1650410556046 1019739.7500 -0.1974
-25.5029 80.2095 -23.1915 0.0000 1650410556075 1019768.7500 -0.1977
-25.5437 80.0902 -23.5206 0.0000 1650410556104 1019797.7500 -0.1979
-25.2927 79.9113 -23.3883 0.0000 1650410556133 1019826.7500 -0.1979
-25.7002 80.4091 -23.1674 0.0000 1650410556162 1019855.7500 -0.1979
-25.7930 80.5153 -23.1252 0.0000 1650410556191 1019884.0000 -0.1982
-25.7406 80.5344 -23.0888 0.0000 1650410556220 1019914.7500 -0.1984
-25.6653 80.3225 -22.8581 0.0000 1650410556248 1019942.2500 -0.1984
-25.2491 80.2905 -22.9985 0.0000 1650410556278 1019971.2500 -0.1984
-25.4568 80.0467 -23.1107 0.0000 1650410556306 1020000.2500 -0.1984
-25.2886 80.0773 -23.4366 0.0000 1650410556335 1020029.2500 -0.1984
-25.4182 80.3703 -23.0271 0.0000 1650410556364 1020058.2500 -0.1984
-25.1882 80.1639 -23.4681 0.0000 1650410556394 1020087.2500 -0.1984
-25.4382 80.1611 -23.2119 0.0000 1650410556422 1020116.2500 -0.1984
-25.4941 80.2192 -23.2239 0.0000 1650410556451 1020146.5000 -0.1984
-25.4527 80.0567 -23.0739 0.0000 1650410556481 1020174.2500 -0.1984
-25.3445 80.5286 -22.9783 0.0000 1650410556510 1020203.2500 -0.1984
-25.6536 80.4587 -22.7558 0.0000 1650410556539 1020233.5000 -0.1984
-25.6928 80.4290 -22.9028 0.0000 1650410556567 1020261.2500 -0.1982
-25.2272 80.2107 -23.0266 0.0000 1650410556597 1020290.2500 -0.1979
-25.5101 80.1912 -23.1103 0.0000 1650410556625 1020319.2500 -0.1979
-25.3327 80.1766 -23.0308 0.0000 1650410556654 1020348.2500 -0.1979
-25.4627 80.3001 -22.9305 0.0000 1650410556683 1020377.2500 -0.1979
-25.1505 80.4056 -22.9596 0.0000 1650410556712 1020406.2500 -0.1979
-25.8005 80.8773 -22.6484 0.0000 1650410556741 1020435.2500 -0.1977
-25.3315 80.0777 -23.0835 0.0000 1650410556770 1020464.2500 -0.1974
-25.4223 80.3183 -22.8096 0.0000 1650410556799 1020493.2500 -0.1974
-25.8148 80.5031 -22.8879 0.0000 1650410556828 1020522.2500 -0.1974
-25.7635 80.3747 -23.0406 0.0000 1650410556858 1020551.0000 -0.1974
-25.4175 80.1654 -23.1567 0.0000 1650410556886 1020580.0000 -0.1974
-25.2608 80.4298 -22.8796 0.0000 1650410556915 1020609.0000 -0.1974
-25.2533 80.3529 -23.9562 0.0000 1650410556944 1020638.0000 -0.1974
-24.7639 80.3035 -24.2827 0.0000 1650410556973 1020666.5000 -0.1974
-25.0844 80.4305 -24.4153 0.0000 1650410557002 1020695.5000 -0.1979
-23.7252 78.9345 -26.7206 0.0000 1650410557031 1020724.7500 -0.1979
-23.8126 79.0639 -27.4067 0.0000 1650410557060 1020753.7500 -0.1979
-24.0647 79.2840 -27.5033 0.0000 1650410557089 1020782.7500 -0.1979
-25.5124 80.4122 -27.3790 0.0000 1650410557118 1020811.7500 -0.1979
-24.2479 78.8230 -29.1530 0.0000 1650410557146 1020840.7500 -0.1979
-24.7972 79.7748 -29.2065 0.0000 1650410557176 1020869.7500 -0.1979
-24.8608 79.7398 -30.0145 0.0000 1650410557204 1020900.2500 -0.1979
-24.1369 78.7836 -31.3815 0.0000 1650410557234 1020928.2500 -0.1979
-24.9566 79.8542 -31.2632 0.0000 1650410557263 1020956.7500 -0.1979
-25.1581 79.7153 -31.7362 0.0000 1650410557292 1020985.5000 -0.1979
-24.9649 79.8636 -32.7147 0.0000 1650410557321 1021014.2500 -0.1979
-25.2152 79.8905 -33.0285 0.0000 1650410557350 1021043.5000 -0.1977
-25.0678 79.7648 -33.7518 0.0000 1650410557379 1021072.2500 -0.1974
-25.2684 79.8443 -34.7263 0.0000 1650410557408 1021101.2500 -0.1974
-25.4482 79.7250 -35.0040 0.0000 1650410557437 1021130.2500 -0.1974
-25.3441 79.5938 -35.9508 0.0000 1650410557465 1021159.2500 -0.1974
-25.5422 79.8633 -36.6870 0.0000 1650410557494 1021188.2500 -0.1974
-25.6357 79.7733 -37.0340 0.0000 1650410557523 1021217.2500 -0.1974
-25.6307 79.6485 -37.9195 0.0000 1650410557552 1021246.2500 -0.1974
-25.8073 79.9570 -38.2015 0.0000 1650410557581 1021275.2500 -0.1974
-26.0944 80.2276 -38.5568 0.0000 1650410557611 1021304.2500 -0.1974
-25.6825 79.7594 -39.6834 0.0000 1650410557640 1021333.2500 -0.1974
-25.7017 79.7142 -40.1332 0.0000 1650410557669 1021362.2500 -0.1974
-25.7705 79.5303 -40.6631 0.0000 1650410557698 1021391.2500 -0.1974
-25.5993 79.7569 -41.3492 0.0000 1650410557726 1021420.2500 -0.1974
-25.9823 80.1700 -41.3418 0.0000 1650410557756 1021448.7500 -0.1974
-25.9722 79.8883 -41.7992 0.0000 1650410557784 1021478.2500 -0.1974
-25.9411 79.9805 -42.3692 0.0000 1650410557813 1021507.2500 -0.1974
-25.7138 79.8833 -43.0909 0.0000 1650410557842 1021536.2500 -0.1974
-26.2853 80.3590 -42.7178 0.0000 1650410557871 1021565.2500 -0.1974
-25.8788 79.6803 -43.5615 0.0000 1650410557900 1021594.2500 -0.1979
-25.9474 79.6614 -44.1867 0.0000 1650410557929 1021623.2500 -0.1979
-25.7246 79.6527 -44.3801 0.0000 1650410557958 1021652.2500 -0.1979
-25.5240 79.8789 -44.6202 0.0000 1650410557987 1021680.7500 -0.1979
-25.7413 79.8760 -44.8446 0.0000 1650410558017 1021709.2500 -0.1979
-25.8502 79.8288 -44.8219 0.0000 1650410558045 1021739.0000 -0.1979
-25.6507 79.6758 -45.0815 0.0000 1650410558074 1021768.7500 -0.1979
-25.7649 79.6835 -45.2334 0.0000 1650410558103 1021796.7500 -0.1979
-25.7235 79.7719 -45.3959 0.0000 1650410558132 1021825.7500 -0.1979
-26.0204 79.6678 -45.7644 0.0000 1650410558161 1021854.7500 -0.1979
-25.5260 79.6945 -45.7382 0.0000 1650410558190 1021883.7500 -0.1977
-25.9485 80.0313 -45.7853 0.0000 1650410558219 1021912.7500 -0.1974
-25.8826 79.7914 -45.7937 0.0000 1650410558248 1021941.7500 -0.1974
-25.7569 79.9832 -45.8079 0.0000 1650410558277 1021970.7500 -0.1974
-26.0721 80.0702 -45.7720 0.0000 1650410558305 1021999.7500 -0.1974
-26.1555 80.2413 -45.3850 0.0000 1650410558335 1022028.7500 -0.1974
-26.0258 80.0102 -45.6103 0.0000 1650410558364 1022057.7500 -0.1972
-25.8662 79.8975 -45.7656 0.0000 1650410558393 1022086.7500 -0.1969
-26.1612 80.1204 -45.2156 0.0000 1650410558422 1022115.5000 -0.1969
-26.2575 80.0800 -44.8710 0.0000 1650410558451 1022144.5000 -0.1969
-25.8060 79.8739 -45.0512 0.0000 1650410558480 1022173.2500 -0.1969
-25.8631 79.7808 -45.0269 0.0000 1650410558509 1022202.0000 -0.1969
-25.6329 79.7760 -44.8436 0.0000 1650410558538 1022230.7500 -0.1969
-25.3930 79.9014 -44.1017 0.0000 1650410558567 1022260.2500 -0.1974
-25.8964 80.1972 -43.4056 0.0000 1650410558596 1022289.2500 -0.1972
-25.3934 79.9677 -43.4179 0.0000 1650410558624 1022318.2500 -0.1969
-24.6209 79.2937 -43.7336 0.0000 1650410558654 1022347.2500 -0.1969
-24.9971 79.6364 -42.9269 0.0000 1650410558682 1022376.2500 -0.1974
-24.9531 79.5715 -42.5923 0.0000 1650410558711 1022405.2500 -0.1974
-25.3618 80.0986 -41.5833 0.0000 1650410558740 1022435.7500 -0.1974
-24.7058 79.7401 -41.6820 0.0000 1650410558770 1022462.2500 -0.1974
-24.1699 79.1161 -41.6945 0.0000 1650410558799 1022492.2500 -0.1979
-25.0956 80.1436 -40.0623 0.0000 1650410558828 1022521.2500 -0.1979
-25.1293 79.9536 -39.8370 0.0000 1650410558857 1022549.5000 -0.1979
-24.7468 79.8004 -39.7664 0.0000 1650410558885 1022579.2500 -0.1979
-25.0796 79.7448 -39.1955 0.0000 1650410558915 1022608.2500 -0.1979
-25.2659 80.1163 -37.8300 0.0000 1650410558943 1022637.2500 -0.1979
-24.9736 80.0075 -37.9071 0.0000 1650410558972 1022666.2500 -0.1979
-25.2373 80.2613 -36.9176 0.0000 1650410559001 1022695.2500 -0.1979
-25.3909 80.1607 -36.1554 0.0000 1650410559030 1022724.2500 -0.1979
-25.1881 80.3068 -35.7664 0.0000 1650410559059 1022753.2500 -0.1979
-25.5378 80.2492 -35.0322 0.0000 1650410559088 1022782.0000 -0.1979
-25.4320 80.2577 -34.1975 0.0000 1650410559117 1022811.0000 -0.1979
-25.4993 80.2655 -33.7374 0.0000 1650410559146 1022840.0000 -0.1977
-25.8568 80.2952 -32.7706 0.0000 1650410559175 1022868.7500 -0.1974
-25.6257 80.4798 -32.2962 0.0000 1650410559204 1022897.7500 -0.1974
-25.8573 80.4686 -31.3552 0.0000 1650410559234 1022926.7500 -0.1974
-25.6735 80.4492 -30.8693 0.0000 1650410559262 1022955.7500 -0.1972
-25.6181 80.5542 -30.1338 0.0000 1650410559291 1022985.2500 -0.1969
-25.7929 80.3514 -29.0564 0.0000 1650410559320 1023013.7500 -0.1969
-25.5985 80.6252 -28.6711 0.0000 1650410559349 1023042.7500 -0.1974
-25.7859 80.5969 -27.5863 0.0000 1650410559378 1023071.7500 -0.1974
-25.4467 80.3431 -27.6145 0.0000 1650410559407 1023100.7500 -0.1974
-25.5904 80.6822 -26.7004 0.0000 1650410559436 1023129.7500 -0.1974
-25.7742 80.4496 -25.7381 0.0000 1650410559465 1023158.7500 -0.1979
-25.7461 80.5405 -25.2126 0.0000 1650410559494 1023187.7500 -0.1979
-25.5773 80.6863 -24.5049 0.0000 1650410559522 1023215.7500 -0.1979
-25.8925 80.6820 -23.9240 0.0000 1650410559552 1023246.7500 -0.1979
-25.6276 80.6012 -23.6927 0.0000 1650410559581 1023274.5000 -0.1979
-24.9650 80.2330 -23.2508 0.0000 1650410559610 1023304.5000 -0.1979
-25.7912 80.5521 -22.7870 0.0000 1650410559639 1023332.2500 -0.1982
-25.7849 80.4173 -22.9332 0.0000 1650410559668 1023361.2500 -0.1984
-25.6749 80.4704 -22.9382 0.0000 1650410559697 1023390.2500 -0.1984
-25.4477 80.2281 -23.5255 0.0000 1650410559726 1023419.2500 -0.1984
-25.4866 80.2963 -23.3527 0.0000 1650410559755 1023448.2500 -0.1987
-25.7145 80.2895 -23.3269 0.0000 1650410559783 1023477.2500 -0.1989
-25.5465 79.9729 -23.4316 0.0000 1650410559813 1023506.2500 -0.1985
-25.7494 80.3916 -23.2505 0.0000 1650410559841 1023535.2500 -0.1984
-25.7255 80.3727 -23.3324 0.0000 1650410559870 1023564.2500 -0.1987
-25.8753 80.4698 -23.0180 0.0000 1650410559899 1023593.2500 -0.1989
-25.5503 79.9826 -23.4241 0.0000 1650410559929 1023622.2500 -0.1987
-25.4915 80.1863 -23.3360 0.0000 1650410559958 1023651.2500 -0.1984
-25.4178 79.9905 -23.5461 0.0000 1650410559987 1023680.2500 -0.1984
-25.5382 79.9127 -23.4154 0.0000 1650410560016 1023709.2500 -0.1984
-25.5424 79.9665 -23.3673 0.0000 1650410560045 1023737.5000 -0.1984
-25.4496 80.1887 -23.3559 0.0000 1650410560074 1023768.2500 -0.1984
-25.8016 80.2215 -23.1447 0.0000 1650410560102 1023796.2500 -0.1982
-25.5858 80.2222 -23.2601 0.0000 1650410560131 1023825.2500 -0.1979
-25.4372 80.1594 -23.3233 0.0000 1650410560160 1023854.2500 -0.1982
-25.9931 80.4537 -22.6723 0.0000 1650410560189 1023883.2500 -0.1984
-25.7205 80.0753 -23.2135 0.0000 1650410560218 1023912.0000 -0.1984
-25.7146 80.3474 -23.2161 0.0000 1650410560247 1023941.0000 -0.1985
-25.5515 80.1479 -23.1707 0.0000 1650410560276 1023970.0000 -0.1984
-25.4463 80.1447 -23.2121 0.0000 1650410560305 1023999.5000 -0.1984
-25.5621 80.2458 -23.2306 0.0000 1650410560334 1024027.5000 -0.1984
-25.4552 80.1952 -23.3295 0.0000 1650410560363 1024056.7500 -0.1984
-25.5949 80.1648 -23.1821 0.0000 1650410560393 1024088.5000 -0.1987
-25.6393 80.2005 -23.1226 0.0000 1650410560421 1024114.7500 -0.1989
-25.5468 80.0774 -23.2214 0.0000 1650410560450 1024143.7500 -0.1989
-25.3588 80.2959 -23.4564 0.0000 1650410560479 1024172.7500 -0.1985
-25.5981 80.1444 -23.3204 0.0000 1650410560508 1024201.7500 -0.1984
-25.6149 80.4871 -23.0586 0.0000 1650410560537 1024230.7500 -0.1987
-25.3022 80.2901 -23.1834 0.0000 1650410560566 1024259.7500 -0.1989
-25.5082 80.1329 -23.0982 0.0000 1650410560595 1024288.7500 -0.1989
-25.5335 80.3582 -22.8407 0.0000 1650410560624 1024317.7500 -0.1989
-25.5647 80.5945 -22.7520 0.0000 1650410560653 1024346.5000 -0.1989
-25.5451 80.2578 -23.1603 0.0000 1650410560682 1024375.5000 -0.1989
-25.6734 80.5947 -22.6712 0.0000 1650410560712 1024404.2500 -0.1985
-25.3199 80.5013 -23.0128 0.0000 1650410560740 1024433.2500 -0.1984
-25.4401 80.0013 -23.2810 0.0000 1650410560769 1024462.2500 -0.1984
-25.4915 80.4890 -22.8047 0.0000 1650410560798 1024491.2500 -0.1984
-25.6840 80.1971 -22.8461 0.0000 1650410560827 1024521.5000 -0.1984
-25.7497 80.4158 -22.9787 0.0000 1650410560856 1024549.0000 -0.1984
-25.3876 80.5505 -22.7232 0.0000 1650410560885 1024578.2500 -0.1984
-25.3442 80.2825 -23.2551 0.0000 1650410560914 1024607.2500 -0.1984
-25.3305 80.2371 -23.4790 0.0000 1650410560942 1024636.2500 -0.1982
-25.5467 80.7006 -23.7468 0.0000 1650410560972 1024665.2500 -0.1979
-25.7153 80.5779 -24.2011 0.0000 1650410561000 1024694.2500 -0.1979
-25.1580 80.5494 -24.4083 0.0000 1650410561029 1024723.2500 -0.1979
-23.8206 79.2040 -26.9193 0.0000 1650410561058 1024752.0000 -0.1979
-23.9232 79.1515 -27.3250 0.0000 1650410561087 1024782.5000 -0.1979
-25.3131 80.6534 -26.3493 0.0000 1650410561116 1024810.2500 -0.1979
-24.3277 79.6042 -28.4567 0.0000 1650410561146 1024839.2500 -0.1979
-24.4495 78.8796 -29.0525 0.0000 1650410561175 1024868.2500 -0.1982
-24.7231 79.9268 -29.1881 0.0000 1650410561204 1024897.2500 -0.1984
-24.9137 79.7188 -29.8284 0.0000 1650410561233 1024926.2500 -0.1984
-24.9428 79.7415 -30.5205 0.0000 1650410561261 1024955.2500 -0.1984
-24.8236 79.9260 -31.2975 0.0000 1650410561291 1024984.2500 -0.1984
-24.9764 79.7925 -31.6957 0.0000 1650410561319 1025013.0000 -0.1984
-25.2626 80.0075 -32.7071 0.0000 1650410561348 1025042.0000 -0.1984
-24.4543 78.9316 -33.9035 0.0000 1650410561377 1025071.0000 -0.1984
-25.4335 79.8906 -33.9221 0.0000 1650410561406 1025099.7500 -0.1984
-25.3257 79.9712 -34.7430 0.0000 1650410561435 1025128.7500 -0.1984
-25.2335 79.5861 -35.3402 0.0000 1650410561464 1025157.7500 -0.1984
-25.3970 79.8483 -36.0448 0.0000 1650410561493 1025186.7500 -0.1984
-25.3497 79.8161 -36.7882 0.0000 1650410561523 1025215.7500 -0.1984
-25.5235 79.8252 -37.1235 0.0000 1650410561552 1025244.7500 -0.1984
-25.6598 79.9780 -37.8594 0.0000 1650410561580 1025273.2500 -0.1984
-25.8465 79.9106 -38.3408 0.0000 1650410561609 1025303.7500 -0.1984
-25.6798 79.8429 -39.0085 0.0000 1650410561638 1025331.7500 -0.1984
-25.7831 79.8713 -39.7253 0.0000 1650410561667 1025360.7500 -0.1982
-26.1041 80.4548 -39.5375 0.0000 1650410561696 1025389.7500 -0.1979
-25.9231 79.6565 -40.8268 0.0000 1650410561725 1025418.7500 -0.1979
-25.7959 79.6765 -41.3602 0.0000 1650410561754 1025447.5000 -0.1979
-25.7330 79.7899 -41.7565 0.0000 1650410561783 1025476.5000 -0.1977
-26.2143 80.0236 -41.5336 0.0000 1650410561812 1025505.5000 -0.1974
-25.7701 79.8542 -42.5448 0.0000 1650410561840 1025535.5000 -0.1974
-25.7268 79.9497 -43.0471 0.0000 1650410561870 1025563.0000 -0.1974
-26.2922 80.2220 -42.8336 0.0000 1650410561899 1025592.2500 -0.1977
-25.9202 79.7640 -43.4673 0.0000 1650410561928 1025621.2500 -0.1979
-25.6292 79.4542 -44.2910 0.0000 1650410561957 1025650.2500 -0.1977
-25.8037 79.8703 -44.4235 0.0000 1650410561986 1025679.2500 -0.1974
-25.4248 80.0473 -44.5191 0.0000 1650410562015 1025708.2500 -0.1974
-25.4771 79.8389 -45.0460 0.0000 1650410562044 1025737.2500 -0.1978
-25.7640 79.8303 -45.0056 0.0000 1650410562073 1025766.2500 -0.1982
-25.6953 79.5599 -45.0358 0.0000 1650410562102 1025795.2500 -0.1984
-25.7233 79.5817 -45.5396 0.0000 1650410562131 1025824.2500 -0.1984
-25.9695 79.8347 -45.1104 0.0000 1650410562159 1025853.2500 -0.1984
-25.9079 79.9178 -45.5795 0.0000 1650410562188 1025882.2500 -0.1984
-25.7581 79.8946 -45.6416 0.0000 1650410562217 1025911.2500 -0.1984
-26.0573 79.9449 -45.7473 0.0000 1650410562246 1025940.2500 -0.1984
-25.7369 79.9784 -45.7516 0.0000 1650410562275 1025969.2500 -0.1984
-26.2424 80.2055 -45.5266 0.0000 1650410562305 1025998.2500 -0.1984
-25.7434 79.7462 -45.9454 0.0000 1650410562334 1026027.2500 -0.1984
-25.8344 79.8766 -45.7765 0.0000 1650410562363 1026056.2500 -0.1984
-26.0899 80.4142 -45.2969 0.0000 1650410562392 1026085.0000 -0.1984
-26.1956 80.3291 -45.0276 0.0000 1650410562420 1026114.0000 -0.1984
-25.8399 80.0086 -45.2573 0.0000 1650410562450 1026143.0000 -0.1982
-26.3604 80.1778 -44.8751 0.0000 1650410562478 1026172.0000 -0.1979
-25.6185 79.9377 -45.0337 0.0000 1650410562507 1026201.0000 -0.1979
-25.8093 79.6266 -44.9055 0.0000 1650410562536 1026229.7500 -0.1979
-25.5017 79.7698 -44.5847 0.0000 1650410562565 1026258.7500 -0.1977
-25.3923 79.8612 -44.3112 0.0000 1650410562594 1026287.7500 -0.1974
-26.0839 80.0852 -43.4908 0.0000 1650410562623 1026316.0000 -0.1974
-25.3007 79.7464 -43.7552 0.0000 1650410562652 1026345.7500 -0.1974
-24.6816 79.3570 -43.7107 0.0000 1650410562682 1026374.7500 -0.1972
-24.8602 79.5043 -43.1391 0.0000 1650410562711 1026403.5000 -0.1969
-24.9707 79.7743 -42.2519 0.0000 1650410562739 1026432.7500 -0.1969
-25.2395 79.9568 -41.5899 0.0000 1650410562769 1026461.7500 -0.1969
-24.3566 79.1618 -42.2853 0.0000 1650410562797 1026490.7500 -0.1969
-24.0857 79.0041 -41.7936 0.0000 1650410562826 1026519.7500 -0.1969
-25.5289 79.7835 -39.9723 0.0000 1650410562855 1026548.7500 -0.1969
-25.3020 80.2636 -39.5256 0.0000 1650410562884 1026577.5000 -0.1974
-24.6600 79.7525 -39.6205 0.0000 1650410562913 1026606.5000 -0.1974
-25.2284 80.2200 -38.8306 0.0000 1650410562942 1026635.2500 -0.1974
-25.3386 80.1763 -37.9411 0.0000 1650410562971 1026664.2500 -0.1974
-24.7148 79.9885 -38.1216 0.0000 1650410562999 1026693.2500 -0.1974
-25.0896 80.0621 -36.8056 0.0000 1650410563029 1026722.2500 -0.1974
-25.5924 80.3626 -36.1866 0.0000 1650410563058 1026751.2500 -0.1978
-25.3343 80.4806 -35.6224 0.0000 1650410563087 1026780.2500 -0.1979
-25.7365 80.2081 -34.9486 0.0000 1650410563116 1026810.7500 -0.1979
-25.6642 80.5813 -34.1895 0.0000 1650410563145 1026839.0000 -0.1979
-25.7172 80.5868 -33.4832 0.0000 1650410563174 1026867.2500 -0.1979
-25.6779 80.1555 -32.6407 0.0000 1650410563203 1026896.2500 -0.1979
-25.5792 80.3635 -32.4003 0.0000 1650410563232 1026925.2500 -0.1979
-25.5595 80.3608 -31.2166 0.0000 1650410563261 1026954.2500 -0.1979
-26.1385 80.6171 -30.3853 0.0000 1650410563290 1026982.7500 -0.1976
-25.4956 80.3900 -30.2690 0.0000 1650410563318 1027012.2500 -0.1974
-25.9439 80.4160 -29.1365 0.0000 1650410563348 1027041.2500 -0.1974
-25.6074 80.6079 -28.8640 0.0000 1650410563376 1027072.5000 -0.1974
-25.7291 80.5513 -27.6526 0.0000 1650410563405 1027100.2500 -0.1974
-25.8416 80.7602 -27.0287 0.0000 1650410563434 1027128.2500 -0.1974
-25.7623 80.6328 -26.6304 0.0000 1650410563464 1027157.0000 -0.1974
-25.8096 80.5537 -25.5741 0.0000 1650410563493 1027186.2500 -0.1974
-22.3847 77.1727 -28.5257 0.0000 1650410563522 1027215.2500 -0.1974
-25.7352 80.5437 -24.6032 0.0000 1650410563551 1027244.0000 -0.1969
-26.0813 80.8808 -23.8644 0.0000 1650410563580 1027273.0000 -0.1969
-25.2894 80.2620 -23.6744 0.0000 1650410563609 1027302.0000 -0.1969
-25.6620 80.8736 -22.6935 0.0000 1650410563637 1027330.7500 -0.1969
-25.8817 80.8726 -22.7578 0.0000 1650410563666 1027359.7500 -0.1969
-25.7090 80.5768 -22.6842 0.0000 1650410563695 1027388.7500 -0.1972
-25.1687 79.9036 -23.3460 0.0000 1650410563724 1027417.7500 -0.1974
-25.6510 80.4326 -23.0604 0.0000 1650410563753 1027446.7500 -0.1974
-25.2598 79.8739 -23.5788 0.0000 1650410563782 1027475.7500 -0.1974
-25.9239 80.2753 -23.2911 0.0000 1650410563811 1027504.7500 -0.1974
-25.4779 79.9788 -23.6376 0.0000 1650410563841 1027533.7500 -0.1977
-25.6684 79.8841 -23.6072 0.0000 1650410563870 1027562.7500 -0.1979
-25.5164 79.6914 -23.8507 0.0000 1650410563898 1027593.0000 -0.1979
-25.5819 80.0027 -23.4240 0.0000 1650410563928 1027620.2500 -0.1979
-25.9819 80.1006 -23.3581 0.0000 1650410563956 1027649.7500 -0.1979
-25.8963 79.9751 -23.3198 0.0000 1650410563985 1027678.5000 -0.1979
-25.8548 80.0286 -23.3773 0.0000 1650410564014 1027707.5000 -0.1979
-25.5364 79.9036 -23.5151 0.0000 1650410564043 1027736.5000 -0.1979
-25.5520 79.9608 -23.5047 0.0000 1650410564072 1027765.2500 -0.1979
-25.8877 80.1916 -23.2766 0.0000 1650410564101 1027794.2500 -0.1979
-25.8491 80.2294 -23.0650 0.0000 1650410564130 1027823.2500 -0.1979
-25.9479 80.2194 -23.1403 0.0000 1650410564159 1027851.7500 -0.1979
-25.7738 80.1292 -23.1345 0.0000 1650410564188 1027881.2500 -0.1977
-25.4820 80.0061 -23.3267 0.0000 1650410564217 1027910.0000 -0.1974
-25.5688 79.8783 -23.4275 0.0000 1650410564246 1027940.2500 -0.1974
-25.6318 80.0181 -23.2517 0.0000 1650410564275 1027968.2500 -0.1974
-25.4437 79.9267 -23.2783 0.0000 1650410564304 1027997.2500 -0.1974
-25.5861 79.7750 -23.4723 0.0000 1650410564333 1028026.2500 -0.1974
-25.5576 80.1631 -22.8478 0.0000 1650410564362 1028055.2500 -0.1972
-25.6757 80.2022 -23.0747 0.0000 1650410564391 1028084.2500 -0.1969
-25.7414 80.1129 -22.9471 0.0000 1650410564420 1028113.2500 -0.1969
-25.8693 80.2827 -22.9285 0.0000 1650410564449 1028142.2500 -0.1969
-25.7814 80.0702 -23.0261 0.0000 1650410564477 1028171.2500 -0.1969
-25.4183 79.9355 -23.2899 0.0000 1650410564507 1028200.2500 -0.1969
-25.7970 80.1210 -23.0678 0.0000 1650410564535 1028229.2500 -0.1969
-25.7469 80.1269 -22.9418 0.0000 1650410564565 1028258.2500 -0.1969
-25.5187 80.4187 -23.1741 0.0000 1650410564594 1028287.2500 -0.1972
-25.7570 80.3038 -22.7716 0.0000 1650410564623 1028316.2500 -0.1974
-25.6113 80.2218 -23.0794 0.0000 1650410564652 514195.7500 -0.1974
-25.6960 80.1033 -22.9502 0.0000 1650410564681 74.5000 -0.1969
-25.7301 80.0937 -22.9383 0.0000 1650410564710 104.0000 -0.1969
-26.0151 80.3675 -22.7824 0.0000 1650410564739 132.7500 -0.1972
-25.5502 79.9346 -23.0675 0.0000 1650410564768 161.7500 -0.1974
-25.5710 80.0529 -23.0153 0.0000 1650410564796 190.7500 -0.1974
-25.7125 80.1726 -23.0108 0.0000 1650410564826 219.7500 -0.1974
-25.5731 80.1687 -22.9247 0.0000 1650410564854 146.7500 -0.1974
-25.6638 80.2658 -22.9131 0.0000 1650410564883 73.7500 -0.1974
-25.5881 80.0678 -23.0708 0.0000 1650410564912 102.2500 -0.1971
-25.6066 80.3349 -23.0225 0.0000 1650410564941 133.0000 -0.1969
-25.3409 80.6217 -23.1059 0.0000 1650410564970 160.7500 -0.1969
-25.5355 80.4192 -23.9286 0.0000 1650410565000 189.2500 -0.1969
-25.0528 80.0326 -24.7856 0.0000 1650410565029 218.7500 -0.1967
-25.1901 80.2562 -24.8814 0.0000 1650410565057 146.7500 -0.1965
-23.7821 79.3919 -27.2083 0.0000 1650410565087 74.5000 -0.1965
-23.9509 78.9921 -27.4327 0.0000 1650410565115 103.0000 -0.1965
-25.7776 80.8870 -26.3070 0.0000 1650410565144 132.5000 -0.1965
-24.1221 79.4265 -28.9557 0.0000 1650410565173 161.2500 -0.1965
-24.3211 79.1821 -29.1352 0.0000 1650410565202 190.2500 -0.1965
-25.0915 79.9074 -29.4663 0.0000 1650410565231 219.2500 -0.1965
-25.0190 79.9856 -29.7994 0.0000 1650410565260 147.2500 -0.1965
-24.8535 79.8839 -30.6930 0.0000 1650410565289 75.2500 -0.1965
-25.1637 80.2101 -31.2419 0.0000 1650410565318 104.2500 -0.1965
-25.1760 79.7080 -31.7346 0.0000 1650410565347 133.2500 -0.1965
-25.1408 79.8059 -32.7296 0.0000 1650410565376 162.2500 -0.1965
-25.0415 79.7846 -33.2925 0.0000 1650410565406 191.2500 -0.1965
-25.3148 79.8801 -33.8733 0.0000 1650410565434 220.0000 -0.1965
-25.2532 79.8331 -34.8901 0.0000 1650410565463 146.7500 -0.1968
-25.3214 79.7757 -35.2234 0.0000 1650410565492 74.2500 -0.1969
-25.4290 79.7174 -36.0943 0.0000 1650410565521 103.2500 -0.1969
-25.5335 79.8567 -36.7123 0.0000 1650410565550 132.2500 -0.1969
-25.7833 80.0411 -37.1404 0.0000 1650410565579 161.2500 -0.1973
-25.6938 79.9252 -37.8701 0.0000 1650410565608 190.2500 -0.1974
-25.7521 79.9519 -38.4301 0.0000 1650410565637 219.2500 -0.1974
-25.4889 79.6638 -39.1400 0.0000 1650410565666 147.2500 -0.1974
-25.3194 79.7795 -39.8442 0.0000 1650410565694 74.5000 -0.1974
-25.9147 79.9290 -39.9779 0.0000 1650410565723 104.0000 -0.1974
-25.6243 79.6073 -40.8005 0.0000 1650410565753 133.2500 -0.1974
-25.7915 79.6572 -41.2159 0.0000 1650410565782 163.0000 -0.1974
-26.0214 79.6845 -41.5331 0.0000 1650410565811 191.0000 -0.1974
-26.1863 79.8416 -42.1652 0.0000 1650410565840 220.0000 -0.1974
-25.6009 79.7110 -42.8291 0.0000 1650410565869 147.2500 -0.1972
-25.9241 79.7788 -43.2594 0.0000 1650410565898 74.7500 -0.1969
-26.2297 80.0962 -43.1300 0.0000 1650410565927 103.7500 -0.1969
-25.9027 79.7202 -43.8286 0.0000 1650410565955 132.7500 -0.1969
-26.0234 79.5059 -44.4231 0.0000 1650410565985 161.7500 -0.1969
-25.5007 79.4600 -44.4202 0.0000 1650410566013 190.7500 -0.1969
-25.6674 79.6733 -44.6309 0.0000 1650410566042 219.5000 -0.1967
-25.9981 79.6043 -44.7276 0.0000 1650410566071 147.2500 -0.1965
-25.6897 80.1403 -44.8826 0.0000 1650410566101 74.7500 -0.1965
-25.4916 79.6289 -45.4412 0.0000 1650410566129 103.7500 -0.1965
-25.6923 79.5386 -45.4046 0.0000 1650410566158 132.7500 -0.1965
-25.7641 79.7910 -45.2101 0.0000 1650410566188 161.7500 -0.1965
-25.7438 79.9197 -45.7101 0.0000 1650410566217 191.5000 -0.1965
-25.9715 79.7305 -45.7241 0.0000 1650410566246 219.2500 -0.1968
-25.8605 79.7563 -45.8162 0.0000 1650410566274 147.2500 -0.1969
-26.2974 80.3103 -45.3407 0.0000 1650410566303 75.2500 -0.1969
-26.1650 80.0851 -45.7283 0.0000 1650410566332 104.2500 -0.1969
-25.8002 79.9118 -45.8589 0.0000 1650410566362 133.2500 -0.1969
-25.9982 80.1475 -45.6422 0.0000 1650410566390 162.2500 -0.1969
-26.1873 80.2884 -45.2684 0.0000 1650410566419 191.2500 -0.1969
-25.7818 79.9447 -45.6344 0.0000 1650410566448 220.0000 -0.1969
-26.1408 79.6663 -45.3898 0.0000 1650410566477 97.5000 -0.1973
-26.0273 79.7032 -45.2942 0.0000 1650410566506 74.2500 -0.1974
-25.9437 79.8236 -45.1157 0.0000 1650410566535 103.0000 -0.1972
-25.6373 79.8035 -44.9970 0.0000 1650410566565 132.0000 -0.1969
-25.3986 79.7505 -44.6949 0.0000 1650410566593 161.2500 -0.1969
-25.4481 79.6760 -44.3568 0.0000 1650410566622 190.2500 -0.1969
-25.7577 79.9350 -43.6232 0.0000 1650410566651 219.2500 -0.1969
-25.2454 79.8115 -43.5444 0.0000 1650410566680 146.7500 -0.1969
-25.1555 79.5030 -43.3670 0.0000 1650410566709 74.2500 -0.1966
-24.9109 79.4986 -43.1095 0.0000 1650410566738 103.2500 -0.1965
-25.2195 79.7720 -42.1208 0.0000 1650410566767 132.2500 -0.1965
-24.4865 79.1671 -42.5576 0.0000 1650410566796 161.2500 -0.1965
-24.7907 79.7125 -41.6706 0.0000 1650410566825 190.2500 -0.1965
-24.6394 79.3174 -41.2557 0.0000 1650410566853 219.2500 -0.1965
-25.1726 80.1829 -40.0601 0.0000 1650410566883 146.7500 -0.1965
-24.8079 80.0212 -39.7105 0.0000 1650410566912 74.0000 -0.1965
-25.1462 80.1876 -39.2652 0.0000 1650410566941 103.0000 -0.1965
-25.5585 80.5745 -38.1843 0.0000 1650410566970 131.7500 -0.1965
-25.3524 80.1823 -37.9497 0.0000 1650410566999 163.5000 -0.1965
-24.8340 80.0960 -37.8317 0.0000 1650410567028 189.7500 -0.1965
-25.3235 80.2102 -36.7941 0.0000 1650410567057 218.7500 -0.1965
-25.3580 80.2604 -35.9105 0.0000 1650410567086 146.7500 -0.1969
-25.2239 80.4659 -35.6658 0.0000 1650410567114 74.7500 -0.1969
-25.7770 80.3086 -34.6729 0.0000 1650410567144 103.7500 -0.1969
-25.4324 80.5075 -33.9960 0.0000 1650410567172 132.7500 -0.1969
-25.3149 80.3307 -33.3696 0.0000 1650410567201 161.7500 -0.1969
-26.1204 80.6786 -32.4027 0.0000 1650410567230 192.0000 -0.1969
-25.3917 80.6929 -31.9351 0.0000 1650410567260 221.0000 -0.1969
-25.7182 80.4056 -31.1940 0.0000 1650410567288 147.2500 -0.1969
-25.6349 80.8297 -30.7608 0.0000 1650410567318 75.7500 -0.1969
-25.6220 80.8968 -29.8299 0.0000 1650410567347 103.5000 -0.1969
-26.0259 80.3221 -28.8603 0.0000 1650410567376 132.5000 -0.1966
-25.4108 80.5710 -28.4267 0.0000 1650410567405 161.2500 -0.1965
-25.4855 80.2445 -27.8005 0.0000 1650410567433 190.2500 -0.1965
-25.8211 80.4461 -27.2418 0.0000 1650410567463 219.2500 -0.1965
-25.6171 80.6910 -26.4141 0.0000 1650410567491 147.2500 -0.1965
-25.9684 80.4163 -25.3822 0.0000 1650410567520 75.2500 -0.1965
-25.6926 80.5516 -25.1625 0.0000 1650410567549 104.2500 -0.1962
-25.5713 80.6113 -24.5562 0.0000 1650410567578 133.2500 -0.1960
-25.9233 80.8207 -23.6891 0.0000 1650410567607 162.2500 -0.1960
-25.6170 80.5511 -23.3142 0.0000 1650410567636 191.2500 -0.1960
-25.7828 80.4177 -23.0436 0.0000 1650410567665 220.2500 -0.1960
-25.7553 80.8728 -22.5834 0.0000 1650410567694 147.7500 -0.1960
-25.4369 80.1539 -23.2042 0.0000 1650410567724 75.2500 -0.1957
-25.8383 80.7469 -23.1341 0.0000 1650410567752 107.0000 -0.1955
-25.6126 80.3032 -23.3791 0.0000 1650410567781 133.0000 -0.1955
-25.4884 80.0103 -23.4372 0.0000 1650410567810 162.2500 -0.1955
-25.7328 80.3747 -23.3520 0.0000 1650410567839 191.2500 -0.1955
-25.7252 80.3639 -23.3426 0.0000 1650410567868 220.2500 -0.1955
-25.6918 80.3306 -23.0215 0.0000 1650410567897 147.7500 -0.1955
-25.8372 80.4301 -23.3415 0.0000 1650410567926 75.2500 -0.1955
-25.9229 80.2032 -23.2840 0.0000 1650410567955 104.2500 -0.1955
-25.7461 79.9599 -23.4643 0.0000 1650410567984 133.2500 -0.1955
-25.5327 80.0801 -23.4936 0.0000 1650410568012 161.2500 -0.1955
-25.6101 80.0997 -23.5127 0.0000 1650410568042 191.0000 -0.1955
-25.5549 80.0508 -23.3818 0.0000 1650410568071 220.0000 -0.1955
-25.5983 80.0986 -22.9665 0.0000 1650410568100 147.0000 -0.1960
-25.4901 80.1060 -23.3049 0.0000 1650410568129 74.7500 -0.1960
-25.5047 80.1380 -23.4018 0.0000 1650410568158 103.7500 -0.1956
-25.8450 80.1938 -23.0628 0.0000 1650410568187 132.7500 -0.1955
-25.5061 79.9750 -23.0723 0.0000 1650410568216 161.7500 -0.1960
-25.6168 80.2776 -23.1728 0.0000 1650410568245 190.7500 -0.1960
-25.7859 80.2335 -23.2051 0.0000 1650410568274 219.7500 -0.1960
-25.6909 80.3726 -23.0696 0.0000 1650410568303 147.2500 -0.1960
-25.7808 80.2092 -23.1596 0.0000 1650410568331 74.7500 -0.1960
-25.6512 80.0333 -23.2817 0.0000 1650410568360 103.7500 -0.1960
-25.5104 80.0865 -23.2546 0.0000 1650410568389 132.7500 -0.1957
-25.5919 80.3058 -23.1926 0.0000 1650410568418 161.7500 -0.1955
-25.5580 79.9306 -22.9372 0.0000 1650410568447 190.5000 -0.1955
-25.6905 80.2658 -23.1330 0.0000 1650410568477 219.5000 -0.1955
-25.7881 80.1648 -23.1733 0.0000 1650410568506 248.0000 -0.1955
-25.7488 80.1219 -23.0785 0.0000 1650410568535 104.0000 -0.1955
-25.8211 80.1836 -23.0420 0.0000 1650410568564 74.2500 -0.1952
-25.5402 80.0257 -23.2494 0.0000 1650410568592 103.2500 -0.1950
-25.4799 79.9812 -23.1524 0.0000 1650410568622 132.2500 -0.1950
-25.5847 80.2556 -23.0857 0.0000 1650410568650 161.2500 -0.1950
-25.7508 80.3224 -23.1339 0.0000 1650410568679 190.2500 -0.1950
-25.7814 80.3862 -22.9323 0.0000 1650410568708 219.2500 -0.1950
-25.6674 80.3401 -22.9385 0.0000 1650410568737 146.7500 -0.1950
-25.5784 80.1471 -23.0851 0.0000 1650410568766 77.0000 -0.1955
-25.6968 80.2622 -22.8626 0.0000 1650410568795 104.2500 -0.1952
-25.6455 80.2989 -23.0563 0.0000 1650410568824 132.2500 -0.1950
-25.6695 80.4206 -23.0273 0.0000 1650410568853 162.2500 -0.1950
-25.3910 80.1082 -23.0596 0.0000 1650410568883 190.2500 -0.1955
-25.7449 80.1047 -22.9688 0.0000 1650410568911 219.2500 -0.1955
-25.5096 80.0157 -23.0332 0.0000 1650410568941 147.2500 -0.1958
-25.4955 80.4364 -23.1073 0.0000 1650410568969 75.2500 -0.1960
-25.4254 80.3271 -23.2797 0.0000 1650410568998 104.2500 -0.1960
-24.9731 80.2147 -24.2878 0.0000 1650410569027 133.2500 -0.1960
-24.0487 79.1182 -25.6990 0.0000 1650410569056 162.2500 -0.1960
-25.3338 80.6259 -24.8219 0.0000 1650410569085 191.2500 -0.1960
-23.9460 79.3236 -27.0904 0.0000 1650410569114 220.0000 -0.1960
-24.1019 79.0577 -27.4549 0.0000 1650410569143 147.7500 -0.1960
-23.8984 79.2910 -28.2751 0.0000 1650410569172 75.0000 -0.1957
-24.0942 79.2168 -28.6936 0.0000 1650410569201 104.0000 -0.1955
-24.2228 79.0853 -29.1863 0.0000 1650410569230 132.7500 -0.1955
-24.6809 79.8208 -29.6317 0.0000 1650410569259 161.7500 -0.1955
-24.7410 79.6662 -30.2214 0.0000 1650410569288 192.0000 -0.1955
-24.9045 79.9642 -30.6684 0.0000 1650410569317 221.0000 -0.1955
-24.9027 79.7759 -31.4572 0.0000 1650410569346 147.2500 -0.1952
-24.8675 79.5732 -32.1576 0.0000 1650410569375 74.7500 -0.1950
-25.1687 80.1554 -32.8245 0.0000 1650410569404 103.7500 -0.1950
-25.0082 79.7131 -33.3316 0.0000 1650410569433 132.7500 -0.1950
-25.4001 79.8091 -34.2099 0.0000 1650410569462 161.7500 -0.1947
-24.3869 79.0493 -35.7287 0.0000 1650410569490 190.7500 -0.1945
-25.4471 79.7999 -35.5730 0.0000 1650410569520 219.7500 -0.1945
-25.3110 79.7555 -36.2307 0.0000 1650410569548 148.5000 -0.1945
-25.6780 79.9400 -36.5940 0.0000 1650410569577 75.5000 -0.1947
-25.6472 79.8143 -37.1201 0.0000 1650410569606 104.5000 -0.1950
-25.6256 79.9437 -37.8342 0.0000 1650410569636 133.0000 -0.1950
-26.1018 80.1167 -37.9801 0.0000 1650410569665 162.2500 -0.1950
-25.9293 80.1076 -38.7298 0.0000 1650410569694 191.2500 -0.1950
-25.4207 79.8970 -39.8887 0.0000 1650410569723 220.2500 -0.1950
-25.6440 79.7141 -40.2690 0.0000 1650410569752 147.2500 -0.1950
-25.7064 79.4372 -40.6746 0.0000 1650410569781 74.2500 -0.1954
-25.8632 79.6347 -41.4710 0.0000 1650410569809 103.2500 -0.1955
-25.8659 80.0756 -41.6597 0.0000 1650410569838 132.2500 -0.1952
-26.3755 80.1990 -41.8060 0.0000 1650410569867 161.2500 -0.1950
-25.7229 79.8371 -42.7389 0.0000 1650410569896 190.2500 -0.1954
-25.9569 80.0633 -43.0336 0.0000 1650410569925 219.2500 -0.1955
-26.0741 79.9121 -43.2025 0.0000 1650410569954 146.7500 -0.1955
-25.7317 79.7024 -43.7449 0.0000 1650410569983 74.2500 -0.1955
-25.9307 79.5715 -44.3277 0.0000 1650410570012 103.2500 -0.1955
-25.5907 79.8089 -44.5440 0.0000 1650410570042 132.2500 -0.1955
-25.7293 79.6586 -44.9275 0.0000 1650410570070 161.0000 -0.1952
-25.8267 79.6462 -45.0385 0.0000 1650410570100 190.2500 -0.1950
-26.0374 80.0763 -44.7815 0.0000 1650410570128 219.2500 -0.1950
-25.8500 79.8027 -45.0001 0.0000 1650410570157 147.2500 -0.1950
-25.6211 79.8894 -45.2960 0.0000 1650410570186 75.2500 -0.1950
-25.6831 79.5454 -45.4155 0.0000 1650410570215 104.2500 -0.1950
-25.6353 79.6116 -45.7110 0.0000 1650410570244 133.0000 -0.1950
-26.2446 80.2699 -45.2422 0.0000 1650410570273 162.0000 -0.1950
-26.3417 80.2358 -45.3146 0.0000 1650410570302 190.7500 -0.1950
-26.3276 80.1529 -45.3881 0.0000 1650410570331 221.0000 -0.1950
-26.2834 80.3819 -45.3309 0.0000 1650410570360 147.2500 -0.1950
-26.3262 80.2865 -45.3691 0.0000 1650410570389 74.2500 -0.1950
-26.2896 80.2603 -45.4168 0.0000 1650410570418 103.7500 -0.1950
-26.1760 80.2625 -45.5533 0.0000 1650410570447 132.7500 -0.1950
-26.1880 80.3542 -45.0916 0.0000 1650410570476 161.7500 -0.1950
-26.5756 80.0205 -44.9701 0.0000 1650410570505 190.7500 -0.1950
-25.9693 79.7686 -44.9974 0.0000 1650410570534 219.7500 -0.1950
-25.8158 79.8132 -44.9515 0.0000 1650410570563 147.2500 -0.1950
-25.7025 79.6711 -45.1030 0.0000 1650410570592 74.7500 -0.1950
-25.5664 79.8244 -44.7835 0.0000 1650410570621 103.7500 -0.1952
-25.8550 80.3420 -43.7321 0.0000 1650410570649 132.7500 -0.1955
-25.5733 79.9285 -43.5526 0.0000 1650410570679 161.5000 -0.1955
-24.7497 79.3671 -43.9648 0.0000 1650410570707 190.5000 -0.1955
-25.1724 79.6153 -43.4566 0.0000 1650410570736 219.2500 -0.1955
-24.9828 79.4212 -43.0484 0.0000 1650410570765 146.7500 -0.1955
-25.5877 80.1956 -41.6214 0.0000 1650410570795 74.2500 -0.1955
-25.2707 80.0369 -41.6045 0.0000 1650410570824 103.0000 -0.1955
-24.2640 79.0576 -42.2792 0.0000 1650410570853 132.0000 -0.1955
-25.1611 79.9316 -40.9301 0.0000 1650410570882 161.2500 -0.1955
-25.0875 79.8545 -39.9073 0.0000 1650410570911 190.2500 -0.1955
-24.9164 79.8803 -39.9062 0.0000 1650410570940 219.2500 -0.1955
-24.8674 79.7182 -39.5748 0.0000 1650410570968 146.7500 -0.1952
-25.5893 80.1369 -38.5537 0.0000 1650410570998 74.2500 -0.1950
-25.4568 80.0043 -38.4212 0.0000 1650410571005 81.5000 -0.1950
