-24.2254 79.3605 -39.7369 47.3797 1650410875377 300039.5000 -0.2009
-24.1328 79.4900 -39.7066 31.7871 1650410875406 300068.5000 -0.2009
-24.3284 79.5193 -39.5091 39.0054 1650410875435 300097.5000 -0.2005
-24.1792 79.4844 -39.7147 45.6081 1650410875463 300126.5000 -0.2004
-24.2667 79.3340 -39.6325 30.7168 1650410875493 300155.2500 -0.2004
-24.1688 79.4543 -39.6650 34.8289 1650410875521 300185.5000 -0.2004
-24.4295 79.7838 -39.2828 40.8146 1650410875551 300213.5000 -0.2004
-24.1445 79.3914 -39.6387 33.8518 1650410875580 300242.5000 -0.2004
-24.0355 79.3277 -39.7313 36.5738 1650410875609 300271.5000 -0.2004
-24.1878 79.4106 -39.6866 33.3636 1650410875638 300300.5000 -0.2004
-24.0432 79.2848 -39.7602 32.8597 1650410875667 300329.5000 -0.2004
-24.2233 79.3066 -39.6946 29.3039 1650410875696 300358.5000 -0.2004
-24.2843 79.4474 -39.5257 30.2581 1650410875724 300387.5000 -0.2004
-24.1863 79.2358 -39.7397 32.7580 1650410875754 300416.2500 -0.2004
-24.1602 79.2543 -39.7691 29.0994 1650410875782 300445.0000 -0.2004
-24.3459 79.4971 -39.6545 32.2581 1650410875811 300474.5000 -0.2009
-24.2129 79.2649 -39.7425 30.5393 1650410875840 300503.2500 -0.2012
-24.1433 79.2826 -39.7717 33.5539 1650410875869 300532.2500 -0.2013
-24.2036 79.3037 -39.7223 27.4915 1650410875898 300561.2500 -0.2013
-23.9682 79.6000 -39.5554 36.8275 1650410875927 300590.2500 -0.2013
-24.1949 79.3986 -39.6918 33.7153 1650410875957 300619.2500 -0.2013
-24.3616 79.5033 -39.5713 29.0626 1650410875986 300648.0000 -0.2013
-24.2116 79.4908 -39.6236 35.7457 1650410876015 300677.0000 -0.2013
-24.1281 79.4492 -39.6602 43.3382 1650410876043 300706.0000 -0.2013
-24.1765 79.4276 -39.7138 37.9377 1650410876073 300735.0000 -0.2013
-24.2435 79.5369 -39.6081 39.5986 1650410876101 300764.0000 -0.2013
-23.9085 79.6951 -39.8853 32.4289 1650410876130 300793.0000 -0.2013
-24.1173 79.4800 -39.6831 34.1191 1650410876159 300822.0000 -0.2013
-24.1652 79.5426 -39.6935 26.4355 1650410876188 300851.0000 -0.2013
-24.3104 79.6951 -39.5150 36.2010 1650410876217 300880.0000 -0.2010
-24.3153 79.5666 -39.5522 36.5547 1650410876246 300909.0000 -0.2009
-24.4035 80.1029 -39.4111 26.7734 1650410876276 300939.2500 -0.2009
-24.3401 79.6159 -39.4303 32.2419 1650410876304 300966.5000 -0.2009
-24.3166 79.7128 -39.4240 37.3348 1650410876334 300995.7500 -0.2009
-24.4175 79.5767 -39.3283 36.5265 1650410876362 301024.7500 -0.2009
-24.1864 79.4480 -39.6183 30.5217 1650410876391 301053.5000 -0.2005
-24.2602 79.3016 -39.5963 23.6774 1650410876420 301082.5000 -0.2004
-24.2957 79.3653 -39.6280 35.8752 1650410876449 301111.5000 -0.2004
-24.3957 79.5233 -39.4175 31.5097 1650410876478 301140.5000 -0.2004
-24.1186 79.4498 -39.7070 27.3970 1650410876507 301171.2500 -0.2004
-24.1985 79.2880 -39.7152 29.5210 1650410876536 301199.5000 -0.2004
-24.2751 79.3228 -39.6664 30.2035 1650410876565 301227.5000 -0.2004
-24.2712 79.3484 -39.5997 30.4040 1650410876594 301258.0000 -0.2009
-24.2892 79.3704 -39.6029 25.6401 1650410876622 301285.0000 -0.2009
-24.1647 79.3221 -39.7238 29.2560 1650410876652 301314.5000 -0.2009
-24.1833 79.2767 -39.7790 28.9522 1650410876680 301343.5000 -0.2009
-24.1978 79.2967 -39.6704 30.6083 1650410876710 301372.5000 -0.2009
-24.2413 79.4071 -39.7172 31.3927 1650410876739 301401.5000 -0.2009
-24.1948 79.4161 -39.7165 34.8383 1650410876768 301430.5000 -0.2009
-24.2024 79.2795 -39.8288 25.0751 1650410876797 301459.5000 -0.2009
-24.1982 79.4375 -39.7428 26.5909 1650410876826 301488.5000 -0.2009
-24.2097 79.3804 -39.8588 32.3522 1650410876855 301517.5000 -0.2009
-24.2358 79.4374 -39.7562 37.5673 1650410876884 301546.5000 -0.2009
-24.1841 79.3614 -39.6706 26.1376 1650410876913 301575.5000 -0.2009
-24.1617 79.3964 -39.7453 34.6748 1650410876941 301604.5000 -0.2009
-24.1613 79.4331 -39.7049 29.1870 1650410876970 301633.5000 -0.2009
-24.1705 79.3504 -39.7310 30.1691 1650410876999 301662.2500 -0.2009
-24.2557 79.4462 -39.6928 38.3172 1650410877028 301692.7500 -0.2009
-24.1399 79.5664 -39.7878 35.9508 1650410877057 301719.5000 -0.2009
-24.2404 79.5187 -39.6054 28.8219 1650410877086 301749.0000 -0.2009
-24.6557 80.2032 -38.9942 33.0292 1650410877116 301778.0000 -0.2005
-24.4483 79.0213 -38.5189 28.5214 1650410877145 301807.0000 -0.2004
-24.6201 79.5225 -37.5576 38.7901 1650410877174 301836.0000 -0.2004
-24.1514 79.0322 -37.0957 43.8117 1650410877202 301865.0000 -0.2004
-23.5121 79.9839 -36.9273 26.3043 1650410877232 301894.0000 -0.2004
-23.7481 79.7327 -35.9697 30.4777 1650410877260 301923.0000 -0.2004
-23.6035 79.9141 -35.5679 24.2028 1650410877289 301953.0000 -0.2004
-24.0383 79.8442 -35.0437 22.7564 1650410877318 301980.5000 -0.2004
-24.0105 80.4200 -34.7526 20.4419 1650410877347 302010.0000 -0.2004
-23.7267 80.4222 -34.6365 20.3711 1650410877376 302038.5000 -0.2004
-23.6551 80.1429 -35.0221 25.9812 1650410877405 302067.7500 -0.2004
-23.7367 80.0935 -34.9687 22.8964 1650410877434 302096.7500 -0.2004
-22.5751 80.5625 -36.8838 18.5830 1650410877463 302125.7500 -0.2004
-23.7600 79.9128 -36.1752 22.8195 1650410877492 302154.7500 -0.2009
-23.8070 80.0288 -36.1734 23.9003 1650410877521 302183.5000 -0.2009
-23.6661 80.2888 -37.6696 18.8057 1650410877551 302212.5000 -0.2009
-24.1192 79.7632 -38.2555 31.4981 1650410877579 302241.5000 -0.2009
-23.6916 80.0659 -39.5293 22.6796 1650410877608 302270.5000 -0.2009
-24.0633 79.6377 -40.4918 27.0593 1650410877637 302299.5000 -0.2009
-23.8091 80.6541 -41.0969 20.3442 1650410877666 302328.5000 -0.2012
-24.1788 80.5388 -41.8688 22.1431 1650410877695 302357.5000 -0.2013
-24.1265 80.4939 -43.3453 20.6999 1650410877724 302386.5000 -0.2013
-24.2102 79.8824 -43.6844 24.1167 1650410877753 302415.5000 -0.2013
-24.1931 79.7361 -43.9133 15.8816 1650410877782 302444.5000 -0.2010
-23.7496 80.4934 -44.6922 19.4245 1650410877811 302473.5000 -0.2009
-23.7843 80.1574 -44.3934 18.3073 1650410877839 302501.7500 -0.2007
-24.2038 80.0243 -44.6273 19.3519 1650410877869 302531.5000 -0.2009
-24.4075 79.7353 -44.8202 13.1805 1650410877898 302560.5000 -0.2009
-24.2368 79.8985 -44.5211 13.2293 1650410877927 302589.5000 -0.2009
-24.0682 79.3652 -44.5873 13.2811 1650410877956 302618.5000 -0.2005
-20.5067 75.9263 -47.4058 22.2665 1650410877985 302647.5000 -0.2004
-21.7986 77.0482 -45.5221 14.1390 1650410878014 302676.5000 -0.2004
-23.9132 79.3030 -42.6227 19.3109 1650410878043 302707.0000 -0.2004
-24.4493 80.1024 -41.2394 17.2063 1650410878072 302735.2500 -0.2000
-24.2335 79.6578 -40.7026 24.8160 1650410878100 302763.2500 -0.1999
-23.9092 79.6964 -40.2934 18.8264 1650410878130 302792.2500 -0.2002
-23.9817 79.7052 -39.1873 19.3326 1650410878158 302822.2500 -0.2004
-23.7850 79.8008 -38.3434 15.9592 1650410878187 302850.2500 -0.2004
-24.1771 80.1131 -37.1696 19.5373 1650410878216 302879.0000 -0.2004
-23.6234 79.9122 -36.5292 19.1414 1650410878245 302908.0000 -0.2004
-23.7840 79.5610 -36.2475 23.3574 1650410878274 302937.0000 -0.2004
-23.5779 80.0351 -35.8614 17.5449 1650410878304 302966.0000 -0.2005
-23.3740 79.7064 -35.0145 20.4368 1650410878333 302995.0000 -0.2009
-23.9681 79.9907 -34.6607 14.6295 1650410878362 303024.0000 -0.2009
-23.9279 79.9180 -34.5293 16.5039 1650410878391 303053.0000 -0.2013
-23.4931 80.0044 -34.9004 17.6049 1650410878419 303082.0000 -0.2013
-22.7067 80.6238 -36.2871 14.9389 1650410878448 303111.0000 -0.2013
-23.4326 80.1129 -36.5777 16.2102 1650410878477 303140.0000 -0.2013
-23.4565 80.4494 -36.9016 18.8041 1650410878506 303169.0000 -0.2013
-24.3212 80.0098 -36.2148 18.3925 1650410878535 303197.7500 -0.2013
-23.7069 80.0985 -38.4868 16.8620 1650410878564 303226.7500 -0.2010
-23.9695 79.8384 -38.2295 20.4105 1650410878593 303254.7500 -0.2009
-23.9211 80.3705 -39.8891 20.5210 1650410878622 303284.5000 -0.2013
-23.9174 79.7457 -40.1096 26.8291 1650410878651 303313.5000 -0.2013
-23.9503 80.5190 -41.5130 18.6231 1650410878680 303342.5000 -0.2010
-23.9750 79.9253 -42.1553 14.7547 1650410878710 303371.5000 -0.2009
-23.9998 80.4353 -43.3999 18.7339 1650410878738 303400.5000 -0.2012
-23.6259 79.7762 -43.7244 14.0018 1650410878767 303429.5000 -0.2013
-23.8051 79.6101 -44.4911 14.8481 1650410878796 303458.5000 -0.2010
-23.9831 80.2709 -44.8075 23.1351 1650410878825 303487.2500 -0.2009
-24.1257 80.0803 -44.7009 13.3470 1650410878854 303516.0000 -0.2005
-24.1419 80.0355 -44.5200 23.9633 1650410878883 303545.5000 -0.2004
-21.2536 76.9040 -47.8425 13.5353 1650410878912 303575.7500 -0.2004
-24.2879 79.6625 -44.5738 16.5167 1650410878941 303603.5000 -0.2004
-24.0320 79.6601 -44.3677 14.9114 1650410878970 303632.5000 -0.2004
-19.2010 74.6276 -48.6831 14.6546 1650410878998 303661.5000 -0.2004
-24.1338 79.4400 -42.7559 16.5572 1650410879027 303690.5000 -0.2004
-23.9257 79.9008 -42.5806 19.0761 1650410879057 303719.5000 -0.2004
-23.9484 80.0242 -40.9616 21.8378 1650410879086 303748.5000 -0.2004
-24.1355 79.5017 -40.5992 19.6161 1650410879114 303777.5000 -0.2004
-23.8631 79.8588 -39.3094 19.3848 1650410879144 303806.5000 -0.2007
-23.2596 79.6528 -38.9900 15.8338 1650410879173 303835.5000 -0.2009
-24.0293 79.8502 -37.5607 24.7240 1650410879202 303864.5000 -0.2009
-23.9597 80.3360 -37.3712 19.7357 1650410879231 303893.2500 -0.2009
-23.4521 79.5883 -36.4280 16.9666 1650410879259 303922.2500 -0.2009
-23.7297 79.9661 -35.5642 24.2417 1650410879289 303951.2500 -0.2009
-22.9894 80.8602 -36.3353 18.2532 1650410879317 303980.0000 -0.2010
-23.4800 79.2772 -34.8206 17.8525 1650410879346 304010.2500 -0.2013
-23.4909 79.9288 -34.4254 18.6183 1650410879375 304039.2500 -0.2013
-23.5880 79.9536 -34.8421 18.6428 1650410879404 304066.5000 -0.2013
-23.7074 80.1899 -34.4909 18.3875 1650410879433 304096.0000 -0.2013
-22.9585 80.9724 -36.1320 15.7342 1650410879463 304125.0000 -0.2017
-23.4266 80.8416 -36.4277 13.8850 1650410879492 304154.0000 -0.2018
-24.1072 80.0916 -36.4268 19.8589 1650410879521 304183.0000 -0.2015
-24.8616 81.0547 -36.0601 18.2739 1650410879550 304212.0000 -0.2013
-24.2616 80.4121 -38.0440 19.1859 1650410879578 304241.0000 -0.2013
-23.8356 80.0892 -38.5627 15.0420 1650410879608 304274.0000 -0.2013
-24.2964 79.9661 -39.8447 22.6835 1650410879636 304298.5000 -0.2013
-24.2392 79.5854 -40.2640 16.6112 1650410879665 304327.7500 -0.2013
-24.2901 79.9049 -42.0165 22.8616 1650410879694 304356.0000 -0.2010
-24.1478 80.5345 -42.2379 15.2122 1650410879723 304385.7500 -0.2009
-24.0677 80.2579 -42.9865 21.4038 1650410879752 304414.5000 -0.2011
-24.1929 80.0350 -43.7044 12.5086 1650410879781 304443.5000 -0.2009
-23.8890 80.3425 -44.2685 17.1907 1650410879810 304472.5000 -0.2009
-23.9340 80.0977 -44.6765 16.8017 1650410879839 304501.5000 -0.2009
-23.8065 79.6922 -44.8833 22.7227 1650410879869 304530.5000 -0.2009
-24.0976 80.0540 -44.7313 14.5586 1650410879897 304559.5000 -0.2009
-16.8054 72.4724 -52.2721 19.5954 1650410879926 304588.5000 -0.2009
-24.2980 79.6515 -44.5100 15.6111 1650410879955 304617.5000 -0.2009
-16.3273 72.0275 -51.9161 14.1656 1650410879984 304646.5000 -0.2010
-15.2601 69.8875 -52.7039 15.1642 1650410880013 304675.5000 -0.2013
-24.0943 79.2412 -42.8880 14.9460 1650410880042 304704.5000 -0.2013
-24.0719 79.6116 -42.0475 16.6630 1650410880071 304733.5000 -0.2013
-23.7214 79.6175 -40.9801 19.9786 1650410880100 304762.5000 -0.2013
-23.6398 79.3380 -40.6153 18.7705 1650410880129 304794.2500 -0.2013
-23.6984 79.6895 -38.8428 16.2211 1650410880157 304820.0000 -0.2013
-23.8626 79.3428 -38.1955 15.4286 1650410880187 304849.5000 -0.2013
-23.4468 79.5641 -37.6237 21.4562 1650410880217 304878.5000 -0.2013
-23.3685 79.5455 -36.6596 18.1800 1650410880245 304907.5000 -0.2018
-23.3740 79.3928 -35.7668 23.4515 1650410880274 304936.5000 -0.2018
-23.8485 79.8607 -35.3041 19.3051 1650410880303 304965.5000 -0.2015
-23.8061 79.8249 -34.9310 15.0329 1650410880332 304994.0000 -0.2013
-23.8117 80.0371 -34.4212 18.9639 1650410880361 305023.0000 -0.2013
-23.5116 80.0320 -34.7417 21.0614 1650410880390 305052.0000 -0.2013
-23.2456 79.8692 -34.5589 17.1158 1650410880419 305081.2500 -0.2013
-23.7819 80.3173 -34.6520 20.2231 1650410880448 305111.5000 -0.2013
-22.8283 80.6575 -36.1715 12.6989 1650410880476 305138.7500 -0.2010
-24.1307 80.0262 -35.6553 16.0423 1650410880505 305168.0000 -0.2009
-24.3287 79.8637 -36.1411 19.1628 1650410880534 305197.0000 -0.2005
-23.8953 80.2060 -37.6239 16.0105 1650410880563 305226.0000 -0.2004
-24.1648 79.8744 -38.1692 21.5188 1650410880592 305255.0000 -0.2004
-23.6628 80.0425 -39.5963 19.5373 1650410880622 305284.0000 -0.2004
-23.7771 80.3176 -39.9409 19.6204 1650410880651 305313.0000 -0.2004
-23.8234 80.8641 -40.8691 18.3472 1650410880680 305342.0000 -0.2004
-24.1423 80.1453 -41.5523 18.8416 1650410880709 305371.0000 -0.2004
-23.9411 80.5399 -42.6988 13.5853 1650410880737 305400.0000 -0.2004
-24.4491 79.9013 -43.7622 19.4864 1650410880767 305428.7500 -0.2005
-24.3621 80.2121 -43.8173 16.1319 1650410880795 305457.7500 -0.2004
-24.0776 80.1333 -44.5012 17.2487 1650410880824 305486.7500 -0.2004
-14.0309 69.7739 -55.3505 12.6584 1650410880853 305515.5000 -0.2004
-25.1050 80.8752 -43.9241 16.2607 1650410880882 305544.2500 -0.2004
-24.2727 80.0063 -44.9096 12.6666 1650410880911 305574.5000 -0.2009
-24.1436 79.6128 -44.7071 14.6507 1650410880940 305602.5000 -0.2005
-24.2186 79.6350 -44.4537 18.1281 1650410880969 305631.5000 -0.2007
-24.2793 79.7444 -43.8361 17.3515 1650410880998 305660.5000 -0.2009
-24.2644 79.1918 -43.3321 14.0365 1650410881028 305689.5000 -0.2009
-24.0363 79.1594 -42.6187 11.9233 1650410881056 305718.5000 -0.2009
-24.2287 79.5543 -41.4719 13.9891 1650410881085 305747.5000 -0.2009
-23.9255 79.4113 -40.5082 21.4574 1650410881114 305776.5000 -0.2009
-23.7630 79.3865 -39.9171 15.2459 1650410881143 305805.2500 -0.2009
-23.7436 79.3304 -38.6219 24.7377 1650410881172 305834.0000 -0.2009
-23.6312 79.5175 -37.9863 18.9641 1650410881201 305863.5000 -0.2009
-23.8841 80.2924 -37.0111 21.3644 1650410881230 305892.2500 -0.2009
-23.9973 80.0310 -37.2003 15.9804 1650410881259 305921.0000 -0.2005
-23.7114 79.9453 -35.5016 21.9716 1650410881288 305950.5000 -0.2004
-23.4289 80.0048 -35.4786 15.8424 1650410881316 305979.5000 -0.2004
-23.1154 80.0649 -35.1061 16.2111 1650410881346 306008.5000 -0.2004
-23.4024 79.9823 -35.2532 16.1381 1650410881374 306037.5000 -0.2000
-23.8099 79.7907 -34.3420 18.7252 1650410881403 306066.5000 -0.1999
-23.8038 80.0355 -34.4865 17.8168 1650410881433 306095.5000 -0.1999
-23.9942 80.1379 -34.7535 15.3488 1650410881462 306124.2500 -0.1999
-23.2720 81.0648 -36.0198 19.0541 1650410881491 306153.2500 -0.1999
-23.8866 80.1686 -36.1285 15.5295 1650410881520 306182.2500 -0.1999
-24.0429 79.8701 -36.1672 18.1445 1650410881549 306211.0000 -0.1999
-23.8526 80.6737 -38.0457 16.1544 1650410881578 306240.0000 -0.1999
-23.9593 80.3079 -38.1110 19.8228 1650410881607 306269.0000 -0.1999
-23.9777 80.7390 -39.4931 18.0149 1650410881635 306298.0000 -0.1999
-23.7458 80.1850 -40.2565 19.1620 1650410881665 306328.2500 -0.1999
-23.2039 80.0981 -42.0343 14.6581 1650410881693 306355.7500 -0.2004
-23.9792 79.8114 -42.0664 24.9641 1650410881722 306385.0000 -0.2004
-24.0853 80.4491 -43.1780 19.3520 1650410881751 306414.0000 -0.2004
-24.2083 80.0956 -43.5479 15.8750 1650410881781 306443.0000 -0.2004
-24.2519 80.2084 -44.2264 16.6862 1650410881810 306472.0000 -0.2004
-24.1538 80.2827 -44.7648 16.1146 1650410881839 306501.0000 -0.2004
-23.8641 80.1632 -45.0446 14.3411 1650410881868 306529.7500 -0.2004
-24.0430 79.9290 -45.0610 14.4619 1650410881897 306558.7500 -0.2004
-24.2482 80.0552 -44.7057 17.0761 1650410881926 306587.2500 -0.2009
-24.3138 79.8139 -44.5224 17.3686 1650410881954 306616.7500 -0.2009
-21.6603 77.1242 -47.1653 12.8208 1650410881983 306645.5000 -0.2009
-24.4338 79.6230 -43.6975 14.3969 1650410882012 306674.2500 -0.2009
-24.6781 79.4576 -42.8389 16.2541 1650410882041 306703.5000 -0.2004
-24.6337 78.9194 -41.8827 19.0926 1650410882070 306732.5000 -0.2004
-24.0764 79.6005 -40.7083 14.8460 1650410882099 306761.5000 -0.2004
-23.8987 79.1159 -40.3080 21.6330 1650410882128 306790.5000 -0.2004
-23.5816 79.4116 -39.2786 21.0931 1650410882157 306820.7500 -0.2004
-23.3637 79.6391 -38.7908 20.3833 1650410882187 306848.5000 -0.2004
-23.6989 79.9976 -37.3723 23.0182 1650410882215 306877.5000 -0.2000
-23.8314 79.7562 -36.6525 15.1557 1650410882245 306906.5000 -0.1999
-23.6971 79.8059 -36.2043 17.0608 1650410882273 306935.5000 -0.1999
-23.2624 79.6968 -35.5905 25.8420 1650410882302 306964.5000 -0.1999
-22.7940 80.4009 -35.6507 11.9581 1650410882331 306993.5000 -0.1999
-23.5790 79.9159 -35.0160 18.2275 1650410882360 307022.5000 -0.1999
-23.3670 79.8213 -34.5801 16.5321 1650410882389 307051.5000 -0.1999
-23.7276 79.8153 -34.8769 18.8519 1650410882418 307080.5000 -0.1999
-23.0811 80.5162 -35.0726 15.6758 1650410882447 307108.5000 -0.1999
-23.0062 80.5744 -35.9099 12.0848 1650410882476 307138.5000 -0.1999
-24.3089 80.0198 -35.6633 13.8886 1650410882505 307167.5000 -0.1999
-24.3928 79.8568 -36.0164 16.3297 1650410882533 307196.5000 -0.1999
-24.4266 79.8584 -36.1802 15.7297 1650410882563 307225.2500 -0.1999
-24.4428 80.6748 -37.8592 18.5035 1650410882592 307254.2500 -0.2004
-24.0363 80.2508 -38.4211 14.6914 1650410882621 307283.2500 -0.2004
-23.9655 79.9815 -40.3973 18.0697 1650410882650 307312.2500 -0.2004
-24.1723 80.0667 -40.5566 17.7898 1650410882679 307340.5000 -0.2004
-24.1829 80.0758 -42.1481 17.0789 1650410882708 307371.2500 -0.2004
-24.3349 80.2187 -42.1809 14.8100 1650410882737 307399.0000 -0.2004
-24.1644 80.4209 -43.2135 19.0575 1650410882766 307427.5000 -0.2004
-23.9386 79.9074 -43.8130 18.7808 1650410882794 307457.0000 -0.2004
-24.7790 79.8930 -44.1096 19.0079 1650410882824 307486.0000 -0.2004
-23.8083 80.4437 -44.7583 18.2100 1650410882852 307515.0000 -0.2004
-23.8976 79.8741 -45.0058 15.2337 1650410882881 307544.0000 -0.2004
-25.1834 80.7565 -44.3279 21.0228 1650410882910 307573.0000 -0.2004
-24.4081 80.3268 -44.5508 17.2006 1650410882940 307602.0000 -0.2004
-24.3531 79.7861 -44.6308 14.7127 1650410882969 307631.0000 -0.2004
-23.9948 79.7397 -44.2214 13.4175 1650410882998 307659.7500 -0.2000
-24.5380 79.0788 -43.4455 13.1697 1650410883027 307688.7500 -0.1999
-24.2161 79.0374 -42.7532 12.5711 1650410883056 307717.7500 -0.1999
-23.6597 80.0404 -42.6076 12.5683 1650410883085 307746.5000 -0.1999
-23.5603 79.3922 -40.8742 18.9744 1650410883113 307775.5000 -0.1999
-22.8755 80.1179 -40.9739 18.6353 1650410883142 307804.5000 -0.1999
-23.7073 79.5392 -39.0039 19.5988 1650410883171 307833.5000 -0.1999
-23.6383 79.1364 -38.3459 14.7959 1650410883200 307862.2500 -0.1999
-23.5463 79.6434 -37.5138 17.6619 1650410883229 307891.0000 -0.1999
-23.6269 79.7745 -37.1122 18.1983 1650410883258 307920.5000 -0.1999
-23.5939 79.8332 -35.6689 26.3132 1650410883287 307949.5000 -0.1998
-23.8358 79.9300 -35.4612 18.0049 1650410883316 307978.5000 -0.1994
-23.0911 80.8867 -36.3405 17.3844 1650410883346 308007.5000 -0.1994
-24.1557 80.4306 -35.1021 18.3209 1650410883374 308036.5000 -0.1999
-23.5640 79.8584 -34.6899 16.6773 1650410883404 308065.5000 -0.2000
-23.6023 80.7258 -34.8880 14.0397 1650410883432 308094.5000 -0.2004
-24.2610 80.4251 -34.2570 13.9745 1650410883461 308122.5000 -0.2004
-23.1350 80.8088 -35.9040 13.0787 1650410883490 308152.5000 -0.2004
-23.5179 80.2077 -36.2383 14.3842 1650410883519 308181.5000 -0.2004
-23.9057 79.8330 -36.7169 14.6496 1650410883548 308211.2500 -0.2004
-23.6288 80.0263 -37.8930 14.7623 1650410883577 308239.5000 -0.2004
-24.3964 80.1488 -38.1637 18.8342 1650410883606 308268.5000 -0.2004
-23.4587 80.4332 -38.9997 13.9216 1650410883635 308297.5000 -0.2004
-24.0504 79.7736 -40.2762 18.4794 1650410883664 308326.5000 -0.2004
-23.8266 79.9868 -41.0022 17.5342 1650410883692 308355.2500 -0.2004
-24.0195 79.7735 -42.3183 18.9586 1650410883722 308384.2500 -0.2004
-24.6687 80.0763 -42.1180 16.2007 1650410883751 308413.2500 -0.2004
-24.1374 79.7542 -43.7957 17.5144 1650410883780 308442.0000 -0.2004
-24.4840 80.0719 -43.7947 14.3488 1650410883809 308471.0000 -0.2004
-24.2353 79.8483 -44.3853 16.9914 1650410883838 308500.0000 -0.2000
-23.9908 80.4246 -45.0024 19.9217 1650410883867 308529.0000 -0.1999
-23.8656 79.6558 -45.2877 14.0170 1650410883896 308558.0000 -0.1999
-24.4339 80.1166 -44.8397 12.6334 1650410883925 308587.0000 -0.1999
-24.1542 79.6519 -44.8700 13.3153 1650410883954 308617.5000 -0.1995
-25.1465 80.6688 -43.3939 17.9373 1650410883983 308646.0000 -0.1994
-24.1372 79.8636 -43.8503 13.2899 1650410884011 308674.0000 -0.1994
-24.4044 79.3693 -42.8467 16.6660 1650410884040 308703.0000 -0.1994
-24.1637 79.4536 -42.2456 17.9209 1650410884069 308732.0000 -0.1994
-23.8153 79.4959 -41.5514 18.3475 1650410884099 308760.7500 -0.1994
-23.9474 79.3529 -40.5796 20.2013 1650410884128 308789.7500 -0.1994
-23.1800 80.0645 -40.7693 17.4246 1650410884157 308818.7500 -0.1994
-23.6721 79.5550 -38.8218 20.7287 1650410884186 308847.7500 -0.1995
-23.4522 79.3451 -38.3256 18.4425 1650410884215 308876.0000 -0.1999
-23.8856 79.9892 -36.9001 21.6645 1650410884244 308905.0000 -0.1999
-23.9278 80.3764 -36.8418 16.7013 1650410884272 308934.5000 -0.1999
-23.8220 79.8708 -35.7801 17.7006 1650410884302 308963.2500 -0.2000
-23.7447 79.5416 -35.4259 18.6214 1650410884330 308992.5000 -0.2004
-23.9702 79.6854 -34.9054 15.1723 1650410884359 309021.5000 -0.2004
-24.1883 80.1119 -34.5786 18.1096 1650410884388 309050.5000 -0.2004
-23.8488 79.9778 -34.5948 16.8646 1650410884417 309079.5000 -0.2005
-24.0332 80.2304 -34.4419 16.5445 1650410884446 309108.5000 -0.2009
-23.7407 80.6964 -35.3036 16.7629 1650410884475 309137.5000 -0.2009
-22.9516 81.4409 -36.3164 13.6067 1650410884504 309166.5000 -0.2005
-24.0834 80.2237 -36.2456 21.7165 1650410884534 309195.5000 -0.2004
-23.9527 79.8119 -36.4809 25.3628 1650410884563 309224.5000 -0.2004
-23.6378 80.4662 -38.0810 20.7601 1650410884591 309253.5000 -0.2004
-23.8531 80.1901 -38.2251 26.0956 1650410884620 309282.5000 -0.2000
-24.0071 80.8481 -39.3012 18.5989 1650410884649 309311.5000 -0.1999
-24.5740 80.3041 -39.8117 23.6014 1650410884678 309340.5000 -0.2002
-23.7949 80.7324 -41.5629 19.3383 1650410884707 309369.5000 -0.2004
-24.0198 79.9745 -41.9473 23.6402 1650410884736 309399.7500 -0.2000
-23.9527 80.8421 -43.0623 20.8729 1650410884765 309427.0000 -0.1999
-23.6819 79.6908 -43.7606 19.2910 1650410884794 309456.2500 -0.1999
-21.3089 77.0673 -46.6321 15.1460 1650410884823 309485.2500 -0.1999
-24.1197 80.0768 -44.6233 20.0010 1650410884852 309514.2500 -0.1999
-23.8600 79.8137 -45.1186 15.4943 1650410884881 309543.2500 -0.1999
-24.2924 80.2785 -44.9721 20.1648 1650410884910 309572.0000 -0.1999
-24.8901 80.2453 -44.7353 12.8148 1650410884939 309601.0000 -0.1999
-24.1872 79.5474 -44.8068 14.3449 1650410884968 309630.0000 -0.1999
-24.4090 79.8732 -44.2586 18.1947 1650410884997 309661.5000 -0.1999
-24.4768 79.4700 -43.7869 12.9069 1650410885026 309687.7500 -0.1999
-24.3488 79.1472 -42.8855 13.0134 1650410885055 309717.0000 -0.1999
-23.7656 79.3261 -42.6102 21.4337 1650410885084 309746.7500 -0.1999
-24.2364 79.8070 -40.7007 19.7787 1650410885113 309775.0000 -0.1999
-24.2491 79.0540 -40.0064 20.1833 1650410885142 309804.0000 -0.1999
-23.7297 79.2875 -39.8437 19.4621 1650410885170 309833.0000 -0.1999
-23.6580 79.7077 -39.0214 20.5551 1650410885199 309861.7500 -0.2000
-24.1351 79.6501 -37.8618 20.3729 1650410885228 309890.7500 -0.2004
-23.6114 79.4316 -37.2026 19.2287 1650410885258 309919.7500 -0.2004
-24.0470 79.9297 -36.4177 24.8799 1650410885286 309948.7500 -0.2004
-23.5540 79.7076 -35.7734 22.5234 1650410885316 309977.5000 -0.2004
-23.1301 79.9166 -35.7189 18.9501 1650410885345 310006.5000 -0.2004
-23.9947 79.9663 -35.0497 18.0113 1650410885374 310035.5000 -0.2004
-23.9470 79.7843 -34.6316 17.9771 1650410885403 310064.5000 -0.2004
-23.9761 80.0615 -34.5172 19.3360 1650410885431 310093.5000 -0.2004
-24.4390 80.4499 -34.6504 17.6001 1650410885461 310122.5000 -0.2004
-24.6031 79.9626 -34.7481 13.2332 1650410885489 310151.5000 -0.2004
-23.7332 80.5431 -36.1096 15.4145 1650410885518 310182.0000 -0.2000
-24.1185 80.0846 -36.3471 22.9141 1650410885547 310209.0000 -0.1999
-24.3150 79.9045 -36.5006 19.8936 1650410885576 310238.5000 -0.1999
-24.0752 80.4737 -38.2736 17.8425 1650410885605 310267.5000 -0.1999
-23.8749 80.0064 -38.7718 21.8245 1650410885634 310296.5000 -0.1999
-24.1905 80.1498 -40.1319 16.1948 1650410885663 310325.5000 -0.1999
-23.7767 79.9061 -40.5612 15.1389 1650410885693 310354.5000 -0.1995
-24.0967 80.0517 -42.0974 17.9846 1650410885722 310383.5000 -0.1994
-23.7976 79.8160 -42.6845 13.2833 1650410885750 310412.2500 -0.1994
-23.9172 80.3160 -43.1450 17.0069 1650410885780 310441.2500 -0.1994
-24.1526 79.8513 -43.5252 18.9390 1650410885808 310470.5000 -0.1994
-24.5851 80.1987 -44.0128 13.8817 1650410885837 310499.5000 -0.1994
-23.9659 80.3539 -44.8808 18.1209 1650410885866 310528.0000 -0.1994
-24.2229 79.8648 -44.8944 17.1916 1650410885895 310557.2500 -0.1994
-24.1196 79.8953 -45.0822 15.0569 1650410885924 310586.2500 -0.1998
-24.3521 79.5678 -45.1874 12.8702 1650410885953 310615.2500 -0.1999
-24.1227 79.4936 -44.6752 12.7366 1650410885982 310644.2500 -0.1999
-25.0391 80.5081 -43.3766 13.4642 1650410886011 310673.0000 -0.1999
-24.2481 79.0454 -43.3007 13.9912 1650410886040 310702.0000 -0.1999
-24.3596 79.1468 -42.7685 18.6462 1650410886069 310731.0000 -0.2002
-23.1586 80.3889 -43.1226 15.2459 1650410886098 310760.0000 -0.2004
-23.9067 79.4169 -40.8881 18.8903 1650410886127 310789.0000 -0.2004
-23.8485 78.8773 -40.1507 18.2921 1650410886156 310818.0000 -0.2004
-23.6285 79.2016 -39.0748 14.7344 1650410886185 310847.0000 -0.2004
-24.0307 79.6549 -38.0366 16.6832 1650410886214 310876.0000 -0.2004
-23.7206 79.8334 -37.5111 21.1419 1650410886243 310905.0000 -0.2004
-23.8187 79.4318 -36.7987 18.5567 1650410886272 310933.7500 -0.2004
-23.7424 79.6142 -36.0612 22.3565 1650410886301 310963.7500 -0.2004
-23.8334 79.9622 -35.4728 19.6911 1650410886329 310991.7500 -0.2004
-24.1425 79.9631 -34.9173 11.8944 1650410886359 311020.7500 -0.2004
-23.7032 79.7124 -34.7289 15.9540 1650410886387 311049.7500 -0.2004
-24.0788 79.8531 -34.5364 14.9792 1650410886416 311078.5000 -0.2004
-24.2464 80.4144 -34.3875 16.8447 1650410886446 311107.5000 -0.2004
-24.4895 80.2728 -34.5908 20.1344 1650410886475 311136.5000 -0.2000
-23.9763 79.8969 -35.7437 11.4462 1650410886504 311165.5000 -0.1999
-23.6273 79.9268 -36.4003 18.5962 1650410886533 311194.0000 -0.1999
-24.1807 79.9365 -36.5159 28.3180 1650410886562 311224.7500 -0.1999
-24.0809 79.8551 -36.9428 15.2373 1650410886591 311252.5000 -0.1999
-23.8184 79.9818 -38.4933 25.4854 1650410886620 311281.2500 -0.1999
-22.4599 78.2463 -40.3204 14.2408 1650410886648 311310.5000 -0.1999
-24.2737 80.2402 -39.9973 21.4165 1650410886677 311339.5000 -0.1999
-24.4145 80.7670 -40.5546 15.5723 1650410886706 311368.5000 -0.1999
-24.4221 80.0393 -42.1424 20.7028 1650410886735 311397.5000 -0.1999
-24.5860 80.4790 -42.1721 16.7054 1650410886764 311426.5000 -0.1999
-23.9919 80.1231 -43.5677 14.2939 1650410886793 311455.5000 -0.1999
-24.4859 80.1266 -43.6207 17.2396 1650410886822 311484.5000 -0.2002
-24.1809 80.0732 -44.3099 15.7406 1650410886852 311513.5000 -0.2004
-23.9621 80.1879 -44.7508 14.5335 1650410886881 311542.5000 -0.2004
-24.3417 80.2986 -44.9436 15.7181 1650410886909 311571.5000 -0.2004
-24.3269 80.0974 -44.9662 17.2576 1650410886939 311600.5000 -0.2004
-25.2373 80.5895 -43.9610 12.2941 1650410886967 311629.5000 -0.2004
-24.3654 79.7547 -44.9930 19.9095 1650410886996 311658.5000 -0.2004
-24.2602 79.4271 -43.9850 16.5993 1650410887025 311687.2500 -0.2004
-24.3727 79.0606 -43.1714 14.1068 1650410887054 311715.7500 -0.2004
-24.0140 79.4011 -42.5189 18.9829 1650410887083 311744.7500 -0.2004
-24.4485 79.5904 -41.3124 11.5660 1650410887112 311774.0000 -0.2004
-24.0187 79.5555 -40.2727 18.5722 1650410887141 311803.0000 -0.2004
-22.8579 79.7180 -41.1206 19.6907 1650410887170 311832.0000 -0.2004
-23.6881 79.6039 -38.8597 24.2471 1650410887199 311861.0000 -0.2004
-23.2194 80.0974 -38.7269 16.7429 1650410887228 311890.0000 -0.2004
-23.3698 79.6111 -37.4567 20.4815 1650410887258 311919.0000 -0.2000
-23.2644 80.0519 -37.3283 14.1309 1650410887286 311948.0000 -0.1999
-23.8516 79.7082 -35.8018 18.2630 1650410887315 311976.0000 -0.1995
-23.9221 80.0613 -35.5357 14.4464 1650410887344 312006.0000 -0.1994
-23.0458 80.5787 -35.9853 15.6569 1650410887373 312035.0000 -0.1994
-23.6882 80.0660 -34.8524 18.0411 1650410887402 312063.7500 -0.1994
-24.1132 80.1744 -34.6899 13.6177 1650410887431 312092.7500 -0.1994
-24.7910 81.0469 -33.7824 19.3301 1650410887460 312121.7500 -0.1994
-25.1077 80.9192 -34.2058 18.2098 1650410887488 312150.7500 -0.1994
-23.4952 80.8522 -36.3365 14.2442 1650410887518 312179.7500 -0.1994
-23.9126 80.1308 -36.3766 24.1281 1650410887546 312208.5000 -0.1994
-24.0464 80.0825 -36.2932 26.7546 1650410887575 312237.5000 -0.1994
-23.8544 80.1264 -37.8247 17.1582 1650410887605 312266.5000 -0.1994
-23.9126 80.2823 -38.2956 25.8415 1650410887634 312295.5000 -0.1994
-24.1729 81.0318 -39.0230 18.1970 1650410887663 312324.5000 -0.1994
-24.2442 79.7032 -40.4492 20.0470 1650410887692 312353.5000 -0.1999
-24.0955 80.5621 -41.4137 16.7024 1650410887721 312382.5000 -0.1999
-24.1569 80.0978 -41.9410 18.6001 1650410887750 312411.5000 -0.1999
-24.0942 81.0784 -42.7928 15.3484 1650410887779 312440.5000 -0.1999
-24.1727 79.6884 -43.8993 20.1789 1650410887807 312469.2500 -0.1999
-12.7858 68.5458 -55.5392 12.6741 1650410887836 312497.5000 -0.1999
-24.3219 80.6495 -45.2039 19.1744 1650410887865 312527.5000 -0.1999
-23.8286 79.9658 -45.1238 17.0384 1650410887894 312556.5000 -0.1999
-24.0420 79.7759 -45.1795 18.6039 1650410887923 312585.5000 -0.1999
-24.2109 80.0382 -44.8440 17.9651 1650410887952 312614.5000 -0.1999
-24.2862 79.9180 -44.4260 17.1226 1650410887981 312643.5000 -0.1999
-18.1935 73.4422 -50.6168 10.7010 1650410888010 312672.5000 -0.1999
-18.1115 72.9508 -50.1217 16.2313 1650410888040 312701.5000 -0.1994
-20.7896 75.7385 -46.3737 17.8894 1650410888069 312730.2500 -0.1994
-24.2380 79.5149 -42.2638 20.0040 1650410888098 312758.5000 -0.1990
-24.2652 79.4513 -41.3302 17.1756 1650410888126 312788.2500 -0.1989
-23.8749 79.3234 -40.5258 21.5942 1650410888155 312816.7500 -0.1989
-23.5569 79.4378 -39.8564 20.0347 1650410888184 312846.2500 -0.1989
-24.1803 79.7327 -38.4683 19.1483 1650410888213 312875.2500 -0.1989
-23.6658 79.6660 -37.7861 19.0004 1650410888242 312904.0000 -0.1989
-23.8752 79.7090 -37.1090 21.2423 1650410888271 312933.0000 -0.1989
-24.1745 79.9499 -37.0855 17.9489 1650410888300 312962.0000 -0.1989
-23.8302 79.5289 -35.9200 16.2760 1650410888329 312991.0000 -0.1989
-23.5564 79.9470 -35.3958 16.8273 1650410888358 313020.0000 -0.1989
-23.1622 80.5222 -35.4919 21.0787 1650410888387 313049.0000 -0.1989
-24.1411 80.2200 -34.6577 15.4510 1650410888416 313078.0000 -0.1989
-24.2371 80.0205 -34.4496 19.5446 1650410888445 313107.0000 -0.1989
-24.0307 80.1851 -34.5867 20.2836 1650410888474 313136.0000 -0.1994
-24.2564 80.0586 -35.0432 12.1098 1650410888503 313165.0000 -0.1994
-23.1246 80.9566 -36.3314 11.4685 1650410888532 313193.7500 -0.1994
-23.9840 80.0258 -36.3922 23.6891 1650410888561 313222.7500 -0.1994
-23.5792 80.0043 -36.7523 16.5032 1650410888590 313251.2500 -0.1994
-23.7372 80.3533 -38.3161 15.3889 1650410888619 313280.5000 -0.1994
-24.0016 80.1650 -38.4461 21.3327 1650410888648 313309.5000 -0.1994
-24.2451 80.1523 -40.1285 21.7989 1650410888677 313338.5000 -0.1994
-23.8809 80.3026 -40.6347 16.1599 1650410888705 313367.5000 -0.1994
-24.0467 80.0626 -41.9810 16.5464 1650410888734 313396.5000 -0.1994
-23.9653 80.2185 -42.4780 20.1183 1650410888764 313425.5000 -0.1990
-23.8699 80.6487 -43.1045 14.9948 1650410888793 313454.5000 -0.1989
-24.0876 80.1261 -43.4125 17.2399 1650410888822 313483.5000 -0.1989
-24.3635 80.0253 -43.9148 15.9899 1650410888851 313513.5000 -0.1989
-23.8946 80.4407 -44.9501 21.0991 1650410888880 313541.5000 -0.1989
-23.9339 79.8047 -45.1953 14.3319 1650410888909 313570.5000 -0.1989
-24.1095 80.0872 -44.7140 14.3507 1650410888938 313599.2500 -0.1989
-24.6699 80.3353 -44.3766 13.0275 1650410888966 313628.5000 -0.1989
-24.1918 79.6623 -44.4292 15.6660 1650410888996 313657.5000 -0.1985
-25.1847 80.4909 -43.4795 12.3815 1650410889024 313686.5000 -0.1984
-24.5204 79.1732 -43.4203 14.0479 1650410889053 313715.5000 -0.1984
-16.3152 71.7984 -50.2908 12.8439 1650410889082 313744.5000 -0.1984
-24.7113 78.5495 -41.7818 18.2573 1650410889112 313773.5000 -0.1984
-23.7191 79.4833 -41.0200 18.0828 1650410889140 313802.5000 -0.1984
-23.9188 79.4857 -40.4359 17.6054 1650410889169 313831.5000 -0.1984
-23.7692 79.7502 -39.1546 18.1095 1650410889199 313860.5000 -0.1984
-23.7198 79.1448 -38.3479 19.2535 1650410889228 313889.5000 -0.1980
-23.8460 79.9116 -37.3704 16.5356 1650410889257 313918.2500 -0.1979
-23.8218 79.7493 -36.7957 17.6020 1650410889285 313947.2500 -0.1980
-23.9438 79.5987 -36.1899 23.4726 1650410889315 313976.2500 -0.1984
-23.6398 79.8971 -35.7077 20.6226 1650410889343 314005.0000 -0.1984
-23.4661 80.5911 -35.5048 17.9258 1650410889372 314033.5000 -0.1984
-24.0498 80.2329 -35.1341 17.0711 1650410889401 314063.0000 -0.1985
-23.7949 79.9477 -34.5801 19.0929 1650410889430 314092.0000 -0.1989
-24.1040 80.1001 -34.5919 23.8093 1650410889459 314121.0000 -0.1989
-23.9698 80.1107 -34.6003 19.8922 1650410889488 314150.0000 -0.1984
-24.2954 79.9897 -34.9101 13.1909 1650410889517 314179.0000 -0.1985
-23.6608 80.5825 -35.6909 16.0533 1650410889546 314208.0000 -0.1989
-24.0006 79.9922 -36.5113 19.2159 1650410889576 314237.0000 -0.1989
-23.8042 80.0767 -36.9716 18.9843 1650410889604 314265.7500 -0.1989
-23.7123 79.8646 -38.4447 19.6550 1650410889633 314295.0000 -0.1989
-23.6295 80.3587 -39.1908 13.8849 1650410889662 314323.7500 -0.1989
-23.9579 79.6583 -40.2177 18.2946 1650410889691 314352.5000 -0.1989
-24.0211 79.7598 -40.8638 16.0891 1650410889720 314381.7500 -0.1989
-24.2396 80.0180 -41.9647 23.2817 1650410889749 314410.7500 -0.1989
-23.9262 79.7965 -42.5502 14.6578 1650410889778 314439.5000 -0.1985
-23.7679 80.2256 -43.3409 18.6863 1650410889807 314468.5000 -0.1984
-24.2866 80.0378 -43.8245 15.4666 1650410889836 314497.5000 -0.1984
-24.3312 79.5993 -44.4814 19.4658 1650410889864 314526.5000 -0.1984
-24.0142 80.3424 -44.8894 13.5905 1650410889894 314555.5000 -0.1984
-23.8611 79.7948 -45.0874 17.9822 1650410889923 314584.5000 -0.1984
-14.0076 69.5134 -55.2061 17.3185 1650410889952 314613.5000 -0.1984
-14.8842 70.4438 -54.1788 12.6883 1650410889981 314642.5000 -0.1984
-24.3296 79.7158 -44.7197 17.1589 1650410890010 314671.5000 -0.1984
-20.5612 75.9678 -47.9484 13.5871 1650410890039 314700.5000 -0.1984
-16.7599 71.6045 -50.8321 12.6811 1650410890068 314729.5000 -0.1984
-20.8190 75.6349 -46.2916 14.3734 1650410890097 314758.5000 -0.1984
-24.0111 79.2593 -42.1868 14.7244 1650410890126 314787.0000 -0.1984
-23.5564 79.4915 -40.7516 16.1265 1650410890155 314816.2500 -0.1984
-23.6939 79.3235 -40.3064 19.0447 1650410890183 314845.5000 -0.1984
-23.9297 79.5235 -38.7267 23.3292 1650410890212 314874.5000 -0.1989
-23.8232 79.7808 -38.2512 18.3770 1650410890241 314903.5000 -0.1989
-23.6336 79.7983 -37.3139 22.0527 1650410890270 314932.5000 -0.1989
-24.3194 79.9232 -36.7797 16.3261 1650410890299 314961.5000 -0.1989
-23.9808 79.6620 -35.9813 20.6690 1650410890329 314990.5000 -0.1989
-23.4097 80.0431 -35.6957 19.4019 1650410890358 315019.2500 -0.1989
-23.2341 80.3356 -35.3776 20.4693 1650410890387 315049.5000 -0.1989
-23.7170 79.9130 -34.6864 14.7704 1650410890416 315076.7500 -0.1989
-23.9729 80.0908 -34.3338 22.0977 1650410890444 315106.2500 -0.1989
-23.9600 80.1584 -34.6138 15.5577 1650410890474 315134.5000 -0.1989
-24.4846 80.2523 -34.2822 17.3308 1650410890502 315164.0000 -0.1989
-23.1484 80.6714 -35.9881 16.9289 1650410890531 315193.0000 -0.1989
-23.5573 80.2544 -36.5578 11.9262 1650410890560 315222.0000 -0.1989
-23.9625 79.9743 -36.0658 20.5390 1650410890589 315251.0000 -0.1989
-23.7196 80.3592 -37.8138 16.7667 1650410890618 315280.0000 -0.1989
-24.0925 79.8301 -38.3327 24.1023 1650410890647 315309.0000 -0.1989
-23.5857 79.9330 -39.6457 16.1967 1650410890676 315338.0000 -0.1985
-24.4956 80.0697 -40.0408 23.1066 1650410890705 315367.0000 -0.1984
-23.6448 80.7780 -41.1083 19.6244 1650410890734 315396.0000 -0.1984
-24.1200 79.7811 -42.2485 21.2271 1650410890763 315425.0000 -0.1984
-23.9371 81.0312 -42.8638 13.9895 1650410890792 315453.7500 -0.1984
-23.9689 80.0417 -43.2407 22.7257 1650410890821 315482.7500 -0.1984
-24.1623 79.8509 -43.9280 15.4816 1650410890850 315511.7500 -0.1984
-23.8072 80.2424 -44.9132 18.0596 1650410890879 315540.5000 -0.1984
-24.1292 80.1761 -44.9136 18.4474 1650410890908 315570.5000 -0.1984
-23.8791 79.7376 -45.0749 15.2988 1650410890937 315598.2500 -0.1984
-20.0747 75.9427 -48.7288 12.5955 1650410890966 315627.5000 -0.1984
-24.0572 79.5246 -44.8720 11.4895 1650410890995 315656.5000 -0.1984
-16.4352 71.9465 -52.1267 13.1285 1650410891023 315685.5000 -0.1988
-24.0117 79.9071 -44.2610 11.5723 1650410891053 315714.5000 -0.1989
-20.0759 75.3106 -47.3974 12.8647 1650410891081 315743.5000 -0.1989
-24.0234 79.3041 -42.7122 13.7529 1650410891111 315772.5000 -0.1989
-23.9208 79.3819 -41.5230 12.1388 1650410891140 315804.5000 -0.1989
-24.0883 79.4494 -40.6867 21.2533 1650410891169 315829.7500 -0.1989
-23.8184 79.5109 -39.8561 18.7525 1650410891198 315859.5000 -0.1989
-24.0339 79.4956 -38.7903 19.2174 1650410891227 315890.0000 -0.1994
-24.0388 79.5204 -37.9634 24.3908 1650410891256 315917.0000 -0.1994
-23.6047 79.7767 -37.2504 22.6359 1650410891285 315946.5000 -0.1994
-24.3645 80.2877 -36.7181 19.6984 1650410891314 315975.5000 -0.1994
-23.4972 79.8014 -35.4945 20.6253 1650410891342 316004.5000 -0.1989
-23.0224 80.3953 -36.1144 17.1229 1650410891372 316033.5000 -0.1989
-24.0372 80.1652 -35.2956 16.1460 1650410891400 316062.5000 -0.1989
-23.8207 80.0950 -34.3628 21.7254 1650410891429 316091.5000 -0.1989
-23.8166 80.1459 -34.6668 16.1597 1650410891458 316120.5000 -0.1989
-23.9753 81.3232 -34.2797 18.0593 1650410891488 316149.2500 -0.1989
-24.1037 80.0748 -34.7994 15.5110 1650410891517 316178.2500 -0.1985
-23.0654 80.9230 -36.2629 18.1583 1650410891546 316207.2500 -0.1984
-24.0616 79.8496 -36.1545 15.5668 1650410891575 316236.0000 -0.1984
-23.4365 80.2351 -36.9198 20.6278 1650410891603 316265.0000 -0.1984
-23.2756 80.5000 -38.0656 19.4646 1650410891633 316294.0000 -0.1980
-23.9658 80.1558 -38.0727 21.2923 1650410891661 316322.7500 -0.1979
-23.5508 79.8308 -40.0513 19.4777 1650410891690 316352.7500 -0.1979
-23.9645 80.0742 -40.1145 16.9035 1650410891719 316381.0000 -0.1979
-23.7449 80.4506 -41.5798 15.2616 1650410891748 316410.0000 -0.1979
-24.0859 79.8429 -42.0103 18.1998 1650410891777 316439.0000 -0.1979
-23.9052 80.5361 -43.2627 17.7981 1650410891806 316468.0000 -0.1979
-24.1128 80.0410 -43.3544 18.1782 1650410891835 316497.0000 -0.1979
-21.2858 76.9077 -47.2137 12.5041 1650410891864 316526.0000 -0.1979
-24.1989 80.6005 -45.0244 20.4525 1650410891893 316554.7500 -0.1979
-23.9856 79.9904 -44.4728 20.5672 1650410891922 316583.0000 -0.1980
-24.2357 80.0719 -44.8872 12.6251 1650410891952 316614.0000 -0.1984
-12.1548 68.0900 -56.6280 16.0343 1650410891980 316641.7500 -0.1984
-24.4364 79.7971 -44.4017 15.1401 1650410892009 316670.5000 -0.1984
-24.0363 79.5405 -44.4389 14.2385 1650410892038 316699.5000 -0.1984
-24.2023 79.6792 -43.8077 13.6484 1650410892067 316728.5000 -0.1984
-10.3420 65.4898 -56.9971 15.1616 1650410892096 316757.5000 -0.1984
-24.7401 79.1172 -41.7097 19.7109 1650410892125 316786.5000 -0.1984
-23.9709 79.4169 -41.1688 16.5772 1650410892154 316815.5000 -0.1984
-23.9706 79.3954 -40.5810 13.9678 1650410892183 316844.5000 -0.1984
-23.6130 79.7918 -39.1186 26.6164 1650410892212 316873.5000 -0.1984
-23.9620 79.7020 -39.1003 14.9912 1650410892240 316902.5000 -0.1984
-23.7097 79.6960 -37.3353 25.0484 1650410892270 316931.5000 -0.1984
-23.9058 79.7219 -36.7933 16.9019 1650410892299 316960.5000 -0.1984
-23.8476 79.8027 -36.0958 25.0995 1650410892328 316989.5000 -0.1984
-23.7990 79.9757 -35.4952 20.3649 1650410892357 317018.5000 -0.1980
-23.6022 79.7936 -34.9515 12.9545 1650410892386 317047.5000 -0.1979
-24.2713 80.2683 -34.9372 17.6361 1650410892415 317076.5000 -0.1979
-24.3322 80.6924 -33.5518 21.5252 1650410892444 317105.2500 -0.1979
-23.5721 80.0341 -34.3465 16.0020 1650410892473 317134.0000 -0.1976
-23.6550 80.0299 -34.5247 19.5155 1650410892501 317163.5000 -0.1974
-23.0715 80.5279 -35.8720 17.3751 1650410892531 317192.5000 -0.1978
-23.9626 80.6131 -35.3064 10.8653 1650410892559 317221.5000 -0.1979
-24.1696 80.1477 -36.1107 16.4720 1650410892588 317250.2500 -0.1979
-24.2790 79.7297 -36.8264 17.0854 1650410892617 317279.2500 -0.1979
-24.0722 80.1383 -37.9400 22.0516 1650410892647 317308.2500 -0.1979
-24.2554 79.9992 -38.7261 20.2980 1650410892676 317338.5000 -0.1979
-23.8751 79.8402 -40.3186 29.4879 1650410892704 317367.0000 -0.1979
-24.2229 80.0115 -40.2781 14.2718 1650410892734 317395.0000 -0.1979
-24.2879 80.0398 -42.1649 20.5688 1650410892763 317424.0000 -0.1979
-11.9539 68.1902 -54.2787 13.1909 1650410892792 317452.7500 -0.1984
-24.1666 80.4320 -43.0363 16.3441 1650410892820 317482.0000 -0.1984
-23.8658 79.7786 -43.7729 18.3190 1650410892849 317511.0000 -0.1984
-24.2458 80.4174 -44.6920 15.4295 1650410892878 317540.0000 -0.1984
-24.2031 80.2846 -44.8317 15.6264 1650410892907 317569.0000 -0.1989
-24.2950 80.0881 -44.8153 18.1801 1650410892936 317598.0000 -0.1989
-24.4496 79.9816 -45.0177 16.4627 1650410892965 317627.0000 -0.1989
-24.0763 79.8251 -45.0049 16.8157 1650410892994 317655.7500 -0.1989
-24.6509 79.9188 -44.1686 13.3057 1650410893023 317684.7500 -0.1984
-18.4677 74.2474 -49.8306 11.2368 1650410893053 317713.7500 -0.1984
-22.5410 77.5770 -45.3179 15.4936 1650410893081 317742.7500 -0.1984
-24.2043 79.2856 -42.6093 17.3896 1650410893111 317771.5000 -0.1984
-23.4200 79.9326 -42.6371 14.2352 1650410893139 317800.5000 -0.1984
-23.7910 79.4809 -40.8275 16.4488 1650410893168 317829.5000 -0.1984
-23.7267 79.1131 -40.3902 13.9023 1650410893197 317858.5000 -0.1980
-23.6021 79.4041 -39.1364 20.3739 1650410893226 317888.5000 -0.1979
-23.8593 79.5879 -38.0204 13.6593 1650410893255 317916.5000 -0.1979
-23.6491 79.7468 -37.1467 15.7061 1650410893284 317945.5000 -0.1979
-23.9250 79.5493 -36.5252 17.7970 1650410893313 317974.5000 -0.1979
-23.6654 79.2028 -35.9994 22.8861 1650410893342 318003.5000 -0.1979
-23.8526 79.8394 -35.2850 17.6633 1650410893371 318032.5000 -0.1979
-22.9509 80.3880 -35.4970 18.3671 1650410893399 318061.5000 -0.1979
-24.2018 80.4455 -34.9181 17.1747 1650410893429 318090.5000 -0.1979
-23.6107 80.1051 -34.4502 19.3869 1650410893458 318119.2500 -0.1979
-23.4271 80.1292 -34.4808 20.1857 1650410893487 318149.7500 -0.1979
-24.0963 79.9552 -34.5177 16.0959 1650410893516 318177.5000 -0.1979
-23.9235 80.5508 -35.4865 17.2515 1650410893545 318206.0000 -0.1979
-24.2094 80.5788 -35.7491 14.2476 1650410893574 318235.5000 -0.1984
-24.0043 80.0665 -36.4459 17.2907 1650410893603 318264.5000 -0.1984
-23.7816 80.2867 -37.7884 15.1028 1650410893632 318293.5000 -0.1984
-24.2999 80.2808 -38.0965 22.6392 1650410893660 318322.5000 -0.1984
-24.7283 81.0496 -38.8306 22.3863 1650410893690 318351.5000 -0.1984
-24.0228 80.1387 -40.5588 22.8776 1650410893718 318380.2500 -0.1984
-23.6850 80.4450 -41.1231 16.0327 1650410893747 318409.2500 -0.1984
-23.9565 79.5378 -42.3511 15.3128 1650410893776 318438.2500 -0.1984
-24.0592 80.4455 -42.8224 17.7167 1650410893805 318467.0000 -0.1989
-24.1793 79.5278 -44.0670 18.6960 1650410893834 318496.0000 -0.1989
-24.2926 79.8748 -43.8655 14.3688 1650410893864 318525.0000 -0.1985
-24.2759 80.4484 -44.6842 18.0048 1650410893893 318554.0000 -0.1984
-24.1038 80.0950 -44.9790 17.1144 1650410893922 318583.0000 -0.1979
-23.9542 79.6817 -44.9158 15.6648 1650410893951 318612.0000 -0.1979
-24.5850 79.8101 -45.0276 16.2583 1650410893979 318640.5000 -0.1979
-24.1034 79.5817 -44.7761 13.1782 1650410894009 318671.2500 -0.1979
-25.1561 80.8256 -43.2074 15.3355 1650410894037 318699.0000 -0.1979
-20.9482 76.7603 -47.3210 12.7613 1650410894066 318728.0000 -0.1979
-21.2022 76.1959 -46.2579 13.4971 1650410894095 318757.0000 -0.1979
-24.3148 79.2146 -42.3927 15.5724 1650410894124 318785.7500 -0.1979
-23.9375 79.4804 -41.6338 18.2569 1650410894153 318814.7500 -0.1978
-23.9991 79.2344 -40.5213 20.3925 1650410894182 318843.7500 -0.1974
-23.7496 79.2703 -39.9396 19.7874 1650410894211 318872.7500 -0.1978
-23.8553 79.2745 -38.5656 22.3957 1650410894241 318902.5000 -0.1979
-23.7182 79.3591 -38.0593 20.6282 1650410894270 318930.5000 -0.1978
-23.6865 79.8629 -37.0799 19.1567 1650410894298 318959.5000 -0.1974
-23.6244 79.8826 -36.4366 19.9177 1650410894327 318989.7500 -0.1978
-23.6747 79.6442 -35.6908 17.6746 1650410894356 319017.5000 -0.1979
-23.3263 80.0737 -35.5066 13.3752 1650410894385 319046.5000 -0.1979
-23.4623 80.3562 -35.9123 14.2486 1650410894414 319075.5000 -0.1979
-23.5279 79.8052 -34.8185 17.6657 1650410894443 319104.5000 -0.1979
-23.7214 79.9602 -34.1039 17.1347 1650410894472 319133.5000 -0.1979
-23.6729 80.1119 -34.0864 16.6968 1650410894501 319162.5000 -0.1980
-24.0640 79.9665 -34.5880 14.0625 1650410894530 319191.5000 -0.1984
-23.3711 81.0496 -36.0494 12.6491 1650410894558 319220.5000 -0.1984
-24.6485 79.3907 -35.5263 19.1816 1650410894588 319249.5000 -0.1984
-24.0400 80.2861 -36.2268 25.6279 1650410894617 319278.5000 -0.1984
-23.3596 80.5773 -38.0639 16.3327 1650410894646 319307.5000 -0.1984
-24.1375 80.3286 -38.2178 26.3083 1650410894675 319336.5000 -0.1984
-23.8875 80.4133 -39.3506 13.6723 1650410894704 319365.5000 -0.1984
-23.9175 79.9987 -40.2911 19.1402 1650410894733 319394.5000 -0.1984
-23.8175 80.5626 -41.3023 24.1215 1650410894762 319424.7500 -0.1984
-23.9413 80.2080 -42.2233 15.0707 1650410894791 319452.5000 -0.1984
-24.1274 80.8293 -42.7122 16.0523 1650410894820 319481.2500 -0.1980
-24.0778 79.9650 -43.3225 17.0656 1650410894849 319510.2500 -0.1979
-24.3310 80.0795 -44.2027 17.7286 1650410894877 319539.2500 -0.1979
-24.0528 80.5139 -44.4056 19.4081 1650410894906 319568.2500 -0.1979
-23.8628 80.0944 -45.0966 20.4362 1650410894935 319597.0000 -0.1979
-24.4372 80.0509 -44.8252 16.8163 1650410894964 319626.0000 -0.1979
-24.5293 80.1008 -44.6530 16.7108 1650410894993 319654.7500 -0.1979
-24.4976 79.6801 -44.4888 13.1837 1650410895023 319683.2500 -0.1979
-23.9619 79.5261 -44.7784 12.9607 1650410895052 319713.0000 -0.1979
-24.4284 79.4590 -43.7165 16.1453 1650410895081 319741.7500 -0.1979
-24.1651 79.0293 -42.9800 15.0671 1650410895110 319771.0000 -0.1979
-24.3942 78.7391 -41.8731 13.6892 1650410895138 319800.0000 -0.1979
-23.8321 79.3583 -40.9207 17.1133 1650410895168 319829.0000 -0.1979
-23.8485 79.1941 -40.5432 17.2979 1650410895196 319858.0000 -0.1979
-23.2533 79.5790 -39.3178 21.1360 1650410895225 319886.7500 -0.1979
-23.3704 79.3953 -38.8761 16.1803 1650410895254 319915.7500 -0.1979
-23.7062 79.5708 -37.4270 20.1247 1650410895283 319944.7500 -0.1980
-23.7968 79.5292 -36.9678 18.8265 1650410895312 319973.7500 -0.1984
-23.6903 79.6763 -36.0939 21.0232 1650410895341 320002.5000 -0.1984
-23.6566 79.7013 -35.7497 19.7516 1650410895370 320031.5000 -0.1984
-23.2726 80.2270 -35.5099 14.7738 1650410895399 320060.5000 -0.1984
-24.0497 79.8167 -35.1760 22.5564 1650410895429 320089.5000 -0.1984
-23.8200 80.1944 -34.4905 19.6262 1650410895457 320118.5000 -0.1984
-23.7059 80.1503 -34.6701 22.3679 1650410895487 320147.5000 -0.1988
-24.2273 80.3122 -34.5868 17.0410 1650410895515 320176.0000 -0.1989
-23.9757 81.2152 -35.4672 13.2951 1650410895544 320206.5000 -0.1989
-23.6895 80.5452 -35.7567 13.5568 1650410895573 320234.5000 -0.1989
-23.9313 80.3798 -36.1912 24.5770 1650410895602 320263.5000 -0.1989
-24.2728 80.4380 -37.2425 18.7492 1650410895631 320292.5000 -0.1989
-23.9848 80.3545 -38.1353 17.7653 1650410895660 320321.5000 -0.1985
-23.9854 80.3760 -38.3922 19.8956 1650410895689 320350.5000 -0.1984
-24.4260 80.2030 -40.0610 21.7205 1650410895717 320379.5000 -0.1984
-24.1331 80.1046 -40.4874 17.4645 1650410895747 320408.5000 -0.1984
-24.2557 80.0053 -41.9237 18.1471 1650410895776 320439.7500 -0.1980
-24.1624 79.9516 -42.2717 14.6862 1650410895805 320466.0000 -0.1979
-24.1247 80.5186 -43.2189 20.6664 1650410895834 320495.5000 -0.1979
-23.9440 79.7027 -43.9983 14.0919 1650410895863 320523.7500 -0.1979
-24.2266 80.2548 -44.5179 20.2408 1650410895892 320553.0000 -0.1979
-23.9368 80.3396 -44.9809 16.2157 1650410895921 320582.5000 -0.1979
-23.9317 79.9497 -44.9621 20.1908 1650410895950 320611.2500 -0.1980
-23.8349 79.9870 -45.0063 17.9581 1650410895979 320640.2500 -0.1979
-24.2261 79.8835 -44.8832 14.2462 1650410896008 320669.2500 -0.1979
-24.1664 79.6320 -44.7352 14.5369 1650410896036 320698.0000 -0.1979
-24.2949 80.0654 -44.1481 14.3629 1650410896066 320727.0000 -0.1979
-24.7003 79.3763 -43.3795 14.6791 1650410896094 320756.0000 -0.1984
-24.2062 79.2453 -42.5625 15.3978 1650410896123 320785.0000 -0.1984
-24.4809 78.9713 -41.3971 14.8572 1650410896152 320814.0000 -0.1984
-23.9931 80.0126 -40.5292 17.1159 1650410896182 320843.0000 -0.1984
-23.7967 79.1548 -40.4276 18.0497 1650410896211 320872.0000 -0.1989
-23.5465 79.6268 -38.7862 17.8987 1650410896240 320901.0000 -0.1989
-23.9062 79.3470 -38.0152 13.4533 1650410896269 320930.0000 -0.1989
-23.6910 79.8974 -37.0882 25.0451 1650410896298 320958.5000 -0.1989
-22.8822 80.3504 -37.0321 18.7540 1650410896327 320987.7500 -0.1984
-23.5800 79.6744 -35.7858 18.0040 1650410896355 321016.7500 -0.1984
-23.3027 79.9590 -35.9362 17.6972 1650410896384 321045.7500 -0.1984
-23.0011 80.7443 -35.9486 14.3990 1650410896413 321074.7500 -0.1984
-24.4499 80.1478 -34.9883 21.4760 1650410896442 321103.5000 -0.1984
-23.6013 79.9079 -34.5459 17.7347 1650410896471 321132.5000 -0.1984
-24.0643 80.0691 -34.5390 13.7502 1650410896500 321161.5000 -0.1980
-24.0978 79.9875 -34.5283 19.3038 1650410896529 321190.2500 -0.1979
-23.5077 80.9598 -36.0536 9.0018 1650410896558 321219.0000 -0.1979
-23.8235 80.3773 -35.8509 17.9505 1650410896587 321248.5000 -0.1979
-24.0264 80.2250 -36.2522 26.0825 1650410896616 321277.5000 -0.1976
-24.0802 79.4745 -37.3038 14.5881 1650410896646 321306.0000 -0.1974
-24.3406 80.1895 -38.2523 23.4283 1650410896674 321335.5000 -0.1974
-24.2110 80.3872 -38.6405 21.6955 1650410896703 321364.5000 -0.1974
-24.2014 80.0972 -40.1987 19.4067 1650410896732 321393.5000 -0.1974
-23.7046 80.4619 -40.9865 16.8516 1650410896761 321422.5000 -0.1974
-24.3038 79.9679 -42.1071 16.0423 1650410896790 321451.5000 -0.1974
-24.4525 80.2108 -42.3525 12.6833 1650410896819 321480.0000 -0.1974
-24.4607 79.7968 -43.7668 15.9995 1650410896848 321509.5000 -0.1974
-23.9360 79.7569 -44.1278 14.7562 1650410896877 321538.5000 -0.1974
-24.0474 80.1627 -44.4371 17.1576 1650410896906 321567.5000 -0.1978
-24.0185 80.2789 -44.8150 14.2537 1650410896934 321596.5000 -0.1979
-24.0585 79.7663 -45.0246 15.3060 1650410896964 321625.5000 -0.1979
-24.2339 80.1602 -44.6618 12.8250 1650410896993 321654.5000 -0.1979
-24.4381 79.9509 -44.6581 14.0265 1650410897022 321683.5000 -0.1979
-24.3364 79.7673 -44.5614 14.7462 1650410897051 321712.0000 -0.1979
-24.3600 79.4432 -43.9676 18.6114 1650410897080 321741.0000 -0.1979
-12.7487 68.1094 -54.4384 12.4802 1650410897109 321770.2500 -0.1979
-23.9194 79.2267 -42.4943 17.4698 1650410897138 321799.2500 -0.1979
-23.8266 79.3632 -41.5363 16.8819 1650410897167 321828.0000 -0.1983
-23.7549 79.4488 -40.5926 16.6262 1650410897195 321857.0000 -0.1984
-23.7427 79.2733 -39.8517 15.0644 1650410897225 321886.0000 -0.1984
-23.6879 79.6808 -38.8514 21.4009 1650410897253 321915.0000 -0.1984
-23.6171 79.5496 -38.0010 20.2496 1650410897282 321944.0000 -0.1984
-23.1201 79.6443 -37.3955 19.9398 1650410897311 321972.5000 -0.1984
-23.8269 79.3690 -36.7171 21.4099 1650410897341 322001.7500 -0.1984
-23.3837 79.4385 -35.6060 15.4771 1650410897370 322031.0000 -0.1984
-24.0225 79.8074 -35.2141 16.9363 1650410897399 322059.5000 -0.1980
-23.6089 80.9315 -36.0330 16.2195 1650410897428 322089.0000 -0.1979
-23.7073 79.9442 -34.3623 17.9148 1650410897457 322117.7500 -0.1979
-23.8156 79.9923 -34.6034 19.1225 1650410897486 322146.7500 -0.1979
-24.1066 80.3287 -34.3517 16.7026 1650410897514 322175.7500 -0.1979
-24.3181 80.2002 -34.7689 17.7326 1650410897544 322204.7500 -0.1979
-23.8950 80.3441 -35.6954 11.2637 1650410897572 322233.5000 -0.1976
-23.8782 80.2072 -36.2105 18.1035 1650410897601 322262.5000 -0.1974
-23.6724 80.1192 -36.6727 24.9044 1650410897630 322291.5000 -0.1974
-23.3590 80.4772 -38.4409 16.1859 1650410897659 322320.5000 -0.1974
-23.9606 80.2181 -38.3113 24.2912 1650410897688 322349.5000 -0.1974
-23.8439 80.7458 -39.1341 15.8411 1650410897717 322378.2500 -0.1974
-24.3212 79.8157 -40.5149 22.1341 1650410897746 322407.5000 -0.1974
-23.8049 80.7712 -41.4145 14.8853 1650410897776 322436.5000 -0.1979
-23.9170 79.8693 -41.8030 18.7893 1650410897805 322465.5000 -0.1979
-11.1834 67.8730 -55.6340 16.7388 1650410897833 322494.2500 -0.1979
-24.1910 80.2495 -43.5644 15.7437 1650410897862 322523.0000 -0.1979
-24.4044 80.1939 -43.7607 15.8700 1650410897891 322552.5000 -0.1979
-23.8203 79.9863 -44.8568 18.1418 1650410897920 322581.5000 -0.1979
-24.2049 80.1786 -44.8056 17.3816 1650410897949 322610.5000 -0.1979
-23.9940 79.8577 -45.1931 18.7348 1650410897978 322639.5000 -0.1979
-24.2625 80.1547 -44.8673 11.8712 1650410898007 322668.5000 -0.1984
-24.3853 79.7574 -44.5126 16.0802 1650410898036 322697.5000 -0.1984
-24.2954 79.6964 -44.4113 17.8966 1650410898065 322728.0000 -0.1984
-20.4309 75.4025 -47.6487 12.3279 1650410898093 322756.2500 -0.1984
-24.3117 79.6086 -42.3535 17.5478 1650410898123 322784.5000 -0.1984
-23.9249 79.2030 -42.4450 12.8956 1650410898152 322813.2500 -0.1984
-23.8897 79.3566 -41.3232 18.1745 1650410898181 322843.2500 -0.1980
-23.8064 79.2796 -40.6757 20.0769 1650410898210 322871.2500 -0.1979
-24.1713 79.3816 -39.3452 18.0915 1650410898239 322900.2500 -0.1979
-23.5402 79.2393 -39.0201 16.3277 1650410898268 322929.0000 -0.1979
-23.7284 79.5730 -38.0245 19.0165 1650410898297 322958.0000 -0.1979
-23.6231 79.8037 -37.1556 20.1883 1650410898326 322987.0000 -0.1979
-23.8229 79.7901 -36.2225 22.0284 1650410898355 323016.0000 -0.1976
-23.7734 79.9843 -35.5514 21.5071 1650410898384 323045.0000 -0.1974
-23.6240 79.5796 -35.2252 17.9914 1650410898412 323074.0000 -0.1978
-23.7779 79.9195 -35.1552 16.8789 1650410898441 323103.0000 -0.1979
-23.8706 80.0726 -34.5687 20.6013 1650410898470 323132.0000 -0.1979
-23.7933 80.0890 -34.5981 15.5164 1650410898500 323161.0000 -0.1979
-23.9923 80.0251 -34.3973 19.1025 1650410898529 323190.0000 -0.1979
-24.2975 80.1278 -34.8450 14.2932 1650410898558 323219.0000 -0.1979
-23.2686 80.7415 -36.4832 15.9236 1650410898587 323247.7500 -0.1979
-24.0134 80.0697 -36.4343 20.3185 1650410898616 323275.7500 -0.1979
-23.6516 80.0910 -36.9459 18.4725 1650410898645 323305.7500 -0.1979
-23.8562 80.4201 -38.4221 20.2849 1650410898673 323334.5000 -0.1984
-24.0254 80.3605 -38.3883 17.9170 1650410898703 323363.5000 -0.1984
-24.0486 80.7079 -39.6641 17.0268 1650410898731 323392.5000 -0.1984
-24.6935 80.8361 -40.7739 18.0287 1650410898760 323421.5000 -0.1984
-23.4783 80.0663 -41.8635 16.0478 1650410898789 323450.5000 -0.1984
-24.1281 79.7236 -42.2595 17.6505 1650410898818 323479.5000 -0.1985
-24.0130 80.7729 -43.3758 16.8552 1650410898847 323508.2500 -0.1989
-24.4387 80.1843 -43.4537 12.3518 1650410898876 323538.7500 -0.1989
-24.0436 79.7952 -44.1256 20.7808 1650410898905 323566.5000 -0.1989
-23.8073 80.3957 -45.0183 18.2908 1650410898935 323595.2500 -0.1989
-24.1451 79.9818 -44.9236 13.5500 1650410898964 323624.5000 -0.1989
-24.2342 80.1089 -44.9033 13.7243 1650410898992 323653.5000 -0.1989
-24.2335 79.6262 -45.1224 15.9370 1650410899021 323682.5000 -0.1984
-24.2201 79.6983 -44.4099 14.4084 1650410899050 323711.5000 -0.1984
-24.2158 79.8971 -44.3444 15.6460 1650410899079 323740.5000 -0.1984
-24.3927 79.0567 -43.3573 18.9102 1650410899108 323769.5000 -0.1984
-24.0816 79.2584 -42.6939 16.9862 1650410899137 323798.5000 -0.1980
-23.8468 79.7687 -42.1167 14.5123 1650410899166 323827.5000 -0.1979
-23.6773 79.3223 -41.1795 15.9735 1650410899195 323856.5000 -0.1979
-24.3899 79.0201 -39.8216 20.0309 1650410899224 323885.5000 -0.1979
-23.5673 79.7297 -38.9760 22.9675 1650410899253 323914.5000 -0.1979
-23.6583 79.6616 -38.6489 15.3266 1650410899282 323943.2500 -0.1979
-23.7375 79.9137 -37.4857 22.4822 1650410899311 323972.2500 -0.1979
-23.8899 79.9576 -37.1596 14.1837 1650410899340 324001.2500 -0.1979
-23.6784 79.5732 -36.2084 20.4250 1650410899369 324029.7500 -0.1979
-23.7651 80.1413 -35.3489 21.4324 1650410899398 324060.2500 -0.1979
-23.2212 80.2462 -35.6471 13.1445 1650410899427 324088.0000 -0.1979
-24.2678 80.2388 -35.3169 18.5408 1650410899456 324117.0000 -0.1979
-24.1154 80.2382 -34.7156 20.1469 1650410899485 324146.0000 -0.1979
-23.8496 79.9383 -34.5515 16.7526 1650410899514 324175.0000 -0.1979
-24.1229 80.2593 -34.6332 18.6680 1650410899543 324204.0000 -0.1979
-23.3284 80.7725 -35.9886 14.7173 1650410899571 324233.0000 -0.1979
-24.1895 80.4564 -36.1718 18.2969 1650410899601 324262.0000 -0.1980
-24.0547 79.9883 -36.5167 19.9467 1650410899629 324290.5000 -0.1984
-23.8759 80.2118 -37.1966 14.7565 1650410899659 324319.7500 -0.1984
-23.9899 80.0796 -38.4656 22.1076 1650410899687 324348.7500 -0.1984
-24.4091 80.0755 -38.7349 18.7027 1650410899717 324379.0000 -0.1984
-24.4575 80.1592 -40.3268 22.6888 1650410899746 324406.7500 -0.1984
-24.5266 79.9275 -40.1840 15.9575 1650410899775 324435.7500 -0.1984
-24.3426 79.9788 -42.0510 22.1731 1650410899804 324464.5000 -0.1980
-14.7130 71.1776 -51.9137 12.6539 1650410899833 324493.5000 -0.1979
-23.7140 80.1241 -43.4007 18.1352 1650410899862 324522.5000 -0.1983
-22.1618 78.0847 -45.8011 15.6010 1650410899890 324551.5000 -0.1984
-24.0231 79.8532 -44.7250 19.7913 1650410899919 324580.5000 -0.1980
-24.4384 80.4694 -44.6002 13.6519 1650410899948 324609.5000 -0.1979
-23.9194 79.9217 -45.0255 13.1395 1650410899977 324638.5000 -0.1979
-24.3872 80.2213 -44.9945 17.8511 1650410900006 324667.5000 -0.1979
-11.9106 67.4284 -57.2866 11.8787 1650410900035 324696.5000 -0.1976
-21.6233 76.8998 -47.2836 10.8415 1650410900064 324725.5000 -0.1974
-23.9355 79.5793 -44.3781 12.1249 1650410900094 324754.5000 -0.1974
-24.9337 79.8416 -42.8145 15.0417 1650410900123 324783.5000 -0.1974
-24.1945 79.5072 -42.2834 14.6161 1650410900151 324813.5000 -0.1974
-23.9199 79.3588 -41.8488 17.7197 1650410900181 324841.5000 -0.1974
-23.9789 79.2402 -40.7537 23.7425 1650410900209 324870.5000 -0.1974
-23.9595 79.3371 -39.7711 17.9915 1650410900238 324899.5000 -0.1974
-23.8205 79.6016 -38.8047 18.9528 1650410900267 324928.5000 -0.1976
-23.9162 79.5873 -38.0316 18.3841 1650410900296 324957.5000 -0.1979
-23.4333 79.6121 -37.3839 28.2120 1650410900325 324986.5000 -0.1979
-23.1310 80.0803 -37.2886 13.9030 1650410900354 325015.5000 -0.1979
-23.6487 79.7963 -35.8383 22.7736 1650410900383 325044.0000 -0.1979
-23.4167 80.4226 -35.6817 20.6130 1650410900412 325074.0000 -0.1979
-23.7932 80.7511 -35.7650 14.1853 1650410900441 325102.2500 -0.1979
-23.7901 79.9598 -34.5455 22.6777 1650410900470 325131.0000 -0.1979
-23.8185 80.4654 -34.6988 19.3951 1650410900499 325160.0000 -0.1979
-23.8977 80.2948 -34.6542 20.4619 1650410900528 325189.0000 -0.1979
-23.9831 80.1242 -34.9558 17.6944 1650410900557 325218.0000 -0.1979
-23.5960 80.4113 -35.7994 17.5949 1650410900586 325247.0000 -0.1979
-23.8612 80.0761 -36.2465 18.0956 1650410900615 325276.0000 -0.1979
-23.8760 80.2363 -36.3485 24.4604 1650410900644 325305.0000 -0.1979
-23.8019 80.3947 -37.8957 19.8253 1650410900673 325334.0000 -0.1979
-23.8678 80.1886 -38.1523 26.1521 1650410900702 325363.0000 -0.1979
-23.9758 80.6529 -39.2146 16.9064 1650410900730 325392.0000 -0.1979
-23.8132 80.1983 -39.9651 18.8080 1650410900760 325421.0000 -0.1976
-23.8042 80.5011 -41.2714 20.3926 1650410900788 325450.0000 -0.1974
-24.4049 80.0507 -42.0823 17.3268 1650410900817 325478.7500 -0.1974
-23.8843 80.8622 -42.9005 19.4480 1650410900847 325507.7500 -0.1974
-24.2687 79.8154 -43.9881 14.2508 1650410900876 325536.7500 -0.1974
-24.2205 79.9013 -43.8239 14.5598 1650410900905 325565.2500 -0.1974
-24.3393 80.2012 -44.3946 16.0688 1650410900934 325594.2500 -0.1974
-24.0923 80.3165 -44.7686 14.8644 1650410900963 325623.5000 -0.1974
-23.9257 79.8613 -45.0909 16.0428 1650410900992 325652.5000 -0.1974
-24.4426 80.1596 -44.6981 13.5946 1650410901021 325681.5000 -0.1974
-21.0804 76.6463 -47.7805 11.5020 1650410901049 325710.5000 -0.1974
-24.1175 79.5105 -44.7613 18.7276 1650410901078 325739.5000 -0.1974
-24.3052 79.5626 -44.0193 10.0086 1650410901107 325768.5000 -0.1974
-20.8200 75.9711 -46.6473 13.3192 1650410901136 325797.5000 -0.1974
-24.1763 79.4072 -42.4122 17.0005 1650410901165 325827.7500 -0.1974
-23.9091 79.8825 -41.4559 15.4946 1650410901195 325855.0000 -0.1974
-23.7414 79.3319 -40.7166 22.0972 1650410901223 325884.5000 -0.1978
-23.7561 79.5064 -39.8774 16.4476 1650410901253 325913.0000 -0.1979
-23.8545 79.4207 -38.7820 18.9149 1650410901282 325942.5000 -0.1979
-23.8429 79.9564 -37.7182 19.9772 1650410901310 325971.5000 -0.1979
-23.8185 79.7039 -37.1027 18.8039 1650410901340 326000.5000 -0.1979
-24.0629 80.1525 -37.0138 16.8581 1650410901368 326029.5000 -0.1983
-23.7458 80.1625 -35.4579 22.3612 1650410901397 326058.5000 -0.1984
-23.4872 80.5177 -35.3030 15.8600 1650410901426 326087.5000 -0.1984
-24.1838 79.8735 -35.1829 18.0020 1650410901455 326116.5000 -0.1984
-23.8154 80.1261 -34.4715 15.9690 1650410901484 326145.5000 -0.1980
-23.7447 79.7661 -34.5401 22.8164 1650410901513 326174.2500 -0.1979
-24.2765 80.5845 -34.0397 20.1299 1650410901542 326203.2500 -0.1984
-23.1654 80.5758 -35.6695 16.9900 1650410901571 326232.2500 -0.1984
-22.9695 80.8001 -36.5394 16.2662 1650410901600 326261.0000 -0.1980
-24.0999 80.1624 -36.2235 21.2742 1650410901629 326289.7500 -0.1979
-23.9681 79.8206 -36.6398 20.3558 1650410901659 326319.0000 -0.1979
-23.4298 80.0464 -38.4685 23.9259 1650410901687 326347.5000 -0.1979
-24.0824 80.1561 -38.2992 25.1901 1650410901716 326376.7500 -0.1976
-23.5952 80.5401 -40.1652 18.9228 1650410901745 326406.0000 -0.1974
-24.2621 80.1400 -39.8337 21.0640 1650410901774 326435.0000 -0.1974
-24.3005 80.2240 -41.8128 20.1256 1650410901803 326464.0000 -0.1974
-24.2344 80.1237 -42.3505 15.4740 1650410901832 326493.0000 -0.1974
-24.0002 80.8731 -42.9739 15.9021 1650410901861 326522.0000 -0.1974
-23.9290 79.9923 -43.7993 16.2686 1650410901890 326551.0000 -0.1974
-24.1198 79.9977 -43.7422 16.2832 1650410901919 326581.5000 -0.1974
-23.9427 80.3537 -44.9996 15.9635 1650410901947 326608.0000 -0.1974
-23.9412 79.9583 -45.1033 19.1629 1650410901976 326637.7500 -0.1974
-24.5138 79.8904 -45.0639 14.8060 1650410902006 326668.5000 -0.1978
-24.2598 80.2585 -44.7067 12.5985 1650410902035 326695.2500 -0.1979
-24.2238 79.6131 -44.3685 16.4516 1650410902064 326724.5000 -0.1979
-24.1154 79.7545 -44.5683 13.5304 1650410902093 326753.5000 -0.1979
-24.3464 79.5056 -44.0473 13.1575 1650410902122 326782.5000 -0.1979
-24.1527 79.3984 -42.8249 14.1238 1650410902151 326811.5000 -0.1979
-24.0404 79.5273 -42.4443 14.9076 1650410902180 326840.5000 -0.1979
-23.9503 79.7673 -40.9932 17.4236 1650410902208 326869.5000 -0.1979
-23.8224 79.1373 -40.5302 21.9079 1650410902238 326898.5000 -0.1979
-23.6327 79.7751 -39.0378 23.7283 1650410902266 326927.5000 -0.1979
-23.1942 80.8387 -39.8104 15.9653 1650410902295 326956.5000 -0.1979
-23.4851 79.6229 -37.3635 20.4288 1650410902324 326985.5000 -0.1979
-23.6351 79.5799 -37.1534 17.0933 1650410902353 327014.5000 -0.1979
-23.9968 79.8110 -36.0619 21.7162 1650410902382 327043.5000 -0.1979
-23.9324 80.0275 -35.3335 22.6654 1650410902411 327072.5000 -0.1979
-23.2221 80.1785 -35.4258 20.8147 1650410902441 327101.2500 -0.1979
-24.1382 79.7482 -34.3445 17.6444 1650410902470 327130.5000 -0.1979
-23.7971 80.0251 -34.4811 18.8305 1650410902499 327159.5000 -0.1976
-23.4837 80.8190 -35.1140 15.5020 1650410902527 327188.5000 -0.1974
-24.0962 80.1252 -34.3841 15.8544 1650410902556 327217.5000 -0.1974
-23.4055 80.8545 -35.9669 11.9482 1650410902585 327246.5000 -0.1974
-23.0861 80.8509 -36.4542 17.2545 1650410902614 327275.2500 -0.1971
-24.0748 79.9278 -36.3143 18.9505 1650410902643 327304.2500 -0.1969
-23.8191 80.1432 -37.0473 18.6148 1650410902672 327333.2500 -0.1969
-23.9469 80.1649 -38.4371 27.4296 1650410902701 327363.5000 -0.1969
-24.0696 80.3265 -38.6140 18.6929 1650410902730 327390.5000 -0.1969
-24.3954 80.1525 -39.9005 22.3630 1650410902759 327420.0000 -0.1969
-24.5680 79.8833 -40.5654 16.6156 1650410902788 327448.5000 -0.1971
-24.1902 79.9942 -42.0542 18.5576 1650410902818 327478.0000 -0.1974
-24.3105 80.5067 -42.3499 17.0217 1650410902846 327507.0000 -0.1974
-24.0257 79.9941 -43.8190 15.2915 1650410902875 327536.0000 -0.1974
-24.1953 80.0138 -43.8670 14.8811 1650410902904 327565.0000 -0.1976
-24.1577 80.3613 -44.6226 18.2602 1650410902933 327594.0000 -0.1979
-23.7640 80.4439 -44.9533 16.8246 1650410902962 327623.0000 -0.1979
-20.0480 76.1777 -48.7898 12.2622 1650410902991 327652.0000 -0.1974
-24.1047 79.7768 -45.3998 15.9890 1650410903020 327681.0000 -0.1976
-24.0757 79.7764 -44.9245 14.1651 1650410903049 327709.7500 -0.1979
-24.3901 79.8076 -44.2734 11.9184 1650410903078 327738.7500 -0.1979
-24.2609 79.9246 -44.2515 11.1003 1650410903106 327767.7500 -0.1979
-24.4978 79.2362 -43.5008 14.4136 1650410903135 327796.5000 -0.1979
-12.6788 67.4790 -54.5168 14.9816 1650410903164 327825.5000 -0.1979
-24.4526 79.1912 -41.8164 17.3173 1650410903194 327854.5000 -0.1979
-24.1794 79.7891 -40.5211 14.8469 1650410903223 327883.0000 -0.1979
-23.7358 79.1864 -40.4579 16.3388 1650410903252 327912.2500 -0.1979
-23.6893 79.7088 -38.8675 21.6562 1650410903281 327941.5000 -0.1976
-23.4680 79.3730 -38.4105 15.6105 1650410903310 327970.5000 -0.1974
-23.6579 79.7557 -37.0984 22.4508 1650410903339 327999.5000 -0.1974
-24.3654 79.8079 -36.6081 17.4485 1650410903367 328028.5000 -0.1974
-23.6553 79.5105 -35.8249 18.8791 1650410903397 328057.5000 -0.1974
-23.5129 79.5481 -35.5528 18.0911 1650410903425 328086.5000 -0.1974
-23.0277 80.9272 -35.9652 14.8139 1650410903454 328115.5000 -0.1974
-23.9039 79.7582 -34.6950 16.5197 1650410903483 328143.5000 -0.1974
-23.5965 79.8491 -34.5383 17.5845 1650410903512 328173.5000 -0.1971
-23.9545 80.1336 -34.6462 17.2997 1650410903541 328202.5000 -0.1969
-24.0683 80.2458 -34.5335 18.5828 1650410903570 328232.2500 -0.1969
-23.3746 80.8077 -36.0629 21.2913 1650410903600 328260.5000 -0.1969
-23.6265 80.0746 -36.2557 12.6959 1650410903629 328289.5000 -0.1973
-23.8373 80.0495 -36.3163 19.1475 1650410903658 328318.5000 -0.1974
-23.7965 79.7612 -37.7933 15.8696 1650410903686 328347.5000 -0.1974
-24.7285 80.5269 -38.9296 24.7960 1650410903716 328376.5000 -0.1974
-23.6213 80.5283 -39.2082 18.7467 1650410903744 328405.2500 -0.1974
-24.2002 79.7944 -40.4756 23.3305 1650410903773 328434.2500 -0.1974
-23.7280 80.4963 -41.1425 17.9797 1650410903802 328463.2500 -0.1976
-24.0745 80.3130 -41.5068 23.1007 1650410903831 328492.0000 -0.1979
-23.9023 80.8166 -42.7127 15.1458 1650410903860 328521.0000 -0.1979
-24.1942 79.9474 -43.6730 17.2254 1650410903889 328550.0000 -0.1979
-24.3404 79.9607 -43.8085 16.0160 1650410903918 328579.0000 -0.1979
-24.0439 80.3701 -44.6586 15.3514 1650410903947 328608.0000 -0.1979
-10.1911 66.4513 -58.6298 17.6807 1650410903977 328637.0000 -0.1979
-24.1979 80.2167 -44.6865 14.7023 1650410904005 328665.0000 -0.1979
-24.1129 80.0800 -44.9161 18.5564 1650410904034 328695.0000 -0.1979
-20.7719 76.3361 -48.2330 15.1678 1650410904063 328724.0000 -0.1979
-25.4306 80.7929 -43.5733 14.0279 1650410904092 328753.0000 -0.1979
-17.2950 73.1572 -50.8125 13.4517 1650410904121 328782.0000 -0.1979
-11.0692 66.2576 -56.3965 12.6838 1650410904150 328810.7500 -0.1979
-24.1089 79.4714 -42.1319 16.9658 1650410904179 328839.7500 -0.1976
-24.0878 79.6607 -41.5183 14.0710 1650410904208 328868.7500 -0.1974
-23.9405 79.3989 -40.5960 19.5251 1650410904237 328898.7500 -0.1974
-23.9728 79.6464 -39.8064 19.3665 1650410904265 328927.7500 -0.1974
-23.9667 79.5850 -38.6957 21.4229 1650410904295 328955.5000 -0.1971
-23.5641 79.1666 -38.2784 16.9701 1650410904324 328984.2500 -0.1969
-23.9920 79.7381 -36.8832 17.5711 1650410904353 329013.5000 -0.1969
-23.4879 79.5150 -36.4567 18.3318 1650410904382 329042.5000 -0.1969
-23.3975 79.9666 -35.8630 21.0046 1650410904411 329071.5000 -0.1973
-23.2503 80.1508 -35.4565 22.9574 1650410904440 329100.5000 -0.1974
-23.3430 80.8868 -36.0402 20.0966 1650410904469 329129.5000 -0.1974
-23.3860 79.7694 -34.4709 19.8053 1650410904498 329158.5000 -0.1974
-23.8883 80.3401 -34.3789 15.1032 1650410904527 329187.5000 -0.1974
-24.0778 80.1906 -34.6233 19.7045 1650410904556 329216.5000 -0.1974
-23.3735 80.7050 -35.7023 18.6676 1650410904584 329245.5000 -0.1976
-23.3540 80.2749 -36.0797 12.1264 1650410904613 329274.5000 -0.1979
-23.6128 80.4418 -36.4581 16.3515 1650410904642 329303.5000 -0.1979
-23.8387 80.2016 -36.4790 21.5040 1650410904671 329332.5000 -0.1979
-23.9176 80.7257 -37.9084 23.1110 1650410904700 329361.5000 -0.1979
-24.2893 80.0128 -38.0656 23.6055 1650410904729 329390.5000 -0.1979
-24.4505 80.1801 -39.7365 21.2983 1650410904758 329419.2500 -0.1979
-24.0495 80.1396 -40.1663 19.6070 1650410904788 329447.5000 -0.1979
-13.1555 69.1228 -53.0168 14.3040 1650410904817 329477.5000 -0.1979
-23.6106 80.0901 -42.1684 18.5997 1650410904845 329506.2500 -0.1979
-23.6798 80.4852 -42.9810 17.5124 1650410904875 329535.2500 -0.1979
-24.2557 79.5257 -44.0482 22.2128 1650410904903 329564.2500 -0.1983
-24.6753 80.4779 -43.7586 15.4676 1650410904932 329593.2500 -0.1984
-23.9332 80.1936 -44.5281 18.6846 1650410904961 329622.0000 -0.1980
-24.1625 80.0745 -44.8558 16.7335 1650410904990 329651.0000 -0.1979
-24.1376 80.0496 -44.8807 17.0832 1650410904997 329658.0000 -0.1979
