16.0477 -88.3505 -58.4009 43.1977 1685219446609 88.2500 -0.0563
16.4648 -88.4824 -58.3029 52.6878 1685219446641 121.0000 -0.0471
15.5483 -88.0068 -59.0110 39.3736 1685219446673 154.0000 -0.0380
15.2351 -88.4601 -59.0544 53.3084 1685219446708 186.5000 -0.0319
15.6989 -88.2066 -59.3207 41.2108 1685219446740 219.0000 -0.0258
16.6108 -87.4762 -59.0175 59.4478 1685219446772 252.0000 -0.0197
16.2850 -88.1665 -58.2811 36.5685 1685219446805 284.5000 -0.0094
17.4487 -87.4398 -58.7135 32.2419 1685219446838 317.0000 -0.0094
17.5834 -86.5065 -59.0791 46.5874 1685219446870 350.0000 -0.0043
17.4830 -85.9858 -59.4011 31.9241 1685219446903 382.7500 0.0009
16.6461 -87.3239 -58.9398 42.0568 1685219446936 415.0000 0.0089
15.7646 -87.1520 -59.3684 46.4618 1685219446968 448.0000 0.0165
15.1458 -88.0128 -59.6451 45.1692 1685219447000 480.7500 0.0214
14.4970 -88.5727 -58.9701 45.2118 1685219447034 512.5000 0.0260
14.3519 -89.3756 -58.5454 53.0478 1685219447067 545.7500 0.0306
14.1237 -89.8747 -58.1071 41.8127 1685219447099 579.0000 0.0326
14.6593 -90.8211 -57.5396 37.9429 1685219447133 611.2500 0.0385
15.7412 -90.0719 -56.8561 42.4836 1685219447165 644.0000 0.0405
15.1002 -90.5577 -58.7648 36.0931 1685219447197 344.5000 0.0468
14.7582 -90.6295 -60.1723 32.4304 1685219447230 44.5000 0.0526
16.3815 -89.8736 -58.7456 35.5747 1685219447263 77.0000 0.0565
16.9920 -89.6673 -58.1917 70.1952 1685219447295 110.0000 0.0624
17.9552 -89.1870 -58.8925 50.6786 1685219447328 142.5000 0.0635
17.2857 -88.9479 -59.6365 46.6489 1685219447362 174.5000 0.0668
16.3422 -89.6606 -60.4378 46.4226 1685219447394 208.0000 0.0662
17.5822 -89.1492 -59.5330 50.0305 1685219447427 240.5000 0.0643
18.3653 -88.6182 -59.0292 62.1011 1685219447460 273.0000 0.0548
17.1786 -89.1576 -58.8953 39.9418 1685219447492 306.0000 0.0516
18.1942 -87.8985 -58.5698 48.5383 1685219447524 338.7500 0.0465
17.6498 -86.4682 -59.0589 51.5444 1685219447557 371.2500 0.0311
17.1992 -86.0425 -59.4861 46.6047 1685219447590 404.0000 0.0096
16.5984 -87.3885 -58.6996 36.9245 1685219447622 437.0000 0.0096
15.7986 -88.4936 -59.1734 45.9870 1685219447654 469.2500 -0.0133
15.4699 -88.5306 -58.7114 49.8322 1685219447688 502.0000 -0.0258
15.2850 -88.9241 -58.3238 42.4801 1685219447720 535.0000 -0.0382
15.0529 -89.6034 -57.1851 41.9715 1685219447752 567.5000 -0.0382
15.0707 -90.5818 -56.4715 46.9023 1685219447786 600.0000 -0.0554
15.7290 -89.6789 -55.1520 39.2343 1685219447818 633.0000 -0.0612
15.9502 -90.0079 -55.4744 34.6849 1685219447850 665.0000 -0.0832
14.8166 -89.6808 -58.1688 31.8734 1685219447884 525.5000 -0.1071
15.5276 -88.5800 -58.2039 25.7406 1685219447917 41.0000 -0.1071
17.3306 -88.3649 -57.8650 34.7012 1685219447949 73.5000 -0.1118
18.0728 -87.9094 -57.6961 70.3739 1685219447982 106.0000 -0.1261
18.2560 -87.5329 -57.9647 45.6233 1685219448015 139.0000 -0.1339
17.9181 -87.5771 -58.2096 36.1860 1685219448047 171.7500 -0.1458
17.7990 -87.5956 -58.0779 38.5920 1685219448079 204.0000 -0.1579
18.2593 -87.0751 -57.9091 65.2970 1685219448113 237.0000 -0.1615
18.2996 -87.1288 -57.5518 31.6662 1685219448145 269.2500 -0.1725
19.0787 -86.6002 -57.4333 59.3971 1685219448177 302.2500 -0.1758
18.5764 -85.6756 -57.5540 54.2251 1685219448211 334.7500 -0.1857
17.4780 -85.0638 -57.9782 50.6108 1685219448244 368.0000 -0.1857
16.7685 -86.0232 -57.7583 46.4280 1685219448276 400.2500 -0.1965
15.6788 -86.4196 -57.3076 39.9332 1685219448309 433.0000 -0.2011
14.8650 -87.5117 -57.7576 40.7111 1685219448342 466.0000 -0.2082
14.6184 -87.9943 -57.2612 33.8814 1685219448374 498.5000 -0.2155
13.9821 -88.1283 -57.1306 39.8370 1685219448406 531.0000 -0.2175
13.7464 -88.7563 -56.2640 45.1416 1685219448440 564.0000 -0.2233
13.7397 -89.2666 -55.8076 33.7988 1685219448472 596.5000 -0.2247
13.2103 -89.4757 -56.3128 40.9557 1685219448504 629.0000 -0.2287
13.2285 -89.5239 -56.8218 31.5211 1685219448537 662.0000 -0.2331
14.4954 -88.5338 -57.0435 29.5676 1685219448570 523.2500 -0.2346
16.1286 -87.4546 -57.8654 44.1009 1685219448602 41.0000 -0.2380
17.1824 -87.3346 -57.2287 61.3386 1685219448636 73.5000 -0.2380
17.6317 -86.8047 -57.2368 56.4799 1685219448669 106.5000 -0.2391
16.7332 -86.5040 -57.7745 46.8948 1685219448701 139.2500 -0.2394
16.6375 -86.7890 -57.8251 50.1704 1685219448733 172.0000 -0.2397
17.4951 -86.6337 -57.2973 48.0479 1685219448767 205.0000 -0.2399
17.7684 -86.8917 -56.3655 38.2905 1685219448799 237.2500 -0.2404
18.0801 -86.7479 -56.9354 30.7869 1685219448831 270.0000 -0.2397
18.1127 -85.7139 -56.3125 54.8998 1685219448865 303.0000 -0.2394
17.1448 -85.2378 -56.5687 38.5558 1685219448897 335.5000 -0.2394
15.5614 -85.9040 -56.5530 39.7571 1685219448929 368.0000 -0.2375
15.0959 -85.8950 -56.9545 33.9563 1685219448962 400.7500 -0.2357
13.9012 -87.2398 -57.7574 43.5686 1685219448995 433.5000 -0.2350
13.4890 -87.7271 -57.4214 37.8441 1685219449028 465.7500 -0.2344
13.0356 -88.1306 -56.7781 53.9979 1685219449060 499.0000 -0.2326
12.9109 -88.3697 -56.5304 32.4411 1685219449094 531.5000 -0.2263
12.5450 -88.9272 -56.1167 35.1707 1685219449126 564.0000 -0.2250
12.5017 -89.4386 -56.4513 25.6982 1685219449158 597.0000 -0.2214
11.4478 -88.9038 -57.2273 28.2301 1685219449192 629.7500 -0.2184
12.1224 -88.8301 -58.1847 28.9386 1685219449224 497.7500 -0.2175
14.5453 -87.8579 -57.6588 26.9173 1685219449256 38.0000 -0.2175
15.6851 -87.4705 -56.9532 65.1975 1685219449289 70.7500 -0.2126
16.2571 -87.0772 -56.8045 38.9269 1685219449322 103.2500 -0.2114
15.8911 -86.9016 -57.7367 40.4757 1685219449354 136.0000 -0.2066
15.1304 -87.7034 -56.9776 40.7695 1685219449387 169.0000 -0.2033
15.7671 -87.0307 -57.1460 43.0212 1685219449420 201.2500 -0.2022
16.9076 -86.7085 -56.3129 49.1600 1685219449453 233.2500 -0.1989
15.1006 -87.7965 -57.3814 41.6755 1685219449485 267.0000 -0.1989
16.8162 -85.6651 -56.5785 47.3152 1685219449519 299.5000 -0.1972
15.9432 -84.5681 -57.0447 40.4900 1685219449551 332.0000 -0.1943
14.2435 -85.5610 -56.3782 27.9681 1685219449583 365.0000 -0.1930
12.8701 -86.9824 -57.6241 32.1558 1685219449616 397.5000 -0.1921
12.4304 -87.0441 -57.7003 39.8212 1685219449649 430.0000 -0.1911
12.7109 -87.5351 -57.2886 45.9763 1685219449681 463.0000 -0.1904
12.2460 -88.2100 -56.9251 37.9566 1685219449714 495.7500 -0.1896
11.8256 -88.3086 -56.5140 39.0965 1685219449747 527.7500 -0.1888
11.6403 -88.7465 -55.8707 41.4133 1685219449779 561.0000 -0.1853
11.7461 -88.0174 -55.5078 29.2867 1685219449811 593.5000 -0.1828
12.1063 -88.3128 -56.0477 26.0835 1685219449846 626.2500 -0.1821
11.1102 -89.1261 -57.9832 31.7172 1685219449878 336.0000 -0.1799
11.8522 -89.5138 -58.0062 29.4969 1685219449910 46.0000 -0.1799
14.4881 -87.7963 -57.1018 61.4474 1685219449943 78.2500 -0.1773
15.4784 -86.7893 -57.4235 62.1850 1685219449976 111.0000 -0.1753
15.2650 -86.5115 -57.8730 41.3786 1685219450008 144.0000 -0.1720
14.2181 -87.3455 -57.1758 45.0575 1685219450041 176.5000 -0.1714
14.7708 -86.9091 -57.5826 58.4314 1685219450074 209.0000 -0.1690
16.1210 -86.4850 -57.0119 61.8110 1685219450106 242.0000 -0.1672
15.5754 -87.0046 -56.7999 58.5776 1685219450138 274.5000 -0.1661
16.6404 -86.0661 -57.1108 57.1445 1685219450173 307.0000 -0.1628
16.0629 -85.3229 -57.3417 54.9809 1685219450205 340.0000 -0.1608
15.4694 -85.4231 -57.4341 54.2044 1685219450237 372.5000 -0.1549
14.6479 -85.8071 -57.2350 52.7629 1685219450270 404.7500 -0.1496
14.9658 -85.8007 -57.2792 44.0932 1685219450303 438.0000 -0.1442
14.2168 -86.9277 -56.6293 44.5062 1685219450335 470.7500 -0.1379
12.9677 -88.2325 -57.5763 40.5092 1685219450368 503.0000 -0.1315
12.4414 -88.7540 -57.2847 50.1142 1685219450401 536.0000 -0.1244
11.9970 -89.1693 -56.7350 33.3866 1685219450433 568.7500 -0.1173
11.8827 -89.5531 -56.5275 33.2290 1685219450465 601.2500 -0.1103
12.7703 -88.7255 -56.0823 34.7342 1685219450499 634.0000 -0.1032
12.7191 -88.5565 -57.2235 24.5698 1685219450531 502.2500 -0.0963
12.0245 -89.9237 -59.3221 31.9670 1685219450563 41.0000 -0.0858
15.0540 -88.3242 -58.2017 37.4071 1685219450598 74.0000 -0.0763
15.9450 -87.9100 -58.1362 91.2581 1685219450630 106.7500 -0.0728
15.7729 -87.3009 -58.7691 55.5065 1685219450662 139.5000 -0.0621
15.1623 -87.8896 -58.7939 49.0679 1685219450695 171.7500 -0.0589
15.0994 -88.2368 -58.7498 48.1446 1685219450728 205.0000 -0.0490
15.8232 -87.7107 -58.9245 48.8424 1685219450760 237.5000 -0.0402
17.2240 -87.8235 -57.9543 46.3636 1685219450792 270.0000 -0.0372
15.2852 -88.7324 -59.0612 40.4512 1685219450826 303.0000 -0.0319
16.9377 -86.8789 -58.3685 36.1921 1685219450858 335.7500 -0.0265
16.8839 -86.0530 -58.4422 58.3564 1685219450890 368.0000 -0.0167
16.0878 -86.4298 -58.8081 50.2468 1685219450924 401.0000 -0.0138
15.5298 -87.1322 -58.6538 51.0103 1685219450957 433.7500 -0.0050
15.0451 -87.9611 -58.0791 40.8382 1685219450989 466.2500 -0.0050
14.3764 -88.7299 -58.9942 45.2111 1685219451022 499.0000 0.0053
14.1783 -89.0414 -58.6535 46.8462 1685219451055 530.7500 0.0104
13.9846 -89.7442 -58.1836 45.0177 1685219451087 564.2500 0.0155
13.8556 -90.1463 -58.0108 38.1277 1685219451119 597.0000 0.0201
15.1390 -89.6651 -56.6759 34.1926 1685219451153 630.0000 0.0248
15.8657 -89.8643 -57.0689 36.8222 1685219451185 662.5000 0.0331
14.4646 -90.2790 -60.0492 29.8462 1685219451217 32.0000 0.0331
14.4186 -90.5150 -60.1412 29.0950 1685219451251 65.0000 0.0424
16.3532 -89.3252 -58.4158 62.7998 1685219451283 97.5000 0.0470
17.6124 -88.6600 -59.2912 61.3506 1685219451315 130.0000 0.0516
17.6697 -88.9372 -59.5685 61.3506 1685219451331 146.0000 0.0516
