10.4445 -82.9115 -55.2048 17.5493 1685219446609 88.2500 -0.0563
10.5423 -83.4492 -55.0229 42.6297 1685219446641 121.0000 -0.0471
9.2414 -83.7353 -56.1945 32.1545 1685219446673 154.0000 -0.0380
9.2816 -84.1621 -56.5422 27.9863 1685219446708 186.5000 -0.0319
10.3998 -82.8327 -56.4541 36.5026 1685219446740 219.0000 -0.0258
10.9297 -82.6882 -55.3440 28.6120 1685219446772 252.0000 -0.0197
11.0046 -83.4043 -55.2704 22.4796 1685219446805 284.5000 -0.0094
11.8525 -82.4161 -55.3068 20.8597 1685219446838 317.0000 -0.0094
11.5266 -82.2151 -55.6462 15.7295 1685219446870 350.0000 -0.0043
11.7120 -81.1153 -55.8877 28.1825 1685219446903 382.7500 0.0009
10.7075 -82.0961 -55.4668 31.7018 1685219446936 415.0000 0.0089
11.1822 -81.6204 -56.0585 26.6915 1685219446968 448.0000 0.0165
11.3169 -81.9457 -55.8923 24.7790 1685219447000 480.7500 0.0214
11.4985 -81.8948 -56.0656 19.1136 1685219447034 512.5000 0.0260
11.0787 -83.3694 -56.6223 20.9497 1685219447067 545.7500 0.0306
11.7291 -83.7244 -55.2676 20.2294 1685219447099 579.0000 0.0326
11.6119 -83.3366 -55.6736 25.7224 1685219447133 611.2500 0.0385
12.1078 -83.2115 -55.3303 17.8594 1685219447165 644.0000 0.0405
11.8709 -82.9704 -56.0518 17.2612 1685219447197 344.5000 0.0468
10.3390 -84.5435 -56.9501 17.4347 1685219447230 44.5000 0.0526
11.7851 -83.5982 -56.5015 16.8564 1685219447263 77.0000 0.0565
11.7836 -84.4166 -55.8658 31.4932 1685219447295 110.0000 0.0624
11.9385 -84.3376 -56.4003 33.3733 1685219447328 142.5000 0.0635
11.2019 -84.8099 -57.5262 29.5296 1685219447362 174.5000 0.0668
11.5261 -84.7910 -57.4028 33.1834 1685219447394 208.0000 0.0662
11.9000 -83.9682 -56.3327 28.4698 1685219447427 240.5000 0.0643
12.5080 -83.6861 -56.0420 47.6313 1685219447460 273.0000 0.0548
11.8525 -84.7941 -55.5221 25.6313 1685219447492 306.0000 0.0516
12.6244 -83.2967 -55.2916 21.1051 1685219447524 338.7500 0.0465
12.1850 -81.7350 -56.1224 28.4677 1685219447557 371.2500 0.0311
12.1607 -81.4404 -56.6160 24.3381 1685219447590 404.0000 0.0096
12.1042 -81.6044 -56.4627 24.8418 1685219447622 437.0000 0.0096
11.9942 -81.4834 -55.9639 21.6524 1685219447654 469.2500 -0.0133
12.0675 -81.5646 -56.5808 24.0196 1685219447688 502.0000 -0.0258
12.2108 -82.2005 -55.8592 14.3285 1685219447720 535.0000 -0.0382
11.0510 -83.6028 -54.7447 21.3489 1685219447752 567.5000 -0.0382
10.7459 -84.5315 -54.7208 19.3135 1685219447786 600.0000 -0.0554
10.3199 -83.0305 -52.2624 14.0232 1685219447818 633.0000 -0.0612
11.5814 -82.4330 -55.4326 13.7103 1685219447850 665.0000 -0.0832
9.5872 -83.9622 -55.8308 18.0213 1685219447884 525.5000 -0.1071
10.3485 -84.7289 -56.2135 24.7776 1685219447917 41.0000 -0.1071
11.4811 -83.2325 -54.4543 18.7365 1685219447949 73.5000 -0.1118
12.5299 -82.8752 -55.1105 44.6753 1685219447982 106.0000 -0.1261
12.0699 -83.2411 -55.2139 43.4934 1685219448015 139.0000 -0.1339
11.4907 -83.7218 -56.4220 31.3093 1685219448047 171.7500 -0.1458
11.8288 -83.0908 -55.2555 28.6123 1685219448079 204.0000 -0.1579
12.5756 -82.5372 -55.1362 33.9353 1685219448113 237.0000 -0.1615
12.2784 -83.1135 -54.3258 28.6538 1685219448145 269.2500 -0.1725
12.9431 -82.7598 -54.1133 20.2615 1685219448177 302.2500 -0.1758
13.0576 -80.8946 -54.7460 26.0649 1685219448211 334.7500 -0.1857
11.7109 -81.0057 -54.4566 39.0004 1685219448244 368.0000 -0.1857
11.0198 -81.1880 -54.7086 29.0429 1685219448276 400.2500 -0.1965
10.8763 -80.7236 -54.6432 29.3007 1685219448309 433.0000 -0.2011
10.6849 -81.6470 -54.2707 21.9346 1685219448342 466.0000 -0.2082
10.6085 -82.2214 -53.6297 23.3604 1685219448374 498.5000 -0.2155
9.6297 -83.0803 -54.3928 25.6985 1685219448406 531.0000 -0.2175
9.4544 -83.9754 -53.8061 17.2651 1685219448440 564.0000 -0.2233
10.4820 -82.5608 -52.8128 14.8597 1685219448472 596.5000 -0.2247
8.5617 -84.7064 -53.4746 12.4137 1685219448504 629.0000 -0.2287
8.9806 -84.5493 -54.2382 16.8268 1685219448537 662.0000 -0.2331
8.7750 -84.5053 -55.1201 20.7945 1685219448570 523.2500 -0.2346
10.5221 -82.0638 -54.6838 16.2650 1685219448602 41.0000 -0.2380
11.6483 -82.5568 -54.5371 48.0806 1685219448636 73.5000 -0.2380
11.3418 -82.5331 -53.9876 50.2714 1685219448669 106.5000 -0.2391
10.8142 -82.5487 -54.4241 30.1783 1685219448701 139.2500 -0.2394
10.7024 -82.4246 -54.5421 29.9496 1685219448733 172.0000 -0.2397
11.3877 -81.9309 -54.5709 29.7311 1685219448767 205.0000 -0.2399
12.3137 -82.1815 -54.2307 37.2189 1685219448799 237.2500 -0.2404
11.6244 -82.9402 -54.8119 28.4271 1685219448831 270.0000 -0.2397
12.3954 -80.7810 -54.2599 27.5720 1685219448865 303.0000 -0.2394
10.8761 -80.8096 -53.7248 30.7547 1685219448897 335.5000 -0.2394
10.7921 -80.7480 -54.2952 26.8321 1685219448929 368.0000 -0.2375
9.2346 -81.2250 -53.4201 19.0140 1685219448962 400.7500 -0.2357
8.7780 -82.0048 -54.8522 20.5723 1685219448995 433.5000 -0.2350
8.6909 -82.1464 -55.0305 27.7902 1685219449028 465.7500 -0.2344
8.6267 -82.9120 -54.5027 21.2580 1685219449060 499.0000 -0.2326
8.8116 -83.1782 -54.4029 24.7848 1685219449094 531.5000 -0.2263
9.2032 -83.3404 -52.5740 18.2138 1685219449126 564.0000 -0.2250
8.7567 -82.2397 -53.6507 15.0121 1685219449158 597.0000 -0.2214
7.3750 -83.9640 -54.4540 20.3540 1685219449192 629.7500 -0.2184
7.9481 -84.5089 -54.9276 23.8928 1685219449224 497.7500 -0.2175
9.5387 -82.3553 -54.4697 13.3882 1685219449256 38.0000 -0.2175
10.3999 -82.5718 -54.5817 33.0843 1685219449289 70.7500 -0.2126
10.9080 -82.0917 -54.8980 36.5919 1685219449322 103.2500 -0.2114
9.6889 -83.2536 -55.6954 32.4189 1685219449354 136.0000 -0.2066
9.2577 -82.9066 -55.4632 22.3244 1685219449387 169.0000 -0.2033
9.8645 -82.5300 -53.9706 33.0293 1685219449420 201.2500 -0.2022
11.6020 -81.9095 -53.8564 37.8993 1685219449453 233.2500 -0.1989
9.8635 -83.5222 -54.7717 21.0232 1685219449485 267.0000 -0.1989
11.1249 -81.5116 -53.4027 24.0581 1685219449519 299.5000 -0.1972
10.9501 -80.1901 -54.2603 36.4516 1685219449551 332.0000 -0.1943
9.6268 -80.4041 -53.8906 28.3247 1685219449583 365.0000 -0.1930
9.7312 -80.9030 -54.0701 19.5162 1685219449616 397.5000 -0.1921
8.7111 -82.3078 -54.6249 23.5041 1685219449649 430.0000 -0.1911
8.5453 -82.4467 -54.7678 21.4829 1685219449681 463.0000 -0.1904
7.9595 -82.5835 -54.5927 25.5818 1685219449714 495.7500 -0.1896
7.8904 -83.0333 -54.5421 22.3638 1685219449747 527.7500 -0.1888
7.5893 -82.9342 -54.0995 23.2985 1685219449779 561.0000 -0.1853
8.6285 -82.5880 -52.8535 21.1980 1685219449811 593.5000 -0.1828
6.9296 -83.7370 -53.9496 23.0517 1685219449846 626.2500 -0.1821
6.8791 -83.7606 -55.0460 25.4107 1685219449878 336.0000 -0.1799
8.5023 -83.0851 -54.5527 21.2862 1685219449910 46.0000 -0.1799
9.0078 -83.0768 -54.3605 18.8124 1685219449943 78.2500 -0.1773
9.8246 -82.5098 -54.5548 38.6930 1685219449976 111.0000 -0.1753
8.9146 -83.2176 -55.3289 43.6675 1685219450008 144.0000 -0.1720
8.4320 -83.2675 -54.8362 36.6263 1685219450041 176.5000 -0.1714
9.5829 -82.0326 -54.3667 34.6802 1685219450074 209.0000 -0.1690
10.0939 -82.1887 -54.0669 37.5335 1685219450106 242.0000 -0.1672
10.2250 -82.6806 -53.7138 32.5752 1685219450138 274.5000 -0.1661
10.9627 -81.4399 -54.1411 27.3430 1685219450173 307.0000 -0.1628
10.0478 -81.0093 -54.0178 32.3184 1685219450205 340.0000 -0.1608
9.6019 -80.8927 -53.8964 25.7055 1685219450237 372.5000 -0.1549
9.3858 -81.8817 -54.1875 27.1444 1685219450270 404.7500 -0.1496
8.9911 -81.6965 -54.1391 29.0995 1685219450303 438.0000 -0.1442
8.5602 -82.5761 -54.9408 24.5370 1685219450335 470.7500 -0.1379
8.4159 -83.2579 -54.8468 23.3301 1685219450368 503.0000 -0.1315
8.1669 -83.2674 -54.8135 25.7226 1685219450401 536.0000 -0.1244
8.1320 -83.6711 -54.2337 20.1641 1685219450433 568.7500 -0.1173
7.9174 -83.9134 -54.6471 16.8171 1685219450465 601.2500 -0.1103
8.6155 -80.7626 -53.3462 12.0068 1685219450499 634.0000 -0.1032
9.4250 -83.4250 -54.9683 11.3019 1685219450531 502.2500 -0.0963
7.9545 -84.5780 -56.1603 16.7685 1685219450563 41.0000 -0.0858
10.2944 -82.7465 -55.2159 15.0677 1685219450598 74.0000 -0.0763
10.5768 -83.2472 -55.4781 50.6092 1685219450630 106.7500 -0.0728
10.0119 -83.8520 -56.5675 39.5847 1685219450662 139.5000 -0.0621
9.4835 -83.9626 -56.6787 37.4193 1685219450695 171.7500 -0.0589
9.6975 -83.9015 -56.4965 43.6891 1685219450728 205.0000 -0.0490
10.2448 -83.3016 -55.2388 40.1560 1685219450760 237.5000 -0.0402
11.0086 -83.1132 -54.8577 33.5967 1685219450792 270.0000 -0.0372
10.1522 -84.5676 -55.9933 20.6727 1685219450826 303.0000 -0.0319
11.9378 -81.9032 -55.6008 30.3117 1685219450858 335.7500 -0.0265
11.1430 -81.1275 -55.9619 29.8211 1685219450890 368.0000 -0.0167
10.7720 -81.8295 -55.4090 34.7120 1685219450924 401.0000 -0.0138
10.4201 -82.2012 -55.3792 29.3328 1685219450957 433.7500 -0.0050
10.8574 -82.8438 -55.3861 25.0849 1685219450989 466.2500 -0.0050
10.8386 -83.0094 -55.8022 20.7132 1685219451022 499.0000 0.0053
10.0628 -83.6540 -56.3716 25.6658 1685219451055 530.7500 0.0104
10.1680 -84.4238 -55.5483 19.1856 1685219451087 564.2500 0.0155
10.8186 -84.4704 -54.6569 19.7973 1685219451119 597.0000 0.0201
11.0295 -83.2471 -54.7322 18.9943 1685219451153 630.0000 0.0248
11.1070 -83.4211 -54.8827 21.7087 1685219451185 662.5000 0.0331
9.3793 -84.3090 -55.9863 16.7598 1685219451217 32.0000 0.0331
10.1380 -85.4183 -56.9579 21.3471 1685219451251 65.0000 0.0424
11.7415 -83.6658 -56.0990 43.3325 1685219451283 97.5000 0.0470
11.8533 -83.9565 -56.0990 41.0841 1685219451315 130.0000 0.0516
11.5666 -85.0271 -57.1695 41.0841 1685219451331 146.0000 0.0516
