-7.9368 79.0841 -27.9906 0.0000 1650400541107 1922122.2500 -0.1960
-8.0463 79.0229 -28.1014 0.0000 1650400541136 1922151.0000 -0.1960
-7.8564 79.1242 -28.0034 0.0000 1650400541165 1922180.0000 -0.1960
-7.8211 79.1012 -27.9639 0.0000 1650400541194 1922209.0000 -0.1960
-7.8582 79.1378 -27.8946 0.0000 1650400541223 1922237.7500 -0.1960
-7.7715 79.1096 -28.0222 0.0000 1650400541252 1922271.2500 -0.1960
-7.8166 79.1881 -27.9520 0.0000 1650400541280 1922295.5000 -0.1955
-7.7794 79.0700 -27.9592 0.0000 1650400541310 1922324.7500 -0.1955
-7.7847 79.1260 -28.0046 0.0000 1650400541339 1922353.7500 -0.1955
-7.8273 78.9636 -28.1076 0.0000 1650400541368 1922382.7500 -0.1955
-7.7396 79.0932 -27.9605 0.0000 1650400541397 1922411.7500 -0.1955
-7.7257 78.9728 -27.9094 0.0000 1650400541426 1922440.7500 -0.1955
-7.8467 78.8928 -28.1560 0.0000 1650400541455 1922469.7500 -0.1955
-7.7167 79.0696 -27.9798 0.0000 1650400541484 1922499.7500 -0.1955
-7.9042 79.0341 -28.0960 0.0000 1650400541513 1922530.5000 -0.1960
-7.7957 78.9868 -28.0359 0.0000 1650400541542 1922556.7500 -0.1960
-7.8841 79.0051 -28.0044 0.0000 1650400541571 1922588.7500 -0.1957
-7.8771 79.0131 -28.0885 0.0000 1650400541599 1922614.5000 -0.1955
-7.7176 79.0737 -28.0461 0.0000 1650400541629 1922643.7500 -0.1956
-7.8562 78.9697 -27.9906 0.0000 1650400541657 1922672.7500 -0.1960
-7.8264 78.9598 -28.0068 0.0000 1650400541686 1922701.7500 -0.1957
-7.8376 78.9076 -28.0602 0.0000 1650400541715 1922730.7500 -0.1955
-7.7590 78.9381 -28.0645 0.0000 1650400541745 1922759.7500 -0.1955
-7.8909 78.9429 -28.1259 0.0000 1650400541774 1922788.7500 -0.1955
-7.8182 79.0188 -28.0627 0.0000 1650400541803 1922817.7500 -0.1955
-7.8050 79.0040 -28.1057 0.0000 1650400541832 1922846.5000 -0.1960
-7.9170 78.9412 -28.1725 0.0000 1650400541861 1922875.5000 -0.1960
-7.9965 78.8485 -28.2559 0.0000 1650400541890 1922904.2500 -0.1955
-7.9727 79.0167 -28.2385 0.0000 1650400541918 1922933.2500 -0.1955
-7.7696 79.0598 -28.0778 0.0000 1650400541947 1922962.2500 -0.1955
-7.8593 79.0376 -28.1051 0.0000 1650400541976 1922991.2500 -0.1955
-7.7557 79.0172 -28.0566 0.0000 1650400542005 1923020.0000 -0.1955
-7.8098 79.0332 -28.0940 0.0000 1650400542034 1923052.0000 -0.1955
-7.8243 78.9906 -28.1200 0.0000 1650400542063 1923078.2500 -0.1955
-7.6652 79.0968 -27.8938 0.0000 1650400542092 1923107.2500 -0.1955
-7.7362 78.9486 -28.0760 0.0000 1650400542122 1923136.2500 -0.1955
-7.7758 78.9353 -28.0796 0.0000 1650400542151 1923165.2500 -0.1955
-7.8156 79.0308 -28.0530 0.0000 1650400542179 1923194.2500 -0.1955
-7.9096 78.9444 -28.1369 0.0000 1650400542209 1923223.2500 -0.1955
-7.7869 78.8613 -28.2075 0.0000 1650400542237 1923252.0000 -0.1955
-7.8656 78.9764 -28.0887 0.0000 1650400542266 1923283.5000 -0.1955
-7.8672 78.8464 -28.1965 0.0000 1650400542295 1923309.7500 -0.1955
-7.9412 78.9837 -28.0784 0.0000 1650400542324 1923339.0000 -0.1955
-7.8595 78.9977 -28.1424 0.0000 1650400542353 1923369.0000 -0.1955
-7.8503 78.9923 -28.1435 0.0000 1650400542382 1923396.7500 -0.1955
-7.8549 78.8405 -28.2550 0.0000 1650400542411 1923425.7500 -0.1955
-7.8496 78.8384 -28.2582 0.0000 1650400542440 1923454.7500 -0.1955
-7.8527 78.9438 -28.0875 0.0000 1650400542469 1923483.7500 -0.1957
-7.7768 78.9000 -28.0654 0.0000 1650400542498 1923512.7500 -0.1960
-7.8976 78.9573 -28.1539 0.0000 1650400542527 1923541.7500 -0.1960
-7.8678 78.9849 -28.1852 0.0000 1650400542556 1923570.7500 -0.1960
-7.8487 78.8503 -28.1084 0.0000 1650400542585 1923599.7500 -0.1960
-7.9055 78.8485 -28.2015 0.0000 1650400542614 1923628.7500 -0.1960
-7.8018 78.8553 -28.2755 0.0000 1650400542643 1923657.7500 -0.1960
-7.8431 78.9503 -28.2091 0.0000 1650400542672 1923686.7500 -0.1960
-7.8745 78.9087 -28.2054 0.0000 1650400542701 1923715.7500 -0.1960
-7.8225 78.9298 -28.2196 0.0000 1650400542730 1923744.7500 -0.1960
-7.7904 78.9311 -28.3463 0.0000 1650400542758 1923773.7500 -0.1960
-7.7732 78.9958 -28.1350 0.0000 1650400542788 1923805.2500 -0.1960
-7.8818 78.7692 -28.1611 0.0000 1650400542816 1923831.2500 -0.1960
-7.9251 78.8046 -28.2895 0.0000 1650400542845 1923860.7500 -0.1955
-7.9298 78.7379 -28.3458 0.0000 1650400542874 1923889.7500 -0.1955
-7.9194 78.7862 -28.3611 0.0000 1650400542904 1923918.7500 -0.1955
-7.8688 78.9072 -28.2368 0.0000 1650400542933 1923947.5000 -0.1955
-7.9435 78.8576 -28.2112 0.0000 1650400542962 1923976.5000 -0.1950
-7.8076 78.9214 -28.2147 0.0000 1650400542991 1924005.5000 -0.1950
-7.8771 78.9564 -28.1061 0.0000 1650400543020 1924035.7500 -0.1950
-7.7328 79.1353 -28.0287 0.0000 1650400543049 1924065.7500 -0.1950
-7.7477 78.9471 -28.1340 0.0000 1650400543077 1924092.2500 -0.1950
-7.8683 78.7790 -28.2569 0.0000 1650400543107 1924121.2500 -0.1950
-7.7241 79.0483 -28.0856 0.0000 1650400543135 1924150.0000 -0.1950
-7.8743 78.8248 -28.1374 0.0000 1650400543164 1924179.2500 -0.1950
-7.8606 78.9133 -28.0813 0.0000 1650400543193 1924208.2500 -0.1955
-7.7537 78.8825 -28.1149 0.0000 1650400543222 1924237.2500 -0.1955
-7.7634 78.9015 -28.1892 0.0000 1650400543251 1924266.2500 -0.1955
-7.9135 78.9052 -28.1453 0.0000 1650400543281 1924295.2500 -0.1955
-7.8327 78.7741 -28.2959 0.0000 1650400543310 1924324.2500 -0.1957
-7.7426 78.9499 -28.0180 0.0000 1650400543338 1924353.2500 -0.1960
-7.7701 78.9905 -28.0922 0.0000 1650400543368 1924382.0000 -0.1960
-7.7499 78.9482 -28.1803 0.0000 1650400543396 1924411.0000 -0.1960
-7.7303 78.8134 -28.2123 0.0000 1650400543425 1924440.0000 -0.1960
-7.9524 78.7762 -28.3393 0.0000 1650400543454 1924468.7500 -0.1960
-7.9371 78.8705 -28.2557 0.0000 1650400543483 1924497.7500 -0.1960
-7.7993 78.8901 -28.1339 0.0000 1650400543512 1924526.7500 -0.1960
-7.8568 78.8422 -28.3196 0.0000 1650400543541 1924557.2500 -0.1960
-7.8736 78.7988 -28.3507 0.0000 1650400543570 1924584.2500 -0.1960
-7.8810 78.8914 -28.1957 0.0000 1650400543599 1924613.7500 -0.1960
-7.7966 78.9363 -28.2296 0.0000 1650400543628 1924642.7500 -0.1960
-7.7934 78.9120 -28.2021 0.0000 1650400543657 1924671.7500 -0.1960
-8.2996 78.5396 -28.0555 0.0000 1650400543687 1924700.7500 -0.1960
-8.0277 78.8903 -27.0760 0.0000 1650400543715 1924729.7500 -0.1960
-8.0595 78.7877 -26.8112 0.0000 1650400543744 1924758.7500 -0.1960
-8.0008 78.5094 -26.1095 0.0000 1650400543773 1924787.7500 -0.1960
-8.0561 78.1311 -25.6533 0.0000 1650400543802 1924819.5000 -0.1955
-7.8188 78.3755 -25.1016 0.0000 1650400543831 1924847.0000 -0.1955
-8.2103 78.1506 -24.3216 0.0000 1650400543860 1924874.7500 -0.1955
-7.8299 78.0679 -23.6097 0.0000 1650400543889 1924904.7500 -0.1955
-7.9225 78.4504 -22.8436 0.0000 1650400543918 1924932.7500 -0.1955
-7.7983 78.2774 -21.9850 0.0000 1650400543947 1924961.7500 -0.1955
-7.7786 78.2588 -21.9367 0.0000 1650400543975 1924990.7500 -0.1955
-7.7629 78.4053 -20.9056 0.0000 1650400544004 1925019.7500 -0.1955
-7.5682 78.3983 -20.5371 0.0000 1650400544033 1925048.5000 -0.1955
-7.1615 78.3685 -20.5212 0.0000 1650400544063 1925077.5000 -0.1955
-7.4006 78.3324 -20.4093 0.0000 1650400544092 1925106.5000 -0.1955
-7.4601 78.6380 -20.4746 0.0000 1650400544121 1925135.2500 -0.1955
-7.7388 78.6058 -20.3659 0.0000 1650400544150 1925164.2500 -0.1955
-7.4580 78.8962 -20.4140 0.0000 1650400544179 1925193.2500 -0.1955
-7.6539 78.6674 -20.3889 0.0000 1650400544208 1925222.2500 -0.1960
-7.5442 78.7299 -20.3910 0.0000 1650400544236 1925251.2500 -0.1960
-7.5696 78.6358 -20.2813 0.0000 1650400544266 1925280.2500 -0.1960
-7.6731 78.6459 -20.4744 0.0000 1650400544294 1925309.2500 -0.1960
-7.7449 78.5551 -20.3754 0.0000 1650400544323 1925339.5000 -0.1960
-7.6558 78.6139 -20.4159 0.0000 1650400544352 1925368.2500 -0.1960
-7.6156 78.6322 -20.4136 0.0000 1650400544381 1925396.2500 -0.1960
-7.6841 78.6961 -20.3874 0.0000 1650400544410 1925425.2500 -0.1960
-7.6189 78.7094 -20.2907 0.0000 1650400544439 1925454.2500 -0.1960
-7.6682 78.7889 -20.2755 0.0000 1650400544469 1925483.0000 -0.1960
-7.6654 78.7822 -20.1897 0.0000 1650400544498 1925512.0000 -0.1960
-7.5800 78.7265 -20.3276 0.0000 1650400544527 1925541.0000 -0.1960
-7.6335 78.6584 -20.4193 0.0000 1650400544555 1925570.0000 -0.1960
-7.6522 78.6402 -20.3352 0.0000 1650400544584 1925600.0000 -0.1955
-7.6909 78.7139 -20.3507 0.0000 1650400544613 1925627.7500 -0.1955
-7.6264 78.7566 -20.3493 0.0000 1650400544642 1925658.2500 -0.1955
-7.5148 78.7948 -20.1677 0.0000 1650400544671 1925687.0000 -0.1955
-7.5856 78.7562 -20.1842 0.0000 1650400544700 1925714.7500 -0.1955
-7.5348 78.7905 -20.2080 0.0000 1650400544729 1925743.7500 -0.1955
-7.9777 78.4032 -20.5949 0.0000 1650400544758 1925772.7500 -0.1955
-7.2832 78.6449 -20.3454 0.0000 1650400544789 1925801.7500 -0.1955
-7.5937 78.7388 -20.2241 0.0000 1650400544816 1925830.7500 -0.1955
-7.5059 78.8014 -20.0863 0.0000 1650400544846 1925859.7500 -0.1955
-7.5545 78.8271 -20.0598 0.0000 1650400544874 1925888.7500 -0.1955
-7.6584 78.8349 -20.1595 0.0000 1650400544903 1925917.7500 -0.1955
-7.6407 78.9217 -20.1162 0.0000 1650400544932 1925946.7500 -0.1955
-7.6594 78.7513 -20.1325 0.0000 1650400544961 1925975.7500 -0.1955
-7.5049 78.9554 -20.1479 0.0000 1650400544990 1926004.7500 -0.1955
-7.5280 78.4363 -20.4652 0.0000 1650400545019 1926033.7500 -0.1955
-7.6539 78.7921 -20.1848 0.0000 1650400545048 1926062.7500 -0.1956
-7.6546 78.8407 -20.1250 0.0000 1650400545077 1926093.0000 -0.1960
-7.7264 78.7593 -20.2286 0.0000 1650400545106 1926121.2500 -0.1960
-7.4546 78.6367 -20.4979 0.0000 1650400545134 1926149.7500 -0.1960
-7.6252 78.8144 -20.1418 0.0000 1650400545164 1926178.5000 -0.1960
-7.7823 78.6702 -20.2853 0.0000 1650400545192 1926207.5000 -0.1960
-7.7584 78.7447 -20.2606 0.0000 1650400545222 1926236.2500 -0.1960
-7.6585 78.6876 -20.3463 0.0000 1650400545251 1926265.0000 -0.1960
-7.7662 78.6819 -20.2382 0.0000 1650400545280 1926294.2500 -0.1958
-7.7901 78.7300 -20.3190 0.0000 1650400545309 1926323.2500 -0.1955
-7.5199 78.4561 -20.5608 0.0000 1650400545338 1926353.5000 -0.1955
-7.6517 78.7306 -20.9113 0.0000 1650400545367 1926384.0000 -0.1960
-7.4191 78.6826 -21.9489 0.0000 1650400545396 1926410.2500 -0.1960
-7.5108 78.6062 -22.3689 0.0000 1650400545425 1926440.5000 -0.1955
-7.5615 78.6494 -23.0246 0.0000 1650400545453 1926468.2500 -0.1955
-7.1652 78.6909 -23.6990 0.0000 1650400545482 1926497.2500 -0.1955
-7.6163 78.3603 -24.3498 0.0000 1650400545511 1926526.2500 -0.1955
-7.5821 78.4252 -24.8736 0.0000 1650400545540 1926555.2500 -0.1955
-7.2763 78.4861 -25.6535 0.0000 1650400545569 1926584.2500 -0.1955
-7.5243 77.9634 -26.5526 0.0000 1650400545598 1926613.0000 -0.1955
-7.5886 78.4491 -27.0053 0.0000 1650400545628 1926642.0000 -0.1955
-7.8669 78.3643 -27.7647 0.0000 1650400545657 1926671.0000 -0.1960
-7.7447 78.0901 -28.7078 0.0000 1650400545686 1926699.7500 -0.1960
-7.5955 78.6878 -29.0535 0.0000 1650400545714 1926728.7500 -0.1962
-7.5976 78.2356 -29.7967 0.0000 1650400545744 1926757.7500 -0.1955
-7.8867 78.5990 -30.2828 0.0000 1650400545772 1926786.7500 -0.1957
-7.8284 78.6567 -31.0854 0.0000 1650400545801 1926815.7500 -0.1960
-8.1527 78.2858 -31.9350 0.0000 1650400545830 1926844.7500 -0.1960
-7.7555 78.9715 -32.3909 0.0000 1650400545859 1926874.7500 -0.1960
-7.9231 78.4545 -33.2472 0.0000 1650400545888 1926902.5000 -0.1960
-8.0895 78.4997 -33.9517 0.0000 1650400545917 1926931.7500 -0.1960
-7.8571 78.7145 -34.2952 0.0000 1650400545946 1926960.7500 -0.1960
-7.9386 78.5465 -34.7831 0.0000 1650400545975 1926989.7500 -0.1960
-7.6831 78.4878 -35.8198 0.0000 1650400546004 1927018.7500 -0.1960
-7.9502 78.7057 -35.9399 0.0000 1650400546033 1927047.7500 -0.1960
-7.5210 78.4736 -36.6752 0.0000 1650400546062 1927076.7500 -0.1960
-7.9032 78.6907 -37.3416 0.0000 1650400546091 1927105.7500 -0.1960
-7.7559 78.5013 -38.0112 0.0000 1650400546120 1927138.7500 -0.1960
-7.9111 78.3528 -38.4596 0.0000 1650400546149 1927163.2500 -0.1960
-7.6672 78.6185 -38.9039 0.0000 1650400546178 1927192.7500 -0.1960
-7.8920 78.2811 -39.5377 0.0000 1650400546207 1927224.5000 -0.1960
-8.0188 78.4687 -39.7822 0.0000 1650400546236 1927250.7500 -0.1960
-8.0453 78.4111 -40.3771 0.0000 1650400546265 1927279.7500 -0.1960
-8.0582 78.2389 -40.7159 0.0000 1650400546293 1927308.5000 -0.1960
-7.6507 78.5209 -40.8006 0.0000 1650400546323 1927337.5000 -0.1955
-7.9663 78.6792 -41.0034 0.0000 1650400546351 1927366.2500 -0.1955
-7.7109 78.2662 -41.9040 0.0000 1650400546381 1927395.2500 -0.1955
-7.8399 78.1417 -42.2146 0.0000 1650400546410 1927424.2500 -0.1955
-8.3502 77.8274 -42.6244 0.0000 1650400546439 1927453.2500 -0.1955
-8.0341 78.3361 -42.4145 0.0000 1650400546468 1927482.2500 -0.1955
-7.9367 78.3316 -42.5473 0.0000 1650400546497 1927511.2500 -0.1955
-7.9754 78.8322 -42.4009 0.0000 1650400546526 1927540.2500 -0.1955
-7.7333 78.3429 -42.7090 0.0000 1650400546555 1927569.2500 -0.1955
-8.1734 78.2896 -43.2352 0.0000 1650400546584 1927598.2500 -0.1955
-8.0116 78.3356 -43.1839 0.0000 1650400546612 1927627.2500 -0.1955
-7.9889 78.3349 -43.3158 0.0000 1650400546641 1927658.7500 -0.1955
-7.9356 78.4882 -42.9365 0.0000 1650400546670 1927685.0000 -0.1957
-7.6886 78.3133 -43.1406 0.0000 1650400546699 1927714.0000 -0.1960
-7.8026 78.4042 -43.1450 0.0000 1650400546728 1927743.0000 -0.1960
-7.7730 78.4434 -43.1442 0.0000 1650400546757 1927772.0000 -0.1960
-7.8802 78.3271 -43.1289 0.0000 1650400546787 1927800.7500 -0.1960
-7.8948 78.3312 -43.0313 0.0000 1650400546816 1927829.7500 -0.1960
-7.7263 78.4609 -42.7587 0.0000 1650400546845 1927858.7500 -0.1961
-7.5910 78.8550 -42.4907 0.0000 1650400546873 1927887.7500 -0.1965
-7.7688 78.8349 -42.2742 0.0000 1650400546903 1927918.0000 -0.1965
-7.7977 78.6828 -42.0667 0.0000 1650400546931 1927945.7500 -0.1960
-7.5227 78.8315 -41.7390 0.0000 1650400546960 1927977.7500 -0.1959
-7.6979 78.8147 -41.3255 0.0000 1650400546989 1928003.5000 -0.1960
-7.7175 78.6535 -41.1786 0.0000 1650400547018 1928032.7500 -0.1960
-8.0028 78.4017 -40.9745 0.0000 1650400547047 1928061.7500 -0.1960
-7.7854 78.7847 -40.6387 0.0000 1650400547076 1928090.7500 -0.1960
-7.5942 78.7903 -39.9717 0.0000 1650400547105 1928119.7500 -0.1960
-7.5257 78.6043 -39.5846 0.0000 1650400547134 1928148.7500 -0.1960
-7.3731 78.4748 -39.3510 0.0000 1650400547163 1928177.7500 -0.1960
-7.6592 78.7287 -38.8670 0.0000 1650400547192 1928206.7500 -0.1960
-7.4325 78.6367 -38.6938 0.0000 1650400547222 1928235.7500 -0.1955
-7.5944 78.8699 -37.8684 0.0000 1650400547250 1928264.7500 -0.1955
-7.3171 78.5104 -37.3651 0.0000 1650400547279 1928293.7500 -0.1955
-7.6760 78.8104 -36.7749 0.0000 1650400547308 1928322.7500 -0.1955
-7.5278 78.4952 -36.5520 0.0000 1650400547337 1928351.7500 -0.1955
-7.6830 78.5239 -35.9388 0.0000 1650400547366 1928380.7500 -0.1955
-7.6876 79.0207 -34.9902 0.0000 1650400547395 1928409.0000 -0.1955
-8.0272 78.6835 -34.4834 0.0000 1650400547424 1928441.5000 -0.1955
-7.6142 78.6150 -33.8351 0.0000 1650400547453 1928467.2500 -0.1957
-7.9681 79.0866 -33.2174 0.0000 1650400547482 1928496.2500 -0.1960
-8.1124 78.7505 -32.7081 0.0000 1650400547510 1928525.2500 -0.1960
-7.9026 78.8621 -31.8408 0.0000 1650400547540 1928554.2500 -0.1960
-7.9427 78.8590 -31.3204 0.0000 1650400547569 1928583.2500 -0.1960
-8.0277 78.7664 -30.5359 0.0000 1650400547598 1928612.2500 -0.1960
-7.6042 78.6717 -30.1490 0.0000 1650400547627 1928641.2500 -0.1960
-7.7944 78.8313 -29.2616 0.0000 1650400547656 1928673.0000 -0.1965
-8.0341 78.6981 -28.4648 0.0000 1650400547685 1928699.0000 -0.1965
-7.6166 78.6220 -27.9867 0.0000 1650400547714 1928728.2500 -0.1965
-7.9286 78.6250 -26.9448 0.0000 1650400547743 1928758.5000 -0.1965
-7.6911 78.6039 -26.7620 0.0000 1650400547771 1928786.2500 -0.1960
-7.7306 78.6853 -25.5121 0.0000 1650400547801 1928815.0000 -0.1960
-7.6254 78.3578 -25.1906 0.0000 1650400547829 1928844.0000 -0.1965
-7.5941 78.8560 -24.1329 0.0000 1650400547858 1928873.0000 -0.1965
-7.9536 78.4439 -23.5272 0.0000 1650400547887 1928902.0000 -0.1960
-7.6749 78.6532 -23.0800 0.0000 1650400547916 1928930.7500 -0.1960
-7.7732 78.7118 -22.3899 0.0000 1650400547946 1928959.7500 -0.1960
-7.7786 78.5035 -21.6110 0.0000 1650400547975 1928988.7500 -0.1960
-7.5114 78.7311 -21.3287 0.0000 1650400548004 1929017.7500 -0.1960
-7.8810 78.7036 -20.5530 0.0000 1650400548033 1929046.7500 -0.1960
-7.3924 78.2089 -20.6062 0.0000 1650400548062 1929075.7500 -0.1960
-7.1980 78.4723 -20.6606 0.0000 1650400548090 1929104.7500 -0.1960
-7.5088 78.7445 -20.1610 0.0000 1650400548119 1929133.7500 -0.1957
-7.6055 78.4677 -20.3107 0.0000 1650400548148 1929162.7500 -0.1955
-7.6088 78.7179 -20.1533 0.0000 1650400548177 1929194.5000 -0.1955
-7.3378 78.4525 -20.5565 0.0000 1650400548206 1929220.5000 -0.1955
-7.6472 78.6723 -20.3602 0.0000 1650400548235 1929249.7500 -0.1955
-7.6126 78.6883 -20.2886 0.0000 1650400548264 1929278.7500 -0.1955
-7.7065 78.8702 -20.2327 0.0000 1650400548293 1929307.7500 -0.1955
-7.6877 78.7402 -20.2883 0.0000 1650400548322 1929336.7500 -0.1955
-7.5367 78.8694 -20.1855 0.0000 1650400548351 1929365.7500 -0.1957
-7.8143 78.8347 -20.2874 0.0000 1650400548381 1929394.7500 -0.1960
-7.5499 78.7290 -20.3080 0.0000 1650400548409 1929425.0000 -0.1960
-7.5875 78.8168 -20.2229 0.0000 1650400548438 1929454.7500 -0.1960
-7.6789 78.6919 -20.3002 0.0000 1650400548467 1929481.7500 -0.1961
-7.5131 78.7829 -20.1418 0.0000 1650400548496 1929510.5000 -0.1965
-7.5828 78.9269 -20.1495 0.0000 1650400548525 1929539.2500 -0.1965
-7.6223 78.8516 -20.2503 0.0000 1650400548554 1929568.5000 -0.1965
-7.6263 78.9330 -20.2588 0.0000 1650400548583 1929597.2500 -0.1965
-7.4967 78.9397 -20.1074 0.0000 1650400548612 1929626.2500 -0.1965
-7.7272 78.8831 -20.2447 0.0000 1650400548641 1929655.2500 -0.1965
-7.5789 78.8826 -20.1990 0.0000 1650400548669 1929684.2500 -0.1965
-7.3920 78.9199 -20.0716 0.0000 1650400548699 1929713.2500 -0.1965
-7.4849 78.9454 -20.0287 0.0000 1650400548728 1929742.2500 -0.1965
-7.6203 78.7889 -20.2378 0.0000 1650400548757 1929771.2500 -0.1965
-7.5831 78.8807 -20.1749 0.0000 1650400548786 1929800.2500 -0.1960
-7.6020 78.8085 -20.1245 0.0000 1650400548815 1929829.2500 -0.1960
-7.5002 78.8727 -20.1959 0.0000 1650400548844 1929858.2500 -0.1965
-7.5342 78.8006 -20.1783 0.0000 1650400548873 1929887.2500 -0.1965
-7.6276 78.7625 -20.2914 0.0000 1650400548902 1929916.0000 -0.1960
-7.5527 78.8448 -20.2095 0.0000 1650400548930 1929946.5000 -0.1960
-7.6184 78.9252 -20.0694 0.0000 1650400548960 1929976.5000 -0.1960
-7.5517 78.8654 -20.1955 0.0000 1650400548988 1930003.0000 -0.1960
-7.5283 78.8428 -20.1173 0.0000 1650400549017 1930032.0000 -0.1963
-7.5593 78.6950 -20.1778 0.0000 1650400549046 1930060.7500 -0.1960
-7.5074 78.6283 -20.3425 0.0000 1650400549075 1930089.7500 -0.1960
-7.7386 78.7512 -20.2254 0.0000 1650400549104 1930118.7500 -0.1960
-7.6212 78.7898 -20.2091 0.0000 1650400549134 1930147.7500 -0.1960
-7.6741 78.8766 -20.2073 0.0000 1650400549163 1930176.7500 -0.1960
-7.4722 78.8149 -20.2313 0.0000 1650400549192 1930208.5000 -0.1960
-7.6132 78.6920 -20.2745 0.0000 1650400549221 1930234.2500 -0.1960
-7.6276 78.8555 -20.1599 0.0000 1650400549249 1930263.7500 -0.1961
-7.6559 78.7655 -20.2714 0.0000 1650400549279 1930295.2500 -0.1965
-7.6524 78.7898 -20.2245 0.0000 1650400549307 1930321.7500 -0.1965
-7.5777 78.7301 -20.0694 0.0000 1650400549336 1930350.7500 -0.1965
-7.6026 78.7468 -20.1468 0.0000 1650400549365 1930379.7500 -0.1965
-7.4342 78.7607 -21.2320 0.0000 1650400549394 1930408.7500 -0.1965
-7.4532 78.6759 -22.1644 0.0000 1650400549423 1930437.7500 -0.1965
-7.6554 78.5176 -22.4399 0.0000 1650400549452 1930466.7500 -0.1960
-7.5031 78.8499 -23.1575 0.0000 1650400549481 1930495.7500 -0.1961
-7.1498 78.9646 -23.6953 0.0000 1650400549510 1930524.7500 -0.1965
-7.7594 78.5588 -24.3427 0.0000 1650400549540 1930553.7500 -0.1965
-7.4868 78.7434 -25.1223 0.0000 1650400549568 1930582.7500 -0.1960
-7.3477 78.3677 -25.9389 0.0000 1650400549597 1930611.7500 -0.1960
-7.5464 78.2328 -26.6771 0.0000 1650400549626 1930640.5000 -0.1960
-7.3635 78.8690 -27.0430 0.0000 1650400549655 1930669.5000 -0.1960
-7.4819 78.2549 -27.8857 0.0000 1650400549684 1930698.2500 -0.1960
-7.4994 78.4901 -28.4700 0.0000 1650400549713 1930730.0000 -0.1960
-7.7468 78.6027 -29.1570 0.0000 1650400549742 1930757.2500 -0.1960
-8.1858 78.1502 -30.3240 0.0000 1650400549771 1930785.2500 -0.1960
-7.8636 78.7273 -30.6339 0.0000 1650400549800 1930815.5000 -0.1955
-7.9671 78.7437 -30.9664 0.0000 1650400549828 1930843.2500 -0.1955
-7.9769 78.7249 -32.0289 0.0000 1650400549858 1930872.2500 -0.1955
-7.9311 78.9792 -32.5222 0.0000 1650400549887 1930901.2500 -0.1955
-8.0575 78.6156 -33.1154 0.0000 1650400549916 1930930.2500 -0.1955
-7.9098 78.5836 -33.9511 0.0000 1650400549945 1930959.2500 -0.1955
-7.8754 78.7488 -34.1177 0.0000 1650400549974 1930989.0000 -0.1955
-7.9517 78.5458 -35.0766 0.0000 1650400550003 1931017.2500 -0.1955
-7.8200 78.7818 -35.4899 0.0000 1650400550032 1931047.5000 -0.1955
-7.6717 78.3791 -36.2811 0.0000 1650400550061 1931074.2500 -0.1955
-7.7038 78.4900 -37.0547 0.0000 1650400550090 1931104.0000 -0.1960
-7.7622 78.5733 -37.5276 0.0000 1650400550119 1931133.0000 -0.1960
-8.0966 78.6044 -37.8682 0.0000 1650400550147 1931161.7500 -0.1960
-8.0206 78.5463 -38.6866 0.0000 1650400550176 1931190.7500 -0.1960
-7.8200 78.5794 -38.8362 0.0000 1650400550205 1931219.7500 -0.1960
-8.0656 78.2676 -39.6127 0.0000 1650400550234 1931248.7500 -0.1960
-7.9394 78.4178 -40.1411 0.0000 1650400550263 1931277.7500 -0.1960
-8.1591 78.0385 -41.0494 0.0000 1650400550293 1931306.7500 -0.1960
-8.1720 78.3745 -40.9066 0.0000 1650400550322 1931335.7500 -0.1960
-7.9813 78.5959 -40.7771 0.0000 1650400550351 1931364.7500 -0.1960
-7.5756 78.1551 -41.6658 0.0000 1650400550380 1931393.7500 -0.1960
-7.7546 78.3694 -42.0073 0.0000 1650400550408 1931422.7500 -0.1960
-7.9863 78.3314 -42.0243 0.0000 1650400550438 1931451.7500 -0.1960
-8.3413 77.9820 -42.5091 0.0000 1650400550466 1931482.2500 -0.1960
-8.1612 78.2675 -42.5736 0.0000 1650400550495 1931510.5000 -0.1960
-7.8318 78.6101 -42.5294 0.0000 1650400550524 1931538.7500 -0.1955
-7.9950 78.5867 -42.4595 0.0000 1650400550553 1931567.7500 -0.1955
-8.0958 78.4221 -42.9297 0.0000 1650400550582 1931596.7500 -0.1955
-7.7264 78.7734 -42.6614 0.0000 1650400550611 1931625.7500 -0.1955
-8.2884 78.4809 -43.2537 0.0000 1650400550640 1931654.7500 -0.1955
-7.9199 78.3463 -43.2406 0.0000 1650400550669 1931683.7500 -0.1955
-7.8549 78.1664 -43.2499 0.0000 1650400550699 1931712.7500 -0.1955
-7.9971 78.5728 -43.1044 0.0000 1650400550727 1931742.2500 -0.1955
-7.8851 78.4478 -43.3161 0.0000 1650400550757 1931773.5000 -0.1957
-7.8115 78.3583 -43.2922 0.0000 1650400550785 1931799.5000 -0.1960
-7.7516 78.4812 -43.1865 0.0000 1650400550814 1931829.5000 -0.1958
-7.7535 78.4638 -43.1116 0.0000 1650400550843 1931857.2500 -0.1955
-7.6935 78.7915 -42.4409 0.0000 1650400550872 1931886.2500 -0.1957
-7.7082 78.9251 -42.3841 0.0000 1650400550901 1931915.2500 -0.1960
-7.7324 78.7587 -42.0963 0.0000 1650400550930 1931944.2500 -0.1960
-7.7077 78.6987 -41.9174 0.0000 1650400550959 1931973.2500 -0.1960
-7.7582 78.7140 -41.8171 0.0000 1650400550987 1932002.2500 -0.1960
-7.9428 78.9037 -41.3778 0.0000 1650400551017 1932031.2500 -0.1960
-7.8322 78.5324 -41.3979 0.0000 1650400551046 1932060.2500 -0.1960
-7.5885 78.8132 -40.7784 0.0000 1650400551075 1932089.2500 -0.1960
-7.7409 78.6722 -40.5714 0.0000 1650400551104 1932118.2500 -0.1960
-7.5489 78.7046 -40.1899 0.0000 1650400551133 1932147.2500 -0.1965
-7.9953 78.6717 -39.6356 0.0000 1650400551162 1932176.0000 -0.1965
-7.4865 78.6610 -39.2540 0.0000 1650400551191 1932205.0000 -0.1965
-7.6480 78.6110 -39.1584 0.0000 1650400551220 1932234.0000 -0.1965
-7.5402 78.7219 -38.4612 0.0000 1650400551249 1932264.2500 -0.1960
-7.9286 78.6109 -38.0227 0.0000 1650400551278 1932293.0000 -0.1960
-7.7033 78.5798 -37.3695 0.0000 1650400551306 1932320.7500 -0.1960
-7.8012 78.8218 -36.8500 0.0000 1650400551336 1932349.7500 -0.1960
-7.8397 78.7378 -36.0254 0.0000 1650400551364 1932378.7500 -0.1955
-7.7672 78.5543 -35.7783 0.0000 1650400551393 1932407.7500 -0.1955
-7.8710 78.8575 -34.9925 0.0000 1650400551422 1932436.7500 -0.1955
-8.1468 78.8680 -34.3359 0.0000 1650400551452 1932465.7500 -0.1955
-7.5628 78.5080 -33.9691 0.0000 1650400551481 1932494.7500 -0.1950
-7.9616 79.0044 -32.9814 0.0000 1650400551510 1932526.5000 -0.1950
-8.1967 78.8821 -32.3188 0.0000 1650400551539 1932552.5000 -0.1952
-7.6937 78.6025 -31.8428 0.0000 1650400551568 1932581.7500 -0.1955
-7.8058 78.9622 -30.9901 0.0000 1650400551597 1932613.5000 -0.1955
-7.9698 78.8736 -30.3321 0.0000 1650400551625 1932639.7500 -0.1955
-7.5981 78.5546 -30.0088 0.0000 1650400551654 1932668.7500 -0.1955
-7.8632 78.8179 -28.9263 0.0000 1650400551683 1932697.7500 -0.1955
-7.5563 78.5658 -28.4515 0.0000 1650400551712 1932726.7500 -0.1955
-7.7212 78.8181 -27.4701 0.0000 1650400551741 1932755.7500 -0.1955
-7.8365 78.8087 -26.7852 0.0000 1650400551770 1932784.7500 -0.1957
-7.5888 78.3089 -26.4850 0.0000 1650400551799 1932813.7500 -0.1960
-7.9133 78.4947 -25.3422 0.0000 1650400551828 1932842.7500 -0.1960
-7.5143 78.3957 -25.1533 0.0000 1650400551858 1932871.5000 -0.1960
-7.3092 78.3544 -24.4685 0.0000 1650400551886 1932900.5000 -0.1960
-7.9888 78.6225 -23.4790 0.0000 1650400551916 1932929.2500 -0.1960
-7.8152 78.8941 -22.9306 0.0000 1650400551944 1932958.2500 -0.1960
-7.2589 78.3573 -22.3320 0.0000 1650400551973 1932987.2500 -0.1960
-7.7902 78.4958 -21.6306 0.0000 1650400552002 1933016.2500 -0.1960
-7.8384 78.6105 -20.8460 0.0000 1650400552031 1933047.7500 -0.1960
-7.3957 78.3320 -20.7923 0.0000 1650400552060 1933074.0000 -0.1960
-7.4832 78.6240 -20.4111 0.0000 1650400552089 1933103.2500 -0.1960
-7.3624 78.4174 -20.8027 0.0000 1650400552118 1933132.2500 -0.1960
-7.7403 78.7764 -20.3301 0.0000 1650400552147 1933161.2500 -0.1960
-7.8706 78.7306 -20.1440 0.0000 1650400552176 1933190.2500 -0.1960
-7.7434 78.7537 -20.6225 0.0000 1650400552205 1933219.2500 -0.1955
-7.6506 78.8901 -20.5887 0.0000 1650400552234 1933248.2500 -0.1955
-7.7180 78.7939 -20.5143 0.0000 1650400552263 1933276.7500 -0.1955
-7.7642 78.7422 -20.4965 0.0000 1650400552292 1933307.0000 -0.1955
-7.6991 78.7724 -20.4533 0.0000 1650400552321 1933335.0000 -0.1955
-7.7627 78.8107 -20.3209 0.0000 1650400552350 1933365.2500 -0.1955
-7.7668 78.8384 -20.3177 0.0000 1650400552379 1933392.5000 -0.1955
-7.7652 78.8288 -20.4511 0.0000 1650400552408 1933421.7500 -0.1955
-7.7780 78.8478 -20.3437 0.0000 1650400552437 1933450.7500 -0.1955
-7.7120 78.8619 -20.3308 0.0000 1650400552465 1933479.7500 -0.1955
-7.6998 78.7832 -20.3519 0.0000 1650400552495 1933508.7500 -0.1955
-7.7295 78.7755 -20.3489 0.0000 1650400552523 1933537.7500 -0.1955
-7.6098 78.9811 -20.2405 0.0000 1650400552552 1933566.7500 -0.1957
-7.6697 78.8489 -20.2608 0.0000 1650400552581 1933595.7500 -0.1960
-7.6981 78.8935 -20.2405 0.0000 1650400552611 1933624.7500 -0.1960
-7.6869 78.9090 -20.1899 0.0000 1650400552640 1933653.7500 -0.1960
-7.5704 78.9634 -20.1570 0.0000 1650400552669 1933682.7500 -0.1960
-7.7084 78.8457 -20.2902 0.0000 1650400552698 1933711.7500 -0.1960
-7.6985 78.8675 -20.3459 0.0000 1650400552727 1933740.7500 -0.1960
-7.5999 78.8610 -20.2341 0.0000 1650400552756 1933769.7500 -0.1960
-7.5815 78.8423 -20.2448 0.0000 1650400552784 1933799.7500 -0.1960
-7.6858 78.7932 -20.2540 0.0000 1650400552813 1933827.2500 -0.1960
-7.5920 78.9205 -20.1868 0.0000 1650400552842 1933856.7500 -0.1960
-7.6416 79.0020 -20.1924 0.0000 1650400552871 1933885.7500 -0.1960
-7.6704 78.9577 -20.2770 0.0000 1650400552900 1933914.7500 -0.1960
-7.6132 78.9434 -20.2365 0.0000 1650400552929 1933943.7500 -0.1960
-7.6090 78.8771 -20.2508 0.0000 1650400552958 1933972.5000 -0.1960
-7.5458 78.7980 -20.2345 0.0000 1650400552987 1934001.5000 -0.1955
-7.6406 78.9152 -20.1673 0.0000 1650400553017 1934030.5000 -0.1955
-7.5516 78.9297 -20.1784 0.0000 1650400553045 1934060.5000 -0.1955
-7.5461 78.9419 -20.3403 0.0000 1650400553075 1934089.7500 -0.1955
-7.5496 78.9657 -20.1193 0.0000 1650400553103 1934117.2500 -0.1955
-7.2915 78.6099 -20.4234 0.0000 1650400553132 1934147.5000 -0.1955
-7.5917 78.8793 -20.1436 0.0000 1650400553161 1934175.2500 -0.1955
-7.6304 78.9526 -20.1550 0.0000 1650400553190 1934204.2500 -0.1955
-7.6118 78.8612 -20.1972 0.0000 1650400553219 1934233.2500 -0.1956
-7.5658 78.8404 -20.2230 0.0000 1650400553248 1934262.2500 -0.1955
-7.5043 78.9088 -20.1484 0.0000 1650400553277 1934291.2500 -0.1955
-7.5329 78.8374 -20.2027 0.0000 1650400553306 1934320.2500 -0.1955
-7.5413 78.9403 -20.1809 0.0000 1650400553335 1934349.2500 -0.1955
-7.5365 78.9118 -20.0862 0.0000 1650400553364 1934378.2500 -0.1955
-7.5151 78.6766 -20.5013 0.0000 1650400553394 1934407.0000 -0.1955
-7.2989 78.9691 -21.3322 0.0000 1650400553422 1934436.0000 -0.1955
-7.2885 78.8682 -22.0501 0.0000 1650400553451 1934465.0000 -0.1956
-7.5288 78.6040 -22.5713 0.0000 1650400553480 1934493.7500 -0.1960
-7.4238 79.0025 -23.3265 0.0000 1650400553509 1934522.7500 -0.1960
-7.1438 78.9247 -23.7463 0.0000 1650400553538 1934551.7500 -0.1960
-7.3830 78.4614 -24.6723 0.0000 1650400553567 1934582.0000 -0.1960
-7.5224 78.7535 -25.3460 0.0000 1650400553596 1934609.5000 -0.1960
-7.2774 78.4245 -26.1137 0.0000 1650400553624 1934638.7500 -0.1960
-7.2577 78.3673 -26.8163 0.0000 1650400553654 1934667.7500 -0.1960
-7.6373 78.6986 -27.2999 0.0000 1650400553682 1934696.7500 -0.1960
-7.5705 78.2147 -28.2033 0.0000 1650400553711 1934725.7500 -0.1960
-7.4087 78.5487 -28.8442 0.0000 1650400553740 1934754.7500 -0.1960
-7.8255 78.6805 -29.1355 0.0000 1650400553770 1934783.7500 -0.1960
-7.8334 78.6803 -29.8935 0.0000 1650400553799 1934812.7500 -0.1960
-7.6278 78.9049 -30.6172 0.0000 1650400553828 1934844.0000 -0.1960
-7.7438 78.2835 -31.5562 0.0000 1650400553857 1934870.7500 -0.1960
-7.7283 78.5432 -32.3320 0.0000 1650400553886 1934901.2500 -0.1960
-8.2063 78.5829 -32.6619 0.0000 1650400553915 1934928.5000 -0.1960
-7.9947 78.6710 -33.4263 0.0000 1650400553943 1934957.7500 -0.1955
-7.9541 78.7676 -34.1100 0.0000 1650400553973 1934986.7500 -0.1955
-7.8026 78.4337 -34.6155 0.0000 1650400554001 1935015.7500 -0.1955
-8.1619 78.6192 -35.5004 0.0000 1650400554030 1935044.7500 -0.1955
-7.5398 78.5629 -35.9457 0.0000 1650400554059 1935073.5000 -0.1950
-7.6945 78.4888 -36.3968 0.0000 1650400554088 1935102.5000 -0.1950
-8.0896 78.6179 -37.2291 0.0000 1650400554117 1935131.5000 -0.1951
-7.8343 78.6034 -37.6169 0.0000 1650400554146 1935160.2500 -0.1955
-7.8751 78.4693 -38.2365 0.0000 1650400554176 1935189.2500 -0.1950
-7.8016 78.5582 -38.8902 0.0000 1650400554205 1935218.2500 -0.1950
-7.8731 78.4513 -39.4343 0.0000 1650400554234 1935247.2500 -0.1951
-8.0211 78.5590 -39.5779 0.0000 1650400554262 1935276.2500 -0.1955
-7.9753 78.5951 -40.1724 0.0000 1650400554291 1935305.2500 -0.1960
-8.4415 78.4401 -40.8879 0.0000 1650400554320 1935335.7500 -0.1960
-7.9582 78.3882 -40.8619 0.0000 1650400554349 1935365.7500 -0.1958
-7.8836 78.2492 -41.2272 0.0000 1650400554378 1935392.2500 -0.1955
-7.3965 78.6679 -41.4143 0.0000 1650400554407 1935421.2500 -0.1955
-8.1630 78.2787 -41.9585 0.0000 1650400554436 1935450.2500 -0.1960
-7.6976 78.3802 -42.2825 0.0000 1650400554465 1935479.2500 -0.1960
-7.8398 78.3473 -42.4827 0.0000 1650400554494 1935508.0000 -0.1960
-7.8223 78.5068 -42.3932 0.0000 1650400554523 1935537.0000 -0.1960
-8.0803 78.5607 -42.5345 0.0000 1650400554553 1935566.0000 -0.1955
-8.0748 79.0169 -42.4946 0.0000 1650400554581 1935596.2500 -0.1955
-7.6906 78.3824 -42.9765 0.0000 1650400554610 1935625.0000 -0.1955
-7.6274 78.7314 -42.8454 0.0000 1650400554639 1935652.7500 -0.1955
-7.7562 78.2927 -43.2419 0.0000 1650400554668 1935684.7500 -0.1955
-7.9165 78.6733 -43.2435 0.0000 1650400554697 1935710.7500 -0.1955
-7.7620 78.4920 -43.2889 0.0000 1650400554726 1935739.7500 -0.1950
-7.7554 78.5106 -43.2281 0.0000 1650400554755 1935768.7500 -0.1950
-7.8081 78.4693 -43.4678 0.0000 1650400554784 1935797.7500 -0.1950
-7.6260 78.6191 -43.1091 0.0000 1650400554813 1935826.7500 -0.1950
-7.6440 78.6566 -43.0399 0.0000 1650400554841 1935855.7500 -0.1950
-7.6369 78.3981 -43.0090 0.0000 1650400554870 1935884.7500 -0.1950
-7.7988 78.8502 -42.4571 0.0000 1650400554899 1935913.7500 -0.1945
-7.4860 78.9901 -42.1407 0.0000 1650400554929 1935942.7500 -0.1945
-7.7558 78.9140 -42.0555 0.0000 1650400554958 1935971.7500 -0.1950
-7.4731 78.8211 -41.7322 0.0000 1650400554987 1936000.7500 -0.1950
-7.6128 78.9210 -41.4171 0.0000 1650400555016 1936029.7500 -0.1950
-7.7552 78.8504 -40.9492 0.0000 1650400555045 1936058.7500 -0.1950
-7.7658 78.5847 -41.0426 0.0000 1650400555074 1936087.7500 -0.1950
-7.8959 78.7629 -40.4907 0.0000 1650400555102 1936118.0000 -0.1950
-7.6243 78.8297 -40.3144 0.0000 1650400555132 1936145.0000 -0.1951
-7.6773 78.7812 -39.8271 0.0000 1650400555160 1936174.7500 -0.1955
-7.7699 78.7038 -39.4706 0.0000 1650400555189 1936203.5000 -0.1955
-7.6181 78.3678 -39.0653 0.0000 1650400555218 1936232.5000 -0.1955
-7.8282 78.8343 -38.6531 0.0000 1650400555247 1936261.2500 -0.1955
-7.8174 78.7394 -38.2186 0.0000 1650400555276 1936290.2500 -0.1955
-7.7220 78.4877 -37.6279 0.0000 1650400555305 1936319.2500 -0.1955
-8.0492 78.8761 -36.9296 0.0000 1650400555334 1936348.2500 -0.1960
-7.7176 78.8341 -36.4934 0.0000 1650400555364 1936379.5000 -0.1958
-7.6834 78.4409 -35.8091 0.0000 1650400555393 1936406.2500 -0.1955
-8.1326 78.8944 -35.1900 0.0000 1650400555421 1936435.2500 -0.1955
-8.1100 78.5602 -34.9153 0.0000 1650400555451 1936465.2500 -0.1960
-8.0187 78.7543 -33.7523 0.0000 1650400555479 1936493.2500 -0.1958
-7.8261 78.5751 -33.8010 0.0000 1650400555508 1936522.2500 -0.1955
-7.9939 78.7543 -32.6684 0.0000 1650400555537 1936551.2500 -0.1955
-8.0271 78.7569 -32.2613 0.0000 1650400555566 1936580.2500 -0.1955
-7.7380 78.4587 -31.7571 0.0000 1650400555595 1936609.0000 -0.1955
-7.9831 78.7508 -30.8549 0.0000 1650400555624 1936638.0000 -0.1955
-7.6741 78.4606 -30.2861 0.0000 1650400555653 1936667.0000 -0.1955
-7.9761 78.6095 -29.6050 0.0000 1650400555681 1936696.0000 -0.1950
-7.9969 78.6891 -28.6355 0.0000 1650400555711 1936724.7500 -0.1950
-7.7014 78.6146 -28.1631 0.0000 1650400555740 1936753.7500 -0.1955
-7.7502 78.7648 -27.2951 0.0000 1650400555770 1936782.7500 -0.1955
-7.8731 78.7460 -26.6995 0.0000 1650400555798 1936811.7500 -0.1950
-7.7369 78.6874 -26.1254 0.0000 1650400555827 1936840.7500 -0.1950
-7.8549 78.5547 -25.3278 0.0000 1650400555856 1936871.2500 -0.1955
-7.8780 78.8500 -24.6801 0.0000 1650400555885 1936899.5000 -0.1955
-7.6962 78.4790 -24.1577 0.0000 1650400555914 1936927.7500 -0.1955
-7.8428 78.7122 -23.2563 0.0000 1650400555943 1936956.7500 -0.1955
-7.7274 78.6801 -22.7218 0.0000 1650400555972 1936985.7500 -0.1955
-7.5167 78.5138 -21.9969 0.0000 1650400556000 1937014.7500 -0.1955
-7.4776 78.4782 -21.3500 0.0000 1650400556030 1937043.7500 -0.1956
-7.5747 78.7350 -20.7539 0.0000 1650400556058 1937072.7500 -0.1960
-7.6445 78.6698 -20.3832 0.0000 1650400556087 1937101.7500 -0.1960
-7.5965 78.5428 -20.2456 0.0000 1650400556117 1937131.7500 -0.1960
-7.3277 78.3836 -20.2865 0.0000 1650400556146 1937162.5000 -0.1961
-7.6900 78.8323 -20.2911 0.0000 1650400556175 1937188.7500 -0.1965
-7.6303 78.8059 -20.2539 0.0000 1650400556204 1937218.7500 -0.1965
-7.7338 78.9854 -20.3648 0.0000 1650400556233 1937246.7500 -0.1965
-7.6473 78.9902 -20.3587 0.0000 1650400556262 1937275.7500 -0.1965
-7.7408 78.8203 -20.4208 0.0000 1650400556291 1937304.5000 -0.1965
-7.6108 78.7182 -20.4127 0.0000 1650400556319 1937333.5000 -0.1965
-7.6619 78.8559 -20.4277 0.0000 1650400556348 1937362.5000 -0.1965
-7.5661 78.7888 -20.6123 0.0000 1650400556377 1937391.2500 -0.1965
-7.7587 78.7780 -20.3776 0.0000 1650400556406 1937420.2500 -0.1960
-7.5134 78.8703 -20.4348 0.0000 1650400556435 1937449.2500 -0.1960
-7.7481 78.6937 -20.2931 0.0000 1650400556464 1937478.2500 -0.1960
-7.6413 78.7312 -20.4164 0.0000 1650400556493 1937507.2500 -0.1960
-7.5719 78.9138 -20.3250 0.0000 1650400556523 1937536.2500 -0.1955
-7.6258 78.7644 -20.3874 0.0000 1650400556552 1937565.2500 -0.1955
-7.5025 78.7800 -20.3658 0.0000 1650400556580 1937594.2500 -0.1955
-7.6030 78.8563 -20.2388 0.0000 1650400556610 1937623.2500 -0.1955
-7.6144 78.9841 -20.2481 0.0000 1650400556638 1937653.5000 -0.1955
-7.5909 78.8775 -20.2864 0.0000 1650400556667 1937682.2500 -0.1955
-7.5772 78.9653 -20.2627 0.0000 1650400556696 1937710.2500 -0.1950
-7.5780 79.0035 -20.1754 0.0000 1650400556725 1937739.0000 -0.1950
-7.5221 78.9017 -20.2047 0.0000 1650400556754 1937768.0000 -0.1952
-7.6028 78.9358 -20.1599 0.0000 1650400556783 1937797.0000 -0.1955
-7.5211 78.9434 -20.3119 0.0000 1650400556812 1937825.7500 -0.1955
-7.5647 78.9489 -20.3062 0.0000 1650400556841 1937854.7500 -0.1955
-7.4098 78.9698 -20.3543 0.0000 1650400556870 1937883.7500 -0.1957
-7.5919 78.8764 -20.2771 0.0000 1650400556899 1937915.5000 -0.1960
-7.4920 78.9478 -20.2379 0.0000 1650400556928 1937941.5000 -0.1960
-7.4733 78.9325 -20.1419 0.0000 1650400556957 1937970.7500 -0.1960
-7.4789 78.9272 -20.1648 0.0000 1650400556986 1938002.5000 -0.1960
-7.4609 78.9372 -20.2428 0.0000 1650400557015 1938028.7500 -0.1960
-7.5900 78.8725 -20.2588 0.0000 1650400557044 1938057.7500 -0.1960
-7.4717 78.9625 -20.1707 0.0000 1650400557073 1938086.7500 -0.1960
-7.4392 79.0150 -20.0564 0.0000 1650400557102 1938115.7500 -0.1960
-7.5541 78.8268 -20.2388 0.0000 1650400557131 1938144.7500 -0.1960
-7.6507 78.8982 -20.1900 0.0000 1650400557159 1938173.7500 -0.1960
-7.5672 78.8445 -20.1621 0.0000 1650400557189 1938202.7500 -0.1960
-7.6114 78.8946 -20.2582 0.0000 1650400557217 1938231.7500 -0.1960
-7.4958 78.8519 -20.2469 0.0000 1650400557246 1938260.7500 -0.1960
-7.5012 78.7420 -20.3100 0.0000 1650400557276 1938289.7500 -0.1960
-7.4608 78.8910 -20.2174 0.0000 1650400557305 1938318.7500 -0.1955
-7.3769 78.9117 -20.1250 0.0000 1650400557334 1938347.7500 -0.1955
-7.5354 78.8866 -20.1996 0.0000 1650400557363 1938376.7500 -0.1955
-7.5739 78.8192 -20.2201 0.0000 1650400557392 1938405.7500 -0.1955
-7.2730 78.8445 -20.7531 0.0000 1650400557421 1938437.0000 -0.1955
-7.4351 78.8097 -21.6264 0.0000 1650400557450 1938463.2500 -0.1955
-7.2865 78.8183 -22.0061 0.0000 1650400557478 1938492.2500 -0.1955
-7.6447 78.7163 -22.6384 0.0000 1650400557508 1938521.2500 -0.1955
-7.1827 78.9894 -23.5732 0.0000 1650400557536 1938550.2500 -0.1955
-7.3306 78.9576 -23.8502 0.0000 1650400557565 1938579.2500 -0.1955
-7.5635 78.6233 -24.6946 0.0000 1650400557594 1938608.2500 -0.1955
-7.3536 79.0482 -25.3578 0.0000 1650400557623 1938637.2500 -0.1955
-7.8130 78.6179 -25.9770 0.0000 1650400557652 1938669.2500 -0.1957
-7.5545 78.6045 -26.7997 0.0000 1650400557682 1938696.2500 -0.1960
-7.2094 78.6384 -27.5421 0.0000 1650400557711 1938724.2500 -0.1960
-7.7094 78.3173 -28.3512 0.0000 1650400557740 1938753.2500 -0.1960
-7.5044 78.7381 -28.8347 0.0000 1650400557769 1938782.0000 -0.1960
-7.7665 78.4669 -29.4518 0.0000 1650400557797 1938811.2500 -0.1960
-7.6797 78.4624 -30.3786 0.0000 1650400557826 1938840.0000 -0.1960
-7.5841 78.9708 -30.6774 0.0000 1650400557855 1938869.0000 -0.1960
-7.6290 78.4231 -31.6641 0.0000 1650400557884 1938898.0000 -0.1961
-7.7330 78.7799 -32.0784 0.0000 1650400557913 1938927.0000 -0.1965
-7.8161 78.3865 -33.0233 0.0000 1650400557942 1938955.7500 -0.1965
-8.1023 78.5741 -33.8223 0.0000 1650400557971 1938984.7500 -0.1965
-7.4902 78.7941 -34.1241 0.0000 1650400558000 1939013.7500 -0.1965
-7.6636 78.5863 -34.7667 0.0000 1650400558029 1939042.7500 -0.1965
-8.0359 78.4220 -35.7391 0.0000 1650400558058 1939071.7500 -0.1965
-7.8437 78.8001 -35.8634 0.0000 1650400558088 1939100.7500 -0.1965
-7.8430 78.6746 -36.4401 0.0000 1650400558116 1939129.7500 -0.1965
-7.9975 78.7619 -37.1666 0.0000 1650400558145 1939158.7500 -0.1965
-7.7952 78.7634 -37.4235 0.0000 1650400558174 1939188.7500 -0.1965
-7.9718 78.7579 -38.0894 0.0000 1650400558203 1939219.5000 -0.1960
-8.2171 78.5021 -39.2334 0.0000 1650400558232 1939245.7500 -0.1960
-7.9381 78.8059 -39.2364 0.0000 1650400558261 1939274.7500 -0.1960
-7.7627 78.5812 -39.9294 0.0000 1650400558290 1939303.7500 -0.1960
-7.6615 78.4918 -40.3048 0.0000 1650400558319 1939332.7500 -0.1957
-8.0410 78.3087 -41.0301 0.0000 1650400558348 1939361.7500 -0.1955
-8.0040 78.5976 -41.0022 0.0000 1650400558376 1939390.7500 -0.1960
-7.9124 78.5629 -41.1900 0.0000 1650400558405 1939419.7500 -0.1960
-7.6665 78.3980 -41.9571 0.0000 1650400558435 1939451.2500 -0.1957
-7.7115 78.3185 -41.9280 0.0000 1650400558464 1939479.0000 -0.1955
-7.4475 78.4544 -42.3326 0.0000 1650400558493 1939506.7500 -0.1960
-7.9935 78.4300 -42.5843 0.0000 1650400558522 1939537.0000 -0.1960
-7.6927 78.5109 -42.2930 0.0000 1650400558551 1939564.5000 -0.1960
-7.7161 78.7237 -42.5698 0.0000 1650400558580 1939593.5000 -0.1960
-7.5458 78.6490 -42.5295 0.0000 1650400558609 1939622.2500 -0.1960
-7.7542 78.8261 -42.5601 0.0000 1650400558637 1939651.2500 -0.1960
-8.0128 78.4398 -43.2522 0.0000 1650400558667 1939680.2500 -0.1960
-7.7988 78.4955 -43.3100 0.0000 1650400558695 1939709.2500 -0.1960
-7.9645 78.6835 -43.1359 0.0000 1650400558724 1939738.2500 -0.1960
-7.8612 78.3749 -43.2726 0.0000 1650400558753 1939767.2500 -0.1960
-7.7627 78.6174 -43.2816 0.0000 1650400558782 1939796.2500 -0.1960
-7.9626 78.7078 -43.3428 0.0000 1650400558811 1939825.2500 -0.1960
-7.7344 78.4700 -43.2827 0.0000 1650400558841 1939854.2500 -0.1960
-7.6638 78.5690 -42.9366 0.0000 1650400558870 1939883.2500 -0.1960
-7.5379 78.6353 -42.7262 0.0000 1650400558899 1939912.2500 -0.1960
-7.8020 78.7301 -42.6106 0.0000 1650400558928 1939941.2500 -0.1960
-7.8630 78.7960 -42.0363 0.0000 1650400558956 1939972.5000 -0.1960
-7.7884 78.7825 -41.7983 0.0000 1650400558986 1939998.7500 -0.1955
-7.3616 78.8609 -41.7656 0.0000 1650400559014 1940028.0000 -0.1955
-7.6957 78.9321 -41.2807 0.0000 1650400559043 1940056.7500 -0.1955
-7.6813 78.6824 -41.2096 0.0000 1650400559072 1940085.7500 -0.1955
-7.9089 78.5613 -40.8068 0.0000 1650400559101 1940114.7500 -0.1955
-7.6981 78.6600 -40.4375 0.0000 1650400559130 1940143.7500 -0.1955
-7.8534 78.5817 -40.4398 0.0000 1650400559159 1940172.7500 -0.1955
-8.0804 78.6598 -39.7912 0.0000 1650400559188 1940203.2500 -0.1955
-7.9131 78.3904 -39.6869 0.0000 1650400559217 1940231.5000 -0.1954
-7.9237 78.6168 -38.7417 0.0000 1650400559247 1940259.7500 -0.1950
-7.7900 78.4478 -38.7179 0.0000 1650400559275 1940290.2500 -0.1950
-7.6164 78.5585 -38.1911 0.0000 1650400559304 1940319.0000 -0.1950
-7.6905 78.5386 -37.4144 0.0000 1650400559333 1940346.7500 -0.1950
-7.7277 78.4710 -37.3148 0.0000 1650400559362 1940375.7500 -0.1950
-7.7104 78.5039 -36.4613 0.0000 1650400559391 1940404.7500 -0.1955
-8.2156 78.5587 -35.7135 0.0000 1650400559420 1940433.7500 -0.1955
-7.9408 78.8778 -34.7542 0.0000 1650400559449 1940462.7500 -0.1955
-8.1942 78.6379 -34.8058 0.0000 1650400559478 1940491.7500 -0.1955
-7.8800 78.8857 -33.7842 0.0000 1650400559507 1940520.7500 -0.1955
-8.1511 78.8989 -33.4445 0.0000 1650400559535 1940549.7500 -0.1955
-8.0315 78.7237 -32.7755 0.0000 1650400559565 1940578.7500 -0.1955
-8.0172 78.6173 -31.9843 0.0000 1650400559594 1940607.7500 -0.1955
-7.9849 78.8327 -31.4325 0.0000 1650400559623 1940636.7500 -0.1955
-8.0309 78.6749 -30.6931 0.0000 1650400559651 1940665.5000 -0.1955
-7.8961 78.5847 -30.2467 0.0000 1650400559681 1940694.5000 -0.1955
-7.6221 78.4524 -29.5758 0.0000 1650400559710 1940724.7500 -0.1955
-7.9222 78.5759 -28.6585 0.0000 1650400559739 1940753.0000 -0.1955
-7.9696 78.7273 -27.9561 0.0000 1650400559768 1940781.2500 -0.1955
-7.8668 78.4654 -27.1739 0.0000 1650400559797 1940810.2500 -0.1955
-7.9737 78.6400 -26.5780 0.0000 1650400559826 1940839.2500 -0.1950
-7.7007 78.2012 -26.3059 0.0000 1650400559854 1940868.2500 -0.1950
-7.8361 78.4218 -25.3437 0.0000 1650400559883 1940897.2500 -0.1950
-7.9802 78.7735 -24.5700 0.0000 1650400559912 1940926.2500 -0.1950
-7.7382 78.3967 -23.8178 0.0000 1650400559941 1940955.2500 -0.1950
-7.6412 78.5139 -23.4463 0.0000 1650400559970 1940985.5000 -0.1950
-7.8138 78.6528 -22.5588 0.0000 1650400559999 1941014.2500 -0.1945
-7.5301 78.1049 -21.8789 0.0000 1650400560029 1941042.2500 -0.1945
-7.2863 78.4039 -21.3581 0.0000 1650400560058 1941072.5000 -0.1950
-7.8715 78.3782 -20.7450 0.0000 1650400560087 1941100.0000 -0.1950
-7.6326 78.2758 -20.5704 0.0000 1650400560115 1941129.0000 -0.1950
-7.3016 78.4661 -20.6248 0.0000 1650400560145 1941158.0000 -0.1950
-7.6262 78.7526 -20.0707 0.0000 1650400560173 1941186.7500 -0.1950
-7.8501 78.7088 -20.3379 0.0000 1650400560202 1941215.7500 -0.1950
-7.6204 78.6923 -20.2722 0.0000 1650400560231 1941244.7500 -0.1951
-7.5744 78.7505 -20.1514 0.0000 1650400560260 1941273.7500 -0.1955
-7.8084 78.6834 -20.3602 0.0000 1650400560289 1941302.7500 -0.1955
-7.7135 78.6393 -20.2772 0.0000 1650400560318 1941331.7500 -0.1955
-7.9267 78.7020 -20.4443 0.0000 1650400560347 1941360.7500 -0.1955
-7.8027 78.7186 -20.3982 0.0000 1650400560376 1941389.7500 -0.1955
-7.6794 78.6613 -20.3137 0.0000 1650400560406 1941418.7500 -0.1955
-7.9009 78.7263 -20.1985 0.0000 1650400560434 1941447.7500 -0.1955
-7.7850 78.6921 -20.2973 0.0000 1650400560463 1941476.7500 -0.1955
-7.7687 78.7920 -20.2091 0.0000 1650400560492 1941507.0000 -0.1955
-7.7424 78.8026 -20.3780 0.0000 1650400560521 1941536.0000 -0.1955
-7.6626 78.7063 -20.3330 0.0000 1650400560550 1941563.7500 -0.1955
-7.7289 78.8473 -20.3640 0.0000 1650400560579 1941592.7500 -0.1955
-7.6245 78.8455 -20.2227 0.0000 1650400560608 1941621.5000 -0.1955
-7.6953 78.8520 -20.0981 0.0000 1650400560637 1941650.7500 -0.1955
-7.5782 78.7804 -20.2298 0.0000 1650400560666 1941679.7500 -0.1950
-7.6698 78.8476 -20.1766 0.0000 1650400560694 1941708.7500 -0.1950
-7.6472 78.8125 -20.1663 0.0000 1650400560724 1941737.7500 -0.1950
-7.6773 78.6636 -20.2134 0.0000 1650400560752 1941769.0000 -0.1950
-7.7319 78.8144 -20.2151 0.0000 1650400560782 1941795.5000 -0.1950
-7.5026 78.4497 -20.6001 0.0000 1650400560811 1941824.5000 -0.1950
-7.7634 78.8366 -20.1365 0.0000 1650400560840 1941853.0000 -0.1945
-7.6761 78.7718 -20.1912 0.0000 1650400560869 1941882.2500 -0.1945
-7.6919 78.7870 -20.2567 0.0000 1650400560898 1941911.2500 -0.1950
-7.6653 78.8384 -20.1369 0.0000 1650400560927 1941940.2500 -0.1950
-7.6435 78.8425 -20.1478 0.0000 1650400560956 1941969.2500 -0.1950
-7.6394 78.7988 -20.2787 0.0000 1650400560985 1941998.2500 -0.1950
-7.7653 78.7960 -20.1612 0.0000 1650400561013 1942027.2500 -0.1950
-7.6434 78.7438 -20.1294 0.0000 1650400561043 1942056.2500 -0.1950
-7.7066 78.7407 -20.1223 0.0000 1650400561071 1942085.2500 -0.1952
-7.6841 78.7814 -20.1448 0.0000 1650400561100 1942114.2500 -0.1955
-7.8050 78.8570 -20.1467 0.0000 1650400561129 1942143.2500 -0.1955
-7.6452 78.8704 -20.0480 0.0000 1650400561159 1942172.2500 -0.1955
-7.7870 78.8841 -20.1093 0.0000 1650400561188 1942201.0000 -0.1955
-7.7195 78.7292 -20.1563 0.0000 1650400561217 1942230.0000 -0.1955
-7.6982 78.7734 -20.1257 0.0000 1650400561246 1942260.5000 -0.1955
-7.6115 78.6564 -20.2987 0.0000 1650400561274 1942289.0000 -0.1955
-7.7100 78.7455 -20.2371 0.0000 1650400561304 1942316.7500 -0.1955
-7.6622 78.7351 -20.1558 0.0000 1650400561332 1942345.7500 -0.1955
-7.7817 78.8119 -20.0658 0.0000 1650400561361 1942374.7500 -0.1955
-7.6525 78.8336 -20.1662 0.0000 1650400561390 1942403.7500 -0.1955
-7.5811 78.7778 -20.1065 0.0000 1650400561419 1942432.7500 -0.1955
-7.5870 78.8692 -20.9332 0.0000 1650400561448 1942461.7500 -0.1955
-7.4824 78.8696 -21.6794 0.0000 1650400561477 1942490.7500 -0.1955
-7.5397 78.7699 -22.1038 0.0000 1650400561506 1942520.7500 -0.1955
-7.7045 78.6826 -22.8259 0.0000 1650400561535 1942551.5000 -0.1955
-7.3446 78.8739 -23.6831 0.0000 1650400561564 1942577.7500 -0.1950
-7.6400 78.6638 -24.2602 0.0000 1650400561593 1942607.7500 -0.1950
-7.5147 78.5943 -25.0229 0.0000 1650400561623 1942635.7500 -0.1950
-7.4118 78.8875 -25.6080 0.0000 1650400561651 1942664.7500 -0.1950
-7.4655 78.3142 -26.3211 0.0000 1650400561680 1942693.7500 -0.1950
-7.4215 78.9065 -26.8327 0.0000 1650400561709 1942722.7500 -0.1950
-7.5909 78.3829 -27.5868 0.0000 1650400561738 1942751.7500 -0.1950
-7.6782 78.9207 -28.1198 0.0000 1650400561767 1942780.7500 -0.1950
-7.3121 78.7135 -29.0293 0.0000 1650400561796 1942809.7500 -0.1950
-7.5734 78.4374 -29.6915 0.0000 1650400561825 1942838.7500 -0.1950
-7.7223 78.6905 -30.3989 0.0000 1650400561854 1942867.7500 -0.1952
-7.7196 78.8077 -30.7364 0.0000 1650400561883 1942896.5000 -0.1955
-7.7933 78.6167 -31.6051 0.0000 1650400561911 1942925.5000 -0.1955
-7.8459 78.8520 -32.2537 0.0000 1650400561941 1942954.2500 -0.1955
-7.7774 78.8094 -32.7699 0.0000 1650400561970 1942983.2500 -0.1955
-8.0729 78.6609 -33.7837 0.0000 1650400561999 1943012.2500 -0.1955
-7.8335 78.9057 -34.2117 0.0000 1650400562028 1943042.5000 -0.1955
-7.9151 78.6319 -34.7763 0.0000 1650400562057 1943071.5000 -0.1955
-7.8478 78.6279 -35.5596 0.0000 1650400562086 1943099.2500 -0.1957
-7.9664 78.8034 -36.0691 0.0000 1650400562115 1943128.2500 -0.1960
-7.5930 78.6232 -36.7265 0.0000 1650400562144 1943157.2500 -0.1958
-8.0574 78.6769 -37.3725 0.0000 1650400562172 1943186.2500 -0.1955
-7.9188 78.5097 -37.9024 0.0000 1650400562202 1943215.2500 -0.1955
-7.8431 78.8701 -38.2486 0.0000 1650400562230 1943244.2500 -0.1960
-8.0286 78.4429 -39.2509 0.0000 1650400562259 1943273.2500 -0.1960
-7.8307 78.6176 -39.2040 0.0000 1650400562288 1943306.2500 -0.1955
-7.7792 78.3746 -40.0342 0.0000 1650400562318 1943330.7500 -0.1955
-7.8160 78.4504 -40.3928 0.0000 1650400562347 1943360.0000 -0.1955
-7.7582 78.5550 -40.6071 0.0000 1650400562376 1943391.5000 -0.1955
-7.8298 78.3671 -40.8926 0.0000 1650400562405 1943419.0000 -0.1950
-7.7077 78.6954 -40.7115 0.0000 1650400562434 1943446.7500 -0.1950
-7.7906 78.3008 -41.9588 0.0000 1650400562463 1943475.7500 -0.1955
-7.6434 78.4742 -42.1554 0.0000 1650400562491 1943504.7500 -0.1955
-7.7160 78.4637 -42.3841 0.0000 1650400562520 1943533.7500 -0.1955
-8.0494 78.3923 -42.5886 0.0000 1650400562549 1943562.7500 -0.1955
-7.8133 78.8500 -42.3801 0.0000 1650400562578 1943591.7500 -0.1950
-7.7738 78.4517 -42.6300 0.0000 1650400562607 1943620.7500 -0.1950
-7.9442 78.8901 -42.6025 0.0000 1650400562636 1943649.7500 -0.1950
-7.9078 78.0985 -43.0491 0.0000 1650400562665 1943678.7500 -0.1950
-7.9140 78.5125 -43.0552 0.0000 1650400562694 1943707.7500 -0.1950
-8.0145 78.6357 -43.1571 0.0000 1650400562724 1943736.7500 -0.1950
-7.7290 78.5813 -43.2221 0.0000 1650400562752 1943765.7500 -0.1950
-7.8116 78.3480 -43.2387 0.0000 1650400562782 1943794.7500 -0.1950
-7.8117 78.4255 -43.2653 0.0000 1650400562810 1943827.7500 -0.1950
-7.7422 78.4664 -43.3309 0.0000 1650400562839 1943852.2500 -0.1955
-7.7913 78.5177 -43.2027 0.0000 1650400562868 1943881.7500 -0.1955
-7.7293 78.4572 -43.2292 0.0000 1650400562897 1943910.7500 -0.1955
-7.7412 78.6913 -42.6216 0.0000 1650400562926 1943939.7500 -0.1955
-7.6112 78.7572 -42.5434 0.0000 1650400562955 1943968.7500 -0.1955
-7.6220 79.0577 -41.7561 0.0000 1650400562984 1943997.5000 -0.1955
-7.5647 78.7508 -42.0145 0.0000 1650400563013 1944026.5000 -0.1955
-7.6178 78.8354 -41.6867 0.0000 1650400563042 1944058.2500 -0.1955
-7.7569 78.7408 -41.4106 0.0000 1650400563070 1944085.2500 -0.1950
-8.0159 78.6285 -41.1704 0.0000 1650400563100 1944113.2500 -0.1950
-7.6676 78.5901 -40.7900 0.0000 1650400563129 1944142.2500 -0.1950
-7.7521 78.6806 -40.3564 0.0000 1650400563158 1944171.0000 -0.1950
-7.8883 78.5614 -40.3218 0.0000 1650400563187 1944200.2500 -0.1950
-7.8422 78.6703 -39.5817 0.0000 1650400563216 1944229.2500 -0.1950
-7.7206 78.3362 -39.3768 0.0000 1650400563245 1944258.2500 -0.1950
-7.8478 78.6564 -38.8897 0.0000 1650400563274 1944287.2500 -0.1950
-7.6923 78.6275 -38.4393 0.0000 1650400563303 1944316.2500 -0.1950
-7.9416 78.5157 -37.9644 0.0000 1650400563331 1944345.2500 -0.1950
-7.9416 78.1989 -37.7081 0.0000 1650400563361 1944374.2500 -0.1950
-7.8036 78.7682 -36.6667 0.0000 1650400563389 1944403.2500 -0.1950
-7.6581 78.4224 -36.2204 0.0000 1650400563418 1944432.0000 -0.1950
-7.8239 78.3133 -35.7779 0.0000 1650400563447 1944461.0000 -0.1950
-7.9341 78.8089 -34.7870 0.0000 1650400563477 1944490.0000 -0.1945
-7.9762 78.6627 -34.3943 0.0000 1650400563506 1944518.7500 -0.1945
-8.0381 78.6850 -33.6004 0.0000 1650400563535 1944547.7500 -0.1947
-7.8868 78.9890 -32.9935 0.0000 1650400563564 1944576.5000 -0.1950
-8.0540 78.7742 -32.4279 0.0000 1650400563593 1944605.5000 -0.1950
-8.2509 78.7642 -31.9148 0.0000 1650400563622 1944634.7500 -0.1950
-7.7448 78.7140 -31.2562 0.0000 1650400563650 1944663.7500 -0.1950
-8.1386 78.6719 -30.5503 0.0000 1650400563680 1944692.7500 -0.1950
-7.9134 78.8644 -29.8748 0.0000 1650400563708 1944721.7500 -0.1950
-7.7241 78.8337 -29.2360 0.0000 1650400563737 1944750.7500 -0.1950
-7.6890 78.3645 -28.6564 0.0000 1650400563766 1944779.7500 -0.1950
-7.6438 78.4076 -28.0694 0.0000 1650400563795 1944808.7500 -0.1950
-7.8260 78.5320 -27.0909 0.0000 1650400563824 1944840.5000 -0.1950
-7.9117 78.6185 -26.6082 0.0000 1650400563853 1944868.0000 -0.1950
-7.6630 78.6904 -25.5644 0.0000 1650400563882 1944895.7500 -0.1950
-7.6290 78.2981 -25.2125 0.0000 1650400563912 1944924.5000 -0.1950
-7.6686 78.7293 -24.5583 0.0000 1650400563941 1944953.7500 -0.1950
-7.9383 78.3292 -23.5564 0.0000 1650400563969 1944982.7500 -0.1950
-7.5046 78.2449 -23.4246 0.0000 1650400563998 1945011.7500 -0.1950
-7.5800 78.3754 -22.7544 0.0000 1650400564027 1945040.7500 -0.1950
-8.0181 78.6668 -21.6171 0.0000 1650400564056 1945069.7500 -0.1950
-7.4800 78.5182 -21.3771 0.0000 1650400564085 1945098.5000 -0.1950
-7.6909 78.7878 -20.4661 0.0000 1650400564114 1945127.5000 -0.1950
-7.6074 78.2018 -20.4742 0.0000 1650400564143 1945156.5000 -0.1945
-7.9658 78.6460 -20.1208 0.0000 1650400564172 1945185.2500 -0.1945
-7.9825 78.8332 -20.2439 0.0000 1650400564201 1945214.2500 -0.1945
-7.9523 78.4898 -20.5666 0.0000 1650400564229 1945243.2500 -0.1945
-7.7362 78.8136 -20.2455 0.0000 1650400564259 1945272.2500 -0.1945
-7.8496 78.7923 -20.1079 0.0000 1650400564288 1945301.2500 -0.1945
-7.7296 78.6423 -20.3200 0.0000 1650400564317 1945330.2500 -0.1946
-7.7545 78.8223 -20.1926 0.0000 1650400564346 1945362.0000 -0.1950
-7.7453 78.8319 -20.3379 0.0000 1650400564375 1945388.0000 -0.1945
-7.8952 78.7378 -20.3082 0.0000 1650400564404 1945417.2500 -0.1945
-7.8735 78.7795 -20.2414 0.0000 1650400564433 1945447.7500 -0.1946
-7.8887 78.7704 -20.2996 0.0000 1650400564462 1945475.0000 -0.1950
-7.8917 78.7455 -20.2844 0.0000 1650400564491 1945504.2500 -0.1950
-7.8692 78.8032 -20.3156 0.0000 1650400564520 1945533.0000 -0.1950
-7.8762 78.7801 -20.2675 0.0000 1650400564548 1945562.0000 -0.1950
-7.6891 78.9152 -20.2620 0.0000 1650400564577 1945592.5000 -0.1950
-7.7807 78.7458 -20.2909 0.0000 1650400564606 1945619.2500 -0.1950
-7.8050 78.7725 -20.2801 0.0000 1650400564636 1945648.7500 -0.1950
-7.7862 78.6888 -20.2632 0.0000 1650400564665 1945679.2500 -0.1950
-7.7526 78.7272 -20.2297 0.0000 1650400564694 1945708.0000 -0.1950
-7.8266 78.9078 -20.0736 0.0000 1650400564723 1945735.7500 -0.1950
-7.7447 78.7978 -20.0975 0.0000 1650400564752 1945764.7500 -0.1950
-7.8433 78.7543 -20.2916 0.0000 1650400564781 1945793.7500 -0.1950
-7.7148 78.9055 -20.1912 0.0000 1650400564809 1945822.7500 -0.1950
-7.4405 78.4710 -20.5735 0.0000 1650400564839 1945851.7500 -0.1950
-7.7635 78.8676 -20.0903 0.0000 1650400564867 1945880.7500 -0.1950
-7.7448 78.7407 -20.2603 0.0000 1650400564896 1945909.7500 -0.1950
-7.6860 78.7216 -20.2012 0.0000 1650400564925 1945938.7500 -0.1945
-7.4309 78.4801 -20.5080 0.0000 1650400564954 1945967.7500 -0.1945
-7.6887 78.7525 -20.1937 0.0000 1650400564983 1945996.7500 -0.1945
-7.5715 78.6975 -20.2345 0.0000 1650400565012 1946025.7500 -0.1945
-7.7280 78.7462 -20.2989 0.0000 1650400565041 1946054.7500 -0.1945
-7.3912 78.4549 -20.4935 0.0000 1650400565071 1946083.7500 -0.1945
-7.3822 78.4697 -20.4834 0.0000 1650400565100 1946112.7500 -0.1945
-7.6086 78.8044 -20.0848 0.0000 1650400565128 1946143.7500 -0.1945
-7.6665 78.7999 -20.0681 0.0000 1650400565157 1946170.7500 -0.1940
-7.2450 78.5032 -20.5078 0.0000 1650400565186 1946199.7500 -0.1940
-7.3644 78.5211 -20.4436 0.0000 1650400565215 1946228.5000 -0.1940
-7.5013 78.5144 -20.4480 0.0000 1650400565244 1946257.5000 -0.1940
-7.6269 78.8837 -19.9725 0.0000 1650400565273 1946286.2500 -0.1945
-7.4100 78.5424 -20.5010 0.0000 1650400565302 1946315.2500 -0.1945
-7.6502 78.7499 -20.2355 0.0000 1650400565331 1946344.2500 -0.1944
-7.6765 78.7491 -20.1475 0.0000 1650400565360 1946376.0000 -0.1940
-7.6569 78.8802 -20.1501 0.0000 1650400565388 1946401.7500 -0.1945
-7.6242 78.7997 -20.1489 0.0000 1650400565418 1946431.2500 -0.1945
-7.6064 78.7056 -20.3501 0.0000 1650400565447 1946461.2500 -0.1945
-7.9067 78.5424 -21.4112 0.0000 1650400565476 1946489.2500 -0.1945
-7.3472 78.7945 -21.9375 0.0000 1650400565505 1946518.2500 -0.1945
-7.5823 78.5858 -22.3547 0.0000 1650400565534 1946547.2500 -0.1945
-7.6475 78.4799 -23.3164 0.0000 1650400565563 1946576.2500 -0.1945
-7.1663 78.8923 -23.8494 0.0000 1650400565592 1946605.2500 -0.1945
-7.3411 78.2186 -24.7098 0.0000 1650400565621 1946634.0000 -0.1945
-7.6132 78.5619 -25.2939 0.0000 1650400565650 1946663.0000 -0.1945
-7.2982 78.8202 -25.6610 0.0000 1650400565679 1946692.0000 -0.1944
-7.3643 78.3765 -26.5614 0.0000 1650400565707 1946721.0000 -0.1940
-7.3874 78.6604 -27.2761 0.0000 1650400565737 1946749.7500 -0.1940
-7.4355 78.4695 -27.8772 0.0000 1650400565765 1946778.7500 -0.1940
-7.5975 78.6332 -28.5676 0.0000 1650400565794 1946807.7500 -0.1940
-7.5020 78.6499 -29.2611 0.0000 1650400565823 1946836.7500 -0.1935
-7.5867 78.5789 -29.7127 0.0000 1650400565853 1946865.7500 -0.1935
-7.4639 78.7539 -30.5287 0.0000 1650400565882 1946897.5000 -0.1940
-7.7201 78.7500 -30.9642 0.0000 1650400565911 1946923.5000 -0.1940
-8.0513 78.4171 -32.1676 0.0000 1650400565940 1946952.7500 -0.1950
-7.7055 78.7400 -32.2967 0.0000 1650400565969 1946981.7500 -0.1960
-7.8858 78.5469 -33.1159 0.0000 1650400565998 1947010.7500 -0.1974
-7.8243 78.6586 -33.8720 0.0000 1650400566026 1947039.7500 -0.1974
-7.9323 78.6392 -34.1802 0.0000 1650400566055 1947068.7500 -0.1979
-8.0416 78.5671 -35.1703 0.0000 1650400566084 1947097.7500 -0.1984
-7.8310 78.7008 -35.8134 0.0000 1650400566113 1947126.7500 -0.1989
-7.8794 78.7252 -36.0825 0.0000 1650400566142 1947159.7500 -0.1989
-7.8125 78.4743 -37.0771 0.0000 1650400566171 1947184.2500 -0.1991
-7.9104 78.5106 -37.5602 0.0000 1650400566200 1947213.7500 -0.1994
-7.8173 78.5865 -37.9736 0.0000 1650400566230 1947242.5000 -0.1995
-7.9721 78.6550 -38.4808 0.0000 1650400566259 1947271.7500 -0.1999
-7.8100 78.5425 -39.5579 0.0000 1650400566287 1947302.0000 -0.1999
-7.5981 78.4860 -39.6632 0.0000 1650400566317 1947329.7500 -0.1999
-7.6878 78.5211 -40.0254 0.0000 1650400566345 1947358.5000 -0.1999
-7.7734 78.4248 -40.5075 0.0000 1650400566374 1947387.5000 -0.1999
-8.0213 78.5076 -41.0523 0.0000 1650400566403 1947416.2500 -0.1999
-7.9153 78.5917 -41.1439 0.0000 1650400566432 1947445.2500 -0.1999
-7.9098 78.3069 -41.6417 0.0000 1650400566461 1947474.2500 -0.1999
-7.9665 78.5169 -41.4880 0.0000 1650400566490 1947503.2500 -0.1999
-8.1876 78.1399 -42.6818 0.0000 1650400566519 1947532.2500 -0.1999
-7.6165 78.5697 -42.1974 0.0000 1650400566548 1947561.2500 -0.1999
-7.8849 78.4087 -42.5739 0.0000 1650400566577 1947590.2500 -0.1998
-7.4600 78.2946 -42.6670 0.0000 1650400566606 1947619.2500 -0.1994
-7.6599 78.5046 -42.6669 0.0000 1650400566635 1947648.2500 -0.1994
-7.8471 78.5759 -42.7279 0.0000 1650400566664 1947679.5000 -0.1994
-7.9813 78.6196 -43.0011 0.0000 1650400566693 1947706.2500 -0.1994
-7.9768 78.5712 -43.2909 0.0000 1650400566722 1947735.2500 -0.1994
-7.9746 78.7891 -43.0759 0.0000 1650400566751 1947764.0000 -0.1994
-7.8002 78.6276 -42.9759 0.0000 1650400566780 1947793.0000 -0.1994
-7.7215 78.4953 -43.3105 0.0000 1650400566809 1947822.0000 -0.1994
-7.7978 78.5133 -43.4422 0.0000 1650400566838 1947850.7500 -0.1994
-7.7304 78.4369 -43.3789 0.0000 1650400566866 1947879.7500 -0.1994
-7.7312 78.5511 -43.1495 0.0000 1650400566896 1947910.2500 -0.1994
-7.7597 78.4970 -43.0494 0.0000 1650400566924 1947940.5000 -0.1994
-7.6563 78.5330 -42.7871 0.0000 1650400566953 1947966.7500 -0.1994
-7.7821 78.7496 -42.4810 0.0000 1650400566983 1947997.2500 -0.1994
-7.6418 78.9984 -41.9992 0.0000 1650400567012 1948024.7500 -0.1995
-7.7939 78.8414 -41.9370 0.0000 1650400567041 1948053.7500 -0.1999
-7.7706 78.7831 -41.6607 0.0000 1650400567070 1948082.7500 -0.1999
-7.6454 78.4820 -41.6334 0.0000 1650400567099 1948111.7500 -0.1999
-7.9795 78.3700 -41.3167 0.0000 1650400567128 1948140.7500 -0.1999
-7.7347 78.2689 -40.9780 0.0000 1650400567157 1948169.7500 -0.1999
-8.0511 78.5286 -40.3702 0.0000 1650400567185 1948198.7500 -0.1999
-7.6107 78.7299 -39.9888 0.0000 1650400567214 1948229.0000 -0.1999
-7.8711 78.3194 -39.7425 0.0000 1650400567243 1948256.7500 -0.1999
-7.7975 78.2637 -39.3717 0.0000 1650400567272 1948285.7500 -0.1999
-7.8661 78.5565 -38.6616 0.0000 1650400567301 1948314.7500 -0.1999
-7.7167 78.3505 -38.4458 0.0000 1650400567330 1948343.7500 -0.1994
-7.7998 78.4098 -37.8327 0.0000 1650400567359 1948372.7500 -0.1994
-7.5829 78.3827 -37.1237 0.0000 1650400567389 1948401.7500 -0.1994
-7.9564 78.4859 -36.6072 0.0000 1650400567418 1948431.7500 -0.1994
-7.8428 78.6189 -35.8583 0.0000 1650400567446 1948462.5000 -0.1994
-7.7915 78.2882 -35.7600 0.0000 1650400567476 1948488.5000 -0.1994
-7.8915 79.0131 -34.7261 0.0000 1650400567504 1948517.5000 -0.1994
-8.1120 78.6384 -34.2627 0.0000 1650400567533 1948546.2500 -0.1994
-7.7580 78.5490 -33.6903 0.0000 1650400567562 1948575.2500 -0.1989
-8.0305 78.8863 -32.9042 0.0000 1650400567591 1948604.2500 -0.1989
-8.1986 78.8408 -32.2398 0.0000 1650400567620 1948633.2500 -0.1989
-7.8442 78.7510 -32.0075 0.0000 1650400567649 1948662.2500 -0.1989
-7.9412 78.9104 -30.9289 0.0000 1650400567678 1948693.7500 -0.1989
-8.0474 78.7983 -30.2467 0.0000 1650400567707 1948720.0000 -0.1989
-7.7305 78.7114 -29.8650 0.0000 1650400567736 1948749.2500 -0.1989
-7.9425 78.7829 -28.9229 0.0000 1650400567765 1948779.0000 -0.1989
-7.6524 78.4463 -28.6305 0.0000 1650400567795 1948807.2500 -0.1989
-7.8043 78.6408 -27.4895 0.0000 1650400567823 1948836.2500 -0.1989
-7.6394 78.4114 -27.3509 0.0000 1650400567852 1948865.0000 -0.1991
-7.7684 78.7947 -26.5641 0.0000 1650400567881 1948894.0000 -0.1994
-7.6592 78.5407 -25.3213 0.0000 1650400567910 1948923.0000 -0.1994
-7.8729 78.8519 -24.8846 0.0000 1650400567939 1948952.0000 -0.1994
-7.3763 78.3086 -24.4589 0.0000 1650400567968 1948980.7500 -0.1994
-7.9118 78.5337 -23.4827 0.0000 1650400567997 1949009.7500 -0.1994
-7.5856 78.6529 -23.2501 0.0000 1650400568026 1949038.7500 -0.1994
-7.0269 78.3027 -22.3527 0.0000 1650400568055 1949067.7500 -0.1994
-7.4597 78.3642 -21.7342 0.0000 1650400568083 1949096.7500 -0.1994
-7.6296 78.8934 -20.7215 0.0000 1650400568112 1949125.7500 -0.1994
-7.6397 78.7628 -20.2605 0.0000 1650400568142 1949154.7500 -0.1994
-7.3485 78.2480 -20.6397 0.0000 1650400568171 1949183.7500 -0.1994
-7.2198 78.3478 -20.4189 0.0000 1650400568200 1949213.5000 -0.1994
-7.8147 78.7693 -20.1448 0.0000 1650400568229 1949241.5000 -0.1994
-7.6321 78.9318 -20.3601 0.0000 1650400568258 1949270.7500 -0.1994
-7.6003 78.9321 -20.2387 0.0000 1650400568287 1949299.7500 -0.1989
-7.6386 78.9491 -20.3395 0.0000 1650400568316 1949328.7500 -0.1989
-7.7154 78.7626 -20.3272 0.0000 1650400568344 1949357.7500 -0.1989
-7.7709 78.7905 -20.2261 0.0000 1650400568374 1949386.7500 -0.1989
-7.7392 78.8228 -20.4165 0.0000 1650400568402 1949415.7500 -0.1984
-7.6503 78.9314 -20.4214 0.0000 1650400568432 1949446.0000 -0.1984
-7.7920 78.7220 -20.2818 0.0000 1650400568460 1949474.5000 -0.1984
-7.8046 78.7692 -20.2573 0.0000 1650400568489 1949502.7500 -0.1984
-7.6737 78.7064 -20.3046 0.0000 1650400568518 1949531.7500 -0.1984
-7.6745 78.7960 -20.2451 0.0000 1650400568548 1949560.2500 -0.1984
-7.5776 78.8734 -20.1202 0.0000 1650400568577 1949589.5000 -0.1989
-7.5830 78.8511 -20.0981 0.0000 1650400568606 1949618.5000 -0.1989
-7.6394 78.7935 -20.2183 0.0000 1650400568635 1949647.2500 -0.1989
-7.5734 78.8873 -20.2886 0.0000 1650400568663 1949676.2500 -0.1989
-7.4895 78.8265 -20.3710 0.0000 1650400568692 1949705.2500 -0.1989
-7.6157 78.7408 -20.3007 0.0000 1650400568721 1949734.2500 -0.1989
-7.5256 78.8004 -20.1603 0.0000 1650400568750 1949763.2500 -0.1989
-7.6926 78.7458 -20.2857 0.0000 1650400568779 1949792.2500 -0.1989
-7.5535 78.7652 -20.3080 0.0000 1650400568808 1949821.2500 -0.1989
-7.5299 78.8274 -20.1118 0.0000 1650400568837 1949850.2500 -0.1994
-7.5828 78.8190 -20.2163 0.0000 1650400568866 1949879.2500 -0.1994
-7.5774 78.7315 -20.0612 0.0000 1650400568895 1949908.2500 -0.1994
-7.5406 78.6615 -20.2282 0.0000 1650400568924 1949937.2500 -0.1994
-7.4867 78.6815 -20.1649 0.0000 1650400568954 1949967.5000 -0.1994
-7.6797 78.6250 -20.2938 0.0000 1650400568982 1949996.0000 -0.1994
-7.5083 78.7438 -20.2403 0.0000 1650400569011 1950024.0000 -0.1994
-7.5209 78.6882 -20.2555 0.0000 1650400569040 1950053.0000 -0.1994
-7.4343 78.6883 -20.2179 0.0000 1650400569069 1950081.7500 -0.1994
-7.5282 78.7331 -20.1002 0.0000 1650400569098 1950110.7500 -0.1994
-7.5412 78.8029 -20.1852 0.0000 1650400569127 1950139.7500 -0.1994
-7.5250 78.7705 -20.1285 0.0000 1650400569156 1950168.7500 -0.1994
-7.4818 78.7279 -20.1387 0.0000 1650400569185 1950197.7500 -0.1989
-7.5756 78.7545 -20.1388 0.0000 1650400569214 1950226.5000 -0.1989
-7.4828 78.8492 -20.1505 0.0000 1650400569242 1950257.0000 -0.1989
-7.6055 78.7647 -20.2363 0.0000 1650400569272 1950284.7500 -0.1989
-7.4836 78.7898 -20.1451 0.0000 1650400569300 1950315.0000 -0.1989
-7.2675 78.4027 -20.5876 0.0000 1650400569330 1950342.7500 -0.1989
-7.3093 78.3337 -20.5939 0.0000 1650400569359 1950371.7500 -0.1989
-7.2783 78.3193 -20.5106 0.0000 1650400569388 1950400.7500 -0.1989
-7.3967 78.6991 -20.3146 0.0000 1650400569417 1950429.7500 -0.1989
-7.5151 78.6531 -20.2834 0.0000 1650400569446 1950458.7500 -0.1989
-7.0204 78.4208 -20.6166 0.0000 1650400569475 1950487.7500 -0.1994
-7.3828 78.5911 -21.4921 0.0000 1650400569504 1950516.7500 -0.1994
-7.1789 78.6496 -22.0325 0.0000 1650400569533 1950545.7500 -0.1994
-7.2487 78.6095 -22.6249 0.0000 1650400569561 1950574.7500 -0.1994
-7.3723 78.6901 -23.2545 0.0000 1650400569590 1950603.7500 -0.1994
-7.0735 78.8070 -23.8257 0.0000 1650400569619 1950632.7500 -0.1994
-7.3510 78.1436 -24.8367 0.0000 1650400569648 1950661.7500 -0.1994
-7.2994 78.6982 -25.3095 0.0000 1650400569677 1950690.5000 -0.1994
-7.4285 78.6776 -25.8354 0.0000 1650400569706 1950719.5000 -0.1994
-7.4499 78.3897 -26.7449 0.0000 1650400569736 1950751.0000 -0.1994
-7.4870 78.9803 -27.0907 0.0000 1650400569765 1950776.7500 -0.1994
-7.8705 78.4383 -27.9274 0.0000 1650400569794 1950806.2500 -0.1994
-7.6572 78.5694 -28.7348 0.0000 1650400569822 1950835.2500 -0.1994
-7.6448 78.7113 -28.9961 0.0000 1650400569852 1950864.2500 -0.1994
-7.8873 78.4254 -30.1128 0.0000 1650400569880 1950893.2500 -0.1993
-7.2952 78.6892 -30.7803 0.0000 1650400569909 1950922.2500 -0.1989
-7.7445 78.4062 -31.3895 0.0000 1650400569938 1950951.2500 -0.1989
-7.7681 78.5469 -32.0417 0.0000 1650400569967 1950981.7500 -0.1989
-7.7670 78.7443 -32.7112 0.0000 1650400569996 1951011.7500 -0.1989
-8.0246 78.7390 -33.3937 0.0000 1650400570025 1951038.2500 -0.1984
-7.7905 78.5922 -34.0140 0.0000 1650400570054 1951068.7500 -0.1984
-8.0341 78.7127 -34.4501 0.0000 1650400570083 1951097.0000 -0.1984
-8.1746 78.6302 -35.5144 0.0000 1650400570113 1951125.0000 -0.1984
-7.7842 78.7916 -35.8971 0.0000 1650400570141 1951154.0000 -0.1984
-7.5286 78.5714 -36.5285 0.0000 1650400570170 1951183.0000 -0.1984
-7.8024 78.4337 -37.1300 0.0000 1650400570199 1951211.7500 -0.1984
-7.6516 78.7355 -37.4609 0.0000 1650400570228 1951240.7500 -0.1984
-7.8844 78.8339 -37.8718 0.0000 1650400570257 1951269.7500 -0.1984
-7.6461 78.2991 -38.9354 0.0000 1650400570286 1951298.7500 -0.1984
-7.8799 78.7617 -39.3060 0.0000 1650400570315 1951327.7500 -0.1984
-7.9477 78.7619 -39.4337 0.0000 1650400570344 1951356.7500 -0.1984
-7.7590 78.5526 -40.1585 0.0000 1650400570373 1951385.7500 -0.1989
-7.8224 78.4932 -40.6859 0.0000 1650400570401 1951414.7500 -0.1989
-7.7460 78.6898 -40.7702 0.0000 1650400570431 1951443.7500 -0.1989
-7.6908 78.2634 -41.5279 0.0000 1650400570459 1951472.7500 -0.1989
-7.7986 78.3988 -41.4887 0.0000 1650400570489 1951503.2500 -0.1991
-7.7761 78.4277 -42.2174 0.0000 1650400570518 1951529.7500 -0.1994
-7.7160 78.6752 -41.9027 0.0000 1650400570547 1951559.7500 -0.1993
-7.7716 78.5867 -42.4041 0.0000 1650400570576 1951588.7500 -0.1989
-7.9661 78.2479 -42.4181 0.0000 1650400570605 1951617.7500 -0.1989
-7.8830 78.6308 -42.3755 0.0000 1650400570634 1951646.7500 -0.1994
-7.7147 78.6598 -42.7378 0.0000 1650400570663 1951675.7500 -0.1994
-7.6631 78.5923 -42.8161 0.0000 1650400570692 1951704.7500 -0.1994
-7.8575 78.7159 -42.6724 0.0000 1650400570720 1951733.7500 -0.1994
-7.6944 78.2797 -43.2285 0.0000 1650400570749 1951765.2500 -0.1994
-8.0619 78.4132 -43.4223 0.0000 1650400570778 1951793.0000 -0.1994
-7.9041 78.7445 -43.1151 0.0000 1650400570807 1951820.5000 -0.1994
-7.7640 78.5648 -43.2813 0.0000 1650400570836 1951852.0000 -0.1994
-7.8456 78.5023 -43.2782 0.0000 1650400570866 1951878.2500 -0.1994
-7.9237 78.6068 -43.4103 0.0000 1650400570895 1951907.2500 -0.1994
-7.5788 78.5512 -43.0410 0.0000 1650400570924 1951936.2500 -0.1989
-7.6602 78.4866 -43.0799 0.0000 1650400570953 1951965.2500 -0.1989
-7.5257 78.8611 -42.5439 0.0000 1650400570981 1951994.2500 -0.1989
