52.1334 -38.9366 -99.4277 16.0618 1685220399029 516.0000 0.0462
8.9442 -82.9902 -56.0634 17.1467 1685220399062 549.0000 0.0365
8.8982 -83.1977 -55.4408 20.2242 1685220399094 582.0000 0.0204
8.9032 -83.4090 -55.1535 14.4440 1685220399127 614.5000 0.0035
8.6789 -83.8153 -54.0949 19.4255 1685220399160 647.0000 -0.0021
8.9457 -83.4407 -54.1866 17.3720 1685220399192 680.0000 -0.0200
8.6304 -84.0266 -54.9394 17.3940 1685220399224 712.5000 -0.0260
7.8418 -85.1790 -54.0978 16.4098 1685220399258 27.0000 -0.0382
8.8079 -83.3690 -55.5051 15.6586 1685220399290 60.0000 -0.0504
8.9258 -83.6696 -56.1943 16.8412 1685220399322 92.5000 -0.0714
9.9554 -83.7040 -56.3335 16.4667 1685220399356 125.2500 -0.0872
9.9125 -83.3982 -56.2017 15.1642 1685220399389 158.0000 -0.0924
9.0499 -84.2235 -54.8608 13.7445 1685220399421 190.5000 -0.1032
8.8629 -83.7545 -55.7480 21.5860 1685220399454 222.7500 -0.1139
8.7039 -83.7055 -55.9129 23.6637 1685220399487 255.7500 -0.1282
9.7059 -83.3243 -55.7259 21.8292 1685220399519 288.7500 -0.1330
10.2720 -83.0011 -55.9727 17.7176 1685220399551 321.2500 -0.1415
-3.8615 -97.6935 -79.7789 9.6453 1685220399585 354.0000 -0.1501
-8.6439 -105.5594 -79.5712 11.4507 1685220399617 386.7500 -0.1584
8.6561 -82.1304 -55.5668 18.2185 1685220399649 419.5000 -0.1701
-14.2192 -98.4338 -72.6350 15.9365 1685220399683 452.0000 -0.1803
7.7733 -82.1972 -55.3646 17.4353 1685220399715 485.0000 -0.1864
8.0103 -82.0840 -55.0406 17.2506 1685220399748 517.5000 -0.1926
8.2403 -81.8966 -54.8132 15.5892 1685220399781 549.5000 -0.1984
8.2215 -81.8640 -54.8270 18.9191 1685220399814 583.0000 -0.2043
8.3527 -82.2150 -54.6536 16.1563 1685220399846 615.0000 -0.2089
7.7174 -82.7872 -53.1485 15.9264 1685220399878 648.0000 -0.2136
7.6234 -83.2484 -53.0992 20.2340 1685220399912 681.0000 -0.2172
7.1873 -83.4737 -54.0333 17.9382 1685220399944 713.5000 -0.2227
7.6335 -82.9784 -54.5216 17.9122 1685220399976 379.2500 -0.2282
7.9065 -82.8235 -54.8689 20.7539 1685220400010 45.0000 -0.2294
8.6076 -83.1647 -55.1746 17.7441 1685220400042 77.5000 -0.2331
9.1811 -83.2874 -55.0059 14.5051 1685220400074 110.5000 -0.2338
8.3550 -82.8591 -54.9536 19.6742 1685220400107 143.0000 -0.2360
8.0958 -83.0306 -55.0182 16.1079 1685220400141 175.7500 -0.2366
8.0697 -83.0637 -54.8345 16.1372 1685220400173 208.5000 -0.2385
9.0134 -82.3403 -55.4744 22.2608 1685220400205 241.0000 -0.2383
9.3723 -82.6991 -54.9235 19.3879 1685220400239 273.7500 -0.2380
9.1767 -82.5697 -53.9059 14.2475 1685220400271 306.2500 -0.2381
9.2683 -82.0978 -54.3568 18.2856 1685220400303 338.7500 -0.2385
8.4329 -81.4644 -54.7160 16.9848 1685220400337 372.0000 -0.2380
7.9503 -81.3327 -54.1781 16.4892 1685220400369 404.5000 -0.2380
7.2912 -81.5723 -54.8183 17.4198 1685220400401 437.0000 -0.2365
7.6592 -81.2475 -54.8083 19.0628 1685220400434 470.0000 -0.2355
7.1884 -81.4676 -54.7070 16.2909 1685220400467 502.5000 -0.2346
6.6801 -82.4941 -53.8180 18.8718 1685220400499 535.2500 -0.2346
7.2430 -82.0664 -53.5705 20.2680 1685220400533 568.0000 -0.2311
6.9505 -82.1624 -53.9121 15.9709 1685220400566 600.0000 -0.2267
6.5675 -82.5657 -53.8264 20.3380 1685220400598 632.7500 -0.2267
6.1418 -82.9902 -53.6380 24.7335 1685220400630 666.0000 -0.2238
6.1096 -82.9523 -54.0170 20.9615 1685220400664 524.2500 -0.2228
6.3844 -82.5107 -54.3663 21.3523 1685220400696 34.5000 -0.2199
7.2360 -82.9233 -55.0670 23.5839 1685220400728 67.0000 -0.2189
8.2034 -82.5085 -54.9384 15.6456 1685220400761 99.7500 -0.2156
8.2224 -82.1164 -54.6922 18.5345 1685220400794 132.5000 -0.2121
7.5126 -82.8641 -53.9406 17.2004 1685220400826 165.0000 -0.2096
51.8012 -42.0657 -91.7858 14.6449 1685220400859 197.7500 -0.2096
50.4854 -43.5117 -96.4904 11.2301 1685220400892 230.5000 -0.2057
8.2548 -82.9195 -54.4362 21.8674 1685220400925 263.0000 -0.2035
8.4992 -82.6611 -54.8803 15.7695 1685220400957 296.0000 -0.2028
8.7493 -82.2978 -54.7893 19.1985 1685220400991 328.5000 -0.2010
8.0283 -81.6758 -55.3104 12.4851 1685220401023 361.0000 -0.2004
7.2993 -81.2182 -54.9114 14.7097 1685220401055 394.0000 -0.1982
7.0999 -81.3971 -54.6959 15.3816 1685220401088 426.0000 -0.1974
6.5594 -81.6545 -54.9093 20.6223 1685220401121 459.2500 -0.1962
6.0630 -82.0794 -54.3115 18.8149 1685220401153 492.0000 -0.1950
6.4264 -81.7078 -54.3417 17.9935 1685220401186 524.5000 -0.1935
6.3883 -81.8487 -53.9260 20.4301 1685220401219 557.2500 -0.1901
6.1711 -82.2541 -53.2161 20.4505 1685220401251 590.0000 -0.1882
6.2642 -82.6025 -52.8385 22.5555 1685220401284 622.7500 -0.1862
6.0563 -82.6258 -52.9848 14.6789 1685220401318 655.5000 -0.1842
5.6206 -83.0410 -53.9630 16.5710 1685220401350 688.0000 -0.1823
5.7123 -82.3378 -54.7731 19.8986 1685220401382 33.0000 -0.1803
5.8408 -82.7407 -55.0860 14.1177 1685220401416 65.2500 -0.1784
7.4204 -82.7871 -54.7428 20.0182 1685220401448 98.0000 -0.1764
7.1202 -83.3315 -54.3801 14.1105 1685220401480 130.5000 -0.1745
7.0631 -82.1869 -54.9298 16.3548 1685220401513 163.5000 -0.1725
6.8518 -82.4975 -54.2376 16.1451 1685220401546 196.0000 -0.1696
6.8167 -82.7873 -54.3373 17.2603 1685220401578 229.0000 -0.1691
7.2765 -82.7800 -55.1045 15.1033 1685220401610 261.5000 -0.1676
8.2683 -82.4207 -55.1783 16.7936 1685220401644 294.2500 -0.1669
7.5801 -82.6391 -54.1671 21.6958 1685220401676 327.0000 -0.1662
7.7547 -82.3830 -54.5968 13.3794 1685220401709 359.7500 -0.1647
7.4169 -81.6568 -55.0570 15.6860 1685220401743 392.2500 -0.1603
7.0752 -81.7437 -54.8485 18.5603 1685220401775 425.0000 -0.1505
6.6769 -82.2004 -54.4946 19.4513 1685220401807 457.7500 -0.1475
6.8291 -81.5609 -55.4628 16.5083 1685220401840 490.2500 -0.1383
6.7266 -82.0067 -54.7722 16.2207 1685220401873 523.0000 -0.1349
6.2985 -82.3576 -54.2482 15.5547 1685220401905 555.7500 -0.1247
6.9113 -82.3324 -54.0921 21.2816 1685220401937 588.5000 -0.1171
6.4666 -82.9970 -53.6766 23.4387 1685220401971 621.0000 -0.1095
6.4603 -82.9099 -54.3932 19.0218 1685220402003 653.7500 -0.1095
6.7643 -83.0127 -54.5174 19.0055 1685220402035 686.5000 -0.0949
6.1008 -83.3571 -55.2639 14.8216 1685220402070 195.5000 -0.0949
6.8382 -82.8115 -55.8175 18.7569 1685220402102 54.0000 -0.0817
6.9746 -83.4890 -55.9865 18.4246 1685220402134 86.5000 -0.0675
8.3530 -83.5865 -55.4508 17.9002 1685220402167 119.0000 -0.0675
8.1972 -82.9441 -56.1175 17.0883 1685220402200 151.7500 -0.0538
7.9887 -83.0665 -55.8611 17.7222 1685220402232 184.5000 -0.0477
8.2716 -82.6212 -56.0517 16.8471 1685220402265 217.2500 -0.0416
8.1275 -82.9987 -55.8552 14.5733 1685220402298 250.0000 -0.0388
8.9576 -83.5598 -55.5084 18.1030 1685220402330 282.5000 -0.0304
9.4627 -83.5782 -55.3983 14.3373 1685220402362 315.2500 -0.0264
9.2067 -83.4785 -55.2695 20.1419 1685220402396 348.0000 -0.0217
8.9586 -83.1513 -55.1813 14.5693 1685220402428 380.7500 -0.0133
8.1944 -83.0295 -55.7199 16.1858 1685220402460 413.5000 -0.0109
8.2212 -82.6815 -55.9016 18.4975 1685220402494 446.0000 -0.0032
8.0505 -82.7930 -56.0651 14.5756 1685220402527 478.7500 0.0018
8.1966 -82.7952 -55.8361 15.0251 1685220402559 511.5000 0.0092
8.1735 -83.0162 -55.4674 14.8471 1685220402592 544.0000 0.0092
8.7317 -82.2574 -56.1348 18.6816 1685220402625 577.0000 0.0165
8.6338 -83.4316 -55.5847 16.5783 1685220402657 609.5000 0.0189
8.3947 -83.4865 -55.6108 14.9067 1685220402689 641.7500 0.0263
8.3954 -83.9913 -55.1315 15.4775 1685220402723 675.0000 0.0357
8.4881 -83.9450 -55.9409 22.4927 1685220402755 532.7500 0.0380
9.0141 -83.7257 -56.7608 14.5333 1685220402787 41.0000 0.0446
9.1920 -83.4282 -56.8832 18.8390 1685220402821 74.0000 0.0468
9.2787 -84.1813 -56.5477 17.0147 1685220402854 106.5000 0.0468
10.0038 -84.8784 -56.3133 15.5869 1685220402886 139.2500 0.0575
9.3962 -84.6426 -56.5356 12.3347 1685220402919 172.0000 0.0634
9.5620 -84.5415 -56.5888 19.3358 1685220402952 204.7500 0.0634
9.3926 -84.1408 -56.9945 14.6083 1685220402984 237.2500 0.0683
9.2167 -84.3233 -57.0387 17.2371 1685220403016 269.7500 0.0683
9.8523 -84.1044 -56.9753 15.9033 1685220403050 302.7500 0.0678
9.8507 -84.0533 -56.7891 17.6261 1685220403082 334.5000 0.0590
9.7521 -84.3124 -56.1415 17.3856 1685220403114 368.0000 0.0560
9.8070 -83.2167 -55.7632 13.4263 1685220403148 400.7500 0.0365
9.2964 -82.5707 -56.7143 12.8849 1685220403180 433.5000 0.0365
9.2839 -82.7532 -56.2651 17.0732 1685220403212 466.0000 0.0145
8.8119 -82.8189 -56.5164 18.9195 1685220403246 499.0000 0.0145
9.6086 -82.1436 -56.1922 17.3655 1685220403279 531.5000 -0.0038
9.1558 -82.6349 -55.3781 19.3677 1685220403311 564.0000 -0.0099
8.6570 -83.1916 -54.9494 18.5847 1685220403343 597.0000 -0.0289
8.2536 -83.6134 -54.2090 20.7426 1685220403377 629.5000 -0.0472
9.0232 -83.0191 -53.9568 18.2336 1685220403409 662.2500 -0.0607
9.1890 -83.6448 -53.6369 26.9027 1685220403441 695.0000 -0.0607
8.5581 -84.2247 -54.3949 17.4075 1685220403475 546.0000 -0.0790
9.5416 -83.1694 -54.7715 19.1803 1685220403507 33.7500 -0.0904
8.7934 -83.3021 -55.2383 17.4841 1685220403539 66.7500 -0.1061
9.6395 -83.4443 -56.1841 15.2440 1685220403572 99.7500 -0.1204
9.7739 -84.5470 -54.9871 15.9561 1685220403606 132.5000 -0.1293
9.7471 -83.1383 -55.9892 15.5177 1685220403638 165.0000 -0.1418
8.9858 -83.7054 -55.1889 19.0702 1685220403670 197.7500 -0.1458
8.8910 -83.4965 -55.2568 19.0877 1685220403704 230.5000 -0.1579
9.6519 -83.0262 -55.5343 20.8708 1685220403736 263.0000 -0.1579
9.9220 -83.7320 -55.2216 21.6555 1685220403768 296.0000 -0.1681
10.0574 -83.2102 -54.5464 12.4563 1685220403802 328.2500 -0.1784
10.3352 -82.2685 -54.8029 13.2471 1685220403834 360.7500 -0.1852
9.1932 -81.6198 -55.1286 14.9204 1685220403866 394.0000 -0.1852
8.6077 -81.2784 -55.6517 13.8919 1685220403899 425.7500 -0.1969
-13.5163 -100.5623 -70.6846 12.4398 1685220403932 459.2500 -0.2077
7.4122 -82.4779 -54.5047 15.2135 1685220403964 492.0000 -0.2077
7.4602 -82.5032 -54.2544 20.3239 1685220403997 524.7500 -0.2170
7.1551 -82.3852 -54.5995 15.9206 1685220404031 557.2500 -0.2188
7.5843 -82.2471 -54.3139 15.0061 1685220404063 590.0000 -0.2243
7.5504 -82.5605 -53.7494 20.8817 1685220404095 622.7500 -0.2243
7.3201 -82.8603 -53.5033 21.6076 1685220404103 630.7500 -0.2258
