-4.4533 33.1622 -20.8187 0.0000 1650400703457 2084438.0000 -0.1955
-4.9432 34.1926 -20.9717 0.0000 1650400703511 2084492.0000 -0.1955
-4.8507 35.4202 -20.4193 0.0000 1650400703565 2084545.0000 -0.1955
-4.8486 34.6903 -23.2068 0.0000 1650400703619 2084599.0000 -0.1955
-4.0803 35.4053 -22.1684 0.0000 1650400703673 2084653.0000 -0.1950
-3.0734 34.7025 -20.6205 0.0000 1650400703727 2084707.0000 -0.1950
-3.4455 34.3263 -20.9092 0.0000 1650400703781 2084761.0000 -0.1955
-4.5883 32.8178 -21.9956 0.0000 1650400703836 2084815.0000 -0.1955
-5.0108 34.2005 -20.5315 0.0000 1650400703890 2084869.0000 -0.1955
-5.7983 33.6681 -19.3136 0.0000 1650400703944 2084923.0000 -0.1955
-3.4575 33.7963 -22.1162 0.0000 1650400703998 2084977.0000 -0.1950
-3.3331 34.7848 -23.3134 0.0000 1650400704050 2085031.0000 -0.1955
-1.4518 34.7171 -22.4625 0.0000 1650400704104 2085085.0000 -0.1955
-3.9427 33.9375 -21.8733 0.0000 1650400704158 2085139.0000 -0.1950
-3.0467 35.8730 -19.7830 0.0000 1650400704213 2085193.0000 -0.1950
-4.6798 34.1013 -18.2267 0.0000 1650400704267 2085247.0000 -0.1950
-5.0919 33.8706 -23.3176 0.0000 1650400704321 2085301.0000 -0.1950
-3.6034 31.7114 -21.9752 0.0000 1650400704375 2085355.0000 -0.1955
-3.9751 32.3132 -22.2524 0.0000 1650400704429 2085409.0000 -0.1955
-5.7737 34.2056 -21.3313 0.0000 1650400704483 2085463.0000 -0.1955
-2.0420 34.2514 -23.4795 0.0000 1650400704537 2085517.0000 -0.1950
-5.2078 32.4274 -20.7193 0.0000 1650400704592 2085571.0000 -0.1955
-4.1060 33.5224 -21.0058 0.0000 1650400704646 2085625.0000 -0.1955
-4.7623 33.8413 -21.5475 0.0000 1650400704698 2085679.0000 -0.1955
-3.2129 35.6178 -22.9037 0.0000 1650400704752 2085733.0000 -0.1950
-3.7400 34.8887 -20.8480 0.0000 1650400704806 2085787.0000 -0.1950
-4.4205 34.8782 -21.5750 0.0000 1650400704860 2085841.0000 -0.1955
-4.3889 35.7624 -20.1551 0.0000 1650400704914 2085894.0000 -0.1955
-3.5148 35.0386 -22.5095 0.0000 1650400704969 2085948.0000 -0.1955
-5.5187 34.1933 -22.9136 0.0000 1650400705023 2086002.0000 -0.1950
-5.8688 35.0791 -21.8971 0.0000 1650400705077 2086056.0000 -0.1950
-3.7243 35.4667 -22.3384 0.0000 1650400705131 2086110.0000 -0.1955
-4.5954 34.8526 -20.7958 0.0000 1650400705185 2086164.0000 -0.1950
-3.3355 34.4054 -20.7187 0.0000 1650400705239 2086218.0000 -0.1945
-5.2490 34.0790 -18.7566 0.0000 1650400705291 2086272.0000 -0.1940
-5.1952 34.6652 -20.9811 0.0000 1650400705345 2086326.0000 -0.1940
-4.0801 35.1790 -19.5234 0.0000 1650400705400 2086380.0000 -0.1945
-4.9431 34.4804 -21.3145 0.0000 1650400705454 2086434.0000 -0.1945
-4.2194 34.1021 -24.0495 0.0000 1650400705508 2086488.0000 -0.1945
-4.1156 32.7384 -18.5802 0.0000 1650400705562 2086542.0000 -0.1945
-3.5407 33.5854 -22.9253 0.0000 1650400705616 2086596.0000 -0.1940
-5.6911 31.8891 -24.2724 0.0000 1650400705670 2086650.0000 -0.1945
-5.0510 32.5063 -22.2221 0.0000 1650400705724 2086704.0000 -0.1945
-4.7957 33.6155 -18.9103 0.0000 1650400705779 2086758.0000 -0.1945
-3.6833 33.6270 -20.6228 0.0000 1650400705833 2086812.0000 -0.1945
-3.6881 32.5000 -22.0062 0.0000 1650400705887 2086866.0000 -0.1945
-5.4109 34.1645 -22.8669 0.0000 1650400705939 2086920.0000 -0.1950
-5.8516 37.8917 -21.7031 0.0000 1650400705993 2086974.0000 -0.1950
-4.3855 37.2515 -22.2523 0.0000 1650400706047 2087028.0000 -0.1950
-6.1210 36.5855 -21.5291 0.0000 1650400706101 2087082.0000 -0.1945
-5.9724 33.4447 -17.8828 0.0000 1650400706156 2087136.0000 -0.1945
-4.3109 34.4151 -19.2162 0.0000 1650400706210 2087190.0000 -0.1950
-4.8777 32.2734 -18.8525 0.0000 1650400706264 2087243.0000 -0.1950
-4.4912 31.3536 -20.7359 0.0000 1650400706318 2087297.0000 -0.1950
-4.5323 35.3136 -21.3275 0.0000 1650400706372 2087351.0000 -0.1950
-4.7823 35.5709 -25.5440 0.0000 1650400706426 2087405.0000 -0.1950
-4.9534 36.8730 -23.7016 0.0000 1650400706480 2087459.0000 -0.1950
-4.8420 36.3880 -24.0281 0.0000 1650400706532 2087513.0000 -0.1955
-2.8267 32.2645 -23.5060 0.0000 1650400706587 2087567.0000 -0.1950
-3.7941 30.4007 -23.8243 0.0000 1650400706641 2087621.0000 -0.1950
-4.0720 33.8165 -20.7325 0.0000 1650400706695 2087675.0000 -0.1945
-3.9577 29.8089 -22.8627 0.0000 1650400706749 2087729.0000 -0.1950
-5.7036 30.7579 -23.5935 0.0000 1650400706803 2087783.0000 -0.1945
-4.5657 32.7840 -22.3825 0.0000 1650400706857 2087837.0000 -0.1945
-5.7382 33.2722 -23.2937 0.0000 1650400706911 2087891.0000 -0.1945
-3.9527 31.5526 -21.4403 0.0000 1650400706966 2087945.0000 -0.1945
-4.3049 33.1307 -21.8880 0.0000 1650400707020 2087999.0000 -0.1945
-6.6189 32.6618 -18.3932 0.0000 1650400707074 2088053.0000 -0.1950
-6.5293 34.6416 -21.7687 0.0000 1650400707126 2088107.0000 -0.1945
-2.9902 33.3040 -19.6537 0.0000 1650400707180 2088161.0000 -0.1945
-4.4098 30.8928 -19.8273 0.0000 1650400707234 2088215.0000 -0.1945
-4.0218 29.6008 -21.8468 0.0000 1650400707288 2088269.0000 -0.1950
-5.5865 33.1344 -22.4129 0.0000 1650400707343 2088323.0000 -0.1950
-5.3978 34.6870 -20.8418 0.0000 1650400707397 2088377.0000 -0.1945
-4.7087 32.7436 -22.3977 0.0000 1650400707451 2088431.0000 -0.1945
-5.4165 32.3810 -25.6393 0.0000 1650400707505 2088485.0000 -0.1950
-6.2312 34.5792 -25.1271 0.0000 1650400707559 2088539.0000 -0.1950
-3.2856 32.8353 -25.0338 0.0000 1650400707613 2088592.0000 -0.1955
-3.4811 32.3238 -20.8390 0.0000 1650400707667 2088646.0000 -0.1950
-4.8087 33.4369 -23.1272 0.0000 1650400707722 2088700.0000 -0.1950
-3.3870 28.3119 -21.4370 0.0000 1650400707774 2088754.0000 -0.1950
-5.1246 31.3378 -22.9103 0.0000 1650400707828 2088808.0000 -0.1955
-4.5880 32.4453 -19.4819 0.0000 1650400707882 2088862.0000 -0.1955
-6.0396 33.1503 -19.3999 0.0000 1650400707936 2088916.0000 -0.1950
-3.4836 34.1714 -20.7136 0.0000 1650400707990 2088970.0000 -0.1950
-3.0698 35.7678 -23.1951 0.0000 1650400708044 2089024.0000 -0.1945
-4.0146 33.8326 -21.8272 0.0000 1650400708099 2089078.0000 -0.1950
-4.9424 32.4225 -21.7485 0.0000 1650400708153 2089132.0000 -0.1950
-4.4125 28.7327 -20.4793 0.0000 1650400708207 2089186.0000 -0.1945
-5.4910 33.8565 -16.4913 0.0000 1650400708261 2089240.0000 -0.1945
-6.3982 31.8888 -20.6318 0.0000 1650400708315 2089294.0000 -0.1945
-4.1536 34.3380 -22.8025 0.0000 1650400708367 2089348.0000 -0.1950
-6.3476 34.3193 -22.1885 0.0000 1650400708421 2089402.0000 -0.1950
-5.1371 37.0242 -23.0676 0.0000 1650400708475 2089456.0000 -0.1950
-4.3952 33.9250 -25.4093 0.0000 1650400708530 2089510.0000 -0.1950
-5.3747 35.1417 -24.4535 0.0000 1650400708584 2089564.0000 -0.1950
-4.8178 32.9741 -24.5779 0.0000 1650400708638 2089618.0000 -0.1955
-5.9776 29.4217 -21.4061 0.0000 1650400708692 2089672.0000 -0.1955
-5.2975 31.1023 -20.0554 0.0000 1650400708746 2089726.0000 -0.1955
-4.5937 31.0467 -20.9003 0.0000 1650400708800 2089780.0000 -0.1950
-5.7991 33.4879 -18.9866 0.0000 1650400708855 2089834.0000 -0.1950
-6.5842 31.2647 -21.2485 0.0000 1650400708909 2089888.0000 -0.1955
-4.8838 34.3578 -21.7242 0.0000 1650400708963 2089941.0000 -0.1950
-4.7236 32.3862 -22.0234 0.0000 1650400709015 2089995.0000 -0.1950
-3.9351 32.8929 -20.0327 0.0000 1650400709069 2090049.0000 -0.1950
-5.6506 33.2527 -19.6891 0.0000 1650400709123 2090103.0000 -0.1950
-4.1542 31.3166 -19.9892 0.0000 1650400709177 2090157.0000 -0.1950
-6.2987 30.2157 -18.3685 0.0000 1650400709231 2090211.0000 -0.1950
-3.6000 32.8057 -17.3750 0.0000 1650400709286 2090265.0000 -0.1950
-6.0097 34.8363 -20.4386 0.0000 1650400709340 2090319.0000 -0.1950
-4.5723 32.5472 -17.9556 0.0000 1650400709394 2090373.0000 -0.1950
-3.7961 32.9021 -22.9633 0.0000 1650400709448 2090427.0000 -0.1950
-2.6447 35.4899 -23.8408 0.0000 1650400709502 2090481.0000 -0.1950
-5.3487 31.8125 -23.9982 0.0000 1650400709556 2090535.0000 -0.1945
-4.6142 32.7987 -24.8123 0.0000 1650400709608 2090589.0000 -0.1950
-5.4031 27.7880 -23.7444 0.0000 1650400709663 2090643.0000 -0.1950
-4.8005 29.9754 -25.1778 0.0000 1650400709717 2090697.0000 -0.1950
-5.8246 28.3772 -22.7916 0.0000 1650400709771 2090751.0000 -0.1950
-3.5102 29.5655 -22.3612 0.0000 1650400709825 2090805.0000 -0.1950
-1.8986 30.5065 -23.5096 0.0000 1650400709879 2090859.0000 -0.1950
-4.7173 34.2129 -24.5588 0.0000 1650400709934 2090913.0000 -0.1950
-4.1816 34.0487 -21.7028 0.0000 1650400709987 2090967.0000 -0.1950
-4.4133 36.6319 -17.9195 0.0000 1650400710042 2091021.0000 -0.1950
-5.1268 30.7117 -20.7891 0.0000 1650400710096 2091075.0000 -0.1945
-5.5358 32.8751 -17.6300 0.0000 1650400710150 2091129.0000 -0.1950
-5.1439 32.6881 -16.4691 0.0000 1650400710204 2091183.0000 -0.1950
-4.1844 30.6627 -19.9950 0.0000 1650400710256 2091237.0000 -0.1950
-2.5988 33.0890 -18.2803 0.0000 1650400710310 2091290.0000 -0.1950
-3.9890 33.6102 -21.4085 0.0000 1650400710364 2091344.0000 -0.1950
-4.7029 35.3197 -23.5146 0.0000 1650400710418 2091398.0000 -0.1950
-5.1144 33.3093 -23.7903 0.0000 1650400710473 2091452.0000 -0.1950
-5.7558 31.5345 -21.1404 0.0000 1650400710527 2091506.0000 -0.1950
-3.8168 30.2342 -22.9562 0.0000 1650400710581 2091560.0000 -0.1950
-4.3142 31.1531 -23.7354 0.0000 1650400710635 2091614.0000 -0.1945
-2.1291 31.2544 -22.7210 0.0000 1650400710689 2091668.0000 -0.1945
-4.0550 31.5846 -19.5512 0.0000 1650400710743 2091722.0000 -0.1950
-2.3219 29.5214 -20.7586 0.0000 1650400710797 2091776.0000 -0.1950
-4.5635 29.0682 -18.9197 0.0000 1650400710850 2091830.0000 -0.1950
-1.7081 33.5757 -21.7787 0.0000 1650400710904 2091884.0000 -0.1945
-5.3089 34.5086 -22.8672 0.0000 1650400710958 2091938.0000 -0.1945
-4.2780 32.4743 -22.4180 0.0000 1650400711012 2091992.0000 -0.1950
-6.1587 33.6985 -17.4263 0.0000 1650400711066 2092046.0000 -0.1950
-3.6307 31.8889 -20.4390 0.0000 1650400711120 2092100.0000 -0.1950
-3.6098 33.0330 -19.1242 0.0000 1650400711174 2092154.0000 -0.1950
-4.9963 30.9250 -15.4949 0.0000 1650400711229 2092208.0000 -0.1945
-2.6384 31.2157 -18.6691 0.0000 1650400711283 2092262.0000 -0.1950
-5.0315 32.5583 -20.6457 0.0000 1650400711337 2092316.0000 -0.1950
-3.6557 31.1600 -19.6515 0.0000 1650400711391 2092370.0000 -0.1950
-4.0048 32.1565 -19.9914 0.0000 1650400711443 2092424.0000 -0.1950
-3.0110 34.5424 -23.1296 0.0000 1650400711497 2092478.0000 -0.1945
-2.7540 32.6990 -23.6931 0.0000 1650400711551 2092532.0000 -0.1950
-4.7087 30.3185 -23.3602 0.0000 1650400711606 2092586.0000 -0.1950
-3.8396 30.9556 -21.7825 0.0000 1650400711660 2092640.0000 -0.1950
-4.1377 30.5867 -21.0785 0.0000 1650400711714 2092693.0000 -0.1950
-2.8819 27.8490 -22.8243 0.0000 1650400711768 2092747.0000 -0.1950
-3.1544 30.2457 -20.6461 0.0000 1650400711822 2092801.0000 -0.1950
-3.9345 30.9843 -22.7565 0.0000 1650400711876 2092855.0000 -0.1955
-3.1153 32.0842 -22.5953 0.0000 1650400711930 2092909.0000 -0.1955
-3.8172 34.6562 -22.5031 0.0000 1650400711985 2092963.0000 -0.1950
-6.7859 30.8139 -19.0867 0.0000 1650400712039 2093017.0000 -0.1950
-4.3977 30.5556 -19.3956 0.0000 1650400712091 2093071.0000 -0.1950
-5.9240 33.4322 -16.3635 0.0000 1650400712145 2093125.0000 -0.1955
-5.9032 29.9554 -18.2812 0.0000 1650400712199 2093179.0000 -0.1945
-3.5021 30.1845 -18.1427 0.0000 1650400712253 2093233.0000 -0.1950
-4.6860 31.9188 -18.2982 0.0000 1650400712307 2093287.0000 -0.1945
-6.5056 31.5595 -19.2455 0.0000 1650400712361 2093341.0000 -0.1950
-4.8923 32.3462 -21.2596 0.0000 1650400712416 2093395.0000 -0.1950
-5.8169 33.8891 -20.6498 0.0000 1650400712470 2093449.0000 -0.1950
-4.4561 29.7953 -22.3631 0.0000 1650400712524 2093503.0000 -0.1950
-4.0209 34.1871 -23.7161 0.0000 1650400712578 2093557.0000 -0.1950
-2.7915 32.1112 -24.2788 0.0000 1650400712632 2093611.0000 -0.1950
-2.4358 30.5602 -21.4197 0.0000 1650400712684 2093665.0000 -0.1950
-4.1485 29.2871 -20.6439 0.0000 1650400712738 2093719.0000 -0.1950
-4.0116 27.8187 -19.5651 0.0000 1650400712793 2093773.0000 -0.1950
-2.9013 30.3712 -19.8135 0.0000 1650400712847 2093827.0000 -0.1950
-4.0930 32.4065 -21.1182 0.0000 1650400712901 2093881.0000 -0.1955
-7.2008 34.6835 -22.8437 0.0000 1650400712955 2093935.0000 -0.1955
-4.9653 34.3328 -20.3926 0.0000 1650400713009 2093989.0000 -0.1955
-3.7606 34.6145 -20.3485 0.0000 1650400713063 2094042.0000 -0.1955
-3.8821 32.3618 -20.3086 0.0000 1650400713117 2094096.0000 -0.1950
-5.2958 32.9824 -17.7035 0.0000 1650400713172 2094150.0000 -0.1960
-3.1742 29.2693 -17.2070 0.0000 1650400713226 2094204.0000 -0.1955
-3.3989 33.2628 -16.6311 0.0000 1650400713280 2094258.0000 -0.1950
-4.1676 30.9579 -19.1600 0.0000 1650400713332 2094312.0000 -0.1950
-4.5481 34.1714 -19.7097 0.0000 1650400713386 2094366.0000 -0.1950
-4.3407 30.0722 -20.9450 0.0000 1650400713440 2094420.0000 -0.1950
-4.6399 32.1078 -17.6918 0.0000 1650400713494 2094474.0000 -0.1955
-6.0293 32.8858 -22.0902 0.0000 1650400713549 2094528.0000 -0.1955
-1.9643 33.5190 -20.5402 0.0000 1650400713603 2094582.0000 -0.1950
-4.1543 31.7024 -21.4659 0.0000 1650400713657 2094636.0000 -0.1950
-3.5502 30.4686 -22.0204 0.0000 1650400713711 2094690.0000 -0.1955
-5.1890 26.8396 -20.7617 0.0000 1650400713765 2094744.0000 -0.1955
-3.9979 32.1058 -20.9353 0.0000 1650400713819 2094798.0000 -0.1955
-4.9032 30.3290 -22.5095 0.0000 1650400713873 2094852.0000 -0.1955
-4.3589 29.4435 -22.3502 0.0000 1650400713925 2094906.0000 -0.1955
-4.8907 33.5469 -20.9890 0.0000 1650400713980 2094960.0000 -0.1955
-3.7321 32.1358 -24.1516 0.0000 1650400714034 2095014.0000 -0.1960
-4.8693 32.4396 -16.6816 0.0000 1650400714088 2095068.0000 -0.1955
-6.2647 33.9601 -18.1564 0.0000 1650400714142 2095122.0000 -0.1955
-4.1453 33.3153 -21.8596 0.0000 1650400714196 2095176.0000 -0.1955
-3.4966 28.3551 -18.2498 0.0000 1650400714250 2095230.0000 -0.1960
-5.6874 31.2556 -19.3015 0.0000 1650400714304 2095284.0000 -0.1955
-4.5751 35.1111 -21.9078 0.0000 1650400714359 2095338.0000 -0.1955
-4.4381 30.4988 -20.6863 0.0000 1650400714413 2095391.0000 -0.1955
-3.0534 30.6144 -20.2443 0.0000 1650400714467 2095445.0000 -0.1950
-6.5293 32.3748 -23.1470 0.0000 1650400714521 2095499.0000 -0.1955
-3.2294 32.3416 -22.5575 0.0000 1650400714573 2095553.0000 -0.1955
-3.2388 31.6017 -20.6529 0.0000 1650400714627 2095607.0000 -0.1955
-2.9955 28.8802 -21.1872 0.0000 1650400714681 2095661.0000 -0.1955
-1.9354 35.3003 -23.9707 0.0000 1650400714736 2095715.0000 -0.1950
-3.8567 29.2580 -23.0343 0.0000 1650400714790 2095769.0000 -0.1960
-5.3080 31.2922 -24.6621 0.0000 1650400714844 2095823.0000 -0.1955
-5.1445 30.1757 -20.3771 0.0000 1650400714898 2095877.0000 -0.1955
-2.7556 33.3813 -21.9181 0.0000 1650400714952 2095931.0000 -0.1955
-3.7378 31.7971 -21.1639 0.0000 1650400715006 2095985.0000 -0.1950
-4.7386 34.7875 -20.4300 0.0000 1650400715061 2096039.0000 -0.1955
-4.7135 31.3897 -19.7751 0.0000 1650400715115 2096093.0000 -0.1955
-5.1495 31.4989 -18.3694 0.0000 1650400715167 2096147.0000 -0.1955
-5.1013 31.9748 -18.5210 0.0000 1650400715221 2096201.0000 -0.1950
-4.8549 32.3497 -18.4410 0.0000 1650400715275 2096255.0000 -0.1950
-6.2360 31.8433 -18.7783 0.0000 1650400715329 2096309.0000 -0.1950
-6.0595 33.1746 -16.4941 0.0000 1650400715383 2096363.0000 -0.1950
-5.0687 31.6603 -20.8305 0.0000 1650400715437 2096417.0000 -0.1950
-2.9401 35.3519 -21.9647 0.0000 1650400715492 2096471.0000 -0.1945
-4.4864 31.7221 -21.6561 0.0000 1650400715546 2096525.0000 -0.1945
-4.7280 32.1996 -22.2901 0.0000 1650400715600 2096579.0000 -0.1950
-4.9960 31.3683 -22.5706 0.0000 1650400715654 2096633.0000 -0.1950
-3.2973 32.4825 -21.5792 0.0000 1650400715708 2096687.0000 -0.1945
-4.3804 29.3510 -22.0860 0.0000 1650400715762 2096740.0000 -0.1945
-4.8083 29.2269 -21.2630 0.0000 1650400715814 2096794.0000 -0.1950
-2.7062 33.2968 -23.6772 0.0000 1650400715869 2096848.0000 -0.1950
-3.2171 34.8349 -24.7411 0.0000 1650400715923 2096902.0000 -0.1950
-4.8107 33.2497 -22.4069 0.0000 1650400715977 2096956.0000 -0.1945
-4.3615 32.3869 -22.1332 0.0000 1650400716031 2097010.0000 -0.1945
-4.1967 32.9145 -19.9546 0.0000 1650400716085 2097064.0000 -0.1945
-4.2621 34.5036 -15.7857 0.0000 1650400716139 2097118.0000 -0.1950
-3.6247 30.6286 -19.8878 0.0000 1650400716193 2097172.0000 -0.1950
-2.3683 30.7011 -17.6174 0.0000 1650400716247 2097226.0000 -0.1950
-4.6637 33.2344 -19.7623 0.0000 1650400716302 2097280.0000 -0.1945
-6.2553 33.9236 -19.0900 0.0000 1650400716356 2097334.0000 -0.1945
-6.1556 34.9007 -19.4647 0.0000 1650400716408 2097388.0000 -0.1950
-3.4015 34.0083 -20.6794 0.0000 1650400716462 2097442.0000 -0.1950
-3.6286 34.1717 -22.2654 0.0000 1650400716516 2097496.0000 -0.1945
-4.5299 34.6459 -22.8007 0.0000 1650400716570 2097550.0000 -0.1945
-2.7298 31.6292 -19.7719 0.0000 1650400716624 2097604.0000 -0.1950
-3.9014 32.4840 -23.4198 0.0000 1650400716679 2097658.0000 -0.1950
-4.0418 28.0291 -23.7134 0.0000 1650400716733 2097712.0000 -0.1950
-3.8505 29.6667 -23.5016 0.0000 1650400716789 2097766.0000 -0.1945
-5.6846 29.8880 -22.7693 0.0000 1650400716841 2097820.0000 -0.1945
-5.0219 29.8249 -20.4373 0.0000 1650400716895 2097874.0000 -0.1950
-3.0700 35.4507 -21.5761 0.0000 1650400716949 2097928.0000 -0.1950
-3.9478 32.9985 -22.0785 0.0000 1650400717001 2097982.0000 -0.1950
-5.1227 32.3871 -22.1411 0.0000 1650400717056 2098036.0000 -0.1945
-4.9840 33.0443 -19.4428 0.0000 1650400717110 2098089.0000 -0.1945
-5.3341 32.1526 -20.8291 0.0000 1650400717164 2098143.0000 -0.1945
-4.8922 34.2876 -21.4478 0.0000 1650400717218 2098197.0000 -0.1950
-5.1284 31.5582 -16.1874 0.0000 1650400717272 2098251.0000 -0.1950
-4.5439 30.7541 -18.5210 0.0000 1650400717326 2098305.0000 -0.1945
-4.9718 33.1567 -21.1002 0.0000 1650400717380 2098359.0000 -0.1945
-5.0460 32.5644 -22.2083 0.0000 1650400717435 2098413.0000 -0.1950
-3.1556 35.3106 -20.7706 0.0000 1650400717489 2098467.0000 -0.1950
-2.8859 33.3570 -23.0588 0.0000 1650400717543 2098521.0000 -0.1950
-3.8304 34.3098 -24.0219 0.0000 1650400717597 2098575.0000 -0.1945
-3.0978 35.2011 -23.0073 0.0000 1650400717649 2098629.0000 -0.1945
-4.2608 31.3026 -21.1871 0.0000 1650400717703 2098683.0000 -0.1945
-3.6384 33.6709 -21.3560 0.0000 1650400717757 2098737.0000 -0.1950
-4.5848 27.5259 -23.3462 0.0000 1650400717811 2098791.0000 -0.1950
-5.2033 30.4840 -24.1305 0.0000 1650400717866 2098845.0000 -0.1950
-4.6097 29.1607 -21.9055 0.0000 1650400717920 2098899.0000 -0.1950
-4.4393 34.0158 -22.7329 0.0000 1650400717974 2098953.0000 -0.1950
-3.8901 33.7408 -20.6884 0.0000 1650400718028 2099007.0000 -0.1955
-2.9461 33.5780 -21.3764 0.0000 1650400718082 2099061.0000 -0.1955
-3.1389 34.1382 -20.7542 0.0000 1650400718136 2099115.0000 -0.1950
-4.1929 34.6722 -20.4946 0.0000 1650400718190 2099169.0000 -0.1950
-5.2044 31.4646 -17.4249 0.0000 1650400718243 2099223.0000 -0.1950
-5.5533 30.6335 -18.4795 0.0000 1650400718297 2099277.0000 -0.1955
-4.8776 30.8885 -19.0153 0.0000 1650400718351 2099331.0000 -0.1955
-3.8410 33.3723 -20.9633 0.0000 1650400718405 2099385.0000 -0.1955
-3.3993 33.3330 -23.9111 0.0000 1650400718459 2099438.0000 -0.1955
-4.0203 34.8306 -22.0627 0.0000 1650400718513 2099492.0000 -0.1955
-6.0198 33.0985 -21.7433 0.0000 1650400718567 2099546.0000 -0.1955
-2.8980 32.1321 -23.2999 0.0000 1650400718622 2099600.0000 -0.1955
-4.8576 31.0530 -24.0460 0.0000 1650400718676 2099654.0000 -0.1955
-6.2436 30.5824 -22.5306 0.0000 1650400718730 2099708.0000 -0.1955
-3.2108 30.5688 -22.4390 0.0000 1650400718784 2099762.0000 -0.1955
-4.3930 31.5892 -22.8123 0.0000 1650400718838 2099816.0000 -0.1960
-6.4047 32.9157 -21.6250 0.0000 1650400718890 2099870.0000 -0.1960
-3.4210 32.9480 -22.7767 0.0000 1650400718944 2099924.0000 -0.1960
-5.9685 32.0076 -20.5261 0.0000 1650400718999 2099978.0000 -0.1955
-5.6103 36.6762 -19.7260 0.0000 1650400719053 2100032.0000 -0.1960
-3.6761 32.8609 -20.5952 0.0000 1650400719107 2100086.0000 -0.1960
-4.5206 34.4356 -16.4058 0.0000 1650400719161 2100140.0000 -0.1955
-3.7102 31.6551 -17.5983 0.0000 1650400719215 2100194.0000 -0.1955
-4.0158 29.0769 -17.1455 0.0000 1650400719269 2100248.0000 -0.1960
-5.5882 32.6725 -17.8613 0.0000 1650400719323 2100302.0000 -0.1955
-4.4457 33.6220 -20.1031 0.0000 1650400719378 2100356.0000 -0.1960
-3.0156 35.1955 -20.9149 0.0000 1650400719432 2100410.0000 -0.1960
-4.3242 37.2143 -22.3450 0.0000 1650400719484 2100464.0000 -0.1960
-5.9228 32.8544 -23.3935 0.0000 1650400719538 2100518.0000 -0.1960
-5.2093 31.8228 -21.1723 0.0000 1650400719592 2100572.0000 -0.1965
-5.1111 31.7969 -23.3089 0.0000 1650400719646 2100626.0000 -0.1965
-4.3195 30.9559 -25.0785 0.0000 1650400719700 2100680.0000 -0.1960
-4.8651 31.8485 -22.5026 0.0000 1650400719755 2100734.0000 -0.1960
-5.7953 31.4023 -19.9492 0.0000 1650400719809 2100787.0000 -0.1960
-5.7315 28.8809 -23.1674 0.0000 1650400719863 2100841.0000 -0.1960
-6.3856 32.3279 -19.8235 0.0000 1650400719917 2100895.0000 -0.1965
-4.4129 32.3546 -21.5265 0.0000 1650400719971 2100949.0000 -0.1965
-4.5517 34.0346 -20.0217 0.0000 1650400720025 2101003.0000 -0.1960
-5.3688 34.4893 -20.4496 0.0000 1650400720079 2101057.0000 -0.1960
-5.5290 32.1116 -21.6199 0.0000 1650400720131 2101111.0000 -0.1965
-2.5969 33.0533 -19.6163 0.0000 1650400720188 2101165.0000 -0.1965
-5.1160 31.2228 -19.8194 0.0000 1650400720240 2101219.0000 -0.1960
-4.7087 30.0040 -17.7578 0.0000 1650400720294 2101273.0000 -0.1960
-4.4294 28.0026 -19.6628 0.0000 1650400720348 2101327.0000 -0.1960
-4.6123 35.6404 -20.8153 0.0000 1650400720402 2101381.0000 -0.1960
-5.4423 34.3949 -21.0635 0.0000 1650400720456 2101435.0000 -0.1965
-5.9841 35.0589 -20.8685 0.0000 1650400720510 2101489.0000 -0.1965
-3.6101 34.1783 -23.0719 0.0000 1650400720565 2101543.0000 -0.1965
-4.3208 33.9621 -22.3518 0.0000 1650400720619 2101597.0000 -0.1965
-3.7995 32.1247 -25.5637 0.0000 1650400720673 2101651.0000 -0.1965
-3.9417 32.8340 -25.0190 0.0000 1650400720725 2101705.0000 -0.1965
-3.5263 32.6080 -23.4672 0.0000 1650400720779 2101759.0000 -0.1965
-6.0027 30.6170 -20.8638 0.0000 1650400720833 2101813.0000 -0.1960
-5.9797 31.4420 -22.7945 0.0000 1650400720887 2101867.0000 -0.1960
-4.4361 33.1094 -21.5659 0.0000 1650400720942 2101921.0000 -0.1960
-2.0199 32.8018 -22.4159 0.0000 1650400720996 2101975.0000 -0.1965
-5.2679 34.2976 -21.8092 0.0000 1650400721050 2102029.0000 -0.1965
-4.5332 33.4149 -19.8475 0.0000 1650400721104 2102083.0000 -0.1960
-5.6470 31.7251 -18.7577 0.0000 1650400721158 2102137.0000 -0.1960
-4.7804 33.1485 -17.0277 0.0000 1650400721212 2102190.0000 -0.1960
-4.1735 33.6174 -19.8928 0.0000 1650400721266 2102244.0000 -0.1965
-3.7986 30.1972 -17.2771 0.0000 1650400721319 2102298.0000 -0.1960
-3.6531 28.7627 -19.0309 0.0000 1650400721373 2102352.0000 -0.1960
-4.8449 31.9984 -18.1315 0.0000 1650400721427 2102406.0000 -0.1960
-5.3710 32.7080 -20.3898 0.0000 1650400721481 2102460.0000 -0.1960
-3.7452 34.5912 -20.7445 0.0000 1650400721535 2102514.0000 -0.1960
-5.4012 32.6644 -23.4914 0.0000 1650400721589 2102568.0000 -0.1960
-1.5563 32.9687 -22.8124 0.0000 1650400721643 2102622.0000 -0.1960
-2.0794 32.7565 -24.2889 0.0000 1650400721697 2102676.0000 -0.1955
-3.9789 29.0825 -24.3729 0.0000 1650400721752 2102730.0000 -0.1960
-1.8956 31.1475 -25.5599 0.0000 1650400721806 2102784.0000 -0.1960
-2.9074 32.4321 -22.7967 0.0000 1650400721860 2102838.0000 -0.1955
-4.0918 29.2740 -21.2730 0.0000 1650400721914 2102892.0000 -0.1955
-3.5142 34.4971 -21.3058 0.0000 1650400721966 2102946.0000 -0.1955
-3.9274 31.6022 -23.1642 0.0000 1650400722020 2103000.0000 -0.1960
-5.3893 34.3152 -21.1517 0.0000 1650400722074 2103054.0000 -0.1960
-4.0569 33.4924 -18.9588 0.0000 1650400722129 2103108.0000 -0.1960
-4.4696 32.0373 -18.6125 0.0000 1650400722183 2103162.0000 -0.1960
-5.8385 32.0401 -18.5327 0.0000 1650400722237 2103216.0000 -0.1955
-4.2624 30.3382 -17.4193 0.0000 1650400722291 2103270.0000 -0.1960
-4.6029 33.4232 -18.2215 0.0000 1650400722345 2103324.0000 -0.1960
-5.9770 35.5635 -17.7521 0.0000 1650400722399 2103378.0000 -0.1955
-7.2469 33.4572 -21.9390 0.0000 1650400722453 2103432.0000 -0.1955
-5.5807 35.9111 -20.8657 0.0000 1650400722508 2103486.0000 -0.1955
-4.3720 35.5722 -22.3156 0.0000 1650400722560 2103539.0000 -0.1960
-4.5506 33.5741 -21.9635 0.0000 1650400722614 2103593.0000 -0.1960
-3.2778 33.3424 -22.5709 0.0000 1650400722668 2103647.0000 -0.1960
-4.5023 32.5285 -25.0782 0.0000 1650400722722 2103701.0000 -0.1960
-5.8865 32.0598 -23.3622 0.0000 1650400722776 2103755.0000 -0.1960
-2.5841 29.3159 -21.2170 0.0000 1650400722830 2103809.0000 -0.1965
-5.6679 28.9831 -23.3447 0.0000 1650400722885 2103863.0000 -0.1965
-3.4061 31.7915 -23.6458 0.0000 1650400722939 2103917.0000 -0.1960
-4.2593 32.4969 -22.2407 0.0000 1650400722993 2103971.0000 -0.1960
-3.0460 35.6173 -21.8960 0.0000 1650400723047 2104025.0000 -0.1955
-5.1583 31.1343 -22.6470 0.0000 1650400723101 2104079.0000 -0.1960
-4.9632 35.0220 -20.3825 0.0000 1650400723155 2104133.0000 -0.1965
-2.2417 32.7260 -20.0442 0.0000 1650400723207 2104187.0000 -0.1960
-4.6604 31.6071 -16.1397 0.0000 1650400723262 2104241.0000 -0.1960
-4.6845 27.5614 -19.3669 0.0000 1650400723316 2104295.0000 -0.1960
-4.3031 30.8822 -19.3118 0.0000 1650400723370 2104349.0000 -0.1960
-4.4831 33.2049 -21.3546 0.0000 1650400723424 2104403.0000 -0.1960
-5.6830 33.9145 -21.2585 0.0000 1650400723478 2104457.0000 -0.1960
-4.2508 34.4679 -22.7597 0.0000 1650400723532 2104511.0000 -0.1955
-4.9084 34.5590 -23.1032 0.0000 1650400723586 2104565.0000 -0.1955
-5.6756 32.6633 -23.5330 0.0000 1650400723641 2104619.0000 -0.1960
-3.2271 31.3796 -24.6023 0.0000 1650400723695 2104673.0000 -0.1965
-4.4129 32.9833 -21.5226 0.0000 1650400723749 2104727.0000 -0.1965
-3.0922 31.1641 -22.9989 0.0000 1650400723801 2104781.0000 -0.1960
-4.8969 31.0307 -20.3385 0.0000 1650400723855 2104835.0000 -0.1960
-2.4720 30.9004 -18.9113 0.0000 1650400723909 2104888.0000 -0.1965
-4.9996 33.8351 -20.6821 0.0000 1650400723963 2104942.0000 -0.1965
-5.0435 33.3501 -20.2360 0.0000 1650400724017 2104996.0000 -0.1960
-3.8685 35.3831 -22.1499 0.0000 1650400724072 2105050.0000 -0.1965
-6.3369 34.1521 -20.4390 0.0000 1650400724126 2105104.0000 -0.1960
-5.5857 32.3716 -18.2267 0.0000 1650400724180 2105158.0000 -0.1965
-5.1343 32.3263 -19.3146 0.0000 1650400724234 2105212.0000 -0.1967
-3.9537 29.4257 -17.6866 0.0000 1650400724288 2105266.0000 -0.1965
-2.9841 29.9328 -16.2136 0.0000 1650400724342 2105320.0000 -0.1965
-5.6159 30.7265 -20.1044 0.0000 1650400724396 2105374.0000 -0.1965
-4.0197 35.0719 -19.3756 0.0000 1650400724449 2105428.0000 -0.1969
-5.2071 32.9989 -21.1577 0.0000 1650400724503 2105482.0000 -0.1965
-5.7204 34.9199 -22.9405 0.0000 1650400724557 2105536.0000 -0.1965
-3.7541 31.6645 -21.9248 0.0000 1650400724611 2105590.0000 -0.1965
-3.8661 35.2511 -22.0320 0.0000 1650400724665 2105644.0000 -0.1965
-3.7965 34.1050 -25.1754 0.0000 1650400724719 2105698.0000 -0.1965
-4.5489 31.5610 -20.2852 0.0000 1650400724773 2105752.0000 -0.1969
-3.0381 30.8847 -20.8117 0.0000 1650400724828 2105806.0000 -0.1969
-3.4091 32.0995 -22.4423 0.0000 1650400724882 2105860.0000 -0.1965
-4.2225 33.1614 -22.8857 0.0000 1650400724936 2105914.0000 -0.1965
-4.2969 33.5925 -20.5533 0.0000 1650400724990 2105968.0000 -0.1969
-5.3055 33.6394 -20.1842 0.0000 1650400725042 2106022.0000 -0.1965
-5.6727 34.0553 -20.2843 0.0000 1650400725096 2106076.0000 -0.1965
-3.6652 32.7782 -18.9346 0.0000 1650400725150 2106130.0000 -0.1965
-4.2561 31.8204 -18.4061 0.0000 1650400725205 2106184.0000 -0.1965
-5.5213 31.2120 -17.7102 0.0000 1650400725259 2106237.0000 -0.1965
-3.1600 32.4783 -17.6575 0.0000 1650400725313 2106291.0000 -0.1969
-4.9527 32.0195 -19.3449 0.0000 1650400725367 2106345.0000 -0.1969
-2.4373 32.0273 -20.1398 0.0000 1650400725421 2106399.0000 -0.1965
-4.9330 32.9464 -19.2885 0.0000 1650400725475 2106453.0000 -0.1965
-5.6541 34.7398 -24.1901 0.0000 1650400725529 2106507.0000 -0.1965
-4.8890 32.9986 -22.0439 0.0000 1650400725583 2106561.0000 -0.1965
-5.1225 30.9125 -22.8362 0.0000 1650400725638 2106615.0000 -0.1965
-1.9557 31.2052 -22.3483 0.0000 1650400725690 2106669.0000 -0.1965
-4.5039 30.9804 -23.7664 0.0000 1650400725744 2106723.0000 -0.1965
-5.5051 30.4467 -21.1265 0.0000 1650400725798 2106777.0000 -0.1969
-3.4045 30.3861 -23.0147 0.0000 1650400725852 2106831.0000 -0.1974
-5.0887 33.8338 -23.0101 0.0000 1650400725906 2106885.0000 -0.1969
-4.2774 35.1125 -21.6166 0.0000 1650400725960 2106939.0000 -0.1969
-4.0379 33.0917 -21.9671 0.0000 1650400726015 2106993.0000 -0.1969
-2.5686 32.1406 -20.0170 0.0000 1650400726069 2107047.0000 -0.1974
-4.0309 32.6566 -21.1676 0.0000 1650400726123 2107101.0000 -0.1969
-5.3561 29.1292 -21.4703 0.0000 1650400726177 2107155.0000 -0.1965
-5.5034 33.1574 -18.5224 0.0000 1650400726231 2107209.0000 -0.1965
-5.5857 27.7776 -15.9782 0.0000 1650400726283 2107263.0000 -0.1965
-5.6617 30.4754 -15.6090 0.0000 1650400726337 2107317.0000 -0.1969
-4.7129 29.9809 -22.4471 0.0000 1650400726392 2107371.0000 -0.1969
-3.6274 34.3815 -21.1837 0.0000 1650400726446 2107425.0000 -0.1969
-1.2782 33.3630 -20.1163 0.0000 1650400726500 2107479.0000 -0.1965
-2.1322 34.3693 -22.4480 0.0000 1650400726554 2107533.0000 -0.1965
-6.1210 33.2984 -21.9565 0.0000 1650400726608 2107586.0000 -0.1969
-3.0373 33.9537 -20.4340 0.0000 1650400726662 2107640.0000 -0.1965
-3.4295 31.4204 -24.2584 0.0000 1650400726716 2107694.0000 -0.1965
-4.1675 31.3829 -24.1471 0.0000 1650400726771 2107748.0000 -0.1960
-1.0626 30.6154 -21.9972 0.0000 1650400726825 2107802.0000 -0.1960
-3.7175 28.9275 -20.2536 0.0000 1650400726877 2107856.0000 -0.1965
-6.5051 32.7052 -21.2278 0.0000 1650400726931 2107910.0000 -0.1965
-4.5033 33.7954 -21.0445 0.0000 1650400726985 2107964.0000 -0.1965
-4.1872 35.4684 -21.7451 0.0000 1650400727039 2108018.0000 -0.1965
-5.1058 32.2493 -20.4945 0.0000 1650400727093 2108072.0000 -0.1965
-3.5711 33.9982 -20.8165 0.0000 1650400727148 2108126.0000 -0.1969
-4.4294 32.4523 -18.2940 0.0000 1650400727202 2108180.0000 -0.1969
-4.1130 31.7978 -17.3971 0.0000 1650400727256 2108234.0000 -0.1965
-4.0525 30.4404 -17.4304 0.0000 1650400727310 2108288.0000 -0.1965
-5.8456 33.0281 -17.4229 0.0000 1650400727364 2108342.0000 -0.1965
-4.2199 34.5567 -20.9236 0.0000 1650400727418 2108396.0000 -0.1969
-4.7989 32.3024 -21.6363 0.0000 1650400727472 2108450.0000 -0.1969
-5.8828 35.9890 -22.5494 0.0000 1650400727524 2108504.0000 -0.1969
-3.8863 32.9059 -21.3515 0.0000 1650400727579 2108558.0000 -0.1965
-2.7096 34.8962 -22.2717 0.0000 1650400727633 2108612.0000 -0.1969
-6.0827 31.3965 -21.3912 0.0000 1650400727687 2108666.0000 -0.1969
-2.5709 30.4149 -23.3059 0.0000 1650400727741 2108720.0000 -0.1969
-3.7899 30.6702 -21.4727 0.0000 1650400727795 2108774.0000 -0.1965
-4.3225 32.5120 -20.9855 0.0000 1650400727849 2108828.0000 -0.1969
-4.0879 31.9284 -20.0016 0.0000 1650400727903 2108882.0000 -0.1969
-4.0274 34.2063 -23.0642 0.0000 1650400727958 2108936.0000 -0.1974
-4.7790 35.2666 -21.2574 0.0000 1650400728012 2108989.0000 -0.1969
-4.5997 33.4062 -21.1561 0.0000 1650400728066 2109043.0000 -0.1969
-2.6824 33.5242 -19.5563 0.0000 1650400728118 2109097.0000 -0.1969
-3.3467 33.2545 -20.7165 0.0000 1650400728172 2109151.0000 -0.1974
-5.2307 31.0852 -20.7466 0.0000 1650400728226 2109205.0000 -0.1969
-5.6383 31.6534 -18.3684 0.0000 1650400728280 2109259.0000 -0.1969
-5.2862 30.7211 -18.6802 0.0000 1650400728335 2109313.0000 -0.1965
-5.8310 31.5351 -17.2666 0.0000 1650400728389 2109367.0000 -0.1965
-4.0313 34.6574 -19.8769 0.0000 1650400728443 2109421.0000 -0.1965
-4.7647 35.1326 -22.4379 0.0000 1650400728497 2109475.0000 -0.1969
-5.0270 34.8818 -22.8524 0.0000 1650400728551 2109529.0000 -0.1969
-3.5299 34.5180 -23.4624 0.0000 1650400728605 2109583.0000 -0.1965
-6.1579 29.8649 -22.9602 0.0000 1650400728659 2109637.0000 -0.1965
-3.9641 32.8857 -25.1461 0.0000 1650400728714 2109691.0000 -0.1969
-3.3195 31.4658 -23.2977 0.0000 1650400728766 2109745.0000 -0.1969
-6.1328 31.5844 -21.5500 0.0000 1650400728820 2109799.0000 -0.1965
-4.4670 29.5537 -23.3556 0.0000 1650400728874 2109853.0000 -0.1965
-3.4130 32.6494 -20.3643 0.0000 1650400728928 2109907.0000 -0.1965
-5.7317 33.3337 -22.4250 0.0000 1650400728982 2109961.0000 -0.1965
-3.7576 34.5349 -20.8242 0.0000 1650400729036 2110015.0000 -0.1969
-4.3952 33.3240 -21.0475 0.0000 1650400729091 2110069.0000 -0.1969
-5.4965 34.5884 -19.5866 0.0000 1650400729145 2110123.0000 -0.1969
-4.5744 31.7563 -19.8246 0.0000 1650400729199 2110177.0000 -0.1965
-3.0396 30.1961 -19.6804 0.0000 1650400729253 2110231.0000 -0.1969
-4.9401 30.4053 -18.6881 0.0000 1650400729307 2110285.0000 -0.1969
-6.2686 29.8870 -18.8829 0.0000 1650400729359 2110338.0000 -0.1965
-3.8169 31.3619 -20.0895 0.0000 1650400729413 2110392.0000 -0.1965
-3.9863 34.6242 -21.7612 0.0000 1650400729468 2110446.0000 -0.1965
-6.3579 34.8845 -24.0695 0.0000 1650400729522 2110500.0000 -0.1965
-4.6418 33.5275 -21.6810 0.0000 1650400729576 2110554.0000 -0.1969
-3.3318 32.8594 -20.8931 0.0000 1650400729630 2110608.0000 -0.1969
-5.5592 34.3771 -24.6486 0.0000 1650400729684 2110662.0000 -0.1965
-3.9185 34.0133 -23.5450 0.0000 1650400729738 2110716.0000 -0.1965
-3.8890 29.1803 -23.5294 0.0000 1650400729792 2110770.0000 -0.1969
-5.5890 28.8036 -21.9151 0.0000 1650400729846 2110824.0000 -0.1969
-4.3073 33.1150 -24.2844 0.0000 1650400729900 2110878.0000 -0.1965
-6.7703 32.1400 -22.0456 0.0000 1650400729955 2110932.0000 -0.1965
-4.0148 34.5970 -22.4790 0.0000 1650400730007 2110986.0000 -0.1965
-3.9986 35.0162 -22.8889 0.0000 1650400730061 2111040.0000 -0.1969
-3.1859 34.1123 -20.9868 0.0000 1650400730115 2111094.0000 -0.1969
-4.8411 33.2110 -20.5161 0.0000 1650400730169 2111148.0000 -0.1969
-4.1487 32.0577 -20.8957 0.0000 1650400730223 2111202.0000 -0.1969
-5.0128 31.5340 -16.8524 0.0000 1650400730278 2111256.0000 -0.1965
-5.8942 31.9840 -18.9998 0.0000 1650400730332 2111310.0000 -0.1969
-5.1058 30.2942 -17.9178 0.0000 1650400730386 2111364.0000 -0.1974
-3.9565 33.2336 -20.3944 0.0000 1650400730440 2111418.0000 -0.1969
-3.3916 32.9749 -23.0478 0.0000 1650400730494 2111472.0000 -0.1965
-3.3381 36.3723 -23.1300 0.0000 1650400730548 2111526.0000 -0.1969
-7.8679 36.9381 -23.6613 0.0000 1650400730600 2111580.0000 -0.1969
-2.7130 36.1025 -23.7300 0.0000 1650400730655 2111634.0000 -0.1974
-4.8701 32.0042 -21.6543 0.0000 1650400730709 2111687.0000 -0.1974
-2.9509 29.8963 -21.0255 0.0000 1650400730763 2111741.0000 -0.1974
-2.9331 31.0358 -22.2454 0.0000 1650400730817 2111795.0000 -0.1969
-3.3388 29.2917 -21.7829 0.0000 1650400730871 2111849.0000 -0.1974
-5.1516 30.7827 -24.7349 0.0000 1650400730925 2111903.0000 -0.1974
-5.6195 32.8741 -21.1652 0.0000 1650400730979 2111957.0000 -0.1969
-4.2824 33.3144 -19.7343 0.0000 1650400731034 2112011.0000 -0.1969
-4.0659 31.9412 -21.2485 0.0000 1650400731088 2112065.0000 -0.1969
-3.0412 32.9152 -21.9132 0.0000 1650400731142 2112119.0000 -0.1969
-5.0040 33.2053 -18.8036 0.0000 1650400731194 2112173.0000 -0.1974
-3.7425 30.5731 -19.2215 0.0000 1650400731248 2112227.0000 -0.1974
-3.7645 29.9848 -17.7517 0.0000 1650400731302 2112281.0000 -0.1969
-3.6440 26.9652 -18.0214 0.0000 1650400731356 2112335.0000 -0.1969
-5.7315 30.0982 -15.7402 0.0000 1650400731411 2112389.0000 -0.1974
-6.7699 32.2477 -21.4855 0.0000 1650400731465 2112443.0000 -0.1974
-4.7860 35.9207 -20.8487 0.0000 1650400731519 2112497.0000 -0.1974
-5.0099 36.1179 -20.8961 0.0000 1650400731573 2112551.0000 -0.1974
-5.8686 32.7294 -20.4395 0.0000 1650400731627 2112605.0000 -0.1974
-3.3330 34.0543 -22.7830 0.0000 1650400731681 2112659.0000 -0.1974
-4.8947 33.5041 -20.7546 0.0000 1650400731735 2112713.0000 -0.1974
-4.9285 31.9335 -21.4466 0.0000 1650400731789 2112767.0000 -0.1969
-4.0406 29.0650 -23.6291 0.0000 1650400731842 2112821.0000 -0.1969
-1.8860 32.1630 -23.9663 0.0000 1650400731896 2112875.0000 -0.1969
-6.2516 32.5167 -21.7001 0.0000 1650400731950 2112929.0000 -0.1974
-5.1285 31.9667 -22.5983 0.0000 1650400732004 2112983.0000 -0.1974
-4.5758 32.8923 -20.0284 0.0000 1650400732058 2113036.0000 -0.1974
-4.0678 30.1705 -21.1935 0.0000 1650400732112 2113090.0000 -0.1974
-3.3953 32.8285 -19.6447 0.0000 1650400732166 2113144.0000 -0.1974
-3.6082 29.2682 -20.4822 0.0000 1650400732221 2113198.0000 -0.1974
-4.3138 33.1348 -15.0283 0.0000 1650400732275 2113252.0000 -0.1974
-4.8992 27.5578 -16.4402 0.0000 1650400732329 2113306.0000 -0.1974
-3.9308 32.2016 -16.4699 0.0000 1650400732383 2113360.0000 -0.1974
-4.6357 31.9286 -18.2773 0.0000 1650400732435 2113414.0000 -0.1974
-4.2701 34.5212 -21.0074 0.0000 1650400732489 2113468.0000 -0.1979
-4.3332 33.1953 -22.1835 0.0000 1650400732543 2113522.0000 -0.1974
-3.5025 34.4244 -24.5898 0.0000 1650400732598 2113576.0000 -0.1974
-1.7086 31.3473 -21.7356 0.0000 1650400732652 2113630.0000 -0.1974
-3.4643 32.4102 -23.5364 0.0000 1650400732706 2113684.0000 -0.1969
-3.7590 30.6019 -23.5982 0.0000 1650400732760 2113738.0000 -0.1974
-3.7513 30.2244 -22.1636 0.0000 1650400732814 2113792.0000 -0.1974
-4.5204 29.3365 -22.0271 0.0000 1650400732868 2113846.0000 -0.1969
-2.8756 30.4948 -21.4209 0.0000 1650400732922 2113900.0000 -0.1969
-3.7168 33.5270 -20.7375 0.0000 1650400732977 2113954.0000 -0.1969
