-8.8774 76.6069 -36.3631 50.9787 1650400322639 1703645.0000 -0.1969
-8.8686 76.6532 -36.6345 48.0163 1650400322693 1703699.0000 -0.1965
-8.8055 76.7457 -36.5632 49.9346 1650400322747 1703753.0000 -0.1969
-8.8406 76.7916 -36.5013 44.7469 1650400322801 1703807.0000 -0.1965
-8.8782 76.8001 -36.6026 58.5400 1650400322856 1703861.0000 -0.1965
-8.8983 76.8204 -36.6413 50.2120 1650400322908 1703915.0000 -0.1965
-8.8694 76.9265 -36.4399 47.6118 1650400322962 1703969.0000 -0.1960
-8.8163 76.9473 -36.4764 62.3001 1650400323016 1704023.0000 -0.1965
-8.8295 77.0003 -36.3954 50.4548 1650400323070 1704077.0000 -0.1965
-8.7246 76.9234 -36.3526 47.4033 1650400323124 1704131.0000 -0.1965
-8.8888 77.3224 -36.4972 42.0784 1650400323178 1704185.0000 -0.1965
-8.8342 76.8251 -36.4709 46.9877 1650400323232 1704239.0000 -0.1965
-8.8258 76.8270 -36.6444 51.0748 1650400323287 1704293.0000 -0.1969
-8.7871 76.7833 -36.6927 56.6104 1650400323341 1704347.0000 -0.1969
-8.8501 76.7744 -36.4361 44.9106 1650400323395 1704400.0000 -0.1965
-8.8303 76.8402 -36.4416 52.9888 1650400323449 1704454.0000 -0.1965
-8.7939 76.9816 -36.5468 47.2391 1650400323501 1704508.0000 -0.1965
-8.9227 76.9219 -36.5145 49.8580 1650400323555 1704562.0000 -0.1965
-8.8379 77.0386 -36.5469 42.1347 1650400323609 1704616.0000 -0.1965
-8.8973 76.9664 -36.3283 49.9661 1650400323664 1704670.0000 -0.1969
-8.7791 76.9029 -36.3198 49.9650 1650400323718 1704724.0000 -0.1965
-8.8434 77.3648 -36.3753 47.3862 1650400323772 1704778.0000 -0.1965
-8.8914 76.8442 -36.3718 49.1371 1650400323826 1704832.0000 -0.1965
-8.8471 77.3263 -36.3617 47.2729 1650400323880 1704886.0000 -0.1965
-8.8725 76.9651 -36.3061 61.3006 1650400323934 1704940.0000 -0.1965
-8.8570 77.3167 -36.3542 44.6218 1650400323988 1704994.0000 -0.1960
-8.8262 77.3270 -36.4915 45.0560 1650400324043 1705048.0000 -0.1965
-8.7657 77.2994 -36.2089 54.6796 1650400324097 1705102.0000 -0.1965
-8.7423 76.9076 -36.4347 48.9881 1650400324149 1705156.0000 -0.1965
-8.8225 77.3047 -36.6254 54.2799 1650400324203 1705210.0000 -0.1965
-8.6869 77.2187 -36.6291 44.2852 1650400324257 1705264.0000 -0.1965
-8.8168 77.2332 -36.5897 45.7953 1650400324311 1705318.0000 -0.1965
-8.8126 77.2705 -36.3977 41.8868 1650400324365 1705372.0000 -0.1965
-8.8766 77.2810 -36.5814 40.1529 1650400324419 1705426.0000 -0.1965
-8.9245 76.8826 -36.5617 42.4249 1650400324474 1705480.0000 -0.1965
-8.8937 76.8463 -36.4108 40.2290 1650400324528 1705534.0000 -0.1960
-8.8595 77.3899 -36.4720 48.2233 1650400324582 1705588.0000 -0.1960
-8.7766 77.3182 -36.4832 49.2137 1650400324636 1705642.0000 -0.1960
-8.7647 76.8975 -36.3995 43.3766 1650400324690 1705696.0000 -0.1960
-8.9151 76.8028 -36.3599 50.0945 1650400324742 1705749.0000 -0.1965
-8.7746 77.3379 -36.5008 44.6808 1650400324796 1705803.0000 -0.1960
-8.7891 76.8704 -36.3990 45.3057 1650400324851 1705857.0000 -0.1960
-8.8060 76.8580 -36.4615 53.4282 1650400324905 1705911.0000 -0.1965
-8.8209 76.9263 -36.2821 55.9471 1650400324959 1705965.0000 -0.1965
-8.8796 76.8627 -36.4727 54.8348 1650400325013 1706019.0000 -0.1960
-8.8040 76.8444 -36.4100 49.3046 1650400325067 1706073.0000 -0.1960
-8.8060 76.8753 -36.3275 46.0907 1650400325121 1706127.0000 -0.1955
-8.8362 76.9099 -36.3946 46.3808 1650400325175 1706181.0000 -0.1960
-8.9087 76.9034 -36.4152 52.8036 1650400325230 1706235.0000 -0.1960
-8.8331 76.7599 -36.4204 43.2068 1650400325284 1706289.0000 -0.1960
-8.7531 76.8673 -36.6208 44.6173 1650400325336 1706343.0000 -0.1960
-8.8475 76.9049 -36.6049 41.4607 1650400325390 1706397.0000 -0.1960
-8.8349 76.7435 -36.5166 46.9769 1650400325444 1706451.0000 -0.1960
-8.8486 77.0376 -34.9545 92.6756 1650400325498 1706505.0000 -0.1960
-8.9945 77.2325 -33.8052 68.7236 1650400325552 1706559.0000 -0.1960
-9.1298 77.0976 -32.5088 52.5898 1650400325607 1706613.0000 -0.1960
-9.0496 77.1775 -31.4379 64.4945 1650400325661 1706667.0000 -0.1960
-9.1541 77.1506 -29.7409 57.1947 1650400325715 1706721.0000 -0.1960
-9.0104 77.0440 -28.9895 58.2172 1650400325769 1706775.0000 -0.1960
-9.0224 76.9844 -28.4822 52.3623 1650400325823 1706829.0000 -0.1960
-9.0953 76.9498 -28.5750 47.1562 1650400325877 1706883.0000 -0.1960
-9.0062 76.9904 -28.6483 36.1165 1650400325931 1706937.0000 -0.1960
-8.8362 76.8566 -28.7793 56.3335 1650400325984 1706991.0000 -0.1960
-9.0739 76.7960 -28.6623 47.5217 1650400326038 1707045.0000 -0.1960
-8.9367 76.8920 -28.7619 49.9694 1650400326092 1707099.0000 -0.1955
-9.0274 76.9461 -28.6891 51.0599 1650400326146 1707152.0000 -0.1955
-8.8942 76.8422 -28.6722 45.8217 1650400326200 1707206.0000 -0.1955
-8.9765 76.8016 -28.6201 40.7354 1650400326254 1707260.0000 -0.1960
-9.0179 76.7838 -28.7203 41.7547 1650400326308 1707314.0000 -0.1960
-8.9433 76.8389 -28.6753 50.0654 1650400326363 1707368.0000 -0.1960
-8.8150 76.8180 -28.8837 41.0691 1650400326417 1707422.0000 -0.1960
-9.0205 76.7951 -28.7262 48.3344 1650400326471 1707476.0000 -0.1960
-9.0303 76.8720 -28.8224 50.4269 1650400326525 1707530.0000 -0.1965
-9.0125 76.8621 -28.7880 48.9366 1650400326577 1707584.0000 -0.1965
-8.9629 76.8518 -28.9613 42.6226 1650400326631 1707638.0000 -0.1960
-8.9880 76.8530 -28.7868 49.4125 1650400326685 1707692.0000 -0.1960
-8.9387 76.8642 -28.9709 44.3285 1650400326740 1707746.0000 -0.1960
-8.9361 76.9407 -28.9768 46.9347 1650400326794 1707800.0000 -0.1960
-8.8783 76.8620 -28.7780 44.8163 1650400326848 1707854.0000 -0.1960
-8.9927 76.8383 -28.7034 41.1923 1650400326902 1707908.0000 -0.1960
-8.9136 76.7813 -28.7186 41.8552 1650400326956 1707962.0000 -0.1955
-8.8556 76.7319 -29.0438 39.1962 1650400327010 1708016.0000 -0.1960
-8.9745 76.7185 -28.9312 38.0199 1650400327064 1708070.0000 -0.1960
-8.9782 76.8453 -28.7943 38.3349 1650400327118 1708124.0000 -0.1955
-9.1392 77.2358 -28.9830 64.7915 1650400327173 1708178.0000 -0.1955
-9.1348 77.4695 -30.1402 55.6953 1650400327225 1708232.0000 -0.1955
-9.1610 77.3333 -31.3634 70.5922 1650400327279 1708286.0000 -0.1955
-9.0682 77.2653 -32.5264 61.3780 1650400327333 1708340.0000 -0.1955
-9.0821 77.4477 -34.2293 37.9371 1650400327387 1708394.0000 -0.1960
-9.1256 77.3035 -35.5383 52.9181 1650400327441 1708447.0000 -0.1960
-8.9764 77.4061 -36.7353 53.6346 1650400327495 1708501.0000 -0.1960
-8.9837 80.6201 -38.0208 47.4422 1650400327550 1708555.0000 -0.1960
-8.9755 80.1365 -38.9503 49.1886 1650400327604 1708609.0000 -0.1960
-8.8941 77.0371 -40.3395 44.8909 1650400327658 1708663.0000 -0.1960
-8.8984 76.8870 -41.7911 48.6213 1650400327712 1708717.0000 -0.1955
-8.7746 80.7415 -42.9712 54.5505 1650400327766 1708771.0000 -0.1955
-8.8904 80.7179 -43.8169 41.7325 1650400327818 1708825.0000 -0.1960
-8.9172 80.5046 -44.9007 42.2016 1650400327872 1708879.0000 -0.1960
-8.8527 80.8535 -45.8744 43.2237 1650400327927 1708933.0000 -0.1965
-8.7586 80.8134 -46.9747 40.3746 1650400327981 1708987.0000 -0.1965
-8.7581 80.8821 -47.7124 47.1045 1650400328035 1709041.0000 -0.1955
-8.6999 80.5704 -48.3657 44.9702 1650400328089 1709095.0000 -0.1960
-8.7980 80.8688 -48.9708 44.4501 1650400328143 1709149.0000 -0.1960
-8.8050 80.3060 -49.8524 36.5201 1650400328197 1709203.0000 -0.1960
-8.6312 80.3882 -50.0669 42.9832 1650400328251 1709257.0000 -0.1960
-8.7579 80.5756 -50.6005 42.2036 1650400328306 1709311.0000 -0.1955
-8.7576 80.7642 -50.6219 36.6383 1650400328360 1709365.0000 -0.1955
-9.1900 80.5145 -50.8255 39.2606 1650400328414 1709419.0000 -0.1955
-9.0710 80.5037 -50.8539 48.0068 1650400328466 1709473.0000 -0.1960
-9.0149 80.5484 -50.9303 39.3604 1650400328520 1709527.0000 -0.1960
-8.8275 80.7838 -52.5610 44.6755 1650400328574 1709581.0000 -0.1955
-8.5766 80.4274 -50.8819 38.9043 1650400328628 1709635.0000 -0.1960
-8.5168 77.0470 -50.5501 41.5956 1650400328683 1709689.0000 -0.1960
-8.5972 76.9826 -51.2377 39.3823 1650400328737 1709743.0000 -0.1955
-8.5730 77.1004 -50.6830 41.0979 1650400328791 1709797.0000 -0.1960
-8.5632 80.3208 -48.7740 48.2059 1650400328845 1709850.0000 -0.1955
-8.6632 77.4510 -47.9554 46.7680 1650400328899 1709904.0000 -0.1960
-8.8090 80.3678 -47.4550 47.2756 1650400328953 1709958.0000 -0.1960
-8.8092 77.2075 -46.4537 37.5853 1650400329007 1710012.0000 -0.1965
-8.8893 77.6284 -45.4376 46.2356 1650400329059 1710066.0000 -0.1960
-8.8110 77.4962 -44.3887 46.6610 1650400329114 1710120.0000 -0.1960
-8.8003 77.5517 -43.3883 53.6043 1650400329168 1710174.0000 -0.1960
-8.9448 77.4700 -42.3192 50.4431 1650400329222 1710228.0000 -0.1960
-8.9541 77.5276 -41.2132 49.6306 1650400329276 1710282.0000 -0.1960
-8.8634 77.4083 -39.5454 50.9681 1650400329330 1710336.0000 -0.1955
-9.0406 77.1880 -38.5747 37.5048 1650400329384 1710390.0000 -0.1955
-9.0453 77.3859 -36.9857 53.5693 1650400329438 1710444.0000 -0.1955
-9.0114 77.3456 -35.8655 38.9852 1650400329493 1710498.0000 -0.1955
-9.0332 77.2805 -34.6983 46.1623 1650400329547 1710552.0000 -0.1960
-9.0772 77.2567 -33.4018 54.8670 1650400329601 1710606.0000 -0.1955
-9.1646 77.1804 -31.5996 54.4209 1650400329653 1710660.0000 -0.1955
-9.0369 77.0075 -30.4250 47.3713 1650400329707 1710714.0000 -0.1960
-9.1117 77.1013 -29.0463 52.2880 1650400329761 1710768.0000 -0.1960
-9.0129 76.8860 -28.4264 48.0790 1650400329815 1710822.0000 -0.1955
-9.0912 77.0457 -28.3140 46.6865 1650400329870 1710876.0000 -0.1955
-9.1622 77.0730 -28.6732 48.6843 1650400329924 1710930.0000 -0.1955
-9.0064 76.9249 -28.6192 46.7065 1650400329978 1710984.0000 -0.1955
-9.0312 76.9304 -28.6523 46.8911 1650400330032 1711038.0000 -0.1960
-8.9197 76.8845 -28.7494 46.5125 1650400330086 1711092.0000 -0.1960
-8.9510 76.8721 -28.7496 42.9879 1650400330140 1711146.0000 -0.1960
-8.9844 76.9293 -28.6582 44.7750 1650400330194 1711199.0000 -0.1960
-9.1217 77.0126 -28.6894 49.1790 1650400330248 1711253.0000 -0.1960
-9.0527 77.1035 -28.7906 48.3573 1650400330301 1711307.0000 -0.1960
-8.9908 77.0068 -28.7910 51.4761 1650400330355 1711361.0000 -0.1960
-8.9727 76.9757 -28.9216 44.4391 1650400330409 1711415.0000 -0.1955
-9.0172 76.9615 -28.9364 39.7535 1650400330463 1711469.0000 -0.1955
-8.9911 76.8135 -28.8906 50.2399 1650400330517 1711523.0000 -0.1955
-9.0289 76.8113 -28.9417 43.3440 1650400330571 1711577.0000 -0.1955
-8.9922 76.6804 -28.8090 45.0656 1650400330625 1711631.0000 -0.1960
-9.0232 76.7596 -28.9902 64.1434 1650400330680 1711685.0000 -0.1955
-9.0176 76.8415 -28.8448 46.2695 1650400330734 1711739.0000 -0.1955
-9.0494 76.8669 -28.8812 43.5888 1650400330788 1711793.0000 -0.1955
-9.0271 76.8896 -28.7524 53.1557 1650400330842 1711847.0000 -0.1955
-9.0523 76.8482 -28.9207 42.4697 1650400330894 1711901.0000 -0.1955
-9.0400 76.7543 -29.0971 42.5398 1650400330948 1711955.0000 -0.1950
-9.0082 76.7912 -28.8811 49.9304 1650400331002 1712009.0000 -0.1950
-9.0190 76.7346 -28.8886 56.1607 1650400331057 1712063.0000 -0.1950
-8.9032 76.7354 -28.8401 56.8229 1650400331111 1712117.0000 -0.1955
-8.9133 77.1548 -28.8092 43.0113 1650400331165 1712171.0000 -0.1955
-9.3099 77.4188 -29.3600 44.8699 1650400331219 1712225.0000 -0.1955
-9.2719 77.3823 -30.9353 49.4301 1650400331273 1712279.0000 -0.1955
-9.1468 77.3890 -31.9846 53.4511 1650400331327 1712333.0000 -0.1955
-9.2434 77.3280 -33.5812 61.7451 1650400331381 1712387.0000 -0.1955
-9.0891 77.3423 -34.9645 46.3019 1650400331436 1712441.0000 -0.1955
-9.1785 77.2748 -36.0308 52.6343 1650400331490 1712495.0000 -0.1955
-9.0473 77.4800 -37.1175 46.0199 1650400331542 1712548.0000 -0.1955
-9.1128 80.1805 -38.5372 51.6777 1650400331596 1712602.0000 -0.1955
-9.3735 77.5128 -40.2293 52.3552 1650400331650 1712656.0000 -0.1955
-8.9892 80.5519 -41.3731 50.2826 1650400331704 1712710.0000 -0.1955
-8.9739 77.0383 -42.1721 55.4190 1650400331758 1712764.0000 -0.1955
-8.8282 77.1362 -43.6431 35.5579 1650400331813 1712818.0000 -0.1955
-8.7602 77.2181 -44.4722 49.8791 1650400331867 1712872.0000 -0.1960
-8.9747 80.3745 -45.7328 47.1512 1650400331921 1712926.0000 -0.1955
-8.8164 80.5807 -46.9265 39.7419 1650400331975 1712980.0000 -0.1955
-8.6903 80.8293 -47.6221 50.7898 1650400332029 1713034.0000 -0.1955
-8.8760 80.8266 -47.9184 50.6063 1650400332083 1713088.0000 -0.1955
-8.5434 80.5786 -49.3989 41.1404 1650400332135 1713142.0000 -0.1950
-8.8413 80.8661 -49.2693 39.3585 1650400332189 1713196.0000 -0.1955
-8.7530 80.8679 -50.2308 46.8020 1650400332244 1713250.0000 -0.1955
-8.6531 80.7937 -50.3802 42.0851 1650400332298 1713304.0000 -0.1950
-8.8032 80.8829 -50.9863 38.0214 1650400332352 1713358.0000 -0.1955
-9.2897 80.4894 -51.0458 51.7231 1650400332406 1713412.0000 -0.1955
-9.1876 80.9612 -50.8963 43.8395 1650400332460 1713466.0000 -0.1955
-9.2855 80.5558 -51.1964 44.0517 1650400332514 1713520.0000 -0.1950
-9.0923 80.4801 -51.5280 38.6850 1650400332569 1713574.0000 -0.1950
-9.1397 80.3990 -51.1412 41.8286 1650400332623 1713628.0000 -0.1950
-8.6271 80.3654 -52.0880 38.1124 1650400332677 1713682.0000 -0.1950
-8.7791 80.3369 -50.3770 50.0759 1650400332729 1713736.0000 -0.1950
-8.7100 77.1291 -49.7673 40.6942 1650400332783 1713790.0000 -0.1955
-8.7663 80.3645 -49.2954 42.9943 1650400332837 1713844.0000 -0.1950
-8.6642 80.2945 -48.5297 43.2336 1650400332891 1713897.0000 -0.1950
-8.7057 80.3310 -48.9071 43.4080 1650400332945 1713951.0000 -0.1955
-8.5975 77.4604 -47.0409 55.3537 1650400333000 1714005.0000 -0.1950
-8.8048 77.0707 -45.9048 44.2652 1650400333054 1714059.0000 -0.1950
-8.7317 77.0139 -45.2953 45.2608 1650400333108 1714113.0000 -0.1950
-8.7165 77.5336 -44.0708 44.3546 1650400333162 1714167.0000 -0.1950
-8.8669 77.3931 -43.0240 45.5056 1650400333216 1714221.0000 -0.1950
-8.7858 77.3302 -41.7585 52.1397 1650400333270 1714275.0000 -0.1950
-9.0542 77.3829 -40.6774 44.7963 1650400333324 1714329.0000 -0.1955
-8.9764 77.3772 -38.8393 62.3639 1650400333377 1714383.0000 -0.1950
-9.1281 77.4100 -39.2357 55.6154 1650400333431 1714437.0000 -0.1950
-9.0778 77.2937 -36.5128 46.0883 1650400333485 1714491.0000 -0.1950
-9.0428 77.1612 -35.0883 54.3423 1650400333539 1714545.0000 -0.1950
-9.0883 77.1063 -34.0668 41.7400 1650400333593 1714599.0000 -0.1950
-8.9386 77.2056 -32.7412 49.0856 1650400333647 1714653.0000 -0.1950
-9.0443 77.0577 -30.9903 60.2484 1650400333701 1714707.0000 -0.1950
-9.0860 77.0338 -30.3826 44.6399 1650400333755 1714761.0000 -0.1950
-9.2646 76.9831 -28.6748 53.8541 1650400333810 1714815.0000 -0.1950
-9.0829 77.0342 -28.7174 43.7707 1650400333864 1714869.0000 -0.1955
-9.1298 77.1244 -28.6240 41.9952 1650400333918 1714923.0000 -0.1950
-9.0243 77.0365 -28.7307 53.6593 1650400333970 1714977.0000 -0.1950
-9.0533 76.9468 -28.6790 55.3403 1650400334024 1715031.0000 -0.1950
-9.1164 76.9448 -28.6271 41.3095 1650400334078 1715085.0000 -0.1950
-8.8980 76.8525 -28.7103 46.9955 1650400334132 1715139.0000 -0.1955
-9.0243 76.9087 -28.5485 51.4721 1650400334187 1715193.0000 -0.1950
-8.9684 76.9881 -28.5954 56.2141 1650400334241 1715246.0000 -0.1950
-9.0192 76.9526 -28.6948 51.1551 1650400334295 1715300.0000 -0.1950
-8.9591 76.9123 -28.7937 47.2950 1650400334349 1715354.0000 -0.1955
-9.1157 76.9215 -28.9282 48.6133 1650400334403 1715408.0000 -0.1955
-9.0225 76.8578 -28.7114 55.9964 1650400334457 1715462.0000 -0.1950
-9.0104 76.9484 -28.5742 48.5407 1650400334511 1715516.0000 -0.1950
-9.1462 76.9747 -28.8209 48.1874 1650400334566 1715570.0000 -0.1950
-9.1326 76.8537 -28.6411 50.8662 1650400334618 1715624.0000 -0.1950
-9.1319 76.9092 -28.6537 52.5794 1650400334672 1715678.0000 -0.1950
-8.9936 76.8675 -28.7084 47.9611 1650400334726 1715732.0000 -0.1950
-9.0079 76.9064 -28.6134 48.6959 1650400334780 1715786.0000 -0.1950
-8.9920 76.9519 -28.6477 48.9290 1650400334834 1715840.0000 -0.1950
-9.0183 76.9800 -28.7670 49.2035 1650400334888 1715894.0000 -0.1955
-8.9664 77.0257 -28.7213 41.8443 1650400334943 1715948.0000 -0.1955
-8.9291 77.0698 -28.8797 52.1264 1650400334997 1716002.0000 -0.1950
-8.9732 76.9428 -28.9730 46.7796 1650400335051 1716056.0000 -0.1955
-8.9729 76.8475 -28.8003 48.8717 1650400335105 1716110.0000 -0.1955
-8.8848 77.0093 -28.8960 54.5025 1650400335159 1716164.0000 -0.1955
-9.0895 77.4897 -29.2102 60.7171 1650400335211 1716218.0000 -0.1955
-9.2464 77.4967 -30.0823 52.5969 1650400335265 1716272.0000 -0.1950
-9.1550 77.4108 -31.4512 46.5558 1650400335320 1716326.0000 -0.1955
-9.1369 77.3262 -33.0252 47.2885 1650400335374 1716380.0000 -0.1955
-9.0469 77.3760 -34.2512 58.5542 1650400335428 1716434.0000 -0.1960
-9.0085 77.3501 -35.4547 53.0768 1650400335482 1716488.0000 -0.1960
-9.1377 77.4370 -36.9584 52.1062 1650400335536 1716542.0000 -0.1955
-8.9579 77.5668 -38.0681 50.9096 1650400335590 1716595.0000 -0.1960
-9.0126 77.5288 -39.5229 43.0515 1650400335644 1716649.0000 -0.1960
-9.0670 77.4931 -40.4719 52.4099 1650400335699 1716703.0000 -0.1955
-8.8744 80.6494 -41.9779 37.9800 1650400335753 1716757.0000 -0.1957
-8.8441 80.2012 -42.8938 43.4888 1650400335807 1716811.0000 -0.1955
-8.7459 77.0852 -44.2758 45.0603 1650400335859 1716865.0000 -0.1955
-8.8661 80.3346 -45.1968 42.8641 1650400335913 1716919.0000 -0.1955
-8.6553 80.8534 -46.0575 47.9145 1650400335967 1716973.0000 -0.1960
-8.7233 80.5225 -47.1670 36.0689 1650400336021 1717027.0000 -0.1960
-8.8386 80.9309 -47.5535 51.3889 1650400336076 1717081.0000 -0.1960
-8.7514 80.6006 -48.3371 40.6884 1650400336130 1717135.0000 -0.1960
-8.8562 80.9688 -48.6870 42.4281 1650400336184 1717189.0000 -0.1965
-8.7962 80.5021 -49.7848 38.9890 1650400336238 1717243.0000 -0.1965
-8.8223 80.9578 -50.0904 44.7678 1650400336292 1717297.0000 -0.1960
-8.8619 80.4586 -50.7276 44.9541 1650400336346 1717351.0000 -0.1960
-8.8971 80.5024 -50.8587 39.7345 1650400336400 1717405.0000 -0.1960
-8.8096 80.4954 -50.7087 39.2253 1650400336453 1717459.0000 -0.1965
-8.8011 80.4545 -50.9569 37.8509 1650400336506 1717513.0000 -0.1969
-8.8562 80.4190 -51.0563 38.9294 1650400336561 1717567.0000 -0.1969
-8.8207 80.4204 -50.9193 47.8120 1650400336615 1717621.0000 -0.1969
-8.7908 80.2801 -51.0145 35.9973 1650400336669 1717675.0000 -0.1979
-8.6880 80.3028 -50.3934 38.6304 1650400336723 1717729.0000 -0.1979
-8.6859 77.0308 -51.3359 36.1139 1650400336777 1717783.0000 -0.1979
-8.7124 77.0447 -50.6110 41.8741 1650400336831 1717837.0000 -0.1979
-8.6555 77.1884 -50.2466 45.9704 1650400336886 1717891.0000 -0.1974
-8.6747 80.3811 -48.0939 46.7953 1650400336940 1717945.0000 -0.1974
-8.7578 77.1895 -47.4340 44.8584 1650400336994 1717998.0000 -0.1979
-8.7991 77.2548 -46.5663 46.2809 1650400337048 1718052.0000 -0.1984
-8.8374 77.0691 -46.6478 44.4387 1650400337100 1718106.0000 -0.1979
-8.7556 77.4358 -44.6113 43.3082 1650400337154 1718160.0000 -0.1979
-8.8427 76.8410 -43.4250 42.3168 1650400337208 1718214.0000 -0.1979
-8.9276 77.2848 -42.3259 41.8295 1650400337263 1718268.0000 -0.1984
-8.9053 76.8801 -41.0208 43.0150 1650400337317 1718322.0000 -0.1979
-8.9565 77.3259 -40.0915 41.0233 1650400337371 1718376.0000 -0.1979
-8.9535 77.3588 -38.8279 45.7304 1650400337425 1718430.0000 -0.1979
-8.9428 77.2688 -37.1714 52.2088 1650400337479 1718484.0000 -0.1979
-9.0058 77.2515 -35.9388 52.3262 1650400337533 1718538.0000 -0.1979
-9.0213 77.1398 -34.5859 43.4402 1650400337587 1718592.0000 -0.1979
-9.0168 77.1159 -33.4053 58.0570 1650400337642 1718646.0000 -0.1979
-9.0565 77.1771 -32.2432 50.0538 1650400337694 1718700.0000 -0.1979
-9.0332 77.2517 -30.5810 49.6274 1650400337748 1718754.0000 -0.1979
-9.2199 77.0828 -29.3146 52.1495 1650400337802 1718808.0000 -0.1979
-9.1600 76.8620 -28.5330 47.1702 1650400337856 1718862.0000 -0.1979
-9.0869 77.1160 -28.7591 42.2059 1650400337910 1718916.0000 -0.1979
-9.1372 77.0851 -28.7354 54.2721 1650400337964 1718970.0000 -0.1974
-9.0872 76.9538 -28.6912 51.9838 1650400338018 1719024.0000 -0.1974
-9.1241 76.8747 -28.4551 53.9391 1650400338073 1719078.0000 -0.1979
-9.0019 76.8435 -28.5396 49.8813 1650400338127 1719132.0000 -0.1979
-9.1710 76.8908 -28.4339 49.8535 1650400338181 1719186.0000 -0.1979
-9.0875 76.9279 -28.5932 48.0503 1650400338235 1719240.0000 -0.1974
-8.9803 76.9552 -28.5098 46.7457 1650400338287 1719294.0000 -0.1979
-9.1672 76.8789 -28.5700 47.8886 1650400338341 1719347.0000 -0.1974
-9.0609 76.9091 -28.7126 45.8201 1650400338395 1719401.0000 -0.1974
-8.9267 76.9275 -28.6945 51.3023 1650400338450 1719455.0000 -0.1974
-9.0620 76.9969 -28.6879 50.4471 1650400338504 1719509.0000 -0.1974
-8.8796 77.0033 -28.7495 43.1800 1650400338558 1719563.0000 -0.1974
-8.9685 76.9623 -28.7378 48.3170 1650400338612 1719617.0000 -0.1979
-8.9499 76.8766 -28.8107 45.7310 1650400338666 1719671.0000 -0.1979
-8.8790 76.8961 -28.7987 42.0651 1650400338720 1719725.0000 -0.1974
-9.0355 76.9744 -28.8219 55.4275 1650400338774 1719779.0000 -0.1974
-8.9740 77.0234 -28.7548 50.5757 1650400338829 1719833.0000 -0.1979
-9.0342 77.0816 -28.6527 41.1260 1650400338883 1719887.0000 -0.1979
-8.8719 77.0474 -28.8575 51.5655 1650400338935 1719941.0000 -0.1974
-8.9133 76.9260 -28.8793 42.7701 1650400338989 1719995.0000 -0.1974
-8.9685 76.9073 -29.0017 46.6344 1650400339043 1720049.0000 -0.1974
-9.0971 76.8924 -28.7011 38.7481 1650400339097 1720103.0000 -0.1974
-8.9953 76.8271 -28.9829 51.9985 1650400339151 1720157.0000 -0.1979
-8.9763 77.1606 -28.9174 54.5289 1650400339206 1720211.0000 -0.1979
-9.2730 77.5142 -29.2954 58.2116 1650400339260 1720265.0000 -0.1979
-9.1955 77.5375 -30.8165 58.3077 1650400339314 1720319.0000 -0.1979
-9.0705 77.3755 -32.1374 62.3414 1650400339368 1720373.0000 -0.1979
-9.1541 77.3146 -33.2598 60.0794 1650400339422 1720427.0000 -0.1979
-9.1171 77.2660 -34.9155 51.7636 1650400339476 1720481.0000 -0.1979
-9.0044 77.3442 -36.4033 48.6818 1650400339528 1720535.0000 -0.1974
-9.0023 77.4532 -37.3834 51.8416 1650400339582 1720589.0000 -0.1979
-9.0005 77.4842 -38.5946 44.5895 1650400339637 1720643.0000 -0.1974
-8.9674 80.6359 -40.1582 43.5368 1650400339691 1720696.0000 -0.1979
-8.9828 80.6837 -41.3716 45.6354 1650400339745 1720750.0000 -0.1979
-8.8579 77.1297 -42.5597 43.1794 1650400339799 1720804.0000 -0.1979
-8.9757 77.1250 -43.3116 56.4134 1650400339853 1720858.0000 -0.1979
-8.8416 80.3236 -44.2512 40.9212 1650400339907 1720912.0000 -0.1979
-8.9117 80.4028 -45.7274 37.1142 1650400339961 1720966.0000 -0.1984
-8.8065 80.7678 -46.6327 39.4260 1650400340016 1721020.0000 -0.1979
-8.6689 80.8096 -47.6689 38.2376 1650400340070 1721074.0000 -0.1979
-8.8651 80.8120 -48.1848 45.8694 1650400340124 1721128.0000 -0.1979
-8.8225 80.5874 -49.1189 43.7593 1650400340176 1721182.0000 -0.1974
-8.7291 80.9545 -49.4892 43.0915 1650400340230 1721236.0000 -0.1979
-8.8280 80.5171 -50.1733 35.6928 1650400340284 1721290.0000 -0.1979
-8.8661 80.7442 -50.3390 35.0787 1650400340338 1721344.0000 -0.1979
-8.7543 80.2975 -50.5739 44.6017 1650400340393 1721398.0000 -0.1979
-8.8459 80.8494 -50.7418 44.4884 1650400340447 1721452.0000 -0.1984
-9.3496 80.4998 -50.9299 42.0056 1650400340501 1721506.0000 -0.1979
-9.1692 80.4975 -50.9219 41.4010 1650400340555 1721560.0000 -0.1979
-9.2058 80.4437 -50.9437 44.4392 1650400340609 1721614.0000 -0.1979
-9.1345 80.4739 -50.8982 46.5151 1650400340663 1721668.0000 -0.1979
-8.6726 80.4834 -51.9424 34.1300 1650400340717 1721722.0000 -0.1979
-8.6352 77.1057 -50.6302 46.3075 1650400340770 1721776.0000 -0.1984
-8.7219 77.1920 -49.9716 46.0128 1650400340824 1721830.0000 -0.1984
-8.7095 80.1861 -49.3126 45.8197 1650400340878 1721884.0000 -0.1979
-8.7065 80.1781 -48.5938 45.4118 1650400340932 1721938.0000 -0.1979
-8.7433 77.2003 -49.0519 48.8890 1650400340986 1721992.0000 -0.1984
-8.7640 77.1222 -47.0923 39.3606 1650400341040 1722045.0000 -0.1979
-8.8285 77.0951 -46.0030 52.8669 1650400341094 1722099.0000 -0.1979
-8.8237 77.4240 -46.2059 47.2423 1650400341149 1722153.0000 -0.1979
-8.9205 77.4481 -43.9906 43.6782 1650400341203 1722207.0000 -0.1979
-8.8757 77.2977 -42.9987 54.5723 1650400341257 1722261.0000 -0.1979
-8.9336 77.2156 -41.6487 42.2792 1650400341311 1722315.0000 -0.1984
-8.9550 77.3686 -40.4509 50.5350 1650400341365 1722369.0000 -0.1984
-8.8909 77.3922 -39.4120 43.9512 1650400341417 1722423.0000 -0.1979
-8.9531 77.4608 -37.8067 48.0737 1650400341471 1722477.0000 -0.1979
-9.0300 77.1675 -36.3998 54.5937 1650400341526 1722531.0000 -0.1979
-9.0819 77.2948 -35.3211 55.9712 1650400341580 1722585.0000 -0.1979
-9.2149 77.0929 -33.9823 47.0560 1650400341634 1722639.0000 -0.1974
-9.0844 77.2171 -32.6344 43.9593 1650400341688 1722693.0000 -0.1974
-9.0810 77.1258 -31.2417 45.5493 1650400341742 1722747.0000 -0.1974
-9.0120 77.1139 -29.8356 50.9182 1650400341796 1722801.0000 -0.1979
-9.1448 76.9315 -29.0973 54.9515 1650400341850 1722855.0000 -0.1979
-9.1734 76.9629 -28.6184 52.0236 1650400341904 1722909.0000 -0.1979
-9.0635 76.8225 -28.5677 51.6228 1650400341959 1722963.0000 -0.1979
-9.0535 76.9545 -28.7779 46.1385 1650400342011 1723017.0000 -0.1979
-8.9551 76.8168 -28.8073 40.3832 1650400342065 1723071.0000 -0.1979
-9.0559 76.7529 -28.7566 53.8161 1650400342119 1723125.0000 -0.1979
-9.0624 76.7710 -28.7577 49.9408 1650400342173 1723179.0000 -0.1979
-8.9015 76.8359 -28.8713 51.1382 1650400342227 1723233.0000 -0.1974
-9.1100 76.9283 -28.7606 52.0339 1650400342281 1723287.0000 -0.1974
-9.0760 76.8645 -28.8649 49.4560 1650400342336 1723341.0000 -0.1979
-9.1345 76.9850 -28.9208 45.9046 1650400342390 1723394.0000 -0.1979
-9.0930 76.9912 -28.9195 45.3930 1650400342444 1723448.0000 -0.1979
-9.0085 77.0243 -28.8990 45.1828 1650400342498 1723502.0000 -0.1974
-9.0204 77.0589 -28.9676 50.7509 1650400342552 1723556.0000 -0.1979
-9.0792 76.9434 -28.9247 47.6521 1650400342606 1723610.0000 -0.1979
-9.0444 76.9096 -29.1466 55.7776 1650400342658 1723664.0000 -0.1979
-8.9560 76.8253 -29.0145 46.2527 1650400342713 1723718.0000 -0.1979
-9.0146 76.8426 -28.9693 41.4722 1650400342767 1723772.0000 -0.1974
-9.0148 76.8557 -28.8981 46.8757 1650400342821 1723826.0000 -0.1974
-9.1053 76.9627 -28.8387 41.9750 1650400342875 1723880.0000 -0.1974
-8.9996 76.9385 -29.0280 36.5388 1650400342929 1723934.0000 -0.1979
-8.9000 76.9421 -28.9147 48.5422 1650400342983 1723988.0000 -0.1979
-8.9773 77.1061 -28.9857 51.2258 1650400343037 1724042.0000 -0.1974
-8.9528 76.9605 -28.8840 48.6478 1650400343092 1724096.0000 -0.1979
-8.9029 76.9981 -28.8454 46.0728 1650400343146 1724150.0000 -0.1984
-9.0713 77.1065 -28.8796 53.9751 1650400343200 1724204.0000 -0.1979
-9.0430 77.3784 -29.2284 53.9482 1650400343252 1724258.0000 -0.1979
-9.3775 77.4811 -29.8793 47.9196 1650400343306 1724312.0000 -0.1974
-9.3594 77.4901 -31.4846 50.7156 1650400343360 1724366.0000 -0.1979
-9.1438 77.3528 -32.5457 52.2043 1650400343414 1724420.0000 -0.1979
-9.0567 77.4657 -34.2514 44.0486 1650400343468 1724474.0000 -0.1979
-9.0619 77.3684 -35.4653 57.1883 1650400343523 1724528.0000 -0.1979
-9.1014 77.4687 -36.7304 51.1840 1650400343577 1724582.0000 -0.1974
-9.0610 77.0358 -38.0348 43.7897 1650400343631 1724636.0000 -0.1979
-8.9277 77.5081 -39.2315 50.4915 1650400343685 1724690.0000 -0.1979
-9.0164 77.4442 -40.7220 42.6697 1650400343739 1724743.0000 -0.1979
-8.8576 77.1221 -41.8553 42.4536 1650400343793 1724797.0000 -0.1974
-8.9032 80.7818 -42.6417 50.3815 1650400343845 1724851.0000 -0.1974
-8.9452 77.0364 -43.7206 48.1501 1650400343900 1724905.0000 -0.1974
-8.9228 80.3476 -45.1382 38.9298 1650400343954 1724959.0000 -0.1974
-8.8733 80.6880 -46.2523 46.3660 1650400344008 1725013.0000 -0.1979
-8.8410 80.4218 -46.7711 44.0931 1650400344062 1725067.0000 -0.1979
-8.7449 80.4582 -47.9953 44.3535 1650400344116 1725121.0000 -0.1974
-8.7623 80.4358 -48.2887 43.6906 1650400344170 1725175.0000 -0.1974
-8.8307 80.4530 -48.9686 49.1558 1650400344224 1725229.0000 -0.1979
-8.7480 80.4967 -49.7120 42.5452 1650400344279 1725283.0000 -0.1974
-8.8398 80.4721 -50.3779 31.1165 1650400344333 1725337.0000 -0.1974
-8.8637 80.5152 -50.9564 46.4859 1650400344387 1725391.0000 -0.1974
-8.7729 80.3949 -50.9180 40.3604 1650400344441 1725445.0000 -0.1974
-8.7807 80.8111 -50.8138 42.5339 1650400344493 1725499.0000 -0.1979
-8.8667 80.4733 -50.9682 39.6181 1650400344547 1725553.0000 -0.1979
-8.9194 80.5054 -50.9693 42.8866 1650400344601 1725607.0000 -0.1979
-8.8530 80.4489 -50.9100 45.3307 1650400344656 1725661.0000 -0.1974
-8.6761 80.3119 -51.0130 39.4841 1650400344710 1725715.0000 -0.1979
-8.7691 80.3872 -51.9311 42.1921 1650400344764 1725769.0000 -0.1979
-8.6755 77.1789 -51.2731 40.9839 1650400344818 1725823.0000 -0.1979
-8.6422 77.0536 -50.5642 37.3127 1650400344872 1725877.0000 -0.1974
-8.7172 77.1625 -50.0112 55.8918 1650400344926 1725931.0000 -0.1974
-8.6638 80.2844 -48.3598 47.7145 1650400344980 1725985.0000 -0.1974
-8.7254 77.1583 -47.4120 40.4646 1650400345035 1726039.0000 -0.1974
-8.8158 77.2936 -46.4656 36.7211 1650400345087 1726092.0000 -0.1979
-8.8379 77.5588 -46.9029 47.9559 1650400345141 1726146.0000 -0.1979
-8.8435 77.0285 -44.5344 46.3674 1650400345195 1726200.0000 -0.1974
-8.7664 76.9273 -43.3865 47.9497 1650400345249 1726254.0000 -0.1979
-8.8214 77.3653 -42.3595 43.6279 1650400345303 1726308.0000 -0.1979
-8.9382 77.3128 -41.0431 48.7652 1650400345357 1726362.0000 -0.1979
-8.9129 77.3082 -40.0311 52.0058 1650400345412 1726416.0000 -0.1974
-9.0528 77.3200 -38.3362 49.2605 1650400345466 1726470.0000 -0.1974
-9.0205 77.2832 -37.1312 51.2469 1650400345520 1726524.0000 -0.1974
-8.9880 77.2563 -35.8420 52.4726 1650400345574 1726578.0000 -0.1974
-9.0491 77.1846 -34.5476 49.8996 1650400345628 1726632.0000 -0.1979
-9.1501 77.1070 -33.3150 47.1822 1650400345682 1726686.0000 -0.1974
-9.1011 77.2180 -32.0753 50.1471 1650400345734 1726740.0000 -0.1974
-9.0881 76.9639 -30.8680 50.7200 1650400345788 1726794.0000 -0.1979
-9.0392 77.1114 -29.1708 52.1170 1650400345843 1726848.0000 -0.1979
-9.0972 76.9553 -28.4665 45.0181 1650400345897 1726902.0000 -0.1974
-9.1276 76.9814 -28.4429 45.1237 1650400345951 1726956.0000 -0.1974
-8.9906 77.0359 -28.7196 54.5803 1650400346005 1727010.0000 -0.1974
-9.0820 76.9777 -28.6005 59.3746 1650400346059 1727064.0000 -0.1974
-8.9726 76.8703 -28.9021 47.4258 1650400346113 1727118.0000 -0.1979
-9.0740 76.8074 -28.8433 49.8707 1650400346168 1727172.0000 -0.1979
-9.0551 76.7979 -28.6312 50.1243 1650400346222 1727226.0000 -0.1979
-8.9829 76.8452 -28.8212 48.2618 1650400346276 1727280.0000 -0.1974
-9.0177 76.8415 -28.8204 48.3931 1650400346328 1727334.0000 -0.1974
-9.0798 76.9161 -28.8043 51.8844 1650400346382 1727388.0000 -0.1979
-9.0843 76.7720 -28.8383 47.3943 1650400346436 1727442.0000 -0.1979
-9.0224 76.7582 -28.7894 48.8953 1650400346490 1727495.0000 -0.1974
-9.0588 76.8256 -28.9232 37.7169 1650400346544 1727549.0000 -0.1974
-9.0577 76.7847 -28.9961 34.6181 1650400346599 1727603.0000 -0.1974
-9.0159 76.7983 -28.9398 46.7078 1650400346653 1727657.0000 -0.1974
-9.0824 76.7992 -28.9496 52.7402 1650400346707 1727711.0000 -0.1974
-9.0484 76.7996 -29.0594 53.7397 1650400346761 1727765.0000 -0.1974
-8.9501 76.9270 -29.0358 51.9660 1650400346815 1727819.0000 -0.1974
-9.0050 76.9806 -29.0003 46.4091 1650400346869 1727873.0000 -0.1979
-9.0139 77.0015 -28.8230 48.4048 1650400346923 1727927.0000 -0.1979
-8.9890 77.1049 -28.9754 51.1307 1650400346976 1727981.0000 -0.1979
-8.9850 77.0788 -28.9950 45.9479 1650400347030 1728035.0000 -0.1974
-9.0396 77.1103 -28.9520 43.6493 1650400347084 1728089.0000 -0.1974
-8.9856 76.9004 -28.7777 41.1303 1650400347138 1728143.0000 -0.1974
-9.1095 76.8278 -28.8353 51.4552 1650400347192 1728197.0000 -0.1979
-8.9447 77.1342 -28.8800 54.2397 1650400347246 1728251.0000 -0.1979
-9.3825 77.2981 -29.1875 74.4620 1650400347300 1728305.0000 -0.1974
-9.2120 77.4828 -30.7306 49.7512 1650400347354 1728359.0000 -0.1974
-9.2382 77.3788 -31.8997 50.8711 1650400347409 1728413.0000 -0.1979
-9.2803 77.3396 -33.5431 48.0787 1650400347463 1728467.0000 -0.1979
-9.1150 77.3649 -34.7570 56.8622 1650400347517 1728521.0000 -0.1979
-9.0632 77.4505 -36.2171 53.7964 1650400347569 1728575.0000 -0.1974
-9.0560 77.3250 -37.4084 49.6594 1650400347623 1728629.0000 -0.1974
-8.9419 77.4816 -38.5550 35.0087 1650400347677 1728683.0000 -0.1974
-9.0854 77.5966 -39.6978 41.9598 1650400347731 1728737.0000 -0.1979
-9.0346 80.2410 -41.0162 55.2723 1650400347786 1728791.0000 -0.1979
-8.8587 80.6946 -42.2958 42.6633 1650400347840 1728844.0000 -0.1979
-8.9338 80.3795 -43.2431 46.7474 1650400347894 1728898.0000 -0.1979
-8.8025 80.3180 -44.3260 41.2787 1650400347948 1728952.0000 -0.1979
-8.9283 80.3762 -45.6094 39.0704 1650400348002 1729006.0000 -0.1979
-8.8872 80.7374 -46.4234 41.7293 1650400348056 1729060.0000 -0.1979
-8.6381 80.7402 -47.3384 49.4483 1650400348111 1729114.0000 -0.1974
-8.6905 77.2150 -48.0051 46.8843 1650400348165 1729168.0000 -0.1974
-8.7929 80.9591 -49.0139 40.0789 1650400348217 1729222.0000 -0.1974
-8.8704 80.8487 -49.9987 47.4455 1650400348271 1729276.0000 -0.1979
-8.8792 80.5464 -50.3111 31.2725 1650400348325 1729330.0000 -0.1979
-8.8091 80.5146 -50.1503 40.7847 1650400348379 1729384.0000 -0.1974
-8.8482 80.5684 -51.0169 54.2801 1650400348433 1729438.0000 -0.1974
-8.9487 80.3759 -51.1132 52.0025 1650400348487 1729492.0000 -0.1974
-9.1950 80.8200 -50.7749 45.5623 1650400348542 1729546.0000 -0.1974
-8.8979 80.7773 -51.1105 40.9021 1650400348596 1729600.0000 -0.1969
-9.0173 80.4752 -50.9586 43.3726 1650400348650 1729654.0000 -0.1969
-8.8796 80.3894 -50.8706 35.9045 1650400348704 1729708.0000 -0.1974
-8.7956 80.4015 -51.9063 38.3114 1650400348758 1729762.0000 -0.1969
-8.7337 76.9901 -50.3715 41.8008 1650400348810 1729816.0000 -0.1974
-8.5635 77.0917 -49.9391 43.4596 1650400348864 1729870.0000 -0.1974
-8.5698 77.2218 -49.2804 59.0220 1650400348919 1729924.0000 -0.1969
-8.6726 80.3434 -48.8367 44.2088 1650400348973 1729978.0000 -0.1974
-8.6719 77.2652 -48.8614 52.5449 1650400349027 1730032.0000 -0.1974
-8.7446 77.2776 -47.1428 46.2544 1650400349081 1730086.0000 -0.1974
-8.8199 77.2036 -45.9299 42.1678 1650400349135 1730140.0000 -0.1974
-8.8185 77.0413 -45.2157 45.6057 1650400349189 1730193.0000 -0.1974
-8.7990 77.3734 -44.0772 38.8556 1650400349243 1730247.0000 -0.1969
-8.8579 77.3245 -42.6435 62.3894 1650400349297 1730301.0000 -0.1969
-8.9436 77.3455 -41.6824 46.9308 1650400349352 1730355.0000 -0.1974
-8.9440 77.4358 -40.4835 46.3447 1650400349404 1730409.0000 -0.1974
-8.9533 77.3073 -39.3700 51.2055 1650400349458 1730463.0000 -0.1974
-8.9257 77.3082 -39.0845 43.5926 1650400349512 1730517.0000 -0.1969
-8.9610 77.2814 -36.5835 49.7023 1650400349566 1730571.0000 -0.1974
-9.0236 77.1770 -35.1547 56.0812 1650400349620 1730625.0000 -0.1974
-9.0429 77.2535 -34.1424 50.5023 1650400349674 1730679.0000 -0.1969
-9.0480 77.1390 -32.7696 57.2323 1650400349729 1730733.0000 -0.1969
-9.0849 77.2019 -31.3924 49.2731 1650400349783 1730787.0000 -0.1969
-9.0666 76.9711 -30.3773 55.4392 1650400349837 1730841.0000 -0.1969
-9.0135 77.0178 -28.9019 46.2285 1650400349891 1730895.0000 -0.1974
-9.0258 76.9314 -28.4063 44.5619 1650400349945 1730949.0000 -0.1974
-9.1648 76.9869 -28.4928 57.3725 1650400349999 1731003.0000 -0.1969
-8.9493 76.9578 -28.5940 52.9794 1650400350051 1731057.0000 -0.1969
-9.0119 76.8999 -28.7936 40.3821 1650400350106 1731111.0000 -0.1974
-9.0580 76.7719 -28.6467 58.7912 1650400350160 1731165.0000 -0.1974
-9.0452 76.8172 -28.6944 51.6622 1650400350214 1731219.0000 -0.1974
-8.9996 76.9487 -28.8222 43.5652 1650400350268 1731273.0000 -0.1969
-9.0791 76.9972 -28.9118 43.2242 1650400350322 1731327.0000 -0.1969
-9.0119 76.9731 -28.7149 44.9948 1650400350378 1731381.0000 -0.1969
-9.1317 76.8557 -28.8762 51.9457 1650400350430 1731435.0000 -0.1974
-9.0672 76.8033 -28.8512 41.6463 1650400350485 1731489.0000 -0.1974
-9.0759 76.9281 -28.9438 50.2874 1650400350539 1731542.0000 -0.1969
-9.0981 76.8511 -28.8578 47.3537 1650400350593 1731596.0000 -0.1969
-9.0374 76.7322 -29.0142 48.2704 1650400350645 1731650.0000 -0.1969
-9.0568 76.8131 -28.7606 51.2941 1650400350699 1731704.0000 -0.1969
-9.0904 76.8240 -29.1564 46.9245 1650400350753 1731758.0000 -0.1969
-9.0625 76.9122 -28.7855 47.3633 1650400350807 1731812.0000 -0.1969
-9.0445 76.8774 -28.7094 36.5990 1650400350862 1731866.0000 -0.1969
-9.0515 76.8012 -28.8161 47.0949 1650400350916 1731920.0000 -0.1969
-8.9487 76.7860 -28.9358 41.0635 1650400350970 1731974.0000 -0.1974
-9.0081 76.9211 -28.9677 50.6101 1650400351024 1732028.0000 -0.1974
-9.0852 76.8954 -28.8453 54.8533 1650400351078 1732082.0000 -0.1969
-8.9547 76.8788 -29.1324 42.7029 1650400351132 1732136.0000 -0.1974
-9.0841 76.8939 -28.8169 59.5435 1650400351186 1732190.0000 -0.1974
-9.0516 76.8314 -28.8125 49.6782 1650400351241 1732244.0000 -0.1974
-9.0944 77.2515 -29.1861 70.3046 1650400351293 1732298.0000 -0.1969
-9.3438 77.4274 -29.9238 63.4687 1650400351347 1732352.0000 -0.1969
-9.2274 77.4832 -31.2283 53.6298 1650400351401 1732406.0000 -0.1969
-9.2452 77.3754 -32.6707 60.4004 1650400351455 1732460.0000 -0.1969
-9.1209 77.2928 -33.8672 51.3143 1650400351509 1732514.0000 -0.1974
-9.2357 77.3411 -35.4312 54.3063 1650400351563 1732568.0000 -0.1974
-9.0984 77.3411 -36.6678 55.0584 1650400351617 1732622.0000 -0.1969
-8.9974 77.5177 -37.8076 38.2964 1650400351672 1732676.0000 -0.1969
-8.9101 77.5733 -39.1612 41.8056 1650400351726 1732730.0000 -0.1969
-8.8481 77.5765 -40.4411 38.2277 1650400351780 1732784.0000 -0.1965
-8.8421 80.7180 -41.6136 37.8541 1650400351834 1732838.0000 -0.1965
-8.9092 77.0699 -42.7911 40.8214 1650400351886 1732891.0000 -0.1965
-8.8404 80.2273 -43.9309 49.2610 1650400351940 1732945.0000 -0.1965
-8.8132 77.1574 -45.3211 54.2714 1650400351994 1732999.0000 -0.1965
-8.8839 80.5013 -45.8277 51.4880 1650400352049 1733053.0000 -0.1969
-8.7845 80.8715 -46.6448 44.8832 1650400352103 1733107.0000 -0.1969
-8.8368 80.8416 -47.9073 42.0537 1650400352157 1733161.0000 -0.1965
-8.7653 80.7794 -48.7091 48.5331 1650400352211 1733215.0000 -0.1969
-8.8085 80.5411 -49.1815 44.3125 1650400352265 1733269.0000 -0.1969
-8.8361 80.4406 -49.8593 39.4467 1650400352319 1733323.0000 -0.1969
-8.7529 80.8865 -50.1843 41.3527 1650400352373 1733377.0000 -0.1965
-8.8117 80.5847 -50.7597 51.9818 1650400352428 1733431.0000 -0.1965
-8.7947 80.8245 -50.9005 30.4827 1650400352480 1733485.0000 -0.1965
-9.1304 80.8870 -51.0910 39.0346 1650400352534 1733539.0000 -0.1965
-9.2720 80.4636 -50.9794 40.0571 1650400352588 1733593.0000 -0.1969
-9.3499 80.5237 -51.0401 39.5973 1650400352642 1733647.0000 -0.1969
-9.0073 80.4423 -51.1579 35.9986 1650400352696 1733701.0000 -0.1965
-8.7779 80.8675 -51.1135 43.1583 1650400352750 1733755.0000 -0.1969
-8.7355 80.4301 -51.7085 40.4686 1650400352805 1733809.0000 -0.1969
-8.9548 77.1180 -51.2183 46.5821 1650400352859 1733863.0000 -0.1969
-8.7650 77.0164 -50.6422 47.8285 1650400352913 1733917.0000 -0.1965
-8.7338 77.2169 -50.0164 37.3103 1650400352967 1733971.0000 -0.1960
