-7.2932 78.4527 -29.1459 0.0000 1650400703457 2084438.0000 -0.1955
-7.1268 78.2525 -29.1148 0.0000 1650400703511 2084492.0000 -0.1955
-7.2409 78.2632 -29.0769 0.0000 1650400703565 2084545.0000 -0.1955
-7.1232 78.3528 -28.9683 0.0000 1650400703619 2084599.0000 -0.1955
-7.3076 78.2130 -29.0343 0.0000 1650400703673 2084653.0000 -0.1950
-7.3937 78.4038 -28.9515 0.0000 1650400703727 2084707.0000 -0.1950
-7.4691 78.2470 -28.9707 0.0000 1650400703781 2084761.0000 -0.1955
-7.4261 78.4415 -29.1401 0.0000 1650400703836 2084815.0000 -0.1955
-7.2729 78.3824 -29.0082 0.0000 1650400703890 2084869.0000 -0.1955
-7.4110 78.1242 -29.1064 0.0000 1650400703944 2084923.0000 -0.1955
-7.3891 78.3085 -28.8268 0.0000 1650400703998 2084977.0000 -0.1950
-7.3007 78.2296 -28.8685 0.0000 1650400704050 2085031.0000 -0.1955
-7.2501 78.2657 -28.8948 0.0000 1650400704104 2085085.0000 -0.1955
-7.2478 78.3062 -28.8952 0.0000 1650400704158 2085139.0000 -0.1950
-7.1849 78.2408 -29.0050 0.0000 1650400704213 2085193.0000 -0.1950
-7.5249 78.3813 -29.0709 0.0000 1650400704267 2085247.0000 -0.1950
-7.2677 78.3476 -29.0683 0.0000 1650400704321 2085301.0000 -0.1950
-7.3938 78.1715 -28.9401 0.0000 1650400704375 2085355.0000 -0.1955
-7.4139 78.3908 -28.8646 0.0000 1650400704429 2085409.0000 -0.1955
-7.2858 78.3710 -28.9421 0.0000 1650400704483 2085463.0000 -0.1955
-7.3332 78.4186 -29.1205 0.0000 1650400704537 2085517.0000 -0.1950
-7.2878 78.3002 -28.8601 0.0000 1650400704592 2085571.0000 -0.1955
-7.2436 78.4830 -28.8190 0.0000 1650400704646 2085625.0000 -0.1955
-7.1945 78.4117 -28.9153 0.0000 1650400704698 2085679.0000 -0.1955
-7.3504 78.3943 -29.0100 0.0000 1650400704752 2085733.0000 -0.1950
-7.3258 78.2763 -28.9836 0.0000 1650400704806 2085787.0000 -0.1950
-7.5127 78.4365 -28.9331 0.0000 1650400704860 2085841.0000 -0.1955
-7.6533 78.3530 -29.1205 0.0000 1650400704914 2085894.0000 -0.1955
-7.3077 78.2724 -28.9250 0.0000 1650400704969 2085948.0000 -0.1955
-7.1477 78.3737 -29.1235 0.0000 1650400705023 2086002.0000 -0.1950
-7.3109 78.2989 -29.0616 0.0000 1650400705077 2086056.0000 -0.1950
-7.4361 78.3139 -28.8006 0.0000 1650400705131 2086110.0000 -0.1955
-7.4610 78.3666 -29.0697 0.0000 1650400705185 2086164.0000 -0.1950
-7.1886 78.3630 -29.2073 0.0000 1650400705239 2086218.0000 -0.1945
-7.3383 78.3404 -29.1304 0.0000 1650400705291 2086272.0000 -0.1940
-7.3690 78.3541 -29.0062 0.0000 1650400705345 2086326.0000 -0.1940
-7.2212 78.2804 -29.0253 0.0000 1650400705400 2086380.0000 -0.1945
-7.3268 78.4632 -29.0013 0.0000 1650400705454 2086434.0000 -0.1945
-7.4558 78.3128 -29.0494 0.0000 1650400705508 2086488.0000 -0.1945
-7.5631 78.4265 -29.1445 0.0000 1650400705562 2086542.0000 -0.1945
-7.3845 78.3651 -29.0554 0.0000 1650400705616 2086596.0000 -0.1940
-7.2943 78.2393 -29.1559 0.0000 1650400705670 2086650.0000 -0.1945
-7.4093 78.3420 -29.1496 0.0000 1650400705724 2086704.0000 -0.1945
-7.4028 78.4060 -29.1522 0.0000 1650400705779 2086758.0000 -0.1945
-7.4209 78.3587 -29.0122 0.0000 1650400705833 2086812.0000 -0.1945
-7.2975 78.3569 -29.1177 0.0000 1650400705887 2086866.0000 -0.1945
-7.9999 77.6567 -27.5010 0.0000 1650400705939 2086920.0000 -0.1950
-8.2352 78.6003 -26.1119 0.0000 1650400705993 2086974.0000 -0.1950
-7.8551 78.3678 -25.1992 0.0000 1650400706047 2087028.0000 -0.1950
-7.7636 78.3896 -23.8964 0.0000 1650400706101 2087082.0000 -0.1945
-8.0235 78.3536 -23.5688 0.0000 1650400706156 2087136.0000 -0.1945
-7.2765 78.2644 -23.8428 0.0000 1650400706210 2087190.0000 -0.1950
-7.6319 78.5451 -23.8301 0.0000 1650400706264 2087243.0000 -0.1950
-8.2511 78.5917 -25.4241 0.0000 1650400706318 2087297.0000 -0.1950
-8.2796 78.4920 -26.8027 0.0000 1650400706372 2087351.0000 -0.1950
-8.1661 78.4634 -28.6301 0.0000 1650400706426 2087405.0000 -0.1950
-8.2453 78.3015 -30.2854 0.0000 1650400706480 2087459.0000 -0.1950
-8.0721 78.4025 -31.9038 0.0000 1650400706532 2087513.0000 -0.1955
-8.1966 78.3701 -32.8464 0.0000 1650400706587 2087567.0000 -0.1950
-7.5161 78.0102 -32.9434 0.0000 1650400706641 2087621.0000 -0.1950
-8.1987 78.2982 -33.7643 0.0000 1650400706695 2087675.0000 -0.1945
-8.4160 78.7323 -33.4151 0.0000 1650400706749 2087729.0000 -0.1950
-8.0394 78.0513 -32.0274 0.0000 1650400706803 2087783.0000 -0.1945
-8.4371 78.4716 -31.1311 0.0000 1650400706857 2087837.0000 -0.1945
-8.4623 78.4720 -29.3337 0.0000 1650400706911 2087891.0000 -0.1945
-8.1990 78.4402 -27.5510 0.0000 1650400706966 2087945.0000 -0.1945
-8.0843 78.4272 -26.1015 0.0000 1650400707020 2087999.0000 -0.1945
-7.9339 78.2157 -25.0263 0.0000 1650400707074 2088053.0000 -0.1950
-7.7270 78.4102 -23.9934 0.0000 1650400707126 2088107.0000 -0.1945
-7.9313 78.1967 -23.8209 0.0000 1650400707180 2088161.0000 -0.1945
-8.3735 78.2985 -23.0828 0.0000 1650400707234 2088215.0000 -0.1945
-7.9324 78.5853 -24.3820 0.0000 1650400707288 2088269.0000 -0.1950
-8.1285 78.3367 -25.9512 0.0000 1650400707343 2088323.0000 -0.1950
-8.1412 78.2822 -27.1403 0.0000 1650400707397 2088377.0000 -0.1945
-8.4258 78.3614 -29.0933 0.0000 1650400707451 2088431.0000 -0.1945
-8.6746 78.3590 -30.8188 0.0000 1650400707505 2088485.0000 -0.1950
-7.8628 78.4581 -32.2853 0.0000 1650400707559 2088539.0000 -0.1950
-7.7128 78.5044 -33.3646 0.0000 1650400707613 2088592.0000 -0.1955
-8.2205 78.1978 -33.6042 0.0000 1650400707667 2088646.0000 -0.1950
-8.1781 78.7822 -33.5652 0.0000 1650400707722 2088700.0000 -0.1950
-8.0216 78.3420 -32.6113 0.0000 1650400707774 2088754.0000 -0.1950
-8.4706 78.3185 -31.7508 0.0000 1650400707828 2088808.0000 -0.1955
-8.1926 78.2809 -30.3005 0.0000 1650400707882 2088862.0000 -0.1955
-8.2412 78.4484 -28.6459 0.0000 1650400707936 2088916.0000 -0.1950
-8.3986 78.5570 -27.2027 0.0000 1650400707990 2088970.0000 -0.1950
-7.9534 78.3675 -25.5802 0.0000 1650400708044 2089024.0000 -0.1945
-7.9496 78.2924 -24.4649 0.0000 1650400708099 2089078.0000 -0.1950
-7.6532 78.3986 -24.0768 0.0000 1650400708153 2089132.0000 -0.1950
-7.6930 78.2806 -23.5927 0.0000 1650400708207 2089186.0000 -0.1945
-7.7990 78.5821 -23.8539 0.0000 1650400708261 2089240.0000 -0.1945
-7.9871 78.7844 -25.2751 0.0000 1650400708315 2089294.0000 -0.1945
-8.2715 78.5120 -26.5053 0.0000 1650400708367 2089348.0000 -0.1950
-8.1534 78.3987 -28.0041 0.0000 1650400708421 2089402.0000 -0.1950
-8.2232 78.3240 -29.9438 0.0000 1650400708475 2089456.0000 -0.1950
-8.1135 78.4273 -31.5015 0.0000 1650400708530 2089510.0000 -0.1950
-8.3887 78.4389 -32.8912 0.0000 1650400708584 2089564.0000 -0.1950
-8.5012 78.5634 -32.4506 0.0000 1650400708638 2089618.0000 -0.1955
-8.0555 78.6488 -33.5523 0.0000 1650400708692 2089672.0000 -0.1955
-8.2143 78.8092 -33.4410 0.0000 1650400708746 2089726.0000 -0.1955
-8.1899 78.7033 -33.0493 0.0000 1650400708800 2089780.0000 -0.1950
-8.4212 78.4121 -31.4939 0.0000 1650400708855 2089834.0000 -0.1950
-8.3654 78.3473 -29.9557 0.0000 1650400708909 2089888.0000 -0.1955
-8.3354 78.5636 -28.0937 0.0000 1650400708963 2089941.0000 -0.1950
-8.0867 78.5091 -26.5846 0.0000 1650400709015 2089995.0000 -0.1950
-7.8660 78.3704 -25.0682 0.0000 1650400709069 2090049.0000 -0.1950
-7.9374 78.3958 -23.7587 0.0000 1650400709123 2090103.0000 -0.1950
-7.7712 78.2326 -23.4703 0.0000 1650400709177 2090157.0000 -0.1950
-7.4211 78.5031 -24.0710 0.0000 1650400709231 2090211.0000 -0.1950
-7.9783 78.7179 -23.9537 0.0000 1650400709286 2090265.0000 -0.1950
-8.0201 78.4961 -25.6806 0.0000 1650400709340 2090319.0000 -0.1950
-8.0723 78.4493 -26.7722 0.0000 1650400709394 2090373.0000 -0.1950
-8.2168 78.3895 -28.5609 0.0000 1650400709448 2090427.0000 -0.1950
-8.6207 78.5250 -30.6406 0.0000 1650400709502 2090481.0000 -0.1950
-8.3734 78.4681 -32.0354 0.0000 1650400709556 2090535.0000 -0.1945
-8.1544 78.3834 -32.9495 0.0000 1650400709608 2090589.0000 -0.1950
-7.9639 78.1024 -32.7874 0.0000 1650400709663 2090643.0000 -0.1950
-8.2419 78.8412 -33.7848 0.0000 1650400709717 2090697.0000 -0.1950
-8.1574 78.5967 -33.1430 0.0000 1650400709771 2090751.0000 -0.1950
-8.3401 78.4990 -32.1631 0.0000 1650400709825 2090805.0000 -0.1950
-8.5176 78.3458 -31.0649 0.0000 1650400709879 2090859.0000 -0.1950
-8.4555 78.2356 -29.2402 0.0000 1650400709934 2090913.0000 -0.1950
-8.2564 78.5430 -27.4614 0.0000 1650400709987 2090967.0000 -0.1950
-7.9822 78.4687 -26.0525 0.0000 1650400710042 2091021.0000 -0.1950
-7.8105 78.3495 -24.8158 0.0000 1650400710096 2091075.0000 -0.1945
-7.8921 78.3680 -23.8891 0.0000 1650400710150 2091129.0000 -0.1950
-7.8097 78.3210 -24.1254 0.0000 1650400710204 2091183.0000 -0.1950
-7.9369 78.5380 -24.3549 0.0000 1650400710256 2091237.0000 -0.1950
-8.0266 78.8448 -25.1258 0.0000 1650400710310 2091290.0000 -0.1950
-7.9948 78.5245 -25.9538 0.0000 1650400710364 2091344.0000 -0.1950
-8.1150 78.4624 -27.7371 0.0000 1650400710418 2091398.0000 -0.1950
-8.7328 78.4547 -29.4923 0.0000 1650400710473 2091452.0000 -0.1950
-8.3516 78.4446 -30.8439 0.0000 1650400710527 2091506.0000 -0.1950
-8.1339 78.4796 -32.0090 0.0000 1650400710581 2091560.0000 -0.1950
-8.2230 78.6298 -33.2618 0.0000 1650400710635 2091614.0000 -0.1945
-7.8239 78.5937 -32.4583 0.0000 1650400710689 2091668.0000 -0.1945
-7.9765 78.4429 -33.8060 0.0000 1650400710743 2091722.0000 -0.1950
-8.4928 78.6256 -32.8810 0.0000 1650400710797 2091776.0000 -0.1950
-8.4099 78.1801 -31.7761 0.0000 1650400710850 2091830.0000 -0.1950
-8.4067 78.1630 -30.2485 0.0000 1650400710904 2091884.0000 -0.1945
-8.2693 78.4511 -28.5258 0.0000 1650400710958 2091938.0000 -0.1945
-8.1938 78.3465 -26.8758 0.0000 1650400711012 2091992.0000 -0.1950
-8.0037 78.2827 -25.2560 0.0000 1650400711066 2092046.0000 -0.1950
-7.8632 78.3175 -24.3104 0.0000 1650400711120 2092100.0000 -0.1950
-7.6753 78.2977 -23.7653 0.0000 1650400711174 2092154.0000 -0.1950
-8.1540 78.4144 -23.6254 0.0000 1650400711229 2092208.0000 -0.1945
-8.0744 78.6385 -23.3542 0.0000 1650400711283 2092262.0000 -0.1950
-7.7864 78.8757 -24.9466 0.0000 1650400711337 2092316.0000 -0.1950
-8.1469 78.6282 -26.7024 0.0000 1650400711391 2092370.0000 -0.1950
-8.0813 78.4346 -28.3466 0.0000 1650400711443 2092424.0000 -0.1950
-8.2760 78.4015 -30.1750 0.0000 1650400711497 2092478.0000 -0.1945
-8.4875 78.4036 -31.7768 0.0000 1650400711551 2092532.0000 -0.1950
-8.2057 78.4638 -32.7392 0.0000 1650400711606 2092586.0000 -0.1950
-7.4645 78.5463 -33.8946 0.0000 1650400711660 2092640.0000 -0.1950
-7.8960 78.6937 -32.8808 0.0000 1650400711714 2092693.0000 -0.1950
-7.9034 78.5536 -32.8251 0.0000 1650400711768 2092747.0000 -0.1950
-8.4394 78.4441 -32.5543 0.0000 1650400711822 2092801.0000 -0.1950
-8.4871 78.2986 -31.3207 0.0000 1650400711876 2092855.0000 -0.1955
-8.5493 78.1733 -29.5682 0.0000 1650400711930 2092909.0000 -0.1955
-8.3408 78.3392 -27.8782 0.0000 1650400711985 2092963.0000 -0.1950
-7.9476 78.4181 -26.4424 0.0000 1650400712039 2093017.0000 -0.1950
-8.1581 78.4157 -25.0404 0.0000 1650400712091 2093071.0000 -0.1950
-7.8434 78.3458 -23.7202 0.0000 1650400712145 2093125.0000 -0.1955
-7.6425 78.3041 -23.7693 0.0000 1650400712199 2093179.0000 -0.1945
-8.0388 78.5169 -23.3872 0.0000 1650400712253 2093233.0000 -0.1950
-7.8129 78.7677 -24.3803 0.0000 1650400712307 2093287.0000 -0.1945
-8.1767 78.6163 -25.8398 0.0000 1650400712361 2093341.0000 -0.1950
-8.0195 78.5977 -27.3615 0.0000 1650400712416 2093395.0000 -0.1950
-8.4461 78.4651 -29.0905 0.0000 1650400712470 2093449.0000 -0.1950
-8.2068 78.2523 -30.2882 0.0000 1650400712524 2093503.0000 -0.1950
-7.9136 78.4510 -31.5926 0.0000 1650400712578 2093557.0000 -0.1950
-7.9300 78.5100 -33.2228 0.0000 1650400712632 2093611.0000 -0.1950
-7.5752 78.4535 -33.6858 0.0000 1650400712684 2093665.0000 -0.1950
-8.0260 78.3880 -33.6658 0.0000 1650400712738 2093719.0000 -0.1950
-8.7430 78.3624 -33.0089 0.0000 1650400712793 2093773.0000 -0.1950
-7.9763 78.4424 -31.6407 0.0000 1650400712847 2093827.0000 -0.1950
-8.2180 78.2345 -30.8035 0.0000 1650400712901 2093881.0000 -0.1955
-8.2831 78.3297 -29.1724 0.0000 1650400712955 2093935.0000 -0.1955
-8.2434 78.5090 -26.9977 0.0000 1650400713009 2093989.0000 -0.1955
-8.1463 78.4733 -25.7715 0.0000 1650400713063 2094042.0000 -0.1955
-7.9778 78.4047 -24.4516 0.0000 1650400713117 2094096.0000 -0.1950
-7.9731 78.3662 -23.6154 0.0000 1650400713172 2094150.0000 -0.1960
-7.7530 78.3641 -23.8536 0.0000 1650400713226 2094204.0000 -0.1955
-7.9300 78.6995 -23.8352 0.0000 1650400713280 2094258.0000 -0.1950
-8.0006 78.7310 -25.0799 0.0000 1650400713332 2094312.0000 -0.1950
-8.2075 78.6524 -26.3214 0.0000 1650400713386 2094366.0000 -0.1950
-8.2187 78.3643 -28.0993 0.0000 1650400713440 2094420.0000 -0.1950
-7.8657 78.3621 -29.6818 0.0000 1650400713494 2094474.0000 -0.1955
-8.0950 78.4907 -31.2810 0.0000 1650400713549 2094528.0000 -0.1955
-8.1972 78.5256 -32.6193 0.0000 1650400713603 2094582.0000 -0.1950
-8.1182 78.4351 -33.7254 0.0000 1650400713657 2094636.0000 -0.1950
-8.0260 77.7604 -34.0057 0.0000 1650400713711 2094690.0000 -0.1955
-7.7792 78.3065 -33.6608 0.0000 1650400713765 2094744.0000 -0.1955
-8.5389 78.3851 -32.5308 0.0000 1650400713819 2094798.0000 -0.1955
-8.7210 78.2278 -31.7508 0.0000 1650400713873 2094852.0000 -0.1955
-8.5888 78.3217 -30.0910 0.0000 1650400713925 2094906.0000 -0.1955
-8.2913 78.4130 -28.1214 0.0000 1650400713980 2094960.0000 -0.1955
-8.1629 78.4897 -26.8028 0.0000 1650400714034 2095014.0000 -0.1960
-7.7602 78.3761 -25.1042 0.0000 1650400714088 2095068.0000 -0.1955
-7.8072 78.4171 -23.9702 0.0000 1650400714142 2095122.0000 -0.1955
-7.8029 78.3576 -23.0170 0.0000 1650400714196 2095176.0000 -0.1955
-7.5224 78.5241 -24.0754 0.0000 1650400714250 2095230.0000 -0.1960
-7.9944 78.0628 -24.3041 0.0000 1650400714304 2095284.0000 -0.1955
-8.1464 78.7467 -25.1940 0.0000 1650400714359 2095338.0000 -0.1955
-8.3163 78.6270 -26.6214 0.0000 1650400714413 2095391.0000 -0.1955
-8.5475 78.3114 -28.6210 0.0000 1650400714467 2095445.0000 -0.1950
-8.1163 78.4208 -30.0957 0.0000 1650400714521 2095499.0000 -0.1955
-7.9594 78.4600 -31.8324 0.0000 1650400714573 2095553.0000 -0.1955
-8.2626 78.5075 -33.0042 0.0000 1650400714627 2095607.0000 -0.1955
-8.2678 78.3214 -33.6429 0.0000 1650400714681 2095661.0000 -0.1955
-7.7872 78.3689 -33.6185 0.0000 1650400714736 2095715.0000 -0.1950
-8.5765 78.3140 -32.7493 0.0000 1650400714790 2095769.0000 -0.1960
-8.4625 78.1878 -32.2555 0.0000 1650400714844 2095823.0000 -0.1955
-8.5864 78.3021 -31.0476 0.0000 1650400714898 2095877.0000 -0.1955
-8.4243 78.3009 -29.3102 0.0000 1650400714952 2095931.0000 -0.1955
-8.2521 78.5296 -27.7472 0.0000 1650400715006 2095985.0000 -0.1950
-7.9601 78.4301 -26.1049 0.0000 1650400715061 2096039.0000 -0.1955
-7.7611 78.2846 -24.7989 0.0000 1650400715115 2096093.0000 -0.1955
-7.8117 78.4231 -23.3566 0.0000 1650400715167 2096147.0000 -0.1955
-7.7984 78.4834 -23.9237 0.0000 1650400715221 2096201.0000 -0.1950
-7.5832 78.4663 -24.3962 0.0000 1650400715275 2096255.0000 -0.1950
-7.9361 78.8702 -24.4679 0.0000 1650400715329 2096309.0000 -0.1950
-8.1018 78.5554 -25.8892 0.0000 1650400715383 2096363.0000 -0.1950
-8.0685 78.4661 -27.5337 0.0000 1650400715437 2096417.0000 -0.1950
-8.1469 78.3993 -29.3216 0.0000 1650400715492 2096471.0000 -0.1945
-8.1789 78.4857 -30.7801 0.0000 1650400715546 2096525.0000 -0.1945
-8.3888 78.5497 -32.3004 0.0000 1650400715600 2096579.0000 -0.1950
-8.0231 78.4753 -33.2390 0.0000 1650400715654 2096633.0000 -0.1950
-7.8899 78.1149 -33.2168 0.0000 1650400715708 2096687.0000 -0.1945
-7.9494 78.3577 -33.9373 0.0000 1650400715762 2096740.0000 -0.1945
-8.3990 78.3030 -32.8346 0.0000 1650400715814 2096794.0000 -0.1950
-8.6286 78.3048 -31.7295 0.0000 1650400715869 2096848.0000 -0.1950
-8.4422 78.2418 -30.4393 0.0000 1650400715923 2096902.0000 -0.1950
-8.5225 78.3745 -28.7883 0.0000 1650400715977 2096956.0000 -0.1945
-8.4695 78.4748 -27.2348 0.0000 1650400716031 2097010.0000 -0.1945
-7.9774 78.2857 -25.5216 0.0000 1650400716085 2097064.0000 -0.1945
-8.0236 78.4153 -24.4167 0.0000 1650400716139 2097118.0000 -0.1950
-7.5662 78.3122 -23.8006 0.0000 1650400716193 2097172.0000 -0.1950
-7.7607 78.3906 -23.8604 0.0000 1650400716247 2097226.0000 -0.1950
-8.6493 78.5483 -22.9358 0.0000 1650400716302 2097280.0000 -0.1945
-7.8863 78.5913 -25.1489 0.0000 1650400716356 2097334.0000 -0.1945
-8.3169 78.5904 -26.5664 0.0000 1650400716408 2097388.0000 -0.1950
-8.4371 78.3593 -28.2317 0.0000 1650400716462 2097442.0000 -0.1950
-8.3953 78.4124 -29.7395 0.0000 1650400716516 2097496.0000 -0.1945
-8.2196 78.4369 -31.3031 0.0000 1650400716570 2097550.0000 -0.1945
-7.9998 78.3483 -32.6160 0.0000 1650400716624 2097604.0000 -0.1950
-7.6217 78.5211 -33.4794 0.0000 1650400716679 2097658.0000 -0.1950
-7.9054 78.1997 -33.0469 0.0000 1650400716733 2097712.0000 -0.1950
-8.2015 78.3325 -32.9855 0.0000 1650400716789 2097766.0000 -0.1945
-8.3261 78.3855 -32.5706 0.0000 1650400716841 2097820.0000 -0.1945
-8.7033 78.1861 -31.4330 0.0000 1650400716895 2097874.0000 -0.1950
-8.4321 78.1883 -29.9322 0.0000 1650400716949 2097928.0000 -0.1950
-8.1360 78.4509 -28.1127 0.0000 1650400717001 2097982.0000 -0.1950
-8.1843 78.5352 -26.5115 0.0000 1650400717056 2098036.0000 -0.1945
-7.8904 78.3548 -25.1605 0.0000 1650400717110 2098089.0000 -0.1945
-7.5647 78.3739 -24.0925 0.0000 1650400717164 2098143.0000 -0.1945
-8.0570 78.3702 -23.8395 0.0000 1650400717218 2098197.0000 -0.1950
-7.6474 78.4517 -23.8782 0.0000 1650400717272 2098251.0000 -0.1950
-7.8284 78.4268 -24.0610 0.0000 1650400717326 2098305.0000 -0.1945
-7.7576 78.6637 -25.5572 0.0000 1650400717380 2098359.0000 -0.1945
-8.2822 78.5237 -27.3337 0.0000 1650400717435 2098413.0000 -0.1950
-8.1927 78.4863 -29.0109 0.0000 1650400717489 2098467.0000 -0.1950
-8.2067 78.3488 -30.3442 0.0000 1650400717543 2098521.0000 -0.1950
-8.1809 78.5152 -31.7380 0.0000 1650400717597 2098575.0000 -0.1945
-8.2377 78.4904 -33.2102 0.0000 1650400717649 2098629.0000 -0.1945
-8.0182 78.4107 -32.6689 0.0000 1650400717703 2098683.0000 -0.1945
-7.8883 78.3609 -33.9700 0.0000 1650400717757 2098737.0000 -0.1950
-8.1971 78.2503 -33.2306 0.0000 1650400717811 2098791.0000 -0.1950
-8.4695 78.1435 -32.1024 0.0000 1650400717866 2098845.0000 -0.1950
-8.4817 78.2685 -30.8915 0.0000 1650400717920 2098899.0000 -0.1950
-8.4740 78.2671 -29.0159 0.0000 1650400717974 2098953.0000 -0.1950
-8.5444 78.4976 -27.5524 0.0000 1650400718028 2099007.0000 -0.1955
-7.9182 78.3796 -25.9706 0.0000 1650400718082 2099061.0000 -0.1955
-8.1098 78.4402 -24.9163 0.0000 1650400718136 2099115.0000 -0.1950
-8.0120 78.4145 -23.9914 0.0000 1650400718190 2099169.0000 -0.1950
-7.8510 78.2721 -23.4081 0.0000 1650400718243 2099223.0000 -0.1950
-7.6599 78.4705 -24.1854 0.0000 1650400718297 2099277.0000 -0.1955
-8.1015 78.7246 -24.1830 0.0000 1650400718351 2099331.0000 -0.1955
-8.0182 78.6138 -26.2225 0.0000 1650400718405 2099385.0000 -0.1955
-8.0744 78.3920 -27.9459 0.0000 1650400718459 2099438.0000 -0.1955
-8.4394 78.4389 -29.5566 0.0000 1650400718513 2099492.0000 -0.1955
-8.1361 78.4740 -31.1624 0.0000 1650400718567 2099546.0000 -0.1955
-8.4335 78.5384 -32.5292 0.0000 1650400718622 2099600.0000 -0.1955
-7.8226 78.4909 -33.4795 0.0000 1650400718676 2099654.0000 -0.1955
-7.9075 78.2936 -33.2763 0.0000 1650400718730 2099708.0000 -0.1955
-8.1508 78.4836 -33.9031 0.0000 1650400718784 2099762.0000 -0.1955
-8.6190 78.4634 -32.7098 0.0000 1650400718838 2099816.0000 -0.1960
-8.5970 78.1674 -31.6315 0.0000 1650400718890 2099870.0000 -0.1960
-8.3047 78.1808 -30.2920 0.0000 1650400718944 2099924.0000 -0.1960
-8.4008 78.4412 -28.5608 0.0000 1650400718999 2099978.0000 -0.1955
-8.1890 78.5074 -26.8789 0.0000 1650400719053 2100032.0000 -0.1960
-7.8515 78.4292 -25.4269 0.0000 1650400719107 2100086.0000 -0.1960
-7.9816 78.3286 -24.3093 0.0000 1650400719161 2100140.0000 -0.1955
-7.8284 78.4445 -23.9334 0.0000 1650400719215 2100194.0000 -0.1955
-8.0999 78.3706 -23.9232 0.0000 1650400719269 2100248.0000 -0.1960
-8.2701 78.5060 -24.2583 0.0000 1650400719323 2100302.0000 -0.1955
-7.5759 78.5811 -25.5288 0.0000 1650400719378 2100356.0000 -0.1960
-8.0419 78.5510 -26.6980 0.0000 1650400719432 2100410.0000 -0.1960
-7.9600 78.4977 -28.4321 0.0000 1650400719484 2100464.0000 -0.1960
-8.0223 78.5108 -30.1710 0.0000 1650400719538 2100518.0000 -0.1960
-8.1921 78.4447 -31.8785 0.0000 1650400719592 2100572.0000 -0.1965
-8.2873 78.3586 -32.6757 0.0000 1650400719646 2100626.0000 -0.1965
-7.7260 78.5004 -32.9607 0.0000 1650400719700 2100680.0000 -0.1960
-8.0301 78.4388 -33.5812 0.0000 1650400719755 2100734.0000 -0.1960
-7.9340 78.2977 -33.1057 0.0000 1650400719809 2100787.0000 -0.1960
-8.3030 78.3198 -32.3060 0.0000 1650400719863 2100841.0000 -0.1960
-8.5434 78.1607 -31.1785 0.0000 1650400719917 2100895.0000 -0.1965
-8.5900 78.2903 -29.6009 0.0000 1650400719971 2100949.0000 -0.1965
-8.2460 78.3672 -27.3310 0.0000 1650400720025 2101003.0000 -0.1960
-8.5521 78.3819 -26.4989 0.0000 1650400720079 2101057.0000 -0.1960
-7.7830 78.3059 -25.1130 0.0000 1650400720131 2101111.0000 -0.1965
-7.9392 78.3187 -24.0397 0.0000 1650400720188 2101165.0000 -0.1965
-8.0113 78.2944 -23.9995 0.0000 1650400720240 2101219.0000 -0.1960
-8.3379 78.4729 -23.6852 0.0000 1650400720294 2101273.0000 -0.1960
-7.9213 78.2967 -24.3859 0.0000 1650400720348 2101327.0000 -0.1960
-7.8393 78.4596 -25.8225 0.0000 1650400720402 2101381.0000 -0.1960
-8.2906 78.3848 -27.3731 0.0000 1650400720456 2101435.0000 -0.1965
-8.3586 78.4353 -28.9912 0.0000 1650400720510 2101489.0000 -0.1965
-8.0287 78.3858 -30.4376 0.0000 1650400720565 2101543.0000 -0.1965
-8.0077 78.6078 -31.9788 0.0000 1650400720619 2101597.0000 -0.1965
-8.3307 78.4812 -33.2783 0.0000 1650400720673 2101651.0000 -0.1965
-8.2786 78.2804 -33.3296 0.0000 1650400720725 2101705.0000 -0.1965
-8.0181 78.6159 -33.8995 0.0000 1650400720779 2101759.0000 -0.1965
-8.1590 78.2161 -32.9339 0.0000 1650400720833 2101813.0000 -0.1960
-8.3455 78.1086 -31.8140 0.0000 1650400720887 2101867.0000 -0.1960
-8.6740 78.1795 -30.7238 0.0000 1650400720942 2101921.0000 -0.1960
-8.6819 78.3379 -28.9816 0.0000 1650400720996 2101975.0000 -0.1965
-8.1941 78.3870 -27.1080 0.0000 1650400721050 2102029.0000 -0.1965
-8.2384 78.3784 -25.7923 0.0000 1650400721104 2102083.0000 -0.1960
-7.9686 78.3309 -24.7111 0.0000 1650400721158 2102137.0000 -0.1960
-7.4688 78.3180 -23.6984 0.0000 1650400721212 2102190.0000 -0.1960
-7.9800 78.2440 -23.7101 0.0000 1650400721266 2102244.0000 -0.1965
-7.6615 78.3459 -23.8867 0.0000 1650400721319 2102298.0000 -0.1960
-7.6059 78.2556 -24.8793 0.0000 1650400721373 2102352.0000 -0.1960
-8.4265 78.5152 -26.1507 0.0000 1650400721427 2102406.0000 -0.1960
-8.2619 78.4454 -28.0027 0.0000 1650400721481 2102460.0000 -0.1960
-8.5912 78.4428 -29.8034 0.0000 1650400721535 2102514.0000 -0.1960
-8.3247 78.4781 -31.4159 0.0000 1650400721589 2102568.0000 -0.1960
-8.4012 78.4319 -32.8103 0.0000 1650400721643 2102622.0000 -0.1960
-8.1355 78.5512 -33.8496 0.0000 1650400721697 2102676.0000 -0.1955
-8.1555 78.4232 -33.7721 0.0000 1650400721752 2102730.0000 -0.1960
-7.8300 78.4506 -33.5516 0.0000 1650400721806 2102784.0000 -0.1960
-8.3363 78.3540 -32.4448 0.0000 1650400721860 2102838.0000 -0.1955
-8.6205 78.1113 -31.2807 0.0000 1650400721914 2102892.0000 -0.1955
-8.4575 78.1868 -30.0137 0.0000 1650400721966 2102946.0000 -0.1955
-8.4200 78.4091 -28.2039 0.0000 1650400722020 2103000.0000 -0.1960
-8.2399 78.2866 -26.7326 0.0000 1650400722074 2103054.0000 -0.1960
-8.2685 78.3216 -25.4319 0.0000 1650400722129 2103108.0000 -0.1960
-7.8732 78.2655 -24.5089 0.0000 1650400722183 2103162.0000 -0.1960
-7.7158 78.3376 -24.0906 0.0000 1650400722237 2103216.0000 -0.1955
-7.4464 78.3309 -23.8957 0.0000 1650400722291 2103270.0000 -0.1960
-8.4464 78.6768 -22.9102 0.0000 1650400722345 2103324.0000 -0.1960
-7.7992 78.5272 -25.4319 0.0000 1650400722399 2103378.0000 -0.1955
-8.2767 78.4868 -27.0593 0.0000 1650400722453 2103432.0000 -0.1955
-8.4114 78.4268 -28.8135 0.0000 1650400722508 2103486.0000 -0.1955
-8.1803 78.4470 -30.3837 0.0000 1650400722560 2103539.0000 -0.1960
-8.1077 78.6160 -31.9308 0.0000 1650400722614 2103593.0000 -0.1960
-8.3123 78.4540 -33.0660 0.0000 1650400722668 2103647.0000 -0.1960
-8.1588 78.3924 -33.5181 0.0000 1650400722722 2103701.0000 -0.1960
-8.2355 78.4189 -33.3260 0.0000 1650400722776 2103755.0000 -0.1960
-8.0671 78.3007 -33.0373 0.0000 1650400722830 2103809.0000 -0.1965
-8.5885 78.4308 -32.3425 0.0000 1650400722885 2103863.0000 -0.1965
-8.5333 78.2667 -30.8655 0.0000 1650400722939 2103917.0000 -0.1960
-8.8978 78.2919 -29.4912 0.0000 1650400722993 2103971.0000 -0.1960
-8.3151 78.2808 -27.6391 0.0000 1650400723047 2104025.0000 -0.1955
-8.0607 78.4086 -26.1864 0.0000 1650400723101 2104079.0000 -0.1960
-8.2000 78.3270 -25.1314 0.0000 1650400723155 2104133.0000 -0.1965
-7.8817 78.2840 -23.6566 0.0000 1650400723207 2104187.0000 -0.1960
-7.7574 78.2511 -23.8302 0.0000 1650400723262 2104241.0000 -0.1960
-8.2108 78.3039 -22.9777 0.0000 1650400723316 2104295.0000 -0.1960
-7.9994 78.5228 -24.5074 0.0000 1650400723370 2104349.0000 -0.1960
-8.1360 78.4918 -26.0280 0.0000 1650400723424 2104403.0000 -0.1960
-8.1760 78.4561 -27.1400 0.0000 1650400723478 2104457.0000 -0.1960
-8.3232 78.3329 -29.2472 0.0000 1650400723532 2104511.0000 -0.1955
-8.0964 78.5901 -31.0674 0.0000 1650400723586 2104565.0000 -0.1955
-8.1482 78.6093 -32.3798 0.0000 1650400723641 2104619.0000 -0.1960
-8.0931 78.4663 -33.2191 0.0000 1650400723695 2104673.0000 -0.1965
-7.7759 78.5094 -33.3794 0.0000 1650400723749 2104727.0000 -0.1965
-7.8168 78.3368 -33.6926 0.0000 1650400723801 2104781.0000 -0.1960
-8.2311 78.4049 -32.9722 0.0000 1650400723855 2104835.0000 -0.1960
-8.1941 78.2934 -31.7968 0.0000 1650400723909 2104888.0000 -0.1965
-8.5611 78.3723 -30.3690 0.0000 1650400723963 2104942.0000 -0.1965
-8.5357 78.3988 -28.6974 0.0000 1650400724017 2104996.0000 -0.1960
-8.1444 78.3902 -27.0313 0.0000 1650400724072 2105050.0000 -0.1965
-7.9007 78.3645 -25.8038 0.0000 1650400724126 2105104.0000 -0.1960
-8.0195 78.2898 -24.6941 0.0000 1650400724180 2105158.0000 -0.1965
-7.6890 78.3117 -23.7234 0.0000 1650400724234 2105212.0000 -0.1967
-7.8283 78.2446 -23.9724 0.0000 1650400724288 2105266.0000 -0.1965
-7.6036 78.5020 -24.1792 0.0000 1650400724342 2105320.0000 -0.1965
-7.7248 78.5912 -25.3396 0.0000 1650400724396 2105374.0000 -0.1965
-8.3080 78.5676 -26.5603 0.0000 1650400724449 2105428.0000 -0.1969
-8.5406 78.2961 -28.4548 0.0000 1650400724503 2105482.0000 -0.1965
-8.1189 78.2368 -30.0809 0.0000 1650400724557 2105536.0000 -0.1965
-8.0549 78.5608 -31.4078 0.0000 1650400724611 2105590.0000 -0.1965
-8.4814 78.5554 -32.7636 0.0000 1650400724665 2105644.0000 -0.1965
-8.2193 78.4574 -33.6892 0.0000 1650400724719 2105698.0000 -0.1965
-8.0141 77.9748 -33.3313 0.0000 1650400724773 2105752.0000 -0.1969
-8.0405 78.3868 -32.9905 0.0000 1650400724828 2105806.0000 -0.1969
-8.1442 78.4210 -32.3142 0.0000 1650400724882 2105860.0000 -0.1965
-8.6721 78.0771 -31.3073 0.0000 1650400724936 2105914.0000 -0.1965
-8.5206 78.1505 -29.7657 0.0000 1650400724990 2105968.0000 -0.1969
-8.6658 78.4772 -27.9088 0.0000 1650400725042 2106022.0000 -0.1965
-8.1411 78.3111 -26.6128 0.0000 1650400725096 2106076.0000 -0.1965
-7.9456 78.3352 -25.2756 0.0000 1650400725150 2106130.0000 -0.1965
-8.0863 78.2568 -24.2518 0.0000 1650400725205 2106184.0000 -0.1965
-7.6116 78.3416 -23.7282 0.0000 1650400725259 2106237.0000 -0.1965
-7.9896 78.4601 -23.7438 0.0000 1650400725313 2106291.0000 -0.1969
-7.9648 78.4367 -24.5307 0.0000 1650400725367 2106345.0000 -0.1969
-7.8806 78.4731 -25.6427 0.0000 1650400725421 2106399.0000 -0.1965
-8.1690 78.5495 -27.2093 0.0000 1650400725475 2106453.0000 -0.1965
-8.5411 78.4464 -29.0939 0.0000 1650400725529 2106507.0000 -0.1965
-8.2474 78.4287 -30.4102 0.0000 1650400725583 2106561.0000 -0.1965
-8.0782 78.5487 -31.9527 0.0000 1650400725638 2106615.0000 -0.1965
-8.3510 78.5292 -33.2633 0.0000 1650400725690 2106669.0000 -0.1965
-7.6105 78.2949 -33.4927 0.0000 1650400725744 2106723.0000 -0.1965
-8.0746 78.4830 -33.5232 0.0000 1650400725798 2106777.0000 -0.1969
-8.1121 78.1104 -32.7133 0.0000 1650400725852 2106831.0000 -0.1974
-8.3798 78.3845 -32.0972 0.0000 1650400725906 2106885.0000 -0.1969
-8.5483 78.2607 -30.7041 0.0000 1650400725960 2106939.0000 -0.1969
-8.3910 78.3414 -29.2817 0.0000 1650400726015 2106993.0000 -0.1969
-8.5177 78.2913 -27.5521 0.0000 1650400726069 2107047.0000 -0.1974
-8.0754 78.3235 -25.9918 0.0000 1650400726123 2107101.0000 -0.1969
-8.0293 78.3029 -24.9950 0.0000 1650400726177 2107155.0000 -0.1965
-7.8487 78.3211 -23.8750 0.0000 1650400726231 2107209.0000 -0.1965
-8.1354 78.3043 -23.9539 0.0000 1650400726283 2107263.0000 -0.1965
-8.0032 78.2990 -24.3524 0.0000 1650400726337 2107317.0000 -0.1969
-8.1399 78.5279 -24.9454 0.0000 1650400726392 2107371.0000 -0.1969
-8.2990 78.4230 -25.5773 0.0000 1650400726446 2107425.0000 -0.1969
-8.1978 78.4771 -27.8942 0.0000 1650400726500 2107479.0000 -0.1965
-8.4527 78.3391 -29.5397 0.0000 1650400726554 2107533.0000 -0.1965
-8.3905 78.5037 -31.2400 0.0000 1650400726608 2107586.0000 -0.1969
-8.3101 78.4260 -32.4057 0.0000 1650400726662 2107640.0000 -0.1965
-8.0053 78.3908 -33.4504 0.0000 1650400726716 2107694.0000 -0.1965
-8.0179 78.2750 -32.9434 0.0000 1650400726771 2107748.0000 -0.1960
-8.0661 78.3360 -33.7739 0.0000 1650400726825 2107802.0000 -0.1960
-8.4051 78.3801 -32.4540 0.0000 1650400726877 2107856.0000 -0.1965
-8.5685 78.4319 -31.9577 0.0000 1650400726931 2107910.0000 -0.1965
-8.6236 78.3625 -29.9542 0.0000 1650400726985 2107964.0000 -0.1965
-8.5187 78.3261 -28.5309 0.0000 1650400727039 2108018.0000 -0.1965
-8.5522 78.3681 -26.7092 0.0000 1650400727093 2108072.0000 -0.1965
-7.8916 78.3262 -25.4986 0.0000 1650400727148 2108126.0000 -0.1969
-7.8928 78.4391 -24.6798 0.0000 1650400727202 2108180.0000 -0.1969
-7.7258 78.1243 -23.5815 0.0000 1650400727256 2108234.0000 -0.1965
-7.7365 78.3611 -24.0339 0.0000 1650400727310 2108288.0000 -0.1965
-7.8401 78.4481 -24.2071 0.0000 1650400727364 2108342.0000 -0.1965
-7.7264 78.5687 -25.3593 0.0000 1650400727418 2108396.0000 -0.1969
-8.2860 78.5456 -26.6094 0.0000 1650400727472 2108450.0000 -0.1969
-8.2050 78.4380 -28.5875 0.0000 1650400727524 2108504.0000 -0.1969
-8.3236 78.4691 -30.1026 0.0000 1650400727579 2108558.0000 -0.1965
-8.3254 78.4091 -30.9587 0.0000 1650400727633 2108612.0000 -0.1969
-8.2892 78.4983 -32.7400 0.0000 1650400727687 2108666.0000 -0.1969
-7.7776 78.3159 -33.6830 0.0000 1650400727741 2108720.0000 -0.1969
-8.0590 78.3463 -33.5052 0.0000 1650400727795 2108774.0000 -0.1965
-8.3833 78.3802 -33.0696 0.0000 1650400727849 2108828.0000 -0.1969
-8.5425 78.4835 -32.3512 0.0000 1650400727903 2108882.0000 -0.1969
-8.6359 78.1473 -31.0484 0.0000 1650400727958 2108936.0000 -0.1974
-8.3850 78.2500 -29.7589 0.0000 1650400728012 2108989.0000 -0.1969
-8.5395 78.3833 -27.3709 0.0000 1650400728066 2109043.0000 -0.1969
-8.0077 78.3356 -25.7653 0.0000 1650400728118 2109097.0000 -0.1969
-8.1553 78.3770 -25.0549 0.0000 1650400728172 2109151.0000 -0.1974
-7.7989 78.2688 -24.1699 0.0000 1650400728226 2109205.0000 -0.1969
-8.0801 78.3225 -23.9996 0.0000 1650400728280 2109259.0000 -0.1969
-7.9756 78.3663 -24.0400 0.0000 1650400728335 2109313.0000 -0.1965
-7.8299 78.5477 -24.4921 0.0000 1650400728389 2109367.0000 -0.1965
-7.8337 78.5507 -25.8055 0.0000 1650400728443 2109421.0000 -0.1965
-8.0500 78.4432 -27.3193 0.0000 1650400728497 2109475.0000 -0.1969
-8.2530 78.4228 -28.8191 0.0000 1650400728551 2109529.0000 -0.1969
-8.5706 78.4138 -30.8707 0.0000 1650400728605 2109583.0000 -0.1965
-8.5242 78.4708 -32.1759 0.0000 1650400728659 2109637.0000 -0.1965
-8.3380 78.5047 -33.3600 0.0000 1650400728714 2109691.0000 -0.1969
-8.2935 78.4077 -33.1750 0.0000 1650400728766 2109745.0000 -0.1969
-7.7986 78.6139 -33.9320 0.0000 1650400728820 2109799.0000 -0.1965
-8.3009 78.3667 -32.9020 0.0000 1650400728874 2109853.0000 -0.1965
-8.4301 78.3144 -31.9994 0.0000 1650400728928 2109907.0000 -0.1965
-8.2977 78.2045 -30.6371 0.0000 1650400728982 2109961.0000 -0.1965
-8.8153 78.4956 -28.6959 0.0000 1650400729036 2110015.0000 -0.1969
-8.2040 78.2939 -27.2207 0.0000 1650400729091 2110069.0000 -0.1969
-8.0976 78.3366 -25.8196 0.0000 1650400729145 2110123.0000 -0.1969
-8.1172 78.2765 -24.7700 0.0000 1650400729199 2110177.0000 -0.1965
-7.9990 78.2745 -23.8774 0.0000 1650400729253 2110231.0000 -0.1969
-7.7904 78.2450 -23.8874 0.0000 1650400729307 2110285.0000 -0.1969
-8.2796 78.4020 -23.3114 0.0000 1650400729359 2110338.0000 -0.1965
-7.7881 78.4691 -25.3210 0.0000 1650400729413 2110392.0000 -0.1965
-8.1995 78.5442 -26.4315 0.0000 1650400729468 2110446.0000 -0.1965
-8.1384 78.5476 -28.2526 0.0000 1650400729522 2110500.0000 -0.1965
-8.2813 78.5061 -29.7889 0.0000 1650400729576 2110554.0000 -0.1969
-8.1606 78.5203 -31.2842 0.0000 1650400729630 2110608.0000 -0.1969
-8.0913 78.5183 -32.3034 0.0000 1650400729684 2110662.0000 -0.1965
-7.7368 78.5262 -33.5454 0.0000 1650400729738 2110716.0000 -0.1965
-8.1979 78.3131 -33.3351 0.0000 1650400729792 2110770.0000 -0.1969
-7.9558 78.2447 -33.6423 0.0000 1650400729846 2110824.0000 -0.1969
-8.3019 78.3092 -32.2151 0.0000 1650400729900 2110878.0000 -0.1965
-8.4812 78.2059 -31.6190 0.0000 1650400729955 2110932.0000 -0.1965
-8.4251 78.2568 -30.0750 0.0000 1650400730007 2110986.0000 -0.1965
-8.5151 78.5127 -28.0200 0.0000 1650400730061 2111040.0000 -0.1969
-7.9897 78.1888 -26.2239 0.0000 1650400730115 2111094.0000 -0.1969
-7.9173 78.3901 -25.3235 0.0000 1650400730169 2111148.0000 -0.1969
-7.8174 78.2332 -24.6184 0.0000 1650400730223 2111202.0000 -0.1969
-7.6061 78.3751 -23.9369 0.0000 1650400730278 2111256.0000 -0.1965
-7.9182 78.2441 -23.7130 0.0000 1650400730332 2111310.0000 -0.1969
-8.1750 78.5426 -24.2709 0.0000 1650400730386 2111364.0000 -0.1974
-7.9085 78.3977 -25.5401 0.0000 1650400730440 2111418.0000 -0.1969
-8.2685 78.5250 -27.1161 0.0000 1650400730494 2111472.0000 -0.1965
-8.4090 78.4647 -28.8535 0.0000 1650400730548 2111526.0000 -0.1969
-7.9874 78.4093 -30.3737 0.0000 1650400730600 2111580.0000 -0.1969
-8.3876 78.4934 -31.5840 0.0000 1650400730655 2111634.0000 -0.1974
-8.4280 78.3886 -32.7627 0.0000 1650400730709 2111687.0000 -0.1974
-8.4345 78.5270 -33.9168 0.0000 1650400730763 2111741.0000 -0.1974
-7.9906 78.5549 -33.7814 0.0000 1650400730817 2111795.0000 -0.1969
-8.3909 78.3182 -33.1732 0.0000 1650400730871 2111849.0000 -0.1974
-8.1841 78.4179 -32.4089 0.0000 1650400730925 2111903.0000 -0.1974
-8.6178 78.0568 -30.9949 0.0000 1650400730979 2111957.0000 -0.1969
-8.6282 78.2219 -29.3203 0.0000 1650400731034 2112011.0000 -0.1969
-8.2890 78.2147 -27.6759 0.0000 1650400731088 2112065.0000 -0.1969
-8.1530 78.5337 -26.0032 0.0000 1650400731142 2112119.0000 -0.1969
-8.0238 78.3427 -24.9430 0.0000 1650400731194 2112173.0000 -0.1974
-7.7923 78.2547 -24.0014 0.0000 1650400731248 2112227.0000 -0.1974
-7.8845 78.1384 -23.6862 0.0000 1650400731302 2112281.0000 -0.1969
-8.0961 78.2052 -23.6653 0.0000 1650400731356 2112335.0000 -0.1969
-7.8252 78.5094 -24.5864 0.0000 1650400731411 2112389.0000 -0.1974
-7.6061 78.5426 -25.4626 0.0000 1650400731465 2112443.0000 -0.1974
-7.9662 78.5476 -27.6585 0.0000 1650400731519 2112497.0000 -0.1974
-8.3423 78.4763 -29.2633 0.0000 1650400731573 2112551.0000 -0.1974
-8.4443 78.3590 -31.0707 0.0000 1650400731627 2112605.0000 -0.1974
-8.4779 78.4940 -32.5522 0.0000 1650400731681 2112659.0000 -0.1974
-8.1220 78.4360 -33.2745 0.0000 1650400731735 2112713.0000 -0.1974
-8.2867 78.4826 -33.5132 0.0000 1650400731789 2112767.0000 -0.1969
-8.1144 78.4666 -33.8783 0.0000 1650400731842 2112821.0000 -0.1969
-8.2655 78.3392 -32.4582 0.0000 1650400731896 2112875.0000 -0.1969
-8.4317 78.2201 -31.8843 0.0000 1650400731950 2112929.0000 -0.1974
-8.5889 78.1917 -30.5605 0.0000 1650400732004 2112983.0000 -0.1974
-7.9908 78.1808 -28.3733 0.0000 1650400732058 2113036.0000 -0.1974
-8.5411 78.5186 -27.2652 0.0000 1650400732112 2113090.0000 -0.1974
-8.3131 78.3376 -25.5532 0.0000 1650400732166 2113144.0000 -0.1974
-8.0384 78.3493 -24.5943 0.0000 1650400732221 2113198.0000 -0.1974
-7.7240 78.3340 -23.8939 0.0000 1650400732275 2113252.0000 -0.1974
-8.2758 78.2848 -23.7137 0.0000 1650400732329 2113306.0000 -0.1974
-8.2298 78.3739 -22.9913 0.0000 1650400732383 2113360.0000 -0.1974
-7.7110 78.4509 -25.3985 0.0000 1650400732435 2113414.0000 -0.1974
-8.1141 78.4122 -26.6894 0.0000 1650400732489 2113468.0000 -0.1979
-8.2517 78.4161 -28.3025 0.0000 1650400732543 2113522.0000 -0.1974
-8.1532 78.3397 -30.1702 0.0000 1650400732598 2113576.0000 -0.1974
-8.1501 78.6266 -31.6761 0.0000 1650400732652 2113630.0000 -0.1974
-8.3024 78.5638 -32.8917 0.0000 1650400732706 2113684.0000 -0.1969
-8.0546 78.3363 -33.2388 0.0000 1650400732760 2113738.0000 -0.1974
-8.2536 78.1045 -33.8471 0.0000 1650400732814 2113792.0000 -0.1974
-8.0970 78.3208 -33.4042 0.0000 1650400732868 2113846.0000 -0.1969
-8.1285 78.4390 -32.4960 0.0000 1650400732922 2113900.0000 -0.1969
-8.4319 78.1737 -31.4310 0.0000 1650400732977 2113954.0000 -0.1969
