-9.0998 77.2016 -27.2994 0.0000 1650400322639 1703645.0000 -0.1969
-9.0998 77.2016 -27.2994 0.0000 1650400322693 1703699.0000 -0.1965
-9.0998 77.7886 -27.2994 0.0000 1650400322747 1703753.0000 -0.1969
-9.0998 77.2016 -27.2994 0.0000 1650400322801 1703807.0000 -0.1965
-9.0998 77.2016 -27.2994 0.0000 1650400322856 1703861.0000 -0.1965
-9.0998 77.2016 -27.2994 0.0000 1650400322908 1703915.0000 -0.1965
-9.0998 80.7241 -27.2994 0.0000 1650400322962 1703969.0000 -0.1960
-9.0998 77.2016 -27.2994 0.0000 1650400323016 1704023.0000 -0.1965
-9.0998 77.2016 -27.2994 0.0000 1650400323070 1704077.0000 -0.1965
-9.0998 77.2016 -27.2994 0.0000 1650400323124 1704131.0000 -0.1965
-9.0998 77.2016 -27.2994 0.0000 1650400323178 1704185.0000 -0.1965
-9.0998 77.2016 -27.2994 0.0000 1650400323232 1704239.0000 -0.1965
-9.0998 77.2016 -27.2994 0.0000 1650400323287 1704293.0000 -0.1969
-9.0998 77.2016 -27.2994 0.0000 1650400323341 1704347.0000 -0.1969
-9.0998 77.2016 -27.2994 0.0000 1650400323395 1704400.0000 -0.1965
-9.0998 77.2016 -27.2994 0.0000 1650400323449 1704454.0000 -0.1965
-9.0998 77.2016 -27.2994 0.0000 1650400323501 1704508.0000 -0.1965
-9.0998 77.2016 -27.2994 0.0000 1650400323555 1704562.0000 -0.1965
-9.0998 77.2016 -27.2994 0.0000 1650400323609 1704616.0000 -0.1965
-9.0998 77.2016 -27.2994 0.0000 1650400323664 1704670.0000 -0.1969
-9.0998 77.2016 -27.2994 0.0000 1650400323718 1704724.0000 -0.1965
-9.0998 77.2016 -27.2994 0.0000 1650400323772 1704778.0000 -0.1965
-9.0998 77.2016 -27.2994 0.0000 1650400323826 1704832.0000 -0.1965
-9.0998 77.2016 -27.2994 0.0000 1650400323880 1704886.0000 -0.1965
-9.0998 77.2016 -27.2994 0.0000 1650400323934 1704940.0000 -0.1965
-9.0998 77.2016 -27.2994 0.0000 1650400323988 1704994.0000 -0.1960
-9.0998 77.2016 -27.2994 0.0000 1650400324043 1705048.0000 -0.1965
-9.0998 77.2016 -27.2994 0.0000 1650400324097 1705102.0000 -0.1965
-9.0998 77.2016 -27.2994 0.0000 1650400324149 1705156.0000 -0.1965
-9.0998 77.2016 -27.2994 0.0000 1650400324203 1705210.0000 -0.1965
-9.0998 77.2016 -27.2994 0.0000 1650400324257 1705264.0000 -0.1965
-9.0998 77.2016 -27.2994 0.0000 1650400324311 1705318.0000 -0.1965
-9.0998 77.2016 -27.2994 0.0000 1650400324365 1705372.0000 -0.1965
-9.0998 77.2016 -27.2994 0.0000 1650400324419 1705426.0000 -0.1965
-9.0998 77.2016 -27.2994 0.0000 1650400324474 1705480.0000 -0.1965
-9.0998 77.2016 -27.2994 0.0000 1650400324528 1705534.0000 -0.1960
-9.0998 77.2016 -27.2994 0.0000 1650400324582 1705588.0000 -0.1960
-9.0998 77.2016 -27.2994 0.0000 1650400324636 1705642.0000 -0.1960
-9.0998 77.2016 -27.2994 0.0000 1650400324690 1705696.0000 -0.1960
-9.0998 77.2016 -27.2994 0.0000 1650400324742 1705749.0000 -0.1965
-9.0998 77.2016 -27.2994 0.0000 1650400324796 1705803.0000 -0.1960
-9.0998 77.2016 -27.2994 0.0000 1650400324851 1705857.0000 -0.1960
-9.0998 77.2016 -27.2994 0.0000 1650400324905 1705911.0000 -0.1965
-9.0998 77.2016 -27.2994 0.0000 1650400324959 1705965.0000 -0.1965
-9.0998 77.2016 -27.2994 0.0000 1650400325013 1706019.0000 -0.1960
-9.0998 77.2016 -27.2994 0.0000 1650400325067 1706073.0000 -0.1960
-9.0998 77.2016 -27.2994 0.0000 1650400325121 1706127.0000 -0.1955
-9.0998 77.2016 -27.2994 0.0000 1650400325175 1706181.0000 -0.1960
-9.0998 77.2016 -27.2994 0.0000 1650400325230 1706235.0000 -0.1960
-9.0998 77.2016 -27.2994 0.0000 1650400325284 1706289.0000 -0.1960
-9.0998 77.2016 -27.2994 0.0000 1650400325336 1706343.0000 -0.1960
-9.0998 77.2016 -27.2994 0.0000 1650400325390 1706397.0000 -0.1960
-9.0998 77.2016 -27.2994 0.0000 1650400325444 1706451.0000 -0.1960
-9.0998 77.2016 -27.8865 0.0000 1650400325498 1706505.0000 -0.1960
-9.0998 77.2016 -26.7123 0.0000 1650400325552 1706559.0000 -0.1960
-9.0998 77.2016 -25.5382 0.0000 1650400325607 1706613.0000 -0.1960
-9.0998 77.2016 -24.3640 0.0000 1650400325661 1706667.0000 -0.1960
-9.0998 77.2016 -23.1898 0.0000 1650400325715 1706721.0000 -0.1960
-9.0998 77.2016 -22.0157 0.0000 1650400325769 1706775.0000 -0.1960
-9.0998 77.2016 -19.6673 0.0000 1650400325823 1706829.0000 -0.1960
-9.0998 77.2016 -19.6673 0.0000 1650400325877 1706883.0000 -0.1960
-9.0998 77.7886 -19.6673 0.0000 1650400325931 1706937.0000 -0.1960
-9.0998 77.2016 -19.6673 0.0000 1650400325984 1706991.0000 -0.1960
-9.0998 77.2016 -19.6673 0.0000 1650400326038 1707045.0000 -0.1960
-9.0998 77.2016 -19.6673 0.0000 1650400326092 1707099.0000 -0.1955
-9.0998 77.2016 -19.6673 0.0000 1650400326146 1707152.0000 -0.1955
-9.0998 77.2016 -19.6673 0.0000 1650400326200 1707206.0000 -0.1955
-9.0998 77.2016 -19.6673 0.0000 1650400326254 1707260.0000 -0.1960
-9.0998 77.2016 -19.6673 0.0000 1650400326308 1707314.0000 -0.1960
-9.0998 77.2016 -19.6673 0.0000 1650400326363 1707368.0000 -0.1960
-9.0998 77.2016 -19.6673 0.0000 1650400326417 1707422.0000 -0.1960
-9.0998 77.2016 -19.6673 0.0000 1650400326471 1707476.0000 -0.1960
-9.0998 77.2016 -19.6673 0.0000 1650400326525 1707530.0000 -0.1965
-9.0998 77.2016 -19.6673 0.0000 1650400326577 1707584.0000 -0.1965
-9.0998 77.2016 -19.6673 0.0000 1650400326631 1707638.0000 -0.1960
-9.0998 77.2016 -19.6673 0.0000 1650400326685 1707692.0000 -0.1960
-9.0998 77.2016 -19.6673 0.0000 1650400326740 1707746.0000 -0.1960
-9.0998 77.2016 -19.6673 0.0000 1650400326794 1707800.0000 -0.1960
-9.0998 77.7886 -19.6673 0.0000 1650400326848 1707854.0000 -0.1960
-9.0998 77.2016 -19.6673 0.0000 1650400326902 1707908.0000 -0.1960
-9.0998 77.2016 -19.6673 0.0000 1650400326956 1707962.0000 -0.1955
-9.0998 77.2016 -19.6673 0.0000 1650400327010 1708016.0000 -0.1960
-9.0998 77.2016 -19.6673 0.0000 1650400327064 1708070.0000 -0.1960
-9.0998 77.2016 -19.6673 0.0000 1650400327118 1708124.0000 -0.1955
-9.0998 80.7241 -20.2544 0.0000 1650400327173 1708178.0000 -0.1955
-9.0998 77.2016 -21.4286 0.0000 1650400327225 1708232.0000 -0.1955
-9.0998 80.7241 -22.6027 0.0000 1650400327279 1708286.0000 -0.1955
-9.0998 77.2016 -26.1252 0.0000 1650400327333 1708340.0000 -0.1955
-9.0998 77.2016 -27.2994 0.0000 1650400327387 1708394.0000 -0.1960
-9.0998 77.2016 -28.4736 0.0000 1650400327441 1708447.0000 -0.1960
-9.0998 77.2016 -30.2348 0.0000 1650400327495 1708501.0000 -0.1960
-9.6869 77.2016 -31.4090 0.0000 1650400327550 1708555.0000 -0.1960
-9.6869 77.2016 -30.2348 0.0000 1650400327604 1708609.0000 -0.1960
-9.6869 80.1370 -31.9961 0.0000 1650400327658 1708663.0000 -0.1960
-9.6869 80.1370 -34.9315 0.0000 1650400327712 1708717.0000 -0.1955
-9.6869 77.2016 -34.3444 0.0000 1650400327766 1708771.0000 -0.1955
-9.6869 80.1370 -37.2798 0.0000 1650400327818 1708825.0000 -0.1960
-9.6869 77.2016 -36.1057 0.0000 1650400327872 1708879.0000 -0.1960
-9.6869 80.1370 -37.2798 0.0000 1650400327927 1708933.0000 -0.1965
-9.6869 80.1370 -40.2153 0.0000 1650400327981 1708987.0000 -0.1965
-9.6869 80.1370 -39.0411 0.0000 1650400328035 1709041.0000 -0.1955
-9.6869 80.1370 -39.6282 0.0000 1650400328089 1709095.0000 -0.1960
-9.6869 80.1370 -40.2153 0.0000 1650400328143 1709149.0000 -0.1960
-9.6869 80.1370 -43.1507 0.0000 1650400328197 1709203.0000 -0.1960
-9.6869 80.1370 -41.3894 0.0000 1650400328251 1709257.0000 -0.1960
-9.6869 80.1370 -41.9765 0.0000 1650400328306 1709311.0000 -0.1955
-9.6869 77.2016 -41.9765 0.0000 1650400328360 1709365.0000 -0.1955
-9.6869 80.1370 -44.3249 0.0000 1650400328414 1709419.0000 -0.1955
-9.6869 80.1370 -44.3249 0.0000 1650400328466 1709473.0000 -0.1960
-9.6869 80.1370 -44.3249 0.0000 1650400328520 1709527.0000 -0.1960
-9.6869 80.1370 -44.3249 0.0000 1650400328574 1709581.0000 -0.1955
-9.6869 80.1370 -43.7378 0.0000 1650400328628 1709635.0000 -0.1960
-9.6869 76.6145 -43.7378 0.0000 1650400328683 1709689.0000 -0.1960
-9.6869 76.6145 -43.1507 0.0000 1650400328737 1709743.0000 -0.1955
-9.6869 76.6145 -42.5636 0.0000 1650400328791 1709797.0000 -0.1960
-9.6869 76.6145 -41.9765 0.0000 1650400328845 1709850.0000 -0.1955
-9.6869 76.6145 -40.8023 0.0000 1650400328899 1709904.0000 -0.1960
-9.6869 80.1370 -40.2153 0.0000 1650400328953 1709958.0000 -0.1960
-9.6869 77.2016 -39.0411 0.0000 1650400329007 1710012.0000 -0.1965
-9.6869 76.6145 -38.4540 0.0000 1650400329059 1710066.0000 -0.1960
-9.6869 77.2016 -37.2798 0.0000 1650400329114 1710120.0000 -0.1960
-9.6869 77.2016 -36.1057 0.0000 1650400329168 1710174.0000 -0.1960
-9.6869 77.2016 -34.9315 0.0000 1650400329222 1710228.0000 -0.1960
-9.6869 77.2016 -33.7573 0.0000 1650400329276 1710282.0000 -0.1960
-9.6869 77.2016 -32.5832 0.0000 1650400329330 1710336.0000 -0.1955
-9.6869 80.7241 -31.4090 0.0000 1650400329384 1710390.0000 -0.1955
-9.6869 77.2016 -27.8865 0.0000 1650400329438 1710444.0000 -0.1955
-9.6869 77.2016 -29.0607 0.0000 1650400329493 1710498.0000 -0.1955
-9.6869 77.2016 -25.5382 0.0000 1650400329547 1710552.0000 -0.1960
-9.0998 77.2016 -26.1252 0.0000 1650400329601 1710606.0000 -0.1955
-9.0998 77.2016 -24.9511 0.0000 1650400329653 1710660.0000 -0.1955
-9.0998 80.7241 -23.7769 0.0000 1650400329707 1710714.0000 -0.1960
-9.0998 77.2016 -22.6027 0.0000 1650400329761 1710768.0000 -0.1960
-9.0998 77.2016 -21.4286 0.0000 1650400329815 1710822.0000 -0.1955
-9.0998 77.7886 -19.6673 0.0000 1650400329870 1710876.0000 -0.1955
-9.0998 77.2016 -19.6673 0.0000 1650400329924 1710930.0000 -0.1955
-9.0998 77.2016 -19.6673 0.0000 1650400329978 1710984.0000 -0.1955
-9.0998 77.2016 -19.6673 0.0000 1650400330032 1711038.0000 -0.1960
-9.0998 77.2016 -19.6673 0.0000 1650400330086 1711092.0000 -0.1960
-9.0998 77.2016 -19.6673 0.0000 1650400330140 1711146.0000 -0.1960
-9.0998 77.2016 -19.6673 0.0000 1650400330194 1711199.0000 -0.1960
-9.0998 77.2016 -19.6673 0.0000 1650400330248 1711253.0000 -0.1960
-9.0998 77.2016 -19.6673 0.0000 1650400330301 1711307.0000 -0.1960
-9.0998 77.2016 -19.6673 0.0000 1650400330355 1711361.0000 -0.1960
-9.0998 77.2016 -19.6673 0.0000 1650400330409 1711415.0000 -0.1955
-9.0998 77.2016 -19.6673 0.0000 1650400330463 1711469.0000 -0.1955
-9.0998 77.2016 -19.6673 0.0000 1650400330517 1711523.0000 -0.1955
-9.0998 77.2016 -19.6673 0.0000 1650400330571 1711577.0000 -0.1955
-9.0998 77.2016 -19.6673 0.0000 1650400330625 1711631.0000 -0.1960
-9.0998 77.2016 -19.6673 0.0000 1650400330680 1711685.0000 -0.1955
-9.0998 77.2016 -19.6673 0.0000 1650400330734 1711739.0000 -0.1955
-9.0998 77.2016 -19.6673 0.0000 1650400330788 1711793.0000 -0.1955
-9.0998 77.2016 -19.6673 0.0000 1650400330842 1711847.0000 -0.1955
-9.0998 77.7886 -19.6673 0.0000 1650400330894 1711901.0000 -0.1955
-9.0998 77.7886 -19.6673 0.0000 1650400330948 1711955.0000 -0.1950
-9.0998 77.7886 -19.6673 0.0000 1650400331002 1712009.0000 -0.1950
-9.0998 77.2016 -19.6673 0.0000 1650400331057 1712063.0000 -0.1950
-9.0998 77.2016 -19.6673 0.0000 1650400331111 1712117.0000 -0.1955
-9.0998 77.2016 -19.6673 0.0000 1650400331165 1712171.0000 -0.1955
-9.0998 80.7241 -20.8415 0.0000 1650400331219 1712225.0000 -0.1955
-9.0998 80.7241 -22.0157 0.0000 1650400331273 1712279.0000 -0.1955
-9.0998 77.2016 -23.1898 0.0000 1650400331327 1712333.0000 -0.1955
-9.0998 77.2016 -26.7123 0.0000 1650400331381 1712387.0000 -0.1955
-9.0998 77.2016 -26.1252 0.0000 1650400331436 1712441.0000 -0.1955
-9.0998 77.2016 -27.2994 0.0000 1650400331490 1712495.0000 -0.1955
-9.6869 77.2016 -28.4736 0.0000 1650400331542 1712548.0000 -0.1955
-9.6869 77.2016 -29.6477 0.0000 1650400331596 1712602.0000 -0.1955
-9.6869 80.7241 -33.1703 0.0000 1650400331650 1712656.0000 -0.1955
-9.6869 76.6145 -34.3444 0.0000 1650400331704 1712710.0000 -0.1955
-9.6869 80.7241 -33.7573 0.0000 1650400331758 1712764.0000 -0.1955
-9.6869 80.7241 -36.6928 0.0000 1650400331813 1712818.0000 -0.1955
-9.6869 80.1370 -37.8669 0.0000 1650400331867 1712872.0000 -0.1960
-9.6869 80.7241 -36.6928 0.0000 1650400331921 1712926.0000 -0.1955
-9.6869 80.1370 -37.8669 0.0000 1650400331975 1712980.0000 -0.1955
-9.6869 76.6145 -40.8023 0.0000 1650400332029 1713034.0000 -0.1955
-6.1644 80.7241 -39.6282 0.0000 1650400332083 1713088.0000 -0.1955
-9.6869 76.6145 -41.9765 0.0000 1650400332135 1713142.0000 -0.1950
-9.6869 77.2016 -40.8023 0.0000 1650400332189 1713196.0000 -0.1955
-9.6869 77.2016 -41.3894 0.0000 1650400332244 1713250.0000 -0.1955
-9.6869 80.1370 -43.7378 0.0000 1650400332298 1713304.0000 -0.1950
-9.6869 80.1370 -41.9765 0.0000 1650400332352 1713358.0000 -0.1955
-9.6869 80.1370 -44.3249 0.0000 1650400332406 1713412.0000 -0.1955
-9.6869 80.1370 -44.3249 0.0000 1650400332460 1713466.0000 -0.1955
-9.6869 80.1370 -44.3249 0.0000 1650400332514 1713520.0000 -0.1950
-9.6869 80.1370 -42.5636 0.0000 1650400332569 1713574.0000 -0.1950
-9.6869 80.1370 -44.3249 0.0000 1650400332623 1713628.0000 -0.1950
-9.6869 80.1370 -43.7378 0.0000 1650400332677 1713682.0000 -0.1950
-9.6869 76.6145 -43.1507 0.0000 1650400332729 1713736.0000 -0.1950
-9.6869 76.6145 -42.5636 0.0000 1650400332783 1713790.0000 -0.1955
-9.6869 76.6145 -41.9765 0.0000 1650400332837 1713844.0000 -0.1950
-9.6869 80.1370 -41.3894 0.0000 1650400332891 1713897.0000 -0.1950
-9.6869 76.6145 -40.8023 0.0000 1650400332945 1713951.0000 -0.1955
-9.6869 76.6145 -39.6282 0.0000 1650400333000 1714005.0000 -0.1950
-9.6869 77.2016 -39.0411 0.0000 1650400333054 1714059.0000 -0.1950
-9.6869 77.2016 -37.8669 0.0000 1650400333108 1714113.0000 -0.1950
-9.6869 77.2016 -36.6928 0.0000 1650400333162 1714167.0000 -0.1950
-9.6869 77.2016 -35.5186 0.0000 1650400333216 1714221.0000 -0.1950
-9.6869 77.2016 -34.3444 0.0000 1650400333270 1714275.0000 -0.1950
-9.6869 77.2016 -33.1703 0.0000 1650400333324 1714329.0000 -0.1955
-9.6869 76.6145 -31.9961 0.0000 1650400333377 1714383.0000 -0.1950
-9.6869 77.2016 -30.8219 0.0000 1650400333431 1714437.0000 -0.1950
-9.6869 77.2016 -29.6477 0.0000 1650400333485 1714491.0000 -0.1950
-9.6869 77.2016 -27.8865 0.0000 1650400333539 1714545.0000 -0.1950
-9.0998 77.2016 -26.7123 0.0000 1650400333593 1714599.0000 -0.1950
-9.0998 77.2016 -25.5382 0.0000 1650400333647 1714653.0000 -0.1950
-9.0998 77.2016 -24.3640 0.0000 1650400333701 1714707.0000 -0.1950
-9.0998 77.2016 -23.1898 0.0000 1650400333755 1714761.0000 -0.1950
-9.0998 77.2016 -22.0157 0.0000 1650400333810 1714815.0000 -0.1950
-9.0998 77.7886 -21.4286 0.0000 1650400333864 1714869.0000 -0.1955
-9.0998 77.2016 -19.6673 0.0000 1650400333918 1714923.0000 -0.1950
-9.0998 77.2016 -19.6673 0.0000 1650400333970 1714977.0000 -0.1950
-9.0998 77.2016 -19.6673 0.0000 1650400334024 1715031.0000 -0.1950
-9.0998 77.2016 -19.6673 0.0000 1650400334078 1715085.0000 -0.1950
-9.0998 77.7886 -19.6673 0.0000 1650400334132 1715139.0000 -0.1955
-9.0998 77.2016 -19.6673 0.0000 1650400334187 1715193.0000 -0.1950
-9.0998 77.7886 -19.6673 0.0000 1650400334241 1715246.0000 -0.1950
-9.0998 77.2016 -19.6673 0.0000 1650400334295 1715300.0000 -0.1950
-9.0998 77.2016 -19.6673 0.0000 1650400334349 1715354.0000 -0.1955
-9.0998 77.2016 -19.6673 0.0000 1650400334403 1715408.0000 -0.1955
-9.0998 77.2016 -19.6673 0.0000 1650400334457 1715462.0000 -0.1950
-9.0998 77.2016 -19.6673 0.0000 1650400334511 1715516.0000 -0.1950
-9.0998 77.2016 -19.6673 0.0000 1650400334566 1715570.0000 -0.1950
-9.0998 77.2016 -19.6673 0.0000 1650400334618 1715624.0000 -0.1950
-9.0998 77.2016 -19.6673 0.0000 1650400334672 1715678.0000 -0.1950
-9.0998 77.2016 -19.6673 0.0000 1650400334726 1715732.0000 -0.1950
-9.0998 77.2016 -19.6673 0.0000 1650400334780 1715786.0000 -0.1950
-9.0998 77.7886 -19.6673 0.0000 1650400334834 1715840.0000 -0.1950
-9.0998 77.7886 -19.6673 0.0000 1650400334888 1715894.0000 -0.1955
-9.0998 77.2016 -19.6673 0.0000 1650400334943 1715948.0000 -0.1955
-9.0998 77.2016 -19.6673 0.0000 1650400334997 1716002.0000 -0.1950
-9.0998 77.2016 -19.6673 0.0000 1650400335051 1716056.0000 -0.1955
-9.0998 77.7886 -19.6673 0.0000 1650400335105 1716110.0000 -0.1955
-9.0998 77.2016 -19.6673 0.0000 1650400335159 1716164.0000 -0.1955
-9.0998 80.7241 -20.2544 0.0000 1650400335211 1716218.0000 -0.1955
-9.0998 77.2016 -21.4286 0.0000 1650400335265 1716272.0000 -0.1950
-9.0998 77.2016 -22.6027 0.0000 1650400335320 1716326.0000 -0.1955
-9.0998 77.2016 -26.1252 0.0000 1650400335374 1716380.0000 -0.1955
-9.0998 77.2016 -27.2994 0.0000 1650400335428 1716434.0000 -0.1960
-9.6869 77.2016 -28.4736 0.0000 1650400335482 1716488.0000 -0.1960
-9.0998 77.2016 -27.8865 0.0000 1650400335536 1716542.0000 -0.1955
-9.6869 77.2016 -31.4090 0.0000 1650400335590 1716595.0000 -0.1960
-9.6869 80.7241 -32.5832 0.0000 1650400335644 1716649.0000 -0.1960
-9.6869 80.7241 -33.7573 0.0000 1650400335699 1716703.0000 -0.1955
-9.6869 80.7241 -34.9315 0.0000 1650400335753 1716757.0000 -0.1957
-9.6869 76.6145 -34.3444 0.0000 1650400335807 1716811.0000 -0.1955
-9.6869 76.6145 -37.2798 0.0000 1650400335859 1716865.0000 -0.1955
-9.6869 80.1370 -38.4540 0.0000 1650400335913 1716919.0000 -0.1955
-9.6869 80.1370 -37.2798 0.0000 1650400335967 1716973.0000 -0.1960
-9.6869 80.1370 -40.2153 0.0000 1650400336021 1717027.0000 -0.1960
-9.6869 80.1370 -39.0411 0.0000 1650400336076 1717081.0000 -0.1960
-9.6869 76.6145 -39.6282 0.0000 1650400336130 1717135.0000 -0.1960
-9.6869 80.1370 -40.2153 0.0000 1650400336184 1717189.0000 -0.1965
-9.6869 80.1370 -43.1507 0.0000 1650400336238 1717243.0000 -0.1965
-9.6869 80.1370 -41.3894 0.0000 1650400336292 1717297.0000 -0.1960
-9.6869 80.1370 -41.9765 0.0000 1650400336346 1717351.0000 -0.1960
-9.6869 80.1370 -41.9765 0.0000 1650400336400 1717405.0000 -0.1960
-9.6869 80.1370 -44.3249 0.0000 1650400336453 1717459.0000 -0.1965
-9.6869 80.1370 -44.3249 0.0000 1650400336506 1717513.0000 -0.1969
-9.6869 80.1370 -44.3249 0.0000 1650400336561 1717567.0000 -0.1969
-9.6869 80.1370 -44.3249 0.0000 1650400336615 1717621.0000 -0.1969
-9.6869 80.1370 -43.7378 0.0000 1650400336669 1717675.0000 -0.1979
-9.6869 76.6145 -41.3894 0.0000 1650400336723 1717729.0000 -0.1979
-9.6869 76.6145 -43.1507 0.0000 1650400336777 1717783.0000 -0.1979
-9.6869 76.6145 -42.5636 0.0000 1650400336831 1717837.0000 -0.1979
-9.6869 76.6145 -41.9765 0.0000 1650400336886 1717891.0000 -0.1974
-9.6869 76.6145 -40.8023 0.0000 1650400336940 1717945.0000 -0.1974
-9.6869 77.2016 -40.2153 0.0000 1650400336994 1717998.0000 -0.1979
-9.6869 77.2016 -39.0411 0.0000 1650400337048 1718052.0000 -0.1984
-9.6869 77.2016 -38.4540 0.0000 1650400337100 1718106.0000 -0.1979
-9.6869 77.2016 -37.2798 0.0000 1650400337154 1718160.0000 -0.1979
-9.6869 77.2016 -36.1057 0.0000 1650400337208 1718214.0000 -0.1979
-9.6869 77.2016 -34.9315 0.0000 1650400337263 1718268.0000 -0.1984
-9.0998 77.2016 -33.7573 0.0000 1650400337317 1718322.0000 -0.1979
-9.0998 77.2016 -32.5832 0.0000 1650400337371 1718376.0000 -0.1979
-9.6869 77.2016 -31.4090 0.0000 1650400337425 1718430.0000 -0.1979
-9.6869 77.2016 -30.2348 0.0000 1650400337479 1718484.0000 -0.1979
-9.6869 77.2016 -29.0607 0.0000 1650400337533 1718538.0000 -0.1979
-9.0998 77.2016 -27.2994 0.0000 1650400337587 1718592.0000 -0.1979
-9.0998 77.2016 -26.1252 0.0000 1650400337642 1718646.0000 -0.1979
-9.0998 77.2016 -24.9511 0.0000 1650400337694 1718700.0000 -0.1979
-9.0998 77.2016 -23.7769 0.0000 1650400337748 1718754.0000 -0.1979
-9.0998 77.2016 -22.6027 0.0000 1650400337802 1718808.0000 -0.1979
-9.0998 77.2016 -21.4286 0.0000 1650400337856 1718862.0000 -0.1979
-9.0998 77.2016 -19.6673 0.0000 1650400337910 1718916.0000 -0.1979
-9.0998 77.2016 -19.6673 0.0000 1650400337964 1718970.0000 -0.1974
-9.0998 77.2016 -19.6673 0.0000 1650400338018 1719024.0000 -0.1974
-9.0998 77.2016 -19.6673 0.0000 1650400338073 1719078.0000 -0.1979
-9.0998 77.2016 -19.6673 0.0000 1650400338127 1719132.0000 -0.1979
-9.0998 77.2016 -19.6673 0.0000 1650400338181 1719186.0000 -0.1979
-9.0998 77.2016 -19.6673 0.0000 1650400338235 1719240.0000 -0.1974
-9.0998 77.2016 -19.6673 0.0000 1650400338287 1719294.0000 -0.1979
-9.0998 77.2016 -19.6673 0.0000 1650400338341 1719347.0000 -0.1974
-9.0998 77.2016 -19.6673 0.0000 1650400338395 1719401.0000 -0.1974
-9.0998 77.7886 -19.6673 0.0000 1650400338450 1719455.0000 -0.1974
-9.0998 77.7886 -19.6673 0.0000 1650400338504 1719509.0000 -0.1974
-9.0998 77.7886 -19.6673 0.0000 1650400338558 1719563.0000 -0.1974
-9.0998 77.2016 -19.6673 0.0000 1650400338612 1719617.0000 -0.1979
-9.0998 77.2016 -19.6673 0.0000 1650400338666 1719671.0000 -0.1979
-9.0998 77.7886 -19.6673 0.0000 1650400338720 1719725.0000 -0.1974
-9.0998 77.7886 -19.6673 0.0000 1650400338774 1719779.0000 -0.1974
-9.0998 77.2016 -19.6673 0.0000 1650400338829 1719833.0000 -0.1979
-9.0998 77.7886 -19.6673 0.0000 1650400338883 1719887.0000 -0.1979
-9.0998 77.7886 -19.6673 0.0000 1650400338935 1719941.0000 -0.1974
-9.0998 77.2016 -19.6673 0.0000 1650400338989 1719995.0000 -0.1974
-9.0998 77.7886 -19.6673 0.0000 1650400339043 1720049.0000 -0.1974
-9.0998 77.2016 -19.6673 0.0000 1650400339097 1720103.0000 -0.1974
-9.0998 77.7886 -19.6673 0.0000 1650400339151 1720157.0000 -0.1979
-9.0998 77.2016 -19.6673 0.0000 1650400339206 1720211.0000 -0.1979
-9.0998 77.2016 -20.8415 0.0000 1650400339260 1720265.0000 -0.1979
-9.0998 77.2016 -22.0157 0.0000 1650400339314 1720319.0000 -0.1979
-9.0998 77.2016 -25.5382 0.0000 1650400339368 1720373.0000 -0.1979
-9.0998 77.2016 -26.7123 0.0000 1650400339422 1720427.0000 -0.1979
-9.0998 77.2016 -27.8865 0.0000 1650400339476 1720481.0000 -0.1979
-9.0998 77.2016 -27.2994 0.0000 1650400339528 1720535.0000 -0.1974
-9.0998 77.2016 -28.4736 0.0000 1650400339582 1720589.0000 -0.1979
-9.6869 80.7241 -31.9961 0.0000 1650400339637 1720643.0000 -0.1974
-9.6869 80.7241 -33.1703 0.0000 1650400339691 1720696.0000 -0.1979
-9.6869 77.2016 -34.3444 0.0000 1650400339745 1720750.0000 -0.1979
-9.6869 77.2016 -33.7573 0.0000 1650400339799 1720804.0000 -0.1979
-9.6869 80.1370 -36.6928 0.0000 1650400339853 1720858.0000 -0.1979
-9.0998 77.2016 -35.5186 0.0000 1650400339907 1720912.0000 -0.1979
-9.0998 77.2016 -36.6928 0.0000 1650400339961 1720966.0000 -0.1984
-9.6869 80.1370 -37.8669 0.0000 1650400340016 1721020.0000 -0.1979
-9.6869 76.6145 -40.8023 0.0000 1650400340070 1721074.0000 -0.1979
-9.6869 80.1370 -39.6282 0.0000 1650400340124 1721128.0000 -0.1979
-9.6869 76.6145 -40.2153 0.0000 1650400340176 1721182.0000 -0.1974
-9.6869 76.6145 -40.8023 0.0000 1650400340230 1721236.0000 -0.1979
-9.6869 80.1370 -41.3894 0.0000 1650400340284 1721290.0000 -0.1979
-9.6869 80.1370 -41.9765 0.0000 1650400340338 1721344.0000 -0.1979
-9.6869 80.1370 -41.9765 0.0000 1650400340393 1721398.0000 -0.1979
-9.6869 80.1370 -41.9765 0.0000 1650400340447 1721452.0000 -0.1984
-9.6869 80.1370 -44.3249 0.0000 1650400340501 1721506.0000 -0.1979
-9.6869 80.1370 -44.3249 0.0000 1650400340555 1721560.0000 -0.1979
-9.6869 80.1370 -44.3249 0.0000 1650400340609 1721614.0000 -0.1979
-9.6869 80.1370 -44.3249 0.0000 1650400340663 1721668.0000 -0.1979
-9.6869 80.1370 -43.7378 0.0000 1650400340717 1721722.0000 -0.1979
-9.6869 76.6145 -43.1507 0.0000 1650400340770 1721776.0000 -0.1984
-9.6869 76.6145 -43.1507 0.0000 1650400340824 1721830.0000 -0.1984
-9.6869 76.6145 -41.9765 0.0000 1650400340878 1721884.0000 -0.1979
-9.6869 76.6145 -41.3894 0.0000 1650400340932 1721938.0000 -0.1979
-9.6869 76.6145 -40.8023 0.0000 1650400340986 1721992.0000 -0.1984
-9.6869 77.2016 -39.6282 0.0000 1650400341040 1722045.0000 -0.1979
-9.6869 77.2016 -39.0411 0.0000 1650400341094 1722099.0000 -0.1979
-9.6869 77.2016 -37.8669 0.0000 1650400341149 1722153.0000 -0.1979
-9.6869 77.2016 -36.6928 0.0000 1650400341203 1722207.0000 -0.1979
-9.6869 77.2016 -35.5186 0.0000 1650400341257 1722261.0000 -0.1979
-9.6869 77.2016 -32.5832 0.0000 1650400341311 1722315.0000 -0.1984
-9.0998 77.2016 -33.1703 0.0000 1650400341365 1722369.0000 -0.1984
-9.6869 77.2016 -31.9961 0.0000 1650400341417 1722423.0000 -0.1979
-9.6869 77.2016 -30.8219 0.0000 1650400341471 1722477.0000 -0.1979
-9.6869 77.2016 -29.6477 0.0000 1650400341526 1722531.0000 -0.1979
-9.6869 77.2016 -27.8865 0.0000 1650400341580 1722585.0000 -0.1979
-9.6869 77.2016 -26.7123 0.0000 1650400341634 1722639.0000 -0.1974
-9.0998 77.2016 -25.5382 0.0000 1650400341688 1722693.0000 -0.1974
-9.0998 77.2016 -24.3640 0.0000 1650400341742 1722747.0000 -0.1974
-9.0998 77.2016 -23.1898 0.0000 1650400341796 1722801.0000 -0.1979
-9.0998 77.2016 -22.0157 0.0000 1650400341850 1722855.0000 -0.1979
-9.0998 77.2016 -19.6673 0.0000 1650400341904 1722909.0000 -0.1979
-9.0998 77.2016 -19.6673 0.0000 1650400341959 1722963.0000 -0.1979
-9.0998 77.2016 -19.6673 0.0000 1650400342011 1723017.0000 -0.1979
-9.0998 77.2016 -19.6673 0.0000 1650400342065 1723071.0000 -0.1979
-9.0998 77.2016 -19.6673 0.0000 1650400342119 1723125.0000 -0.1979
-9.0998 77.2016 -19.6673 0.0000 1650400342173 1723179.0000 -0.1979
-9.0998 77.2016 -19.6673 0.0000 1650400342227 1723233.0000 -0.1974
-9.0998 77.2016 -19.6673 0.0000 1650400342281 1723287.0000 -0.1974
-9.0998 77.2016 -19.6673 0.0000 1650400342336 1723341.0000 -0.1979
-9.0998 77.2016 -19.6673 0.0000 1650400342390 1723394.0000 -0.1979
-9.0998 77.2016 -19.6673 0.0000 1650400342444 1723448.0000 -0.1979
-9.0998 77.2016 -19.6673 0.0000 1650400342498 1723502.0000 -0.1974
-9.0998 77.2016 -19.6673 0.0000 1650400342552 1723556.0000 -0.1979
-9.0998 77.2016 -19.6673 0.0000 1650400342606 1723610.0000 -0.1979
-9.0998 77.2016 -19.6673 0.0000 1650400342658 1723664.0000 -0.1979
-9.0998 77.7886 -19.6673 0.0000 1650400342713 1723718.0000 -0.1979
-9.0998 77.7886 -19.6673 0.0000 1650400342767 1723772.0000 -0.1974
-9.0998 77.7886 -19.6673 0.0000 1650400342821 1723826.0000 -0.1974
-9.0998 77.7886 -19.6673 0.0000 1650400342875 1723880.0000 -0.1974
-9.0998 77.7886 -19.6673 0.0000 1650400342929 1723934.0000 -0.1979
-9.0998 77.2016 -19.6673 0.0000 1650400342983 1723988.0000 -0.1979
-9.0998 77.2016 -19.6673 0.0000 1650400343037 1724042.0000 -0.1974
-9.0998 77.7886 -19.6673 0.0000 1650400343092 1724096.0000 -0.1979
-9.0998 77.2016 -19.6673 0.0000 1650400343146 1724150.0000 -0.1984
-9.0998 77.2016 -19.6673 0.0000 1650400343200 1724204.0000 -0.1979
-9.0998 77.2016 -20.2544 0.0000 1650400343252 1724258.0000 -0.1979
-9.0998 80.7241 -21.4286 0.0000 1650400343306 1724312.0000 -0.1974
-9.0998 77.2016 -24.9511 0.0000 1650400343360 1724366.0000 -0.1979
-9.0998 77.2016 -23.7769 0.0000 1650400343414 1724420.0000 -0.1979
-9.0998 77.2016 -27.2994 0.0000 1650400343468 1724474.0000 -0.1979
-9.0998 77.2016 -28.4736 0.0000 1650400343523 1724528.0000 -0.1979
-9.6869 77.2016 -27.8865 0.0000 1650400343577 1724582.0000 -0.1974
-9.6869 77.2016 -29.0607 0.0000 1650400343631 1724636.0000 -0.1979
-9.6869 77.2016 -32.5832 0.0000 1650400343685 1724690.0000 -0.1979
-9.6869 77.2016 -33.7573 0.0000 1650400343739 1724743.0000 -0.1979
-9.6869 80.7241 -33.1703 0.0000 1650400343793 1724797.0000 -0.1974
-9.6869 76.6145 -36.1057 0.0000 1650400343845 1724851.0000 -0.1974
-9.6869 77.2016 -34.9315 0.0000 1650400343900 1724905.0000 -0.1974
-9.6869 80.1370 -38.4540 0.0000 1650400343954 1724959.0000 -0.1974
-9.6869 80.1370 -37.2798 0.0000 1650400344008 1725013.0000 -0.1979
-9.6869 80.1370 -38.4540 0.0000 1650400344062 1725067.0000 -0.1979
-9.6869 80.1370 -39.0411 0.0000 1650400344116 1725121.0000 -0.1974
-9.6869 80.1370 -39.6282 0.0000 1650400344170 1725175.0000 -0.1974
-9.6869 80.1370 -40.2153 0.0000 1650400344224 1725229.0000 -0.1979
-9.6869 76.6145 -40.8023 0.0000 1650400344279 1725283.0000 -0.1974
-9.6869 80.1370 -41.3894 0.0000 1650400344333 1725337.0000 -0.1974
-9.6869 77.2016 -43.7378 0.0000 1650400344387 1725391.0000 -0.1974
-9.6869 80.1370 -41.9765 0.0000 1650400344441 1725445.0000 -0.1974
-9.6869 80.1370 -41.9765 0.0000 1650400344493 1725499.0000 -0.1979
-9.6869 80.1370 -44.3249 0.0000 1650400344547 1725553.0000 -0.1979
-9.6869 80.1370 -44.3249 0.0000 1650400344601 1725607.0000 -0.1979
-9.6869 80.1370 -44.3249 0.0000 1650400344656 1725661.0000 -0.1974
-9.6869 77.2016 -41.9765 0.0000 1650400344710 1725715.0000 -0.1979
-9.6869 76.6145 -43.7378 0.0000 1650400344764 1725769.0000 -0.1979
-9.6869 76.6145 -43.1507 0.0000 1650400344818 1725823.0000 -0.1979
-9.6869 76.6145 -42.5636 0.0000 1650400344872 1725877.0000 -0.1974
-9.6869 80.1370 -41.9765 0.0000 1650400344926 1725931.0000 -0.1974
-9.6869 76.6145 -41.3894 0.0000 1650400344980 1725985.0000 -0.1974
-9.6869 77.2016 -40.2153 0.0000 1650400345035 1726039.0000 -0.1974
-9.6869 77.2016 -39.6282 0.0000 1650400345087 1726092.0000 -0.1979
-9.6869 77.2016 -38.4540 0.0000 1650400345141 1726146.0000 -0.1979
-9.6869 77.2016 -37.2798 0.0000 1650400345195 1726200.0000 -0.1974
-9.6869 77.2016 -36.1057 0.0000 1650400345249 1726254.0000 -0.1979
-9.6869 77.2016 -34.9315 0.0000 1650400345303 1726308.0000 -0.1979
-9.6869 77.2016 -33.7573 0.0000 1650400345357 1726362.0000 -0.1979
-9.6869 77.2016 -32.5832 0.0000 1650400345412 1726416.0000 -0.1974
-9.6869 77.2016 -31.4090 0.0000 1650400345466 1726470.0000 -0.1974
-9.6869 77.2016 -30.2348 0.0000 1650400345520 1726524.0000 -0.1974
-9.6869 77.2016 -29.0607 0.0000 1650400345574 1726578.0000 -0.1974
-9.6869 80.7241 -27.2994 0.0000 1650400345628 1726632.0000 -0.1979
-9.0998 77.2016 -26.1252 0.0000 1650400345682 1726686.0000 -0.1974
-9.0998 77.2016 -24.9511 0.0000 1650400345734 1726740.0000 -0.1974
-9.0998 77.2016 -23.7769 0.0000 1650400345788 1726794.0000 -0.1979
-9.0998 77.2016 -22.6027 0.0000 1650400345843 1726848.0000 -0.1979
-9.0998 77.2016 -21.4286 0.0000 1650400345897 1726902.0000 -0.1974
-9.0998 77.2016 -21.4286 0.0000 1650400345951 1726956.0000 -0.1974
-9.0998 77.2016 -19.6673 0.0000 1650400346005 1727010.0000 -0.1974
-9.0998 77.2016 -19.6673 0.0000 1650400346059 1727064.0000 -0.1974
-9.0998 77.2016 -19.6673 0.0000 1650400346113 1727118.0000 -0.1979
-9.0998 77.2016 -19.6673 0.0000 1650400346168 1727172.0000 -0.1979
-9.0998 77.2016 -19.6673 0.0000 1650400346222 1727226.0000 -0.1979
-9.0998 77.2016 -19.6673 0.0000 1650400346276 1727280.0000 -0.1974
-9.0998 77.2016 -19.6673 0.0000 1650400346328 1727334.0000 -0.1974
-9.0998 77.2016 -19.6673 0.0000 1650400346382 1727388.0000 -0.1979
-9.0998 77.2016 -19.6673 0.0000 1650400346436 1727442.0000 -0.1979
-9.0998 77.2016 -19.6673 0.0000 1650400346490 1727495.0000 -0.1974
-9.0998 77.2016 -19.6673 0.0000 1650400346544 1727549.0000 -0.1974
-9.0998 77.2016 -19.6673 0.0000 1650400346599 1727603.0000 -0.1974
-9.0998 77.2016 -19.6673 0.0000 1650400346653 1727657.0000 -0.1974
-9.0998 77.2016 -19.6673 0.0000 1650400346707 1727711.0000 -0.1974
-9.0998 77.2016 -19.6673 0.0000 1650400346761 1727765.0000 -0.1974
-9.0998 77.2016 -19.6673 0.0000 1650400346815 1727819.0000 -0.1974
-9.0998 77.7886 -19.6673 0.0000 1650400346869 1727873.0000 -0.1979
-9.0998 77.2016 -19.6673 0.0000 1650400346923 1727927.0000 -0.1979
-9.0998 77.2016 -19.6673 0.0000 1650400346976 1727981.0000 -0.1979
-9.0998 77.2016 -19.6673 0.0000 1650400347030 1728035.0000 -0.1974
-9.0998 77.7886 -19.6673 0.0000 1650400347084 1728089.0000 -0.1974
-9.0998 77.7886 -19.6673 0.0000 1650400347138 1728143.0000 -0.1974
-9.0998 77.2016 -19.6673 0.0000 1650400347192 1728197.0000 -0.1979
-9.0998 77.2016 -19.6673 0.0000 1650400347246 1728251.0000 -0.1979
-9.0998 80.7241 -20.8415 0.0000 1650400347300 1728305.0000 -0.1974
-9.0998 77.2016 -22.0157 0.0000 1650400347354 1728359.0000 -0.1974
-9.0998 77.2016 -23.1898 0.0000 1650400347409 1728413.0000 -0.1979
-9.0998 77.2016 -26.7123 0.0000 1650400347463 1728467.0000 -0.1979
-9.0998 77.2016 -27.8865 0.0000 1650400347517 1728521.0000 -0.1979
-9.0998 77.2016 -27.2994 0.0000 1650400347569 1728575.0000 -0.1974
-9.6869 77.2016 -28.4736 0.0000 1650400347623 1728629.0000 -0.1974
-9.6869 77.2016 -29.6477 0.0000 1650400347677 1728683.0000 -0.1974
-9.6869 77.2016 -33.1703 0.0000 1650400347731 1728737.0000 -0.1979
-9.6869 77.2016 -34.3444 0.0000 1650400347786 1728791.0000 -0.1979
-9.6869 76.6145 -35.5186 0.0000 1650400347840 1728844.0000 -0.1979
-9.6869 80.1370 -34.3444 0.0000 1650400347894 1728898.0000 -0.1979
-9.6869 80.7241 -35.5186 0.0000 1650400347948 1728952.0000 -0.1979
-9.6869 80.7241 -36.6928 0.0000 1650400348002 1729006.0000 -0.1979
-9.6869 80.1370 -37.8669 0.0000 1650400348056 1729060.0000 -0.1979
-9.6869 80.1370 -38.4540 0.0000 1650400348111 1729114.0000 -0.1974
-9.6869 76.6145 -39.0411 0.0000 1650400348165 1729168.0000 -0.1974
-9.6869 80.1370 -41.9765 0.0000 1650400348217 1729222.0000 -0.1974
-9.6869 80.1370 -42.5636 0.0000 1650400348271 1729276.0000 -0.1979
-9.6869 80.1370 -41.3894 0.0000 1650400348325 1729330.0000 -0.1979
-9.6869 80.1370 -41.3894 0.0000 1650400348379 1729384.0000 -0.1974
-9.6869 80.1370 -43.7378 0.0000 1650400348433 1729438.0000 -0.1974
-9.6869 80.1370 -44.3249 0.0000 1650400348487 1729492.0000 -0.1974
-9.6869 80.1370 -42.5636 0.0000 1650400348542 1729546.0000 -0.1974
-9.6869 80.1370 -44.3249 0.0000 1650400348596 1729600.0000 -0.1969
-9.6869 80.1370 -44.3249 0.0000 1650400348650 1729654.0000 -0.1969
-9.6869 80.1370 -44.3249 0.0000 1650400348704 1729708.0000 -0.1974
-9.6869 80.1370 -43.7378 0.0000 1650400348758 1729762.0000 -0.1969
-9.6869 76.6145 -43.1507 0.0000 1650400348810 1729816.0000 -0.1974
-9.6869 76.6145 -43.1507 0.0000 1650400348864 1729870.0000 -0.1974
-9.6869 76.6145 -42.5636 0.0000 1650400348919 1729924.0000 -0.1969
-9.6869 76.6145 -41.3894 0.0000 1650400348973 1729978.0000 -0.1974
-9.6869 76.6145 -40.8023 0.0000 1650400349027 1730032.0000 -0.1974
-9.6869 76.6145 -40.2153 0.0000 1650400349081 1730086.0000 -0.1974
-9.6869 77.2016 -39.0411 0.0000 1650400349135 1730140.0000 -0.1974
-9.6869 77.2016 -37.8669 0.0000 1650400349189 1730193.0000 -0.1974
-9.6869 77.2016 -36.6928 0.0000 1650400349243 1730247.0000 -0.1969
-9.6869 77.2016 -35.5186 0.0000 1650400349297 1730301.0000 -0.1969
-9.6869 77.2016 -34.3444 0.0000 1650400349352 1730355.0000 -0.1974
-9.6869 77.2016 -31.4090 0.0000 1650400349404 1730409.0000 -0.1974
-9.6869 77.2016 -31.9961 0.0000 1650400349458 1730463.0000 -0.1974
-9.6869 77.2016 -30.8219 0.0000 1650400349512 1730517.0000 -0.1969
-9.6869 77.2016 -29.6477 0.0000 1650400349566 1730571.0000 -0.1974
-9.0998 77.2016 -28.4736 0.0000 1650400349620 1730625.0000 -0.1974
-9.0998 77.2016 -26.7123 0.0000 1650400349674 1730679.0000 -0.1969
-9.0998 77.2016 -25.5382 0.0000 1650400349729 1730733.0000 -0.1969
-9.0998 77.2016 -24.3640 0.0000 1650400349783 1730787.0000 -0.1969
-9.0998 77.2016 -23.1898 0.0000 1650400349837 1730841.0000 -0.1969
-9.0998 77.2016 -22.0157 0.0000 1650400349891 1730895.0000 -0.1974
-9.0998 77.7886 -19.6673 0.0000 1650400349945 1730949.0000 -0.1974
-9.0998 77.2016 -19.6673 0.0000 1650400349999 1731003.0000 -0.1969
-9.0998 77.2016 -19.6673 0.0000 1650400350051 1731057.0000 -0.1969
-9.0998 77.2016 -19.6673 0.0000 1650400350106 1731111.0000 -0.1974
-9.0998 77.2016 -19.6673 0.0000 1650400350160 1731165.0000 -0.1974
-9.0998 77.2016 -19.6673 0.0000 1650400350214 1731219.0000 -0.1974
-9.0998 77.2016 -19.6673 0.0000 1650400350268 1731273.0000 -0.1969
-9.0998 77.2016 -19.6673 0.0000 1650400350322 1731327.0000 -0.1969
-9.0998 77.2016 -19.6673 0.0000 1650400350378 1731381.0000 -0.1969
-9.0998 77.2016 -19.6673 0.0000 1650400350430 1731435.0000 -0.1974
-9.0998 77.2016 -19.6673 0.0000 1650400350485 1731489.0000 -0.1974
-9.0998 77.2016 -19.6673 0.0000 1650400350539 1731542.0000 -0.1969
-9.0998 77.2016 -19.6673 0.0000 1650400350593 1731596.0000 -0.1969
-9.0998 77.2016 -19.6673 0.0000 1650400350645 1731650.0000 -0.1969
-9.0998 77.2016 -19.6673 0.0000 1650400350699 1731704.0000 -0.1969
-9.0998 77.2016 -19.6673 0.0000 1650400350753 1731758.0000 -0.1969
-9.0998 77.2016 -19.6673 0.0000 1650400350807 1731812.0000 -0.1969
-9.0998 77.2016 -19.6673 0.0000 1650400350862 1731866.0000 -0.1969
-9.0998 77.2016 -19.6673 0.0000 1650400350916 1731920.0000 -0.1969
-9.0998 77.2016 -19.6673 0.0000 1650400350970 1731974.0000 -0.1974
-9.0998 77.2016 -19.6673 0.0000 1650400351024 1732028.0000 -0.1974
-9.0998 77.2016 -19.6673 0.0000 1650400351078 1732082.0000 -0.1969
-9.0998 77.2016 -19.6673 0.0000 1650400351132 1732136.0000 -0.1974
-9.0998 77.2016 -19.6673 0.0000 1650400351186 1732190.0000 -0.1974
-9.0998 77.2016 -19.6673 0.0000 1650400351241 1732244.0000 -0.1974
-9.0998 80.7241 -20.2544 0.0000 1650400351293 1732298.0000 -0.1969
-9.0998 80.7241 -21.4286 0.0000 1650400351347 1732352.0000 -0.1969
-9.0998 80.7241 -22.6027 0.0000 1650400351401 1732406.0000 -0.1969
-9.0998 77.2016 -26.1252 0.0000 1650400351455 1732460.0000 -0.1969
-9.0998 77.2016 -27.2994 0.0000 1650400351509 1732514.0000 -0.1974
-9.0998 77.2016 -28.4736 0.0000 1650400351563 1732568.0000 -0.1974
-9.6869 77.2016 -29.6477 0.0000 1650400351617 1732622.0000 -0.1969
-9.6869 77.2016 -29.0607 0.0000 1650400351672 1732676.0000 -0.1969
-9.6869 80.7241 -30.2348 0.0000 1650400351726 1732730.0000 -0.1969
-9.6869 77.2016 -31.4090 0.0000 1650400351780 1732784.0000 -0.1965
-9.6869 77.2016 -32.5832 0.0000 1650400351834 1732838.0000 -0.1965
-9.6869 80.1370 -33.7573 0.0000 1650400351886 1732891.0000 -0.1965
-9.6869 77.2016 -37.2798 0.0000 1650400351940 1732945.0000 -0.1965
-9.6869 80.1370 -36.1057 0.0000 1650400351994 1732999.0000 -0.1965
-9.6869 77.2016 -37.2798 0.0000 1650400352049 1733053.0000 -0.1969
-9.6869 80.1370 -37.8669 0.0000 1650400352103 1733107.0000 -0.1969
-9.6869 80.1370 -39.0411 0.0000 1650400352157 1733161.0000 -0.1965
-9.6869 76.6145 -41.9765 0.0000 1650400352211 1733215.0000 -0.1969
-9.6869 80.1370 -42.5636 0.0000 1650400352265 1733269.0000 -0.1969
-9.6869 80.1370 -43.1507 0.0000 1650400352319 1733323.0000 -0.1969
-9.6869 80.1370 -41.3894 0.0000 1650400352373 1733377.0000 -0.1965
-9.6869 80.1370 -41.9765 0.0000 1650400352428 1733431.0000 -0.1965
-9.6869 80.1370 -41.9765 0.0000 1650400352480 1733485.0000 -0.1965
-9.6869 80.1370 -41.9765 0.0000 1650400352534 1733539.0000 -0.1965
-9.6869 80.1370 -42.5636 0.0000 1650400352588 1733593.0000 -0.1969
-9.6869 80.1370 -44.3249 0.0000 1650400352642 1733647.0000 -0.1969
-9.6869 80.1370 -44.3249 0.0000 1650400352696 1733701.0000 -0.1965
-9.6869 80.1370 -43.7378 0.0000 1650400352750 1733755.0000 -0.1969
-9.6869 76.6145 -43.7378 0.0000 1650400352805 1733809.0000 -0.1969
-9.6869 76.6145 -43.1507 0.0000 1650400352859 1733863.0000 -0.1969
-9.6869 76.6145 -42.5636 0.0000 1650400352913 1733917.0000 -0.1965
-9.6869 76.6145 -41.9765 0.0000 1650400352967 1733971.0000 -0.1960
