-13.9335 76.1811 -36.5225 53.6117 1650405535367 931110.0000 -0.1965
-14.2241 76.1133 -36.4600 51.1611 1650405535421 931164.0000 -0.1965
-14.1307 76.0942 -36.4355 52.0192 1650405535475 931218.0000 -0.1965
-13.6980 76.0249 -36.5111 50.1083 1650405535529 931272.0000 -0.1969
-14.2848 75.8404 -36.4164 56.7086 1650405535582 931326.0000 -0.1969
-14.1224 75.9867 -36.3822 56.6006 1650405535636 931380.0000 -0.1965
-13.9023 75.9694 -36.5069 55.9583 1650405535690 931434.0000 -0.1969
-14.0325 75.9168 -36.3654 61.0371 1650405535744 931488.0000 -0.1969
-14.0225 75.8285 -36.3982 55.2545 1650405535798 931542.0000 -0.1965
-14.2509 75.8538 -36.2906 56.9606 1650405535852 931596.0000 -0.1965
-13.7417 75.8783 -36.3961 58.0783 1650405535906 931650.0000 -0.1965
-13.9209 75.8662 -36.4117 56.9153 1650405535960 931704.0000 -0.1969
-13.8724 75.5898 -36.4909 59.7416 1650405536015 931758.0000 -0.1969
-14.0606 75.7852 -36.5414 51.8218 1650405536069 931811.0000 -0.1974
-13.9642 75.8813 -36.4457 56.2436 1650405536123 931865.0000 -0.1969
-13.8573 75.6663 -36.5275 55.0399 1650405536175 931919.0000 -0.1965
-13.7324 75.6916 -36.5402 55.6456 1650405536229 931973.0000 -0.1969
-14.0053 75.7937 -36.4571 61.4893 1650405536283 932027.0000 -0.1974
-13.8644 75.8078 -36.5313 47.4664 1650405536337 932081.0000 -0.1969
-13.8485 75.7283 -36.4758 55.1244 1650405536392 932135.0000 -0.1969
-14.0328 75.7904 -36.5299 60.5383 1650405536446 932189.0000 -0.1969
-13.7948 75.8529 -36.5991 55.7878 1650405536500 932243.0000 -0.1969
-13.9453 75.7286 -36.3970 54.7493 1650405536554 932297.0000 -0.1969
-13.8605 75.7085 -36.4627 50.1540 1650405536608 932351.0000 -0.1974
-14.1450 75.7686 -36.4150 53.3223 1650405536662 932405.0000 -0.1974
-13.7731 75.9133 -36.5744 60.6872 1650405536717 932459.0000 -0.1969
-13.6941 75.7957 -36.5077 60.2244 1650405536770 932513.0000 -0.1974
-14.0939 76.0216 -36.4383 64.7180 1650405536823 932567.0000 -0.1974
-13.8370 76.0172 -36.5369 45.1153 1650405536877 932621.0000 -0.1969
-14.2144 75.9478 -36.4807 52.2948 1650405536931 932675.0000 -0.1969
-14.1661 75.9379 -36.4664 54.0349 1650405536985 932729.0000 -0.1969
-14.0823 75.7575 -36.4630 52.1160 1650405537039 932783.0000 -0.1969
-14.0554 76.1200 -36.4165 61.6747 1650405537093 932837.0000 -0.1969
-13.7635 76.0377 -36.5361 51.9911 1650405537148 932891.0000 -0.1974
-14.0702 76.0735 -36.4427 48.8280 1650405537202 932945.0000 -0.1974
-14.1466 75.9500 -36.4222 55.1208 1650405537256 932999.0000 -0.1969
-14.3586 76.0422 -36.4372 61.1865 1650405537310 933053.0000 -0.1969
-14.2003 75.9344 -36.4254 55.6647 1650405537364 933107.0000 -0.1969
-13.8929 76.1169 -36.5767 59.0364 1650405537416 933160.0000 -0.1965
-14.2226 76.0644 -36.4711 56.8630 1650405537470 933214.0000 -0.1965
-13.8804 75.9332 -36.4582 50.9462 1650405537525 933268.0000 -0.1969
-13.8883 75.9594 -36.3675 52.4975 1650405537579 933322.0000 -0.1969
-14.3315 76.0407 -36.3740 57.7059 1650405537633 933376.0000 -0.1969
-14.2921 76.0870 -36.4816 63.8542 1650405537687 933430.0000 -0.1969
-13.5072 76.2048 -35.2988 55.5871 1650405537741 933484.0000 -0.1969
-12.7859 76.7039 -34.2109 67.9964 1650405537795 933538.0000 -0.1965
-12.8975 76.5401 -32.8481 86.3883 1650405537849 933592.0000 -0.1969
-12.9731 76.5902 -31.4855 65.5970 1650405537903 933646.0000 -0.1969
-13.2928 76.4394 -30.1565 70.0180 1650405537958 933700.0000 -0.1965
-13.4502 76.5267 -28.9531 52.0443 1650405538010 933754.0000 -0.1965
-16.3333 76.0825 -28.2715 44.3373 1650405538064 933808.0000 -0.1965
-13.4259 76.5102 -28.6514 46.6260 1650405538118 933862.0000 -0.1965
-14.5239 76.4476 -28.7938 41.8017 1650405538172 933916.0000 -0.1965
-13.7708 76.3963 -28.7995 38.1267 1650405538226 933970.0000 -0.1969
-15.6959 76.2900 -28.3517 35.6210 1650405538280 934024.0000 -0.1965
-15.6359 76.2860 -28.3004 46.8521 1650405538334 934078.0000 -0.1960
-14.3016 76.6288 -28.7463 38.9472 1650405538389 934132.0000 -0.1969
-14.6249 76.3431 -28.7964 44.1953 1650405538443 934186.0000 -0.1969
-15.5977 76.5660 -28.4011 36.6765 1650405538497 934240.0000 -0.1965
-15.8204 76.3066 -28.4154 40.1878 1650405538551 934294.0000 -0.1965
-15.6899 76.3220 -28.4934 59.2889 1650405538605 934348.0000 -0.1965
-15.8614 76.8476 -28.3843 45.8018 1650405538658 934402.0000 -0.1965
-15.6820 76.5781 -28.6548 44.7521 1650405538711 934456.0000 -0.1965
-16.0323 76.7087 -28.3420 59.3048 1650405538766 934509.0000 -0.1969
-16.1179 76.7627 -28.4270 48.1787 1650405538820 934563.0000 -0.1969
-16.0144 76.5368 -28.3819 55.0473 1650405538874 934617.0000 -0.1965
-14.3182 76.5623 -28.7981 45.1874 1650405538928 934671.0000 -0.1969
-16.0122 76.7673 -28.5335 52.1479 1650405538982 934725.0000 -0.1969
-14.1897 76.7971 -28.8607 48.4753 1650405539036 934779.0000 -0.1965
-14.3641 76.7032 -28.8399 54.3773 1650405539091 934833.0000 -0.1965
-14.5508 76.6646 -28.8039 54.8483 1650405539145 934887.0000 -0.1965
-15.6695 76.6363 -28.3990 50.9895 1650405539199 934941.0000 -0.1965
-15.8828 76.7062 -28.5222 60.1234 1650405539251 934995.0000 -0.1965
-14.4627 76.6494 -28.7403 51.9125 1650405539305 935049.0000 -0.1965
-16.0601 77.0335 -28.4073 44.7819 1650405539359 935103.0000 -0.1965
-13.1545 76.7723 -30.4187 54.0514 1650405539413 935157.0000 -0.1960
-12.8622 76.7972 -31.7253 76.9624 1650405539468 935211.0000 -0.1965
-13.1376 75.7954 -33.0338 44.3707 1650405539522 935265.0000 -0.1965
-13.1718 76.0463 -34.0595 49.4847 1650405539576 935319.0000 -0.1960
-13.3546 75.8738 -35.4925 45.8079 1650405539630 935373.0000 -0.1955
-13.5136 75.7700 -36.6773 53.9288 1650405539684 935427.0000 -0.1955
-13.2178 75.9030 -38.1249 46.3843 1650405539738 935481.0000 -0.1960
-13.2831 75.5371 -39.1960 37.9776 1650405539792 935535.0000 -0.1960
-13.3775 75.2686 -40.5565 46.9665 1650405539846 935589.0000 -0.1960
-13.6125 75.1636 -41.6648 43.9606 1650405539899 935643.0000 -0.1960
-12.8367 75.2851 -43.1934 43.2011 1650405539953 935697.0000 -0.1955
-13.1028 74.9235 -44.2124 45.4601 1650405540007 935751.0000 -0.1960
-13.9701 75.2835 -44.9014 50.3223 1650405540061 935805.0000 -0.1960
-12.9070 74.8293 -46.2263 53.6415 1650405540115 935858.0000 -0.1955
-13.8705 75.1205 -47.2375 53.7170 1650405540169 935912.0000 -0.1955
-12.6406 75.3152 -47.0591 52.5153 1650405540223 935966.0000 -0.1960
-13.0450 74.9848 -48.3673 44.5857 1650405540278 936020.0000 -0.1955
-12.8841 74.7403 -49.3632 40.6827 1650405540332 936074.0000 -0.1960
-12.9317 74.8382 -50.0535 47.5851 1650405540386 936128.0000 -0.1960
-12.8342 75.0631 -50.6917 50.2098 1650405540440 936182.0000 -0.1960
-12.5429 74.9626 -50.4563 43.7546 1650405540492 936236.0000 -0.1960
-12.7615 75.1698 -51.3044 43.2755 1650405540546 936290.0000 -0.1965
-12.8173 74.9919 -50.9653 56.0908 1650405540601 936344.0000 -0.1960
-13.1653 75.3298 -51.2774 45.6206 1650405540654 936398.0000 -0.1955
-13.3455 75.2044 -51.3611 46.3115 1650405540709 936452.0000 -0.1960
-13.4671 75.2148 -51.2240 61.3358 1650405540763 936506.0000 -0.1960
-13.8020 75.1251 -51.2588 45.0586 1650405540817 936560.0000 -0.1960
-13.1635 75.2358 -50.7756 54.3008 1650405540871 936614.0000 -0.1960
-12.9472 75.3322 -50.9702 67.6453 1650405540925 936668.0000 -0.1965
-12.7478 75.3442 -50.0725 69.1187 1650405540980 936722.0000 -0.1960
-12.7344 75.3804 -49.7436 76.1133 1650405541034 936776.0000 -0.1960
-12.7484 75.2655 -49.0194 67.1752 1650405541088 936830.0000 -0.1965
-12.6678 75.2531 -48.3248 76.0985 1650405541140 936884.0000 -0.1960
-12.5066 75.4748 -46.9730 66.1271 1650405541194 936938.0000 -0.1960
-12.6652 75.4356 -46.1001 57.3639 1650405541248 936992.0000 -0.1960
-12.8801 75.3864 -45.2582 55.5473 1650405541302 937046.0000 -0.1960
-12.8560 75.5549 -44.1066 63.6274 1650405541356 937100.0000 -0.1960
-13.1681 75.4980 -43.1213 49.8863 1650405541411 937154.0000 -0.1965
-12.8494 75.5915 -41.6011 51.9257 1650405541465 937208.0000 -0.1965
-12.8606 75.8986 -40.4453 49.3017 1650405541519 937261.0000 -0.1960
-13.1546 75.8952 -39.0376 51.7507 1650405541573 937315.0000 -0.1960
-13.1992 75.9322 -38.1044 48.3718 1650405541627 937369.0000 -0.1965
-13.3438 75.8206 -36.7700 53.8423 1650405541681 937423.0000 -0.1965
-13.5111 76.0327 -35.4528 43.7456 1650405541733 937477.0000 -0.1960
-13.6120 75.9997 -34.0337 47.2712 1650405541787 937531.0000 -0.1960
-13.5906 76.1086 -33.0602 44.8911 1650405541842 937585.0000 -0.1960
-13.8122 76.1400 -31.6967 42.3739 1650405541896 937639.0000 -0.1965
-14.0410 75.9127 -30.2822 42.7824 1650405541950 937693.0000 -0.1965
-13.5103 76.1946 -29.2219 59.2399 1650405542004 937747.0000 -0.1965
-13.8024 76.1060 -28.5903 46.0960 1650405542058 937801.0000 -0.1960
-16.0518 76.4634 -28.2357 44.4583 1650405542112 937855.0000 -0.1960
-14.5334 76.3781 -28.7109 39.1743 1650405542166 937909.0000 -0.1965
-14.2934 76.2698 -28.8025 35.8584 1650405542221 937963.0000 -0.1960
-15.7143 76.1849 -28.4093 38.1193 1650405542275 938017.0000 -0.1955
-15.6657 76.1515 -28.4177 40.0522 1650405542327 938071.0000 -0.1955
-14.3893 76.5668 -28.9621 43.3472 1650405542381 938125.0000 -0.1955
-14.3635 76.0689 -28.9721 39.5058 1650405542435 938179.0000 -0.1955
-15.6415 76.1329 -28.4527 44.8730 1650405542489 938233.0000 -0.1960
-14.7832 76.0076 -28.7172 48.4974 1650405542544 938287.0000 -0.1960
-14.1603 75.9134 -28.9330 36.7299 1650405542597 938341.0000 -0.1955
-15.5993 76.1495 -28.6560 46.1391 1650405542652 938395.0000 -0.1955
-14.4598 76.3368 -29.0345 40.2352 1650405542706 938449.0000 -0.1960
-15.8001 76.0695 -28.5469 43.6876 1650405542760 938503.0000 -0.1955
-15.6439 76.2213 -28.7017 42.9804 1650405542814 938557.0000 -0.1955
-14.5446 76.4999 -28.9273 50.7870 1650405542868 938610.0000 -0.1955
-15.5299 76.4154 -28.5456 54.4531 1650405542923 938664.0000 -0.1955
-15.7026 76.4342 -28.5933 45.7671 1650405542975 938718.0000 -0.1960
-14.6099 76.3959 -28.8652 45.1409 1650405543029 938772.0000 -0.1960
-14.2864 76.0704 -28.9122 43.7297 1650405543083 938826.0000 -0.1960
-15.9406 76.5528 -28.3776 50.8399 1650405543137 938880.0000 -0.1955
-14.5643 76.3410 -28.7892 46.2057 1650405543191 938934.0000 -0.1955
-15.3294 76.4864 -28.5342 42.8497 1650405543245 938988.0000 -0.1955
-14.5359 76.5173 -28.9223 45.7626 1650405543299 939042.0000 -0.1950
-14.2312 76.4143 -28.8678 49.5697 1650405543354 939096.0000 -0.1950
-13.8521 76.5323 -29.9827 49.3579 1650405543408 939150.0000 -0.1955
-12.8505 76.4739 -31.3123 54.2743 1650405543462 939204.0000 -0.1950
-13.1619 76.1740 -32.5186 48.6982 1650405543516 939258.0000 -0.1960
-12.7628 76.2565 -33.4987 35.8617 1650405543568 939312.0000 -0.1960
-13.2053 75.9215 -34.7841 48.8858 1650405543622 939366.0000 -0.1955
-13.2568 75.9265 -36.1087 51.4041 1650405543676 939420.0000 -0.1950
-13.6001 75.6919 -37.2974 46.8873 1650405543730 939474.0000 -0.1955
-13.1957 75.6811 -38.6932 47.6865 1650405543785 939528.0000 -0.1955
-13.3591 75.4080 -39.9053 44.9040 1650405543839 939582.0000 -0.1950
-13.1114 75.1525 -41.1523 46.6084 1650405543893 939636.0000 -0.1950
-13.1890 75.1940 -42.3747 51.9007 1650405543947 939690.0000 -0.1950
-13.2468 75.2975 -43.2180 47.6830 1650405544001 939744.0000 -0.1955
-13.3714 75.1131 -44.5475 49.4995 1650405544055 939798.0000 -0.1955
-13.7677 75.1098 -45.3720 54.8821 1650405544109 939852.0000 -0.1960
-13.6341 74.8574 -46.4657 40.4559 1650405544164 939906.0000 -0.1955
-13.9420 75.0562 -47.5127 44.9610 1650405544216 939959.0000 -0.1950
-13.7413 74.8453 -48.4227 46.5373 1650405544270 940013.0000 -0.1955
-13.0084 75.2312 -48.9496 46.3213 1650405544324 940067.0000 -0.1955
-12.6818 75.0352 -49.2201 53.4126 1650405544378 940121.0000 -0.1950
-12.8050 75.0833 -50.0696 38.1086 1650405544432 940175.0000 -0.1950
-12.9421 74.9935 -50.7858 43.9215 1650405544487 940229.0000 -0.1950
-12.7819 75.2527 -50.5893 52.2115 1650405544540 940283.0000 -0.1950
-13.1341 74.9053 -51.2437 42.5496 1650405544595 940337.0000 -0.1955
-13.1551 75.0182 -51.3881 48.7146 1650405544649 940391.0000 -0.1955
-13.3815 75.1596 -51.5346 52.5928 1650405544703 940445.0000 -0.1950
-13.4868 75.4177 -51.2875 46.3488 1650405544757 940499.0000 -0.1945
-13.8395 75.1767 -51.2941 49.7278 1650405544809 940553.0000 -0.1950
-13.5249 75.3144 -51.0633 68.4944 1650405544864 940607.0000 -0.1955
-13.0320 75.3974 -50.6842 56.6952 1650405544918 940661.0000 -0.1950
-12.9064 75.3213 -50.0904 60.8184 1650405544972 940715.0000 -0.1950
-12.9450 75.3869 -49.9908 66.5236 1650405545026 940769.0000 -0.1950
-12.8189 75.3985 -49.2675 57.1460 1650405545080 940823.0000 -0.1950
-12.7235 75.3847 -48.6638 56.1560 1650405545134 940877.0000 -0.1950
-12.7209 75.4890 -47.6222 56.0124 1650405545188 940931.0000 -0.1955
-12.7621 75.5459 -46.8867 59.3935 1650405545242 940985.0000 -0.1950
-12.8256 75.3724 -45.6047 55.4438 1650405545297 941039.0000 -0.1950
-12.8120 75.3908 -44.7518 64.4834 1650405545351 941093.0000 -0.1955
-13.0241 75.6157 -43.7473 62.2909 1650405545405 941147.0000 -0.1955
-12.7941 75.5454 -42.4228 62.9441 1650405545457 941201.0000 -0.1950
-13.0104 75.7671 -40.8699 66.4982 1650405545511 941255.0000 -0.1950
-13.0272 75.8915 -39.7846 59.2277 1650405545565 941308.0000 -0.1950
-13.3116 75.8175 -38.5469 51.3698 1650405545619 941362.0000 -0.1950
-13.7098 75.8920 -37.3635 55.4172 1650405545673 941416.0000 -0.1955
-13.4973 75.9268 -36.0286 36.2807 1650405545728 941470.0000 -0.1955
-13.4046 75.9313 -34.9075 57.7371 1650405545782 941524.0000 -0.1955
-14.5519 76.1476 -33.4260 48.1520 1650405545836 941578.0000 -0.1950
-13.8217 75.9266 -32.2790 50.2973 1650405545890 941632.0000 -0.1955
-13.6490 76.1985 -31.1214 51.9427 1650405545944 941686.0000 -0.1955
-13.3278 76.4022 -29.8437 57.6905 1650405545998 941740.0000 -0.1950
-13.4094 76.5885 -28.8602 50.6789 1650405546050 941794.0000 -0.1950
-13.8658 76.1829 -28.6248 38.3168 1650405546104 941848.0000 -0.1950
-14.0973 76.2631 -28.7751 46.1963 1650405546159 941902.0000 -0.1950
-15.6521 76.4609 -28.4206 48.8018 1650405546213 941956.0000 -0.1950
-15.7292 76.1609 -28.4089 48.8600 1650405546267 942010.0000 -0.1950
-15.7537 76.1910 -28.4124 48.6622 1650405546321 942064.0000 -0.1945
-15.4616 76.1461 -28.4379 42.8458 1650405546375 942118.0000 -0.1945
-15.7935 76.1015 -28.4439 39.0199 1650405546430 942172.0000 -0.1950
-15.8774 76.3473 -28.3888 47.5043 1650405546483 942226.0000 -0.1945
-15.7066 76.3778 -28.4257 42.4183 1650405546538 942280.0000 -0.1940
-15.3040 76.0446 -28.4947 48.2900 1650405546592 942334.0000 -0.1940
-14.1370 76.0838 -28.9135 46.9432 1650405546646 942388.0000 -0.1940
-13.8799 75.8377 -28.9159 46.9729 1650405546698 942442.0000 -0.1940
-15.7134 76.1954 -28.4634 49.4973 1650405546752 942496.0000 -0.1940
-15.6816 76.4344 -28.5193 46.1366 1650405546806 942550.0000 -0.1945
-14.6221 76.2211 -28.8605 48.9316 1650405546861 942604.0000 -0.1945
-15.8347 76.3229 -28.4894 43.4300 1650405546915 942657.0000 -0.1940
-15.7178 76.2628 -28.5225 52.4430 1650405546969 942711.0000 -0.1955
-14.5453 76.2758 -28.8386 46.4933 1650405547023 942765.0000 -0.1969
-14.5379 76.5423 -28.9435 46.5985 1650405547077 942819.0000 -0.1979
-14.3623 76.3988 -28.9123 51.0869 1650405547131 942873.0000 -0.1989
-14.4434 76.0788 -28.7428 45.2862 1650405547185 942927.0000 -0.1994
-14.5318 76.2787 -28.9029 43.6029 1650405547240 942981.0000 -0.1994
-14.4522 76.4336 -28.9740 54.7964 1650405547292 943035.0000 -0.1999
-14.3721 76.5878 -28.9654 51.3376 1650405547346 943089.0000 -0.1999
-13.4474 76.5007 -28.9743 63.2228 1650405547400 943143.0000 -0.1999
-12.9512 76.5462 -30.3912 44.7089 1650405547454 943197.0000 -0.1994
-12.8704 76.4537 -31.7991 60.0722 1650405547508 943251.0000 -0.1999
-13.1458 76.1117 -33.1872 52.1757 1650405547562 943305.0000 -0.1999
-13.4992 76.0220 -34.2669 50.5617 1650405547616 943359.0000 -0.1994
-13.6263 76.0070 -35.4164 55.8100 1650405547671 943413.0000 -0.1999
-13.3994 75.4757 -36.7246 49.5297 1650405547725 943467.0000 -0.1999
-14.3384 75.6165 -37.6917 44.4980 1650405547779 943521.0000 -0.1999
-13.4384 75.4439 -39.1099 47.0750 1650405547833 943575.0000 -0.1999
-13.3602 75.2323 -40.3805 49.0595 1650405547885 943629.0000 -0.1999
-13.2142 75.0895 -41.6474 44.8198 1650405547939 943683.0000 -0.1999
-13.1248 75.2991 -42.9348 49.4626 1650405547993 943737.0000 -0.1994
-13.0225 75.2049 -44.1202 48.7831 1650405548047 943791.0000 -0.1999
-13.3354 74.9684 -45.2398 39.4336 1650405548102 943845.0000 -0.1999
-12.8287 74.9883 -46.0732 52.9521 1650405548156 943899.0000 -0.1994
-13.6081 74.8613 -47.0457 41.8144 1650405548210 943953.0000 -0.1994
-13.2332 74.9004 -47.9561 38.4653 1650405548264 944007.0000 -0.1994
-12.9996 74.9785 -48.9454 46.8560 1650405548318 944060.0000 -0.1994
-12.9634 75.2085 -48.4957 39.8508 1650405548373 944114.0000 -0.1999
-13.0906 74.9966 -49.9779 47.1656 1650405548426 944168.0000 -0.1999
-12.6804 75.2077 -50.1155 42.9364 1650405548481 944222.0000 -0.1999
-12.6263 75.2197 -50.5151 38.7411 1650405548533 944276.0000 -0.1994
-12.9547 75.0066 -50.9927 47.8284 1650405548587 944330.0000 -0.1999
-12.8589 75.2083 -51.1358 47.3307 1650405548641 944384.0000 -0.1994
-13.1987 75.0011 -51.4199 57.1013 1650405548695 944438.0000 -0.1994
-13.2667 75.2350 -51.1447 54.3688 1650405548750 944492.0000 -0.1994
-13.6601 75.2951 -51.4655 45.9163 1650405548804 944546.0000 -0.1994
-13.2665 75.2481 -51.2627 59.2816 1650405548858 944600.0000 -0.1994
-13.2080 75.2253 -51.2793 48.7556 1650405548912 944654.0000 -0.1999
-13.4953 75.3736 -50.7556 59.0812 1650405548966 944708.0000 -0.1999
-12.8028 75.1924 -50.5349 59.7230 1650405549020 944762.0000 -0.1999
-12.7428 75.3044 -49.4158 73.5237 1650405549074 944816.0000 -0.1999
-12.6745 75.3641 -49.1554 80.6550 1650405549126 944870.0000 -0.2004
-12.7229 75.4307 -48.3092 77.3434 1650405549181 944924.0000 -0.1999
-12.8930 75.4294 -47.3675 69.9356 1650405549235 944978.0000 -0.1994
-12.9183 75.4986 -45.9850 79.9797 1650405549289 945032.0000 -0.1999
-13.0207 75.5162 -45.1325 46.4840 1650405549343 945086.0000 -0.1999
-12.8264 75.5751 -43.9857 57.3558 1650405549397 945140.0000 -0.1999
-12.9972 75.5173 -43.0770 59.0196 1650405549451 945194.0000 -0.1999
-12.8970 75.6899 -41.6800 59.1700 1650405549505 945248.0000 -0.2004
-13.0592 75.8203 -40.5481 47.7737 1650405549559 945302.0000 -0.1999
-13.1845 75.7345 -39.2008 51.9490 1650405549614 945356.0000 -0.1999
-13.2960 76.0373 -38.0701 46.7661 1650405549668 945409.0000 -0.1999
-13.2710 76.0841 -36.9942 45.4288 1650405549722 945463.0000 -0.1999
-13.6677 76.0190 -35.6597 40.8103 1650405549774 945517.0000 -0.1999
-13.4409 76.0182 -34.4569 59.6798 1650405549828 945571.0000 -0.1999
-13.9704 76.1547 -33.0859 46.5667 1650405549882 945625.0000 -0.1999
-13.4268 76.2411 -31.9013 42.5549 1650405549936 945679.0000 -0.1999
-13.4301 76.3179 -30.6009 50.9067 1650405549990 945733.0000 -0.1999
-14.5086 76.5075 -29.1936 39.2662 1650405550045 945787.0000 -0.2004
-15.8716 76.3682 -28.2018 44.7730 1650405550099 945841.0000 -0.1999
-15.9773 76.4390 -27.9965 37.9328 1650405550153 945895.0000 -0.1999
-15.9556 76.5955 -28.1563 43.5019 1650405550207 945949.0000 -0.2004
-15.9187 76.3141 -28.3469 41.8615 1650405550261 946003.0000 -0.1999
-16.0166 76.0485 -28.3982 39.3398 1650405550316 946057.0000 -0.1999
-15.0650 76.2129 -28.6621 39.2397 1650405550368 946111.0000 -0.1999
-13.6937 76.1444 -28.9156 40.7596 1650405550422 946165.0000 -0.1999
-15.6572 76.3768 -28.5788 50.3682 1650405550476 946219.0000 -0.1994
-15.6927 76.4125 -28.4433 45.4835 1650405550530 946273.0000 -0.1999
-13.5582 76.0278 -28.9748 47.5250 1650405550584 946327.0000 -0.1999
-13.9996 76.4658 -28.9634 45.9903 1650405550638 946381.0000 -0.1994
-14.1633 76.4155 -28.8718 46.4719 1650405550692 946435.0000 -0.1999
-15.8993 76.4916 -28.4315 43.4103 1650405550747 946489.0000 -0.2004
-15.5325 76.3505 -28.5249 52.9684 1650405550801 946543.0000 -0.1999
-13.7596 76.3177 -29.0477 43.7258 1650405550855 946597.0000 -0.1999
-13.9582 76.2846 -29.0048 56.4516 1650405550909 946651.0000 -0.1999
-14.4069 76.3201 -28.8107 42.7018 1650405550963 946705.0000 -0.1999
-14.5941 76.4775 -28.8762 45.6714 1650405551015 946758.0000 -0.1999
-14.6206 76.6818 -28.8086 45.7884 1650405551069 946812.0000 -0.2004
-13.7393 76.5603 -29.0868 44.1552 1650405551124 946866.0000 -0.2004
-13.8779 76.3094 -29.1242 49.1379 1650405551178 946920.0000 -0.1999
-15.5275 76.3949 -28.6095 48.8783 1650405551232 946974.0000 -0.2004
-13.9185 76.2559 -28.9083 40.7401 1650405551286 947028.0000 -0.2009
-13.8493 76.1149 -29.0222 46.3622 1650405551340 947082.0000 -0.2004
-14.2878 76.5019 -29.0015 43.4063 1650405551394 947136.0000 -0.2004
-13.3637 76.6244 -29.9324 57.8410 1650405551448 947190.0000 -0.2004
-12.9106 76.7266 -31.2379 52.2358 1650405551502 947244.0000 -0.1999
-12.9352 76.0247 -32.3326 45.2871 1650405551557 947298.0000 -0.1999
-13.5110 76.3757 -33.4004 49.2117 1650405551609 947352.0000 -0.2004
-13.3240 76.1573 -34.7424 49.1449 1650405551663 947406.0000 -0.2009
-13.5029 75.6523 -36.0338 44.9530 1650405551717 947460.0000 -0.2004
-13.2194 75.5683 -37.3174 51.1006 1650405551771 947514.0000 -0.2004
-13.2566 75.8408 -38.5255 49.7014 1650405551825 947568.0000 -0.2009
-13.2754 75.2863 -39.6298 43.1191 1650405551879 947622.0000 -0.2009
-13.2691 75.2057 -41.0408 49.8627 1650405551934 947676.0000 -0.2004
-13.1918 75.0225 -42.3174 52.5274 1650405551988 947730.0000 -0.2004
-13.2475 75.1055 -43.4565 50.0362 1650405552042 947784.0000 -0.2004
-12.8953 75.0940 -44.6579 64.7404 1650405552096 947838.0000 -0.2009
-13.1489 74.8012 -45.7969 47.4771 1650405552150 947892.0000 -0.2009
-12.9230 74.9521 -46.6756 41.6458 1650405552204 947946.0000 -0.2009
-13.1551 74.8437 -47.4679 38.3668 1650405552257 948000.0000 -0.2004
-13.0159 74.8760 -48.6956 57.3244 1650405552310 948054.0000 -0.2009
-12.8997 74.7760 -49.4671 48.2043 1650405552365 948107.0000 -0.2009
-12.7012 74.8392 -49.7626 49.5939 1650405552419 948161.0000 -0.2004
-12.6701 74.8951 -50.0007 47.9423 1650405552473 948215.0000 -0.2004
-12.6803 74.9560 -51.0210 42.4310 1650405552527 948269.0000 -0.2004
-12.5806 75.0864 -50.9021 44.0400 1650405552581 948323.0000 -0.2009
-12.7657 74.9881 -51.2708 44.2232 1650405552636 948377.0000 -0.2009
-12.8582 75.2344 -51.3541 46.1880 1650405552690 948431.0000 -0.2009
-12.8840 75.1638 -51.4012 66.1371 1650405552744 948485.0000 -0.2009
-12.8917 75.3476 -51.3264 66.1443 1650405552798 948539.0000 -0.2009
-13.6374 75.1466 -51.4409 52.8158 1650405552850 948593.0000 -0.2013
-13.3969 75.0450 -51.1675 55.1477 1650405552904 948647.0000 -0.2013
-12.9723 75.4066 -50.9525 48.6068 1650405552958 948701.0000 -0.2009
-12.8729 75.2198 -50.6523 56.6437 1650405553012 948755.0000 -0.2004
-12.7119 75.2579 -50.1377 57.7732 1650405553067 948809.0000 -0.2009
-12.6225 75.3468 -49.1761 60.6458 1650405553121 948863.0000 -0.2009
-12.4259 75.4195 -48.6077 76.5185 1650405553175 948917.0000 -0.2009
-12.6283 75.3742 -47.8663 60.9673 1650405553229 948971.0000 -0.2013
-12.9383 75.4612 -46.8941 69.9134 1650405553283 949025.0000 -0.2013
-12.7350 75.5599 -45.5409 63.3941 1650405553337 949079.0000 -0.2009
-13.0944 75.3845 -44.7857 69.7858 1650405553391 949133.0000 -0.2013
-12.9626 75.5957 -43.5400 67.4594 1650405553443 949187.0000 -0.2013
-13.0229 75.4228 -42.2886 54.3422 1650405553498 949241.0000 -0.2009
-13.3093 75.8470 -41.1537 45.5835 1650405553552 949295.0000 -0.2009
-13.3370 75.7089 -39.7649 48.7999 1650405553606 949349.0000 -0.2009
-13.4400 75.8437 -38.7960 54.8364 1650405553660 949403.0000 -0.2013
-13.3081 75.9535 -37.5476 54.2868 1650405553714 949456.0000 -0.2013
-13.3172 76.0455 -36.3154 54.1800 1650405553768 949510.0000 -0.2013
-13.5375 76.0567 -35.0079 47.1608 1650405553822 949564.0000 -0.2013
-13.4920 76.0842 -33.6908 52.7468 1650405553877 949618.0000 -0.2009
-13.3775 76.0880 -32.6194 49.7476 1650405553931 949672.0000 -0.2013
-13.5603 76.3443 -31.1992 45.4404 1650405553985 949726.0000 -0.2013
-13.4300 76.3114 -30.0077 56.1468 1650405554039 949780.0000 -0.2013
-13.8259 76.2174 -28.7599 45.4085 1650405554091 949834.0000 -0.2009
-13.8522 76.0012 -28.5734 43.4891 1650405554145 949888.0000 -0.2013
-13.9248 75.8523 -28.7590 42.5853 1650405554199 949942.0000 -0.2013
-14.6463 76.4058 -28.7528 54.3522 1650405554254 949996.0000 -0.2013
-15.3155 76.4388 -28.4710 49.2954 1650405554308 950050.0000 -0.2018
-15.8349 76.2893 -28.4594 43.3616 1650405554362 950104.0000 -0.2018
-15.8761 76.2908 -28.4496 41.2341 1650405554416 950158.0000 -0.2013
-15.7853 76.3046 -28.4874 40.7019 1650405554470 950212.0000 -0.2018
-13.9201 76.2997 -28.8432 40.4221 1650405554524 950266.0000 -0.2018
-15.4356 76.3094 -28.5836 43.8878 1650405554578 950320.0000 -0.2013
-13.2703 76.1077 -29.0988 51.8926 1650405554633 950374.0000 -0.2013
-13.7759 76.2271 -29.0370 48.6495 1650405554685 950428.0000 -0.2018
-13.6181 76.4845 -28.9732 46.7334 1650405554739 950482.0000 -0.2018
-15.7497 76.5657 -28.5363 41.2061 1650405554793 950536.0000 -0.2018
-15.9863 76.4572 -28.4788 40.5880 1650405554847 950590.0000 -0.2023
-13.6358 76.1585 -28.8146 43.0807 1650405554901 950644.0000 -0.2018
-13.5560 76.3963 -29.0332 48.3250 1650405554955 950698.0000 -0.2018
-14.1230 76.4621 -28.8760 53.4908 1650405555009 950752.0000 -0.2023
-14.5602 76.9087 -28.8505 37.6577 1650405555064 950805.0000 -0.2023
-13.9778 76.7569 -28.9032 50.2201 1650405555118 950859.0000 -0.2018
-13.8304 75.9755 -28.9107 53.2328 1650405555172 950913.0000 -0.2018
-13.6940 76.2507 -28.9620 45.0713 1650405555226 950967.0000 -0.2018
-13.7584 76.5031 -28.9875 55.1138 1650405555281 951021.0000 -0.2023
-14.6839 76.3339 -28.8328 58.5382 1650405555332 951075.0000 -0.2023
-13.9185 76.3675 -29.0709 46.7533 1650405555386 951129.0000 -0.2028
-13.5725 76.5320 -29.3376 41.7033 1650405555441 951183.0000 -0.2023
-12.9485 76.4832 -30.4824 47.7193 1650405555495 951237.0000 -0.2023
-13.1199 76.6371 -31.8692 59.2864 1650405555549 951291.0000 -0.2028
-13.1334 75.7344 -32.8273 48.7180 1650405555603 951345.0000 -0.2023
-13.2961 76.0253 -34.1429 47.8835 1650405555657 951399.0000 -0.2018
-13.7759 75.9764 -35.2035 50.1188 1650405555711 951453.0000 -0.2023
-13.4358 75.7010 -36.5497 43.0125 1650405555766 951507.0000 -0.2023
-13.3372 75.6926 -37.9813 48.2913 1650405555820 951561.0000 -0.2023
-13.2244 75.5795 -39.2260 38.8084 1650405555874 951615.0000 -0.2028
-13.0894 75.4631 -40.5251 37.9684 1650405555926 951669.0000 -0.2028
-13.1132 75.2193 -41.6816 37.7792 1650405555980 951723.0000 -0.2028
-13.7975 75.1238 -42.6972 48.8185 1650405556034 951777.0000 -0.2028
-13.0359 75.3839 -44.0610 52.4204 1650405556088 951831.0000 -0.2028
-13.2106 74.7978 -45.1812 58.5867 1650405556142 951885.0000 -0.2028
-13.1574 74.9774 -46.3448 38.1034 1650405556197 951939.0000 -0.2023
-12.8738 74.8688 -47.2610 53.8935 1650405556251 951993.0000 -0.2023
-13.1407 74.8954 -48.1936 45.0522 1650405556305 952047.0000 -0.2023
-12.9608 74.9899 -48.2936 38.3793 1650405556359 952101.0000 -0.2023
-12.4853 75.2491 -48.9837 55.6953 1650405556413 952154.0000 -0.2028
-12.3680 75.0904 -49.9544 40.4632 1650405556467 952208.0000 -0.2033
-12.7308 75.0542 -50.4434 45.1817 1650405556519 952262.0000 -0.2028
-12.7785 74.9713 -50.6995 50.1214 1650405556574 952316.0000 -0.2028
-12.5287 74.9887 -50.6942 40.7183 1650405556628 952370.0000 -0.2028
-13.0360 75.2411 -51.3925 51.0678 1650405556682 952424.0000 -0.2028
-13.0896 75.0875 -51.6866 52.4132 1650405556736 952478.0000 -0.2023
-13.6758 75.2448 -51.2174 50.1680 1650405556790 952532.0000 -0.2023
-13.2942 75.2024 -51.4219 45.4694 1650405556844 952586.0000 -0.2023
-13.3415 75.2355 -51.1100 56.7950 1650405556898 952640.0000 -0.2023
-13.1736 75.2711 -50.9860 58.3797 1650405556952 952694.0000 -0.2023
-12.7873 75.3751 -50.3645 53.0520 1650405557007 952748.0000 -0.2028
-12.7783 75.1470 -50.2290 55.6646 1650405557061 952802.0000 -0.2023
-12.6673 75.3448 -49.4893 47.5446 1650405557115 952856.0000 -0.2023
-12.6295 75.3599 -48.9707 70.0683 1650405557167 952910.0000 -0.2028
-12.5238 75.3469 -48.3448 54.6348 1650405557221 952964.0000 -0.2028
-12.9026 75.4073 -47.1482 60.6026 1650405557275 953018.0000 -0.2023
-13.0408 75.3171 -46.4045 67.7355 1650405557329 953072.0000 -0.2028
-12.8124 75.5551 -45.3950 69.0726 1650405557384 953126.0000 -0.2028
-12.8736 75.5499 -43.9060 59.2879 1650405557438 953180.0000 -0.2028
-12.8513 75.5579 -42.9310 62.0103 1650405557492 953234.0000 -0.2028
-13.2128 75.7971 -41.6282 55.0370 1650405557546 953288.0000 -0.2028
-13.1431 75.6871 -40.5990 51.5880 1650405557600 953342.0000 -0.2023
-13.6524 75.6953 -39.3046 55.7700 1650405557654 953396.0000 -0.2023
-13.3928 76.0780 -38.2438 49.3653 1650405557709 953450.0000 -0.2028
-13.3312 75.8421 -36.9196 50.5159 1650405557761 953503.0000 -0.2028
-13.5928 76.0013 -35.6309 43.6622 1650405557815 953557.0000 -0.2023
-13.5165 76.2216 -34.3463 55.0377 1650405557869 953611.0000 -0.2023
-13.5852 76.1197 -33.1676 59.9193 1650405557923 953665.0000 -0.2023
-13.4787 76.2029 -31.8952 43.9144 1650405557977 953719.0000 -0.2023
-13.7001 76.2949 -30.6230 53.4374 1650405558031 953773.0000 -0.2023
-13.7264 76.2756 -29.5060 47.1437 1650405558086 953827.0000 -0.2023
-13.9422 76.3898 -28.5857 53.1719 1650405558140 953881.0000 -0.2023
-15.6656 76.3897 -28.3337 36.9734 1650405558194 953935.0000 -0.2023
-13.7795 76.1672 -28.9696 50.6322 1650405558248 953989.0000 -0.2023
-15.9992 76.3805 -28.3259 41.6882 1650405558302 954043.0000 -0.2023
-15.7712 76.3741 -28.4041 41.9066 1650405558356 954097.0000 -0.2018
-15.8788 76.2037 -28.3881 50.0207 1650405558408 954151.0000 -0.2018
-13.9691 76.5590 -28.9665 45.9734 1650405558462 954205.0000 -0.2018
-15.9864 76.1562 -28.3575 57.2150 1650405558517 954259.0000 -0.2018
-15.7348 76.5596 -28.4319 37.8908 1650405558571 954313.0000 -0.2023
-16.0076 76.1287 -28.2380 49.3484 1650405558625 954367.0000 -0.2028
-16.0698 76.0252 -28.3447 46.2279 1650405558679 954421.0000 -0.2023
-13.9077 75.9908 -28.9578 50.4168 1650405558733 954475.0000 -0.2028
-13.8168 76.2826 -28.8254 47.4319 1650405558787 954529.0000 -0.2028
-14.0279 76.3906 -28.8577 46.6408 1650405558841 954583.0000 -0.2023
-13.8591 76.1535 -28.9910 59.5079 1650405558895 954637.0000 -0.2023
-13.8595 76.3155 -29.0126 44.8801 1650405558950 954691.0000 -0.2023
-13.7401 76.7479 -28.9844 48.8269 1650405559002 954745.0000 -0.2023
-13.6925 76.3327 -28.8551 57.1655 1650405559056 954799.0000 -0.2023
-13.4902 76.5157 -28.9640 52.0877 1650405559110 954853.0000 -0.2028
-13.5686 76.3197 -28.9061 40.3915 1650405559164 954906.0000 -0.2028
-14.5698 76.3995 -28.8138 42.8279 1650405559218 954960.0000 -0.2023
-14.4329 76.6079 -28.8486 40.3276 1650405559272 955014.0000 -0.2023
-14.3608 76.2172 -28.7565 55.1768 1650405559327 955068.0000 -0.2028
-13.3069 76.5636 -29.0663 48.0429 1650405559381 955122.0000 -0.2028
-14.3159 76.3186 -28.7646 49.5684 1650405559435 955176.0000 -0.2023
-13.2750 76.6903 -29.8273 41.0938 1650405559489 955230.0000 -0.2023
-12.8765 76.5023 -31.2068 50.9540 1650405559543 955284.0000 -0.2023
-13.2111 76.3726 -32.3623 51.1993 1650405559597 955338.0000 -0.2028
-13.2865 76.1384 -33.5458 58.8174 1650405559650 955392.0000 -0.2028
-13.3379 76.0340 -34.7061 43.7714 1650405559703 955446.0000 -0.2028
-13.4400 75.6918 -36.0018 47.2237 1650405559758 955500.0000 -0.2023
-13.3059 75.7658 -37.4528 41.2035 1650405559812 955554.0000 -0.2028
-13.6928 75.4882 -38.5224 60.7232 1650405559866 955608.0000 -0.2023
-13.2119 75.8210 -39.8671 47.0101 1650405559920 955662.0000 -0.2023
-13.0869 75.4472 -41.1929 41.0040 1650405559974 955716.0000 -0.2018
-13.3093 75.2095 -42.3272 45.6751 1650405560029 955770.0000 -0.2023
-13.8170 75.0738 -43.3784 39.7894 1650405560083 955824.0000 -0.2018
-12.8809 75.1469 -44.6893 49.4694 1650405560137 955878.0000 -0.2018
-13.2602 74.9150 -45.5305 56.5342 1650405560191 955932.0000 -0.2023
-13.0468 74.9639 -46.8766 55.2456 1650405560243 955986.0000 -0.2023
-13.2916 74.8515 -47.6931 42.1043 1650405560297 956040.0000 -0.2018
-13.1810 74.7391 -48.6724 52.9252 1650405560351 956094.0000 -0.2023
-13.2260 74.7744 -49.2256 43.6168 1650405560405 956148.0000 -0.2023
-12.9065 74.7747 -49.8271 54.2048 1650405560460 956202.0000 -0.2018
-12.9322 74.6709 -50.2259 45.9897 1650405560514 956255.0000 -0.2018
-12.7307 75.1886 -50.5453 53.0491 1650405560568 956309.0000 -0.2018
-12.6010 74.6188 -51.1149 55.4399 1650405560622 956363.0000 -0.2018
-13.0132 74.9594 -51.1817 52.9504 1650405560676 956417.0000 -0.2018
-13.2602 75.3339 -51.3845 52.2918 1650405560730 956471.0000 -0.2023
-13.1545 75.3438 -51.5244 46.8416 1650405560784 956525.0000 -0.2023
-13.4120 75.2269 -51.5284 51.6039 1650405560838 956579.0000 -0.2018
-13.2609 75.4294 -51.5058 50.8404 1650405560891 956633.0000 -0.2028
-12.9509 75.4466 -51.0397 57.5212 1650405560945 956687.0000 -0.2023
-13.2562 75.4117 -50.9553 52.6318 1650405560999 956741.0000 -0.2018
-12.7699 75.4100 -50.6002 60.1700 1650405561053 956795.0000 -0.2018
-12.9383 75.0532 -50.1401 49.9393 1650405561107 956849.0000 -0.2018
-12.5167 75.2891 -49.1823 70.1464 1650405561161 956903.0000 -0.2023
-12.4483 75.4263 -48.7086 56.7234 1650405561215 956957.0000 -0.2023
-12.6713 75.4154 -47.7514 64.4110 1650405561270 957011.0000 -0.2023
-12.6429 75.5276 -46.6939 71.6036 1650405561324 957065.0000 -0.2023
-12.8890 75.4481 -46.0413 55.4197 1650405561378 957119.0000 -0.2013
-13.0593 75.6666 -44.8239 53.1163 1650405561432 957173.0000 -0.2018
-12.8870 75.5421 -43.5178 61.3560 1650405561484 957227.0000 -0.2023
-12.9585 75.5500 -42.4643 65.0162 1650405561538 957281.0000 -0.2013
-12.8715 75.5929 -41.2970 62.2062 1650405561593 957335.0000 -0.2013
-13.6020 75.7580 -39.9814 57.7519 1650405561647 957389.0000 -0.2013
-13.5620 75.7524 -38.8666 54.5300 1650405561701 957443.0000 -0.2018
-13.7542 75.9365 -37.5306 51.4621 1650405561755 957497.0000 -0.2018
-13.4719 75.9013 -36.2737 41.0963 1650405561809 957551.0000 -0.2018
-13.3132 75.9643 -35.0495 64.4917 1650405561863 957604.0000 -0.2018
-13.3549 76.0166 -33.7859 55.6109 1650405561917 957658.0000 -0.2013
-13.5274 76.1223 -32.4664 44.0853 1650405561972 957712.0000 -0.2018
-13.4767 76.2351 -31.4498 44.5406 1650405562026 957766.0000 -0.2018
-14.5035 76.2244 -29.8305 48.1176 1650405562078 957820.0000 -0.2013
-13.7515 76.3065 -28.8585 45.2187 1650405562132 957874.0000 -0.2013
-13.9914 75.7850 -28.5731 37.9024 1650405562186 957928.0000 -0.2013
-15.5517 76.5429 -28.3643 40.6757 1650405562240 957982.0000 -0.2013
-14.3255 76.3472 -28.6930 48.7771 1650405562294 958036.0000 -0.2018
-15.6033 76.2524 -28.4157 41.0280 1650405562348 958090.0000 -0.2018
-16.0615 76.1101 -28.3264 45.7139 1650405562403 958144.0000 -0.2018
-13.8376 76.3016 -28.8046 48.5814 1650405562457 958198.0000 -0.2013
-14.2462 75.9787 -28.7462 41.2764 1650405562511 958252.0000 -0.2023
-14.6496 76.4299 -28.6362 48.7249 1650405562565 958306.0000 -0.2018
-15.5824 76.2602 -28.4029 46.6504 1650405562619 958360.0000 -0.2013
-15.9646 76.1959 -28.2680 52.9482 1650405562673 958414.0000 -0.2013
-13.7864 75.8778 -28.9009 44.9536 1650405562725 958468.0000 -0.2013
-15.6917 76.2853 -28.3296 47.0227 1650405562779 958522.0000 -0.2013
-15.7682 76.5218 -28.2478 49.3214 1650405562834 958576.0000 -0.2013
-14.3137 76.4886 -28.7085 41.8367 1650405562888 958630.0000 -0.2018
-13.7871 76.3933 -28.9316 51.4196 1650405562942 958684.0000 -0.2018
-13.7652 76.2513 -28.7863 36.2984 1650405562996 958738.0000 -0.2013
-15.6794 76.5228 -28.3227 52.5870 1650405563050 958792.0000 -0.2018
-14.6198 76.4867 -28.6867 43.9541 1650405563104 958846.0000 -0.2013
-13.5338 76.3736 -29.0011 53.5857 1650405563158 958900.0000 -0.2013
-13.5867 76.2543 -28.9363 51.1989 1650405563213 958953.0000 -0.2013
-14.8145 76.4456 -28.6387 53.1194 1650405563267 959007.0000 -0.2013
-13.5481 76.3992 -28.9133 44.1104 1650405563319 959061.0000 -0.2013
-13.4532 76.5736 -28.9485 49.4426 1650405563373 959115.0000 -0.2018
-13.7864 76.6264 -28.8256 41.2616 1650405563427 959169.0000 -0.2018
-13.8912 76.6433 -29.1008 50.5338 1650405563481 959223.0000 -0.2018
-12.9683 76.5436 -30.4757 40.9233 1650405563536 959277.0000 -0.2013
-13.1489 76.6082 -31.7365 54.2114 1650405563590 959331.0000 -0.2018
-13.0701 75.9384 -32.8744 50.6388 1650405563644 959385.0000 -0.2018
-12.8928 75.9363 -34.0046 45.9274 1650405563698 959439.0000 -0.2013
-13.3206 76.1020 -35.2994 41.8053 1650405563752 959493.0000 -0.2013
-13.3467 75.8378 -36.7027 54.6842 1650405563806 959547.0000 -0.2013
-13.3910 75.5100 -37.9065 53.4236 1650405563860 959601.0000 -0.2013
-13.2865 75.2377 -39.0290 51.1561 1650405563915 959655.0000 -0.2018
-13.1669 75.4666 -40.3399 42.2764 1650405563967 959709.0000 -0.2018
-12.9188 75.3959 -41.6688 47.6148 1650405564021 959763.0000 -0.2018
-13.0987 75.0911 -42.7347 42.1808 1650405564075 959817.0000 -0.2013
-13.2892 75.1193 -43.9548 52.0956 1650405564129 959871.0000 -0.2018
-13.1088 74.8952 -45.0442 49.7421 1650405564183 959925.0000 -0.2018
-13.4079 75.0159 -46.1160 45.5322 1650405564237 959979.0000 -0.2013
-13.0382 75.0132 -47.3027 47.3844 1650405564291 960033.0000 -0.2018
-13.5112 74.9052 -48.1132 51.7174 1650405564346 960087.0000 -0.2018
-12.6371 75.2233 -48.1359 49.0229 1650405564400 960141.0000 -0.2018
-12.5597 75.0822 -49.0158 48.6793 1650405564454 960195.0000 -0.2018
-12.6495 74.9177 -50.2916 44.6892 1650405564508 960249.0000 -0.2023
-12.5166 75.0373 -50.2488 54.6301 1650405564560 960302.0000 -0.2018
-12.4812 75.1379 -50.5321 38.3932 1650405564614 960356.0000 -0.2018
-12.8721 75.2094 -50.9897 47.5047 1650405564668 960410.0000 -0.2023
-13.2798 75.0321 -51.3682 48.4257 1650405564722 960464.0000 -0.2023
-13.1058 75.2879 -51.3593 55.8790 1650405564777 960518.0000 -0.2018
-13.4798 75.2464 -51.7209 55.6710 1650405564831 960572.0000 -0.2018
-13.1767 75.3176 -51.5771 48.6589 1650405564885 960626.0000 -0.2018
-13.1262 75.4207 -51.4279 49.0786 1650405564939 960680.0000 -0.2018
-13.2653 75.3571 -51.2425 49.5580 1650405564993 960734.0000 -0.2023
