-23.7982 78.3349 -30.3637 0.0000 1650410335435 799120.0000 -0.1994
-23.7234 78.4879 -30.3361 0.0000 1650410335487 799174.0000 -0.1989
-23.8038 78.3434 -30.3573 0.0000 1650410335541 799228.0000 -0.1994
-23.8547 78.3096 -29.9766 0.0000 1650410335595 799282.0000 -0.1989
-23.8728 78.3863 -30.3184 0.0000 1650410335650 799335.0000 -0.1994
-23.8971 78.3701 -30.2398 0.0000 1650410335704 799389.0000 -0.1994
-23.8036 78.5249 -30.1688 0.0000 1650410335758 799443.0000 -0.1994
-23.7803 78.4855 -30.2893 0.0000 1650410335812 799497.0000 -0.1989
-23.8229 78.5630 -30.4280 0.0000 1650410335866 799551.0000 -0.1989
-23.8786 78.6923 -30.3580 0.0000 1650410335920 799605.0000 -0.1989
-24.0199 78.6413 -30.4902 0.0000 1650410335974 799659.0000 -0.1989
-23.9734 78.7285 -30.5595 0.0000 1650410336029 799713.0000 -0.1984
-23.7941 78.6087 -30.4202 0.0000 1650410336083 799767.0000 -0.1984
-23.9161 78.6029 -30.5289 0.0000 1650410336135 799821.0000 -0.1984
-23.8901 78.4749 -30.4776 0.0000 1650410336189 799875.0000 -0.1989
-23.9332 78.5314 -30.4973 0.0000 1650410336243 799929.0000 -0.1994
-23.8394 78.4636 -30.6301 0.0000 1650410336297 799983.0000 -0.1989
-23.9814 78.4427 -30.3189 0.0000 1650410336351 800037.0000 -0.1989
-23.9664 78.4582 -30.5657 0.0000 1650410336405 800091.0000 -0.1984
-23.8667 78.4988 -30.3917 0.0000 1650410336460 800145.0000 -0.1989
-23.7987 78.4836 -30.4658 0.0000 1650410336514 800199.0000 -0.1989
-24.1515 78.5749 -30.2969 0.0000 1650410336568 800253.0000 -0.1984
-24.3028 78.5326 -30.4523 0.0000 1650410336622 800307.0000 -0.1989
-23.8868 78.4427 -30.3986 0.0000 1650410336676 800361.0000 -0.1984
-24.2856 78.5286 -30.2904 0.0000 1650410336728 800415.0000 -0.1989
-24.2097 78.4863 -30.5946 0.0000 1650410336783 800469.0000 -0.1994
-23.8546 78.5027 -30.4782 0.0000 1650410336837 800523.0000 -0.1989
-23.8740 78.5179 -30.4703 0.0000 1650410336891 800577.0000 -0.1989
-23.8010 78.6435 -30.4883 0.0000 1650410336945 800631.0000 -0.1984
-23.8839 78.6246 -30.4421 0.0000 1650410336999 800684.0000 -0.1989
-23.9624 78.5594 -30.5583 0.0000 1650410337053 800738.0000 -0.1989
-24.2691 78.6725 -30.3964 0.0000 1650410337107 800792.0000 -0.1984
-23.9060 78.6546 -30.4534 0.0000 1650410337161 800846.0000 -0.1989
-23.8669 78.5846 -30.4776 0.0000 1650410337216 800900.0000 -0.1989
-24.2386 78.5745 -30.2896 0.0000 1650410337270 800954.0000 -0.1989
-24.1258 78.5521 -30.5813 0.0000 1650410337324 801008.0000 -0.1989
-23.8967 78.8984 -29.6975 0.0000 1650410337376 801062.0000 -0.1989
-23.9174 78.4632 -28.3709 0.0000 1650410337430 801116.0000 -0.1984
-23.8320 78.8208 -26.6455 0.0000 1650410337484 801170.0000 -0.1984
-23.8566 78.9559 -25.5142 0.0000 1650410337538 801224.0000 -0.1989
-23.9306 78.9838 -24.8384 0.0000 1650410337593 801278.0000 -0.1989
-23.9234 78.9623 -23.9001 0.0000 1650410337647 801332.0000 -0.1984
-23.9394 78.7054 -23.8541 0.0000 1650410337701 801386.0000 -0.1984
-23.8269 78.6524 -23.0484 0.0000 1650410337755 801440.0000 -0.1984
-23.7696 78.6246 -23.0541 0.0000 1650410337809 801494.0000 -0.1989
-23.6334 78.7308 -23.8552 0.0000 1650410337863 801548.0000 -0.1989
-23.6637 78.5813 -23.1129 0.0000 1650410337918 801602.0000 -0.1984
-23.5715 78.4541 -22.8966 0.0000 1650410337970 801656.0000 -0.1984
-23.6960 78.3368 -22.9206 0.0000 1650410338024 801710.0000 -0.1984
-23.6789 78.5716 -22.7821 0.0000 1650410338078 801764.0000 -0.1989
-23.6989 78.5420 -23.1195 0.0000 1650410338132 801818.0000 -0.1984
-23.6484 78.4455 -23.1568 0.0000 1650410338186 801872.0000 -0.1984
-23.7292 78.4429 -23.1112 0.0000 1650410338240 801926.0000 -0.1984
-23.7282 78.3500 -23.0748 0.0000 1650410338294 801980.0000 -0.1984
-23.7573 78.5145 -23.1206 0.0000 1650410338348 802033.0000 -0.1984
-23.7111 78.4373 -23.0458 0.0000 1650410338403 802087.0000 -0.1984
-23.7460 78.4163 -22.9813 0.0000 1650410338457 802141.0000 -0.1984
-23.8048 78.4603 -22.9180 0.0000 1650410338511 802195.0000 -0.1984
-23.8367 78.5224 -23.1220 0.0000 1650410338565 802249.0000 -0.1984
-23.8147 78.5618 -23.0642 0.0000 1650410338617 802303.0000 -0.1984
-23.7220 78.5663 -23.0840 0.0000 1650410338672 802357.0000 -0.1984
-23.8038 78.5523 -23.0092 0.0000 1650410338726 802411.0000 -0.1979
-23.7139 78.4767 -23.1431 0.0000 1650410338780 802465.0000 -0.1979
-23.8599 78.6151 -23.2119 0.0000 1650410338834 802519.0000 -0.1979
-23.7840 78.4950 -22.9725 0.0000 1650410338888 802573.0000 -0.1984
-23.7184 78.5003 -23.1208 0.0000 1650410338942 802627.0000 -0.1984
-23.9684 78.5334 -23.2539 0.0000 1650410338996 802681.0000 -0.1979
-24.1130 79.0867 -24.1461 0.0000 1650410339050 802735.0000 -0.1979
-24.2235 78.8002 -25.9640 0.0000 1650410339104 802789.0000 -0.1984
-24.1835 78.8133 -27.2356 0.0000 1650410339159 802843.0000 -0.1984
-24.0874 78.8821 -28.4389 0.0000 1650410339211 802897.0000 -0.1984
-24.2047 78.8161 -29.7306 0.0000 1650410339265 802951.0000 -0.1979
-24.2131 78.7658 -30.8802 0.0000 1650410339319 803005.0000 -0.1979
-24.1532 78.3946 -31.8260 0.0000 1650410339373 803059.0000 -0.1979
-24.1766 78.4728 -33.6918 0.0000 1650410339427 803113.0000 -0.1984
-24.2094 78.4013 -34.7915 0.0000 1650410339481 803167.0000 -0.1984
-24.5149 78.3656 -36.0665 0.0000 1650410339536 803221.0000 -0.1979
-24.5280 78.3657 -37.2033 0.0000 1650410339590 803275.0000 -0.1979
-24.5443 78.3309 -38.5468 0.0000 1650410339644 803329.0000 -0.1979
-24.5818 78.2631 -39.6499 0.0000 1650410339698 803382.0000 -0.1984
-24.5557 78.4093 -40.7474 0.0000 1650410339752 803436.0000 -0.1979
-24.6401 78.3620 -41.3667 0.0000 1650410339804 803490.0000 -0.1979
-24.4798 78.3236 -42.5027 0.0000 1650410339858 803544.0000 -0.1979
-24.3094 78.2250 -42.4042 0.0000 1650410339913 803598.0000 -0.1979
-24.3485 78.2574 -43.3773 0.0000 1650410339967 803652.0000 -0.1979
-24.3754 78.2211 -43.7601 0.0000 1650410340021 803706.0000 -0.1979
-24.3420 78.2977 -44.5837 0.0000 1650410340075 803760.0000 -0.1979
-24.0995 78.0833 -44.8413 0.0000 1650410340129 803814.0000 -0.1979
-24.3653 77.8038 -45.8212 0.0000 1650410340183 803868.0000 -0.1979
-24.3815 77.9172 -45.2305 0.0000 1650410340237 803922.0000 -0.1979
-24.4549 77.9738 -45.5693 0.0000 1650410340291 803976.0000 -0.1974
-24.3494 77.6525 -46.4019 0.0000 1650410340346 804030.0000 -0.1974
-24.2656 77.8407 -46.3729 0.0000 1650410340400 804084.0000 -0.1974
-24.6189 77.9945 -45.4188 0.0000 1650410340452 804138.0000 -0.1969
-24.6012 78.4205 -45.0889 0.0000 1650410340506 804192.0000 -0.1974
-24.6519 78.4456 -44.5584 0.0000 1650410340560 804246.0000 -0.1974
-24.3967 78.5520 -43.9948 0.0000 1650410340615 804300.0000 -0.1965
-24.1347 78.6248 -43.8434 0.0000 1650410340669 804354.0000 -0.1965
-24.0533 78.7386 -43.7049 0.0000 1650410340723 804408.0000 -0.1969
-23.9597 78.5637 -42.1293 0.0000 1650410340777 804462.0000 -0.1969
-23.8700 78.4265 -41.2602 0.0000 1650410340831 804516.0000 -0.1965
-23.9367 78.5378 -41.2686 0.0000 1650410340885 804570.0000 -0.1965
-23.8419 78.5217 -39.1466 0.0000 1650410340939 804624.0000 -0.1965
-23.8078 78.4290 -38.3795 0.0000 1650410340993 804678.0000 -0.1965
-23.8754 78.4451 -37.3064 0.0000 1650410341045 804731.0000 -0.1969
-23.9091 78.4994 -36.0105 0.0000 1650410341100 804785.0000 -0.1969
-23.9666 78.5100 -35.0391 0.0000 1650410341154 804839.0000 -0.1969
-23.9117 78.4427 -33.6263 0.0000 1650410341208 804893.0000 -0.1965
-23.9167 78.9032 -32.4728 0.0000 1650410341262 804947.0000 -0.1969
-23.8632 78.9584 -31.2465 0.0000 1650410341316 805001.0000 -0.1974
-23.8843 78.9737 -29.9639 0.0000 1650410341370 805055.0000 -0.1969
-23.9247 78.8801 -28.5979 0.0000 1650410341424 805109.0000 -0.1965
-23.9072 78.9592 -27.2813 0.0000 1650410341478 805163.0000 -0.1969
-23.9282 78.8928 -26.1128 0.0000 1650410341533 805217.0000 -0.1969
-23.8082 78.8126 -24.9950 0.0000 1650410341587 805271.0000 -0.1974
-23.8107 78.7636 -23.8400 0.0000 1650410341641 805325.0000 -0.1965
-23.7260 78.7443 -22.7556 0.0000 1650410341693 805379.0000 -0.1965
-23.9490 78.6109 -23.0361 0.0000 1650410341747 805433.0000 -0.1965
-23.8401 78.6730 -23.1237 0.0000 1650410341801 805487.0000 -0.1969
-23.8759 78.6525 -24.0532 0.0000 1650410341856 805541.0000 -0.1969
-23.7910 78.5528 -24.0271 0.0000 1650410341910 805595.0000 -0.1965
-23.7886 78.4208 -24.0268 0.0000 1650410341964 805649.0000 -0.1965
-23.7167 78.4160 -23.9246 0.0000 1650410342018 805703.0000 -0.1965
-23.7910 78.4326 -24.0012 0.0000 1650410342072 805757.0000 -0.1969
-23.8170 78.4306 -23.1459 0.0000 1650410342126 805811.0000 -0.1969
-23.7931 78.4801 -23.2465 0.0000 1650410342180 805865.0000 -0.1969
-23.7323 78.4870 -23.2285 0.0000 1650410342235 805919.0000 -0.1969
-23.7147 78.5873 -23.1281 0.0000 1650410342287 805973.0000 -0.1969
-23.8019 78.4295 -23.1597 0.0000 1650410342341 806027.0000 -0.1969
-23.7516 78.5206 -23.2759 0.0000 1650410342395 806080.0000 -0.1969
-23.6925 78.4151 -23.2015 0.0000 1650410342449 806134.0000 -0.1965
-23.6454 78.4631 -23.2038 0.0000 1650410342503 806188.0000 -0.1960
-23.8098 78.4681 -23.2774 0.0000 1650410342557 806242.0000 -0.1960
-23.6934 78.5362 -23.1532 0.0000 1650410342612 806296.0000 -0.1965
-23.7840 78.6532 -23.2049 0.0000 1650410342666 806350.0000 -0.1965
-23.7914 78.4403 -23.0557 0.0000 1650410342720 806404.0000 -0.1965
-23.8856 78.4988 -23.1557 0.0000 1650410342774 806458.0000 -0.1965
-23.8346 78.5003 -23.1651 0.0000 1650410342828 806512.0000 -0.1965
-23.5846 78.4351 -23.1530 0.0000 1650410342882 806566.0000 -0.1965
-23.6638 78.3955 -24.0004 0.0000 1650410342934 806620.0000 -0.1965
-23.6546 78.4004 -23.3392 0.0000 1650410342988 806674.0000 -0.1960
-23.9364 78.4923 -23.9566 0.0000 1650410343043 806728.0000 -0.1960
-24.1813 78.9524 -24.7888 0.0000 1650410343097 806782.0000 -0.1960
-24.1797 78.7720 -26.4914 0.0000 1650410343151 806836.0000 -0.1965
-24.1926 78.8648 -27.8466 0.0000 1650410343205 806890.0000 -0.1965
-24.1881 78.9208 -28.7933 0.0000 1650410343259 806944.0000 -0.1965
-24.2603 78.9205 -30.3664 0.0000 1650410343313 806998.0000 -0.1960
-24.1036 78.7505 -31.5124 0.0000 1650410343367 807052.0000 -0.1960
-24.2202 78.4524 -33.0857 0.0000 1650410343421 807106.0000 -0.1965
-24.1518 78.4592 -34.3194 0.0000 1650410343476 807160.0000 -0.1969
-24.1312 78.3440 -35.6358 0.0000 1650410343528 807214.0000 -0.1965
-24.5720 78.4571 -36.7671 0.0000 1650410343582 807268.0000 -0.1965
-24.6254 78.5347 -37.8329 0.0000 1650410343636 807322.0000 -0.1965
-24.6116 78.3603 -39.1385 0.0000 1650410343690 807376.0000 -0.1969
-24.6664 78.3006 -40.1081 0.0000 1650410343745 807430.0000 -0.1974
-24.6248 78.2919 -41.2149 0.0000 1650410343799 807483.0000 -0.1969
-24.4657 78.1935 -41.8923 0.0000 1650410343853 807537.0000 -0.1969
-24.5198 78.2643 -42.3189 0.0000 1650410343907 807591.0000 -0.1969
-24.3813 78.2451 -43.0209 0.0000 1650410343961 807645.0000 -0.1969
-24.3976 78.1712 -43.8376 0.0000 1650410344015 807699.0000 -0.1969
-24.3959 78.2222 -44.3572 0.0000 1650410344069 807753.0000 -0.1965
-24.4085 78.1928 -44.8941 0.0000 1650410344123 807807.0000 -0.1965
-24.2509 77.8307 -45.1788 0.0000 1650410344175 807861.0000 -0.1965
-24.3029 78.0830 -44.7691 0.0000 1650410344230 807915.0000 -0.1969
-24.4143 78.0636 -46.3750 0.0000 1650410344284 807969.0000 -0.1969
-24.4943 78.1359 -46.6265 0.0000 1650410344338 808023.0000 -0.1969
-24.4425 78.0817 -46.3116 0.0000 1650410344392 808077.0000 -0.1965
-24.3725 78.1260 -45.8063 0.0000 1650410344446 808131.0000 -0.1965
-24.4890 78.2358 -46.4164 0.0000 1650410344500 808185.0000 -0.1969
-24.5973 78.1984 -45.7248 0.0000 1650410344555 808239.0000 -0.1965
-24.7556 78.2477 -45.2829 0.0000 1650410344609 808293.0000 -0.1960
-24.5852 78.5566 -44.1264 0.0000 1650410344663 808347.0000 -0.1965
-24.4371 78.6344 -44.1973 0.0000 1650410344717 808401.0000 -0.1965
-24.0272 78.5065 -42.2410 0.0000 1650410344769 808455.0000 -0.1965
-24.0362 78.5677 -41.9393 0.0000 1650410344823 808509.0000 -0.1969
-23.9362 78.4084 -41.5989 0.0000 1650410344877 808563.0000 -0.1965
-23.8056 78.4043 -40.8142 0.0000 1650410344932 808617.0000 -0.1965
-23.8017 78.4979 -39.7882 0.0000 1650410344986 808671.0000 -0.1965
-23.8026 78.4642 -37.8964 0.0000 1650410345040 808725.0000 -0.1969
-23.8720 78.4889 -36.7729 0.0000 1650410345094 808779.0000 -0.1965
-24.0238 78.4517 -35.5402 0.0000 1650410345148 808832.0000 -0.1965
-23.9878 78.6331 -34.3796 0.0000 1650410345202 808886.0000 -0.1960
-24.0476 78.6993 -34.0343 0.0000 1650410345256 808940.0000 -0.1960
-24.2068 79.0212 -31.8774 0.0000 1650410345310 808994.0000 -0.1965
-23.9957 78.8490 -30.6393 0.0000 1650410345363 809048.0000 -0.1969
-23.9243 78.8983 -29.1748 0.0000 1650410345417 809102.0000 -0.1965
-24.0192 78.8276 -27.9770 0.0000 1650410345471 809156.0000 -0.1965
-23.8560 78.8752 -26.6285 0.0000 1650410345525 809210.0000 -0.1965
-23.8097 78.7915 -25.5624 0.0000 1650410345579 809264.0000 -0.1965
-23.8438 78.7997 -24.3077 0.0000 1650410345633 809318.0000 -0.1969
-23.8770 78.7312 -23.1356 0.0000 1650410345687 809372.0000 -0.1960
-23.8144 78.5662 -22.9252 0.0000 1650410345741 809426.0000 -0.1965
-23.9935 78.6271 -23.0659 0.0000 1650410345796 809480.0000 -0.1965
-23.9579 78.5063 -23.9404 0.0000 1650410345850 809534.0000 -0.1969
-23.8323 78.3954 -23.2073 0.0000 1650410345904 809588.0000 -0.1969
-23.8058 78.4175 -24.1332 0.0000 1650410345958 809642.0000 -0.1969
-23.7586 78.3914 -24.1448 0.0000 1650410346010 809696.0000 -0.1965
-23.7904 78.4311 -24.1783 0.0000 1650410346064 809750.0000 -0.1965
-23.8164 78.4350 -24.1789 0.0000 1650410346118 809804.0000 -0.1969
-23.7438 78.3992 -24.0766 0.0000 1650410346173 809858.0000 -0.1965
-23.7193 78.4023 -24.1857 0.0000 1650410346227 809912.0000 -0.1965
-23.7953 78.5264 -24.1716 0.0000 1650410346281 809966.0000 -0.1965
-23.7585 78.5578 -23.9922 0.0000 1650410346335 810020.0000 -0.1965
-23.7353 78.5066 -24.0304 0.0000 1650410346389 810074.0000 -0.1969
-23.7590 78.3877 -24.0051 0.0000 1650410346444 810128.0000 -0.1969
-23.7914 78.3273 -23.0376 0.0000 1650410346497 810181.0000 -0.1965
-23.6681 78.3181 -23.0982 0.0000 1650410346552 810235.0000 -0.1965
-23.7471 78.4675 -23.2047 0.0000 1650410346604 810289.0000 -0.1969
-23.8175 78.3683 -23.3887 0.0000 1650410346658 810343.0000 -0.1969
-23.7621 78.4410 -23.9756 0.0000 1650410346712 810397.0000 -0.1969
-23.8612 78.4534 -23.1876 0.0000 1650410346766 810451.0000 -0.1965
-23.7612 78.4630 -23.2178 0.0000 1650410346820 810505.0000 -0.1965
-23.8030 78.5106 -23.1852 0.0000 1650410346874 810559.0000 -0.1969
-23.7801 78.4038 -23.1426 0.0000 1650410346929 810613.0000 -0.1969
-23.7515 78.4124 -23.0600 0.0000 1650410346983 810667.0000 -0.1969
-23.8328 78.3617 -24.0059 0.0000 1650410347037 810721.0000 -0.1969
-24.1861 78.8156 -23.8564 0.0000 1650410347091 810775.0000 -0.1965
-24.1401 78.7751 -25.3869 0.0000 1650410347145 810829.0000 -0.1969
-24.2099 78.8120 -27.1966 0.0000 1650410347199 810883.0000 -0.1974
-24.1981 79.0280 -28.5823 0.0000 1650410347251 810937.0000 -0.1969
-24.1188 78.9767 -29.6665 0.0000 1650410347305 810991.0000 -0.1969
-24.0877 78.4712 -30.9424 0.0000 1650410347360 811045.0000 -0.1969
-24.1000 78.7379 -32.2784 0.0000 1650410347414 811099.0000 -0.1969
-24.0831 78.3584 -33.7395 0.0000 1650410347468 811153.0000 -0.1974
-24.1675 78.2627 -34.9931 0.0000 1650410347522 811207.0000 -0.1974
-24.1036 78.3523 -36.1992 0.0000 1650410347576 811261.0000 -0.1974
-24.4638 78.3883 -37.3315 0.0000 1650410347631 811315.0000 -0.1969
-24.5049 78.3420 -38.2556 0.0000 1650410347685 811369.0000 -0.1974
-24.3971 78.3327 -39.5918 0.0000 1650410347739 811423.0000 -0.1979
-24.5201 78.2809 -40.7262 0.0000 1650410347793 811477.0000 -0.1974
-24.4554 78.3233 -41.8146 0.0000 1650410347845 811530.0000 -0.1969
-24.3146 78.1879 -42.4651 0.0000 1650410347899 811584.0000 -0.1969
-24.3782 78.1536 -42.8191 0.0000 1650410347953 811638.0000 -0.1969
-24.3233 78.1816 -44.3392 0.0000 1650410348007 811692.0000 -0.1974
-24.2516 78.0647 -43.6954 0.0000 1650410348062 811746.0000 -0.1974
-26.0152 78.0514 -44.6796 0.0000 1650410348116 811800.0000 -0.1969
-24.2085 78.1086 -44.5817 0.0000 1650410348170 811854.0000 -0.1969
-24.2966 77.6434 -45.1790 0.0000 1650410348224 811908.0000 -0.1974
-24.8586 77.9891 -46.0928 0.0000 1650410348278 811962.0000 -0.1974
-24.4522 78.0428 -46.3652 0.0000 1650410348332 812016.0000 -0.1969
-24.4261 78.1216 -46.2817 0.0000 1650410348386 812070.0000 -0.1969
-24.4280 77.7812 -46.4002 0.0000 1650410348440 812124.0000 -0.1969
-24.4116 77.8124 -45.4210 0.0000 1650410348493 812178.0000 -0.1974
-24.5457 78.3283 -45.0764 0.0000 1650410348547 812232.0000 -0.1974
-24.5432 78.1724 -44.7960 0.0000 1650410348601 812286.0000 -0.1974
-24.5331 78.2678 -45.1227 0.0000 1650410348655 812340.0000 -0.1974
-23.9923 78.3869 -43.5649 0.0000 1650410348709 812394.0000 -0.1969
-24.1565 78.4721 -43.9640 0.0000 1650410348763 812448.0000 -0.1974
-24.1016 78.6311 -42.9120 0.0000 1650410348817 812502.0000 -0.1974
-24.0906 78.5938 -42.0914 0.0000 1650410348872 812556.0000 -0.1974
-23.9398 78.5645 -41.1345 0.0000 1650410348926 812610.0000 -0.1974
-23.9991 78.4125 -39.1085 0.0000 1650410348980 812664.0000 -0.1974
-23.9778 78.5894 -39.2424 0.0000 1650410349034 812718.0000 -0.1974
-23.8952 78.6328 -37.2158 0.0000 1650410349086 812772.0000 -0.1979
-23.8040 78.5440 -37.0298 0.0000 1650410349141 812826.0000 -0.1979
-23.8925 78.5199 -35.8675 0.0000 1650410349194 812879.0000 -0.1974
-23.9222 78.5823 -33.7926 0.0000 1650410349248 812933.0000 -0.1974
-23.9256 78.6841 -32.6748 0.0000 1650410349303 812987.0000 -0.1979
-23.9332 78.8326 -31.2969 0.0000 1650410349357 813041.0000 -0.1979
-23.9760 78.7974 -30.1083 0.0000 1650410349411 813095.0000 -0.1974
-24.0176 78.8409 -28.6541 0.0000 1650410349465 813149.0000 -0.1974
-23.9808 78.8206 -27.3213 0.0000 1650410349519 813203.0000 -0.1974
-23.8914 78.8638 -26.0383 0.0000 1650410349573 813257.0000 -0.1974
-23.9417 78.8345 -25.7752 0.0000 1650410349628 813311.0000 -0.1979
-23.9057 78.7081 -23.8075 0.0000 1650410349680 813365.0000 -0.1984
-23.7748 78.6694 -23.6117 0.0000 1650410349734 813419.0000 -0.1984
-23.8061 78.6724 -23.1264 0.0000 1650410349788 813473.0000 -0.1979
-23.9296 78.6098 -23.0919 0.0000 1650410349842 813527.0000 -0.1984
-23.9095 78.5202 -23.9603 0.0000 1650410349896 813581.0000 -0.1984
-23.9714 78.4874 -24.0161 0.0000 1650410349950 813635.0000 -0.1979
-23.8104 78.4566 -24.0535 0.0000 1650410350004 813689.0000 -0.1979
-23.7749 78.4128 -23.9391 0.0000 1650410350059 813743.0000 -0.1979
-23.7171 78.2893 -24.0348 0.0000 1650410350113 813797.0000 -0.1984
-23.8983 78.4819 -23.0896 0.0000 1650410350167 813851.0000 -0.1984
-23.7990 78.3860 -23.0015 0.0000 1650410350221 813905.0000 -0.1984
-23.7910 78.4504 -23.9398 0.0000 1650410350275 813959.0000 -0.1984
-23.8126 78.3816 -23.9993 0.0000 1650410350327 814013.0000 -0.1979
-23.8630 78.3898 -23.2581 0.0000 1650410350381 814067.0000 -0.1984
-23.8391 78.5189 -23.0824 0.0000 1650410350436 814121.0000 -0.1984
-23.8225 78.3982 -23.0861 0.0000 1650410350490 814175.0000 -0.1979
-23.7255 78.3373 -22.9986 0.0000 1650410350544 814228.0000 -0.1979
-23.7720 78.4722 -22.9328 0.0000 1650410350598 814282.0000 -0.1979
-23.8757 78.3774 -23.1613 0.0000 1650410350652 814336.0000 -0.1979
-23.9513 78.3899 -22.8378 0.0000 1650410350706 814390.0000 -0.1984
-23.8080 78.5329 -23.1898 0.0000 1650410350761 814444.0000 -0.1984
-23.9409 78.6116 -23.1756 0.0000 1650410350815 814498.0000 -0.1979
-23.8968 78.5166 -22.9768 0.0000 1650410350869 814552.0000 -0.1979
-23.7830 78.5564 -22.9684 0.0000 1650410350921 814606.0000 -0.1984
-23.7352 78.3944 -23.0255 0.0000 1650410350975 814660.0000 -0.1984
-23.8183 78.4139 -22.9072 0.0000 1650410351029 814714.0000 -0.1979
-24.0302 78.5277 -23.5383 0.0000 1650410351083 814768.0000 -0.1979
-24.0572 78.8151 -24.6660 0.0000 1650410351137 814822.0000 -0.1979
-24.0711 78.8230 -25.9630 0.0000 1650410351191 814876.0000 -0.1984
-24.0210 78.9472 -27.7125 0.0000 1650410351246 814930.0000 -0.1989
-24.1537 78.8548 -29.0664 0.0000 1650410351300 814984.0000 -0.1984
-24.0564 78.7624 -30.2425 0.0000 1650410351354 815038.0000 -0.1984
-23.9767 78.7182 -31.5110 0.0000 1650410351408 815092.0000 -0.1979
-23.8918 78.3661 -32.3739 0.0000 1650410351462 815146.0000 -0.1989
-24.0230 78.5452 -34.3277 0.0000 1650410351516 815200.0000 -0.1984
-24.0532 78.2804 -35.4769 0.0000 1650410351569 815254.0000 -0.1984
-24.2160 78.4200 -36.6932 0.0000 1650410351623 815308.0000 -0.1984
-24.5997 78.3815 -37.7517 0.0000 1650410351677 815362.0000 -0.1984
-24.5292 78.2747 -38.9423 0.0000 1650410351731 815416.0000 -0.1984
-24.5325 78.2897 -40.2207 0.0000 1650410351785 815470.0000 -0.1989
-24.4989 78.3191 -40.5831 0.0000 1650410351839 815524.0000 -0.1989
-24.5965 78.2333 -42.0660 0.0000 1650410351893 815577.0000 -0.1984
-24.2876 78.1462 -41.9869 0.0000 1650410351947 815631.0000 -0.1979
-24.3113 78.3267 -43.7612 0.0000 1650410352002 815685.0000 -0.1984
-24.2127 78.1302 -43.6860 0.0000 1650410352056 815739.0000 -0.1984
-24.3132 78.2649 -45.0686 0.0000 1650410352110 815793.0000 -0.1979
-24.3660 78.0846 -45.3645 0.0000 1650410352162 815847.0000 -0.1979
-24.3789 78.2204 -45.2222 0.0000 1650410352216 815901.0000 -0.1979
-24.4645 78.0452 -46.1894 0.0000 1650410352270 815955.0000 -0.1979
-24.3894 78.0841 -45.3094 0.0000 1650410352325 816009.0000 -0.1984
-24.4191 78.1564 -46.4220 0.0000 1650410352379 816063.0000 -0.1979
-24.4101 77.9625 -46.3470 0.0000 1650410352433 816117.0000 -0.1979
-24.4709 77.7662 -45.5250 0.0000 1650410352487 816171.0000 -0.1979
-24.4574 78.2230 -45.4696 0.0000 1650410352541 816225.0000 -0.1984
-24.6472 78.2445 -45.8232 0.0000 1650410352595 816279.0000 -0.1984
-24.7410 78.2528 -44.5113 0.0000 1650410352649 816333.0000 -0.1979
-24.5122 78.3890 -43.8253 0.0000 1650410352703 816387.0000 -0.1979
-24.3211 78.6396 -44.2648 0.0000 1650410352758 816441.0000 -0.1984
-24.2261 78.2938 -42.3967 0.0000 1650410352810 816495.0000 -0.1984
-24.0872 78.6568 -41.9478 0.0000 1650410352864 816549.0000 -0.1989
-23.9409 78.5264 -41.6364 0.0000 1650410352918 816603.0000 -0.1989
-23.9542 78.3919 -40.0850 0.0000 1650410352972 816657.0000 -0.1989
-23.9062 78.5506 -39.1036 0.0000 1650410353026 816711.0000 -0.1984
-23.7342 78.3781 -37.9474 0.0000 1650410353080 816765.0000 -0.1989
-23.8138 78.5349 -37.6871 0.0000 1650410353134 816819.0000 -0.1989
-23.9113 78.4323 -35.7846 0.0000 1650410353189 816873.0000 -0.1984
-23.9209 78.4887 -35.3666 0.0000 1650410353243 816927.0000 -0.1984
-23.9142 78.9009 -33.2664 0.0000 1650410353297 816980.0000 -0.1984
-23.8991 79.0349 -31.9674 0.0000 1650410353351 817034.0000 -0.1989
-23.8674 78.8884 -30.8896 0.0000 1650410353403 817088.0000 -0.1989
-23.8882 78.8753 -29.4871 0.0000 1650410353458 817142.0000 -0.1989
-23.9877 78.8031 -28.9351 0.0000 1650410353512 817196.0000 -0.1984
-23.9437 78.7870 -26.7350 0.0000 1650410353566 817250.0000 -0.1984
-23.9327 78.8094 -25.5256 0.0000 1650410353620 817304.0000 -0.1989
-23.9405 78.8734 -24.4866 0.0000 1650410353674 817358.0000 -0.1989
-23.8550 78.8705 -23.1878 0.0000 1650410353728 817412.0000 -0.1984
-23.9333 78.5711 -24.0106 0.0000 1650410353782 817466.0000 -0.1984
-23.9838 78.7065 -23.0583 0.0000 1650410353836 817520.0000 -0.1984
-23.9981 78.6655 -23.7656 0.0000 1650410353890 817574.0000 -0.1989
-24.0448 78.4700 -23.8723 0.0000 1650410353945 817628.0000 -0.1989
-23.8871 78.3699 -23.9770 0.0000 1650410353997 817682.0000 -0.1984
-23.7960 78.3637 -23.9439 0.0000 1650410354051 817736.0000 -0.1984
-23.8450 78.3542 -23.8643 0.0000 1650410354105 817790.0000 -0.1989
-23.8536 78.2950 -23.9389 0.0000 1650410354159 817844.0000 -0.1994
-23.8751 78.3535 -23.7381 0.0000 1650410354213 817898.0000 -0.1989
-23.9623 78.4301 -23.8016 0.0000 1650410354267 817952.0000 -0.1989
-23.7944 78.4277 -24.0089 0.0000 1650410354322 818006.0000 -0.1989
-23.9311 78.4465 -23.0548 0.0000 1650410354376 818060.0000 -0.1989
-23.9630 78.4660 -23.1699 0.0000 1650410354430 818114.0000 -0.1989
-23.8163 78.5120 -23.7820 0.0000 1650410354484 818168.0000 -0.1994
-23.8184 78.5121 -23.0667 0.0000 1650410354538 818222.0000 -0.1994
-23.9133 78.4184 -22.9764 0.0000 1650410354592 818276.0000 -0.1989
-23.8802 78.3669 -23.8643 0.0000 1650410354644 818329.0000 -0.1989
-23.8604 78.3089 -23.0123 0.0000 1650410354699 818383.0000 -0.1994
-23.7880 78.3857 -22.9799 0.0000 1650410354753 818437.0000 -0.1989
-23.8241 78.4566 -23.1788 0.0000 1650410354807 818491.0000 -0.1989
-23.8364 78.4871 -22.9777 0.0000 1650410354861 818545.0000 -0.1989
-23.8128 78.4568 -23.0329 0.0000 1650410354915 818599.0000 -0.1989
-23.7241 78.4055 -23.1520 0.0000 1650410354969 818653.0000 -0.1994
-23.8285 78.4956 -23.1709 0.0000 1650410355023 818707.0000 -0.1994
-23.9524 78.3661 -23.0967 0.0000 1650410355078 818761.0000 -0.1989
-24.0512 78.8733 -23.8009 0.0000 1650410355132 818815.0000 -0.1989
-24.2011 78.7869 -25.1307 0.0000 1650410355186 818869.0000 -0.1994
-24.0971 78.7452 -27.1540 0.0000 1650410355238 818923.0000 -0.1994
-24.0963 78.9504 -28.4162 0.0000 1650410355292 818977.0000 -0.1994
-24.0554 78.7927 -29.6814 0.0000 1650410355346 819031.0000 -0.1989
-24.0827 78.7708 -30.9373 0.0000 1650410355400 819085.0000 -0.1989
-24.1144 78.8200 -32.2060 0.0000 1650410355454 819139.0000 -0.1989
-24.1821 78.3896 -32.9371 0.0000 1650410355509 819193.0000 -0.1994
-23.9982 78.3882 -34.2442 0.0000 1650410355563 819247.0000 -0.1994
-24.0985 78.2477 -36.0532 0.0000 1650410355617 819301.0000 -0.1989
-24.4461 78.2951 -37.1209 0.0000 1650410355671 819355.0000 -0.1989
-24.5921 78.3392 -38.3815 0.0000 1650410355725 819409.0000 -0.1989
-24.5150 78.2925 -38.7872 0.0000 1650410355779 819463.0000 -0.1994
-24.5359 78.3267 -40.5574 0.0000 1650410355834 819517.0000 -0.1994
-24.5102 78.2990 -41.5475 0.0000 1650410355886 819571.0000 -0.1989
-24.5048 78.2762 -42.7121 0.0000 1650410355940 819625.0000 -0.1989
-24.2815 78.2068 -42.4935 0.0000 1650410355994 819678.0000 -0.1989
-24.3629 78.0980 -43.3594 0.0000 1650410356048 819732.0000 -0.1994
-24.2098 78.0081 -43.9800 0.0000 1650410356102 819786.0000 -0.1994
-26.0440 78.3566 -44.1963 0.0000 1650410356157 819840.0000 -0.1994
-24.2960 78.1119 -45.3581 0.0000 1650410356210 819894.0000 -0.1994
-24.3315 78.2847 -45.0133 0.0000 1650410356264 819948.0000 -0.1994
-24.4350 78.1106 -44.9854 0.0000 1650410356319 820002.0000 -0.1994
-24.5816 78.1333 -45.4525 0.0000 1650410356373 820056.0000 -0.1994
-24.3867 78.0611 -45.6246 0.0000 1650410356427 820110.0000 -0.1989
-24.4986 78.0334 -46.3836 0.0000 1650410356479 820164.0000 -0.1989
-24.5968 78.1900 -45.1925 0.0000 1650410356533 820218.0000 -0.1994
-24.5775 78.1997 -45.0429 0.0000 1650410356587 820272.0000 -0.1994
-24.5714 78.1796 -45.5884 0.0000 1650410356642 820326.0000 -0.1994
-24.5735 78.3883 -45.1127 0.0000 1650410356696 820380.0000 -0.1989
-24.5132 78.4663 -44.4683 0.0000 1650410356750 820434.0000 -0.1989
-24.4595 78.5159 -43.9640 0.0000 1650410356804 820488.0000 -0.1994
-23.9657 78.4924 -42.3793 0.0000 1650410356858 820542.0000 -0.1999
-23.9506 78.6002 -42.2749 0.0000 1650410356912 820596.0000 -0.1994
-23.8807 78.3974 -40.4881 0.0000 1650410356966 820650.0000 -0.1994
-23.9473 78.4433 -40.5615 0.0000 1650410357020 820704.0000 -0.1989
-23.8567 78.5297 -38.3120 0.0000 1650410357075 820758.0000 -0.1994
-23.7961 78.5767 -37.4238 0.0000 1650410357127 820812.0000 -0.1999
-23.9262 78.6340 -36.2396 0.0000 1650410357181 820866.0000 -0.1999
-23.8798 78.5494 -35.9420 0.0000 1650410357235 820920.0000 -0.1999
-23.8645 78.7247 -34.7244 0.0000 1650410357289 820974.0000 -0.1989
-23.9590 78.9488 -32.7512 0.0000 1650410357343 821027.0000 -0.1994
-24.0031 78.8738 -31.3177 0.0000 1650410357397 821081.0000 -0.1999
-23.9104 78.8541 -30.2222 0.0000 1650410357452 821135.0000 -0.1994
-23.9211 78.8335 -29.0600 0.0000 1650410357506 821189.0000 -0.1989
-23.9108 78.8481 -27.5815 0.0000 1650410357560 821243.0000 -0.1989
-23.9388 78.7886 -26.3266 0.0000 1650410357615 821297.0000 -0.1994
-23.9018 78.9685 -25.0849 0.0000 1650410357668 821351.0000 -0.1994
-23.8408 78.8221 -23.7922 0.0000 1650410357720 821405.0000 -0.1994
-23.8119 78.7918 -22.7815 0.0000 1650410357775 821459.0000 -0.1994
-23.9822 78.6588 -22.9756 0.0000 1650410357828 821513.0000 -0.1989
-23.9840 78.6687 -22.9983 0.0000 1650410357883 821567.0000 -0.1994
-23.9455 78.6565 -23.7753 0.0000 1650410357937 821621.0000 -0.1994
-23.9736 78.5674 -23.8456 0.0000 1650410357991 821675.0000 -0.1989
-23.8417 78.4713 -23.7583 0.0000 1650410358045 821729.0000 -0.1989
-23.8336 78.5697 -23.8700 0.0000 1650410358099 821783.0000 -0.1989
-23.8602 78.3510 -23.8520 0.0000 1650410358153 821837.0000 -0.1989
-23.7705 78.4745 -23.1769 0.0000 1650410358208 821891.0000 -0.1994
-23.7840 78.4837 -23.8971 0.0000 1650410358262 821945.0000 -0.1994
-23.9697 78.4960 -23.8921 0.0000 1650410358316 821999.0000 -0.1989
-23.7751 78.5004 -23.9614 0.0000 1650410358368 822053.0000 -0.1989
-23.9382 78.5458 -23.2638 0.0000 1650410358422 822107.0000 -0.1994
-23.8487 78.6013 -23.1669 0.0000 1650410358476 822161.0000 -0.1994
-23.8343 78.4471 -23.1262 0.0000 1650410358530 822215.0000 -0.1994
-23.8158 78.4934 -23.1916 0.0000 1650410358585 822269.0000 -0.1994
-23.8082 78.3983 -23.1481 0.0000 1650410358639 822323.0000 -0.1989
-23.7974 78.3701 -23.8814 0.0000 1650410358693 822376.0000 -0.1994
-23.8693 78.4901 -23.1391 0.0000 1650410358747 822430.0000 -0.1999
-23.8312 78.5175 -23.1969 0.0000 1650410358801 822484.0000 -0.1994
-24.2280 78.6432 -23.2022 0.0000 1650410358855 822538.0000 -0.1994
-23.9646 78.6833 -23.8532 0.0000 1650410358909 822592.0000 -0.1994
-23.8451 78.5674 -23.0203 0.0000 1650410358961 822646.0000 -0.1999
-23.7539 78.6140 -23.1209 0.0000 1650410359016 822700.0000 -0.1999
-23.7820 78.6186 -23.1167 0.0000 1650410359070 822754.0000 -0.1994
-24.2104 78.4888 -23.7018 0.0000 1650410359124 822808.0000 -0.1989
-24.0333 78.8763 -25.0562 0.0000 1650410359178 822862.0000 -0.1989
-24.2357 78.8584 -26.2736 0.0000 1650410359232 822916.0000 -0.1994
-24.1489 78.9968 -27.8188 0.0000 1650410359287 822970.0000 -0.1994
-24.1612 78.8542 -29.0620 0.0000 1650410359341 823024.0000 -0.1994
-23.9985 78.6954 -30.2069 0.0000 1650410359395 823078.0000 -0.1984
-24.0805 78.6113 -31.5454 0.0000 1650410359449 823132.0000 -0.1984
-24.0288 78.4082 -32.7821 0.0000 1650410359503 823186.0000 -0.1989
-24.0971 78.5867 -33.5115 0.0000 1650410359557 823240.0000 -0.1989
-24.0668 78.3118 -34.5878 0.0000 1650410359609 823294.0000 -0.1984
-24.1662 78.2852 -36.4432 0.0000 1650410359663 823348.0000 -0.1984
-24.6401 78.3621 -37.8106 0.0000 1650410359717 823402.0000 -0.1984
-24.4366 78.2506 -38.3013 0.0000 1650410359771 823456.0000 -0.1989
-24.4955 78.2683 -39.3413 0.0000 1650410359826 823510.0000 -0.1989
-24.5554 78.2418 -40.9665 0.0000 1650410359880 823564.0000 -0.1984
-24.5762 78.2058 -42.1229 0.0000 1650410359934 823618.0000 -0.1984
-24.3762 78.1903 -42.9607 0.0000 1650410359988 823672.0000 -0.1984
-24.1798 78.1559 -42.7965 0.0000 1650410360042 823726.0000 -0.1989
-24.3505 78.0612 -44.4103 0.0000 1650410360096 823779.0000 -0.1989
-24.3401 78.2056 -43.9774 0.0000 1650410360150 823833.0000 -0.1984
-24.3040 78.1588 -45.4394 0.0000 1650410360203 823887.0000 -0.1984
-24.3666 78.0829 -45.7355 0.0000 1650410360257 823941.0000 -0.1984
-26.1865 78.1430 -45.0855 0.0000 1650410360311 823995.0000 -0.1989
-24.4105 77.9194 -46.3432 0.0000 1650410360365 824049.0000 -0.1989
-24.3533 77.8890 -45.8411 0.0000 1650410360419 824103.0000 -0.1984
-24.3319 77.7627 -45.4568 0.0000 1650410360474 824157.0000 -0.1984
-24.3597 77.8890 -45.5745 0.0000 1650410360527 824211.0000 -0.1984
-24.5135 77.8725 -44.9292 0.0000 1650410360582 824265.0000 -0.1989
-24.5241 78.3156 -45.7798 0.0000 1650410360636 824319.0000 -0.1984
-24.5863 78.2617 -44.5784 0.0000 1650410360690 824373.0000 -0.1984
-24.4874 78.4155 -44.1865 0.0000 1650410360744 824427.0000 -0.1984
-24.3530 78.4887 -43.4953 0.0000 1650410360796 824481.0000 -0.1984
-23.9958 78.6567 -43.6785 0.0000 1650410360850 824535.0000 -0.1984
-23.8276 78.5193 -42.8852 0.0000 1650410360905 824589.0000 -0.1989
-23.9136 78.5513 -41.7861 0.0000 1650410360959 824643.0000 -0.1989
-23.8115 78.6045 -40.3203 0.0000 1650410361013 824697.0000 -0.1984
-23.8572 78.6378 -39.8963 0.0000 1650410361067 824751.0000 -0.1984
-23.7960 78.4834 -38.0441 0.0000 1650410361121 824805.0000 -0.1989
-23.8862 78.4788 -37.7053 0.0000 1650410361175 824859.0000 -0.1989
-23.9044 78.5731 -36.0397 0.0000 1650410361229 824913.0000 -0.1984
-23.9604 78.6183 -34.6990 0.0000 1650410361283 824967.0000 -0.1989
-23.9887 78.6860 -33.2458 0.0000 1650410361338 825021.0000 -0.1989
-23.9039 78.8303 -32.0559 0.0000 1650410361392 825074.0000 -0.1989
-23.9546 78.8602 -30.8514 0.0000 1650410361444 825128.0000 -0.1994
-23.9618 78.9024 -29.5870 0.0000 1650410361498 825182.0000 -0.1984
-23.9941 78.9029 -28.4155 0.0000 1650410361552 825236.0000 -0.1984
-23.8335 78.7633 -27.0838 0.0000 1650410361606 825290.0000 -0.1984
-23.8937 78.8612 -25.8803 0.0000 1650410361660 825344.0000 -0.1989
-23.8682 78.7479 -24.5954 0.0000 1650410361714 825398.0000 -0.1989
-23.8493 78.7027 -24.2672 0.0000 1650410361769 825452.0000 -0.1984
-23.7253 78.6860 -22.9180 0.0000 1650410361823 825506.0000 -0.1984
-23.9092 78.5665 -23.0745 0.0000 1650410361877 825560.0000 -0.1984
-23.8686 78.5635 -23.1070 0.0000 1650410361931 825614.0000 -0.1989
-23.9375 78.5105 -23.7770 0.0000 1650410361986 825668.0000 -0.1989
-23.9985 78.4974 -23.7737 0.0000 1650410362037 825722.0000 -0.1989
-23.8739 78.4300 -23.0923 0.0000 1650410362092 825776.0000 -0.1984
-23.9113 78.5310 -23.8152 0.0000 1650410362146 825830.0000 -0.1984
-23.8559 78.4639 -23.1552 0.0000 1650410362200 825884.0000 -0.1994
-24.0219 78.5295 -23.8820 0.0000 1650410362254 825938.0000 -0.1989
-23.7971 78.4194 -22.9465 0.0000 1650410362308 825992.0000 -0.1989
-23.8731 78.4999 -23.0435 0.0000 1650410362362 826046.0000 -0.1984
-23.9403 78.3635 -23.8275 0.0000 1650410362416 826100.0000 -0.1989
-23.7759 78.3976 -23.2437 0.0000 1650410362470 826154.0000 -0.1989
-23.8633 78.3224 -23.0075 0.0000 1650410362525 826208.0000 -0.1989
-23.8105 78.3735 -22.9247 0.0000 1650410362579 826262.0000 -0.1989
-23.8220 78.2359 -23.2532 0.0000 1650410362633 826316.0000 -0.1989
-23.8806 78.4378 -23.0919 0.0000 1650410362685 826370.0000 -0.1989
-23.8240 78.4998 -23.1238 0.0000 1650410362739 826424.0000 -0.1994
-23.8300 78.4752 -23.1678 0.0000 1650410362793 826477.0000 -0.1994
-23.8726 78.6206 -23.0274 0.0000 1650410362847 826531.0000 -0.1989
-23.8923 78.7500 -23.1658 0.0000 1650410362902 826585.0000 -0.1989
-23.7604 78.6830 -23.2050 0.0000 1650410362956 826639.0000 -0.1989
-23.7971 78.6332 -23.1314 0.0000 1650410363010 826693.0000 -0.1994
-23.8376 78.6037 -23.1782 0.0000 1650410363064 826747.0000 -0.1994
-26.1039 78.4663 -22.9810 0.0000 1650410363118 826801.0000 -0.1989
-24.1300 78.7901 -24.1577 0.0000 1650410363173 826855.0000 -0.1989
-24.0675 78.9184 -25.5725 0.0000 1650410363227 826909.0000 -0.1994
-24.0726 78.7785 -26.8646 0.0000 1650410363278 826963.0000 -0.1994
-24.1483 78.8184 -28.1336 0.0000 1650410363333 827017.0000 -0.1994
-24.0801 78.7836 -29.5117 0.0000 1650410363387 827071.0000 -0.1989
-24.1324 78.4094 -30.7973 0.0000 1650410363441 827125.0000 -0.1989
-24.0616 78.6263 -32.1331 0.0000 1650410363495 827179.0000 -0.1989
-24.0795 78.2994 -33.2756 0.0000 1650410363549 827233.0000 -0.1994
-24.0488 78.2833 -34.6562 0.0000 1650410363604 827287.0000 -0.1994
-24.0661 78.3584 -36.0131 0.0000 1650410363658 827341.0000 -0.1994
-24.3934 78.3223 -37.0392 0.0000 1650410363712 827395.0000 -0.1994
-24.5695 78.2725 -37.5740 0.0000 1650410363766 827449.0000 -0.1994
-24.4585 78.2826 -38.8064 0.0000 1650410363820 827503.0000 -0.1994
-24.4996 78.3230 -40.3807 0.0000 1650410363874 827557.0000 -0.1989
-24.5538 78.2501 -41.4788 0.0000 1650410363926 827611.0000 -0.1989
-24.4608 78.3292 -42.5718 0.0000 1650410363980 827665.0000 -0.1989
-24.4766 78.2604 -43.3093 0.0000 1650410364035 827719.0000 -0.1989
-24.2814 78.2456 -43.3827 0.0000 1650410364089 827773.0000 -0.1994
-24.2865 78.0324 -44.0570 0.0000 1650410364143 827826.0000 -0.1994
-24.2143 78.2226 -44.1603 0.0000 1650410364197 827880.0000 -0.1989
-24.2960 78.2644 -44.9848 0.0000 1650410364251 827934.0000 -0.1989
-24.3087 77.9751 -45.9059 0.0000 1650410364305 827988.0000 -0.1989
-24.1868 78.0210 -46.0573 0.0000 1650410364359 828042.0000 -0.1994
-24.3778 78.1395 -45.3599 0.0000 1650410364413 828096.0000 -0.1989
-24.2726 77.8286 -46.3521 0.0000 1650410364468 828150.0000 -0.1989
-24.3114 77.7806 -45.5779 0.0000 1650410364520 828204.0000 -0.1989
-24.3182 77.9388 -45.1411 0.0000 1650410364574 828258.0000 -0.1989
-24.4430 77.9350 -45.1805 0.0000 1650410364628 828312.0000 -0.1994
-24.5200 78.2865 -44.8563 0.0000 1650410364682 828366.0000 -0.1999
-24.5001 78.3633 -45.1806 0.0000 1650410364736 828420.0000 -0.1999
-23.9675 78.4779 -43.4231 0.0000 1650410364791 828474.0000 -0.1989
-23.8546 78.6437 -43.9287 0.0000 1650410364845 828528.0000 -0.1994
-23.9299 78.6981 -43.3419 0.0000 1650410364899 828582.0000 -0.1999
-23.7966 78.5559 -42.2471 0.0000 1650410364953 828636.0000 -0.1994
-23.8843 78.5768 -40.9018 0.0000 1650410365007 828690.0000 -0.1994
