22.4564 -69.4388 -51.0724 37.8096 1690737180050 504.0000 -0.0321
23.4680 -69.5085 -51.1398 40.4945 1690737180082 536.5000 -0.0206
23.7246 -69.4195 -50.6397 40.0739 1690737180116 569.2500 -0.0177
23.3374 -68.4250 -52.9052 42.3139 1690737180148 602.0000 -0.0177
23.1614 -68.6004 -52.8521 50.4220 1690737180181 634.7500 -0.0079
23.7063 -68.8808 -52.4220 61.8683 1690737180214 668.5000 -0.0031
23.7027 -69.3828 -52.1654 61.2971 1690737180247 700.0000 0.0018
23.3655 -69.7205 -51.7698 69.1652 1690737180279 732.7500 0.0045
23.0861 -70.1577 -51.5858 57.6017 1690737180312 47.5000 0.0126
22.8173 -70.4288 -51.1123 61.4236 1690737180345 80.0000 0.0228
22.5267 -70.9295 -51.3269 37.1662 1690737180377 113.0000 0.0228
22.6633 -70.4145 -51.6194 30.8879 1690737180409 145.5000 0.0336
23.0295 -70.3810 -50.9184 28.1585 1690737180443 178.0000 0.0369
22.7332 -70.0173 -50.7162 41.1241 1690737180475 211.0000 0.0380
22.2416 -69.5201 -50.9020 50.0226 1690737180507 244.7500 0.0393
21.6567 -70.4880 -50.9300 46.7285 1690737180541 276.0000 0.0437
20.3429 -69.3174 -52.3887 51.3975 1690737180574 309.0000 0.0448
20.7951 -68.9160 -52.9938 39.0213 1690737180606 341.0000 0.0448
21.1420 -68.3640 -52.8517 42.5246 1690737180639 374.2500 0.0422
21.5555 -69.4270 -51.7563 27.4625 1690737180672 407.0000 0.0414
21.9037 -69.5154 -51.7943 37.4009 1690737180704 439.7500 0.0311
21.5815 -69.4647 -51.2129 40.5193 1690737180736 472.5000 0.0194
21.3769 -69.2642 -50.7652 42.3178 1690737180770 505.0000 0.0111
21.4761 -69.8899 -50.7838 34.8934 1690737180802 537.7500 0.0111
22.5566 -70.6068 -50.3073 33.6395 1690737180834 570.2500 -0.0099
23.1952 -70.1467 -51.0824 39.2807 1690737180867 603.0000 -0.0275
22.7812 -69.0995 -52.0314 42.7903 1690737180900 636.0000 -0.0333
23.2669 -69.2463 -51.8712 61.0084 1690737180932 668.5000 -0.0385
23.6639 -69.6217 -51.4330 62.3330 1690737180966 701.0000 -0.0538
23.5392 -69.8922 -50.8509 52.6232 1690737180999 733.7500 -0.0586
23.1661 -70.5694 -50.2072 63.3817 1690737181031 579.5000 -0.0729
23.3513 -70.8191 -50.0396 50.0121 1690737181063 52.0000 -0.0919
23.4111 -71.3031 -49.8023 39.3738 1690737181097 85.0000 -0.0919
23.2591 -70.9283 -49.8117 27.8168 1690737181129 117.5000 -0.1005
23.4468 -70.8571 -49.8262 37.9556 1690737181161 150.2500 -0.1186
23.3129 -70.3025 -49.9005 43.4176 1690737181195 183.0000 -0.1281
23.5754 -69.9721 -49.7105 45.8600 1690737181227 215.5000 -0.1281
24.1169 -70.2706 -49.7513 47.6855 1690737181259 248.2500 -0.1418
23.5889 -70.7155 -49.3941 43.7760 1690737181292 281.0000 -0.1579
22.6525 -69.8261 -50.8422 40.2564 1690737181325 313.7500 -0.1579
22.9108 -68.9797 -51.5045 36.3103 1690737181358 346.5000 -0.1678
23.1039 -69.1287 -51.5419 38.4057 1690737181390 378.7500 -0.1769
24.3970 -69.8922 -50.5392 25.6859 1690737181424 411.7500 -0.1828
24.5825 -70.3218 -50.3174 24.7948 1690737181456 444.5000 -0.1828
24.7856 -70.1595 -50.2088 32.6255 1690737181488 477.0000 -0.1955
24.9486 -70.1236 -49.9403 39.5502 1690737181522 510.0000 -0.2017
26.2269 -70.1492 -49.8550 41.7895 1690737181554 542.5000 -0.2038
26.4691 -69.5270 -49.4873 45.8060 1690737181590 575.0000 -0.2074
25.1468 -68.3281 -52.0507 36.5857 1690737181621 608.0000 -0.2087
24.8823 -67.8889 -52.4408 36.2061 1690737181654 640.5000 -0.2106
24.6300 -68.2742 -51.8185 61.0021 1690737181686 673.2500 -0.2131
24.7768 -68.9893 -51.0040 61.4601 1690737181719 706.0000 -0.2145
24.4016 -69.3443 -50.6548 64.2991 1690737181752 738.5000 -0.2145
23.7839 -69.9939 -50.0043 58.0663 1690737181783 399.2500 -0.2164
23.6839 -70.1217 -49.7728 43.2158 1690737181815 59.5000 -0.2175
23.6535 -70.0197 -49.4389 31.2403 1690737181849 92.2500 -0.2179
23.9927 -71.0222 -48.9752 30.2306 1690737181881 125.5000 -0.2179
24.4255 -70.8123 -49.3510 28.4467 1690737181913 158.0000 -0.2155
24.5819 -70.3194 -49.2022 34.0039 1690737181946 190.7500 -0.2133
24.5705 -69.8222 -49.5139 41.6578 1690737181979 223.5000 -0.2126
24.7106 -70.1454 -49.3747 58.0892 1690737182011 256.0000 -0.2094
23.9964 -70.2924 -50.3013 39.4525 1690737182044 289.0000 -0.2062
24.1552 -70.0958 -50.5588 28.3037 1690737182077 321.5000 -0.2044
23.6583 -68.9392 -51.4681 42.3760 1690737182110 353.7500 -0.1989
23.9045 -69.0246 -51.7681 38.8716 1690737182142 388.5000 -0.1911
25.1921 -69.6207 -50.9973 33.2576 1690737182176 419.5000 -0.1911
25.3532 -69.6385 -50.6290 44.1139 1690737182208 451.5000 -0.1864
25.2532 -69.3970 -50.3374 40.6615 1690737182240 485.0000 -0.1803
25.8558 -69.8347 -50.3758 41.9248 1690737182273 517.5000 -0.1759
26.4203 -69.8579 -49.8994 39.9443 1690737182306 550.2500 -0.1759
25.2436 -68.2175 -51.7028 44.3691 1690737182338 583.0000 -0.1740
24.8756 -67.8107 -52.0808 53.2617 1690737182371 615.5000 -0.1695
24.9244 -68.0452 -51.9655 65.7996 1690737182404 648.2500 -0.1686
24.8481 -68.7076 -51.4107 66.6693 1690737182436 681.0000 -0.1675
24.1423 -69.4486 -50.6596 60.5487 1690737182469 713.7500 -0.1642
23.8865 -69.6199 -50.3352 59.2408 1690737182503 387.0000 -0.1618
23.2909 -69.8463 -50.1119 55.4132 1690737182535 60.0000 -0.1596
23.0249 -70.1666 -49.9266 30.8960 1690737182567 92.7500 -0.1574
23.6635 -70.9792 -48.8570 41.4615 1690737182600 125.5000 -0.1564
23.9387 -70.8568 -49.6671 38.1337 1690737182633 157.5000 -0.1554
23.9578 -70.1307 -49.4443 27.6653 1690737182668 191.0000 -0.1540
23.8030 -69.8018 -49.9791 47.6853 1690737182699 223.5000 -0.1535
23.5804 -69.9421 -49.2810 39.5995 1690737182731 256.0000 -0.1520
22.2297 -69.6787 -51.0914 36.5909 1690737182763 289.0000 -0.1505
22.4717 -69.1626 -51.4735 39.4985 1690737182795 321.5000 -0.1498
22.5308 -69.2720 -51.8467 39.3750 1690737182829 354.2500 -0.1476
22.6185 -69.1598 -52.1186 31.8957 1690737182861 387.0000 -0.1437
23.0049 -69.2403 -52.2516 33.1303 1690737182894 419.5000 -0.1437
23.2670 -69.4594 -52.2709 33.0976 1690737182928 451.5000 -0.1427
24.0822 -69.4165 -51.0355 26.6763 1690737182960 484.7500 -0.1364
23.3180 -69.2904 -51.9104 31.5485 1690737182992 517.7500 -0.1330
25.5194 -69.5250 -50.5871 30.7277 1690737183025 550.0000 -0.1330
24.4859 -68.5581 -52.2372 34.2970 1690737183058 583.0000 -0.1234
24.4362 -68.1454 -52.5666 68.4634 1690737183090 615.7500 -0.1066
24.4388 -68.2582 -52.3544 68.0203 1690737183122 648.5000 -0.1066
24.3322 -68.8100 -51.8847 81.6580 1690737183156 681.0000 -0.0967
24.2235 -69.3005 -51.6074 77.2696 1690737183188 714.0000 -0.0868
24.0429 -69.5636 -51.1255 59.7308 1690737183220 387.5000 -0.0802
23.5141 -70.0273 -50.5781 62.6607 1690737183254 61.0000 -0.0802
22.8660 -70.6101 -50.4810 46.2787 1690737183287 94.0000 -0.0670
23.1091 -70.2604 -50.6254 31.2765 1690737183319 126.5000 -0.0564
23.4883 -71.0625 -50.3313 34.9306 1690737183352 159.0000 -0.0529
23.9438 -70.7564 -50.3762 35.1121 1690737183385 192.0000 -0.0497
23.4528 -69.8485 -50.6142 53.3516 1690737183417 224.5000 -0.0402
23.0096 -69.9109 -50.2510 48.3108 1690737183449 258.2500 -0.0255
21.5173 -69.9496 -51.4942 40.8818 1690737183483 290.0000 -0.0255
21.3509 -69.2837 -52.3336 55.1854 1690737183515 322.5000 -0.0178
21.4984 -69.0631 -52.3064 40.6855 1690737183547 355.2500 -0.0104
21.6713 -69.1436 -52.1898 42.0222 1690737183581 388.0000 -0.0055
21.5792 -69.2332 -52.1464 39.6456 1690737183613 420.7500 -0.0032
22.3370 -69.5458 -51.5854 47.5322 1690737183645 453.5000 0.0038
22.2994 -69.8075 -51.3147 53.1035 1690737183679 486.0000 0.0038
21.8233 -69.9074 -51.4702 46.9128 1690737183713 518.7500 0.0101
22.4071 -69.1950 -51.6651 45.5382 1690737183744 551.0000 0.0142
22.4097 -69.6736 -52.0934 38.8717 1690737183777 584.0000 0.0155
22.8823 -69.3624 -52.7240 65.1647 1690737183810 616.7500 0.0165
23.5398 -69.3536 -52.7126 65.0546 1690737183842 649.2500 0.0194
23.9524 -69.6141 -52.3578 72.3039 1690737183874 682.0000 0.0248
23.6549 -70.0640 -52.2845 62.4427 1690737183908 715.0000 0.0248
23.5065 -70.3842 -51.9104 65.8688 1690737183940 565.7500 0.0270
23.3320 -70.7411 -51.4679 58.9870 1690737183972 53.2500 0.0295
23.1192 -70.9969 -51.1036 45.2432 1690737184006 86.0000 0.0306
22.9814 -71.2661 -51.1520 42.7584 1690737184038 118.5000 0.0306
22.4000 -70.7335 -51.7805 33.0177 1690737184071 151.2500 0.0274
22.8181 -70.2435 -50.8906 28.5236 1690737184104 184.0000 0.0192
22.5458 -70.2207 -50.3225 42.9033 1690737184137 216.7500 0.0121
22.6228 -70.0167 -50.4894 44.5854 1690737184169 249.5000 0.0076
21.8643 -70.6434 -50.1265 40.4376 1690737184201 282.0000 -0.0060
20.6880 -69.6206 -51.7153 40.3341 1690737184235 314.5000 -0.0245
21.0680 -69.3686 -52.1439 39.8720 1690737184267 347.2500 -0.0245
21.0815 -69.2558 -52.0174 35.7374 1690737184299 380.0000 -0.0465
21.0313 -69.2530 -52.1258 24.3193 1690737184332 413.0000 -0.0465
22.0021 -70.3984 -50.9987 32.3370 1690737184365 445.5000 -0.0645
21.9373 -70.5339 -50.9480 46.8005 1690737184397 478.0000 -0.0812
22.1741 -70.1516 -50.5597 48.5182 1690737184431 511.0000 -0.0919
22.3193 -70.8138 -50.5291 50.9744 1690737184464 543.5000 -0.0968
23.7432 -71.0563 -50.4505 40.5657 1690737184496 576.0000 -0.1115
23.6009 -69.5863 -51.6413 37.3384 1690737184528 608.7500 -0.1156
23.7245 -69.1056 -52.2175 44.2510 1690737184562 641.2500 -0.1281
23.9814 -68.9513 -51.6338 62.9389 1690737184594 674.2500 -0.1452
24.2018 -69.3863 -51.1920 50.8363 1690737184626 706.7500 -0.1452
23.8722 -69.8120 -50.8884 57.5314 1690737184660 739.5000 -0.1490
23.5845 -70.2635 -50.3401 56.7286 1690737184692 584.0000 -0.1641
23.7249 -70.5766 -49.9636 66.9972 1690737184724 51.0000 -0.1755
23.4711 -71.2551 -49.7059 50.5463 1690737184757 83.7500 -0.1755
24.2089 -71.4552 -49.2721 33.5678 1690737184790 116.5000 -0.1896
24.0518 -71.4320 -49.9873 25.8346 1690737184822 149.0000 -0.1999
23.8948 -70.6426 -49.7814 31.2908 1690737184855 181.7500 -0.2033
24.3567 -70.4603 -49.3692 44.0260 1690737184889 214.5000 -0.2051
24.9873 -70.4347 -49.9351 50.6697 1690737184921 247.0000 -0.2106
24.5262 -70.8867 -49.7185 40.7341 1690737184953 280.0000 -0.2175
23.8897 -69.5501 -51.1358 48.2124 1690737184987 312.5000 -0.2175
23.5149 -69.5339 -51.8808 37.7217 1690737185019 345.0000 -0.2219
23.6611 -69.3401 -51.9556 33.3893 1690737185051 379.2500 -0.2231
24.2568 -69.1428 -52.0495 32.8592 1690737185084 410.2500 -0.2243
25.5112 -69.9372 -50.8604 23.8221 1690737185117 443.2500 -0.2245
25.5931 -69.8517 -50.8725 29.6908 1690737185149 476.0000 -0.2253
25.5349 -70.3696 -50.3652 34.4911 1690737185182 508.5000 -0.2250
27.3983 -69.7598 -50.4747 43.0694 1690737185216 541.2500 -0.2214
27.1203 -69.6604 -50.2495 40.3037 1690737185248 574.0000 -0.2214
26.0441 -69.0368 -51.2503 41.7974 1690737185280 606.7500 -0.2214
25.4445 -68.1347 -52.1523 41.7974 1690737185297 623.0000 -0.2211
