42.8394 -45.4863 -38.5573 37.6347 1690755198359 75.7500 -0.1984
42.9126 -45.5863 -38.0435 38.2692 1690755198391 86.7500 -0.2011
43.8646 -45.1200 -37.8269 49.5767 1690755198425 53.2500 -0.2038
44.0210 -46.0884 -37.4212 50.8381 1690755198457 85.7500 -0.2038
44.6264 -47.5410 -38.0470 34.6526 1690755198489 118.7500 -0.2060
43.9639 -47.3565 -37.7304 35.4017 1690755198522 68.0000 -0.2090
43.0912 -45.9234 -37.7868 41.0283 1690755198555 73.0000 -0.2116
42.6730 -45.1932 -37.5778 33.0835 1690755198587 84.0000 -0.2116
42.5003 -46.0572 -38.1690 35.8041 1690755198620 52.0000 -0.2131
42.7530 -46.9202 -38.3855 64.6573 1690755198653 85.0000 -0.2148
42.5310 -46.6802 -38.1442 37.1349 1690755198685 117.7500 -0.2155
42.6871 -45.7761 -37.7765 36.3814 1690755198717 46.5000 -0.2156
43.0053 -45.5917 -37.8138 37.2418 1690755198751 79.0000 -0.2160
42.9123 -45.9585 -37.5893 33.3027 1690755198784 111.7500 -0.2160
42.0606 -46.4105 -37.7872 36.1105 1690755198816 144.5000 -0.2160
41.9601 -46.1732 -37.9466 42.0100 1690755198850 70.7500 -0.2164
42.3835 -45.9170 -37.4880 48.3322 1690755198882 67.5000 -0.2167
43.2321 -45.1163 -38.1671 42.4119 1690755198914 42.2500 -0.2170
43.5188 -45.2404 -37.4170 42.6395 1690755198947 75.2500 -0.2166
44.3107 -47.0692 -37.4330 36.0963 1690755198980 107.2500 -0.2165
45.0145 -47.6642 -37.1598 46.9451 1690755199012 46.7500 -0.2165
44.8312 -47.2871 -37.1163 38.0288 1690755199044 79.2500 -0.2158
42.8919 -46.1338 -37.2297 39.6865 1690755199078 46.0000 -0.2144
42.6117 -45.1564 -37.8377 51.2498 1690755199110 78.7500 -0.2131
42.4916 -45.6851 -38.4697 32.9024 1690755199142 54.2500 -0.2101
43.1070 -46.1024 -38.4405 39.5634 1690755199177 68.0000 -0.2101
43.2915 -46.5267 -38.4976 35.5606 1690755199209 100.7500 -0.2098
43.2815 -46.7599 -38.4394 39.8883 1690755199241 63.0000 -0.2087
43.1811 -46.0716 -38.1631 29.7449 1690755199274 72.0000 -0.2084
43.0310 -45.8274 -38.2349 49.1241 1690755199307 104.7500 -0.2079
43.5590 -45.7797 -37.8499 39.6584 1690755199339 137.5000 -0.2072
43.4891 -46.2887 -37.1614 39.9954 1690755199371 42.0000 -0.2048
43.4720 -46.2104 -37.1398 43.2774 1690755199405 74.2500 -0.2048
44.1060 -45.5321 -37.4028 37.8414 1690755199437 107.2500 -0.2048
43.7759 -46.2216 -36.7665 30.0459 1690755199469 48.2500 -0.1994
43.3498 -46.9340 -37.0173 38.4742 1690755199503 80.7500 -0.1957
42.9406 -46.2871 -37.0851 46.7581 1690755199535 113.7500 -0.1945
43.4395 -45.3357 -37.8708 36.5600 1690755199568 146.2500 -0.1896
43.5655 -45.7285 -37.5063 42.5897 1690755199601 178.7500 -0.1896
44.2384 -46.1370 -37.6797 56.9567 1690755199634 211.7500 -0.1852
43.9742 -46.2820 -37.2284 52.1883 1690755199666 189.0000 -0.1827
43.4989 -45.9352 -37.4134 42.2014 1690755199699 55.2500 -0.1811
42.8766 -45.8876 -37.8054 40.0325 1690755199732 88.7500 -0.1789
42.6740 -45.6518 -37.7484 48.4699 1690755199764 120.7500 -0.1789
42.8266 -46.1910 -38.0372 47.4650 1690755199796 91.2500 -0.1772
43.1755 -45.5362 -38.1729 46.5545 1690755199830 61.7500 -0.1755
43.6116 -45.9081 -38.4166 50.7326 1690755199862 94.5000 -0.1735
44.0825 -45.9704 -37.8478 44.4348 1690755199894 56.5000 -0.1725
44.5689 -45.2435 -37.6752 45.3403 1690755199928 65.7500 -0.1716
45.2384 -45.1288 -37.0077 69.8473 1690755199961 98.5000 -0.1716
45.0780 -46.1746 -36.5024 45.9646 1690755199993 42.2500 -0.1706
44.2692 -46.0293 -37.1078 46.2703 1690755200026 74.7500 -0.1695
43.1481 -45.3839 -37.4839 43.6816 1690755200059 107.7500 -0.1691
43.1927 -45.5082 -38.5357 47.3314 1690755200091 140.2500 -0.1695
43.6223 -45.2714 -38.0336 36.8126 1690755200123 99.2500 -0.1696
44.5131 -45.9488 -37.0901 49.3368 1690755200157 58.7500 -0.1711
43.9086 -46.2296 -37.1732 40.2915 1690755200189 90.7500 -0.1723
42.7645 -46.1051 -37.3254 48.9438 1690755200222 123.2500 -0.1735
42.2388 -45.7810 -37.8093 50.5043 1690755200255 46.7500 -0.1779
42.8348 -45.8351 -38.6160 46.3554 1690755200287 79.2500 -0.1794
43.3829 -45.9076 -38.0784 44.6765 1690755200319 112.0000 -0.1794
44.4132 -45.8221 -37.5538 50.0425 1690755200353 61.5000 -0.1791
44.2985 -45.9117 -36.9066 48.8522 1690755200386 66.2500 -0.1789
44.3109 -45.8959 -36.6868 51.4639 1690755200418 42.0000 -0.1750
44.4658 -46.4173 -36.6897 46.4463 1690755200450 74.7500 -0.1720
44.7199 -46.4461 -36.6895 64.9527 1690755200484 107.2500 -0.1691
43.5673 -46.4035 -37.1270 63.6996 1690755200516 110.5000 -0.1598
42.4794 -45.7308 -37.2519 63.2378 1690755200548 55.7500 -0.1598
43.2339 -45.4277 -37.8655 48.6022 1690755200582 52.7500 -0.1486
44.1965 -45.5566 -37.3764 41.6762 1690755200614 71.2500 -0.1486
44.4335 -46.6241 -37.0780 52.4853 1690755200646 41.7500 -0.1409
43.2553 -46.3539 -37.1857 45.4981 1690755200679 74.7500 -0.1383
42.6983 -46.2309 -37.4704 52.4509 1690755200712 107.2500 -0.1286
42.4600 -46.1838 -37.6069 40.5441 1690755200745 139.7500 -0.1286
42.7962 -45.4607 -37.9253 49.8493 1690755200777 172.7500 -0.1177
43.0561 -45.8094 -37.4103 38.0611 1690755200811 42.2500 -0.1115
43.2453 -46.6513 -37.3592 46.4295 1690755200843 62.0000 -0.1115
43.3902 -46.7097 -37.4122 45.8238 1690755200875 55.7500 -0.1053
43.9431 -45.9705 -37.3192 61.7781 1690755200909 88.2500 -0.1032
44.8283 -46.2132 -37.4083 38.4075 1690755200941 121.0000 -0.0954
44.5244 -47.5638 -37.4769 42.1566 1690755200973 89.2500 -0.0917
43.4284 -47.5837 -37.3119 46.3879 1690755201006 57.2500 -0.0880
42.9747 -46.8711 -38.1722 50.6989 1690755201039 89.5000 -0.0880
43.0057 -46.2267 -37.8005 43.2954 1690755201071 75.2500 -0.0807
43.8392 -46.7700 -37.7906 49.5789 1690755201104 60.5000 -0.0775
44.5122 -47.3655 -37.7691 46.5669 1690755201138 93.2500 -0.0744
43.5729 -47.8460 -38.0040 40.9714 1690755201170 125.7500 -0.0685
42.5135 -47.6699 -38.4065 46.8970 1690755201202 158.5000 -0.0685
42.3513 -47.2686 -38.3475 34.4242 1690755201236 147.5000 -0.0673
42.9547 -46.9885 -38.1782 35.8011 1690755201269 48.7500 -0.0636
43.3560 -47.0466 -38.2929 43.3197 1690755201300 81.2500 -0.0607
43.9363 -47.3359 -38.8015 42.6000 1690755201333 114.0000 -0.0592
43.0785 -47.4305 -38.7567 35.3592 1690755201366 115.0000 -0.0578
43.3798 -47.2650 -39.2103 39.4502 1690755201398 52.0000 -0.0578
43.6457 -47.5634 -38.0229 42.9244 1690755201431 85.2500 -0.0565
44.0441 -48.1057 -38.0873 40.2669 1690755201464 118.0000 -0.0553
44.4255 -48.7419 -38.5297 44.5995 1690755201497 150.7500 -0.0527
43.8986 -48.5094 -38.9452 51.6835 1690755201529 183.2500 -0.0513
43.1944 -48.2529 -38.6091 48.0627 1690755201563 45.0000 -0.0495
42.3439 -48.4131 -38.8131 37.6744 1690755201595 77.7500 -0.0495
43.2990 -48.3931 -38.9672 30.3429 1690755201627 110.5000 -0.0484
43.6541 -47.8512 -38.9229 44.8724 1690755201660 85.0000 -0.0484
43.6794 -48.0607 -38.7521 59.2753 1690755201693 59.7500 -0.0495
43.3830 -47.9412 -38.7337 41.4534 1690755201725 92.5000 -0.0524
43.7524 -48.0571 -39.5414 40.3708 1690755201758 99.7500 -0.0579
43.7294 -47.8335 -38.8336 38.9297 1690755201791 55.7500 -0.0656
43.8526 -47.9509 -38.6801 44.3818 1690755201823 58.7500 -0.0733
44.1813 -47.6699 -38.6158 40.0767 1690755201856 63.2500 -0.0758
44.5324 -47.5830 -38.5116 29.1180 1690755201890 95.7500 -0.0758
45.2342 -48.5598 -38.6944 42.4501 1690755201922 79.2500 -0.0875
44.1513 -48.4367 -37.9245 41.1438 1690755201954 62.2500 -0.0939
43.5852 -47.3435 -38.7686 36.1191 1690755201987 75.5000 -0.1002
42.8236 -46.5890 -38.9857 40.6738 1690755202020 49.7500 -0.1129
43.6859 -46.7550 -39.9359 53.0221 1690755202052 82.2500 -0.1129
44.2986 -47.1138 -39.6668 39.9500 1690755202085 115.0000 -0.1160
44.2387 -47.8080 -39.3623 50.6788 1690755202118 115.2500 -0.1252
43.9220 -47.4635 -39.3657 42.7413 1690755202150 54.5000 -0.1315
43.4916 -46.6116 -38.9063 33.1505 1690755202182 88.5000 -0.1379
43.0258 -46.2947 -39.2608 42.9527 1690755202216 119.5000 -0.1505
43.0238 -46.5632 -39.4644 36.2718 1690755202248 48.5000 -0.1535
43.6680 -46.7992 -39.7955 37.3217 1690755202280 81.2500 -0.1645
43.5782 -46.2013 -38.7307 39.3464 1690755202315 113.7500 -0.1711
44.0584 -45.8740 -38.6660 37.7290 1690755202347 115.5000 -0.1752
44.7896 -47.1282 -38.2113 33.1543 1690755202379 55.2500 -0.1794
45.2179 -48.1186 -38.7043 57.5051 1690755202412 87.7500 -0.1794
44.4310 -48.6195 -38.5249 42.7206 1690755202445 120.7500 -0.1794
43.6011 -46.8152 -38.7993 37.4147 1690755202477 48.2500 -0.1867
42.7876 -46.0834 -38.6692 25.5892 1690755202509 80.7500 -0.1930
42.9711 -46.3756 -38.5997 43.5349 1690755202543 53.0000 -0.1960
42.9572 -46.9882 -38.5515 45.6426 1690755202575 65.2500 -0.1989
43.3681 -46.6598 -38.6652 30.3143 1690755202607 97.7500 -0.2033
43.6220 -47.0689 -38.9378 36.3524 1690755202641 81.0000 -0.2043
43.3871 -46.0546 -38.7052 33.6280 1690755202674 65.2500 -0.2072
43.8862 -45.7935 -38.0925 36.0402 1690755202706 98.0000 -0.2072
43.5242 -46.5407 -37.8466 46.3637 1690755202739 130.7500 -0.2072
43.4863 -46.7921 -38.5392 39.2953 1690755202772 128.5000 -0.2109
43.8378 -46.9727 -38.6206 49.6339 1690755202804 56.0000 -0.2131
43.8160 -46.6144 -38.1341 51.7475 1690755202836 88.7500 -0.2131
44.2497 -47.0631 -37.8379 40.9950 1690755202870 48.5000 -0.2149
43.9394 -47.2222 -37.7103 37.3859 1690755202902 80.7500 -0.2153
43.7600 -46.3050 -37.9962 34.5808 1690755202934 44.5000 -0.2150
43.4547 -46.0426 -38.6187 35.7863 1690755202968 75.7500 -0.2150
43.3368 -46.3902 -39.1443 31.2354 1690755203000 107.7500 -0.2143
42.9293 -46.7019 -38.5991 36.4393 1690755203032 140.7500 -0.2140
42.8275 -46.5484 -37.7932 29.7571 1690755203066 74.0000 -0.2126
43.2378 -46.4103 -37.8445 33.6774 1690755203099 73.2500 -0.2122
43.3273 -46.8160 -37.9109 33.5074 1690755203131 106.0000 -0.2123
43.7028 -46.4673 -38.3335 38.6627 1690755203164 109.5000 -0.2131
43.2343 -46.3453 -38.1846 41.1219 1690755203197 54.2500 -0.2149
43.0335 -46.1116 -38.3219 42.3336 1690755203229 87.0000 -0.2155
44.1905 -45.8672 -38.1283 42.8941 1690755203261 56.0000 -0.2155
44.8404 -45.0499 -37.5314 53.4891 1690755203295 67.5000 -0.2162
45.9837 -45.4967 -37.2047 73.5234 1690755203327 47.0000 -0.2170
45.2092 -46.1214 -36.2613 42.5024 1690755203359 79.7500 -0.2165
44.6195 -46.2848 -37.5661 55.9139 1690755203392 112.5000 -0.2150
43.6319 -45.9819 -38.3987 55.9139 1690755203417 136.7500 -0.2150
