-12.7107 77.7898 -28.9805 0.0000 1650405795681 1191430.0000 -0.2004
-12.7107 77.7898 -28.9805 0.0000 1650405795710 1191459.0000 -0.2004
-12.2023 78.2982 -29.4889 0.0000 1650405795739 1191487.7500 -0.2004
-12.4565 78.5524 -29.7431 0.0000 1650405795768 1191518.0000 -0.2004
-12.7107 77.7898 -28.9805 0.0000 1650405795797 1191545.7500 -0.2004
-12.2023 78.2982 -29.4889 0.0000 1650405795826 1191574.7500 -0.2004
-12.2023 78.2982 -29.4889 0.0000 1650405795855 1191603.7500 -0.2004
-12.2023 78.2982 -29.4889 0.0000 1650405795884 1191632.7500 -0.2004
-12.2023 78.2982 -29.4889 0.0000 1650405795912 1191661.7500 -0.1999
-12.7107 77.7898 -28.9805 0.0000 1650405795941 1191690.7500 -0.1999
-12.2023 78.2982 -29.4889 0.0000 1650405795971 1191719.7500 -0.1999
-12.2023 78.2982 -29.4889 0.0000 1650405796000 1191749.7500 -0.1999
-12.7107 77.7898 -28.9805 0.0000 1650405796028 1191779.0000 -0.1999
-12.4565 78.5524 -29.7431 0.0000 1650405796058 1191806.7500 -0.1999
-12.2023 78.2982 -29.4889 0.0000 1650405796087 1191836.7500 -0.1996
-12.4565 78.5524 -29.7431 0.0000 1650405796116 1191864.5000 -0.1994
-12.2023 78.2982 -29.4889 0.0000 1650405796145 1191893.7500 -0.1994
-12.7107 77.7898 -28.9805 0.0000 1650405796173 1191922.7500 -0.1994
-12.2023 78.2982 -29.4889 0.0000 1650405796203 1191951.7500 -0.1994
-12.2023 78.2982 -29.4889 0.0000 1650405796231 1191980.5000 -0.1994
-12.2023 78.2982 -29.4889 0.0000 1650405796260 1192009.7500 -0.1994
-12.7107 77.7898 -28.9805 0.0000 1650405796289 1192038.7500 -0.1994
-12.7107 77.7898 -28.9805 0.0000 1650405796318 1192067.7500 -0.1996
-12.4565 78.5524 -29.7431 0.0000 1650405796347 1192096.7500 -0.1999
-12.2023 78.2982 -29.4889 0.0000 1650405796376 1192125.5000 -0.1999
-12.4565 78.5524 -29.7431 0.0000 1650405796405 1192154.5000 -0.1999
-12.2023 78.2982 -29.4889 0.0000 1650405796435 1192183.2500 -0.1999
-12.2023 78.2982 -29.4889 0.0000 1650405796464 1192212.2500 -0.1999
-12.7107 77.7898 -28.9805 0.0000 1650405796492 1192241.2500 -0.1999
-12.2023 78.2982 -29.4889 0.0000 1650405796522 1192271.5000 -0.2004
-12.7107 77.7898 -28.9805 0.0000 1650405796550 1192298.5000 -0.2004
-12.2023 78.2982 -29.4889 0.0000 1650405796579 1192328.2500 -0.2004
-12.7107 77.7898 -28.9805 0.0000 1650405796608 1192357.2500 -0.2004
-12.2023 78.2982 -29.4889 0.0000 1650405796637 1192386.2500 -0.2004
-12.2023 78.2982 -29.4889 0.0000 1650405796666 1192415.2500 -0.2004
-12.2023 78.2982 -29.4889 0.0000 1650405796695 1192444.2500 -0.1999
-12.2023 78.2982 -29.4889 0.0000 1650405796724 1192473.2500 -0.1999
-12.9650 78.0440 -29.2347 0.0000 1650405796753 1192502.2500 -0.1999
-12.2023 78.2982 -29.4889 0.0000 1650405796782 1192533.7500 -0.1999
-12.2023 78.2982 -29.4889 0.0000 1650405796811 1192561.0000 -0.1999
-12.2023 78.2982 -29.4889 0.0000 1650405796840 1192589.0000 -0.1999
-12.7107 77.7898 -28.9805 0.0000 1650405796869 1192619.5000 -0.1999
-12.7107 77.7898 -28.9805 0.0000 1650405796899 1192646.7500 -0.1999
-12.2023 78.2982 -29.4889 0.0000 1650405796927 1192675.7500 -0.1994
-11.9481 78.5524 -29.2347 0.0000 1650405796956 1192704.7500 -0.1994
-12.2023 78.2982 -29.4889 0.0000 1650405796985 1192733.7500 -0.1994
-12.2023 78.2982 -29.4889 0.0000 1650405797014 1192762.7500 -0.1994
-12.2023 78.2982 -29.4889 0.0000 1650405797043 1192791.7500 -0.1994
-12.7107 77.7898 -28.9805 0.0000 1650405797071 1192820.7500 -0.1994
-12.7107 77.7898 -28.9805 0.0000 1650405797101 1192849.7500 -0.1994
-12.4565 78.5524 -29.7431 0.0000 1650405797130 1192878.7500 -0.1994
-12.4565 78.5524 -29.7431 0.0000 1650405797159 1192907.7500 -0.1999
-12.7107 77.7898 -28.9805 0.0000 1650405797187 1192936.7500 -0.1999
-12.9650 78.0440 -29.2347 0.0000 1650405797217 1192965.7500 -0.1999
-12.2023 78.2982 -29.4889 0.0000 1650405797246 1192994.7500 -0.1999
-12.2023 78.2982 -29.4889 0.0000 1650405797275 1193023.7500 -0.1999
-12.2023 78.2982 -29.4889 0.0000 1650405797304 1193053.7500 -0.1999
-12.4565 78.5524 -29.7431 0.0000 1650405797333 1193081.5000 -0.2000
-12.2023 78.2982 -29.4889 0.0000 1650405797362 1193110.7500 -0.2004
-12.2023 78.2982 -29.4889 0.0000 1650405797390 1193139.7500 -0.2004
-12.2023 78.2982 -29.4889 0.0000 1650405797419 1193168.7500 -0.2004
-12.2023 78.2982 -29.4889 0.0000 1650405797448 1193197.7500 -0.2004
-12.7107 77.7898 -28.9805 0.0000 1650405797477 1193226.5000 -0.2004
-12.2023 78.2982 -29.4889 0.0000 1650405797506 1193255.5000 -0.2004
-12.2023 78.2982 -29.4889 0.0000 1650405797536 1193284.5000 -0.1999
-12.2023 78.2982 -29.4889 0.0000 1650405797564 1193313.0000 -0.1999
-12.2023 78.2982 -29.4889 0.0000 1650405797593 1193341.7500 -0.1999
-12.4565 78.0440 -29.2347 0.0000 1650405797623 1193371.2500 -0.1999
-11.9481 78.5524 -29.2347 0.0000 1650405797651 1193403.0000 -0.1994
-12.2023 78.2982 -29.4889 0.0000 1650405797681 1193429.2500 -0.1994
-12.7107 77.7898 -28.9805 0.0000 1650405797709 1193458.2500 -0.1994
-12.2023 78.2982 -29.4889 0.0000 1650405797738 1193487.2500 -0.1994
-12.2023 78.2982 -29.4889 0.0000 1650405797767 1193516.2500 -0.1994
-12.2023 78.2982 -29.4889 0.0000 1650405797796 1193545.2500 -0.1994
-12.4565 78.5524 -29.7431 0.0000 1650405797825 1193574.2500 -0.1989
-12.2023 78.2982 -29.4889 0.0000 1650405797854 1193603.2500 -0.1989
-12.9650 78.0440 -29.2347 0.0000 1650405797883 1193632.0000 -0.1989
-12.2023 78.8066 -29.4889 0.0000 1650405797912 1193661.0000 -0.1989
-12.7107 77.7898 -28.9805 0.0000 1650405797941 1193690.0000 -0.1989
-12.2023 78.2982 -28.9805 0.0000 1650405797970 1193719.0000 -0.1989
-12.4565 78.0440 -29.2347 0.0000 1650405798000 1193747.7500 -0.1990
-12.7107 77.7898 -28.9805 0.0000 1650405798028 1193776.7500 -0.1994
-12.2023 78.2982 -29.4889 0.0000 1650405798057 1193805.7500 -0.1994
-12.4565 78.5524 -29.7431 0.0000 1650405798086 1193836.0000 -0.1994
-11.9481 78.5524 -29.2347 0.0000 1650405798115 1193863.2500 -0.1994
-12.7107 77.7898 -28.9805 0.0000 1650405798144 1193892.7500 -0.1994
-12.4565 78.0440 -28.7263 0.0000 1650405798173 1193921.7500 -0.1994
-12.2023 78.2982 -29.4889 0.0000 1650405798202 1193950.7500 -0.1994
-12.4565 78.5524 -29.7431 0.0000 1650405798230 1193979.7500 -0.1994
-12.2023 78.2982 -29.4889 0.0000 1650405798260 1194008.7500 -0.1994
-12.2023 78.2982 -29.4889 0.0000 1650405798289 1194037.7500 -0.1994
-12.7107 77.7898 -28.9805 0.0000 1650405798318 1194066.7500 -0.1994
-12.7107 77.7898 -28.9805 0.0000 1650405798347 1194100.0000 -0.1994
-12.7107 77.7898 -28.9805 0.0000 1650405798376 1194126.0000 -0.1994
-12.4565 78.5524 -29.7431 0.0000 1650405798405 1194153.7500 -0.1994
-12.7107 77.7898 -28.9805 0.0000 1650405798434 1194182.2500 -0.1994
-12.2023 78.2982 -29.4889 0.0000 1650405798463 1194211.7500 -0.1994
-12.7107 77.7898 -28.9805 0.0000 1650405798492 1194240.7500 -0.1989
-11.1855 77.2813 -28.9805 0.0000 1650405798521 1194269.7500 -0.1989
-12.7107 77.2813 -27.4552 0.0000 1650405798549 1194298.7500 -0.1989
-11.4397 77.5355 -28.2179 0.0000 1650405798579 1194327.5000 -0.1989
-11.4397 78.0440 -27.7094 0.0000 1650405798607 1194356.5000 -0.1989
-12.4565 79.0608 -26.1841 0.0000 1650405798636 1194385.5000 -0.1989
-12.2023 78.8066 -25.4215 0.0000 1650405798665 1194414.2500 -0.1984
-12.4565 78.5524 -24.6588 0.0000 1650405798695 1194443.2500 -0.1984
-12.2023 79.3150 -24.4046 0.0000 1650405798723 1194472.2500 -0.1984
-12.4565 78.5524 -23.6420 0.0000 1650405798753 1194501.2500 -0.1984
-12.4565 79.0608 -23.1336 0.0000 1650405798782 1194530.2500 -0.1984
-12.2023 79.3150 -22.3709 0.0000 1650405798811 1194559.2500 -0.1984
-12.4565 78.5524 -21.6083 0.0000 1650405798840 1194588.2500 -0.1989
-12.4565 79.0608 -22.1167 0.0000 1650405798868 1194620.0000 -0.1989
-11.9481 78.5524 -21.6083 0.0000 1650405798897 1194647.2500 -0.1990
-12.4565 79.0608 -22.1167 0.0000 1650405798926 1194675.2500 -0.1994
-12.7107 78.8066 -22.3709 0.0000 1650405798955 1194704.2500 -0.1994
-12.2023 78.8066 -21.8625 0.0000 1650405798984 1194733.2500 -0.1994
-12.7107 78.8066 -21.8625 0.0000 1650405799013 1194762.0000 -0.1994
-12.9650 78.0440 -21.6083 0.0000 1650405799042 1194791.0000 -0.1994
-13.4734 78.0440 -21.6083 0.0000 1650405799071 1194820.0000 -0.1994
-13.2192 78.2982 -21.3541 0.0000 1650405799100 1194849.0000 -0.1999
-13.2192 78.2982 -21.3541 0.0000 1650405799129 1194882.0000 -0.1998
-13.7276 78.2982 -21.3541 0.0000 1650405799159 1194906.2500 -0.1994
-13.2192 78.2982 -21.3541 0.0000 1650405799187 1194935.7500 -0.1994
-13.4734 78.0440 -21.6083 0.0000 1650405799216 1194964.5000 -0.1999
-13.4734 78.0440 -21.0998 0.0000 1650405799245 1194993.7500 -0.1998
-13.7276 77.7898 -21.8625 0.0000 1650405799274 1195022.7500 -0.1994
-13.4734 78.0440 -21.6083 0.0000 1650405799303 1195051.7500 -0.1994
-13.4734 78.0440 -21.6083 0.0000 1650405799332 1195080.7500 -0.1994
-13.2192 77.7898 -21.3541 0.0000 1650405799361 1195109.7500 -0.1994
-13.2192 77.7898 -21.3541 0.0000 1650405799390 1195138.7500 -0.1994
-13.4734 78.0440 -21.0998 0.0000 1650405799419 1195167.7500 -0.1994
-13.4734 78.0440 -21.6083 0.0000 1650405799448 1195196.7500 -0.1994
-13.2192 78.2982 -21.3541 0.0000 1650405799477 1195225.7500 -0.1994
-13.4734 77.5355 -21.6083 0.0000 1650405799506 1195254.7500 -0.1994
-13.7276 78.2982 -21.3541 0.0000 1650405799535 1195283.7500 -0.1994
-13.4734 78.0440 -21.6083 0.0000 1650405799564 1195312.7500 -0.1989
-13.4734 78.0440 -21.6083 0.0000 1650405799593 1195341.7500 -0.1989
-13.2192 77.7898 -21.3541 0.0000 1650405799622 1195370.7500 -0.1989
-13.4734 78.5524 -21.0998 0.0000 1650405799651 1195400.7500 -0.1989
-13.4734 78.0440 -21.6083 0.0000 1650405799680 1195428.2500 -0.1990
-13.7276 78.2982 -21.3541 0.0000 1650405799708 1195457.5000 -0.1994
-13.4734 77.5355 -21.6083 0.0000 1650405799738 1195486.5000 -0.1994
-13.7276 77.7898 -21.8625 0.0000 1650405799766 1195515.2500 -0.1994
-13.7276 77.7898 -21.8625 0.0000 1650405799795 1195544.2500 -0.1994
-13.7276 77.7898 -21.8625 0.0000 1650405799825 1195573.2500 -0.1994
-13.4734 78.0440 -21.0998 0.0000 1650405799854 1195602.2500 -0.1996
-13.7276 77.7898 -21.3541 0.0000 1650405799882 1195631.2500 -0.1999
-13.4734 77.5355 -21.6083 0.0000 1650405799911 1195661.2500 -0.1999
-13.7276 77.7898 -21.3541 0.0000 1650405799941 1195689.0000 -0.1999
-13.2192 77.7898 -21.3541 0.0000 1650405799970 1195718.2500 -0.1999
-13.4734 77.5355 -21.6083 0.0000 1650405799999 1195748.5000 -0.1999
-12.9650 78.0440 -21.0998 0.0000 1650405800027 1195776.2500 -0.1999
-13.4734 78.0440 -21.6083 0.0000 1650405800056 1195805.2500 -0.1999
-13.4734 77.5355 -21.6083 0.0000 1650405800085 1195834.2500 -0.1999
-13.2192 77.7898 -21.3541 0.0000 1650405800114 1195863.0000 -0.1994
-13.4734 78.0440 -21.6083 0.0000 1650405800143 1195892.0000 -0.1994
-13.7276 77.7898 -21.8625 0.0000 1650405800172 1195921.0000 -0.1994
-12.7107 77.7898 -21.8625 0.0000 1650405800201 1195950.0000 -0.1994
-12.2023 78.2982 -23.8962 0.0000 1650405800230 1195978.7500 -0.1989
-12.7107 78.2982 -23.8962 0.0000 1650405800259 1196007.7500 -0.1989
-11.4397 77.0271 -25.1673 0.0000 1650405800288 1196036.7500 -0.1984
-11.9481 77.0271 -25.6757 0.0000 1650405800318 1196065.7500 -0.1984
-11.9481 78.5524 -25.1673 0.0000 1650405800346 1196094.7500 -0.1984
-12.4565 78.0440 -26.1841 0.0000 1650405800375 1196123.7500 -0.1984
-11.9481 78.0440 -27.7094 0.0000 1650405800404 1196152.7500 -0.1984
-12.2023 78.2982 -27.4552 0.0000 1650405800433 1196183.0000 -0.1984
-12.4565 77.5355 -28.7263 0.0000 1650405800462 1196210.5000 -0.1984
-11.6939 78.2982 -28.9805 0.0000 1650405800491 1196239.7500 -0.1984
-12.2023 78.2982 -29.9974 0.0000 1650405800520 1196268.7500 -0.1987
-12.2023 77.7898 -31.0142 0.0000 1650405800549 1196297.7500 -0.1989
-12.4565 78.0440 -30.7600 0.0000 1650405800578 1196326.7500 -0.1990
-12.4565 78.0440 -32.2853 0.0000 1650405800607 1196355.7500 -0.1994
-12.2023 77.7898 -33.0479 0.0000 1650405800636 1196384.7500 -0.1994
-12.7107 77.7898 -33.0479 0.0000 1650405800665 1196415.0000 -0.1994
-12.4565 78.0440 -34.3190 0.0000 1650405800694 1196445.2500 -0.1995
-12.9650 78.0440 -34.3190 0.0000 1650405800723 1196471.2500 -0.1999
-12.2023 78.2982 -35.5901 0.0000 1650405800752 1196500.7500 -0.1999
-11.9481 77.5355 -36.3527 0.0000 1650405800781 1196532.5000 -0.1999
-12.4565 77.5355 -36.3527 0.0000 1650405800810 1196558.5000 -0.1999
-12.4565 78.0440 -37.3696 0.0000 1650405800839 1196587.5000 -0.1999
-11.6939 77.7898 -37.6238 0.0000 1650405800868 1196616.5000 -0.1999
-11.9481 77.5355 -37.3696 0.0000 1650405800897 1196645.2500 -0.1999
-12.2023 78.2982 -38.6407 0.0000 1650405800925 1196674.2500 -0.1999
-12.4565 77.5355 -38.3864 0.0000 1650405800954 1196703.2500 -0.1994
-11.4397 78.0440 -39.9117 0.0000 1650405800984 1196732.2500 -0.1994
-11.9481 78.5524 -40.4202 0.0000 1650405801013 1196761.2500 -0.1994
-12.2023 77.7898 -41.1828 0.0000 1650405801041 1196790.2500 -0.1994
-11.9481 77.0271 -40.4202 0.0000 1650405801071 1196819.2500 -0.1994
-11.1855 77.7898 -42.1997 0.0000 1650405801100 1196848.2500 -0.1994
-11.6939 78.2982 -42.1997 0.0000 1650405801129 1196877.2500 -0.1989
-11.6939 77.7898 -42.7081 0.0000 1650405801158 1196906.2500 -0.1989
-11.4397 77.5355 -42.9623 0.0000 1650405801187 1196935.2500 -0.1989
-11.6939 77.7898 -43.2165 0.0000 1650405801216 1196968.2500 -0.1989
-11.4397 78.0440 -42.9623 0.0000 1650405801244 1196992.7500 -0.1989
-11.1855 77.2813 -43.2165 0.0000 1650405801273 1197022.0000 -0.1989
-11.6939 77.7898 -44.2334 0.0000 1650405801302 1197051.0000 -0.1989
-11.9481 77.5355 -44.4876 0.0000 1650405801331 1197079.7500 -0.1989
-12.2023 77.2813 -44.2334 0.0000 1650405801360 1197108.7500 -0.1994
-12.7107 77.2813 -44.2334 0.0000 1650405801389 1197137.7500 -0.1994
-12.2023 77.2813 -44.2334 0.0000 1650405801418 1197166.7500 -0.1994
-11.1855 77.7898 -44.2334 0.0000 1650405801447 1197195.7500 -0.1994
-11.9481 78.0440 -44.9960 0.0000 1650405801477 1197226.0000 -0.1994
-11.9481 78.5524 -44.4876 0.0000 1650405801505 1197253.5000 -0.1994
-11.9481 77.5355 -44.9960 0.0000 1650405801534 1197282.7500 -0.1994
-11.6939 78.2982 -44.2334 0.0000 1650405801563 1197313.0000 -0.1994
-11.9481 78.0440 -44.4876 0.0000 1650405801592 1197340.7500 -0.1994
-12.2023 77.7898 -44.7418 0.0000 1650405801621 1197369.7500 -0.1994
-11.9481 78.5524 -43.9792 0.0000 1650405801650 1197398.7500 -0.1996
-11.6939 78.2982 -44.2334 0.0000 1650405801679 1197427.7500 -0.1999
-12.2023 78.2982 -43.7250 0.0000 1650405801708 1197456.7500 -0.1999
-11.9481 78.0440 -43.9792 0.0000 1650405801737 1197485.7500 -0.1999
-11.6939 78.2982 -43.7250 0.0000 1650405801765 1197514.7500 -0.1999
-11.9481 78.0440 -42.4539 0.0000 1650405801795 1197543.7500 -0.1994
-11.9481 78.0440 -42.4539 0.0000 1650405801824 1197572.7500 -0.1994
-11.6939 78.2982 -42.1997 0.0000 1650405801853 1197601.7500 -0.1994
-11.9481 78.0440 -41.9455 0.0000 1650405801882 1197630.7500 -0.1994
-11.9481 78.0440 -41.9455 0.0000 1650405801911 1197659.7500 -0.1994
-11.6939 78.2982 -40.6744 0.0000 1650405801940 1197688.5000 -0.1994
-12.2023 78.2982 -40.6744 0.0000 1650405801969 1197717.5000 -0.1989
-12.2023 78.2982 -40.6744 0.0000 1650405801998 1197745.7500 -0.1989
-11.9481 78.0440 -39.9117 0.0000 1650405802027 1197775.2500 -0.1989
-12.4565 78.5524 -39.4033 0.0000 1650405802056 1197804.2500 -0.1989
-12.4565 78.5524 -38.8949 0.0000 1650405802084 1197833.2500 -0.1987
-12.4565 78.0440 -38.3864 0.0000 1650405802114 1197862.2500 -0.1984
-11.9481 78.5524 -37.8780 0.0000 1650405802142 1197891.2500 -0.1984
-12.2023 78.2982 -36.6069 0.0000 1650405802171 1197920.2500 -0.1984
-12.2023 78.2982 -36.0985 0.0000 1650405802200 1197949.2500 -0.1985
-11.9481 78.5524 -35.8443 0.0000 1650405802229 1197978.2500 -0.1989
-12.7107 78.2982 -34.5732 0.0000 1650405802259 1198006.2500 -0.1989
-12.2023 78.2982 -34.5732 0.0000 1650405802288 1198036.2500 -0.1989
-12.7107 78.2982 -34.0648 0.0000 1650405802317 1198066.7500 -0.1989
-12.7107 78.8066 -33.0479 0.0000 1650405802345 1198095.0000 -0.1989
-12.4565 78.5524 -32.7937 0.0000 1650405802375 1198123.0000 -0.1989
-12.2023 78.8066 -32.0311 0.0000 1650405802403 1198152.0000 -0.1989
-12.4565 78.5524 -30.7600 0.0000 1650405802432 1198181.0000 -0.1989
-12.2023 78.8066 -31.0142 0.0000 1650405802461 1198209.7500 -0.1989
-12.2023 78.2982 -29.9974 0.0000 1650405802490 1198238.7500 -0.1989
-12.4565 79.0608 -29.2347 0.0000 1650405802519 1198267.7500 -0.1994
-12.2023 78.8066 -28.4721 0.0000 1650405802548 1198296.7500 -0.1994
-12.7107 78.2982 -27.4552 0.0000 1650405802577 1198325.7500 -0.1994
-11.6939 78.2982 -26.9468 0.0000 1650405802606 1198354.7500 -0.1994
-13.2192 77.7898 -26.4383 0.0000 1650405802636 1198383.7500 -0.1989
-12.2023 78.8066 -25.9299 0.0000 1650405802664 1198412.7500 -0.1989
-11.4397 78.0440 -25.6757 0.0000 1650405802694 1198441.7500 -0.1989
-12.4565 78.0440 -24.6588 0.0000 1650405802726 1198470.7500 -0.1989
-11.9481 78.5524 -23.6420 0.0000 1650405802751 1198499.7500 -0.1989
-12.2023 78.2982 -23.3878 0.0000 1650405802780 1198529.2500 -0.1989
-12.2023 79.3150 -22.3709 0.0000 1650405802809 1198557.7500 -0.1984
-12.4565 78.5524 -21.6083 0.0000 1650405802838 1198586.7500 -0.1984
-12.4565 78.0440 -20.5914 0.0000 1650405802867 1198615.7500 -0.1984
-11.9481 78.5524 -21.6083 0.0000 1650405802896 1198644.7500 -0.1984
-12.4565 78.5524 -22.1167 0.0000 1650405802925 1198673.7500 -0.1979
-12.7107 77.2813 -22.3709 0.0000 1650405802954 1198702.7500 -0.1979
-13.2192 78.2982 -21.3541 0.0000 1650405802983 1198731.7500 -0.1979
-12.7107 78.8066 -22.3709 0.0000 1650405803012 1198762.0000 -0.1979
-13.4734 78.0440 -21.6083 0.0000 1650405803041 1198791.7500 -0.1979
-13.2192 77.7898 -21.3541 0.0000 1650405803070 1198818.5000 -0.1979
-13.7276 78.2982 -21.3541 0.0000 1650405803099 1198847.5000 -0.1979
-13.4734 78.0440 -21.6083 0.0000 1650405803128 1198875.7500 -0.1979
-13.7276 78.2982 -21.3541 0.0000 1650405803157 1198905.2500 -0.1984
-13.7276 78.2982 -21.3541 0.0000 1650405803186 1198934.2500 -0.1984
-13.7276 78.2982 -21.3541 0.0000 1650405803215 1198963.2500 -0.1984
-13.2192 77.7898 -21.3541 0.0000 1650405803243 1198992.2500 -0.1984
-13.4734 78.0440 -21.6083 0.0000 1650405803273 1199021.2500 -0.1984
-13.2192 77.7898 -21.3541 0.0000 1650405803301 1199050.2500 -0.1984
-12.4565 79.0608 -22.1167 0.0000 1650405803331 1199079.2500 -0.1984
-13.4734 78.0440 -21.6083 0.0000 1650405803360 1199108.2500 -0.1984
-13.4734 78.0440 -21.6083 0.0000 1650405803389 1199137.2500 -0.1984
-13.2192 78.2982 -20.8456 0.0000 1650405803418 1199166.2500 -0.1984
-13.2192 77.7898 -21.3541 0.0000 1650405803447 1199195.2500 -0.1984
-13.4734 78.0440 -21.6083 0.0000 1650405803476 1199224.0000 -0.1984
-13.7276 77.7898 -21.8625 0.0000 1650405803505 1199253.0000 -0.1984
-13.7276 77.7898 -21.8625 0.0000 1650405803534 1199283.5000 -0.1984
-13.4734 78.0440 -21.0998 0.0000 1650405803562 1199311.5000 -0.1984
-13.4734 78.0440 -21.6083 0.0000 1650405803591 1199339.7500 -0.1984
-13.4734 78.0440 -21.6083 0.0000 1650405803620 1199368.7500 -0.1984
-13.2192 77.7898 -21.3541 0.0000 1650405803649 1199397.7500 -0.1979
-13.4734 78.0440 -21.6083 0.0000 1650405803678 1199426.7500 -0.1979
-13.4734 78.0440 -21.6083 0.0000 1650405803708 1199455.7500 -0.1974
-13.4734 78.0440 -21.6083 0.0000 1650405803736 1199484.7500 -0.1974
-13.4734 78.0440 -21.6083 0.0000 1650405803765 1199513.7500 -0.1974
-13.4734 78.0440 -21.6083 0.0000 1650405803795 1199544.2500 -0.1974
-13.4734 77.5355 -21.6083 0.0000 1650405803823 1199570.7500 -0.1974
-13.2192 78.2982 -21.3541 0.0000 1650405803853 1199600.7500 -0.1974
-13.4734 78.0440 -21.6083 0.0000 1650405803881 1199631.2500 -0.1976
-13.4734 78.0440 -21.6083 0.0000 1650405803910 1199658.5000 -0.1979
-13.2192 77.7898 -21.3541 0.0000 1650405803939 1199687.7500 -0.1979
-13.2192 77.7898 -21.3541 0.0000 1650405803968 1199716.7500 -0.1979
-13.4734 78.0440 -21.6083 0.0000 1650405803997 1199745.7500 -0.1979
-13.2192 77.7898 -21.3541 0.0000 1650405804026 1199774.7500 -0.1979
-13.4734 78.0440 -21.6083 0.0000 1650405804055 1199803.7500 -0.1979
-13.4734 78.0440 -21.6083 0.0000 1650405804084 1199832.7500 -0.1979
-13.7276 77.7898 -21.8625 0.0000 1650405804113 1199861.7500 -0.1979
-13.2192 77.7898 -21.3541 0.0000 1650405804142 1199890.7500 -0.1979
-13.2192 77.7898 -21.3541 0.0000 1650405804171 1199919.5000 -0.1979
-12.4565 78.5524 -22.6251 0.0000 1650405804200 1199948.5000 -0.1979
-12.4565 77.5355 -22.1167 0.0000 1650405804229 1199977.2500 -0.1979
-12.4565 78.0440 -24.1504 0.0000 1650405804258 1200006.2500 -0.1979
-12.7107 78.2982 -23.8962 0.0000 1650405804287 1200035.2500 -0.1979
-12.7107 77.7898 -24.9131 0.0000 1650405804316 1200065.7500 -0.1979
-11.1855 77.2813 -26.4383 0.0000 1650405804345 1200092.7500 -0.1978
-12.4565 77.5355 -26.1841 0.0000 1650405804374 1200122.2500 -0.1974
-12.4565 77.5355 -26.6926 0.0000 1650405804402 1200151.2500 -0.1974
-10.9312 77.5355 -28.2179 0.0000 1650405804432 1200180.2500 -0.1974
-11.9481 78.0440 -27.7094 0.0000 1650405804460 1200209.2500 -0.1974
-12.2023 77.7898 -28.9805 0.0000 1650405804490 1200238.2500 -0.1974
-12.7107 78.2982 -28.9805 0.0000 1650405804518 1200267.2500 -0.1974
-11.9481 78.0440 -29.7431 0.0000 1650405804548 1200296.2500 -0.1969
-12.2023 77.7898 -31.0142 0.0000 1650405804577 1200324.7500 -0.1969
-12.7107 77.7898 -31.0142 0.0000 1650405804606 1200353.5000 -0.1969
-12.2023 77.7898 -32.5395 0.0000 1650405804635 1200383.0000 -0.1969
-12.7107 77.7898 -32.5395 0.0000 1650405804664 1200412.0000 -0.1969
-12.4565 78.0440 -33.3022 0.0000 1650405804693 1200440.5000 -0.1969
-12.2023 77.7898 -34.5732 0.0000 1650405804721 1200469.7500 -0.1974
-12.9650 78.0440 -34.3190 0.0000 1650405804751 1200498.7500 -0.1974
-11.9481 78.0440 -35.8443 0.0000 1650405804779 1200527.7500 -0.1974
-12.4565 78.0440 -35.8443 0.0000 1650405804808 1200556.7500 -0.1974
-11.6939 78.2982 -36.6069 0.0000 1650405804837 1200585.7500 -0.1974
-12.2023 78.2982 -37.6238 0.0000 1650405804866 1200614.7500 -0.1974
-12.7107 77.2813 -37.6238 0.0000 1650405804895 1200643.7500 -0.1974
-11.9481 77.5355 -37.3696 0.0000 1650405804924 1200672.7500 -0.1974
-12.4565 78.0440 -39.4033 0.0000 1650405804953 1200701.7500 -0.1977
-12.4565 77.5355 -38.3864 0.0000 1650405804982 1200730.7500 -0.1979
-11.6939 78.2982 -40.6744 0.0000 1650405805012 1200759.7500 -0.1978
-12.2023 78.2982 -40.6744 0.0000 1650405805040 1200788.7500 -0.1974
-12.4565 77.5355 -40.4202 0.0000 1650405805069 1200817.7500 -0.1974
-12.2023 77.2813 -40.6744 0.0000 1650405805098 1200846.2500 -0.1979
-11.6939 77.7898 -41.6912 0.0000 1650405805127 1200875.2500 -0.1978
-11.9481 78.0440 -41.9455 0.0000 1650405805156 1200904.7500 -0.1974
-12.2023 77.2813 -42.1997 0.0000 1650405805185 1200933.7500 -0.1974
-11.6939 77.7898 -43.2165 0.0000 1650405805214 1200962.7500 -0.1974
-11.1855 77.7898 -43.2165 0.0000 1650405805243 1200991.7500 -0.1974
-11.4397 77.0271 -42.9623 0.0000 1650405805272 1201020.5000 -0.1974
-10.9312 77.5355 -43.4707 0.0000 1650405805301 1201049.5000 -0.1974
-11.9481 77.5355 -44.4876 0.0000 1650405805330 1201078.5000 -0.1969
-12.2023 77.7898 -44.2334 0.0000 1650405805359 1201108.5000 -0.1969
-12.2023 77.2813 -43.7250 0.0000 1650405805388 1201137.0000 -0.1969
-12.2023 77.2813 -44.2334 0.0000 1650405805417 1201165.2500 -0.1969
-12.7107 77.2813 -44.2334 0.0000 1650405805446 1201194.2500 -0.1965
-11.9481 78.0440 -44.4876 0.0000 1650405805475 1201223.2500 -0.1965
-12.4565 77.0271 -44.4876 0.0000 1650405805504 1201252.2500 -0.1965
-12.4565 77.0271 -44.4876 0.0000 1650405805533 1201281.2500 -0.1965
-12.4565 78.0440 -44.9960 0.0000 1650405805562 1201310.2500 -0.1965
-12.2023 77.7898 -44.7418 0.0000 1650405805591 1201339.2500 -0.1965
-11.1855 76.7729 -45.7587 0.0000 1650405805619 1201368.2500 -0.1965
-11.6939 78.2982 -44.2334 0.0000 1650405805648 1201397.2500 -0.1965
-11.6939 78.2982 -44.2334 0.0000 1650405805678 1201426.2500 -0.1966
-12.2023 78.2982 -44.2334 0.0000 1650405805707 1201455.0000 -0.1969
-12.2023 77.7898 -44.2334 0.0000 1650405805735 1201484.0000 -0.1969
-11.6939 78.2982 -43.7250 0.0000 1650405805765 1201513.0000 -0.1969
-11.9481 78.0440 -43.4707 0.0000 1650405805794 1201541.7500 -0.1969
-11.6939 78.2982 -42.7081 0.0000 1650405805823 1201570.7500 -0.1969
-12.2023 77.7898 -42.7081 0.0000 1650405805852 1201599.7500 -0.1969
-11.9481 78.5524 -42.4539 0.0000 1650405805880 1201630.2500 -0.1969
-11.9481 78.0440 -41.9455 0.0000 1650405805910 1201659.0000 -0.1969
-11.9481 78.5524 -41.4370 0.0000 1650405805938 1201686.7500 -0.1969
-11.9481 78.0440 -40.9286 0.0000 1650405805967 1201715.7500 -0.1969
-12.2023 78.2982 -40.6744 0.0000 1650405805996 1201744.7500 -0.1969
-11.9481 78.0440 -39.9117 0.0000 1650405806025 1201773.7500 -0.1968
-12.2023 78.2982 -39.6575 0.0000 1650405806054 1201802.7500 -0.1965
-11.6939 78.2982 -39.1491 0.0000 1650405806083 1201831.7500 -0.1965
-12.2023 78.2982 -38.1322 0.0000 1650405806112 1201860.7500 -0.1965
-12.4565 78.0440 -38.3864 0.0000 1650405806142 1201890.5000 -0.1965
-12.2023 78.2982 -37.6238 0.0000 1650405806171 1201920.0000 -0.1965
-12.4565 78.5524 -36.8612 0.0000 1650405806199 1201947.7500 -0.1965
-12.4565 78.5524 -35.8443 0.0000 1650405806229 1201977.7500 -0.1960
-11.9481 78.5524 -35.8443 0.0000 1650405806258 1202005.7500 -0.1960
-12.4565 78.0440 -34.3190 0.0000 1650405806286 1202034.7500 -0.1960
-12.4565 78.0440 -34.8274 0.0000 1650405806315 1202063.7500 -0.1960
-12.2023 78.8066 -34.0648 0.0000 1650405806344 1202092.7500 -0.1960
-12.4565 78.5524 -32.7937 0.0000 1650405806373 1202121.7500 -0.1960
-12.2023 78.2982 -32.5395 0.0000 1650405806402 1202150.5000 -0.1960
-12.7107 78.2982 -32.0311 0.0000 1650405806431 1202179.5000 -0.1960
-12.4565 78.5524 -30.7600 0.0000 1650405806460 1202208.2500 -0.1960
-12.4565 78.5524 -30.7600 0.0000 1650405806489 1202237.2500 -0.1960
-12.4565 78.5524 -29.7431 0.0000 1650405806518 1202266.2500 -0.1962
-11.9481 78.5524 -29.2347 0.0000 1650405806547 1202295.2500 -0.1965
-12.2023 78.2982 -28.4721 0.0000 1650405806576 1202324.2500 -0.1965
-12.2023 78.8066 -27.4552 0.0000 1650405806605 1202353.2500 -0.1965
-11.9481 78.5524 -27.2010 0.0000 1650405806634 1202382.2500 -0.1965
-12.4565 79.0608 -26.1841 0.0000 1650405806663 1202411.0000 -0.1965
-11.6939 78.8066 -24.9131 0.0000 1650405806692 1202439.7500 -0.1965
-12.2023 78.8066 -24.9131 0.0000 1650405806721 1202469.2500 -0.1965
-12.4565 79.0608 -24.1504 0.0000 1650405806750 1202498.2500 -0.1966
-12.2023 78.2982 -23.3878 0.0000 1650405806778 1202527.2500 -0.1969
-12.9650 78.5524 -22.6251 0.0000 1650405806808 1202556.0000 -0.1969
-12.2023 79.3150 -22.3709 0.0000 1650405806837 1202585.0000 -0.1969
-12.4565 78.0440 -21.0998 0.0000 1650405806866 1202614.0000 -0.1969
-12.9650 78.5524 -21.6083 0.0000 1650405806894 1202643.0000 -0.1965
-12.9650 78.0440 -21.0998 0.0000 1650405806924 1202674.7500 -0.1965
-13.2192 77.7898 -21.3541 0.0000 1650405806953 1202702.0000 -0.1965
-12.7107 78.8066 -21.8625 0.0000 1650405806982 1202729.7500 -0.1965
-13.2192 78.2982 -21.3541 0.0000 1650405807011 1202758.5000 -0.1965
-13.4734 78.0440 -21.6083 0.0000 1650405807040 1202787.7500 -0.1965
-13.7276 78.2982 -21.3541 0.0000 1650405807069 1202816.7500 -0.1960
-12.7107 78.8066 -22.3709 0.0000 1650405807097 1202845.7500 -0.1960
-12.7107 78.8066 -22.3709 0.0000 1650405807126 1202874.7500 -0.1960
-12.7107 78.8066 -22.3709 0.0000 1650405807155 1202903.7500 -0.1960
-13.7276 78.2982 -21.3541 0.0000 1650405807184 1202932.7500 -0.1960
-13.4734 78.0440 -21.6083 0.0000 1650405807213 1202961.7500 -0.1960
-13.7276 78.2982 -21.3541 0.0000 1650405807243 1202990.7500 -0.1960
-12.7107 78.8066 -22.3709 0.0000 1650405807271 1203019.7500 -0.1960
-13.7276 77.7898 -21.8625 0.0000 1650405807300 1203048.7500 -0.1960
-12.7107 78.8066 -22.3709 0.0000 1650405807330 1203077.7500 -0.1960
-13.4734 78.0440 -21.6083 0.0000 1650405807358 1203106.7500 -0.1960
-13.2192 77.7898 -21.3541 0.0000 1650405807388 1203135.7500 -0.1960
-13.4734 78.0440 -21.0998 0.0000 1650405807416 1203164.7500 -0.1960
-13.2192 77.7898 -21.3541 0.0000 1650405807445 1203193.5000 -0.1960
-13.4734 78.0440 -21.6083 0.0000 1650405807474 1203222.5000 -0.1960
-13.2192 77.7898 -21.3541 0.0000 1650405807503 1203251.5000 -0.1960
-13.4734 78.0440 -21.6083 0.0000 1650405807532 1203280.5000 -0.1961
-13.4734 78.0440 -21.6083 0.0000 1650405807561 1203309.5000 -0.1965
-13.4734 78.0440 -21.6083 0.0000 1650405807590 1203338.2500 -0.1965
-13.4734 78.0440 -21.6083 0.0000 1650405807619 1203367.2500 -0.1965
-13.4734 78.0440 -21.6083 0.0000 1650405807648 1203396.2500 -0.1963
-13.4734 78.0440 -21.6083 0.0000 1650405807677 1203425.2500 -0.1960
-13.7276 77.7898 -21.8625 0.0000 1650405807706 1203454.0000 -0.1960
-12.7107 77.2813 -22.3709 0.0000 1650405807735 1203482.5000 -0.1960
-13.4734 78.0440 -21.6083 0.0000 1650405807764 1203512.2500 -0.1960
-13.4734 78.0440 -21.6083 0.0000 1650405807793 1203540.7500 -0.1960
-13.4734 78.0440 -21.6083 0.0000 1650405807822 1203570.2500 -0.1960
-13.2192 78.2982 -21.3541 0.0000 1650405807851 1203599.2500 -0.1955
-13.4734 78.0440 -21.6083 0.0000 1650405807880 1203628.2500 -0.1955
-13.4734 78.0440 -21.6083 0.0000 1650405807909 1203657.2500 -0.1955
-13.4734 78.0440 -21.6083 0.0000 1650405807937 1203686.0000 -0.1955
-13.2192 77.7898 -21.3541 0.0000 1650405807967 1203715.0000 -0.1955
-12.4565 78.5524 -22.1167 0.0000 1650405807996 1203744.0000 -0.1955
-13.4734 78.0440 -21.6083 0.0000 1650405808025 1203772.7500 -0.1955
-13.4734 78.0440 -21.6083 0.0000 1650405808054 1203801.7500 -0.1955
-12.9650 78.0440 -21.0998 0.0000 1650405808083 1203830.7500 -0.1955
-13.4734 78.0440 -21.6083 0.0000 1650405808112 1203859.7500 -0.1955
-13.4734 78.0440 -21.6083 0.0000 1650405808141 1203888.7500 -0.1955
-13.4734 78.0440 -21.6083 0.0000 1650405808170 1203917.7500 -0.1955
-13.4734 78.0440 -21.6083 0.0000 1650405808199 1203946.7500 -0.1955
-12.7107 78.2982 -22.8793 0.0000 1650405808228 1203978.5000 -0.1955
-11.9481 78.0440 -23.1336 0.0000 1650405808256 1204004.2500 -0.1960
-12.2023 77.7898 -23.8962 0.0000 1650405808286 1204033.7500 -0.1960
-12.4565 78.0440 -23.6420 0.0000 1650405808314 1204062.7500 -0.1960
-11.9481 77.0271 -25.6757 0.0000 1650405808343 1204091.7500 -0.1960
-12.2023 78.2982 -25.4215 0.0000 1650405808372 1204120.7500 -0.1960
-12.4565 78.0440 -26.1841 0.0000 1650405808402 1204149.7500 -0.1960
-11.6939 77.2813 -27.9636 0.0000 1650405808430 1204178.7500 -0.1960
-12.7107 78.2982 -26.9468 0.0000 1650405808459 1204207.7500 -0.1960
-12.2023 77.7898 -27.9636 0.0000 1650405808489 1204239.5000 -0.1960
-12.4565 78.0440 -29.2347 0.0000 1650405808518 1204267.0000 -0.1960
-12.7107 77.7898 -29.4889 0.0000 1650405808547 1204294.7500 -0.1960
-11.6939 76.7729 -31.5226 0.0000 1650405808575 1204325.0000 -0.1960
-11.9481 78.5524 -30.7600 0.0000 1650405808604 1204352.5000 -0.1960
-12.2023 77.7898 -32.0311 0.0000 1650405808633 1204381.5000 -0.1955
-11.9481 78.0440 -32.7937 0.0000 1650405808662 1204410.5000 -0.1955
-12.7107 77.7898 -32.5395 0.0000 1650405808691 1204439.2500 -0.1955
-12.7107 77.7898 -34.0648 0.0000 1650405808720 1204468.2500 -0.1955
-11.6939 77.7898 -34.5732 0.0000 1650405808749 1204497.2500 -0.1955
-12.7107 77.7898 -34.5732 0.0000 1650405808778 1204526.2500 -0.1955
-12.2023 77.7898 -35.5901 0.0000 1650405808807 1204555.2500 -0.1955
-11.6939 78.2982 -36.0985 0.0000 1650405808836 1204584.2500 -0.1955
-11.9481 78.0440 -37.3696 0.0000 1650405808866 1204613.2500 -0.1955
-12.4565 78.0440 -37.3696 0.0000 1650405808894 1204642.2500 -0.1955
-12.4565 77.5355 -37.3696 0.0000 1650405808923 1204671.2500 -0.1955
-12.2023 77.7898 -37.6238 0.0000 1650405808952 1204700.2500 -0.1955
-12.2023 78.2982 -39.1491 0.0000 1650405808981 1204729.2500 -0.1955
-11.6939 77.2813 -40.1660 0.0000 1650405809010 1204760.5000 -0.1955
-11.6939 77.2813 -39.6575 0.0000 1650405809039 1204786.7500 -0.1955
-11.6939 78.2982 -40.6744 0.0000 1650405809068 1204816.0000 -0.1955
-11.6939 77.2813 -40.1660 0.0000 1650405809097 1204845.0000 -0.1956
-12.2023 77.2813 -41.1828 0.0000 1650405809126 1204874.0000 -0.1960
-12.2023 77.2813 -41.1828 0.0000 1650405809155 1204902.7500 -0.1960
-11.9481 78.5524 -42.4539 0.0000 1650405809184 1204931.7500 -0.1960
-11.9481 77.5355 -41.9455 0.0000 1650405809213 1204960.7500 -0.1960
-11.6939 77.7898 -43.2165 0.0000 1650405809242 1204989.7500 -0.1960
-12.2023 76.7729 -42.7081 0.0000 1650405809271 1205020.0000 -0.1960
-11.1855 77.2813 -43.2165 0.0000 1650405809300 1205047.7500 -0.1960
-11.1855 77.2813 -43.7250 0.0000 1650405809329 1205076.7500 -0.1961
-11.4397 78.0440 -43.9792 0.0000 1650405809358 1205105.5000 -0.1965
-11.9481 77.5355 -44.4876 0.0000 1650405809387 1205134.7500 -0.1965
-12.4565 77.5355 -43.9792 0.0000 1650405809415 1205163.7500 -0.1960
-12.2023 77.2813 -44.2334 0.0000 1650405809445 1205192.7500 -0.1960
-12.2023 77.2813 -43.7250 0.0000 1650405809473 1205221.7500 -0.1960
-12.7107 77.7898 -44.2334 0.0000 1650405809502 1205250.7500 -0.1960
-12.2023 77.7898 -43.7250 0.0000 1650405809531 1205279.7500 -0.1960
-11.6939 78.2982 -44.2334 0.0000 1650405809561 1205308.7500 -0.1960
-12.2023 77.7898 -44.7418 0.0000 1650405809589 1205337.7500 -0.1955
-12.2023 77.7898 -44.7418 0.0000 1650405809618 1205366.7500 -0.1955
-12.2023 77.7898 -44.7418 0.0000 1650405809648 1205395.7500 -0.1955
-12.2023 77.7898 -44.7418 0.0000 1650405809677 1205424.7500 -0.1955
-11.9481 78.5524 -43.9792 0.0000 1650405809706 1205453.7500 -0.1955
-11.6939 78.2982 -44.2334 0.0000 1650405809734 1205482.5000 -0.1955
-11.9481 78.0440 -43.9792 0.0000 1650405809764 1205511.5000 -0.1955
-12.2023 78.8066 -43.2165 0.0000 1650405809792 1205541.5000 -0.1955
-11.4397 78.0440 -42.9623 0.0000 1650405809821 1205569.0000 -0.1955
-11.9481 78.0440 -42.4539 0.0000 1650405809850 1205598.2500 -0.1955
-12.4565 77.5355 -41.9455 0.0000 1650405809879 1205627.2500 -0.1955
-11.9481 78.0440 -41.9455 0.0000 1650405809908 1205656.2500 -0.1955
-11.9481 78.0440 -41.9455 0.0000 1650405809937 1205685.2500 -0.1957
-12.2023 78.2982 -41.6912 0.0000 1650405809966 1205714.2500 -0.1960
-11.6939 78.2982 -40.6744 0.0000 1650405809995 1205743.2500 -0.1960
-12.7107 77.7898 -40.1660 0.0000 1650405810025 1205772.2500 -0.1960
-11.9481 78.0440 -39.9117 0.0000 1650405810053 1205805.2500 -0.1960
-11.6939 77.7898 -39.1491 0.0000 1650405810082 1205830.0000 -0.1960
-12.4565 78.0440 -38.8949 0.0000 1650405810111 1205859.2500 -0.1960
-12.2023 78.2982 -38.6407 0.0000 1650405810140 1205888.7500 -0.1960
-11.4397 78.5524 -37.8780 0.0000 1650405810169 1205917.0000 -0.1960
-11.6939 78.2982 -37.1154 0.0000 1650405810198 1205946.0000 -0.1960
-11.9481 78.0440 -36.8612 0.0000 1650405810227 1205975.0000 -0.1960
-12.7107 77.7898 -36.6069 0.0000 1650405810256 1206003.7500 -0.1960
-12.7107 78.2982 -35.5901 0.0000 1650405810285 1206032.7500 -0.1960
-11.6939 77.7898 -34.5732 0.0000 1650405810313 1206061.7500 -0.1955
-12.4565 78.0440 -34.8274 0.0000 1650405810343 1206090.7500 -0.1955
-12.4565 78.5524 -33.8106 0.0000 1650405810372 1206119.7500 -0.1955
-12.7107 78.8066 -32.5395 0.0000 1650405810401 1206148.7500 -0.1955
-12.2023 78.2982 -32.5395 0.0000 1650405810430 1206177.7500 -0.1955
-12.2023 78.2982 -31.5226 0.0000 1650405810459 1206206.7500 -0.1955
-12.2023 78.8066 -31.0142 0.0000 1650405810488 1206235.7500 -0.1955
-12.2023 78.2982 -30.5058 0.0000 1650405810517 1206264.7500 -0.1955
-12.7107 78.8066 -29.4889 0.0000 1650405810546 1206293.7500 -0.1950
-11.1855 77.7898 -29.4889 0.0000 1650405810575 1206323.5000 -0.1950
-12.2023 78.2982 -28.4721 0.0000 1650405810604 1206351.7500 -0.1950
-11.4397 78.0440 -28.2179 0.0000 1650405810632 1206380.7500 -0.1950
-12.2023 78.8066 -26.9468 0.0000 1650405810661 1206409.7500 -0.1955
-12.4565 78.5524 -25.6757 0.0000 1650405810690 1206438.7500 -0.1955
-11.9481 79.0608 -25.1673 0.0000 1650405810720 1206467.7500 -0.1955
-12.2023 78.8066 -24.9131 0.0000 1650405810748 1206496.7500 -0.1955
-12.2023 78.8066 -23.8962 0.0000 1650405810777 1206525.7500 -0.1955
-11.9481 79.0608 -23.1336 0.0000 1650405810806 1206556.0000 -0.1955
-12.2023 78.8066 -22.8793 0.0000 1650405810836 1206586.2500 -0.1955
-12.7107 78.8066 -21.8625 0.0000 1650405810865 1206611.7500 -0.1955
-12.2023 78.8066 -21.8625 0.0000 1650405810893 1206641.5000 -0.1956
-13.2192 77.7898 -21.3541 0.0000 1650405810923 1206671.7500 -0.1960
-12.7107 77.7898 -20.8456 0.0000 1650405810951 1206699.2500 -0.1960
-12.7107 78.8066 -22.3709 0.0000 1650405810980 1206728.2500 -0.1960
-13.2192 78.2982 -21.3541 0.0000 1650405811009 1206757.2500 -0.1958
-12.7107 78.8066 -22.3709 0.0000 1650405811038 1206786.2500 -0.1960
-13.4734 78.0440 -21.6083 0.0000 1650405811067 1206815.2500 -0.1960
-13.2192 78.2982 -21.3541 0.0000 1650405811096 1206844.2500 -0.1960
-13.4734 78.0440 -21.6083 0.0000 1650405811125 1206873.2500 -0.1960
-13.7276 77.7898 -21.8625 0.0000 1650405811154 1206902.2500 -0.1960
-13.4734 78.0440 -21.6083 0.0000 1650405811184 1206931.2500 -0.1960
-13.4734 78.5524 -21.0998 0.0000 1650405811212 1206960.2500 -0.1960
-13.4734 78.0440 -21.6083 0.0000 1650405811241 1206989.2500 -0.1960
-12.9650 78.0440 -21.0998 0.0000 1650405811270 1207018.0000 -0.1955
-13.4734 78.0440 -21.6083 0.0000 1650405811299 1207047.0000 -0.1955
-13.4734 78.0440 -21.6083 0.0000 1650405811328 1207076.0000 -0.1955
-13.4734 78.0440 -21.6083 0.0000 1650405811357 1207104.2500 -0.1955
-13.4734 78.0440 -21.6083 0.0000 1650405811386 1207133.7500 -0.1955
-13.4734 78.0440 -21.6083 0.0000 1650405811415 1207162.7500 -0.1955
-13.7276 77.7898 -21.8625 0.0000 1650405811444 1207191.7500 -0.1955
-13.4734 78.0440 -21.6083 0.0000 1650405811473 1207220.7500 -0.1955
-12.7107 78.8066 -22.3709 0.0000 1650405811502 1207249.7500 -0.1955
-13.2192 78.2982 -21.3541 0.0000 1650405811531 1207278.7500 -0.1955
-13.2192 77.7898 -21.3541 0.0000 1650405811560 1207307.7500 -0.1960
-13.2192 77.7898 -21.3541 0.0000 1650405811589 1207336.7500 -0.1960
-12.7107 78.8066 -22.3709 0.0000 1650405811618 1207366.5000 -0.1960
-13.7276 78.2982 -21.3541 0.0000 1650405811647 1207394.7500 -0.1960
-13.4734 78.0440 -21.6083 0.0000 1650405811676 1207423.7500 -0.1960
-13.4734 78.0440 -21.6083 0.0000 1650405811705 1207454.0000 -0.1965
-13.4734 78.0440 -21.6083 0.0000 1650405811734 1207481.7500 -0.1965
-13.7276 77.7898 -21.8625 0.0000 1650405811763 1207510.7500 -0.1965
-13.2192 77.7898 -21.3541 0.0000 1650405811791 1207539.5000 -0.1965
-13.2192 77.7898 -21.3541 0.0000 1650405811820 1207568.7500 -0.1965
-13.2192 77.7898 -21.3541 0.0000 1650405811849 1207597.7500 -0.1965
-13.2192 77.7898 -21.3541 0.0000 1650405811879 1207626.7500 -0.1965
-12.7107 77.2813 -22.3709 0.0000 1650405811907 1207655.7500 -0.1965
-13.4734 78.0440 -21.6083 0.0000 1650405811937 1207684.7500 -0.1965
-13.2192 77.7898 -21.3541 0.0000 1650405811965 1207713.5000 -0.1965
-13.4734 78.0440 -21.6083 0.0000 1650405811995 1207742.5000 -0.1965
-13.4734 78.0440 -21.6083 0.0000 1650405812024 1207771.2500 -0.1965
-13.4734 78.0440 -21.6083 0.0000 1650405812052 1207800.2500 -0.1965
-13.7276 77.7898 -21.8625 0.0000 1650405812082 1207829.2500 -0.1965
-13.4734 77.5355 -21.6083 0.0000 1650405812110 1207858.2500 -0.1960
-13.2192 78.2982 -21.3541 0.0000 1650405812139 1207886.7500 -0.1960
-13.2192 78.2982 -21.3541 0.0000 1650405812168 1207916.2500 -0.1960
-13.2192 77.7898 -21.3541 0.0000 1650405812197 1207945.2500 -0.1960
-13.4734 78.0440 -21.6083 0.0000 1650405812226 1207974.2500 -0.1955
-12.9650 78.0440 -22.1167 0.0000 1650405812255 1208003.2500 -0.1955
-11.9481 78.0440 -23.1336 0.0000 1650405812284 1208032.2500 -0.1957
-12.2023 77.7898 -23.8962 0.0000 1650405812313 1208061.2500 -0.1960
-11.6939 77.2813 -24.9131 0.0000 1650405812342 1208090.2500 -0.1960
-12.7107 77.7898 -24.9131 0.0000 1650405812371 1208120.5000 -0.1960
-10.6770 77.2813 -25.9299 0.0000 1650405812401 1208147.2500 -0.1960
-12.2023 77.7898 -25.9299 0.0000 1650405812429 1208177.0000 -0.1960
-12.4565 78.0440 -27.2010 0.0000 1650405812458 1208207.5000 -0.1960
-12.2023 78.8066 -27.4552 0.0000 1650405812487 1208236.0000 -0.1960
-12.7107 77.7898 -28.4721 0.0000 1650405812516 1208263.7500 -0.1960
-11.9481 78.5524 -28.7263 0.0000 1650405812545 1208292.7500 -0.1960
-11.9481 78.0440 -29.7431 0.0000 1650405812574 1208321.7500 -0.1960
-12.4565 77.5355 -30.7600 0.0000 1650405812603 1208350.7500 -0.1965
-11.9481 78.5524 -31.2684 0.0000 1650405812632 1208379.7500 -0.1965
-12.7107 77.7898 -32.0311 0.0000 1650405812661 1208408.7500 -0.1965
-12.2023 77.7898 -33.0479 0.0000 1650405812690 1208437.7500 -0.1965
-12.4565 78.0440 -32.7937 0.0000 1650405812719 1208468.0000 -0.1965
-12.4565 78.0440 -34.3190 0.0000 1650405812748 1208495.7500 -0.1965
-12.7107 77.7898 -34.5732 0.0000 1650405812777 1208524.7500 -0.1965
-12.7107 77.7898 -35.0817 0.0000 1650405812806 1208553.7500 -0.1965
-12.2023 77.2813 -36.0985 0.0000 1650405812835 1208582.7500 -0.1965
-12.2023 77.7898 -35.5901 0.0000 1650405812864 1208611.7500 -0.1965
-11.9481 78.0440 -37.3696 0.0000 1650405812893 1208640.7500 -0.1965
-11.9481 78.0440 -37.8780 0.0000 1650405812922 1208670.2500 -0.1965
-12.4565 77.5355 -37.8780 0.0000 1650405812950 1208698.7500 -0.1960
-12.4565 78.0440 -37.8780 0.0000 1650405812980 1208727.7500 -0.1960
-12.2023 77.7898 -39.1491 0.0000 1650405813008 1208756.7500 -0.1960
-12.2023 77.2813 -39.1491 0.0000 1650405813038 1208785.7500 -0.1960
-12.4565 77.5355 -40.4202 0.0000 1650405813066 1208814.5000 -0.1960
-11.6939 78.2982 -40.6744 0.0000 1650405813096 1208843.5000 -0.1960
-12.4565 77.5355 -40.4202 0.0000 1650405813125 1208872.5000 -0.1960
-11.9481 77.0271 -40.9286 0.0000 1650405813154 1208904.2500 -0.1960
-11.4397 77.5355 -41.9455 0.0000 1650405813183 1208929.5000 -0.1960
-11.9481 78.5524 -42.4539 0.0000 1650405813212 1208959.2500 -0.1960
-12.2023 77.2813 -42.1997 0.0000 1650405813241 1208989.7500 -0.1960
-11.6939 77.7898 -43.2165 0.0000 1650405813269 1209017.0000 -0.1960
-12.2023 77.2813 -42.7081 0.0000 1650405813298 1209046.2500 -0.1961
-11.1855 77.2813 -43.7250 0.0000 1650405813327 1209075.2500 -0.1965
-11.4397 78.0440 -43.9792 0.0000 1650405813356 1209104.2500 -0.1965
-11.4397 78.0440 -43.9792 0.0000 1650405813385 1209133.2500 -0.1965
-12.2023 77.7898 -44.2334 0.0000 1650405813414 1209162.2500 -0.1966
-12.4565 77.5355 -43.9792 0.0000 1650405813443 1209191.2500 -0.1969
-11.4397 78.0440 -44.4876 0.0000 1650405813472 1209220.2500 -0.1969
-12.4565 77.5355 -43.9792 0.0000 1650405813501 1209249.0000 -0.1969
-12.2023 77.7898 -43.7250 0.0000 1650405813530 1209278.0000 -0.1969
-12.7107 77.2813 -44.2334 0.0000 1650405813560 1209307.0000 -0.1969
-12.7107 77.2813 -44.2334 0.0000 1650405813588 1209335.7500 -0.1969
-11.9481 78.0440 -44.4876 0.0000 1650405813617 1209364.7500 -0.1965
-12.2023 77.7898 -44.7418 0.0000 1650405813646 1209393.7500 -0.1965
-12.2023 77.7898 -44.7418 0.0000 1650405813675 1209424.2500 -0.1965
-11.6939 78.2982 -44.2334 0.0000 1650405813704 1209451.0000 -0.1965
-11.6939 78.2982 -44.2334 0.0000 1650405813733 1209480.7500 -0.1965
-12.2023 77.7898 -44.2334 0.0000 1650405813762 1209509.7500 -0.1965
-11.6939 78.2982 -43.7250 0.0000 1650405813791 1209538.7500 -0.1965
-11.6939 78.2982 -43.7250 0.0000 1650405813820 1209567.7500 -0.1965
-11.4397 78.0440 -42.9623 0.0000 1650405813849 1209596.7500 -0.1960
-11.9481 78.0440 -42.4539 0.0000 1650405813878 1209625.7500 -0.1960
-11.6939 78.2982 -42.1997 0.0000 1650405813907 1209654.7500 -0.1960
-11.9481 78.0440 -41.9455 0.0000 1650405813936 1209686.7500 -0.1960
-12.4565 78.5524 -41.4370 0.0000 1650405813965 1209713.7500 -0.1960
-11.6939 77.7898 -41.1828 0.0000 1650405813994 1209741.7500 -0.1960
-12.2023 78.2982 -40.6744 0.0000 1650405814023 1209770.7500 -0.1965
-11.6939 78.2982 -40.1660 0.0000 1650405814052 1209799.2500 -0.1965
-12.2023 78.2982 -39.6575 0.0000 1650405814081 1209828.7500 -0.1965
-11.9481 78.0440 -38.8949 0.0000 1650405814109 1209857.7500 -0.1965
-12.4565 78.5524 -38.3864 0.0000 1650405814139 1209886.7500 -0.1965
-12.2023 78.2982 -38.6407 0.0000 1650405814167 1209915.7500 -0.1965
-11.9481 78.0440 -37.8780 0.0000 1650405814196 1209944.5000 -0.1965
-11.9481 78.5524 -36.8612 0.0000 1650405814226 1209973.5000 -0.1965
-12.2023 78.2982 -36.6069 0.0000 1650405814255 1210002.2500 -0.1965
-12.2023 78.2982 -36.0985 0.0000 1650405814284 1210031.2500 -0.1965
-12.4565 79.0608 -35.3359 0.0000 1650405814313 1210060.2500 -0.1965
-11.9481 78.0440 -34.8274 0.0000 1650405814342 1210089.2500 -0.1965
-11.9481 78.5524 -34.3190 0.0000 1650405814371 1210118.2500 -0.1965
-12.2023 78.8066 -33.5564 0.0000 1650405814400 1210147.2500 -0.1969
-12.4565 78.5524 -32.7937 0.0000 1650405814428 1210176.2500 -0.1968
-12.7107 78.2982 -32.0311 0.0000 1650405814458 1210206.5000 -0.1965
-11.9481 78.5524 -31.2684 0.0000 1650405814486 1210235.5000 -0.1965
-12.4565 78.5524 -30.7600 0.0000 1650405814515 1210263.2500 -0.1965
-12.4565 78.5524 -30.2516 0.0000 1650405814544 1210292.2500 -0.1965
-12.4565 79.0608 -29.2347 0.0000 1650405814573 1210321.2500 -0.1965
-12.2023 78.8066 -28.9805 0.0000 1650405814602 1210350.0000 -0.1965
-12.2023 78.8066 -27.9636 0.0000 1650405814631 1210379.0000 -0.1960
-12.4565 79.0608 -27.2010 0.0000 1650405814660 1210408.0000 -0.1960
-12.2023 78.8066 -26.9468 0.0000 1650405814690 1210437.0000 -0.1960
-12.2023 78.8066 -25.9299 0.0000 1650405814719 1210467.2500 -0.1960
-11.9481 78.5524 -25.1673 0.0000 1650405814747 1210497.5000 -0.1955
-12.7107 78.2982 -24.4046 0.0000 1650405814776 1210523.7500 -0.1955
-12.4565 78.5524 -23.6420 0.0000 1650405814805 1210554.2500 -0.1955
-12.2023 78.8066 -23.3878 0.0000 1650405814834 1210581.5000 -0.1955
-12.2023 78.8066 -22.8793 0.0000 1650405814863 1210610.7500 -0.1955
-11.9481 79.0608 -22.1167 0.0000 1650405814892 1210639.7500 -0.1955
-12.7107 78.2982 -21.8625 0.0000 1650405814921 1210668.7500 -0.1955
-12.7107 78.2982 -21.8625 0.0000 1650405814950 1210697.7500 -0.1955
-12.7107 78.8066 -21.8625 0.0000 1650405814979 1210726.7500 -0.1955
-12.4565 79.0608 -22.1167 0.0000 1650405815008 1210755.7500 -0.1955
-11.4397 77.5355 -22.6251 0.0000 1650405815037 1210784.7500 -0.1955
-12.7107 78.8066 -22.3709 0.0000 1650405815066 1210813.7500 -0.1955
-13.2192 77.7898 -21.3541 0.0000 1650405815095 1210842.7500 -0.1956
-12.7107 78.8066 -22.3709 0.0000 1650405815124 1210871.7500 -0.1960
-12.4565 78.5524 -22.1167 0.0000 1650405815153 1210900.7500 -0.1960
-12.7107 78.8066 -22.3709 0.0000 1650405815182 1210929.7500 -0.1960
-11.9481 78.0440 -23.1336 0.0000 1650405815211 1210958.7500 -0.1960
-13.4734 78.0440 -21.6083 0.0000 1650405815240 1210988.7500 -0.1960
-12.4565 78.5524 -22.1167 0.0000 1650405815269 1211016.5000 -0.1960
-13.4734 78.0440 -21.6083 0.0000 1650405815298 1211045.7500 -0.1960
-12.7107 79.3150 -21.8625 0.0000 1650405815326 1211074.5000 -0.1960
-13.4734 78.0440 -21.6083 0.0000 1650405815355 1211103.5000 -0.1960
-13.4734 78.0440 -21.6083 0.0000 1650405815385 1211132.2500 -0.1960
-13.4734 78.0440 -21.6083 0.0000 1650405815414 1211161.2500 -0.1960
-13.4734 78.0440 -21.6083 0.0000 1650405815442 1211190.2500 -0.1958
-12.4565 79.0608 -22.1167 0.0000 1650405815472 1211219.2500 -0.1955
-12.9650 78.5524 -22.1167 0.0000 1650405815501 1211247.7500 -0.1955
-13.2192 77.7898 -21.3541 0.0000 1650405815530 1211280.0000 -0.1955
-13.4734 78.0440 -21.6083 0.0000 1650405815559 1211306.2500 -0.1955
-12.4565 79.0608 -22.1167 0.0000 1650405815587 1211335.0000 -0.1950
-13.4734 78.0440 -21.6083 0.0000 1650405815617 1211364.2500 -0.1950
-13.2192 78.2982 -21.3541 0.0000 1650405815645 1211393.2500 -0.1950
-13.4734 78.0440 -21.6083 0.0000 1650405815674 1211422.2500 -0.1950
-12.7107 77.2813 -22.3709 0.0000 1650405815703 1211451.2500 -0.1950
-13.2192 77.7898 -21.3541 0.0000 1650405815732 1211480.0000 -0.1950
-13.4734 78.0440 -21.6083 0.0000 1650405815761 1211509.0000 -0.1955
-12.4565 77.5355 -22.1167 0.0000 1650405815790 1211538.0000 -0.1955
-13.4734 78.0440 -21.6083 0.0000 1650405815819 1211566.7500 -0.1955
-13.4734 78.0440 -21.6083 0.0000 1650405815848 1211595.7500 -0.1955
-13.4734 78.0440 -21.6083 0.0000 1650405815878 1211624.7500 -0.1955
-13.2192 77.7898 -21.3541 0.0000 1650405815906 1211653.7500 -0.1955
-13.2192 77.7898 -21.3541 0.0000 1650405815936 1211682.7500 -0.1955
-12.9650 78.0440 -21.0998 0.0000 1650405815964 1211711.7500 -0.1955
-13.2192 77.7898 -21.3541 0.0000 1650405815993 1211740.7500 -0.1956
-13.2192 77.7898 -21.3541 0.0000 1650405816022 1211770.7500 -0.1960
-13.4734 78.0440 -21.6083 0.0000 1650405816051 1211800.0000 -0.1960
-13.4734 78.0440 -21.6083 0.0000 1650405816080 1211827.7500 -0.1960
-13.4734 78.0440 -21.6083 0.0000 1650405816109 1211856.7500 -0.1960
-13.2192 78.2982 -21.3541 0.0000 1650405816138 1211885.7500 -0.1960
-13.2192 77.7898 -21.3541 0.0000 1650405816167 1211914.7500 -0.1960
-13.2192 77.7898 -21.3541 0.0000 1650405816196 1211943.7500 -0.1960
-13.2192 78.2982 -21.3541 0.0000 1650405816225 1211972.7500 -0.1960
-12.2023 77.7898 -23.3878 0.0000 1650405816254 1212001.7500 -0.1960
-12.4565 77.5355 -22.1167 0.0000 1650405816283 1212030.5000 -0.1960
-12.2023 78.2982 -23.8962 0.0000 1650405816312 1212059.5000 -0.1960
-12.7107 78.2982 -23.8962 0.0000 1650405816341 1212088.7500 -0.1960
-12.7107 77.7898 -24.4046 0.0000 1650405816370 1212118.7500 -0.1955
-11.6939 77.2813 -25.9299 0.0000 1650405816399 1212146.7500 -0.1955
-11.9481 78.0440 -26.1841 0.0000 1650405816428 1212175.5000 -0.1955
-11.9481 77.0271 -27.7094 0.0000 1650405816457 1212204.5000 -0.1955
-11.6939 77.2813 -27.4552 0.0000 1650405816485 1212233.5000 -0.1955
-12.2023 78.2982 -27.9636 0.0000 1650405816515 1212262.2500 -0.1955
-12.4565 77.5355 -28.7263 0.0000 1650405816544 1212291.2500 -0.1955
-11.6939 78.2982 -28.9805 0.0000 1650405816573 1212320.2500 -0.1955
-12.4565 78.0440 -30.2516 0.0000 1650405816601 1212349.2500 -0.1955
-11.9481 77.5355 -31.2684 0.0000 1650405816631 1212378.2500 -0.1955
-12.4565 78.0440 -30.7600 0.0000 1650405816660 1212407.2500 -0.1955
-12.4565 78.0440 -32.2853 0.0000 1650405816689 1212436.2500 -0.1955
-12.2023 77.7898 -33.0479 0.0000 1650405816718 1212465.2500 -0.1957
-12.4565 77.5355 -32.7937 0.0000 1650405816747 1212494.2500 -0.1960
-12.4565 77.5355 -34.3190 0.0000 1650405816776 1212523.2500 -0.1960
-12.2023 77.2813 -34.0648 0.0000 1650405816804 1212552.2500 -0.1960
-12.4565 78.0440 -35.3359 0.0000 1650405816833 1212582.0000 -0.1960
-11.9481 77.5355 -36.3527 0.0000 1650405816862 1212610.0000 -0.1960
-12.4565 77.5355 -36.3527 0.0000 1650405816891 1212639.0000 -0.1960
-12.4565 78.0440 -37.3696 0.0000 1650405816920 1212668.0000 -0.1965
-11.6939 78.2982 -37.6238 0.0000 1650405816949 1212696.7500 -0.1962
-11.6939 77.2813 -37.6238 0.0000 1650405816978 1212725.7500 -0.1960
-11.9481 78.5524 -38.8949 0.0000 1650405817007 1212754.7500 -0.1960
-11.9481 78.0440 -38.8949 0.0000 1650405817036 1212783.7500 -0.1960
-12.4565 77.5355 -39.4033 0.0000 1650405817065 1212815.5000 -0.1960
-11.9481 77.5355 -39.4033 0.0000 1650405817095 1212843.0000 -0.1960
-11.6939 78.2982 -40.6744 0.0000 1650405817123 1212870.7500 -0.1960
-12.4565 77.0271 -40.4202 0.0000 1650405817152 1212899.0000 -0.1960
-11.1855 77.7898 -41.6912 0.0000 1650405817181 1212928.7500 -0.1960
-11.9481 77.5355 -41.9455 0.0000 1650405817210 1212957.7500 -0.1955
-11.6939 78.2982 -42.1997 0.0000 1650405817239 1212986.7500 -0.1955
-12.4565 77.0271 -42.4539 0.0000 1650405817268 1213015.7500 -0.1955
-12.2023 76.7729 -42.7081 0.0000 1650405817297 1213044.7500 -0.1955
-11.9481 77.0271 -42.9623 0.0000 1650405817326 1213073.7500 -0.1955
-11.4397 77.5355 -42.9623 0.0000 1650405817355 1213102.7500 -0.1955
-11.4397 78.0440 -43.9792 0.0000 1650405817384 1213131.7500 -0.1955
-11.9481 77.5355 -44.4876 0.0000 1650405817413 1213160.7500 -0.1955
-12.4565 77.0271 -43.9792 0.0000 1650405817442 1213189.7500 -0.1955
-12.2023 77.2813 -44.2334 0.0000 1650405817471 1213218.7500 -0.1955
-12.4565 77.5355 -43.9792 0.0000 1650405817500 1213247.7500 -0.1955
-12.2023 77.2813 -44.2334 0.0000 1650405817529 1213276.5000 -0.1955
-12.2023 77.7898 -44.7418 0.0000 1650405817558 1213305.5000 -0.1960
-12.4565 77.0271 -44.4876 0.0000 1650405817587 1213335.5000 -0.1960
-12.2023 77.7898 -44.7418 0.0000 1650405817616 1213364.7500 -0.1961
-11.9481 78.0440 -44.4876 0.0000 1650405817644 1213392.2500 -0.1965
-10.9312 77.0271 -45.5045 0.0000 1650405817674 1213421.2500 -0.1965
-11.9481 78.0440 -44.4876 0.0000 1650405817703 1213450.2500 -0.1965
-12.2023 77.7898 -43.7250 0.0000 1650405817732 1213479.2500 -0.1965
-12.2023 77.7898 -44.7418 0.0000 1650405817761 1213508.2500 -0.1965
-12.2023 78.2982 -43.7250 0.0000 1650405817790 1213537.2500 -0.1965
-11.6939 78.2982 -44.2334 0.0000 1650405817819 1213566.2500 -0.1965
-11.9481 78.5524 -43.4707 0.0000 1650405817848 1213596.0000 -0.1965
-11.6939 78.2982 -42.7081 0.0000 1650405817877 1213625.2500 -0.1965
-12.2023 77.7898 -41.6912 0.0000 1650405817906 1213653.2500 -0.1965
-11.6939 78.2982 -42.1997 0.0000 1650405817935 1213681.7500 -0.1965
-11.9481 78.0440 -41.9455 0.0000 1650405817963 1213711.0000 -0.1965
-12.2023 78.2982 -41.6912 0.0000 1650405817993 1213740.0000 -0.1965
-11.9481 78.0440 -40.9286 0.0000 1650405818021 1213769.0000 -0.1965
-12.2023 78.2982 -40.6744 0.0000 1650405818050 1213797.7500 -0.1960
-12.2023 77.7898 -40.1660 0.0000 1650405818079 1213826.7500 -0.1960
-11.9481 77.5355 -39.4033 0.0000 1650405818108 1213855.7500 -0.1960
-11.9481 78.0440 -38.8949 0.0000 1650405818137 1213884.7500 -0.1960
-12.4565 78.5524 -38.3864 0.0000 1650405818166 1213913.7500 -0.1960
-12.2023 78.2982 -38.1322 0.0000 1650405818196 1213942.7500 -0.1960
-11.9481 78.0440 -37.3696 0.0000 1650405818224 1213971.7500 -0.1960
-12.2023 78.2982 -36.6069 0.0000 1650405818254 1214000.7500 -0.1960
-12.2023 78.2982 -36.6069 0.0000 1650405818282 1214029.7500 -0.1960
-11.4397 78.0440 -35.8443 0.0000 1650405818311 1214058.7500 -0.1960
-12.2023 78.8066 -35.0817 0.0000 1650405818340 1214087.7500 -0.1965
-11.9481 78.5524 -34.3190 0.0000 1650405818369 1214119.5000 -0.1965
-12.2023 78.8066 -34.0648 0.0000 1650405818398 1214147.0000 -0.1965
-12.4565 78.5524 -32.7937 0.0000 1650405818427 1214174.7500 -0.1965
-12.4565 78.5524 -32.7937 0.0000 1650405818456 1214203.7500 -0.1965
-12.4565 78.5524 -32.2853 0.0000 1650405818485 1214232.7500 -0.1965
-12.7107 78.2982 -30.5058 0.0000 1650405818514 1214261.7500 -0.1966
-12.2023 78.8066 -31.0142 0.0000 1650405818543 1214290.7500 -0.1969
-12.2023 78.2982 -29.9974 0.0000 1650405818572 1214319.7500 -0.1969
-12.2023 78.8066 -29.4889 0.0000 1650405818601 1214348.7500 -0.1969
-12.4565 78.5524 -28.7263 0.0000 1650405818630 1214380.2500 -0.1969
-12.7107 78.2982 -27.4552 0.0000 1650405818659 1214406.2500 -0.1969
-11.9481 78.5524 -26.6926 0.0000 1650405818688 1214435.5000 -0.1969
-12.4565 78.5524 -26.6926 0.0000 1650405818717 1214465.5000 -0.1965
-11.6939 77.7898 -26.4383 0.0000 1650405818746 1214493.2500 -0.1965
-12.2023 78.8066 -24.9131 0.0000 1650405818775 1214522.2500 -0.1965
-12.9650 78.5524 -23.6420 0.0000 1650405818804 1214551.2500 -0.1965
-10.9312 78.0440 -24.6588 0.0000 1650405818833 1214580.2500 -0.1960
-12.7107 78.2982 -22.3709 0.0000 1650405818861 1214609.2500 -0.1960
-12.4565 79.0608 -22.1167 0.0000 1650405818891 1214638.2500 -0.1960
-12.2023 78.8066 -21.8625 0.0000 1650405818920 1214667.2500 -0.1960
-12.4565 78.5524 -21.0998 0.0000 1650405818949 1214696.2500 -0.1960
-12.4565 78.5524 -22.1167 0.0000 1650405818978 1214725.2500 -0.1960
-13.4734 78.0440 -21.6083 0.0000 1650405819007 1214754.2500 -0.1960
-11.9481 78.0440 -23.1336 0.0000 1650405819036 1214783.2500 -0.1960
-12.7107 77.7898 -20.8456 0.0000 1650405819065 1214812.0000 -0.1960
-12.9650 78.5524 -22.1167 0.0000 1650405819094 1214841.0000 -0.1960
-13.4734 77.5355 -21.6083 0.0000 1650405819122 1214870.0000 -0.1960
-13.4734 78.0440 -21.6083 0.0000 1650405819152 1214899.0000 -0.1960
-13.2192 77.7898 -21.3541 0.0000 1650405819180 1214927.5000 -0.1960
-13.2192 77.7898 -21.3541 0.0000 1650405819209 1214956.7500 -0.1960
-13.4734 78.0440 -21.6083 0.0000 1650405819238 1214985.7500 -0.1965
-13.4734 78.0440 -21.6083 0.0000 1650405819268 1215014.7500 -0.1965
-13.4734 78.0440 -21.6083 0.0000 1650405819296 1215043.7500 -0.1965
-13.4734 78.0440 -21.6083 0.0000 1650405819325 1215072.7500 -0.1965
-12.7107 77.2813 -22.3709 0.0000 1650405819354 1215101.7500 -0.1965
-13.2192 77.7898 -21.3541 0.0000 1650405819384 1215130.7500 -0.1965
-13.4734 78.0440 -21.6083 0.0000 1650405819413 1215159.0000 -0.1965
-13.7276 77.7898 -21.8625 0.0000 1650405819441 1215188.5000 -0.1965
-12.4565 79.0608 -22.1167 0.0000 1650405819470 1215217.7500 -0.1965
-13.2192 77.7898 -21.3541 0.0000 1650405819499 1215249.5000 -0.1965
-13.4734 78.0440 -21.6083 0.0000 1650405819528 1215275.7500 -0.1965
-13.4734 78.0440 -21.6083 0.0000 1650405819557 1215304.7500 -0.1965
-12.7107 77.2813 -22.3709 0.0000 1650405819586 1215333.7500 -0.1965
-13.4734 78.0440 -21.6083 0.0000 1650405819615 1215362.7500 -0.1965
-12.9650 78.0440 -21.0998 0.0000 1650405819644 1215391.7500 -0.1963
-13.4734 78.0440 -21.6083 0.0000 1650405819673 1215420.7500 -0.1960
-13.4734 78.0440 -21.6083 0.0000 1650405819702 1215449.7500 -0.1960
-13.4734 78.0440 -21.6083 0.0000 1650405819732 1215478.7500 -0.1960
-13.4734 77.5355 -21.6083 0.0000 1650405819760 1215507.5000 -0.1960
-13.4734 78.0440 -21.6083 0.0000 1650405819789 1215536.5000 -0.1955
-13.4734 78.0440 -21.6083 0.0000 1650405819818 1215565.5000 -0.1955
-13.4734 78.0440 -21.6083 0.0000 1650405819847 1215594.2500 -0.1955
-13.2192 78.2982 -21.3541 0.0000 1650405819876 1215623.2500 -0.1955
-13.4734 78.0440 -21.6083 0.0000 1650405819905 1215652.2500 -0.1955
-13.7276 77.7898 -21.8625 0.0000 1650405819934 1215683.7500 -0.1955
-13.2192 77.7898 -21.3541 0.0000 1650405819963 1215710.0000 -0.1960
-13.4734 77.5355 -21.6083 0.0000 1650405819992 1215739.2500 -0.1960
-12.4565 77.0271 -22.1167 0.0000 1650405820020 1215768.2500 -0.1955
-13.4734 78.0440 -21.6083 0.0000 1650405820050 1215797.2500 -0.1955
-13.2192 77.7898 -21.3541 0.0000 1650405820079 1215826.2500 -0.1956
-13.4734 78.0440 -21.6083 0.0000 1650405820108 1215855.2500 -0.1960
-13.4734 78.0440 -21.6083 0.0000 1650405820137 1215884.2500 -0.1965
-13.2192 77.7898 -21.3541 0.0000 1650405820166 1215913.0000 -0.1965
-13.4734 78.0440 -21.6083 0.0000 1650405820195 1215942.7500 -0.1966
-13.7276 77.7898 -21.8625 0.0000 1650405820224 1215970.7500 -0.1969
-13.7276 77.7898 -21.8625 0.0000 1650405820253 1216000.0000 -0.1967
-13.2192 77.7898 -22.3709 0.0000 1650405820282 1216028.5000 -0.1965
-12.4565 78.0440 -22.6251 0.0000 1650405820311 1216057.7500 -0.1966
-12.2023 77.7898 -23.8962 0.0000 1650405820339 1216086.7500 -0.1969
-11.4397 77.5355 -25.1673 0.0000 1650405820368 1216115.7500 -0.1969
-11.6939 76.7729 -25.4215 0.0000 1650405820397 1216144.7500 -0.1969
-11.1855 77.2813 -26.4383 0.0000 1650405820427 1216173.7500 -0.1968
-12.2023 78.2982 -25.9299 0.0000 1650405820455 1216202.7500 -0.1965
-11.6939 76.7729 -27.4552 0.0000 1650405820484 1216231.2500 -0.1965
-12.2023 78.2982 -27.4552 0.0000 1650405820514 1216260.7500 -0.1965
-12.2023 77.7898 -27.4552 0.0000 1650405820543 1216289.7500 -0.1965
-12.4565 78.0440 -29.2347 0.0000 1650405820572 1216318.7500 -0.1965
-11.9481 78.5524 -29.7431 0.0000 1650405820600 1216347.7500 -0.1965
-12.2023 77.7898 -29.9974 0.0000 1650405820630 1216376.7500 -0.1965
-12.4565 78.0440 -30.7600 0.0000 1650405820658 1216405.7500 -0.1965
-12.7107 77.7898 -31.0142 0.0000 1650405820687 1216434.7500 -0.1962
-12.7107 78.2982 -32.0311 0.0000 1650405820716 1216466.2500 -0.1960
-12.7107 77.7898 -32.0311 0.0000 1650405820745 1216492.2500 -0.1960
-12.4565 77.5355 -33.8106 0.0000 1650405820774 1216521.7500 -0.1960
-12.7107 78.2982 -34.0648 0.0000 1650405820803 1216550.7500 -0.1960
-12.7107 77.7898 -34.5732 0.0000 1650405820832 1216579.7500 -0.1960
-12.4565 78.0440 -35.3359 0.0000 1650405820861 1216608.5000 -0.1960
-12.4565 77.5355 -36.3527 0.0000 1650405820890 1216637.5000 -0.1960
-12.2023 77.2813 -36.0985 0.0000 1650405820919 1216666.5000 -0.1962
-12.2023 78.2982 -37.1154 0.0000 1650405820948 1216696.7500 -0.1965
-12.2023 77.7898 -38.1322 0.0000 1650405820977 1216723.7500 -0.1965
-11.9481 77.5355 -37.3696 0.0000 1650405821006 1216753.0000 -0.1965
-11.9481 78.0440 -38.8949 0.0000 1650405821035 1216782.2500 -0.1965
-12.4565 77.5355 -38.3864 0.0000 1650405821064 1216812.2500 -0.1965
-11.9481 77.0271 -39.4033 0.0000 1650405821093 1216840.2500 -0.1966
-11.9481 78.5524 -40.4202 0.0000 1650405821122 1216869.2500 -0.1969
-11.9481 77.5355 -39.9117 0.0000 1650405821151 1216898.2500 -0.1967
-12.2023 77.2813 -41.1828 0.0000 1650405821179 1216927.2500 -0.1965
-11.6939 77.2813 -41.6912 0.0000 1650405821209 1216956.2500 -0.1966
-11.6939 77.7898 -42.1997 0.0000 1650405821238 1216985.2500 -0.1969
-11.9481 77.5355 -42.9623 0.0000 1650405821267 1217014.2500 -0.1969
-12.4565 77.0271 -42.4539 0.0000 1650405821296 1217043.0000 -0.1965
-11.9481 77.0271 -42.4539 0.0000 1650405821325 1217072.0000 -0.1964
-11.6939 77.2813 -43.2165 0.0000 1650405821354 1217101.0000 -0.1965
-11.9481 78.0440 -43.9792 0.0000 1650405821383 1217130.0000 -0.1965
-11.9481 77.5355 -44.4876 0.0000 1650405821412 1217158.7500 -0.1965
-11.9481 77.5355 -44.4876 0.0000 1650405821441 1217187.7500 -0.1965
-12.7107 77.2813 -43.7250 0.0000 1650405821470 1217216.7500 -0.1965
-12.2023 77.2813 -43.7250 0.0000 1650405821498 1217246.7500 -0.1965
-12.7107 77.2813 -44.2334 0.0000 1650405821527 1217274.7500 -0.1965
-12.4565 78.0440 -43.9792 0.0000 1650405821556 1217303.7500 -0.1965
-11.6939 78.2982 -44.2334 0.0000 1650405821586 1217332.7500 -0.1962
-11.6939 78.2982 -44.2334 0.0000 1650405821614 1217361.7500 -0.1960
-11.6939 78.2982 -44.2334 0.0000 1650405821644 1217390.7500 -0.1965
-12.2023 77.7898 -44.7418 0.0000 1650405821672 1217419.7500 -0.1965
-12.2023 77.7898 -44.7418 0.0000 1650405821702 1217448.7500 -0.1965
-11.6939 78.2982 -44.2334 0.0000 1650405821731 1217479.2500 -0.1965
-11.4397 78.0440 -44.4876 0.0000 1650405821759 1217506.0000 -0.1969
-11.1855 77.2813 -44.7418 0.0000 1650405821789 1217535.7500 -0.1969
-12.7107 78.2982 -43.7250 0.0000 1650405821817 1217566.0000 -0.1967
-11.9481 78.5524 -43.4707 0.0000 1650405821846 1217595.0000 -0.1965
-11.6939 78.2982 -43.2165 0.0000 1650405821875 1217622.7500 -0.1965
-11.9481 78.0440 -42.4539 0.0000 1650405821904 1217651.7500 -0.1969
-11.9481 78.0440 -42.4539 0.0000 1650405821933 1217680.7500 -0.1969
-11.9481 78.5524 -42.4539 0.0000 1650405821962 1217709.7500 -0.1969
-11.9481 78.0440 -41.9455 0.0000 1650405821991 1217738.5000 -0.1969
-12.2023 78.2982 -41.1828 0.0000 1650405822020 1217767.5000 -0.1969
-11.6939 78.2982 -40.6744 0.0000 1650405822049 1217796.2500 -0.1969
-12.2023 78.2982 -40.6744 0.0000 1650405822078 1217825.2500 -0.1969
-12.2023 77.7898 -40.1660 0.0000 1650405822107 1217854.2500 -0.1969
-12.4565 78.0440 -39.4033 0.0000 1650405822136 1217883.2500 -0.1969
-11.9481 78.0440 -38.3864 0.0000 1650405822165 1217912.2500 -0.1969
-11.9481 78.0440 -38.3864 0.0000 1650405822194 1217941.2500 -0.1969
-11.6939 78.8066 -38.1322 0.0000 1650405822223 1217970.2500 -0.1969
-11.9481 78.0440 -37.3696 0.0000 1650405822252 1218000.7500 -0.1969
-12.2023 78.2982 -36.6069 0.0000 1650405822281 1218029.0000 -0.1969
-12.2023 78.2982 -36.6069 0.0000 1650405822310 1218057.2500 -0.1965
-12.2023 78.2982 -35.5901 0.0000 1650405822338 1218086.2500 -0.1965
-11.9481 78.0440 -34.8274 0.0000 1650405822368 1218115.2500 -0.1965
-11.9481 78.5524 -34.3190 0.0000 1650405822397 1218144.0000 -0.1965
-12.4565 78.5524 -33.8106 0.0000 1650405822426 1218173.0000 -0.1960
-12.7107 78.8066 -32.5395 0.0000 1650405822455 1218202.0000 -0.1960
-12.7107 78.8066 -32.5395 0.0000 1650405822484 1218231.0000 -0.1962
-12.4565 78.0440 -31.7769 0.0000 1650405822513 1218263.0000 -0.1965
-12.4565 78.5524 -30.7600 0.0000 1650405822542 1218291.5000 -0.1965
-12.4565 78.5524 -30.7600 0.0000 1650405822571 1218317.7500 -0.1965
-12.7107 78.2982 -29.4889 0.0000 1650405822600 1218348.2500 -0.1965
-12.2023 78.8066 -29.4889 0.0000 1650405822629 1218375.2500 -0.1965
-12.2023 78.8066 -28.4721 0.0000 1650405822657 1218404.7500 -0.1969
-12.4565 78.5524 -27.7094 0.0000 1650405822687 1218433.7500 -0.1969
-11.9481 78.5524 -27.2010 0.0000 1650405822716 1218462.7500 -0.1969
-12.7107 78.2982 -25.4215 0.0000 1650405822744 1218491.7500 -0.1969
-12.4565 79.0608 -25.1673 0.0000 1650405822773 1218520.7500 -0.1969
-12.2023 78.8066 -24.9131 0.0000 1650405822803 1218549.7500 -0.1969
-12.7107 78.8066 -23.8962 0.0000 1650405822831 1218578.7500 -0.1969
-12.4565 78.0440 -23.1336 0.0000 1650405822861 1218607.7500 -0.1969
-12.2023 78.8066 -22.8793 0.0000 1650405822890 1218636.7500 -0.1969
-12.4565 79.0608 -22.1167 0.0000 1650405822919 1218665.7500 -0.1969
-12.4565 79.0608 -22.1167 0.0000 1650405822948 1218694.7500 -0.1969
-12.9650 78.0440 -21.0998 0.0000 1650405822976 1218723.7500 -0.1969
-12.4565 79.0608 -22.1167 0.0000 1650405823005 1218752.7500 -0.1969
-12.7107 78.8066 -22.3709 0.0000 1650405823034 1218783.0000 -0.1969
-12.9650 77.5355 -21.0998 0.0000 1650405823063 1218811.0000 -0.1969
-13.4734 78.0440 -21.6083 0.0000 1650405823092 1218839.7500 -0.1965
-13.7276 78.2982 -21.3541 0.0000 1650405823121 1218868.5000 -0.1965
-12.7107 77.2813 -22.3709 0.0000 1650405823150 1218897.5000 -0.1965
-13.4734 78.0440 -21.6083 0.0000 1650405823179 1218926.2500 -0.1965
-13.7276 78.2982 -21.3541 0.0000 1650405823208 1218955.2500 -0.1965
-12.4565 78.5524 -21.6083 0.0000 1650405823237 1218984.2500 -0.1965
-13.2192 78.8066 -21.8625 0.0000 1650405823267 1219013.2500 -0.1960
-12.9650 78.0440 -21.0998 0.0000 1650405823295 1219043.7500 -0.1960
-13.4734 78.0440 -21.6083 0.0000 1650405823324 1219073.7500 -0.1965
-13.4734 78.0440 -21.0998 0.0000 1650405823353 1219100.2500 -0.1965
-13.4734 78.0440 -21.6083 0.0000 1650405823382 1219130.7500 -0.1965
-13.4734 78.0440 -21.6083 0.0000 1650405823411 1219158.0000 -0.1965
-12.7107 78.8066 -22.3709 0.0000 1650405823440 1219187.2500 -0.1965
-13.4734 78.0440 -21.6083 0.0000 1650405823469 1219216.2500 -0.1965
-13.4734 78.0440 -21.6083 0.0000 1650405823498 1219245.2500 -0.1965
-13.2192 77.7898 -21.3541 0.0000 1650405823527 1219274.0000 -0.1965
-13.4734 78.0440 -21.6083 0.0000 1650405823556 1219303.0000 -0.1969
-13.4734 78.0440 -21.6083 0.0000 1650405823585 1219332.0000 -0.1969
-13.4734 78.0440 -21.6083 0.0000 1650405823614 1219360.7500 -0.1969
-13.4734 78.0440 -21.6083 0.0000 1650405823643 1219389.7500 -0.1969
-13.4734 78.0440 -21.6083 0.0000 1650405823672 1219418.7500 -0.1969
-13.4734 78.0440 -21.6083 0.0000 1650405823701 1219447.7500 -0.1969
-13.4734 78.0440 -21.6083 0.0000 1650405823730 1219476.7500 -0.1969
-13.2192 77.7898 -21.3541 0.0000 1650405823759 1219505.7500 -0.1969
-13.7276 78.2982 -21.3541 0.0000 1650405823788 1219534.7500 -0.1969
-13.2192 77.7898 -21.3541 0.0000 1650405823816 1219565.2500 -0.1969
-13.4734 78.0440 -21.6083 0.0000 1650405823846 1219592.2500 -0.1969
-13.4734 78.0440 -21.6083 0.0000 1650405823874 1219621.7500 -0.1969
-13.7276 77.7898 -21.8625 0.0000 1650405823903 1219650.7500 -0.1969
-13.2192 77.7898 -21.3541 0.0000 1650405823933 1219679.7500 -0.1965
-13.2192 77.7898 -21.3541 0.0000 1650405823962 1219708.7500 -0.1965
-13.7276 77.7898 -21.8625 0.0000 1650405823990 1219737.7500 -0.1965
-13.4734 78.0440 -21.6083 0.0000 1650405824020 1219766.7500 -0.1965
-13.2192 77.7898 -21.3541 0.0000 1650405824048 1219795.7500 -0.1965
-13.7276 77.7898 -21.8625 0.0000 1650405824078 1219825.7500 -0.1965
-13.4734 77.5355 -21.6083 0.0000 1650405824107 1219855.0000 -0.1960
-13.4734 78.0440 -21.6083 0.0000 1650405824135 1219882.7500 -0.1960
-13.4734 78.0440 -21.6083 0.0000 1650405824165 1219913.0000 -0.1960
-13.4734 78.0440 -21.6083 0.0000 1650405824193 1219940.2500 -0.1960
-13.2192 77.7898 -21.3541 0.0000 1650405824222 1219969.5000 -0.1960
-13.2192 77.7898 -21.3541 0.0000 1650405824251 1219998.5000 -0.1960
-13.4734 78.0440 -21.6083 0.0000 1650405824280 1220027.2500 -0.1961
-12.7107 78.2982 -22.8793 0.0000 1650405824309 1220056.2500 -0.1965
-12.9650 78.0440 -23.1336 0.0000 1650405824338 1220085.2500 -0.1965
-12.2023 77.7898 -23.8962 0.0000 1650405824367 1220114.2500 -0.1965
-12.2023 78.2982 -24.4046 0.0000 1650405824396 1220143.2500 -0.1966
-11.9481 77.0271 -25.6757 0.0000 1650405824426 1220172.2500 -0.1969
-11.9481 78.0440 -25.6757 0.0000 1650405824454 1220201.2500 -0.1969
-12.2023 78.2982 -25.9299 0.0000 1650405824483 1220230.2500 -0.1969
-12.7107 77.7898 -26.9468 0.0000 1650405824512 1220259.2500 -0.1969
-12.4565 78.5524 -27.7094 0.0000 1650405824541 1220288.2500 -0.1969
-12.4565 78.0440 -28.2179 0.0000 1650405824570 1220317.2500 -0.1969
-11.9481 78.0440 -29.7431 0.0000 1650405824599 1220347.5000 -0.1969
-12.7107 77.7898 -28.9805 0.0000 1650405824628 1220377.5000 -0.1969
-12.2023 77.7898 -30.5058 0.0000 1650405824657 1220404.0000 -0.1969
-11.4397 78.0440 -31.2684 0.0000 1650405824686 1220433.0000 -0.1969
-11.9481 78.0440 -31.7769 0.0000 1650405824715 1220462.0000 -0.1969
-12.7107 78.2982 -32.0311 0.0000 1650405824744 1220490.7500 -0.1969
-12.7107 77.7898 -33.0479 0.0000 1650405824773 1220519.7500 -0.1969
-12.2023 78.2982 -34.0648 0.0000 1650405824802 1220548.7500 -0.1969
-12.2023 78.2982 -34.5732 0.0000 1650405824831 1220577.7500 -0.1965
-12.4565 77.5355 -34.3190 0.0000 1650405824860 1220606.2500 -0.1965
-11.9481 78.0440 -35.8443 0.0000 1650405824889 1220637.0000 -0.1965
-12.4565 78.0440 -35.8443 0.0000 1650405824918 1220664.7500 -0.1965
-11.6939 78.8066 -37.1154 0.0000 1650405824947 1220693.2500 -0.1965
-11.9481 78.5524 -37.3696 0.0000 1650405824976 1220722.5000 -0.1965
-11.9481 78.0440 -38.3864 0.0000 1650405825005 1220751.7500 -0.1965
-12.4565 78.0440 -37.8780 0.0000 1650405825033 1220780.7500 -0.1965
-12.4565 78.0440 -39.4033 0.0000 1650405825062 1220809.7500 -0.1960
-11.6939 77.7898 -39.6575 0.0000 1650405825091 1220838.7500 -0.1960
-11.9481 77.5355 -39.4033 0.0000 1650405825121 1220867.7500 -0.1962
-12.2023 78.2982 -40.6744 0.0000 1650405825149 1220896.7500 -0.1965
-12.4565 77.5355 -40.4202 0.0000 1650405825179 1220925.7500 -0.1965
-12.4565 77.5355 -41.4370 0.0000 1650405825208 1220954.7500 -0.1965
-11.4397 77.5355 -41.9455 0.0000 1650405825237 1220983.7500 -0.1967
-11.9481 78.0440 -42.4539 0.0000 1650405825266 1221012.7500 -0.1969
-11.9481 77.5355 -42.9623 0.0000 1650405825294 1221041.7500 -0.1969
-12.7107 77.2813 -42.7081 0.0000 1650405825324 1221070.5000 -0.1969
-11.4397 77.5355 -43.4707 0.0000 1650405825352 1221099.5000 -0.1969
-11.1855 77.2813 -43.7250 0.0000 1650405825381 1221128.0000 -0.1969
-11.6939 77.2813 -43.7250 0.0000 1650405825410 1221156.7500 -0.1969
-11.9481 77.5355 -44.4876 0.0000 1650405825439 1221186.2500 -0.1969
-11.6939 77.7898 -44.2334 0.0000 1650405825468 1221215.2500 -0.1969
-12.2023 77.2813 -44.2334 0.0000 1650405825497 1221244.2500 -0.1969
-11.9481 78.0440 -44.4876 0.0000 1650405825526 1221273.2500 -0.1969
-11.6939 78.2982 -44.2334 0.0000 1650405825555 1221302.2500 -0.1969
-11.9481 78.0440 -44.4876 0.0000 1650405825585 1221331.2500 -0.1969
-12.7107 77.2813 -44.2334 0.0000 1650405825613 1221360.2500 -0.1969
-12.2023 77.7898 -44.7418 0.0000 1650405825642 1221392.0000 -0.1969
-11.9481 78.0440 -44.4876 0.0000 1650405825671 1221421.0000 -0.1965
-12.2023 77.7898 -44.7418 0.0000 1650405825700 1221447.2500 -0.1965
-11.6939 78.2982 -44.2334 0.0000 1650405825729 1221477.5000 -0.1965
-11.6939 78.2982 -44.2334 0.0000 1650405825758 1221505.0000 -0.1965
-11.6939 78.2982 -44.2334 0.0000 1650405825787 1221534.0000 -0.1965
-12.2023 78.2982 -43.7250 0.0000 1650405825816 1221563.0000 -0.1965
-12.2023 77.7898 -44.2334 0.0000 1650405825845 1221591.7500 -0.1965
-11.6939 78.2982 -43.7250 0.0000 1650405825874 1221620.7500 -0.1965
-11.6939 78.2982 -42.7081 0.0000 1650405825903 1221649.7500 -0.1965
-11.9481 78.0440 -42.4539 0.0000 1650405825932 1221678.7500 -0.1965
-11.6939 78.2982 -42.1997 0.0000 1650405825961 1221707.7500 -0.1969
-11.9481 78.0440 -41.9455 0.0000 1650405825990 1221736.7500 -0.1969
-11.9481 78.0440 -41.9455 0.0000 1650405826005 1221751.2500 -0.1969
