-24.7339 76.4917 -38.2558 39.0037 1650410661303 85958.0000 -0.1960
-24.2640 76.5287 -38.4920 38.5034 1650410661357 86012.0000 -0.1955
-24.3834 76.5144 -38.1471 49.5642 1650410661412 86066.0000 -0.1950
-23.0040 76.5701 -38.5189 39.4982 1650410661466 86120.0000 -0.1960
-23.6826 76.8308 -38.7984 47.1677 1650410661520 86174.0000 -0.1955
-24.0276 76.8032 -38.8391 36.9729 1650410661574 86228.0000 -0.1955
-24.6639 76.8547 -39.0838 42.3462 1650410661628 86282.0000 -0.1950
-24.5442 77.1879 -38.9076 44.9554 1650410661682 86336.0000 -0.1955
-24.8078 77.1085 -38.9224 39.7194 1650410661736 86390.0000 -0.1955
-24.6554 77.0509 -39.1331 40.1905 1650410661791 86444.0000 -0.1955
-25.1230 77.2403 -38.9382 36.3681 1650410661845 86498.0000 -0.1960
-25.2616 77.1925 -38.7255 38.4686 1650410661899 86552.0000 -0.1960
-25.2690 77.1347 -38.6070 40.5322 1650410661951 86606.0000 -0.1960
-25.4265 77.0585 -38.5043 39.9029 1650410662005 86660.0000 -0.1965
-25.3108 77.0510 -38.5183 45.3611 1650410662060 86714.0000 -0.1960
-25.4639 77.0690 -38.2241 39.1531 1650410662113 86768.0000 -0.1960
-25.4982 76.6571 -38.3261 38.1417 1650410662168 86822.0000 -0.1955
-25.6560 76.8309 -38.2744 35.7597 1650410662222 86876.0000 -0.1955
-25.5057 76.9675 -38.3293 37.1415 1650410662276 86929.0000 -0.1960
-25.5307 76.9310 -38.1432 35.5334 1650410662330 86983.0000 -0.1960
-24.8643 77.0482 -38.6854 37.4794 1650410662384 87037.0000 -0.1965
-24.9091 77.0669 -38.3364 31.7471 1650410662438 87091.0000 -0.1960
-25.3443 77.2057 -38.8827 41.9102 1650410662492 87145.0000 -0.1960
-25.0634 77.3845 -38.8176 37.1037 1650410662545 87199.0000 -0.1965
-24.9694 77.3392 -38.9928 43.0811 1650410662599 87253.0000 -0.1965
-24.8395 77.3467 -39.0643 37.2665 1650410662653 87307.0000 -0.1960
-25.0258 77.3357 -39.0328 29.7929 1650410662707 87361.0000 -0.1960
-25.2809 77.3003 -38.9325 42.2672 1650410662761 87415.0000 -0.1960
-25.1807 77.3545 -38.9990 39.7196 1650410662815 87469.0000 -0.1960
-25.4265 77.2842 -38.6608 41.0547 1650410662869 87523.0000 -0.1965
-25.6377 77.3971 -38.6880 39.7028 1650410662924 87577.0000 -0.1965
-25.2449 77.6327 -38.6163 34.8749 1650410662978 87631.0000 -0.1960
-25.4039 77.9735 -37.0826 52.8119 1650410663032 87685.0000 -0.1960
-25.1604 78.3199 -36.3755 35.9006 1650410663086 87739.0000 -0.1965
-25.7957 78.0518 -34.3239 36.6593 1650410663138 87793.0000 -0.1960
-25.6273 77.6437 -33.4033 40.0317 1650410663192 87847.0000 -0.1960
-25.2895 77.7072 -33.4818 30.1294 1650410663246 87901.0000 -0.1955
-24.9722 77.5502 -34.0702 34.6649 1650410663300 87955.0000 -0.1955
-25.2390 77.6545 -34.9280 34.7057 1650410663355 88009.0000 -0.1960
-24.7147 77.4026 -35.9083 32.9115 1650410663409 88063.0000 -0.1960
-24.8595 77.8405 -37.3586 33.3163 1650410663463 88117.0000 -0.1965
-24.9754 77.2942 -39.3455 32.6679 1650410663517 88171.0000 -0.1955
-24.9815 77.2650 -40.9812 30.8566 1650410663571 88225.0000 -0.1955
-25.5101 77.2681 -42.5119 36.3803 1650410663625 88279.0000 -0.1960
-25.6795 77.1195 -43.1845 35.4200 1650410663680 88332.0000 -0.1960
-25.4949 77.1108 -44.2813 33.2784 1650410663734 88386.0000 -0.1955
-25.9197 77.1231 -44.3513 32.5215 1650410663786 88440.0000 -0.1950
-25.8262 77.5144 -43.4401 34.4586 1650410663840 88494.0000 -0.1950
-25.5679 77.8477 -41.9810 47.7236 1650410663894 88548.0000 -0.1950
-25.3071 78.3806 -40.4226 45.0921 1650410663948 88602.0000 -0.1950
-25.1709 77.9941 -38.6667 36.8077 1650410664002 88656.0000 -0.1950
-24.9052 77.7035 -37.0628 38.4710 1650410664056 88710.0000 -0.1945
-24.5618 77.5416 -35.6381 37.1357 1650410664111 88764.0000 -0.1950
-24.5641 77.7253 -34.8024 31.2213 1650410664165 88818.0000 -0.1950
-23.7927 77.7539 -34.1243 25.2341 1650410664219 88872.0000 -0.1950
-25.1056 77.4853 -34.6796 35.3049 1650410664273 88926.0000 -0.1950
-24.6559 77.7850 -34.6889 41.5256 1650410664327 88980.0000 -0.1945
-24.4083 77.5852 -35.3258 39.3212 1650410664379 89034.0000 -0.1950
-24.8439 77.8103 -36.2035 40.8240 1650410664433 89088.0000 -0.1945
-25.1633 77.6345 -38.1578 34.4094 1650410664487 89142.0000 -0.1950
-25.0314 77.6604 -40.0444 33.0440 1650410664542 89196.0000 -0.1950
-24.4976 77.7782 -41.7347 29.5430 1650410664596 89250.0000 -0.1950
-25.0440 77.0558 -42.8870 41.1485 1650410664650 89304.0000 -0.1950
-25.4245 77.0709 -43.7869 31.4059 1650410664704 89358.0000 -0.1955
-25.4513 76.7773 -44.1558 34.0875 1650410664758 89412.0000 -0.1955
-26.3075 77.3155 -43.8519 32.8002 1650410664812 89466.0000 -0.1955
-26.0479 78.0483 -42.5427 33.5965 1650410664866 89520.0000 -0.1950
-25.4694 78.1060 -41.5559 44.9266 1650410664921 89574.0000 -0.1950
-25.2856 78.1391 -39.4616 36.2191 1650410664975 89628.0000 -0.1950
-25.4894 78.0076 -38.1454 55.0467 1650410665027 89681.0000 -0.1955
-24.6646 77.9414 -36.4509 43.8347 1650410665081 89735.0000 -0.1955
-24.5000 77.7809 -35.3676 35.2230 1650410665135 89789.0000 -0.1950
-24.3189 77.8644 -34.4841 42.7129 1650410665189 89843.0000 -0.1955
-24.3471 77.4919 -34.1392 36.6669 1650410665244 89897.0000 -0.1955
-24.6369 77.9214 -34.2546 33.1002 1650410665298 89951.0000 -0.1950
-24.9211 77.4146 -34.9944 40.3960 1650410665352 90005.0000 -0.1945
-24.7704 77.7610 -35.6148 34.0436 1650410665406 90059.0000 -0.1945
-24.4733 77.7288 -37.0355 41.2908 1650410665460 90113.0000 -0.1950
-24.7031 77.8160 -38.8626 40.0638 1650410665514 90167.0000 -0.1950
-24.8196 77.7530 -40.5681 27.8503 1650410665568 90221.0000 -0.1955
-25.2104 77.5494 -42.1926 28.5806 1650410665620 90275.0000 -0.1955
-25.3514 77.1091 -43.0724 31.2936 1650410665675 90329.0000 -0.1950
-25.6458 77.5412 -44.2101 33.3420 1650410665729 90383.0000 -0.1955
-25.9922 77.4231 -43.8160 38.9009 1650410665783 90437.0000 -0.1955
-26.1408 77.8740 -43.6849 39.3758 1650410665837 90491.0000 -0.1945
-25.6629 78.0651 -42.2838 29.9264 1650410665891 90545.0000 -0.1945
-25.2946 78.3265 -40.9302 36.7156 1650410665945 90599.0000 -0.1945
-25.0714 78.0815 -39.0972 38.6726 1650410665999 90653.0000 -0.1945
-25.0003 77.9564 -37.5506 32.0628 1650410666054 90707.0000 -0.1945
-24.3075 77.6393 -36.6853 32.2754 1650410666108 90761.0000 -0.1950
-24.4115 77.7184 -35.1938 29.2289 1650410666162 90815.0000 -0.1945
-24.4520 77.5620 -34.2323 31.8904 1650410666216 90869.0000 -0.1945
-25.0613 77.6237 -34.5194 31.6121 1650410666268 90923.0000 -0.1950
-24.3926 77.7489 -34.6351 27.8994 1650410666322 90977.0000 -0.1950
-24.6741 77.8317 -35.1066 34.1902 1650410666377 91030.0000 -0.1950
-24.9481 77.6106 -36.1143 42.9751 1650410666430 91084.0000 -0.1950
-24.8296 77.9360 -37.5599 29.3219 1650410666485 91138.0000 -0.1945
-24.9356 77.3401 -39.5709 43.3511 1650410666539 91192.0000 -0.1945
-25.1761 77.5262 -41.2870 26.5939 1650410666593 91246.0000 -0.1950
-24.8567 77.1748 -42.5892 29.6569 1650410666647 91300.0000 -0.1955
-24.9172 77.3698 -43.4466 36.5756 1650410666701 91354.0000 -0.1955
-24.9540 77.1717 -44.1085 26.8683 1650410666755 91408.0000 -0.1950
-25.9504 77.9069 -44.2821 38.4249 1650410666810 91462.0000 -0.1955
-26.1078 78.2516 -42.9015 36.9798 1650410666862 91516.0000 -0.1960
-25.6156 78.7809 -41.7088 32.1326 1650410666916 91570.0000 -0.1955
-24.9942 78.0051 -40.1101 40.8331 1650410666970 91624.0000 -0.1955
-25.2931 77.9154 -38.5873 49.8566 1650410667024 91678.0000 -0.1955
-24.8955 77.7205 -36.9375 37.3216 1650410667078 91732.0000 -0.1955
-24.7931 77.4960 -35.6451 40.3036 1650410667132 91786.0000 -0.1960
-24.6189 77.7139 -34.7891 35.1774 1650410667186 91840.0000 -0.1960
-24.5247 77.7412 -34.0908 33.8037 1650410667241 91894.0000 -0.1960
-24.3604 77.5121 -34.4159 33.7729 1650410667295 91948.0000 -0.1955
-24.6239 77.6694 -34.8415 37.0013 1650410667349 92002.0000 -0.1955
-24.6094 77.7439 -35.3058 34.0688 1650410667403 92056.0000 -0.1955
-24.6784 78.1661 -36.6968 36.1460 1650410667457 92110.0000 -0.1950
-24.9549 77.6312 -38.3784 39.2658 1650410667509 92164.0000 -0.1950
-24.9390 77.9647 -40.2612 31.4385 1650410667563 92218.0000 -0.1950
-24.3766 77.6881 -41.7256 29.6675 1650410667617 92272.0000 -0.1950
-25.4570 77.2422 -42.8181 32.0955 1650410667672 92326.0000 -0.1950
-25.0867 77.2344 -43.7080 31.9818 1650410667726 92379.0000 -0.1955
-25.3797 77.3042 -44.3713 30.2151 1650410667780 92433.0000 -0.1955
-26.3053 77.8713 -43.4259 36.7648 1650410667834 92487.0000 -0.1950
-26.1284 78.4317 -42.2468 39.6775 1650410667889 92541.0000 -0.1955
-25.5752 78.2456 -41.2456 43.0422 1650410667943 92595.0000 -0.1955
-25.0326 78.3248 -39.5880 32.8517 1650410667997 92649.0000 -0.1950
-25.1375 77.8806 -37.8397 38.2825 1650410668051 92703.0000 -0.1955
-25.0303 77.6087 -36.5174 34.3930 1650410668103 92757.0000 -0.1955
-24.7952 77.7095 -35.0730 41.3210 1650410668157 92811.0000 -0.1955
-24.5291 77.5404 -34.5489 36.9884 1650410668211 92865.0000 -0.1955
-24.6759 77.5588 -34.3290 33.6604 1650410668265 92919.0000 -0.1960
-24.1271 77.9818 -34.4566 39.3506 1650410668319 92973.0000 -0.1960
-24.5915 77.7531 -34.9025 44.2007 1650410668373 93027.0000 -0.1955
-24.6765 77.8101 -35.8367 32.0499 1650410668428 93081.0000 -0.1960
-25.1820 77.6903 -37.3866 31.5710 1650410668482 93135.0000 -0.1960
-24.8158 77.9067 -39.1923 27.4334 1650410668536 93189.0000 -0.1955
-24.5054 77.6683 -40.7991 31.4759 1650410668590 93243.0000 -0.1955
-25.1366 77.5743 -42.0679 34.4453 1650410668644 93297.0000 -0.1955
-25.3294 77.2713 -43.1324 32.9701 1650410668696 93351.0000 -0.1955
-24.7949 77.2564 -44.3207 33.0234 1650410668750 93405.0000 -0.1955
-26.0061 77.4888 -44.0049 38.8152 1650410668805 93459.0000 -0.1960
-26.3740 77.9952 -43.2752 39.1347 1650410668859 93513.0000 -0.1960
-25.4904 78.0823 -41.9993 38.1647 1650410668913 93567.0000 -0.1955
-25.4102 78.3670 -40.4946 46.6907 1650410668967 93621.0000 -0.1960
-25.1605 78.1131 -38.7481 37.1837 1650410669021 93675.0000 -0.1960
-25.3259 78.0890 -37.5817 47.9224 1650410669076 93729.0000 -0.1955
-24.9649 77.7193 -35.7129 36.5827 1650410669129 93782.0000 -0.1955
-24.4558 77.7063 -35.0414 33.1009 1650410669184 93836.0000 -0.1955
-24.0484 77.6726 -34.2702 36.1063 1650410669238 93890.0000 -0.1955
-24.8649 77.5367 -34.2186 34.1263 1650410669292 93944.0000 -0.1955
-24.9008 77.8587 -34.8435 39.6515 1650410669344 93998.0000 -0.1960
-24.7836 77.5818 -35.2426 36.0005 1650410669398 94052.0000 -0.1955
-24.9204 77.9565 -36.3063 35.7876 1650410669452 94106.0000 -0.1955
-24.8785 78.5892 -38.0824 33.6772 1650410669507 94160.0000 -0.1960
-24.6978 77.8639 -39.8980 33.5185 1650410669561 94214.0000 -0.1960
-24.5804 77.6368 -41.4768 36.9853 1650410669615 94268.0000 -0.1960
-24.7193 77.2970 -42.5532 26.2872 1650410669669 94322.0000 -0.1955
-25.0459 77.5646 -43.5624 31.6671 1650410669723 94376.0000 -0.1955
-25.3893 77.3413 -44.1005 32.6620 1650410669777 94430.0000 -0.1955
-26.4491 77.4583 -43.9826 39.8359 1650410669831 94484.0000 -0.1955
-26.5603 77.8058 -42.5237 40.7321 1650410669885 94538.0000 -0.1955
-25.6166 79.0775 -41.7382 40.6495 1650410669938 94592.0000 -0.1955
-25.4003 78.2638 -39.7460 34.1546 1650410669992 94646.0000 -0.1955
-25.3875 78.0125 -38.3391 40.2726 1650410670046 94700.0000 -0.1955
-25.0685 77.9099 -36.8130 33.0736 1650410670100 94754.0000 -0.1955
-24.2441 77.5835 -35.4138 38.0272 1650410670154 94808.0000 -0.1950
-24.7224 77.5495 -34.8348 33.0864 1650410670208 94862.0000 -0.1950
-24.4112 77.8789 -34.1857 29.3999 1650410670262 94916.0000 -0.1950
-24.8439 77.8128 -34.2449 27.2521 1650410670316 94970.0000 -0.1950
-24.9678 78.0786 -34.8843 38.3480 1650410670371 95024.0000 -0.1955
-24.9266 77.8657 -35.5332 34.3503 1650410670425 95078.0000 -0.1955
-24.7745 77.8809 -36.8893 34.5317 1650410670479 95131.0000 -0.1955
-24.3248 77.7433 -38.4781 36.3574 1650410670533 95185.0000 -0.1955
-24.9289 77.8404 -40.7586 34.3291 1650410670585 95239.0000 -0.1955
-24.3009 77.4683 -41.9873 31.5663 1650410670639 95293.0000 -0.1955
-25.1073 77.4280 -43.0556 32.3051 1650410670694 95347.0000 -0.1955
-24.6076 77.1615 -44.2674 34.3972 1650410670748 95401.0000 -0.1950
-25.8246 77.2532 -44.3732 30.1696 1650410670802 95455.0000 -0.1950
-26.4492 77.7307 -43.2759 35.8677 1650410670856 95509.0000 -0.1950
-26.1430 78.3949 -42.4020 36.1603 1650410670910 95563.0000 -0.1955
-25.4735 78.4575 -40.8013 34.9473 1650410670964 95617.0000 -0.1955
-24.9825 78.2081 -39.0939 32.8332 1650410671018 95671.0000 -0.1955
-25.2501 78.0598 -37.7758 49.2687 1650410671072 95725.0000 -0.1950
-24.8340 77.8437 -36.2774 38.1437 1650410671127 95779.0000 -0.1955
-24.6968 77.7613 -35.4064 30.1886 1650410671179 95833.0000 -0.1950
-24.5501 77.6712 -34.3440 45.1181 1650410671233 95887.0000 -0.1950
-24.9427 77.6812 -34.7585 32.7178 1650410671287 95941.0000 -0.1950
-24.7819 77.9669 -34.8242 35.3877 1650410671341 95995.0000 -0.1950
-25.2282 77.7819 -35.2251 40.9973 1650410671395 96049.0000 -0.1950
-25.0187 78.0165 -36.0380 41.2079 1650410671450 96103.0000 -0.1950
-24.3982 77.8956 -37.7381 27.0260 1650410671504 96157.0000 -0.1955
-24.3258 77.7900 -39.4104 34.6250 1650410671558 96211.0000 -0.1950
-24.7418 77.8561 -41.1629 30.9826 1650410671612 96265.0000 -0.1950
-25.1882 77.5971 -42.4781 37.3502 1650410671666 96319.0000 -0.1955
-24.9868 77.4149 -43.4392 28.0870 1650410671720 96373.0000 -0.1950
-25.7277 77.1887 -44.3191 30.8150 1650410671775 96427.0000 -0.1950
-25.8297 77.4029 -43.5707 34.9524 1650410671826 96480.0000 -0.1945
-26.0693 77.9985 -42.8851 37.9512 1650410671881 96534.0000 -0.1950
-26.1092 78.5386 -41.7548 38.2798 1650410671936 96588.0000 -0.1945
-25.2746 78.0577 -40.3414 43.9082 1650410671989 96642.0000 -0.1950
-25.3861 78.1968 -38.7349 44.6191 1650410672043 96696.0000 -0.1950
-25.0818 78.1043 -37.0664 41.6321 1650410672097 96750.0000 -0.1950
-25.1042 77.6596 -35.8175 37.3738 1650410672151 96804.0000 -0.1950
-24.6425 77.5679 -35.0075 38.5035 1650410672206 96858.0000 -0.1950
-24.2516 77.5943 -34.1408 38.1646 1650410672260 96912.0000 -0.1945
-24.9613 77.7914 -34.4117 37.0981 1650410672314 96966.0000 -0.1945
-25.0929 77.9067 -34.7746 40.9686 1650410672368 97020.0000 -0.1945
-24.8865 77.7540 -35.4813 39.5625 1650410672420 97074.0000 -0.1945
-24.9744 77.8030 -36.4598 36.4654 1650410672474 97128.0000 -0.1945
-24.5499 77.7151 -38.2259 35.6108 1650410672528 97182.0000 -0.1945
-24.9926 78.3814 -39.9821 33.9313 1650410672582 97236.0000 -0.1945
-24.5344 77.8350 -41.5923 32.8381 1650410672637 97290.0000 -0.1940
-25.0111 77.2537 -42.6706 30.8209 1650410672691 97344.0000 -0.1945
-25.5232 77.0528 -43.8272 32.1480 1650410672745 97398.0000 -0.1945
-25.8961 77.2146 -44.0635 36.2738 1650410672799 97452.0000 -0.1945
-26.2446 77.6348 -43.6564 42.2203 1650410672853 97506.0000 -0.1940
-26.0338 77.9196 -42.4565 41.2104 1650410672907 97560.0000 -0.1940
-25.4906 78.3810 -41.4316 42.4295 1650410672961 97614.0000 -0.1940
-25.4939 78.2015 -39.9474 41.4451 1650410673015 97668.0000 -0.1940
-25.1407 77.6907 -38.0634 48.9624 1650410673068 97722.0000 -0.1945
-24.6072 78.0181 -36.6695 31.6793 1650410673122 97776.0000 -0.1945
-24.5646 77.6963 -35.3076 44.1609 1650410673176 97829.0000 -0.1935
-24.2989 77.5925 -34.6560 39.2561 1650410673230 97883.0000 -0.1945
-24.4490 77.6989 -34.2761 33.5566 1650410673284 97937.0000 -0.1945
-24.9629 77.8549 -34.6365 29.9381 1650410673338 97991.0000 -0.1940
-24.9699 77.8317 -34.7408 43.9565 1650410673393 98045.0000 -0.1940
-24.5391 77.6268 -35.6154 36.2572 1650410673447 98099.0000 -0.1935
-25.0013 78.0235 -37.0247 39.6180 1650410673501 98153.0000 -0.1940
-24.7956 78.2403 -38.9006 35.0643 1650410673555 98207.0000 -0.1940
-24.9195 77.8022 -40.6984 29.5771 1650410673609 98261.0000 -0.1940
-24.5853 77.3893 -41.8328 28.8610 1650410673661 98315.0000 -0.1940
-25.3288 77.2805 -42.9467 38.3210 1650410673716 98369.0000 -0.1960
-25.3626 77.4520 -44.0309 36.3485 1650410673769 98423.0000 -0.1979
-25.4413 77.1985 -44.1895 34.3295 1650410673824 98477.0000 -0.1989
-26.3438 77.9752 -43.2251 31.4844 1650410673878 98531.0000 -0.1989
-25.8528 78.1124 -42.2107 40.0843 1650410673932 98585.0000 -0.1989
-25.5558 78.3439 -40.7713 38.8002 1650410673986 98639.0000 -0.1989
-25.3516 77.8677 -39.0646 39.2844 1650410674040 98693.0000 -0.1994
-25.1704 78.0770 -37.4083 43.3760 1650410674094 98747.0000 -0.1994
-24.8698 77.7823 -35.9256 39.2254 1650410674148 98801.0000 -0.1999
-24.5293 77.6551 -35.0397 40.0399 1650410674202 98855.0000 -0.1999
-24.1563 77.5406 -34.5479 38.8953 1650410674255 98909.0000 -0.1994
-25.0798 77.7515 -34.3805 39.9858 1650410674309 98963.0000 -0.1999
-24.8456 77.6848 -34.2146 40.1394 1650410674363 99017.0000 -0.1999
-24.8822 77.6754 -34.9161 43.5984 1650410674417 99071.0000 -0.1994
-24.7454 77.8182 -36.4756 39.6102 1650410674471 99125.0000 -0.1999
-24.5903 77.9442 -37.8495 31.4848 1650410674525 99178.0000 -0.1994
-24.6604 77.7005 -39.5670 32.0835 1650410674579 99232.0000 -0.1994
-25.2196 77.9735 -41.3061 36.1314 1650410674634 99286.0000 -0.1994
-24.7576 77.4488 -42.3583 35.3252 1650410674688 99340.0000 -0.1999
-25.5819 77.2763 -43.6221 36.4207 1650410674742 99394.0000 -0.1994
-25.5365 77.2687 -44.3280 28.8347 1650410674796 99448.0000 -0.1989
-25.9521 77.4017 -43.8910 42.3069 1650410674850 99502.0000 -0.1999
-26.3148 77.7891 -42.8143 38.2731 1650410674903 99556.0000 -0.1999
-25.7589 78.9477 -41.8390 46.5015 1650410674957 99610.0000 -0.1994
-25.5734 78.1575 -40.1459 33.5525 1650410675011 99664.0000 -0.1994
-25.1537 78.0859 -38.6062 46.7278 1650410675065 99718.0000 -0.1999
-25.0273 77.8934 -36.9142 35.3120 1650410675119 99772.0000 -0.1994
-24.8472 77.9014 -35.9338 34.4237 1650410675173 99826.0000 -0.1994
-24.7796 77.7270 -34.7718 34.5411 1650410675227 99880.0000 -0.1999
-24.3119 77.8618 -34.2399 32.0170 1650410675281 99934.0000 -0.1999
-24.9599 77.6287 -34.7128 34.0699 1650410675335 99988.0000 -0.1994
-24.9123 77.5756 -34.7743 39.9142 1650410675390 100042.0000 -0.1999
-24.5446 77.8567 -35.2690 34.0344 1650410675444 100096.0000 -0.1999
-24.8448 78.0191 -36.5136 43.9723 1650410675496 100150.0000 -0.1999
-24.5916 77.7800 -38.4407 36.4307 1650410675550 100204.0000 -0.1999
-25.0252 77.9373 -40.2204 34.6397 1650410675604 100258.0000 -0.1994
-24.6414 77.5304 -41.7942 29.1676 1650410675658 100312.0000 -0.1999
-25.0444 77.2721 -42.8834 35.0340 1650410675712 100366.0000 -0.1999
-25.2321 77.1948 -43.6372 31.3306 1650410675767 100420.0000 -0.1999
-25.3732 77.1286 -44.0650 33.1918 1650410675821 100474.0000 -0.1994
-26.3710 77.5133 -43.4794 43.9073 1650410675875 100527.0000 -0.1994
-26.2256 77.9729 -42.1582 35.2435 1650410675929 100581.0000 -0.1999
-25.4869 78.6644 -40.9345 47.9638 1650410675983 100635.0000 -0.1999
-25.3807 78.0908 -39.6057 36.9750 1650410676037 100689.0000 -0.1994
-25.1508 78.1502 -37.8143 46.5784 1650410676091 100743.0000 -0.1994
-25.1785 77.8364 -36.2245 43.9582 1650410676144 100797.0000 -0.1994
-24.6227 77.8330 -34.9103 40.0809 1650410676198 100851.0000 -0.1989
-24.6376 77.7463 -34.1811 31.9143 1650410676252 100905.0000 -0.1989
-24.6292 77.5827 -34.2888 30.5511 1650410676306 100959.0000 -0.1994
-24.9162 77.7095 -34.3315 34.0627 1650410676360 101013.0000 -0.1994
-24.9205 77.6363 -34.5734 38.9659 1650410676414 101067.0000 -0.1989
-24.7807 77.8931 -35.8045 37.3456 1650410676468 101121.0000 -0.1994
-24.5799 77.9613 -37.3491 33.8919 1650410676523 101175.0000 -0.1994
-25.0016 77.9754 -39.1149 34.4674 1650410676577 101229.0000 -0.1994
-24.4453 77.7352 -40.8087 40.7673 1650410676631 101283.0000 -0.1989
-24.2361 77.5255 -42.2648 27.4398 1650410676685 101337.0000 -0.1989
-25.4221 77.2376 -43.1952 42.1469 1650410676737 101391.0000 -0.1989
-25.3692 77.4598 -44.1062 29.9837 1650410676791 101445.0000 -0.1994
-25.8812 77.2505 -44.1799 38.3078 1650410676845 101499.0000 -0.1994
-26.1546 77.4790 -43.2351 35.1211 1650410676899 101553.0000 -0.1994
-26.0880 78.6323 -42.0882 31.6353 1650410676954 101607.0000 -0.1989
-25.6073 78.1917 -40.3464 42.0648 1650410677008 101661.0000 -0.1994
-25.0717 78.1783 -38.7273 40.1170 1650410677062 101715.0000 -0.1994
-24.9852 77.9353 -37.1851 50.6670 1650410677116 101769.0000 -0.1994
-24.7369 77.7831 -35.6898 31.2286 1650410677170 101823.0000 -0.1989
-24.3358 77.7134 -34.9224 37.2491 1650410677224 101877.0000 -0.1989
-24.5807 77.6839 -34.2853 35.5034 1650410677278 101930.0000 -0.1989
-25.0181 77.6065 -34.5812 37.5414 1650410677332 101984.0000 -0.1994
-25.0546 77.8952 -34.4733 40.9000 1650410677385 102038.0000 -0.1994
-24.6953 77.6684 -35.4822 43.8097 1650410677439 102092.0000 -0.1994
-25.1097 77.7808 -36.4497 39.4444 1650410677493 102146.0000 -0.1989
-24.7379 77.8359 -37.9712 32.0408 1650410677547 102200.0000 -0.1994
-24.4926 77.6521 -39.7652 30.1552 1650410677602 102254.0000 -0.1994
-23.7325 77.7578 -41.1977 32.0038 1650410677655 102308.0000 -0.1994
-24.3626 77.1797 -42.6657 32.5939 1650410677710 102362.0000 -0.1989
-25.3891 77.2302 -43.7395 28.8700 1650410677764 102416.0000 -0.1989
-24.6469 77.2523 -44.0485 27.2807 1650410677818 102470.0000 -0.1989
-25.7521 77.5176 -43.9807 40.4475 1650410677872 102524.0000 -0.1994
-26.4541 77.6286 -42.8438 37.7686 1650410677926 102578.0000 -0.1989
-25.8130 77.9588 -41.5122 42.6084 1650410677978 102632.0000 -0.1989
-25.4031 78.6755 -39.7280 41.9284 1650410678033 102686.0000 -0.1989
-25.3987 78.1263 -38.2274 48.0430 1650410678087 102740.0000 -0.1994
-24.9284 77.9764 -36.9525 41.7385 1650410678141 102794.0000 -0.1994
-24.9556 77.7565 -35.8963 43.6317 1650410678195 102848.0000 -0.1994
-24.6874 77.6522 -34.7408 39.4752 1650410678249 102902.0000 -0.1989
-24.0194 77.7400 -34.1159 29.9293 1650410678303 102956.0000 -0.1989
-24.6295 77.8009 -34.5919 34.6998 1650410678357 103010.0000 -0.1989
-24.8426 77.8006 -34.6659 46.2140 1650410678411 103064.0000 -0.1994
-24.7095 77.7463 -35.5939 43.2521 1650410678465 103118.0000 -0.1994
-24.8328 78.1062 -36.9244 30.0073 1650410678520 103172.0000 -0.1989
-24.8679 77.7562 -38.7484 32.1865 1650410678572 103226.0000 -0.1989
-25.0103 77.8870 -40.5759 30.9915 1650410678626 103279.0000 -0.1994
-24.8971 77.6950 -41.8565 27.9199 1650410678680 103333.0000 -0.1989
-25.2722 77.3173 -43.1435 38.6437 1650410678734 103387.0000 -0.1984
-25.3569 77.3994 -44.1453 32.3426 1650410678788 103441.0000 -0.1984
-25.4571 77.2456 -44.1494 33.2490 1650410678843 103495.0000 -0.1984
-26.1293 77.5813 -43.6377 36.2569 1650410678897 103549.0000 -0.1984
-26.1498 77.8472 -42.2303 34.1166 1650410678951 103603.0000 -0.1989
-25.5677 78.7488 -40.7919 41.6577 1650410679005 103657.0000 -0.1989
-25.5967 78.1236 -39.2897 39.2716 1650410679059 103711.0000 -0.1984
-25.1066 78.0867 -37.4952 36.8310 1650410679113 103765.0000 -0.1984
-25.3699 77.8500 -36.4036 42.3105 1650410679167 103819.0000 -0.1984
-24.6277 77.5750 -34.8815 30.7745 1650410679220 103873.0000 -0.1984
-24.6837 77.6179 -34.5730 34.7829 1650410679274 103927.0000 -0.1984
-24.8189 77.3441 -34.4247 33.6092 1650410679328 103981.0000 -0.1979
-25.0410 78.0642 -34.6840 33.1088 1650410679382 104035.0000 -0.1979
-24.9327 77.6993 -34.7482 39.0597 1650410679436 104089.0000 -0.1979
-24.9492 77.9660 -35.9741 33.4886 1650410679490 104143.0000 -0.1984
-24.7326 77.7336 -37.7175 37.9233 1650410679544 104197.0000 -0.1984
-24.5427 77.9102 -39.4230 33.3739 1650410679598 104251.0000 -0.1979
-24.6888 77.7193 -41.2253 37.2521 1650410679653 104305.0000 -0.1984
-24.8929 77.3689 -42.4000 32.3938 1650410679707 104359.0000 -0.1984
-24.7798 76.9240 -43.2993 29.7941 1650410679761 104413.0000 -0.1984
-25.5300 77.0420 -44.2123 34.2505 1650410679813 104467.0000 -0.1984
-26.0098 77.3434 -44.0505 38.5289 1650410679867 104521.0000 -0.1979
-26.0667 77.8391 -42.8029 34.1662 1650410679921 104575.0000 -0.1979
-26.0491 78.5204 -41.8925 36.6184 1650410679975 104628.0000 -0.1979
-25.8026 78.2645 -40.3017 37.2075 1650410680029 104682.0000 -0.1979
-25.4352 78.2044 -38.5311 46.1890 1650410680084 104736.0000 -0.1984
-25.3365 77.8845 -37.3449 38.5970 1650410680138 104790.0000 -0.1979
-24.7428 77.8380 -35.7783 41.8876 1650410680192 104844.0000 -0.1979
-24.4632 77.6460 -34.9568 30.1820 1650410680246 104898.0000 -0.1979
-24.5502 77.6365 -34.1669 33.0027 1650410680300 104952.0000 -0.1979
-24.7550 77.5025 -34.3558 29.9469 1650410680354 105006.0000 -0.1979
-24.9772 77.9762 -34.8359 40.3122 1650410680408 105060.0000 -0.1979
-24.7190 77.7169 -35.0350 36.9548 1650410680461 105114.0000 -0.1979
-24.9845 78.2357 -36.2865 32.1295 1650410680515 105168.0000 -0.1974
-24.4946 78.0970 -38.3303 40.0493 1650410680569 105222.0000 -0.1979
-24.4599 77.7624 -40.1459 27.5037 1650410680623 105276.0000 -0.1979
-24.6948 77.4859 -41.4770 26.9886 1650410680677 105330.0000 -0.1979
-25.1497 77.2861 -42.6589 35.2077 1650410680731 105384.0000 -0.1979
-25.1323 77.4601 -43.6220 42.0638 1650410680786 105438.0000 -0.1984
-25.4745 77.2413 -44.2832 32.9878 1650410680840 105492.0000 -0.1979
-26.0958 77.6434 -43.5857 34.2813 1650410680894 105546.0000 -0.1979
-26.3594 77.7970 -42.5467 34.9258 1650410680948 105600.0000 -0.1979
-26.0513 78.1603 -41.2668 51.5455 1650410681002 105654.0000 -0.1974
-25.4597 78.3040 -39.4900 43.9138 1650410681054 105708.0000 -0.1974
-25.0866 77.8874 -38.0305 40.7343 1650410681108 105762.0000 -0.1979
-25.0426 77.6048 -36.4656 28.1421 1650410681162 105816.0000 -0.1979
-24.7898 77.6704 -35.1771 43.9880 1650410681216 105870.0000 -0.1974
-24.5985 77.5003 -35.1554 36.3941 1650410681271 105924.0000 -0.1974
-24.7295 77.7150 -34.2553 35.4929 1650410681325 105977.0000 -0.1979
-25.1003 77.9323 -34.2274 34.6297 1650410681379 106031.0000 -0.1979
-25.2405 77.6970 -34.7075 46.8024 1650410681433 106085.0000 -0.1974
-24.7720 77.8137 -36.0005 41.2516 1650410681487 106139.0000 -0.1974
-24.7707 78.0687 -36.8665 35.3681 1650410681542 106193.0000 -0.1974
-24.0011 77.5978 -38.9558 36.8316 1650410681596 106247.0000 -0.1974
-24.7902 77.7071 -40.7212 33.8816 1650410681650 106301.0000 -0.1979
-24.6836 77.6604 -42.1425 31.6904 1650410681702 106355.0000 -0.1979
-25.2206 77.2576 -42.8315 31.7915 1650410681756 106409.0000 -0.1974
-25.0119 77.4260 -44.1241 36.4929 1650410681810 106463.0000 -0.1979
-25.8399 77.3210 -44.1497 34.0652 1650410681864 106517.0000 -0.1979
-26.1392 77.6101 -43.3612 40.6199 1650410681919 106571.0000 -0.1974
-26.3669 78.2581 -42.1201 47.7935 1650410681973 106625.0000 -0.1974
-25.5610 78.0627 -40.7344 43.5461 1650410682027 106679.0000 -0.1974
-25.0665 78.0544 -39.0976 37.3583 1650410682081 106733.0000 -0.1974
-24.9185 77.9829 -37.6405 44.9245 1650410682135 106787.0000 -0.1974
-25.2613 77.6936 -36.5059 51.3860 1650410682189 106841.0000 -0.1979
-24.8419 77.6986 -35.0080 27.7933 1650410682243 106895.0000 -0.1979
-24.7414 77.6161 -34.2543 29.6193 1650410682295 106949.0000 -0.1974
-25.0938 77.4878 -34.6373 36.9683 1650410682350 107003.0000 -0.1979
-25.2320 77.7554 -34.4317 37.2542 1650410682404 107057.0000 -0.1979
-24.9571 77.8020 -35.2072 34.2020 1650410682458 107111.0000 -0.1979
-24.6406 78.5596 -36.5969 31.3061 1650410682512 107165.0000 -0.1979
-24.6003 77.7538 -37.6389 30.9045 1650410682566 107219.0000 -0.1974
-24.7645 78.0190 -39.4492 29.8259 1650410682620 107273.0000 -0.1974
-24.6417 78.1923 -41.1671 39.6440 1650410682674 107326.0000 -0.1974
-24.8425 77.3755 -42.4057 29.5282 1650410682729 107380.0000 -0.1979
-25.2689 77.3106 -43.4591 36.1214 1650410682783 107434.0000 -0.1979
-25.0368 77.1731 -44.2775 37.3359 1650410682837 107488.0000 -0.1974
-26.2321 77.3625 -43.6707 34.7971 1650410682891 107542.0000 -0.1974
-26.5955 77.6996 -42.8084 50.8871 1650410682943 107596.0000 -0.1974
-25.9649 78.2622 -41.6636 48.7023 1650410682997 107650.0000 -0.1974
-25.7504 78.4471 -40.0901 45.3438 1650410683051 107704.0000 -0.1974
-25.4372 77.8330 -38.3139 44.9171 1650410683105 107758.0000 -0.1969
-24.9858 77.8673 -36.7997 42.1537 1650410683160 107812.0000 -0.1969
-24.5479 77.6881 -35.6834 38.5470 1650410683214 107866.0000 -0.1969
-24.4696 77.6895 -34.9461 36.6715 1650410683268 107920.0000 -0.1974
-24.2573 77.5906 -34.3567 30.7496 1650410683322 107974.0000 -0.1974
-25.0880 77.8123 -34.6267 36.0472 1650410683376 108028.0000 -0.1969
-25.0766 77.9149 -34.7545 32.3823 1650410683430 108082.0000 -0.1974
-24.9515 77.8356 -35.4018 40.4583 1650410683484 108136.0000 -0.1974
-24.8816 77.9916 -36.6715 29.4262 1650410683537 108190.0000 -0.1969
-24.6849 78.0896 -38.3701 38.1064 1650410683591 108244.0000 -0.1969
-24.6442 77.6583 -40.1725 36.8584 1650410683645 108298.0000 -0.1969
-24.4275 77.7837 -41.8300 30.8962 1650410683699 108352.0000 -0.1969
-24.6205 77.0879 -42.7232 33.1631 1650410683753 108406.0000 -0.1974
-25.2675 77.2510 -43.8595 34.9011 1650410683807 108460.0000 -0.1974
-25.7698 77.3490 -44.1524 30.7273 1650410683861 108514.0000 -0.1974
-26.2062 77.8928 -43.3592 43.2435 1650410683916 108568.0000 -0.1974
-26.3756 77.9419 -42.4001 34.8233 1650410683970 108622.0000 -0.1979
-25.9123 78.5203 -41.2341 43.3871 1650410684024 108675.0000 -0.1974
-25.3941 78.2022 -39.5413 39.7657 1650410684078 108729.0000 -0.1974
-25.2324 78.0854 -37.8391 47.0917 1650410684130 108783.0000 -0.1974
-25.0369 77.8134 -36.5610 33.7536 1650410684184 108837.0000 -0.1974
-24.6413 77.7320 -35.2526 39.3523 1650410684238 108891.0000 -0.1974
-24.8424 77.7066 -35.0175 37.4264 1650410684292 108945.0000 -0.1974
-24.9162 77.8537 -34.7779 36.7325 1650410684347 108999.0000 -0.1979
-24.9970 77.5521 -34.2788 31.7483 1650410684401 109053.0000 -0.1979
-25.0799 77.8591 -34.8720 36.6095 1650410684455 109107.0000 -0.1974
-24.2568 78.0018 -36.1574 34.1692 1650410684509 109161.0000 -0.1979
-24.5304 77.9662 -37.2371 30.6240 1650410684563 109215.0000 -0.1979
-24.6904 77.6676 -38.8021 33.4865 1650410684618 109269.0000 -0.1979
-24.5810 77.5625 -40.8025 31.3034 1650410684671 109323.0000 -0.1979
-25.0782 77.5263 -42.2287 29.3727 1650410684726 109377.0000 -0.1979
-25.2179 77.2341 -43.1639 37.3364 1650410684778 109431.0000 -0.1979
-25.0532 77.7058 -44.2033 30.1289 1650410684832 109485.0000 -0.1984
-25.3607 77.5041 -44.1347 33.7675 1650410684886 109539.0000 -0.1984
-26.2565 77.7159 -43.2268 42.8821 1650410684940 109593.0000 -0.1979
-26.2920 78.6301 -41.8519 41.5917 1650410684994 109647.0000 -0.1979
-25.6841 78.2215 -40.4517 38.8205 1650410685049 109701.0000 -0.1984
-25.4662 78.3424 -38.8780 34.3611 1650410685103 109755.0000 -0.1984
-24.9195 78.0031 -37.2374 32.3121 1650410685157 109809.0000 -0.1984
-24.1194 77.9447 -35.6313 35.0247 1650410685211 109863.0000 -0.1979
-24.7843 77.6813 -34.8976 37.6264 1650410685265 109917.0000 -0.1979
-24.3594 77.6474 -34.4203 35.3206 1650410685319 109971.0000 -0.1979
-25.3321 77.5175 -34.4662 32.2329 1650410685371 110024.0000 -0.1979
-25.1099 77.7430 -34.5939 36.2640 1650410685425 110078.0000 -0.1984
-24.7831 77.9738 -35.1468 39.8381 1650410685480 110132.0000 -0.1979
-24.7611 78.1745 -36.4876 37.3460 1650410685534 110186.0000 -0.1979
-24.9835 77.6818 -38.1997 30.5411 1650410685588 110240.0000 -0.1984
-24.6689 77.7726 -39.8930 26.5414 1650410685642 110294.0000 -0.1984
-24.6436 77.9278 -41.2515 29.0094 1650410685696 110348.0000 -0.1984
-25.1838 77.2362 -42.5908 36.9044 1650410685750 110402.0000 -0.1979
-25.1163 77.1973 -43.4229 29.3066 1650410685805 110456.0000 -0.1974
-25.6042 77.2816 -44.7107 32.8999 1650410685858 110510.0000 -0.1974
-26.1364 77.4741 -44.3516 35.7538 1650410685913 110564.0000 -0.1974
-26.4523 77.9541 -42.5291 31.3627 1650410685967 110618.0000 -0.1979
-26.0027 78.5002 -41.5955 39.0864 1650410686019 110672.0000 -0.1974
-25.8044 77.9871 -39.7642 45.1420 1650410686073 110726.0000 -0.1974
-25.0538 77.9557 -38.3053 42.0825 1650410686128 110780.0000 -0.1979
-25.0395 77.9700 -36.8815 42.5019 1650410686181 110834.0000 -0.1979
-24.4814 77.7575 -35.7753 34.2415 1650410686236 110888.0000 -0.1969
-24.4606 77.7370 -34.9174 39.6381 1650410686290 110942.0000 -0.1969
-24.8618 77.9135 -34.0183 35.8123 1650410686344 110996.0000 -0.1969
-25.1520 77.5926 -34.6545 29.8329 1650410686398 111050.0000 -0.1969
-24.9175 77.7475 -34.7629 41.9902 1650410686452 111104.0000 -0.1974
-24.7208 77.9583 -35.7190 35.0486 1650410686506 111158.0000 -0.1974
-24.6358 77.9686 -36.9849 30.7018 1650410686560 111212.0000 -0.1969
-24.4649 77.8870 -38.7651 36.2931 1650410686612 111266.0000 -0.1969
-24.4273 77.9423 -40.1946 39.4278 1650410686667 111320.0000 -0.1974
-24.0467 77.8028 -41.9211 38.1341 1650410686721 111374.0000 -0.1974
-24.3045 77.1228 -42.9564 28.1610 1650410686775 111427.0000 -0.1974
-25.4894 77.3030 -43.8513 33.8567 1650410686829 111481.0000 -0.1969
-25.7294 77.1594 -44.1373 36.9350 1650410686883 111535.0000 -0.1969
-26.2539 77.8717 -43.4271 49.1072 1650410686937 111589.0000 -0.1969
-26.1789 77.9230 -42.1893 35.0446 1650410686991 111643.0000 -0.1974
-25.7223 78.4526 -40.8710 47.4047 1650410687045 111697.0000 -0.1974
-25.4229 78.2483 -39.4073 41.1866 1650410687100 111751.0000 -0.1969
-25.2501 78.0172 -37.6274 42.7972 1650410687154 111805.0000 -0.1974
-24.7991 77.9214 -36.2399 32.5033 1650410687208 111859.0000 -0.1974
-24.7515 77.5835 -35.2357 32.5906 1650410687260 111913.0000 -0.1974
-24.2544 77.5447 -34.4934 33.7566 1650410687315 111967.0000 -0.1974
-25.0236 77.4850 -34.3123 33.6336 1650410687368 112021.0000 -0.1974
-24.9033 77.4840 -34.2647 36.6811 1650410687422 112075.0000 -0.1974
-24.8453 77.7116 -34.9486 33.3769 1650410687477 112129.0000 -0.1974
-24.8390 77.7339 -35.9161 42.4112 1650410687531 112183.0000 -0.1974
-24.3882 77.8951 -37.7023 32.5895 1650410687585 112237.0000 -0.1979
-24.9424 77.8456 -39.2474 26.5639 1650410687639 112291.0000 -0.1974
-24.6041 77.4841 -40.9553 31.4115 1650410687693 112345.0000 -0.1974
-24.7811 77.3945 -42.3483 32.1196 1650410687748 112399.0000 -0.1979
-25.0659 77.3452 -43.4566 36.6714 1650410687802 112453.0000 -0.1979
-25.3774 77.5410 -44.3004 38.9183 1650410687854 112507.0000 -0.1974
-26.0692 77.4225 -44.1566 31.1072 1650410687908 112561.0000 -0.1974
-26.3613 77.6507 -43.2098 43.6630 1650410687962 112615.0000 -0.1979
-26.3050 78.7479 -42.1320 41.9157 1650410688016 112669.0000 -0.1979
-25.5762 78.2354 -40.4406 51.8013 1650410688070 112723.0000 -0.1984
-25.2171 78.0611 -38.5666 44.0547 1650410688124 112776.0000 -0.1984
-25.0849 78.0510 -37.1654 43.7360 1650410688178 112830.0000 -0.1979
-24.7546 77.7218 -35.8650 44.5146 1650410688233 112884.0000 -0.1984
-24.6211 77.8225 -35.1128 41.9330 1650410688287 112938.0000 -0.1984
-24.3322 77.5497 -34.3179 33.1676 1650410688341 112992.0000 -0.1984
-25.1054 77.6746 -34.3737 42.8840 1650410688395 113046.0000 -0.1984
-25.2576 77.8026 -34.7333 44.7623 1650410688447 113100.0000 -0.1979
-24.3837 77.9589 -35.0996 37.4638 1650410688501 113154.0000 -0.1979
-24.6400 78.0708 -36.6197 42.8692 1650410688555 113208.0000 -0.1979
-24.6896 77.9700 -37.9475 33.7969 1650410688610 113262.0000 -0.1984
-24.8711 77.6719 -39.9641 34.3885 1650410688664 113316.0000 -0.1984
-24.5668 77.8158 -41.5133 32.6952 1650410688718 113370.0000 -0.1979
-24.5073 77.3668 -42.7019 32.2321 1650410688772 113424.0000 -0.1979
-25.4439 77.4506 -43.6854 34.1398 1650410688826 113478.0000 -0.1984
-25.4723 77.0988 -44.1569 37.1116 1650410688880 113532.0000 -0.1984
-25.9462 77.4101 -43.9347 38.8788 1650410688935 113586.0000 -0.1979
-26.2021 77.7960 -42.5823 29.2646 1650410688989 113640.0000 -0.1979
-25.9510 78.4199 -41.4009 42.8757 1650410689043 113694.0000 -0.1974
-25.7587 78.3076 -39.5419 38.6137 1650410689095 113748.0000 -0.1979
-25.2643 77.9952 -37.6949 34.7433 1650410689149 113802.0000 -0.1984
-24.5758 78.0653 -36.6891 33.4997 1650410689203 113856.0000 -0.1984
-24.7965 78.0122 -35.6047 38.9410 1650410689257 113910.0000 -0.1979
-24.6158 77.6886 -34.7572 39.1468 1650410689311 113964.0000 -0.1984
-24.5081 77.4682 -34.3752 30.3003 1650410689366 114018.0000 -0.1984
-24.8991 77.9332 -34.2514 36.9601 1650410689420 114072.0000 -0.1979
-25.0476 77.7656 -34.6011 38.9292 1650410689474 114125.0000 -0.1979
-24.3733 78.0320 -35.7034 28.7468 1650410689528 114179.0000 -0.1979
-24.7522 78.0133 -37.0953 43.5798 1650410689582 114233.0000 -0.1979
-24.3841 77.8400 -38.8801 36.5899 1650410689636 114287.0000 -0.1984
-25.0686 77.7600 -40.7886 32.7129 1650410689688 114341.0000 -0.1989
-24.3825 77.4083 -42.0342 24.6101 1650410689742 114395.0000 -0.1989
-25.4415 77.3474 -43.2177 34.4530 1650410689797 114449.0000 -0.1984
-25.1858 77.4231 -44.1793 35.7495 1650410689851 114503.0000 -0.1989
-25.5488 77.2672 -44.2803 31.6354 1650410689905 114557.0000 -0.1989
-25.9318 77.5724 -42.9001 35.9708 1650410689959 114611.0000 -0.1989
-26.0089 78.2780 -42.0493 39.0177 1650410690013 114665.0000 -0.1989
-25.8499 78.5349 -40.4472 35.9275 1650410690067 114719.0000 -0.1984
-25.5438 78.0654 -39.0029 39.1727 1650410690122 114773.0000 -0.1989
-25.2175 78.0582 -37.1462 32.0200 1650410690176 114827.0000 -0.1989
-24.6892 77.7067 -36.1339 39.8904 1650410690230 114881.0000 -0.1989
-24.6977 77.6658 -34.9969 35.7619 1650410690284 114935.0000 -0.1989
-24.5147 77.6867 -34.4036 26.2114 1650410690336 114989.0000 -0.1984
-24.8584 77.5922 -34.5292 34.6285 1650410690390 115043.0000 -0.1984
-24.9447 78.0488 -34.3059 40.3219 1650410690445 115097.0000 -0.1989
-24.3836 77.7360 -34.7795 37.1545 1650410690499 115151.0000 -0.1989
-24.6568 77.9997 -36.0996 44.1781 1650410690552 115205.0000 -0.1984
-24.5227 77.7299 -37.7510 37.1057 1650410690607 115259.0000 -0.1979
-24.3160 77.8665 -39.3701 38.7778 1650410690661 115313.0000 -0.1984
-24.9990 77.8092 -41.1216 34.0284 1650410690715 115367.0000 -0.1984
-24.4860 77.6935 -42.5059 30.2364 1650410690769 115421.0000 -0.1989
-25.4428 77.1422 -43.4168 29.2529 1650410690823 115474.0000 -0.1989
-25.5055 77.3364 -44.2505 28.0894 1650410690877 115528.0000 -0.1984
-25.9287 77.4581 -43.8762 39.6573 1650410690930 115582.0000 -0.1989
-26.4455 77.6005 -42.9392 33.4735 1650410690984 115636.0000 -0.1989
