-25.0094 79.2241 -30.4735 56.4279 1650410661303 85958.0000 -0.1960
-24.7285 79.1345 -30.3906 79.9360 1650410661357 86012.0000 -0.1955
-24.7114 79.1598 -30.3463 57.7279 1650410661412 86066.0000 -0.1950
-24.7119 79.0631 -30.3152 71.8184 1650410661466 86120.0000 -0.1960
-24.6439 79.1067 -30.3519 55.4841 1650410661520 86174.0000 -0.1955
-24.5433 79.0380 -30.2711 64.0939 1650410661574 86228.0000 -0.1955
-24.6405 79.0958 -30.3350 60.7248 1650410661628 86282.0000 -0.1950
-24.4735 79.0920 -30.4386 58.1685 1650410661682 86336.0000 -0.1955
-24.6420 79.1761 -30.5111 47.9150 1650410661736 86390.0000 -0.1955
-24.6640 79.1905 -30.5261 40.9091 1650410661791 86444.0000 -0.1955
-24.7324 79.1762 -30.6246 56.9744 1650410661845 86498.0000 -0.1960
-24.6295 79.2919 -30.6168 46.3347 1650410661899 86552.0000 -0.1960
-24.8407 79.5299 -30.4763 58.7832 1650410661951 86606.0000 -0.1960
-24.9373 79.4783 -30.5038 47.3388 1650410662005 86660.0000 -0.1965
-24.9486 79.4057 -30.4315 54.7858 1650410662060 86714.0000 -0.1960
-24.8397 79.4112 -30.4706 61.3398 1650410662113 86768.0000 -0.1960
-24.7944 79.4178 -30.3312 51.4260 1650410662168 86822.0000 -0.1955
-24.8188 79.4034 -30.4098 50.9865 1650410662222 86876.0000 -0.1955
-24.9163 79.3941 -30.3019 49.1509 1650410662276 86929.0000 -0.1960
-24.6666 79.2740 -30.4010 47.8092 1650410662330 86983.0000 -0.1960
-24.6964 79.2580 -30.4494 44.3299 1650410662384 87037.0000 -0.1965
-24.6927 79.1414 -30.4693 50.0683 1650410662438 87091.0000 -0.1960
-24.7072 79.2217 -30.4671 45.3720 1650410662492 87145.0000 -0.1960
-24.5679 79.2101 -30.4937 29.9153 1650410662545 87199.0000 -0.1965
-24.7067 79.1606 -30.4432 55.3254 1650410662599 87253.0000 -0.1965
-24.6532 79.2258 -30.2918 46.5621 1650410662653 87307.0000 -0.1960
-24.6224 79.2034 -30.6693 58.2023 1650410662707 87361.0000 -0.1960
-24.7269 79.2540 -30.5669 54.1905 1650410662761 87415.0000 -0.1960
-24.6427 79.4344 -30.6332 58.8037 1650410662815 87469.0000 -0.1960
-24.6795 79.3991 -30.6485 49.4814 1650410662869 87523.0000 -0.1965
-24.7448 79.4732 -30.6353 51.2871 1650410662924 87577.0000 -0.1965
-24.7702 79.3845 -30.6026 41.5572 1650410662978 87631.0000 -0.1960
-24.5341 79.2402 -29.4839 80.5614 1650410663032 87685.0000 -0.1960
-24.5716 79.7189 -28.3567 59.8668 1650410663086 87739.0000 -0.1965
-24.5205 79.4647 -26.9835 73.3459 1650410663138 87793.0000 -0.1960
-24.4463 79.4898 -26.1554 60.8181 1650410663192 87847.0000 -0.1960
-24.6086 79.4515 -25.7107 52.0452 1650410663246 87901.0000 -0.1955
-24.6819 79.6445 -26.3184 59.6825 1650410663300 87955.0000 -0.1955
-24.7902 79.1929 -26.5229 61.4411 1650410663355 88009.0000 -0.1960
-24.8570 79.4457 -28.2248 68.3948 1650410663409 88063.0000 -0.1960
-24.9769 79.5431 -29.8729 69.1663 1650410663463 88117.0000 -0.1965
-25.0167 79.5039 -31.5409 60.0938 1650410663517 88171.0000 -0.1955
-24.9506 79.2614 -33.0082 61.5013 1650410663571 88225.0000 -0.1955
-24.9520 79.2395 -34.5138 58.5148 1650410663625 88279.0000 -0.1960
-25.0292 78.9415 -35.2931 43.0513 1650410663680 88332.0000 -0.1960
-24.9231 78.8507 -35.8169 32.4428 1650410663734 88386.0000 -0.1955
-24.9512 78.9714 -35.9707 40.6483 1650410663786 88440.0000 -0.1950
-24.9900 79.2872 -34.7237 66.0020 1650410663840 88494.0000 -0.1950
-24.8292 79.5748 -34.0272 52.8307 1650410663894 88548.0000 -0.1950
-24.7327 79.8128 -32.5326 70.5286 1650410663948 88602.0000 -0.1950
-24.6526 79.7182 -30.9669 65.3925 1650410664002 88656.0000 -0.1950
-24.5996 79.6998 -29.1296 57.0471 1650410664056 88710.0000 -0.1945
-24.5421 79.5412 -27.7274 58.7307 1650410664111 88764.0000 -0.1950
-24.2968 79.4842 -26.8014 61.6752 1650410664165 88818.0000 -0.1950
-24.3601 79.3999 -25.6190 44.4524 1650410664219 88872.0000 -0.1950
-24.8685 79.5351 -25.8561 47.5708 1650410664273 88926.0000 -0.1950
-24.7963 79.6385 -25.6993 52.7661 1650410664327 88980.0000 -0.1945
-24.7309 79.4824 -27.4450 47.5988 1650410664379 89034.0000 -0.1950
-24.9681 79.6662 -28.8816 51.7925 1650410664433 89088.0000 -0.1945
-24.9675 79.4549 -30.5499 61.1223 1650410664487 89142.0000 -0.1950
-24.9386 79.3646 -32.0082 76.2934 1650410664542 89196.0000 -0.1950
-24.9650 79.3038 -33.6348 61.7729 1650410664596 89250.0000 -0.1950
-25.0869 79.1286 -34.7649 53.7235 1650410664650 89304.0000 -0.1950
-25.0445 78.9072 -35.8644 48.8005 1650410664704 89358.0000 -0.1955
-24.8270 78.6746 -35.6947 50.4828 1650410664758 89412.0000 -0.1955
-25.0377 79.1131 -35.7291 43.0216 1650410664812 89466.0000 -0.1955
-24.8465 79.4772 -34.5805 39.9624 1650410664866 89520.0000 -0.1950
-24.8016 79.7671 -33.6283 63.2358 1650410664921 89574.0000 -0.1950
-24.8129 79.7846 -31.8613 61.1160 1650410664975 89628.0000 -0.1950
-24.7076 79.6249 -30.3211 61.8269 1650410665027 89681.0000 -0.1955
-24.6348 79.7305 -28.5735 55.4730 1650410665081 89735.0000 -0.1955
-24.4578 79.6113 -27.3160 52.2151 1650410665135 89789.0000 -0.1950
-24.4419 79.4415 -26.2990 62.6901 1650410665189 89843.0000 -0.1955
-24.5563 79.5025 -25.8805 50.6779 1650410665244 89897.0000 -0.1955
-24.5960 79.6126 -25.7631 46.0671 1650410665298 89951.0000 -0.1950
-24.6991 79.5670 -26.5032 57.4675 1650410665352 90005.0000 -0.1945
-24.9128 79.5010 -27.7691 50.5840 1650410665406 90059.0000 -0.1945
-24.8916 79.7344 -29.3082 71.8003 1650410665460 90113.0000 -0.1950
-24.9251 79.4116 -30.9948 70.9092 1650410665514 90167.0000 -0.1950
-24.8192 79.3038 -32.6835 52.4449 1650410665568 90221.0000 -0.1955
-25.0839 79.2405 -34.1735 64.5692 1650410665620 90275.0000 -0.1955
-25.0481 79.0041 -35.2430 54.6992 1650410665675 90329.0000 -0.1950
-24.9755 79.1227 -36.0808 49.2650 1650410665729 90383.0000 -0.1955
-25.1574 78.9764 -35.6857 50.3619 1650410665783 90437.0000 -0.1955
-25.0221 79.5248 -35.2273 55.7327 1650410665837 90491.0000 -0.1945
-24.8529 79.5503 -34.3985 59.7620 1650410665891 90545.0000 -0.1945
-24.8944 79.7737 -32.9175 68.8277 1650410665945 90599.0000 -0.1945
-24.7149 79.7501 -31.4006 58.8814 1650410665999 90653.0000 -0.1945
-24.7395 79.7223 -29.6379 43.0888 1650410666054 90707.0000 -0.1945
-24.4060 79.7070 -28.0408 46.6016 1650410666108 90761.0000 -0.1950
-24.6156 79.4629 -26.9405 45.1874 1650410666162 90815.0000 -0.1945
-24.3999 79.4125 -25.9472 48.4857 1650410666216 90869.0000 -0.1945
-24.7264 79.3911 -25.8048 46.2594 1650410666268 90923.0000 -0.1950
-24.8168 79.6358 -26.3325 62.0700 1650410666322 90977.0000 -0.1950
-24.7894 79.4860 -27.0541 50.6102 1650410666377 91030.0000 -0.1950
-24.9075 79.6421 -28.3308 62.5907 1650410666430 91084.0000 -0.1950
-25.0788 79.6143 -30.0015 76.9719 1650410666485 91138.0000 -0.1945
-24.9395 79.4536 -31.8337 68.7896 1650410666539 91192.0000 -0.1945
-24.9599 79.2723 -33.1157 49.1602 1650410666593 91246.0000 -0.1950
-25.0476 79.1016 -34.4246 39.6120 1650410666647 91300.0000 -0.1955
-25.0609 79.0094 -35.6271 48.7504 1650410666701 91354.0000 -0.1955
-25.1644 78.9796 -35.4293 36.2030 1650410666755 91408.0000 -0.1950
-25.2569 79.2556 -35.7491 37.8970 1650410666810 91462.0000 -0.1955
-25.0029 79.5315 -34.9545 54.5514 1650410666862 91516.0000 -0.1960
-24.9138 79.6500 -34.0653 54.2900 1650410666916 91570.0000 -0.1955
-24.6694 79.6961 -32.2699 64.8987 1650410666970 91624.0000 -0.1955
-24.7838 79.6360 -30.7380 46.0621 1650410667024 91678.0000 -0.1955
-24.8852 79.6694 -28.9170 56.3084 1650410667078 91732.0000 -0.1955
-24.5599 79.5024 -27.6212 53.7775 1650410667132 91786.0000 -0.1960
-24.5062 79.5330 -26.5771 54.6927 1650410667186 91840.0000 -0.1960
-24.5497 79.5369 -26.0014 39.7692 1650410667241 91894.0000 -0.1960
-24.6974 79.6310 -25.7514 48.1046 1650410667295 91948.0000 -0.1955
-24.7668 79.6264 -26.1048 52.9909 1650410667349 92002.0000 -0.1955
-24.7554 79.6034 -27.4980 58.0272 1650410667403 92056.0000 -0.1955
-25.0353 79.5956 -28.8208 68.6781 1650410667457 92110.0000 -0.1950
-24.9959 79.5967 -30.6665 67.2339 1650410667509 92164.0000 -0.1950
-24.9017 79.4570 -32.3936 65.8888 1650410667563 92218.0000 -0.1950
-24.9314 79.3657 -33.8196 57.7878 1650410667617 92272.0000 -0.1950
-25.0116 79.1838 -34.9671 53.9324 1650410667672 92326.0000 -0.1950
-25.0082 78.9466 -35.9019 43.5657 1650410667726 92379.0000 -0.1955
-25.0172 78.9333 -36.1684 36.2462 1650410667780 92433.0000 -0.1955
-25.1977 79.2911 -35.1493 34.1391 1650410667834 92487.0000 -0.1950
-24.9801 79.7059 -34.5162 47.2640 1650410667889 92541.0000 -0.1955
-24.7597 79.7332 -33.3650 60.2703 1650410667943 92595.0000 -0.1955
-24.7629 79.7269 -31.8535 53.9937 1650410667997 92649.0000 -0.1950
-24.6358 79.5482 -30.0743 63.6462 1650410668051 92703.0000 -0.1955
-24.6119 79.6565 -28.4722 63.4767 1650410668103 92757.0000 -0.1955
-24.4351 79.5848 -27.0487 54.7893 1650410668157 92811.0000 -0.1955
-24.5412 79.5815 -26.3389 43.4937 1650410668211 92865.0000 -0.1955
-24.5957 79.4061 -25.7559 45.1155 1650410668265 92919.0000 -0.1960
-24.6820 79.5347 -26.1824 43.3812 1650410668319 92973.0000 -0.1960
-24.8662 79.6194 -26.2711 40.6150 1650410668373 93027.0000 -0.1955
-24.9301 79.6462 -27.8849 58.9940 1650410668428 93081.0000 -0.1960
-25.1133 79.5372 -29.6604 53.3294 1650410668482 93135.0000 -0.1960
-24.9506 79.5245 -31.1914 53.4903 1650410668536 93189.0000 -0.1955
-24.8944 79.4622 -32.9601 63.1563 1650410668590 93243.0000 -0.1955
-25.0057 79.2347 -34.3026 55.3963 1650410668644 93297.0000 -0.1955
-25.1294 79.1616 -35.4068 46.6092 1650410668696 93351.0000 -0.1955
-24.9821 79.0109 -35.9886 37.1496 1650410668750 93405.0000 -0.1955
-25.1021 79.1040 -35.9592 50.0334 1650410668805 93459.0000 -0.1960
-25.3085 79.3610 -34.8696 50.5221 1650410668859 93513.0000 -0.1960
-25.0542 79.5163 -34.1871 59.9552 1650410668913 93567.0000 -0.1955
-24.8328 79.7593 -32.8744 58.5563 1650410668967 93621.0000 -0.1960
-24.7318 79.7528 -31.2293 53.2837 1650410669021 93675.0000 -0.1960
-24.8611 79.7114 -29.3695 51.5499 1650410669076 93729.0000 -0.1955
-24.6949 79.5959 -27.8565 56.8757 1650410669129 93782.0000 -0.1955
-24.5109 79.6472 -26.7219 50.7612 1650410669184 93836.0000 -0.1955
-24.6563 79.4455 -25.7712 49.2606 1650410669238 93890.0000 -0.1955
-24.7793 79.4377 -26.0225 50.3393 1650410669292 93944.0000 -0.1955
-24.7364 79.4316 -26.1351 58.0874 1650410669344 93998.0000 -0.1960
-24.8516 79.6002 -26.9580 58.6475 1650410669398 94052.0000 -0.1955
-24.9734 79.7727 -28.4965 69.9657 1650410669452 94106.0000 -0.1955
-24.9304 79.5757 -30.2556 72.2810 1650410669507 94160.0000 -0.1960
-24.9889 79.4798 -31.8899 67.3499 1650410669561 94214.0000 -0.1960
-24.8202 79.4870 -33.5082 55.2243 1650410669615 94268.0000 -0.1960
-25.0581 79.2570 -34.6687 41.0685 1650410669669 94322.0000 -0.1955
-25.0495 79.1075 -35.6886 34.3478 1650410669723 94376.0000 -0.1955
-25.0934 78.9796 -36.2401 40.8374 1650410669777 94430.0000 -0.1955
-25.1376 79.1918 -35.6631 50.5547 1650410669831 94484.0000 -0.1955
-25.1889 79.6699 -34.4917 53.9488 1650410669885 94538.0000 -0.1955
-24.9986 79.6729 -33.8859 67.6338 1650410669938 94592.0000 -0.1955
-24.8446 79.7147 -32.0867 64.7792 1650410669992 94646.0000 -0.1955
-24.7774 79.7025 -30.5380 64.3389 1650410670046 94700.0000 -0.1955
-24.6409 79.5685 -28.6626 48.8783 1650410670100 94754.0000 -0.1955
-24.2701 79.6685 -27.4552 57.0996 1650410670154 94808.0000 -0.1950
-24.6211 79.5617 -26.2513 49.2214 1650410670208 94862.0000 -0.1950
-24.5516 79.3883 -25.9468 36.6265 1650410670262 94916.0000 -0.1950
-24.7551 79.3583 -26.0098 44.8103 1650410670316 94970.0000 -0.1950
-24.7510 79.4426 -26.7604 45.3319 1650410670371 95024.0000 -0.1955
-24.8349 79.5081 -27.6001 60.4696 1650410670425 95078.0000 -0.1955
-25.0462 79.7237 -28.9547 62.4626 1650410670479 95131.0000 -0.1955
-25.0019 79.6635 -30.8069 66.5149 1650410670533 95185.0000 -0.1955
-24.8726 79.4141 -32.5559 71.5312 1650410670585 95239.0000 -0.1955
-24.9501 79.4292 -33.9498 55.1871 1650410670639 95293.0000 -0.1955
-24.8932 79.1594 -35.0448 58.0344 1650410670694 95347.0000 -0.1955
-25.0659 78.9629 -36.0943 43.2234 1650410670748 95401.0000 -0.1950
-24.9694 79.1146 -35.7577 50.5470 1650410670802 95455.0000 -0.1950
-25.2906 79.1711 -35.4243 49.8166 1650410670856 95509.0000 -0.1950
-24.9913 79.8492 -34.3679 54.3600 1650410670910 95563.0000 -0.1955
-24.9383 79.7823 -33.2847 51.0627 1650410670964 95617.0000 -0.1955
-24.6357 79.6989 -31.6108 54.6769 1650410671018 95671.0000 -0.1955
-24.7958 79.7262 -29.7858 66.1106 1650410671072 95725.0000 -0.1950
-24.5649 79.5403 -28.3341 54.2050 1650410671127 95779.0000 -0.1955
-24.4906 79.6296 -26.9953 55.4214 1650410671179 95833.0000 -0.1950
-24.5070 79.3234 -26.1326 52.1830 1650410671233 95887.0000 -0.1950
-24.8093 79.3544 -25.6848 50.1957 1650410671287 95941.0000 -0.1950
-24.7448 79.4269 -26.3673 49.8997 1650410671341 95995.0000 -0.1950
-24.7662 79.3689 -26.6782 59.2109 1650410671395 96049.0000 -0.1950
-24.8656 79.5987 -28.0667 54.2685 1650410671450 96103.0000 -0.1950
-24.9711 79.6699 -29.9225 63.7710 1650410671504 96157.0000 -0.1955
-24.8920 79.5365 -31.5170 52.9491 1650410671558 96211.0000 -0.1950
-24.9014 79.4114 -32.8346 63.7707 1650410671612 96265.0000 -0.1950
-24.9640 79.3038 -34.4495 52.8790 1650410671666 96319.0000 -0.1955
-24.9572 79.1624 -35.3730 47.4279 1650410671720 96373.0000 -0.1950
-24.9957 78.9854 -35.9918 37.2145 1650410671775 96427.0000 -0.1950
-24.9035 79.1114 -35.9684 48.4694 1650410671826 96480.0000 -0.1945
-25.2149 79.4923 -34.7829 56.7171 1650410671881 96534.0000 -0.1950
-25.0860 79.6395 -34.1328 60.4648 1650410671936 96588.0000 -0.1945
-24.8967 79.8124 -32.6004 80.4570 1650410671989 96642.0000 -0.1950
-24.6919 79.6755 -30.9576 60.4519 1650410672043 96696.0000 -0.1950
-24.6505 79.6253 -29.3039 54.1697 1650410672097 96750.0000 -0.1950
-24.5416 79.5889 -27.8839 40.1966 1650410672151 96804.0000 -0.1950
-24.4763 79.4765 -26.7222 50.4437 1650410672206 96858.0000 -0.1950
-24.3951 79.5135 -26.1544 43.2506 1650410672260 96912.0000 -0.1945
-24.7916 79.4968 -26.0636 43.0167 1650410672314 96966.0000 -0.1945
-24.8629 79.4163 -26.0970 52.8791 1650410672368 97020.0000 -0.1945
-24.8948 79.4754 -27.2653 62.5015 1650410672420 97074.0000 -0.1945
-24.9064 79.7814 -28.9792 74.8816 1650410672474 97128.0000 -0.1945
-24.8891 79.5793 -30.3690 65.7995 1650410672528 97182.0000 -0.1945
-24.8658 79.6005 -32.0698 70.4143 1650410672582 97236.0000 -0.1945
-25.0259 79.3328 -33.6287 50.9738 1650410672637 97290.0000 -0.1940
-24.9015 79.2450 -34.9369 44.0953 1650410672691 97344.0000 -0.1945
-25.0277 79.0440 -35.7145 43.8391 1650410672745 97398.0000 -0.1945
-25.0722 79.0648 -35.7322 38.4019 1650410672799 97452.0000 -0.1945
-25.1802 79.3862 -35.3788 40.1831 1650410672853 97506.0000 -0.1940
-25.0769 79.6124 -34.7020 57.8586 1650410672907 97560.0000 -0.1940
-24.9003 79.6338 -33.5930 65.5098 1650410672961 97614.0000 -0.1940
-24.7455 79.7645 -31.9941 72.3883 1650410673015 97668.0000 -0.1940
-24.6857 79.6234 -30.3538 74.9453 1650410673068 97722.0000 -0.1945
-24.6015 79.6611 -28.6311 58.8294 1650410673122 97776.0000 -0.1945
-24.4904 79.6054 -27.2932 52.4285 1650410673176 97829.0000 -0.1935
-24.6189 79.5520 -26.4494 47.9574 1650410673230 97883.0000 -0.1945
-24.5791 79.4168 -26.1537 39.3454 1650410673284 97937.0000 -0.1945
-24.8078 79.5164 -26.0571 42.6819 1650410673338 97991.0000 -0.1940
-24.7902 79.3171 -26.6614 48.5533 1650410673393 98045.0000 -0.1940
-24.8941 79.4343 -27.7313 61.7030 1650410673447 98099.0000 -0.1935
-24.9319 79.7108 -29.4124 64.1871 1650410673501 98153.0000 -0.1940
-24.8684 79.6289 -30.9654 73.0790 1650410673555 98207.0000 -0.1940
-24.9203 79.4355 -32.7173 68.7046 1650410673609 98261.0000 -0.1940
-24.9181 79.3554 -34.0343 55.4510 1650410673661 98315.0000 -0.1940
-25.0067 79.1479 -35.2242 55.0203 1650410673716 98369.0000 -0.1960
-24.8650 79.0050 -35.8979 53.7625 1650410673769 98423.0000 -0.1979
-25.0025 79.1499 -35.7763 46.9215 1650410673824 98477.0000 -0.1989
-24.9668 79.4808 -34.8997 50.4208 1650410673878 98531.0000 -0.1989
-24.9772 79.7032 -34.4262 45.3303 1650410673932 98585.0000 -0.1989
-24.8136 79.7232 -32.7598 56.7739 1650410673986 98639.0000 -0.1989
-24.7309 79.6747 -31.5738 66.1828 1650410674040 98693.0000 -0.1994
-24.6844 79.5832 -29.6263 71.4668 1650410674094 98747.0000 -0.1994
-24.4947 79.5736 -28.0651 60.1806 1650410674148 98801.0000 -0.1999
-24.5710 79.5782 -26.8812 60.3632 1650410674202 98855.0000 -0.1999
-24.4592 79.4520 -25.9939 49.0368 1650410674255 98909.0000 -0.1994
-24.7455 79.4130 -25.8232 50.5032 1650410674309 98963.0000 -0.1999
-24.8516 79.3593 -26.2669 64.2635 1650410674363 99017.0000 -0.1999
-24.7119 79.4066 -27.0356 57.8757 1650410674417 99071.0000 -0.1994
-24.8661 79.6359 -28.3317 56.6700 1650410674471 99125.0000 -0.1999
-25.0277 79.6363 -29.7963 63.1186 1650410674525 99178.0000 -0.1994
-24.9066 79.5689 -31.6696 48.0794 1650410674579 99232.0000 -0.1994
-24.9602 79.3608 -33.2154 58.7147 1650410674634 99286.0000 -0.1994
-24.9788 79.2659 -34.5566 53.4387 1650410674688 99340.0000 -0.1999
-25.1063 79.2004 -35.5023 47.7566 1650410674742 99394.0000 -0.1994
-25.0442 79.0077 -35.6754 32.9082 1650410674796 99448.0000 -0.1989
-25.0974 79.1542 -35.9874 40.3492 1650410674850 99502.0000 -0.1999
-25.1461 79.5723 -34.7315 56.1899 1650410674903 99556.0000 -0.1999
-24.9984 79.6221 -33.9719 49.7320 1650410674957 99610.0000 -0.1994
-24.8147 79.7526 -32.5586 61.8484 1650410675011 99664.0000 -0.1994
-24.7074 79.6306 -30.8692 61.8258 1650410675065 99718.0000 -0.1999
-24.6303 79.6087 -29.1658 53.5303 1650410675119 99772.0000 -0.1994
-24.5126 79.5835 -27.6518 52.8073 1650410675173 99826.0000 -0.1994
-24.5746 79.5083 -26.5982 53.7422 1650410675227 99880.0000 -0.1999
-24.5176 79.5147 -25.5419 38.5369 1650410675281 99934.0000 -0.1999
-24.6983 79.4379 -26.2539 54.5348 1650410675335 99988.0000 -0.1994
-24.8169 79.3775 -26.5035 62.0751 1650410675390 100042.0000 -0.1999
-24.8388 79.5151 -27.4960 65.6388 1650410675444 100096.0000 -0.1999
-24.9391 79.7503 -29.0024 81.0882 1650410675496 100150.0000 -0.1999
-24.8731 79.6765 -30.6396 86.3644 1650410675550 100204.0000 -0.1999
-24.8649 79.4243 -31.9726 60.1465 1650410675604 100258.0000 -0.1994
-24.8369 79.3413 -33.6916 53.4793 1650410675658 100312.0000 -0.1999
-24.9362 79.2710 -34.7977 44.4350 1650410675712 100366.0000 -0.1999
-24.9794 79.0641 -35.8988 45.4985 1650410675767 100420.0000 -0.1999
-25.0327 78.9393 -35.8600 38.3518 1650410675821 100474.0000 -0.1994
-25.1460 79.3060 -35.3052 54.7628 1650410675875 100527.0000 -0.1994
-25.0966 79.4725 -34.5938 47.3857 1650410675929 100581.0000 -0.1999
-24.7293 79.6931 -33.3223 60.3639 1650410675983 100635.0000 -0.1999
-24.7836 79.7509 -31.8538 61.3095 1650410676037 100689.0000 -0.1994
-24.7227 79.6954 -30.1289 66.7472 1650410676091 100743.0000 -0.1994
-24.6594 79.7276 -28.3094 66.0938 1650410676144 100797.0000 -0.1994
-24.4933 79.6103 -27.0953 54.1796 1650410676198 100851.0000 -0.1989
-24.4885 79.3957 -26.3539 52.8038 1650410676252 100905.0000 -0.1989
-24.7124 79.3852 -25.7788 51.4552 1650410676306 100959.0000 -0.1994
-24.9491 79.3380 -25.7461 45.1902 1650410676360 101013.0000 -0.1994
-24.7987 79.3567 -26.8232 59.2510 1650410676414 101067.0000 -0.1989
-24.9257 79.7087 -27.7279 65.3945 1650410676468 101121.0000 -0.1994
-24.9863 79.6318 -29.4475 65.4212 1650410676523 101175.0000 -0.1994
-24.8867 79.4638 -31.1093 83.9233 1650410676577 101229.0000 -0.1994
-24.8222 79.5348 -32.8889 66.6628 1650410676631 101283.0000 -0.1989
-24.8674 79.2446 -34.1727 60.8486 1650410676685 101337.0000 -0.1989
-25.0750 79.0773 -35.2841 48.2219 1650410676737 101391.0000 -0.1989
-24.9586 79.0666 -36.0465 40.2663 1650410676791 101445.0000 -0.1994
-25.0673 79.0097 -35.6399 30.5084 1650410676845 101499.0000 -0.1994
-25.1453 79.2794 -34.9386 48.9546 1650410676899 101553.0000 -0.1994
-24.8714 79.5894 -34.2234 49.2640 1650410676954 101607.0000 -0.1989
-24.7512 79.7958 -32.9333 65.4644 1650410677008 101661.0000 -0.1994
-24.6613 79.7093 -31.0170 58.6378 1650410677062 101715.0000 -0.1994
-24.6644 79.6318 -29.6471 62.8544 1650410677116 101769.0000 -0.1994
-24.5348 79.6373 -27.8398 62.4986 1650410677170 101823.0000 -0.1989
-24.4406 79.4880 -26.9352 68.6997 1650410677224 101877.0000 -0.1989
-24.4768 79.5481 -25.9603 47.5448 1650410677278 101930.0000 -0.1989
-24.7202 79.6430 -25.6846 50.9302 1650410677332 101984.0000 -0.1994
-24.6885 79.5049 -26.4136 57.6578 1650410677385 102038.0000 -0.1994
-24.7575 79.5549 -26.9042 48.8963 1650410677439 102092.0000 -0.1994
-24.9731 79.6913 -28.5920 48.8697 1650410677493 102146.0000 -0.1989
-24.8819 79.5800 -29.9550 62.5860 1650410677547 102200.0000 -0.1994
-24.9534 79.4364 -31.7774 56.7298 1650410677602 102254.0000 -0.1994
-24.9589 79.3449 -33.4384 62.4209 1650410677655 102308.0000 -0.1994
-25.0795 79.2517 -34.5673 50.2279 1650410677710 102362.0000 -0.1989
-25.0289 79.1815 -35.7101 42.4930 1650410677764 102416.0000 -0.1989
-25.0343 78.9386 -36.0719 47.3227 1650410677818 102470.0000 -0.1989
-24.9869 79.2706 -35.5131 48.4564 1650410677872 102524.0000 -0.1994
-25.0296 79.4828 -34.6807 51.2319 1650410677926 102578.0000 -0.1989
-24.8368 79.6286 -33.8940 67.4640 1650410677978 102632.0000 -0.1989
-24.6506 79.7057 -32.0869 66.3870 1650410678033 102686.0000 -0.1989
-24.8416 79.7113 -30.7334 52.6585 1650410678087 102740.0000 -0.1994
-24.6377 79.6262 -28.6883 60.4131 1650410678141 102794.0000 -0.1994
-24.4323 79.6127 -27.6403 50.5544 1650410678195 102848.0000 -0.1994
-24.6184 79.5535 -26.5017 54.4712 1650410678249 102902.0000 -0.1989
-24.5539 79.6472 -26.1171 59.2656 1650410678303 102956.0000 -0.1989
-24.6460 79.4793 -25.9561 52.1404 1650410678357 103010.0000 -0.1989
-24.6906 79.5558 -25.7040 60.3516 1650410678411 103064.0000 -0.1994
-24.7949 79.5832 -27.5383 62.8077 1650410678465 103118.0000 -0.1994
-25.0061 79.6648 -28.9989 65.5879 1650410678520 103172.0000 -0.1989
-24.8768 79.6159 -30.7307 70.8877 1650410678572 103226.0000 -0.1989
-24.8654 79.3602 -32.5794 62.1181 1650410678626 103279.0000 -0.1994
-24.9449 79.4575 -33.7317 56.7452 1650410678680 103333.0000 -0.1989
-24.9484 79.1269 -35.1608 53.6373 1650410678734 103387.0000 -0.1984
-25.0586 78.6776 -35.9312 48.1943 1650410678788 103441.0000 -0.1984
-25.1726 78.9840 -35.9997 42.9864 1650410678843 103495.0000 -0.1984
-25.0942 79.2984 -35.1494 47.3551 1650410678897 103549.0000 -0.1984
-24.9574 79.5233 -34.3957 50.9815 1650410678951 103603.0000 -0.1989
-24.8151 79.6454 -33.1299 74.6720 1650410679005 103657.0000 -0.1989
-24.7308 79.7308 -31.7196 74.0132 1650410679059 103711.0000 -0.1984
-24.6934 79.7121 -29.8584 58.0477 1650410679113 103765.0000 -0.1984
-24.3036 79.6228 -28.2657 57.2015 1650410679167 103819.0000 -0.1984
-24.4735 79.4884 -27.1326 45.3414 1650410679220 103873.0000 -0.1984
-24.5309 79.6168 -26.3694 50.9707 1650410679274 103927.0000 -0.1984
-24.6270 79.6122 -26.0300 37.8995 1650410679328 103981.0000 -0.1979
-24.6166 79.4921 -25.7583 54.1798 1650410679382 104035.0000 -0.1979
-24.7690 79.6306 -26.6960 66.4623 1650410679436 104089.0000 -0.1979
-24.9409 79.7321 -28.1382 55.0822 1650410679490 104143.0000 -0.1984
-24.9038 79.5858 -29.7139 60.0590 1650410679544 104197.0000 -0.1984
-24.8820 79.4611 -31.4252 73.5266 1650410679598 104251.0000 -0.1979
-24.8927 79.4417 -32.9052 63.6216 1650410679653 104305.0000 -0.1984
-24.9538 79.1741 -34.3254 53.1419 1650410679707 104359.0000 -0.1984
-25.0105 79.2191 -35.3822 46.1628 1650410679761 104413.0000 -0.1984
-24.9509 79.0251 -36.1008 38.0080 1650410679813 104467.0000 -0.1984
-25.0048 79.0688 -36.0419 40.7544 1650410679867 104521.0000 -0.1979
-25.0564 79.3424 -34.9115 54.4489 1650410679921 104575.0000 -0.1979
-24.9526 79.5017 -33.9845 53.4438 1650410679975 104628.0000 -0.1979
-24.7227 79.6808 -32.6860 70.0259 1650410680029 104682.0000 -0.1979
-24.7749 79.8007 -31.0386 61.5763 1650410680084 104736.0000 -0.1984
-24.7180 79.6474 -29.3687 68.1168 1650410680138 104790.0000 -0.1979
-24.6272 79.6289 -27.8441 57.1633 1650410680192 104844.0000 -0.1979
-24.5654 79.5501 -26.7523 50.4287 1650410680246 104898.0000 -0.1979
-24.5285 79.7301 -25.7472 47.6070 1650410680300 104952.0000 -0.1979
-24.7742 79.2249 -26.0380 47.0072 1650410680354 105006.0000 -0.1979
-24.6124 79.5333 -25.9217 44.0476 1650410680408 105060.0000 -0.1979
-24.7987 79.5608 -27.3549 43.9269 1650410680461 105114.0000 -0.1979
-25.1475 79.6336 -28.6267 56.1256 1650410680515 105168.0000 -0.1974
-24.9238 79.5728 -30.4203 78.7992 1650410680569 105222.0000 -0.1979
-24.8733 79.5033 -31.9850 59.7634 1650410680623 105276.0000 -0.1979
-24.9225 79.3698 -33.5023 55.7753 1650410680677 105330.0000 -0.1979
-24.9946 79.2836 -34.8016 50.5581 1650410680731 105384.0000 -0.1979
-25.0707 79.0679 -35.7436 49.8402 1650410680786 105438.0000 -0.1984
-25.0009 79.0860 -35.8713 45.3240 1650410680840 105492.0000 -0.1979
-25.0365 79.2249 -35.4099 46.7410 1650410680894 105546.0000 -0.1979
-25.0182 79.5939 -34.4392 38.1924 1650410680948 105600.0000 -0.1979
-24.8254 79.5351 -33.6921 57.0709 1650410681002 105654.0000 -0.1974
-24.6448 79.6185 -32.0083 61.8283 1650410681054 105708.0000 -0.1974
-24.7597 79.7582 -30.2976 57.6181 1650410681108 105762.0000 -0.1979
-24.6235 79.5392 -28.7204 59.0792 1650410681162 105816.0000 -0.1979
-24.4187 79.6062 -27.3512 57.6527 1650410681216 105870.0000 -0.1974
-24.5247 79.5517 -26.4571 53.1350 1650410681271 105924.0000 -0.1974
-24.6365 79.6747 -26.0594 39.8960 1650410681325 105977.0000 -0.1979
-24.6087 79.5075 -25.7666 67.3003 1650410681379 106031.0000 -0.1979
-24.7581 79.4180 -26.6938 55.3141 1650410681433 106085.0000 -0.1974
-24.7851 79.7829 -27.5911 62.3977 1650410681487 106139.0000 -0.1974
-24.9472 79.6358 -29.4067 58.4516 1650410681542 106193.0000 -0.1974
-24.8850 79.5663 -31.1136 67.8285 1650410681596 106247.0000 -0.1974
-24.8861 79.4694 -32.4273 60.6723 1650410681650 106301.0000 -0.1979
-24.8513 79.3203 -33.9898 50.0337 1650410681702 106355.0000 -0.1979
-24.9902 79.0765 -35.1755 49.8614 1650410681756 106409.0000 -0.1974
-24.9765 79.0388 -36.2332 45.4520 1650410681810 106463.0000 -0.1979
-25.0678 79.0462 -35.7443 39.4082 1650410681864 106517.0000 -0.1979
-25.0952 79.3453 -35.0390 46.7100 1650410681919 106571.0000 -0.1974
-24.9756 79.5982 -34.3393 56.9656 1650410681973 106625.0000 -0.1974
-24.6974 79.6714 -33.0279 66.2572 1650410682027 106679.0000 -0.1974
-24.6619 79.7862 -31.5408 68.0980 1650410682081 106733.0000 -0.1974
-24.6754 79.6427 -29.7224 63.1578 1650410682135 106787.0000 -0.1974
-24.5990 79.4974 -28.1614 54.2731 1650410682189 106841.0000 -0.1979
-24.6140 79.5377 -27.0308 43.5939 1650410682243 106895.0000 -0.1979
-24.5821 79.3595 -26.1561 54.6621 1650410682295 106949.0000 -0.1974
-24.5844 79.5095 -26.0515 58.4999 1650410682350 107003.0000 -0.1979
-24.7699 79.4294 -25.7181 55.2835 1650410682404 107057.0000 -0.1979
-24.7370 79.4715 -27.0566 57.6546 1650410682458 107111.0000 -0.1979
-24.8715 79.7005 -28.1803 77.5555 1650410682512 107165.0000 -0.1979
-24.9853 79.6007 -30.0724 77.4347 1650410682566 107219.0000 -0.1974
-24.9712 79.4520 -31.7894 72.8382 1650410682620 107273.0000 -0.1974
-24.8401 79.4668 -33.1413 58.2294 1650410682674 107326.0000 -0.1974
-24.9105 79.2820 -34.4465 33.8913 1650410682729 107380.0000 -0.1979
-24.9464 79.1042 -35.6868 40.1533 1650410682783 107434.0000 -0.1979
-24.9383 79.0506 -35.7892 42.5952 1650410682837 107488.0000 -0.1974
-25.1489 79.2387 -35.8682 46.4359 1650410682891 107542.0000 -0.1974
-24.9477 79.5282 -34.7585 56.5211 1650410682943 107596.0000 -0.1974
-24.8396 79.6323 -33.9915 62.6053 1650410682997 107650.0000 -0.1974
-24.7511 79.6944 -32.4464 66.2878 1650410683051 107704.0000 -0.1974
-24.8272 79.6975 -30.9521 65.2110 1650410683105 107758.0000 -0.1969
-24.6153 79.6791 -29.0450 60.0809 1650410683160 107812.0000 -0.1969
-24.6158 79.6753 -27.7344 53.0238 1650410683214 107866.0000 -0.1969
-24.4609 79.6002 -26.6632 49.4600 1650410683268 107920.0000 -0.1974
-24.5331 79.6194 -25.9014 41.4232 1650410683322 107974.0000 -0.1974
-24.9292 79.5753 -26.1473 45.0709 1650410683376 108028.0000 -0.1969
-24.8168 79.4982 -26.2719 53.0078 1650410683430 108082.0000 -0.1974
-24.8258 79.5518 -27.5287 69.5625 1650410683484 108136.0000 -0.1974
-25.0014 79.7190 -28.7553 85.3253 1650410683537 108190.0000 -0.1969
-24.9693 79.5172 -30.5821 67.9382 1650410683591 108244.0000 -0.1969
-24.9150 79.4858 -31.9685 75.6993 1650410683645 108298.0000 -0.1969
-24.8068 79.3467 -33.7883 62.1023 1650410683699 108352.0000 -0.1969
-24.9322 79.2012 -34.9078 60.0171 1650410683753 108406.0000 -0.1974
-25.0456 78.8486 -35.9065 52.1511 1650410683807 108460.0000 -0.1974
-25.0431 78.9254 -36.1154 49.7659 1650410683861 108514.0000 -0.1974
-25.1162 79.4775 -35.3540 44.0408 1650410683916 108568.0000 -0.1974
-25.3431 79.5757 -34.4300 49.0024 1650410683970 108622.0000 -0.1979
-24.7979 79.6244 -33.4104 58.4131 1650410684024 108675.0000 -0.1974
-24.7815 79.6940 -31.9696 71.5723 1650410684078 108729.0000 -0.1974
-24.6937 79.7300 -29.9732 54.4602 1650410684130 108783.0000 -0.1974
-24.8038 79.6733 -28.6864 61.6531 1650410684184 108837.0000 -0.1974
-24.4885 79.5704 -27.1763 53.0755 1650410684238 108891.0000 -0.1974
-24.6183 79.2916 -26.3887 60.1438 1650410684292 108945.0000 -0.1974
-24.7033 79.5707 -26.0371 45.2131 1650410684347 108999.0000 -0.1979
-24.6041 79.4128 -25.7496 46.1926 1650410684401 109053.0000 -0.1979
-24.6762 79.4189 -26.5284 54.5018 1650410684455 109107.0000 -0.1974
-24.8133 79.7946 -27.7338 52.5444 1650410684509 109161.0000 -0.1979
-25.0436 79.6446 -29.6160 63.5166 1650410684563 109215.0000 -0.1979
-24.8798 79.5000 -31.1934 68.1286 1650410684618 109269.0000 -0.1979
-24.8766 79.3204 -32.7425 65.1472 1650410684671 109323.0000 -0.1979
-24.8848 79.2359 -34.3048 64.3830 1650410684726 109377.0000 -0.1979
-24.9575 79.1616 -35.2329 55.7452 1650410684778 109431.0000 -0.1979
-24.9234 78.8721 -35.7309 41.6386 1650410684832 109485.0000 -0.1984
-24.9279 79.1948 -35.8852 41.0420 1650410684886 109539.0000 -0.1984
-25.0141 79.4894 -35.0424 53.8783 1650410684940 109593.0000 -0.1979
-25.0358 79.6037 -34.3535 58.0796 1650410684994 109647.0000 -0.1979
-24.7192 79.6639 -32.9911 44.5889 1650410685049 109701.0000 -0.1984
-24.6581 79.7718 -31.1768 65.8055 1650410685103 109755.0000 -0.1984
-24.7358 79.7116 -29.5991 47.2968 1650410685157 109809.0000 -0.1984
-24.5351 79.6458 -27.9814 58.0692 1650410685211 109863.0000 -0.1979
-24.6351 79.6396 -26.8847 61.4132 1650410685265 109917.0000 -0.1979
-24.4842 79.4292 -26.0209 52.9669 1650410685319 109971.0000 -0.1979
-24.6934 79.4973 -25.7349 45.4859 1650410685371 110024.0000 -0.1979
-24.7485 79.3460 -26.1038 52.4229 1650410685425 110078.0000 -0.1984
-24.8003 79.6216 -26.9726 58.5066 1650410685480 110132.0000 -0.1979
-25.0323 79.7462 -28.5247 72.1752 1650410685534 110186.0000 -0.1979
-25.0553 79.5345 -30.0550 62.3807 1650410685588 110240.0000 -0.1984
-24.8881 79.4500 -31.7386 57.2386 1650410685642 110294.0000 -0.1984
-24.9336 79.3247 -33.3121 61.8195 1650410685696 110348.0000 -0.1984
-24.8847 79.2395 -34.7030 49.4989 1650410685750 110402.0000 -0.1979
-25.0351 79.0382 -35.5711 40.5109 1650410685805 110456.0000 -0.1974
-24.9405 78.9416 -36.1242 36.9803 1650410685858 110510.0000 -0.1974
-25.0756 79.3283 -35.9015 43.4009 1650410685913 110564.0000 -0.1974
-25.0759 79.4404 -34.6701 52.0671 1650410685967 110618.0000 -0.1979
-24.8676 79.5351 -33.9253 63.7578 1650410686019 110672.0000 -0.1974
-24.6623 79.6674 -32.2707 78.9687 1650410686073 110726.0000 -0.1974
-24.6498 79.6697 -30.6588 59.4962 1650410686128 110780.0000 -0.1979
-24.6824 79.6192 -28.9919 62.7767 1650410686181 110834.0000 -0.1979
-24.5082 79.6751 -27.5849 51.9538 1650410686236 110888.0000 -0.1969
-24.4010 79.6674 -26.5883 49.8149 1650410686290 110942.0000 -0.1969
-24.5469 79.5702 -25.6441 56.8261 1650410686344 110996.0000 -0.1969
-24.6812 79.3975 -25.9760 54.4907 1650410686398 111050.0000 -0.1969
-24.8198 79.5821 -26.1334 39.3811 1650410686452 111104.0000 -0.1974
-24.8142 79.6870 -27.6787 64.3953 1650410686506 111158.0000 -0.1974
-25.0422 79.6271 -28.9666 67.3725 1650410686560 111212.0000 -0.1969
-24.9264 79.4930 -30.6866 72.7401 1650410686612 111266.0000 -0.1969
-24.9298 79.4023 -32.5239 79.0643 1650410686667 111320.0000 -0.1974
-24.9084 79.2476 -33.9307 52.5596 1650410686721 111374.0000 -0.1974
-24.9390 79.1568 -35.0469 40.6779 1650410686775 111427.0000 -0.1974
-24.9097 79.0274 -35.9954 33.5635 1650410686829 111481.0000 -0.1969
-25.0237 79.0561 -35.9442 41.1606 1650410686883 111535.0000 -0.1969
-25.1771 79.3437 -35.1860 48.0965 1650410686937 111589.0000 -0.1969
-25.0050 79.4393 -34.4532 61.1771 1650410686991 111643.0000 -0.1974
-24.7876 79.6639 -33.1743 76.9550 1650410687045 111697.0000 -0.1974
-24.7172 79.6610 -31.7591 66.9641 1650410687100 111751.0000 -0.1969
-24.6951 79.6183 -29.9806 67.7672 1650410687154 111805.0000 -0.1974
-24.5335 79.5753 -28.3968 57.7639 1650410687208 111859.0000 -0.1974
-24.5249 79.5131 -27.1687 59.1371 1650410687260 111913.0000 -0.1974
-24.4159 79.5870 -26.2766 55.7311 1650410687315 111967.0000 -0.1974
-24.6869 79.4970 -26.1438 37.8210 1650410687368 112021.0000 -0.1974
-24.8084 79.2898 -25.8630 57.7926 1650410687422 112075.0000 -0.1974
-24.6261 79.5933 -26.8634 48.6632 1650410687477 112129.0000 -0.1974
-24.9428 79.6664 -28.0873 48.3635 1650410687531 112183.0000 -0.1974
-25.0203 79.6231 -29.8031 62.3138 1650410687585 112237.0000 -0.1979
-24.9612 79.4135 -31.3680 69.7436 1650410687639 112291.0000 -0.1974
-24.9164 79.4046 -33.1326 60.9823 1650410687693 112345.0000 -0.1974
-24.9243 79.2552 -34.4150 66.5364 1650410687748 112399.0000 -0.1979
-25.0570 78.9527 -35.4768 44.3842 1650410687802 112453.0000 -0.1979
-24.9030 79.1236 -36.1795 46.1317 1650410687854 112507.0000 -0.1974
-25.1329 78.8618 -35.7466 35.8627 1650410687908 112561.0000 -0.1974
-25.1050 79.3411 -34.9949 50.4126 1650410687962 112615.0000 -0.1979
-24.9330 79.5491 -34.0759 47.2475 1650410688016 112669.0000 -0.1979
-24.7338 79.7146 -32.7027 59.4666 1650410688070 112723.0000 -0.1984
-24.7118 79.7459 -31.1923 67.2977 1650410688124 112776.0000 -0.1984
-24.6243 79.6468 -29.5408 62.6636 1650410688178 112830.0000 -0.1979
-24.5077 79.6364 -27.9361 54.4921 1650410688233 112884.0000 -0.1984
-24.4512 79.4742 -26.7222 45.7430 1650410688287 112938.0000 -0.1984
-24.3612 79.3575 -25.9615 36.5087 1650410688341 112992.0000 -0.1984
-24.6769 79.4835 -25.5282 53.6763 1650410688395 113046.0000 -0.1984
-24.8395 79.6354 -26.4814 61.8939 1650410688447 113100.0000 -0.1979
-24.7906 79.7004 -27.2046 49.4791 1650410688501 113154.0000 -0.1979
-25.0247 79.6987 -28.4367 62.1472 1650410688555 113208.0000 -0.1979
-24.9365 79.4766 -30.3005 73.9206 1650410688610 113262.0000 -0.1984
-24.9253 79.4525 -32.0930 83.6614 1650410688664 113316.0000 -0.1984
-24.9624 79.2972 -33.4689 62.1673 1650410688718 113370.0000 -0.1979
-24.9241 79.2767 -34.7679 56.5436 1650410688772 113424.0000 -0.1979
-25.0588 79.0763 -35.7255 55.0637 1650410688826 113478.0000 -0.1984
-24.9112 79.0301 -35.8211 45.5349 1650410688880 113532.0000 -0.1984
-25.0660 79.2567 -35.5503 43.1650 1650410688935 113586.0000 -0.1979
-25.1177 79.5498 -34.5415 55.0128 1650410688989 113640.0000 -0.1979
-24.8311 79.6437 -33.8381 56.2561 1650410689043 113694.0000 -0.1974
-24.7509 79.5644 -32.0510 51.7310 1650410689095 113748.0000 -0.1979
-24.7345 79.6129 -30.5223 55.7194 1650410689149 113802.0000 -0.1984
-24.5679 79.6858 -28.7460 57.4855 1650410689203 113856.0000 -0.1984
-24.3983 79.6905 -27.3653 58.5148 1650410689257 113910.0000 -0.1979
-24.5509 79.6134 -26.4960 59.7861 1650410689311 113964.0000 -0.1984
-24.6139 79.5021 -26.0689 46.5784 1650410689366 114018.0000 -0.1984
-24.5105 79.4856 -25.5291 48.5518 1650410689420 114072.0000 -0.1979
-24.7884 79.5773 -26.6088 47.7259 1650410689474 114125.0000 -0.1979
-24.7380 79.5670 -27.8187 60.4718 1650410689528 114179.0000 -0.1979
-24.9936 79.5593 -29.2692 67.4367 1650410689582 114233.0000 -0.1979
-24.9019 79.5075 -31.0564 69.1300 1650410689636 114287.0000 -0.1984
-24.8675 79.2478 -32.5464 63.6149 1650410689688 114341.0000 -0.1989
-24.9033 79.3439 -33.9534 48.5085 1650410689742 114395.0000 -0.1989
-24.9740 79.1212 -35.1361 60.6610 1650410689797 114449.0000 -0.1984
-25.0034 79.0330 -35.9323 43.1326 1650410689851 114503.0000 -0.1989
-25.1150 79.1450 -35.8786 42.5582 1650410689905 114557.0000 -0.1989
-25.1460 79.4154 -35.1405 60.9989 1650410689959 114611.0000 -0.1989
-25.0340 79.5596 -34.2623 42.9180 1650410690013 114665.0000 -0.1989
-24.8531 79.6452 -33.1602 54.6324 1650410690067 114719.0000 -0.1984
-24.6318 79.6832 -31.4139 56.5478 1650410690122 114773.0000 -0.1989
-24.6722 79.7100 -29.9235 62.4549 1650410690176 114827.0000 -0.1989
-24.3148 79.7473 -28.2459 56.1058 1650410690230 114881.0000 -0.1989
-24.5031 79.6594 -27.1023 54.5911 1650410690284 114935.0000 -0.1989
-24.4959 79.5751 -26.2418 44.4450 1650410690336 114989.0000 -0.1984
-24.5545 79.4968 -25.6763 49.5157 1650410690390 115043.0000 -0.1984
-24.5950 79.6430 -25.2824 40.8030 1650410690445 115097.0000 -0.1989
-24.6961 79.7355 -27.0130 44.1973 1650410690499 115151.0000 -0.1989
-24.9775 79.7289 -28.1719 73.2950 1650410690552 115205.0000 -0.1984
-24.9209 79.4237 -29.9715 74.9600 1650410690607 115259.0000 -0.1979
-24.8921 79.4726 -31.5064 71.5565 1650410690661 115313.0000 -0.1984
-25.0065 79.2614 -33.2012 58.4655 1650410690715 115367.0000 -0.1984
-24.8732 79.2287 -34.4574 47.8981 1650410690769 115421.0000 -0.1989
-25.0508 79.0408 -35.6440 42.3196 1650410690823 115474.0000 -0.1989
-24.8501 79.0351 -36.2794 29.6031 1650410690877 115528.0000 -0.1984
-24.8782 79.1015 -35.8948 50.9437 1650410690930 115582.0000 -0.1989
-25.0536 79.5021 -34.9318 58.7976 1650410690984 115636.0000 -0.1989
