-21.3510 45.7596 -56.0716 0.0000 1650400703457 2084438.0000 -0.1955
-20.6578 46.8816 -53.7631 0.0000 1650400703511 2084492.0000 -0.1955
-21.6796 48.0923 -54.3633 0.0000 1650400703565 2084545.0000 -0.1955
-19.5060 46.4617 -54.5510 0.0000 1650400703619 2084599.0000 -0.1955
-21.0632 49.5325 -54.4725 0.0000 1650400703673 2084653.0000 -0.1950
-20.3650 47.9153 -54.5687 0.0000 1650400703727 2084707.0000 -0.1950
-21.0303 46.7508 -54.5253 0.0000 1650400703781 2084761.0000 -0.1955
-20.1849 46.9330 -53.7854 0.0000 1650400703836 2084815.0000 -0.1955
-20.2655 46.5373 -54.6205 0.0000 1650400703890 2084869.0000 -0.1955
-20.5091 46.1306 -54.4447 0.0000 1650400703944 2084923.0000 -0.1955
-20.8129 48.7463 -53.4770 0.0000 1650400703998 2084977.0000 -0.1950
-20.4557 46.3778 -53.3837 0.0000 1650400704050 2085031.0000 -0.1955
-19.5086 46.9684 -52.7461 0.0000 1650400704104 2085085.0000 -0.1955
-20.5259 46.7884 -51.6035 0.0000 1650400704158 2085139.0000 -0.1950
-21.2360 45.2843 -53.6037 0.0000 1650400704213 2085193.0000 -0.1950
-20.4326 46.7599 -54.4346 0.0000 1650400704267 2085247.0000 -0.1950
-21.9066 46.6415 -53.4523 0.0000 1650400704321 2085301.0000 -0.1950
-21.0720 46.9935 -54.9593 0.0000 1650400704375 2085355.0000 -0.1955
-19.5428 46.6640 -54.8882 0.0000 1650400704429 2085409.0000 -0.1955
-20.8129 45.9944 -52.6406 0.0000 1650400704483 2085463.0000 -0.1955
-20.5506 46.9381 -54.8738 0.0000 1650400704537 2085517.0000 -0.1950
-19.8391 47.9716 -54.5256 0.0000 1650400704592 2085571.0000 -0.1955
-20.0589 47.8910 -54.0042 0.0000 1650400704646 2085625.0000 -0.1955
-21.1413 46.2710 -53.8158 0.0000 1650400704698 2085679.0000 -0.1955
-20.9376 47.8451 -55.6539 0.0000 1650400704752 2085733.0000 -0.1950
-20.6245 47.8815 -54.0542 0.0000 1650400704806 2085787.0000 -0.1950
-20.6008 47.1298 -53.4249 0.0000 1650400704860 2085841.0000 -0.1955
-20.3427 47.0453 -55.0316 0.0000 1650400704914 2085894.0000 -0.1955
-21.2394 47.5454 -54.0653 0.0000 1650400704969 2085948.0000 -0.1955
-21.2821 46.0343 -53.5568 0.0000 1650400705023 2086002.0000 -0.1950
-20.0956 45.8741 -53.3240 0.0000 1650400705077 2086056.0000 -0.1950
-20.6994 47.7771 -54.2574 0.0000 1650400705131 2086110.0000 -0.1955
-19.5245 47.9595 -52.4788 0.0000 1650400705185 2086164.0000 -0.1950
-20.2821 48.9311 -52.9071 0.0000 1650400705239 2086218.0000 -0.1945
-21.0440 48.5774 -54.9782 0.0000 1650400705291 2086272.0000 -0.1940
-20.8424 45.5468 -53.4848 0.0000 1650400705345 2086326.0000 -0.1940
-19.7177 46.5352 -54.7841 0.0000 1650400705400 2086380.0000 -0.1945
-21.1501 46.6681 -54.5379 0.0000 1650400705454 2086434.0000 -0.1945
-20.1637 47.9578 -55.5051 0.0000 1650400705508 2086488.0000 -0.1945
-20.9572 47.3454 -54.6023 0.0000 1650400705562 2086542.0000 -0.1945
-20.4687 48.3362 -55.9375 0.0000 1650400705616 2086596.0000 -0.1940
-22.1279 45.4658 -54.2727 0.0000 1650400705670 2086650.0000 -0.1945
-20.7905 47.5150 -53.7673 0.0000 1650400705724 2086704.0000 -0.1945
-20.6571 47.1512 -54.5997 0.0000 1650400705779 2086758.0000 -0.1945
-19.7403 48.3868 -54.0686 0.0000 1650400705833 2086812.0000 -0.1945
-20.8992 47.1354 -52.5805 0.0000 1650400705887 2086866.0000 -0.1945
-20.3817 47.3233 -52.2105 0.0000 1650400705939 2086920.0000 -0.1950
-20.1964 47.2999 -52.5649 0.0000 1650400705993 2086974.0000 -0.1950
-21.2679 48.6566 -51.5197 0.0000 1650400706047 2087028.0000 -0.1950
-20.6494 47.5922 -52.3456 0.0000 1650400706101 2087082.0000 -0.1945
-21.6621 47.3893 -51.5809 0.0000 1650400706156 2087136.0000 -0.1945
-21.6994 45.1595 -51.0196 0.0000 1650400706210 2087190.0000 -0.1950
-20.2630 43.9652 -52.4478 0.0000 1650400706264 2087243.0000 -0.1950
-20.8712 45.7667 -53.5065 0.0000 1650400706318 2087297.0000 -0.1950
-18.9876 47.5263 -52.3950 0.0000 1650400706372 2087351.0000 -0.1950
-21.3754 47.0809 -53.4083 0.0000 1650400706426 2087405.0000 -0.1950
-19.4111 48.2064 -54.0420 0.0000 1650400706480 2087459.0000 -0.1950
-20.2965 47.4309 -56.1158 0.0000 1650400706532 2087513.0000 -0.1955
-20.8759 48.0663 -55.1617 0.0000 1650400706587 2087567.0000 -0.1950
-21.5419 46.5330 -55.6994 0.0000 1650400706641 2087621.0000 -0.1950
-20.7763 46.8112 -54.4231 0.0000 1650400706695 2087675.0000 -0.1945
-22.7882 45.7860 -54.1315 0.0000 1650400706749 2087729.0000 -0.1950
-20.4885 45.0030 -55.3750 0.0000 1650400706803 2087783.0000 -0.1945
-20.1696 45.4864 -55.1532 0.0000 1650400706857 2087837.0000 -0.1945
-21.3618 45.0225 -52.1195 0.0000 1650400706911 2087891.0000 -0.1945
-21.3262 46.6894 -52.2124 0.0000 1650400706966 2087945.0000 -0.1945
-20.9093 46.5995 -52.6729 0.0000 1650400707020 2087999.0000 -0.1945
-21.6627 46.8353 -51.1104 0.0000 1650400707074 2088053.0000 -0.1950
-21.3847 47.0204 -52.1945 0.0000 1650400707126 2088107.0000 -0.1945
-20.4509 46.0873 -51.7829 0.0000 1650400707180 2088161.0000 -0.1945
-21.0918 44.4695 -52.7144 0.0000 1650400707234 2088215.0000 -0.1945
-21.3493 44.9950 -51.6938 0.0000 1650400707288 2088269.0000 -0.1950
-21.6737 46.3470 -51.8129 0.0000 1650400707343 2088323.0000 -0.1950
-20.5758 46.0047 -51.8778 0.0000 1650400707397 2088377.0000 -0.1945
-20.3151 47.4168 -53.0105 0.0000 1650400707451 2088431.0000 -0.1945
-21.4716 46.9611 -53.6889 0.0000 1650400707505 2088485.0000 -0.1950
-20.2653 46.8465 -54.1374 0.0000 1650400707559 2088539.0000 -0.1950
-20.3216 46.8098 -54.7984 0.0000 1650400707613 2088592.0000 -0.1955
-21.5199 45.1245 -54.8116 0.0000 1650400707667 2088646.0000 -0.1950
-20.8415 44.6872 -54.9321 0.0000 1650400707722 2088700.0000 -0.1950
-21.3309 45.3139 -54.2906 0.0000 1650400707774 2088754.0000 -0.1950
-21.0901 46.1921 -54.1178 0.0000 1650400707828 2088808.0000 -0.1955
-19.7965 44.9512 -52.3655 0.0000 1650400707882 2088862.0000 -0.1955
-20.3677 44.6675 -51.9681 0.0000 1650400707936 2088916.0000 -0.1950
-21.3029 44.6351 -52.3651 0.0000 1650400707990 2088970.0000 -0.1950
-22.4681 46.5045 -51.2896 0.0000 1650400708044 2089024.0000 -0.1945
-21.4267 47.1191 -53.5376 0.0000 1650400708099 2089078.0000 -0.1950
-20.8179 46.4619 -52.4836 0.0000 1650400708153 2089132.0000 -0.1950
-21.3533 44.0221 -52.5448 0.0000 1650400708207 2089186.0000 -0.1945
-22.1850 44.6031 -52.2106 0.0000 1650400708261 2089240.0000 -0.1945
-20.5515 44.9908 -52.8083 0.0000 1650400708315 2089294.0000 -0.1945
-20.1942 47.6738 -50.8234 0.0000 1650400708367 2089348.0000 -0.1950
-19.9648 46.9775 -49.8851 0.0000 1650400708421 2089402.0000 -0.1950
-21.8815 46.7572 -53.4567 0.0000 1650400708475 2089456.0000 -0.1950
-21.6997 46.6131 -54.0905 0.0000 1650400708530 2089510.0000 -0.1950
-21.3653 47.2905 -53.1203 0.0000 1650400708584 2089564.0000 -0.1950
-21.1306 46.4980 -54.5485 0.0000 1650400708638 2089618.0000 -0.1955
-21.4053 45.6518 -54.2277 0.0000 1650400708692 2089672.0000 -0.1955
-21.3641 45.5452 -55.0079 0.0000 1650400708746 2089726.0000 -0.1955
-21.2284 46.7397 -54.8472 0.0000 1650400708800 2089780.0000 -0.1950
-19.6649 45.6610 -53.9692 0.0000 1650400708855 2089834.0000 -0.1950
-21.1884 45.7976 -51.6106 0.0000 1650400708909 2089888.0000 -0.1955
-20.7361 46.3120 -52.0292 0.0000 1650400708963 2089941.0000 -0.1950
-20.5668 45.6051 -51.3939 0.0000 1650400709015 2089995.0000 -0.1950
-21.3225 46.2280 -53.6858 0.0000 1650400709069 2090049.0000 -0.1950
-22.6554 45.7270 -50.8219 0.0000 1650400709123 2090103.0000 -0.1950
-22.7500 44.1746 -51.9219 0.0000 1650400709177 2090157.0000 -0.1950
-21.2364 44.1371 -52.7639 0.0000 1650400709231 2090211.0000 -0.1950
-19.5578 42.6167 -51.8634 0.0000 1650400709286 2090265.0000 -0.1950
-19.4653 44.7385 -50.2457 0.0000 1650400709340 2090319.0000 -0.1950
-20.6006 45.2392 -51.4632 0.0000 1650400709394 2090373.0000 -0.1950
-21.8304 45.9368 -53.1783 0.0000 1650400709448 2090427.0000 -0.1950
-20.9660 46.8462 -54.6296 0.0000 1650400709502 2090481.0000 -0.1950
-22.3684 46.0075 -55.3641 0.0000 1650400709556 2090535.0000 -0.1945
-22.1550 46.5273 -56.2432 0.0000 1650400709608 2090589.0000 -0.1950
-22.6332 46.0443 -52.3840 0.0000 1650400709663 2090643.0000 -0.1950
-19.3413 46.7035 -53.9288 0.0000 1650400709717 2090697.0000 -0.1950
-20.6681 44.4429 -54.8480 0.0000 1650400709771 2090751.0000 -0.1950
-20.3584 45.0350 -53.8974 0.0000 1650400709825 2090805.0000 -0.1950
-20.5861 44.6520 -52.3681 0.0000 1650400709879 2090859.0000 -0.1950
-20.8105 46.6129 -50.4829 0.0000 1650400709934 2090913.0000 -0.1950
-20.4253 45.8798 -53.8405 0.0000 1650400709987 2090967.0000 -0.1950
-21.6860 45.5035 -51.8251 0.0000 1650400710042 2091021.0000 -0.1950
-22.1942 46.2030 -53.3709 0.0000 1650400710096 2091075.0000 -0.1945
-20.6608 46.9220 -51.7680 0.0000 1650400710150 2091129.0000 -0.1950
-21.4255 44.5863 -51.5544 0.0000 1650400710204 2091183.0000 -0.1950
-20.7822 43.9176 -51.8129 0.0000 1650400710256 2091237.0000 -0.1950
-18.0082 44.1905 -50.1778 0.0000 1650400710310 2091290.0000 -0.1950
-20.6961 45.7702 -50.4107 0.0000 1650400710364 2091344.0000 -0.1950
-20.9662 46.0113 -50.6394 0.0000 1650400710418 2091398.0000 -0.1950
-21.4413 45.9942 -54.0862 0.0000 1650400710473 2091452.0000 -0.1950
-22.2574 46.4782 -53.0648 0.0000 1650400710527 2091506.0000 -0.1950
-21.8046 47.2530 -54.3784 0.0000 1650400710581 2091560.0000 -0.1950
-21.9404 44.4876 -53.3099 0.0000 1650400710635 2091614.0000 -0.1945
-19.7672 45.1731 -53.9217 0.0000 1650400710689 2091668.0000 -0.1945
-19.9953 45.4896 -54.6670 0.0000 1650400710743 2091722.0000 -0.1950
-20.4655 44.8975 -53.9302 0.0000 1650400710797 2091776.0000 -0.1950
-21.0856 44.8026 -51.3443 0.0000 1650400710850 2091830.0000 -0.1950
-21.5558 47.2389 -53.9460 0.0000 1650400710904 2091884.0000 -0.1945
-21.2820 47.3851 -52.3183 0.0000 1650400710958 2091938.0000 -0.1945
-21.6121 46.1960 -52.0651 0.0000 1650400711012 2091992.0000 -0.1950
-21.6671 44.3615 -52.6604 0.0000 1650400711066 2092046.0000 -0.1950
-21.4273 45.8947 -52.7502 0.0000 1650400711120 2092100.0000 -0.1950
-22.1601 44.5627 -50.9291 0.0000 1650400711174 2092154.0000 -0.1950
-20.4571 42.9626 -51.8109 0.0000 1650400711229 2092208.0000 -0.1945
-20.8142 45.6747 -48.7523 0.0000 1650400711283 2092262.0000 -0.1950
-20.0415 44.1169 -50.3559 0.0000 1650400711337 2092316.0000 -0.1950
-21.5005 45.5453 -51.5545 0.0000 1650400711391 2092370.0000 -0.1950
-20.6405 47.2424 -53.1215 0.0000 1650400711443 2092424.0000 -0.1950
-20.6310 47.2831 -52.4285 0.0000 1650400711497 2092478.0000 -0.1945
-20.9199 45.2532 -53.6546 0.0000 1650400711551 2092532.0000 -0.1950
-20.7698 46.6514 -53.8202 0.0000 1650400711606 2092586.0000 -0.1950
-21.6700 44.8193 -54.8402 0.0000 1650400711660 2092640.0000 -0.1950
-19.8559 45.2991 -54.1034 0.0000 1650400711714 2092693.0000 -0.1950
-20.7760 45.5272 -54.0674 0.0000 1650400711768 2092747.0000 -0.1950
-20.1826 42.5889 -54.3382 0.0000 1650400711822 2092801.0000 -0.1950
-21.8607 45.8299 -53.2262 0.0000 1650400711876 2092855.0000 -0.1955
-22.9708 46.2482 -53.8228 0.0000 1650400711930 2092909.0000 -0.1955
-21.3271 46.1773 -52.2966 0.0000 1650400711985 2092963.0000 -0.1950
-20.9970 45.6540 -52.5898 0.0000 1650400712039 2093017.0000 -0.1950
-20.7885 46.3201 -52.4789 0.0000 1650400712091 2093071.0000 -0.1950
-21.3352 44.6717 -51.0316 0.0000 1650400712145 2093125.0000 -0.1955
-20.7894 44.6873 -53.8292 0.0000 1650400712199 2093179.0000 -0.1945
-20.4387 44.1010 -50.2130 0.0000 1650400712253 2093233.0000 -0.1950
-20.1244 44.4138 -50.6873 0.0000 1650400712307 2093287.0000 -0.1945
-21.2046 44.7032 -51.8943 0.0000 1650400712361 2093341.0000 -0.1950
-21.4675 45.3250 -53.1865 0.0000 1650400712416 2093395.0000 -0.1950
-19.8280 47.8399 -51.7345 0.0000 1650400712470 2093449.0000 -0.1950
-21.7311 45.2863 -53.1749 0.0000 1650400712524 2093503.0000 -0.1950
-20.7653 45.0798 -52.9676 0.0000 1650400712578 2093557.0000 -0.1950
-20.7131 45.3509 -56.3913 0.0000 1650400712632 2093611.0000 -0.1950
-22.6151 45.3205 -54.1235 0.0000 1650400712684 2093665.0000 -0.1950
-19.3402 44.5314 -54.2597 0.0000 1650400712738 2093719.0000 -0.1950
-21.0676 46.3230 -54.1929 0.0000 1650400712793 2093773.0000 -0.1950
-20.6800 44.2148 -52.6994 0.0000 1650400712847 2093827.0000 -0.1950
-20.1673 46.8585 -53.8697 0.0000 1650400712901 2093881.0000 -0.1955
-21.5533 48.2301 -52.8465 0.0000 1650400712955 2093935.0000 -0.1955
-20.2608 46.0836 -53.1353 0.0000 1650400713009 2093989.0000 -0.1955
-21.8691 44.4609 -50.9759 0.0000 1650400713063 2094042.0000 -0.1955
-21.2701 45.2745 -51.4732 0.0000 1650400713117 2094096.0000 -0.1950
-19.3272 46.3202 -52.5055 0.0000 1650400713172 2094150.0000 -0.1960
-19.3057 44.7229 -53.0019 0.0000 1650400713226 2094204.0000 -0.1955
-20.7326 44.7916 -51.1744 0.0000 1650400713280 2094258.0000 -0.1950
-20.0086 43.8643 -52.0975 0.0000 1650400713332 2094312.0000 -0.1950
-21.6594 45.7204 -53.5354 0.0000 1650400713386 2094366.0000 -0.1950
-21.2026 47.6671 -53.2373 0.0000 1650400713440 2094420.0000 -0.1950
-21.0218 46.7818 -53.1163 0.0000 1650400713494 2094474.0000 -0.1955
-20.6163 46.3064 -54.2369 0.0000 1650400713549 2094528.0000 -0.1955
-20.2087 47.3487 -54.7789 0.0000 1650400713603 2094582.0000 -0.1950
-21.3522 46.6711 -53.8123 0.0000 1650400713657 2094636.0000 -0.1950
-19.3694 46.3903 -53.2889 0.0000 1650400713711 2094690.0000 -0.1955
-20.1859 43.9511 -52.2726 0.0000 1650400713765 2094744.0000 -0.1955
-20.2220 42.4239 -53.9183 0.0000 1650400713819 2094798.0000 -0.1955
-21.6144 47.3303 -53.2037 0.0000 1650400713873 2094852.0000 -0.1955
-21.9538 45.0769 -53.4608 0.0000 1650400713925 2094906.0000 -0.1955
-21.6741 45.5840 -53.6976 0.0000 1650400713980 2094960.0000 -0.1955
-21.7744 45.5842 -52.1651 0.0000 1650400714034 2095014.0000 -0.1960
-21.6128 44.1318 -51.4239 0.0000 1650400714088 2095068.0000 -0.1955
-19.9289 43.8605 -49.9208 0.0000 1650400714142 2095122.0000 -0.1955
-21.6362 43.6006 -51.2052 0.0000 1650400714196 2095176.0000 -0.1955
-21.9015 43.8620 -52.2315 0.0000 1650400714250 2095230.0000 -0.1960
-22.5936 43.9184 -52.9196 0.0000 1650400714304 2095284.0000 -0.1955
-21.6320 45.2834 -52.5210 0.0000 1650400714359 2095338.0000 -0.1955
-20.9163 46.8654 -53.5426 0.0000 1650400714413 2095391.0000 -0.1955
-20.5966 44.9641 -52.6863 0.0000 1650400714467 2095445.0000 -0.1950
-20.5044 47.4458 -51.2908 0.0000 1650400714521 2095499.0000 -0.1955
-19.7819 47.7106 -53.5097 0.0000 1650400714573 2095553.0000 -0.1955
-19.7402 46.6771 -53.3340 0.0000 1650400714627 2095607.0000 -0.1955
-20.5891 44.5347 -54.1192 0.0000 1650400714681 2095661.0000 -0.1955
-20.1322 44.4914 -54.9891 0.0000 1650400714736 2095715.0000 -0.1950
-19.8086 44.6940 -55.3367 0.0000 1650400714790 2095769.0000 -0.1960
-21.9486 43.5011 -54.2568 0.0000 1650400714844 2095823.0000 -0.1955
-20.8286 45.3347 -54.4100 0.0000 1650400714898 2095877.0000 -0.1955
-20.8453 46.7822 -51.5891 0.0000 1650400714952 2095931.0000 -0.1955
-22.4146 46.6074 -52.4864 0.0000 1650400715006 2095985.0000 -0.1950
-20.7758 46.5113 -51.0877 0.0000 1650400715061 2096039.0000 -0.1955
-20.0775 42.9755 -48.6684 0.0000 1650400715115 2096093.0000 -0.1955
-21.3527 44.4548 -50.6732 0.0000 1650400715167 2096147.0000 -0.1955
-21.4652 43.2212 -50.4971 0.0000 1650400715221 2096201.0000 -0.1950
-20.2210 43.8718 -52.0207 0.0000 1650400715275 2096255.0000 -0.1950
-20.7830 45.0439 -51.9225 0.0000 1650400715329 2096309.0000 -0.1950
-19.8509 45.1824 -52.5121 0.0000 1650400715383 2096363.0000 -0.1950
-21.8642 46.3440 -53.0902 0.0000 1650400715437 2096417.0000 -0.1950
-19.9706 46.1653 -53.9447 0.0000 1650400715492 2096471.0000 -0.1945
-22.0204 46.4337 -53.7535 0.0000 1650400715546 2096525.0000 -0.1945
-20.8910 45.9070 -55.1468 0.0000 1650400715600 2096579.0000 -0.1950
-19.9220 45.6596 -54.1478 0.0000 1650400715654 2096633.0000 -0.1950
-21.4238 44.9520 -54.1138 0.0000 1650400715708 2096687.0000 -0.1945
-20.4295 45.9060 -55.0891 0.0000 1650400715762 2096740.0000 -0.1945
-20.5103 42.9519 -53.4514 0.0000 1650400715814 2096794.0000 -0.1950
-20.4518 43.2426 -54.1099 0.0000 1650400715869 2096848.0000 -0.1950
-20.6887 46.2546 -53.6791 0.0000 1650400715923 2096902.0000 -0.1950
-20.5528 44.8117 -53.1972 0.0000 1650400715977 2096956.0000 -0.1945
-21.9971 46.0644 -52.7739 0.0000 1650400716031 2097010.0000 -0.1945
-20.8793 44.4908 -51.5266 0.0000 1650400716085 2097064.0000 -0.1945
-20.9820 45.5405 -51.0267 0.0000 1650400716139 2097118.0000 -0.1950
-22.4857 45.2392 -52.1588 0.0000 1650400716193 2097172.0000 -0.1950
-22.0954 44.2558 -51.9357 0.0000 1650400716247 2097226.0000 -0.1950
-21.6139 41.8741 -51.4132 0.0000 1650400716302 2097280.0000 -0.1945
-20.9644 44.6291 -52.2804 0.0000 1650400716356 2097334.0000 -0.1945
-21.4144 46.1314 -52.5758 0.0000 1650400716408 2097388.0000 -0.1950
-20.9380 45.7712 -53.8049 0.0000 1650400716462 2097442.0000 -0.1950
-20.4870 47.3938 -53.8557 0.0000 1650400716516 2097496.0000 -0.1945
-21.1113 46.9458 -54.0931 0.0000 1650400716570 2097550.0000 -0.1945
-20.6399 44.6425 -54.5565 0.0000 1650400716624 2097604.0000 -0.1950
-20.7470 44.5564 -54.3293 0.0000 1650400716679 2097658.0000 -0.1950
-19.9313 45.7075 -54.3506 0.0000 1650400716733 2097712.0000 -0.1950
-20.2329 46.1526 -54.7126 0.0000 1650400716789 2097766.0000 -0.1945
-19.7500 44.0637 -53.6846 0.0000 1650400716841 2097820.0000 -0.1945
-20.9874 45.0215 -53.7047 0.0000 1650400716895 2097874.0000 -0.1950
-20.4755 45.8095 -54.8185 0.0000 1650400716949 2097928.0000 -0.1950
-21.0350 46.9270 -52.7157 0.0000 1650400717001 2097982.0000 -0.1950
-19.5529 44.1001 -52.3905 0.0000 1650400717056 2098036.0000 -0.1945
-20.6204 46.4562 -52.8357 0.0000 1650400717110 2098089.0000 -0.1945
-21.7544 44.7757 -50.9470 0.0000 1650400717164 2098143.0000 -0.1945
-22.1518 43.4623 -51.9948 0.0000 1650400717218 2098197.0000 -0.1950
-21.9405 43.1698 -51.1750 0.0000 1650400717272 2098251.0000 -0.1950
-19.8992 43.4633 -52.1991 0.0000 1650400717326 2098305.0000 -0.1945
-20.6911 45.9133 -52.8256 0.0000 1650400717380 2098359.0000 -0.1945
-20.2802 45.0945 -51.3974 0.0000 1650400717435 2098413.0000 -0.1950
-20.7884 45.9951 -52.6118 0.0000 1650400717489 2098467.0000 -0.1950
-22.0008 46.2712 -55.0592 0.0000 1650400717543 2098521.0000 -0.1950
-20.7009 46.4274 -56.2376 0.0000 1650400717597 2098575.0000 -0.1945
-20.8873 46.4797 -54.7321 0.0000 1650400717649 2098629.0000 -0.1945
-21.0416 47.5055 -55.3530 0.0000 1650400717703 2098683.0000 -0.1945
-22.0912 45.2550 -54.7747 0.0000 1650400717757 2098737.0000 -0.1950
-18.9488 45.5533 -55.0988 0.0000 1650400717811 2098791.0000 -0.1950
-20.1442 44.4474 -54.9277 0.0000 1650400717866 2098845.0000 -0.1950
-20.2201 43.7553 -52.7724 0.0000 1650400717920 2098899.0000 -0.1950
-21.2960 45.3127 -52.0042 0.0000 1650400717974 2098953.0000 -0.1950
-20.9953 47.1026 -53.0923 0.0000 1650400718028 2099007.0000 -0.1955
-21.1428 45.6626 -51.8774 0.0000 1650400718082 2099061.0000 -0.1955
-20.7264 46.6924 -51.4501 0.0000 1650400718136 2099115.0000 -0.1950
-20.3719 45.3393 -51.2792 0.0000 1650400718190 2099169.0000 -0.1950
-23.0008 42.5907 -51.6336 0.0000 1650400718243 2099223.0000 -0.1950
-20.3223 41.0819 -51.9525 0.0000 1650400718297 2099277.0000 -0.1955
-20.8907 44.4110 -50.9396 0.0000 1650400718351 2099331.0000 -0.1955
-21.1287 45.6867 -51.6327 0.0000 1650400718405 2099385.0000 -0.1955
-19.8214 45.5146 -53.1802 0.0000 1650400718459 2099438.0000 -0.1955
-22.3592 47.2576 -54.1940 0.0000 1650400718513 2099492.0000 -0.1955
-21.9615 48.5247 -53.7393 0.0000 1650400718567 2099546.0000 -0.1955
-21.5750 45.7451 -54.9218 0.0000 1650400718622 2099600.0000 -0.1955
-20.9727 44.9076 -53.9889 0.0000 1650400718676 2099654.0000 -0.1955
-21.6460 46.1284 -54.4566 0.0000 1650400718730 2099708.0000 -0.1955
-21.1306 46.0960 -55.4805 0.0000 1650400718784 2099762.0000 -0.1955
-20.4781 44.0734 -54.5703 0.0000 1650400718838 2099816.0000 -0.1960
-19.7698 44.0412 -54.6549 0.0000 1650400718890 2099870.0000 -0.1960
-21.2741 43.6255 -52.1990 0.0000 1650400718944 2099924.0000 -0.1960
-20.1793 45.2536 -50.8533 0.0000 1650400718999 2099978.0000 -0.1955
-20.0495 46.6470 -52.6223 0.0000 1650400719053 2100032.0000 -0.1960
-20.9987 45.2078 -51.5737 0.0000 1650400719107 2100086.0000 -0.1960
-20.9409 46.4926 -52.4630 0.0000 1650400719161 2100140.0000 -0.1955
-21.9314 44.8742 -52.0332 0.0000 1650400719215 2100194.0000 -0.1955
-21.1325 42.8510 -51.6389 0.0000 1650400719269 2100248.0000 -0.1960
-19.0826 42.3861 -51.3490 0.0000 1650400719323 2100302.0000 -0.1955
-19.5790 42.8493 -50.5753 0.0000 1650400719378 2100356.0000 -0.1960
-21.0746 44.4342 -52.2256 0.0000 1650400719432 2100410.0000 -0.1960
-20.6369 47.8251 -53.7967 0.0000 1650400719484 2100464.0000 -0.1960
-20.1426 46.4360 -52.4509 0.0000 1650400719538 2100518.0000 -0.1960
-21.1645 46.4622 -55.3988 0.0000 1650400719592 2100572.0000 -0.1965
-21.3658 45.0139 -55.0330 0.0000 1650400719646 2100626.0000 -0.1965
-19.4677 45.6932 -54.3546 0.0000 1650400719700 2100680.0000 -0.1960
-21.5562 44.4165 -53.7630 0.0000 1650400719755 2100734.0000 -0.1960
-20.8281 45.6494 -57.1649 0.0000 1650400719809 2100787.0000 -0.1960
-19.4907 42.7437 -55.1342 0.0000 1650400719863 2100841.0000 -0.1960
-21.7188 43.0765 -53.8034 0.0000 1650400719917 2100895.0000 -0.1965
-20.6524 43.3040 -51.7105 0.0000 1650400719971 2100949.0000 -0.1965
-20.5328 44.1986 -51.1246 0.0000 1650400720025 2101003.0000 -0.1960
-19.3309 46.1100 -52.9489 0.0000 1650400720079 2101057.0000 -0.1960
-21.6190 46.4637 -50.9771 0.0000 1650400720131 2101111.0000 -0.1965
-21.7004 46.3103 -53.0269 0.0000 1650400720188 2101165.0000 -0.1965
-20.9971 43.8411 -52.4529 0.0000 1650400720240 2101219.0000 -0.1960
-22.0169 43.5602 -52.1407 0.0000 1650400720294 2101273.0000 -0.1960
-20.6040 44.1041 -51.2532 0.0000 1650400720348 2101327.0000 -0.1960
-20.3761 44.7450 -51.8893 0.0000 1650400720402 2101381.0000 -0.1960
-20.6100 47.0802 -52.3910 0.0000 1650400720456 2101435.0000 -0.1965
-20.7857 45.5842 -54.4732 0.0000 1650400720510 2101489.0000 -0.1965
-20.9312 47.4334 -53.3843 0.0000 1650400720565 2101543.0000 -0.1965
-21.2147 48.5510 -55.0519 0.0000 1650400720619 2101597.0000 -0.1965
-21.0130 46.1257 -55.5610 0.0000 1650400720673 2101651.0000 -0.1965
-20.7105 46.5234 -55.4414 0.0000 1650400720725 2101705.0000 -0.1965
-19.7288 46.1664 -54.1672 0.0000 1650400720779 2101759.0000 -0.1965
-19.4960 44.5095 -56.1296 0.0000 1650400720833 2101813.0000 -0.1960
-20.3525 44.3977 -54.0190 0.0000 1650400720887 2101867.0000 -0.1960
-21.8889 43.6673 -51.9983 0.0000 1650400720942 2101921.0000 -0.1960
-21.2388 45.7117 -51.0336 0.0000 1650400720996 2101975.0000 -0.1965
-20.2437 44.7494 -52.7051 0.0000 1650400721050 2102029.0000 -0.1965
-22.0247 47.5852 -52.0961 0.0000 1650400721104 2102083.0000 -0.1960
-20.5130 43.4610 -51.2715 0.0000 1650400721158 2102137.0000 -0.1960
-21.3556 43.9460 -52.5016 0.0000 1650400721212 2102190.0000 -0.1960
-20.7219 42.8232 -51.5907 0.0000 1650400721266 2102244.0000 -0.1965
-20.5926 43.4732 -51.9430 0.0000 1650400721319 2102298.0000 -0.1960
-19.8426 44.9485 -50.8670 0.0000 1650400721373 2102352.0000 -0.1960
-20.4380 43.7421 -51.9052 0.0000 1650400721427 2102406.0000 -0.1960
-20.9999 45.9074 -53.1159 0.0000 1650400721481 2102460.0000 -0.1960
-22.7719 47.4573 -51.9651 0.0000 1650400721535 2102514.0000 -0.1960
-21.5499 47.7043 -54.8385 0.0000 1650400721589 2102568.0000 -0.1960
-21.4743 47.6605 -54.4293 0.0000 1650400721643 2102622.0000 -0.1960
-20.6229 46.7128 -53.6651 0.0000 1650400721697 2102676.0000 -0.1955
-20.7799 45.8831 -55.3402 0.0000 1650400721752 2102730.0000 -0.1960
-20.8565 43.9575 -55.3945 0.0000 1650400721806 2102784.0000 -0.1960
-20.9068 43.8920 -52.5969 0.0000 1650400721860 2102838.0000 -0.1955
-20.8387 43.5698 -54.2274 0.0000 1650400721914 2102892.0000 -0.1955
-20.3937 46.0811 -51.4343 0.0000 1650400721966 2102946.0000 -0.1955
-20.7141 44.0524 -53.3520 0.0000 1650400722020 2103000.0000 -0.1960
-20.8315 46.1850 -52.0245 0.0000 1650400722074 2103054.0000 -0.1960
-21.3364 46.1561 -53.2794 0.0000 1650400722129 2103108.0000 -0.1960
-21.2774 45.8977 -52.0514 0.0000 1650400722183 2103162.0000 -0.1960
-20.3008 44.8851 -51.3646 0.0000 1650400722237 2103216.0000 -0.1955
-20.6975 44.1232 -52.1087 0.0000 1650400722291 2103270.0000 -0.1960
-20.1589 44.5896 -50.9631 0.0000 1650400722345 2103324.0000 -0.1960
-19.9216 43.9681 -52.1055 0.0000 1650400722399 2103378.0000 -0.1955
-20.5166 45.0685 -52.5471 0.0000 1650400722453 2103432.0000 -0.1955
-21.8961 45.8937 -52.7597 0.0000 1650400722508 2103486.0000 -0.1955
-19.8311 45.7683 -54.6779 0.0000 1650400722560 2103539.0000 -0.1960
-22.5312 46.7834 -53.6140 0.0000 1650400722614 2103593.0000 -0.1960
-21.4980 46.2132 -54.2515 0.0000 1650400722668 2103647.0000 -0.1960
-21.0450 45.0903 -54.0480 0.0000 1650400722722 2103701.0000 -0.1960
-20.3096 46.1020 -53.5367 0.0000 1650400722776 2103755.0000 -0.1960
-19.8561 46.0213 -52.6804 0.0000 1650400722830 2103809.0000 -0.1965
-20.8589 42.5196 -53.4028 0.0000 1650400722885 2103863.0000 -0.1965
-19.0006 44.3649 -53.5332 0.0000 1650400722939 2103917.0000 -0.1960
-20.3276 46.6461 -53.1452 0.0000 1650400722993 2103971.0000 -0.1960
-21.1307 45.8814 -53.3062 0.0000 1650400723047 2104025.0000 -0.1955
-22.7866 48.7780 -53.5888 0.0000 1650400723101 2104079.0000 -0.1960
-22.1572 46.8557 -51.4226 0.0000 1650400723155 2104133.0000 -0.1965
-20.9789 44.3576 -52.7675 0.0000 1650400723207 2104187.0000 -0.1960
-21.2637 43.5283 -51.3913 0.0000 1650400723262 2104241.0000 -0.1960
-20.0792 42.4181 -51.8726 0.0000 1650400723316 2104295.0000 -0.1960
-20.3837 42.8485 -52.0342 0.0000 1650400723370 2104349.0000 -0.1960
-21.2123 46.0744 -51.7304 0.0000 1650400723424 2104403.0000 -0.1960
-20.8719 46.0138 -52.8068 0.0000 1650400723478 2104457.0000 -0.1960
-19.8903 48.1997 -52.1650 0.0000 1650400723532 2104511.0000 -0.1955
-20.2386 44.1642 -54.7432 0.0000 1650400723586 2104565.0000 -0.1955
-21.2772 46.1520 -54.8027 0.0000 1650400723641 2104619.0000 -0.1960
-21.2437 46.1268 -53.7841 0.0000 1650400723695 2104673.0000 -0.1965
-20.3320 46.4139 -53.9211 0.0000 1650400723749 2104727.0000 -0.1965
-19.7165 46.5322 -53.3000 0.0000 1650400723801 2104781.0000 -0.1960
-18.1466 44.0389 -53.8445 0.0000 1650400723855 2104835.0000 -0.1960
-20.0613 43.9766 -51.3067 0.0000 1650400723909 2104888.0000 -0.1965
-20.5147 46.6993 -53.3480 0.0000 1650400723963 2104942.0000 -0.1965
-22.1464 46.6245 -53.7499 0.0000 1650400724017 2104996.0000 -0.1960
-21.1565 47.3513 -52.8586 0.0000 1650400724072 2105050.0000 -0.1965
-20.8906 44.8627 -51.6467 0.0000 1650400724126 2105104.0000 -0.1960
-21.6806 44.4774 -52.4778 0.0000 1650400724180 2105158.0000 -0.1965
-20.8036 44.4868 -50.3453 0.0000 1650400724234 2105212.0000 -0.1967
-20.0970 43.8598 -51.3999 0.0000 1650400724288 2105266.0000 -0.1965
-20.8885 42.7480 -50.8530 0.0000 1650400724342 2105320.0000 -0.1965
-20.3876 44.2326 -52.5493 0.0000 1650400724396 2105374.0000 -0.1965
-21.1735 46.8327 -52.9889 0.0000 1650400724449 2105428.0000 -0.1969
-19.7059 47.4427 -52.2082 0.0000 1650400724503 2105482.0000 -0.1965
-20.0475 46.0351 -52.4349 0.0000 1650400724557 2105536.0000 -0.1965
-21.9371 46.7024 -53.7734 0.0000 1650400724611 2105590.0000 -0.1965
-20.8206 45.0553 -53.2790 0.0000 1650400724665 2105644.0000 -0.1965
-21.5593 46.5935 -52.7947 0.0000 1650400724719 2105698.0000 -0.1965
-21.3295 46.9336 -53.9265 0.0000 1650400724773 2105752.0000 -0.1969
-21.0587 44.9257 -53.9803 0.0000 1650400724828 2105806.0000 -0.1969
-19.4057 45.6927 -53.0522 0.0000 1650400724882 2105860.0000 -0.1965
-21.2387 45.7431 -54.1687 0.0000 1650400724936 2105914.0000 -0.1965
-20.5660 46.9345 -51.4628 0.0000 1650400724990 2105968.0000 -0.1969
-22.1099 46.3522 -53.0300 0.0000 1650400725042 2106022.0000 -0.1965
-22.5246 44.8954 -51.3173 0.0000 1650400725096 2106076.0000 -0.1965
-21.2775 44.4136 -50.6969 0.0000 1650400725150 2106130.0000 -0.1965
-21.7566 44.5326 -52.4849 0.0000 1650400725205 2106184.0000 -0.1965
-22.0012 44.3760 -51.3909 0.0000 1650400725259 2106237.0000 -0.1965
-19.9592 44.7007 -51.4958 0.0000 1650400725313 2106291.0000 -0.1969
-20.6237 43.2638 -52.0300 0.0000 1650400725367 2106345.0000 -0.1969
-21.1071 44.3653 -52.7825 0.0000 1650400725421 2106399.0000 -0.1965
-20.4920 47.1418 -53.6034 0.0000 1650400725475 2106453.0000 -0.1965
-21.9456 47.7249 -52.2489 0.0000 1650400725529 2106507.0000 -0.1965
-21.0323 46.5621 -51.7678 0.0000 1650400725583 2106561.0000 -0.1965
-20.7778 45.4022 -52.7785 0.0000 1650400725638 2106615.0000 -0.1965
-21.2139 46.4224 -53.0868 0.0000 1650400725690 2106669.0000 -0.1965
-20.9130 47.8121 -54.8679 0.0000 1650400725744 2106723.0000 -0.1965
-19.9593 45.6912 -53.9313 0.0000 1650400725798 2106777.0000 -0.1969
-19.1349 44.8433 -52.5247 0.0000 1650400725852 2106831.0000 -0.1974
-20.3693 45.2826 -53.3827 0.0000 1650400725906 2106885.0000 -0.1969
-19.9661 45.7171 -52.6870 0.0000 1650400725960 2106939.0000 -0.1969
-19.8723 46.5823 -53.0423 0.0000 1650400726015 2106993.0000 -0.1969
-20.4151 45.3810 -51.4884 0.0000 1650400726069 2107047.0000 -0.1974
-21.7594 47.8927 -51.2064 0.0000 1650400726123 2107101.0000 -0.1969
-21.5480 46.8062 -51.2059 0.0000 1650400726177 2107155.0000 -0.1965
-19.1360 44.3932 -51.4938 0.0000 1650400726231 2107209.0000 -0.1965
-22.0260 43.1164 -52.4037 0.0000 1650400726283 2107263.0000 -0.1965
-21.7595 43.4408 -51.3279 0.0000 1650400726337 2107317.0000 -0.1969
-20.2749 45.6231 -51.3778 0.0000 1650400726392 2107371.0000 -0.1969
-21.3764 45.9698 -53.1622 0.0000 1650400726446 2107425.0000 -0.1969
-21.8682 44.6431 -52.6099 0.0000 1650400726500 2107479.0000 -0.1965
-21.6121 44.7481 -53.4135 0.0000 1650400726554 2107533.0000 -0.1965
-21.5094 45.5012 -52.7392 0.0000 1650400726608 2107586.0000 -0.1969
-21.2209 48.0133 -54.4187 0.0000 1650400726662 2107640.0000 -0.1965
-20.5906 45.3795 -54.0085 0.0000 1650400726716 2107694.0000 -0.1965
-20.0879 47.1365 -53.2422 0.0000 1650400726771 2107748.0000 -0.1960
-19.3500 43.9574 -52.6030 0.0000 1650400726825 2107802.0000 -0.1960
-18.9105 45.8070 -53.5571 0.0000 1650400726877 2107856.0000 -0.1965
-20.2288 45.1795 -54.1587 0.0000 1650400726931 2107910.0000 -0.1965
-21.1495 46.5137 -51.6987 0.0000 1650400726985 2107964.0000 -0.1965
-20.7472 45.5200 -52.1537 0.0000 1650400727039 2108018.0000 -0.1965
-21.5267 46.3726 -51.4547 0.0000 1650400727093 2108072.0000 -0.1965
-20.5594 46.5851 -50.8059 0.0000 1650400727148 2108126.0000 -0.1969
-21.6185 43.6068 -50.9371 0.0000 1650400727202 2108180.0000 -0.1969
-22.0336 44.5885 -51.4309 0.0000 1650400727256 2108234.0000 -0.1965
-21.8530 42.4965 -51.7474 0.0000 1650400727310 2108288.0000 -0.1965
-20.2961 41.9929 -53.7880 0.0000 1650400727364 2108342.0000 -0.1965
-21.2753 45.4498 -52.6963 0.0000 1650400727418 2108396.0000 -0.1969
-20.9071 45.9429 -53.2190 0.0000 1650400727472 2108450.0000 -0.1969
-21.0866 46.7226 -53.9672 0.0000 1650400727524 2108504.0000 -0.1969
-20.4770 45.9981 -53.5744 0.0000 1650400727579 2108558.0000 -0.1965
-21.9327 44.9706 -52.0072 0.0000 1650400727633 2108612.0000 -0.1969
-21.5745 45.2359 -55.3181 0.0000 1650400727687 2108666.0000 -0.1969
-21.4624 45.0720 -54.5115 0.0000 1650400727741 2108720.0000 -0.1969
-21.2878 46.2185 -55.5986 0.0000 1650400727795 2108774.0000 -0.1965
-20.2228 44.7983 -53.3615 0.0000 1650400727849 2108828.0000 -0.1969
-18.9983 44.3138 -54.1018 0.0000 1650400727903 2108882.0000 -0.1969
-21.0864 46.0304 -53.3434 0.0000 1650400727958 2108936.0000 -0.1974
-19.7633 46.1340 -53.8757 0.0000 1650400728012 2108989.0000 -0.1969
-20.9822 47.7174 -52.3486 0.0000 1650400728066 2109043.0000 -0.1969
-21.0771 46.0909 -51.1585 0.0000 1650400728118 2109097.0000 -0.1969
-22.0562 45.2279 -52.3512 0.0000 1650400728172 2109151.0000 -0.1974
-21.8116 44.2631 -51.0313 0.0000 1650400728226 2109205.0000 -0.1969
-21.5902 44.1791 -52.4597 0.0000 1650400728280 2109259.0000 -0.1969
-20.5277 43.4268 -52.1813 0.0000 1650400728335 2109313.0000 -0.1965
-21.1324 43.0946 -50.9930 0.0000 1650400728389 2109367.0000 -0.1965
-21.4459 44.1276 -51.4216 0.0000 1650400728443 2109421.0000 -0.1965
-21.9953 45.4773 -52.7012 0.0000 1650400728497 2109475.0000 -0.1969
-22.2685 46.7994 -53.3132 0.0000 1650400728551 2109529.0000 -0.1969
-20.3396 46.7971 -54.9613 0.0000 1650400728605 2109583.0000 -0.1965
-21.4316 45.8977 -53.4192 0.0000 1650400728659 2109637.0000 -0.1965
-20.2217 46.6171 -53.9095 0.0000 1650400728714 2109691.0000 -0.1969
-19.8761 43.7612 -54.5925 0.0000 1650400728766 2109745.0000 -0.1969
-20.6269 45.8387 -54.5766 0.0000 1650400728820 2109799.0000 -0.1965
-22.1520 44.4658 -54.0650 0.0000 1650400728874 2109853.0000 -0.1965
-20.9429 44.6522 -52.3930 0.0000 1650400728928 2109907.0000 -0.1965
-19.9312 45.2035 -52.6510 0.0000 1650400728982 2109961.0000 -0.1965
-20.1250 47.1524 -52.6485 0.0000 1650400729036 2110015.0000 -0.1969
-21.1825 45.5205 -52.2813 0.0000 1650400729091 2110069.0000 -0.1969
-20.8407 45.9229 -52.7692 0.0000 1650400729145 2110123.0000 -0.1969
-21.6449 44.5071 -51.8731 0.0000 1650400729199 2110177.0000 -0.1965
-20.9423 44.5199 -50.9538 0.0000 1650400729253 2110231.0000 -0.1969
-20.8451 43.2668 -51.1996 0.0000 1650400729307 2110285.0000 -0.1969
-21.1118 44.6544 -50.9098 0.0000 1650400729359 2110338.0000 -0.1965
-20.0331 45.4247 -53.8003 0.0000 1650400729413 2110392.0000 -0.1965
-21.2318 46.7124 -51.6275 0.0000 1650400729468 2110446.0000 -0.1965
-20.3849 46.7795 -52.5684 0.0000 1650400729522 2110500.0000 -0.1965
-20.2651 47.3118 -53.5122 0.0000 1650400729576 2110554.0000 -0.1969
-21.5044 46.9146 -53.3923 0.0000 1650400729630 2110608.0000 -0.1969
-21.0540 46.3653 -53.8600 0.0000 1650400729684 2110662.0000 -0.1965
-21.9615 46.5579 -54.4373 0.0000 1650400729738 2110716.0000 -0.1965
-20.4403 44.5364 -54.5468 0.0000 1650400729792 2110770.0000 -0.1969
-19.8998 45.1464 -55.3179 0.0000 1650400729846 2110824.0000 -0.1969
-20.6719 45.3839 -53.5810 0.0000 1650400729900 2110878.0000 -0.1965
-20.1814 42.9174 -52.4148 0.0000 1650400729955 2110932.0000 -0.1965
-20.8987 46.6128 -52.2329 0.0000 1650400730007 2110986.0000 -0.1965
-20.4462 45.2720 -51.3795 0.0000 1650400730061 2111040.0000 -0.1969
-20.1090 45.8858 -52.5100 0.0000 1650400730115 2111094.0000 -0.1969
-21.3424 45.6243 -51.8173 0.0000 1650400730169 2111148.0000 -0.1969
-21.5650 45.8193 -51.1544 0.0000 1650400730223 2111202.0000 -0.1969
-22.7324 45.0277 -51.9514 0.0000 1650400730278 2111256.0000 -0.1965
-21.6187 42.3325 -51.7150 0.0000 1650400730332 2111310.0000 -0.1969
-19.9653 44.9041 -50.7603 0.0000 1650400730386 2111364.0000 -0.1974
-19.9859 44.5445 -52.6192 0.0000 1650400730440 2111418.0000 -0.1969
-21.8781 46.8390 -53.3294 0.0000 1650400730494 2111472.0000 -0.1965
-20.0488 45.6983 -53.7186 0.0000 1650400730548 2111526.0000 -0.1969
-22.1019 47.4735 -54.2153 0.0000 1650400730600 2111580.0000 -0.1969
-20.7287 49.0772 -54.1207 0.0000 1650400730655 2111634.0000 -0.1974
-21.3692 46.0725 -54.2250 0.0000 1650400730709 2111687.0000 -0.1974
-21.3328 45.4620 -55.1359 0.0000 1650400730763 2111741.0000 -0.1974
-20.6700 45.1089 -55.0809 0.0000 1650400730817 2111795.0000 -0.1969
-20.7669 47.0846 -54.2252 0.0000 1650400730871 2111849.0000 -0.1974
-21.0437 45.1226 -53.9444 0.0000 1650400730925 2111903.0000 -0.1974
-20.4496 44.1418 -53.2512 0.0000 1650400730979 2111957.0000 -0.1969
-19.6667 47.2789 -52.1427 0.0000 1650400731034 2112011.0000 -0.1969
-20.8843 45.8729 -52.7063 0.0000 1650400731088 2112065.0000 -0.1969
-21.3796 45.0447 -51.7399 0.0000 1650400731142 2112119.0000 -0.1969
-22.1634 44.7420 -53.1581 0.0000 1650400731194 2112173.0000 -0.1974
-21.4351 44.4463 -52.8354 0.0000 1650400731248 2112227.0000 -0.1974
-19.8858 43.4142 -50.5648 0.0000 1650400731302 2112281.0000 -0.1969
-21.3612 43.4169 -52.8956 0.0000 1650400731356 2112335.0000 -0.1969
-20.0521 44.4415 -51.0710 0.0000 1650400731411 2112389.0000 -0.1974
-18.9736 45.8463 -50.3780 0.0000 1650400731465 2112443.0000 -0.1974
-20.4401 47.0262 -52.4968 0.0000 1650400731519 2112497.0000 -0.1974
-21.5409 47.2223 -53.8753 0.0000 1650400731573 2112551.0000 -0.1974
-20.2576 46.2396 -53.6952 0.0000 1650400731627 2112605.0000 -0.1974
-21.4529 45.2410 -54.5584 0.0000 1650400731681 2112659.0000 -0.1974
-20.7389 45.6275 -54.2154 0.0000 1650400731735 2112713.0000 -0.1974
-21.5447 47.3808 -55.5154 0.0000 1650400731789 2112767.0000 -0.1969
-20.6490 44.8904 -54.1322 0.0000 1650400731842 2112821.0000 -0.1969
-19.1857 44.2692 -52.7662 0.0000 1650400731896 2112875.0000 -0.1969
-21.2688 45.5930 -54.5663 0.0000 1650400731950 2112929.0000 -0.1974
-20.3291 43.7556 -51.3705 0.0000 1650400732004 2112983.0000 -0.1974
-21.2636 47.3007 -51.2493 0.0000 1650400732058 2113036.0000 -0.1974
-20.5995 47.5688 -51.7946 0.0000 1650400732112 2113090.0000 -0.1974
-21.5885 43.9904 -51.2028 0.0000 1650400732166 2113144.0000 -0.1974
-22.1751 44.9273 -51.5582 0.0000 1650400732221 2113198.0000 -0.1974
-21.8424 43.7214 -51.7429 0.0000 1650400732275 2113252.0000 -0.1974
-21.5553 42.2974 -51.9349 0.0000 1650400732329 2113306.0000 -0.1974
-20.4855 44.7428 -52.6270 0.0000 1650400732383 2113360.0000 -0.1974
-19.7015 44.1287 -51.3186 0.0000 1650400732435 2113414.0000 -0.1974
-21.4505 46.6154 -51.7191 0.0000 1650400732489 2113468.0000 -0.1979
-22.4659 45.9530 -52.3199 0.0000 1650400732543 2113522.0000 -0.1974
-21.4257 45.7288 -53.0041 0.0000 1650400732598 2113576.0000 -0.1974
-22.5983 46.7310 -54.6694 0.0000 1650400732652 2113630.0000 -0.1974
-22.1938 45.5280 -54.9102 0.0000 1650400732706 2113684.0000 -0.1969
-20.8456 44.7358 -53.1532 0.0000 1650400732760 2113738.0000 -0.1974
-20.8414 45.3957 -54.4909 0.0000 1650400732814 2113792.0000 -0.1974
-20.6581 44.7525 -54.6494 0.0000 1650400732868 2113846.0000 -0.1969
-20.5845 44.3638 -54.2360 0.0000 1650400732922 2113900.0000 -0.1969
-20.8475 45.4295 -52.3183 0.0000 1650400732977 2113954.0000 -0.1969
