-5.3916 35.4660 -22.9613 0.0000 1650400901657 2282647.0000 -0.1990
-4.2783 36.8179 -23.3995 0.0000 1650400901686 2282675.7500 -0.1989
-5.9231 34.6102 -23.9932 0.0000 1650400901715 2282704.2500 -0.1989
-5.6987 33.0681 -23.6583 0.0000 1650400901744 2282733.2500 -0.1989
-4.1953 33.3724 -19.6636 0.0000 1650400901773 2282762.7500 -0.1989
-6.1582 36.5487 -21.6669 0.0000 1650400901802 2282791.0000 -0.1989
-3.8396 35.8764 -23.5706 0.0000 1650400901831 2282820.5000 -0.1989
-6.4817 34.1285 -21.9237 0.0000 1650400901860 2282849.5000 -0.1989
-5.0467 32.4733 -21.1917 0.0000 1650400901888 2282878.5000 -0.1990
-4.9262 34.9521 -20.7515 0.0000 1650400901918 2282907.5000 -0.1994
-6.1036 34.4739 -21.7804 0.0000 1650400901946 2282936.5000 -0.1994
-5.4674 34.1176 -21.6537 0.0000 1650400901975 2282965.5000 -0.1999
-5.8285 34.3384 -21.5161 0.0000 1650400902004 2282994.5000 -0.1999
-6.4266 30.7283 -21.8859 0.0000 1650400902033 2283023.5000 -0.1999
-7.2735 36.4632 -22.6936 0.0000 1650400902062 2283052.5000 -0.1999
-4.4283 34.0955 -20.6929 0.0000 1650400902092 2283081.5000 -0.1999
-6.0988 33.1838 -20.3129 0.0000 1650400902121 2283110.5000 -0.1999
-5.1386 34.1916 -20.1657 0.0000 1650400902150 2283139.5000 -0.1999
-2.8035 31.4043 -23.3227 0.0000 1650400902179 2283168.5000 -0.1999
-3.1359 32.9421 -21.8591 0.0000 1650400902207 2283197.5000 -0.1999
-5.3702 35.0296 -21.1111 0.0000 1650400902237 2283227.7500 -0.1999
-8.2280 31.2212 -20.7802 0.0000 1650400902265 2283256.2500 -0.1999
-4.0583 32.1749 -18.7948 0.0000 1650400902294 2283284.5000 -0.1999
-4.3521 33.0989 -21.4417 0.0000 1650400902323 2283313.5000 -0.1999
-4.8462 35.4861 -22.0260 0.0000 1650400902352 2283342.5000 -0.1999
-4.5388 33.6348 -20.5623 0.0000 1650400902381 2283371.2500 -0.1995
-7.1280 31.7977 -20.6829 0.0000 1650400902410 2283400.2500 -0.1994
-2.5813 33.7753 -20.0198 0.0000 1650400902439 2283429.2500 -0.1994
-4.1536 32.8375 -19.0027 0.0000 1650400902468 2283458.2500 -0.1994
-4.5936 30.0901 -18.5759 0.0000 1650400902498 2283488.0000 -0.1990
-6.1981 30.6985 -18.0742 0.0000 1650400902526 2283516.0000 -0.1989
-7.0462 30.7150 -22.3451 0.0000 1650400902555 2283545.0000 -0.1989
-4.4352 33.8707 -17.6829 0.0000 1650400902584 2283573.5000 -0.1989
-4.8680 29.5027 -18.9987 0.0000 1650400902613 2283603.0000 -0.1993
-3.7568 32.2177 -22.8861 0.0000 1650400902642 2283632.0000 -0.1994
-4.7072 32.2550 -17.7742 0.0000 1650400902671 2283661.0000 -0.1994
-4.9683 30.8442 -18.0671 0.0000 1650400902700 2283690.0000 -0.1994
-5.2011 33.4815 -22.6761 0.0000 1650400902729 2283719.0000 -0.1994
-4.8942 33.5598 -20.8360 0.0000 1650400902758 2283748.0000 -0.1994
-6.8325 31.8880 -20.8978 0.0000 1650400902786 2283777.0000 -0.1995
-6.9379 33.6344 -21.1048 0.0000 1650400902816 2283805.7500 -0.1999
-5.3993 30.6169 -21.4940 0.0000 1650400902845 2283834.7500 -0.1999
-6.2934 33.8146 -22.3702 0.0000 1650400902874 2283863.7500 -0.1999
-6.0459 32.6034 -19.2494 0.0000 1650400902903 2283892.7500 -0.1999
-6.2384 30.8629 -21.6242 0.0000 1650400902932 2283921.5000 -0.1999
-5.5202 32.0178 -20.1990 0.0000 1650400902961 2283950.5000 -0.1999
-4.1329 31.9568 -20.2696 0.0000 1650400902990 2283979.5000 -0.1999
-4.5286 33.7485 -21.6305 0.0000 1650400903019 2284011.2500 -0.1999
-7.0983 33.1661 -19.4226 0.0000 1650400903048 2284037.5000 -0.1999
-4.0290 31.9678 -22.0289 0.0000 1650400903077 2284066.5000 -0.1999
-6.4668 35.0537 -20.0353 0.0000 1650400903105 2284095.5000 -0.1999
-4.4468 32.8110 -21.3440 0.0000 1650400903134 2284124.5000 -0.1999
-5.3561 33.6448 -19.8521 0.0000 1650400903163 2284153.5000 -0.1999
-5.0228 33.2534 -20.0651 0.0000 1650400903192 2284182.5000 -0.1999
-3.6194 34.1643 -19.8057 0.0000 1650400903221 2284211.5000 -0.1995
-4.5569 32.4922 -21.1250 0.0000 1650400903251 2284241.7500 -0.1994
-5.7202 32.8812 -21.6887 0.0000 1650400903280 2284270.7500 -0.1994
-5.3503 34.1598 -19.7609 0.0000 1650400903309 2284298.5000 -0.1994
-3.5436 32.6895 -19.3682 0.0000 1650400903338 2284328.7500 -0.1994
-4.2083 30.6284 -20.9758 0.0000 1650400903366 2284356.5000 -0.1994
-5.0848 35.0559 -22.4372 0.0000 1650400903396 2284385.5000 -0.1994
-4.3923 31.4967 -20.5446 0.0000 1650400903424 2284414.5000 -0.1994
-6.0755 30.1779 -18.7247 0.0000 1650400903453 2284443.5000 -0.1994
-3.2842 30.2721 -18.0347 0.0000 1650400903482 2284472.5000 -0.1994
-3.0529 32.4970 -23.1798 0.0000 1650400903511 2284501.2500 -0.1994
-4.2307 33.5989 -18.0016 0.0000 1650400903540 2284530.2500 -0.1994
-8.1663 29.9150 -19.3164 0.0000 1650400903569 2284559.2500 -0.1994
-7.2730 29.5764 -19.7887 0.0000 1650400903598 2284588.0000 -0.1994
-4.0994 33.5402 -19.1535 0.0000 1650400903627 2284617.0000 -0.1994
-6.4583 33.4274 -20.0727 0.0000 1650400903657 2284646.0000 -0.1998
-6.3701 34.5806 -20.6937 0.0000 1650400903685 2284675.0000 -0.1999
-6.1920 33.7194 -21.5125 0.0000 1650400903714 2284704.0000 -0.1999
-5.4827 30.5699 -21.1319 0.0000 1650400903743 2284733.0000 -0.1999
-8.2910 32.7598 -20.7321 0.0000 1650400903772 2284763.0000 -0.1999
-5.8667 31.5432 -23.2224 0.0000 1650400903801 2284792.2500 -0.1999
-4.6488 30.4156 -22.2200 0.0000 1650400903830 2284820.0000 -0.1999
-2.8149 31.8791 -19.1551 0.0000 1650400903859 2284849.0000 -0.1999
-4.3216 33.6445 -19.9726 0.0000 1650400903888 2284878.0000 -0.1999
-4.0653 32.9804 -20.7251 0.0000 1650400903917 2284906.7500 -0.1999
-6.4079 35.1528 -19.6246 0.0000 1650400903945 2284935.7500 -0.1995
-7.8096 31.8586 -21.2367 0.0000 1650400903975 2284964.7500 -0.1994
-5.0523 33.7734 -20.1046 0.0000 1650400904004 2284993.7500 -0.1994
-7.3520 34.5525 -22.7677 0.0000 1650400904033 2285027.0000 -0.1994
-6.1292 35.9479 -20.5282 0.0000 1650400904062 2285051.2500 -0.1994
-6.2343 35.4977 -18.6426 0.0000 1650400904091 2285080.5000 -0.1994
-6.0787 35.7157 -19.2254 0.0000 1650400904120 2285109.5000 -0.1994
-3.9020 33.3967 -18.4661 0.0000 1650400904149 2285138.5000 -0.1994
-6.7828 33.9904 -19.9155 0.0000 1650400904178 2285167.5000 -0.1994
-3.4949 31.3132 -17.3650 0.0000 1650400904207 2285196.5000 -0.1994
-6.8567 34.8084 -15.7346 0.0000 1650400904236 2285225.5000 -0.1994
-6.7143 30.9339 -15.1291 0.0000 1650400904264 2285254.5000 -0.1994
-5.6757 27.5247 -19.0206 0.0000 1650400904294 2285283.5000 -0.1990
-3.6593 32.8269 -15.8493 0.0000 1650400904322 2285312.5000 -0.1989
-3.9099 29.1078 -17.2321 0.0000 1650400904351 2285341.5000 -0.1990
-4.4200 30.3656 -17.2102 0.0000 1650400904380 2285370.5000 -0.1994
-4.8276 28.1144 -18.6834 0.0000 1650400904410 2285399.5000 -0.1998
-4.6298 33.7447 -16.1676 0.0000 1650400904439 2285428.5000 -0.1999
-5.1578 29.7161 -15.4265 0.0000 1650400904468 2285457.5000 -0.1999
-1.9380 30.5158 -16.4911 0.0000 1650400904497 2285486.5000 -0.1999
-2.5804 29.9666 -18.0978 0.0000 1650400904525 2285515.5000 -0.1999
-3.6141 31.4779 -18.2286 0.0000 1650400904555 2285548.2500 -0.1999
-3.9200 30.9416 -18.8000 0.0000 1650400904583 2285573.0000 -0.1999
-4.8844 28.6181 -18.4648 0.0000 1650400904612 2285602.5000 -0.1999
-4.4589 28.6803 -17.6341 0.0000 1650400904641 2285631.2500 -0.1999
-6.7397 30.0742 -16.9084 0.0000 1650400904670 2285660.2500 -0.1999
-5.8584 29.6691 -20.8927 0.0000 1650400904699 2285689.2500 -0.1999
-3.5925 29.1534 -18.3690 0.0000 1650400904728 2285718.0000 -0.1999
-6.8873 29.0230 -17.2150 0.0000 1650400904757 2285747.0000 -0.1999
-6.8835 26.8080 -19.7726 0.0000 1650400904786 2285777.2500 -0.1999
-4.7063 27.5328 -17.1413 0.0000 1650400904816 2285807.5000 -0.1999
-6.6161 27.9974 -22.3987 0.0000 1650400904844 2285834.0000 -0.1995
-5.4559 28.8623 -19.6982 0.0000 1650400904874 2285863.0000 -0.1994
-5.8749 28.4119 -21.0624 0.0000 1650400904902 2285891.7500 -0.1990
-6.0710 32.9916 -23.1795 0.0000 1650400904931 2285921.0000 -0.1989
-5.1646 32.0890 -18.3460 0.0000 1650400904960 2285950.0000 -0.1989
-5.0668 32.2394 -20.7958 0.0000 1650400904989 2285979.0000 -0.1989
-5.8331 29.3564 -18.1376 0.0000 1650400905018 2286008.0000 -0.1985
-4.3857 29.6092 -20.0639 0.0000 1650400905047 2286036.7500 -0.1984
-8.6765 28.0227 -18.8708 0.0000 1650400905076 2286065.7500 -0.1984
-5.5714 31.7029 -18.9748 0.0000 1650400905105 2286094.7500 -0.1984
-4.6546 31.8377 -18.4086 0.0000 1650400905134 2286123.5000 -0.1985
-7.4292 28.5906 -17.3199 0.0000 1650400905162 2286152.5000 -0.1984
-6.0496 30.5325 -17.5032 0.0000 1650400905192 2286181.5000 -0.1988
-6.2199 30.1175 -17.8259 0.0000 1650400905221 2286210.5000 -0.1989
-4.9362 31.4658 -18.0807 0.0000 1650400905250 2286239.5000 -0.1989
-5.2341 30.7228 -17.8158 0.0000 1650400905279 2286268.5000 -0.1989
-6.8114 28.5958 -21.1841 0.0000 1650400905308 2286298.7500 -0.1989
-4.7399 27.8395 -18.9976 0.0000 1650400905337 2286329.2500 -0.1989
-8.1447 28.3777 -16.5201 0.0000 1650400905366 2286355.5000 -0.1989
-6.1529 27.6448 -19.1118 0.0000 1650400905395 2286384.5000 -0.1994
-3.1595 28.1507 -18.2776 0.0000 1650400905423 2286413.5000 -0.1994
-5.5238 30.7795 -15.7139 0.0000 1650400905453 2286442.5000 -0.1994
-3.3833 30.8825 -20.0075 0.0000 1650400905481 2286471.5000 -0.1994
-3.6745 27.9332 -14.8271 0.0000 1650400905510 2286500.5000 -0.1994
-3.8781 29.8041 -17.1360 0.0000 1650400905539 2286529.5000 -0.1994
-7.5664 31.8486 -20.0646 0.0000 1650400905568 2286562.7500 -0.1998
-5.1118 28.1923 -19.4714 0.0000 1650400905598 2286587.0000 -0.1999
-4.2093 29.5930 -19.4242 0.0000 1650400905627 2286616.5000 -0.1994
-4.7568 27.7265 -15.6414 0.0000 1650400905656 2286646.7500 -0.1994
-3.8343 27.9778 -20.0791 0.0000 1650400905685 2286674.5000 -0.1994
-3.8250 27.4024 -17.4751 0.0000 1650400905714 2286703.5000 -0.1994
-5.8997 29.6661 -17.5109 0.0000 1650400905742 2286732.2500 -0.1990
-3.8013 27.6011 -18.0702 0.0000 1650400905771 2286761.2500 -0.1989
-3.1264 26.3368 -16.9116 0.0000 1650400905800 2286790.2500 -0.1989
-3.9887 29.2128 -20.2289 0.0000 1650400905829 2286819.0000 -0.1989
-4.9303 28.5335 -21.7483 0.0000 1650400905858 2286848.0000 -0.1989
-6.6277 30.4959 -19.9013 0.0000 1650400905887 2286877.0000 -0.1989
-6.1627 31.7908 -20.8540 0.0000 1650400905916 2286906.0000 -0.1985
-4.8097 29.8906 -20.3452 0.0000 1650400905945 2286935.0000 -0.1984
-5.6904 29.3512 -20.8442 0.0000 1650400905975 2286964.0000 -0.1988
-5.1336 32.5425 -22.7138 0.0000 1650400906003 2286993.0000 -0.1989
-5.5758 28.9531 -18.9485 0.0000 1650400906033 2287022.0000 -0.1989
-5.7252 29.9419 -21.2346 0.0000 1650400906061 2287051.0000 -0.1989
-5.5333 27.3319 -20.9464 0.0000 1650400906090 2287082.7500 -0.1989
-3.6964 30.8830 -19.2582 0.0000 1650400906119 2287108.7500 -0.1989
-6.2948 28.9996 -17.2063 0.0000 1650400906148 2287137.7500 -0.1989
-5.4759 27.6515 -16.9551 0.0000 1650400906177 2287166.7500 -0.1994
-7.4501 30.2893 -18.3318 0.0000 1650400906206 2287195.7500 -0.1994
-6.6851 30.8198 -17.8906 0.0000 1650400906235 2287224.7500 -0.1994
-5.2473 28.3303 -19.1027 0.0000 1650400906264 2287253.5000 -0.1994
-6.1611 29.8961 -16.7555 0.0000 1650400906293 2287282.5000 -0.1994
-8.0997 28.3450 -19.4553 0.0000 1650400906321 2287311.5000 -0.1994
-4.7718 27.8233 -18.8289 0.0000 1650400906351 2287343.0000 -0.1994
-4.3979 29.7106 -21.1341 0.0000 1650400906380 2287369.5000 -0.1994
-6.9819 27.6190 -20.6810 0.0000 1650400906409 2287400.0000 -0.1994
-5.3990 30.1570 -19.7372 0.0000 1650400906438 2287427.0000 -0.1994
-4.8129 30.2687 -17.6742 0.0000 1650400906467 2287456.5000 -0.1994
-4.8760 30.0161 -15.6882 0.0000 1650400906496 2287485.5000 -0.1994
-5.2673 29.8517 -14.1237 0.0000 1650400906525 2287514.5000 -0.1994
-5.1040 28.3297 -11.4451 0.0000 1650400906554 2287543.5000 -0.1994
-3.9660 28.5738 -15.8137 0.0000 1650400906582 2287572.5000 -0.1998
-4.2535 27.4479 -18.7055 0.0000 1650400906612 2287601.5000 -0.1999
-5.4093 26.2569 -18.9672 0.0000 1650400906640 2287630.5000 -0.1995
-5.1535 27.0165 -16.7814 0.0000 1650400906669 2287659.5000 -0.1994
-2.9334 29.1520 -17.5800 0.0000 1650400906698 2287688.5000 -0.1994
-3.6070 26.8165 -17.3773 0.0000 1650400906728 2287717.5000 -0.1994
-3.6429 30.2108 -18.4226 0.0000 1650400906757 2287746.5000 -0.1990
-5.1469 28.5436 -19.2905 0.0000 1650400906786 2287775.5000 -0.1989
-7.6434 26.3824 -20.3152 0.0000 1650400906815 2287804.5000 -0.1993
-5.1709 30.8662 -21.9519 0.0000 1650400906844 2287834.7500 -0.1994
-5.0685 29.3414 -21.4527 0.0000 1650400906873 2287863.2500 -0.1994
-6.3892 28.2800 -20.1158 0.0000 1650400906901 2287891.2500 -0.1994
-6.1422 29.4888 -18.6952 0.0000 1650400906931 2287920.2500 -0.1994
-4.7067 31.4966 -17.9375 0.0000 1650400906959 2287949.0000 -0.1994
-5.0622 29.0803 -18.1076 0.0000 1650400906988 2287978.0000 -0.1998
-4.4944 29.1448 -18.9539 0.0000 1650400907017 2288007.0000 -0.1999
-4.2690 29.0236 -18.4888 0.0000 1650400907046 2288036.0000 -0.1999
-6.3573 29.3615 -17.3130 0.0000 1650400907075 2288065.0000 -0.1999
-6.4997 30.5316 -18.4353 0.0000 1650400907104 2288095.0000 -0.1999
-6.8715 31.1156 -17.6904 0.0000 1650400907134 2288124.2500 -0.1999
-8.3657 27.0771 -18.4673 0.0000 1650400907163 2288152.0000 -0.1999
-4.6117 29.8963 -19.1855 0.0000 1650400907192 2288183.7500 -0.1999
-2.9851 30.3363 -17.2936 0.0000 1650400907220 2288210.0000 -0.1999
-6.1550 30.0088 -16.3484 0.0000 1650400907249 2288239.0000 -0.1999
-7.5495 29.4563 -16.0083 0.0000 1650400907278 2288267.7500 -0.1999
-7.5131 28.8234 -15.2348 0.0000 1650400907307 2288296.7500 -0.1999
-5.1385 27.3433 -16.8310 0.0000 1650400907336 2288325.7500 -0.1999
-4.0244 27.2261 -19.0844 0.0000 1650400907365 2288354.5000 -0.1995
-4.5831 25.6855 -17.5332 0.0000 1650400907394 2288383.5000 -0.1994
-6.6108 29.2103 -16.7481 0.0000 1650400907423 2288412.5000 -0.1994
-6.4329 28.6493 -17.4749 0.0000 1650400907452 2288441.5000 -0.1994
-3.9729 27.4166 -14.6201 0.0000 1650400907480 2288470.5000 -0.1990
-4.0394 28.2686 -16.7191 0.0000 1650400907511 2288499.5000 -0.1989
-3.8421 27.3210 -15.4366 0.0000 1650400907539 2288528.5000 -0.1989
-5.3606 27.5502 -18.3144 0.0000 1650400907568 2288557.5000 -0.1989
-3.4034 27.2361 -16.5570 0.0000 1650400907597 2288586.5000 -0.1989
-6.1298 30.0378 -20.1242 0.0000 1650400907626 2288616.7500 -0.1989
-4.6568 27.4355 -18.6447 0.0000 1650400907655 2288645.7500 -0.1989
-5.9860 29.3950 -18.4584 0.0000 1650400907684 2288673.5000 -0.1989
-2.5753 29.6080 -19.2643 0.0000 1650400907713 2288702.5000 -0.1993
-5.0345 29.0416 -17.8155 0.0000 1650400907742 2288731.5000 -0.1994
-5.7864 27.7718 -20.2292 0.0000 1650400907771 2288760.5000 -0.1994
-4.1498 28.5696 -18.1978 0.0000 1650400907799 2288789.5000 -0.1994
-5.1871 27.9565 -18.1816 0.0000 1650400907828 2288818.5000 -0.1994
-6.1581 28.6813 -18.6069 0.0000 1650400907857 2288849.0000 -0.1999
-4.4382 29.7812 -18.3050 0.0000 1650400907887 2288877.2500 -0.1999
-5.7151 29.9645 -20.2943 0.0000 1650400907916 2288905.5000 -0.1999
-3.9853 29.6798 -20.5258 0.0000 1650400907945 2288936.0000 -0.1999
-6.3483 28.5921 -19.4481 0.0000 1650400907974 2288964.2500 -0.1999
-6.9879 30.0404 -16.7878 0.0000 1650400908003 2288992.2500 -0.1999
-6.6196 28.7954 -17.5217 0.0000 1650400908032 2289021.2500 -0.1999
-6.8147 28.7693 -19.8926 0.0000 1650400908060 2289050.0000 -0.1999
-6.0026 26.5604 -18.6958 0.0000 1650400908090 2289079.0000 -0.2004
-8.3140 32.2233 -18.4895 0.0000 1650400908118 2289108.0000 -0.2004
-6.5833 29.7606 -17.6833 0.0000 1650400908147 2289137.0000 -0.2004
-6.5928 28.7049 -18.1918 0.0000 1650400908176 2289166.0000 -0.2004
-5.5672 27.8703 -18.4872 0.0000 1650400908205 2289195.0000 -0.1999
-3.8943 28.2375 -19.8078 0.0000 1650400908234 2289224.0000 -0.1999
-6.2966 26.2792 -17.1424 0.0000 1650400908263 2289253.0000 -0.1999
-6.8692 28.5927 -16.8255 0.0000 1650400908293 2289282.0000 -0.1999
-4.7309 26.6601 -20.0179 0.0000 1650400908322 2289311.0000 -0.1995
-4.5574 26.8953 -19.2444 0.0000 1650400908351 2289340.0000 -0.1994
-6.1388 28.3477 -15.6723 0.0000 1650400908379 2289370.5000 -0.1994
-5.6019 29.1154 -15.4512 0.0000 1650400908409 2289396.7500 -0.1994
-4.4972 25.2362 -16.6904 0.0000 1650400908437 2289426.7500 -0.1994
-2.1581 26.9759 -15.6181 0.0000 1650400908466 2289455.7500 -0.1994
-3.0504 28.1498 -14.7838 0.0000 1650400908495 2289484.5000 -0.1994
-3.3005 28.6793 -16.3607 0.0000 1650400908524 2289513.5000 -0.1994
-2.5993 28.9143 -17.8696 0.0000 1650400908553 2289542.5000 -0.1994
-5.5445 28.4940 -17.7475 0.0000 1650400908582 2289571.5000 -0.1994
-5.0397 30.9810 -20.1140 0.0000 1650400908611 2289600.5000 -0.1994
-6.4184 29.5853 -19.9143 0.0000 1650400908640 2289629.2500 -0.1994
-6.7760 28.6580 -16.5829 0.0000 1650400908669 2289658.0000 -0.1994
-3.5303 30.8731 -20.2511 0.0000 1650400908698 2289687.5000 -0.1994
-6.3394 29.3541 -19.2102 0.0000 1650400908727 2289717.7500 -0.1994
-5.6075 27.6000 -18.4196 0.0000 1650400908756 2289745.5000 -0.1998
-4.5100 26.7403 -18.9960 0.0000 1650400908785 2289774.5000 -0.1999
-4.4993 26.4898 -17.6385 0.0000 1650400908814 2289803.5000 -0.1999
-3.3800 26.8619 -16.7190 0.0000 1650400908843 2289832.5000 -0.1999
-4.6970 27.0466 -17.5684 0.0000 1650400908872 2289861.5000 -0.2002
-5.5598 25.8681 -17.8610 0.0000 1650400908901 2289890.5000 -0.2004
-4.9895 26.5561 -16.9271 0.0000 1650400908930 2289919.5000 -0.2004
-6.5376 28.4101 -18.0961 0.0000 1650400908958 2289948.5000 -0.2004
-6.1485 29.0865 -18.5847 0.0000 1650400908988 2289977.5000 -0.2004
-6.8253 29.1905 -16.3456 0.0000 1650400909016 2290006.5000 -0.2004
-7.0132 27.0296 -16.8406 0.0000 1650400909045 2290035.5000 -0.2000
-4.5340 28.6602 -17.9366 0.0000 1650400909074 2290064.2500 -0.1999
-6.2173 29.9736 -19.3315 0.0000 1650400909104 2290093.2500 -0.1999
-3.7660 30.7295 -20.0733 0.0000 1650400909133 2290122.2500 -0.1999
-5.9255 28.6340 -17.5070 0.0000 1650400909162 2290152.2500 -0.1999
-6.8668 28.0463 -15.6741 0.0000 1650400909191 2290181.2500 -0.1999
-6.2598 32.6012 -18.3695 0.0000 1650400909220 2290209.0000 -0.1995
-5.5296 29.9860 -14.3662 0.0000 1650400909249 2290238.0000 -0.1994
-5.0318 27.6822 -15.6366 0.0000 1650400909277 2290267.0000 -0.1994
-3.0341 26.5640 -15.8919 0.0000 1650400909306 2290296.0000 -0.1994
-5.6928 25.8532 -16.7354 0.0000 1650400909335 2290325.0000 -0.1994
-4.4948 25.5465 -18.0912 0.0000 1650400909364 2290354.0000 -0.1994
-4.8297 28.5503 -17.7356 0.0000 1650400909393 2290383.0000 -0.1994
-5.0984 26.5870 -13.7145 0.0000 1650400909422 2290414.7500 -0.1994
-4.5234 28.2178 -16.1151 0.0000 1650400909451 2290440.7500 -0.1995
-6.7001 28.1426 -15.6095 0.0000 1650400909481 2290470.0000 -0.1999
-3.9470 28.3111 -17.6979 0.0000 1650400909510 2290500.0000 -0.1999
-4.2433 32.8822 -16.1317 0.0000 1650400909538 2290527.7500 -0.1999
-5.5209 29.4863 -17.7675 0.0000 1650400909568 2290556.7500 -0.2000
-6.4982 30.4428 -17.5458 0.0000 1650400909596 2290585.5000 -0.2004
-5.2175 30.8120 -20.5862 0.0000 1650400909625 2290614.5000 -0.2004
-6.2767 30.5864 -19.5605 0.0000 1650400909654 2290643.5000 -0.2004
-6.2546 28.8144 -18.1353 0.0000 1650400909683 2290672.5000 -0.2004
-5.6957 29.2837 -20.4834 0.0000 1650400909712 2290701.5000 -0.2004
-4.9062 30.4239 -20.4620 0.0000 1650400909741 2290730.5000 -0.2004
-3.0993 27.1186 -18.7946 0.0000 1650400909770 2290759.5000 -0.2004
-2.4721 23.1485 -16.6005 0.0000 1650400909799 2290788.5000 -0.2004
-5.5009 25.3177 -18.1057 0.0000 1650400909828 2290817.5000 -0.2004
-3.5974 25.7500 -14.8879 0.0000 1650400909857 2290846.5000 -0.2004
-2.7437 27.1776 -16.8722 0.0000 1650400909886 2290875.5000 -0.2000
-7.5802 30.6710 -16.2426 0.0000 1650400909915 2290904.5000 -0.1999
-5.0193 26.8475 -18.1560 0.0000 1650400909944 2290937.7500 -0.1999
-6.0445 29.2237 -18.2335 0.0000 1650400909973 2290962.0000 -0.1999
-7.6163 29.3679 -17.0945 0.0000 1650400910002 2290991.5000 -0.1995
-5.8180 29.7768 -18.9103 0.0000 1650400910031 2291020.5000 -0.1994
-6.1783 30.7696 -19.2684 0.0000 1650400910060 2291049.5000 -0.1994
-4.5178 30.2742 -17.9411 0.0000 1650400910089 2291078.5000 -0.1994
-5.8338 27.5251 -18.3033 0.0000 1650400910117 2291107.5000 -0.1994
-6.1582 30.1131 -18.4878 0.0000 1650400910147 2291136.5000 -0.1994
-4.8121 27.7803 -15.6783 0.0000 1650400910175 2291165.2500 -0.1994
-4.4906 27.1772 -16.4730 0.0000 1650400910204 2291197.0000 -0.1994
-4.5112 29.3163 -14.3916 0.0000 1650400910234 2291223.2500 -0.1994
-3.3877 29.1524 -15.3695 0.0000 1650400910263 2291255.2500 -0.1994
-3.9211 27.9903 -15.6727 0.0000 1650400910292 2291280.7500 -0.1998
-5.3726 23.2240 -17.3484 0.0000 1650400910321 2291310.0000 -0.1999
-2.7233 24.7276 -15.5099 0.0000 1650400910350 2291339.0000 -0.1999
-4.4999 25.2184 -15.3164 0.0000 1650400910379 2291368.0000 -0.1999
-1.9097 27.5506 -15.3144 0.0000 1650400910408 2291397.0000 -0.2002
-4.4476 27.9143 -15.0550 0.0000 1650400910436 2291426.0000 -0.2004
-4.8515 26.2247 -16.4913 0.0000 1650400910466 2291455.0000 -0.2004
-2.7570 29.2043 -15.6049 0.0000 1650400910494 2291484.0000 -0.1999
-5.9598 31.4037 -17.7214 0.0000 1650400910523 2291513.0000 -0.1999
-3.3436 31.5651 -17.6216 0.0000 1650400910552 2291542.0000 -0.2002
-7.4008 32.1967 -19.7944 0.0000 1650400910581 2291571.0000 -0.2004
-6.0001 31.5371 -18.7578 0.0000 1650400910610 2291599.7500 -0.2004
-4.6630 30.8122 -18.6622 0.0000 1650400910640 2291628.7500 -0.2004
-7.0553 27.2380 -18.8194 0.0000 1650400910669 2291657.7500 -0.2004
-6.7524 27.3672 -17.5554 0.0000 1650400910698 2291687.7500 -0.2004
-4.5792 29.4764 -17.0814 0.0000 1650400910727 2291718.2500 -0.2004
-4.2957 25.9682 -15.7035 0.0000 1650400910755 2291744.5000 -0.2004
-3.9671 26.2111 -17.2180 0.0000 1650400910784 2291773.5000 -0.2000
-4.9942 26.8942 -17.4104 0.0000 1650400910813 2291802.5000 -0.1999
-4.3724 24.3548 -12.6861 0.0000 1650400910842 2291831.5000 -0.1999
-3.9141 22.6081 -16.2282 0.0000 1650400910871 2291860.5000 -0.1999
-7.0934 26.7782 -18.2264 0.0000 1650400910900 2291889.5000 -0.1999
-8.6582 25.4157 -17.3411 0.0000 1650400910929 2291918.5000 -0.1999
-5.3299 30.2805 -19.1226 0.0000 1650400910958 2291950.2500 -0.1999
-5.3962 28.8784 -17.3691 0.0000 1650400910987 2291976.0000 -0.1999
-7.9741 29.0516 -20.1454 0.0000 1650400911016 2292005.5000 -0.1995
-8.5816 33.3081 -19.5516 0.0000 1650400911046 2292035.7500 -0.1994
-4.9543 30.3604 -19.0156 0.0000 1650400911074 2292063.5000 -0.1998
-5.9907 27.9423 -18.0734 0.0000 1650400911103 2292092.5000 -0.1999
-4.9069 29.0823 -20.0214 0.0000 1650400911132 2292121.5000 -0.1999
-4.7414 28.5304 -15.3414 0.0000 1650400911161 2292150.5000 -0.1999
-3.5144 26.8945 -16.2701 0.0000 1650400911190 2292179.5000 -0.2002
-3.7929 25.6859 -14.8909 0.0000 1650400911219 2292208.5000 -0.2004
-5.1113 26.9747 -15.0377 0.0000 1650400911248 2292237.5000 -0.2004
-5.9761 25.1217 -15.6378 0.0000 1650400911277 2292266.5000 -0.2004
-2.0748 28.8855 -16.0110 0.0000 1650400911306 2292295.2500 -0.2004
-4.4319 26.4561 -16.1486 0.0000 1650400911334 2292324.2500 -0.2004
-3.9962 27.7386 -14.9502 0.0000 1650400911363 2292353.2500 -0.2004
-5.9510 26.2349 -14.8004 0.0000 1650400911393 2292382.2500 -0.2004
-3.9080 30.0597 -16.0843 0.0000 1650400911422 2292411.0000 -0.2004
-2.9725 29.8998 -16.5787 0.0000 1650400911451 2292440.0000 -0.2007
-4.1894 30.1507 -16.7563 0.0000 1650400911480 2292471.7500 -0.2009
-6.6859 30.1625 -16.4985 0.0000 1650400911509 2292497.7500 -0.2009
-2.4180 29.8345 -19.9773 0.0000 1650400911538 2292527.0000 -0.2009
-4.2020 30.6602 -18.9461 0.0000 1650400911567 2292556.0000 -0.2009
-4.4012 29.4549 -18.8027 0.0000 1650400911595 2292585.0000 -0.2009
-6.1637 29.7773 -16.2995 0.0000 1650400911625 2292614.0000 -0.2004
-5.4711 27.8569 -17.5736 0.0000 1650400911653 2292643.0000 -0.2004
-4.5084 29.5633 -19.3249 0.0000 1650400911682 2292672.0000 -0.2004
-5.0011 27.6674 -16.0409 0.0000 1650400911711 2292702.5000 -0.2004
-5.2534 25.6458 -18.3521 0.0000 1650400911740 2292732.0000 -0.2004
-5.3654 25.3025 -15.3086 0.0000 1650400911769 2292758.7500 -0.2004
-3.9511 25.6816 -15.8323 0.0000 1650400911798 2292787.7500 -0.2000
-3.7749 25.7287 -16.6137 0.0000 1650400911828 2292816.2500 -0.1999
-2.3058 28.3754 -16.0602 0.0000 1650400911857 2292845.5000 -0.1999
-5.6759 26.0676 -19.5306 0.0000 1650400911886 2292874.5000 -0.1999
-7.8752 26.0682 -17.1640 0.0000 1650400911914 2292903.5000 -0.1999
-7.2334 27.5770 -18.4996 0.0000 1650400911943 2292932.5000 -0.1999
-5.5560 32.2552 -21.3278 0.0000 1650400911972 2292961.5000 -0.1999
-5.9430 31.2976 -20.3079 0.0000 1650400912001 2292990.5000 -0.1999
-7.5967 30.2860 -21.2233 0.0000 1650400912030 2293019.5000 -0.1999
-3.8675 30.5597 -20.7705 0.0000 1650400912059 2293048.5000 -0.2004
-5.3680 31.7207 -17.6672 0.0000 1650400912088 2293077.5000 -0.2004
-4.1592 30.1453 -20.7126 0.0000 1650400912117 2293106.5000 -0.2004
-4.7042 27.4888 -16.4384 0.0000 1650400912146 2293135.5000 -0.2004
-3.4492 29.8335 -16.6989 0.0000 1650400912175 2293164.5000 -0.2004
-3.3557 29.7112 -16.6601 0.0000 1650400912205 2293193.5000 -0.2005
-5.8383 26.9782 -15.8871 0.0000 1650400912233 2293224.0000 -0.2009
-6.2473 28.3287 -16.0833 0.0000 1650400912262 2293252.0000 -0.2009
-3.1290 28.1592 -12.6639 0.0000 1650400912291 2293280.5000 -0.2009
-1.8410 25.6258 -17.2731 0.0000 1650400912320 2293309.5000 -0.2009
-4.2819 27.2720 -15.8865 0.0000 1650400912349 2293338.5000 -0.2009
-3.0881 27.8067 -16.2513 0.0000 1650400912378 2293367.5000 -0.2009
-5.2130 28.2162 -15.1465 0.0000 1650400912407 2293396.5000 -0.2009
-3.3819 27.2159 -16.5377 0.0000 1650400912436 2293425.2500 -0.2009
-6.8661 30.6167 -17.9490 0.0000 1650400912465 2293454.2500 -0.2005
-6.0595 29.1994 -17.2030 0.0000 1650400912493 2293486.2500 -0.2004
-3.9107 30.5311 -18.2889 0.0000 1650400912523 2293513.2500 -0.2004
-7.7279 29.5719 -18.6278 0.0000 1650400912552 2293541.0000 -0.2004
-6.0453 28.1780 -17.4722 0.0000 1650400912581 2293572.7500 -0.2000
-3.4449 30.4910 -17.5688 0.0000 1650400912610 2293599.0000 -0.1999
-6.1724 30.8927 -16.9513 0.0000 1650400912639 2293628.0000 -0.2002
-4.8380 29.5127 -17.1970 0.0000 1650400912668 2293657.0000 -0.2004
-1.2110 24.6142 -17.8950 0.0000 1650400912697 2293686.0000 -0.2004
-4.5274 25.2095 -17.3127 0.0000 1650400912726 2293715.0000 -0.2004
-2.0107 26.0481 -15.0031 0.0000 1650400912755 2293744.0000 -0.2004
-1.3752 24.4208 -16.5123 0.0000 1650400912784 2293773.0000 -0.2004
-2.4191 24.0141 -15.5917 0.0000 1650400912812 2293802.0000 -0.2004
-3.9261 25.8763 -19.0976 0.0000 1650400912841 2293830.7500 -0.2004
-5.1718 25.3300 -18.5624 0.0000 1650400912870 2293859.7500 -0.2005
-5.0843 26.5357 -19.3461 0.0000 1650400912899 2293888.7500 -0.2009
-7.6522 29.5155 -17.3854 0.0000 1650400912928 2293917.7500 -0.2009
-6.7992 30.6465 -21.4017 0.0000 1650400912957 2293946.5000 -0.2009
-3.4284 32.7100 -20.1010 0.0000 1650400912987 2293975.5000 -0.2009
-5.9512 30.5924 -19.9264 0.0000 1650400913016 2294006.0000 -0.2009
-7.8415 31.9940 -18.8769 0.0000 1650400913045 2294034.7500 -0.2009
-5.2447 29.5287 -18.6097 0.0000 1650400913073 2294062.5000 -0.2009
-1.8891 30.6314 -20.0809 0.0000 1650400913103 2294091.5000 -0.2010
-7.1191 28.8212 -17.2788 0.0000 1650400913131 2294120.5000 -0.2013
-4.1094 30.6892 -20.0163 0.0000 1650400913160 2294149.5000 -0.2013
-5.5742 31.7318 -15.0838 0.0000 1650400913189 2294178.5000 -0.2013
-6.4200 26.1369 -15.9585 0.0000 1650400913218 2294207.5000 -0.2013
-3.4250 30.9339 -15.8090 0.0000 1650400913247 2294238.0000 -0.2013
-6.4918 27.5006 -11.5717 0.0000 1650400913276 2294268.0000 -0.2013
-3.0893 25.8652 -15.8821 0.0000 1650400913305 2294294.5000 -0.2010
-4.0292 29.1881 -16.5763 0.0000 1650400913334 2294323.5000 -0.2009
-5.1359 27.2018 -19.1882 0.0000 1650400913364 2294353.7500 -0.2009
-6.3847 27.4605 -19.1100 0.0000 1650400913392 2294381.5000 -0.2009
-4.5300 28.7865 -17.5732 0.0000 1650400913421 2294410.5000 -0.2005
-4.2306 29.9301 -17.0912 0.0000 1650400913450 2294439.5000 -0.2004
-2.5803 31.4232 -16.0521 0.0000 1650400913479 2294468.5000 -0.2004
-4.8732 29.0443 -18.3323 0.0000 1650400913508 2294497.5000 -0.2004
-3.5349 30.3788 -17.3810 0.0000 1650400913537 2294526.2500 -0.2004
-5.2159 29.8900 -18.2308 0.0000 1650400913566 2294555.2500 -0.2004
-3.8015 33.4850 -18.1679 0.0000 1650400913595 2294584.2500 -0.2004
-3.5833 27.8932 -16.8667 0.0000 1650400913624 2294612.7500 -0.2004
-4.0763 27.4598 -16.0316 0.0000 1650400913652 2294642.0000 -0.2004
-4.6470 29.5319 -15.9861 0.0000 1650400913682 2294671.0000 -0.2004
-3.1553 27.5436 -14.4572 0.0000 1650400913710 2294700.0000 -0.2004
-2.1346 26.0388 -15.2074 0.0000 1650400913740 2294729.0000 -0.2004
-1.7498 27.2280 -15.5958 0.0000 1650400913769 2294758.0000 -0.2005
-2.6696 27.4879 -17.1618 0.0000 1650400913798 2294788.0000 -0.2009
-6.1905 26.1432 -14.9640 0.0000 1650400913827 2294816.0000 -0.2009
-4.1225 23.2376 -18.8165 0.0000 1650400913856 2294845.0000 -0.2009
-5.6142 26.1471 -18.3630 0.0000 1650400913885 2294874.0000 -0.2009
-4.2436 28.9684 -19.8478 0.0000 1650400913914 2294903.0000 -0.2009
-5.8958 28.9104 -18.7621 0.0000 1650400913943 2294931.7500 -0.2009
-5.5151 30.0057 -20.8670 0.0000 1650400913971 2294960.7500 -0.2009
-6.7090 32.2545 -17.9229 0.0000 1650400914000 2294989.7500 -0.2009
-6.2431 29.6444 -20.9962 0.0000 1650400914029 2295019.7500 -0.2009
-7.2785 31.9072 -19.0891 0.0000 1650400914058 2295048.7500 -0.2009
-4.3476 29.8145 -19.2911 0.0000 1650400914087 2295076.5000 -0.2009
-5.9988 31.1966 -20.4079 0.0000 1650400914116 2295106.7500 -0.2009
-4.8311 30.6829 -18.7921 0.0000 1650400914146 2295134.5000 -0.2009
-4.8766 30.3981 -18.9234 0.0000 1650400914175 2295163.5000 -0.2009
-6.5609 27.6198 -18.5077 0.0000 1650400914204 2295192.5000 -0.2009
-3.8763 30.6894 -14.5597 0.0000 1650400914232 2295221.5000 -0.2009
-6.2602 28.5158 -17.0088 0.0000 1650400914262 2295250.5000 -0.2009
-6.3882 28.1087 -16.5676 0.0000 1650400914290 2295279.5000 -0.2009
-4.1725 26.9193 -16.9956 0.0000 1650400914319 2295308.5000 -0.2005
-2.2639 26.7456 -18.3617 0.0000 1650400914348 2295337.5000 -0.2004
-1.4344 27.3898 -15.0527 0.0000 1650400914377 2295366.5000 -0.2004
-2.8489 25.3412 -17.8527 0.0000 1650400914406 2295395.5000 -0.2004
-3.1968 28.5424 -18.0997 0.0000 1650400914435 2295424.5000 -0.2004
-3.7584 31.7533 -17.6450 0.0000 1650400914464 2295453.5000 -0.2004
-5.1636 27.3126 -16.5899 0.0000 1650400914493 2295482.5000 -0.2004
-4.0028 30.7318 -17.9911 0.0000 1650400914522 2295512.7500 -0.2004
-5.0933 30.0266 -19.3637 0.0000 1650400914551 2295541.7500 -0.2004
-4.7418 29.1720 -18.1805 0.0000 1650400914581 2295569.0000 -0.2009
-2.2230 30.1706 -18.1615 0.0000 1650400914609 2295598.5000 -0.2009
-3.6298 27.8260 -17.4859 0.0000 1650400914638 2295627.2500 -0.2009
-4.2912 27.8779 -19.2281 0.0000 1650400914667 2295656.2500 -0.2009
-1.7735 24.4250 -17.1697 0.0000 1650400914696 2295685.2500 -0.2013
-3.3409 26.6179 -17.0965 0.0000 1650400914725 2295714.2500 -0.2013
-0.2305 24.5422 -14.8052 0.0000 1650400914754 2295743.0000 -0.2013
-0.8314 26.5840 -17.7043 0.0000 1650400914783 2295772.0000 -0.2013
-2.4076 24.5355 -18.3600 0.0000 1650400914812 2295805.2500 -0.2013
-3.5237 29.0874 -20.0125 0.0000 1650400914841 2295829.7500 -0.2013
-4.1245 27.3949 -18.1967 0.0000 1650400914869 2295859.0000 -0.2013
-2.4073 28.0578 -19.9447 0.0000 1650400914898 2295889.0000 -0.2013
-4.6651 28.8763 -21.9408 0.0000 1650400914928 2295917.0000 -0.2009
-5.4091 27.2039 -19.8067 0.0000 1650400914957 2295946.0000 -0.2009
-5.4341 30.3560 -19.8383 0.0000 1650400914986 2295975.0000 -0.2009
-4.8668 31.2818 -20.8754 0.0000 1650400915015 2296004.0000 -0.2009
-4.4951 32.0468 -17.5262 0.0000 1650400915044 2296033.0000 -0.2009
-5.2309 32.6937 -19.0011 0.0000 1650400915073 2296061.7500 -0.2009
-7.8834 29.0156 -18.2394 0.0000 1650400915102 2296090.7500 -0.2005
-2.7979 30.5527 -18.5948 0.0000 1650400915130 2296119.7500 -0.2004
-6.5265 29.5878 -17.8457 0.0000 1650400915160 2296148.5000 -0.2004
-6.0453 30.7268 -17.9583 0.0000 1650400915188 2296177.5000 -0.2004
-7.5868 27.3914 -17.5127 0.0000 1650400915217 2296206.5000 -0.2004
-1.6115 29.7769 -18.5001 0.0000 1650400915246 2296235.5000 -0.2004
-2.9444 28.6406 -14.7470 0.0000 1650400915276 2296264.5000 -0.2004
-5.1289 29.0034 -17.0802 0.0000 1650400915305 2296293.5000 -0.2004
-5.5092 27.4215 -17.0995 0.0000 1650400915334 2296325.2500 -0.2004
-4.3914 28.9660 -16.1868 0.0000 1650400915363 2296351.0000 -0.2004
-4.8112 28.1373 -16.7332 0.0000 1650400915392 2296380.5000 -0.2004
-2.6966 28.4865 -18.1685 0.0000 1650400915421 2296409.5000 -0.2004
-3.7526 27.1075 -15.8674 0.0000 1650400915449 2296439.7500 -0.2004
-3.3616 30.3983 -18.8495 0.0000 1650400915478 2296467.5000 -0.2009
-3.9286 30.0223 -18.0456 0.0000 1650400915507 2296496.5000 -0.2009
-4.1004 28.3292 -16.8931 0.0000 1650400915536 2296525.5000 -0.2009
-1.6927 29.7357 -17.4266 0.0000 1650400915565 2296554.2500 -0.2009
-3.0393 29.9124 -16.8260 0.0000 1650400915594 2296584.7500 -0.2009
-4.8655 28.1269 -16.9996 0.0000 1650400915623 2296612.5000 -0.2009
-3.0069 29.4527 -20.0047 0.0000 1650400915652 2296643.0000 -0.2009
-3.8099 25.6517 -18.5830 0.0000 1650400915682 2296670.0000 -0.2009
-3.6051 28.5410 -17.1142 0.0000 1650400915710 2296699.5000 -0.2009
-3.0978 26.8005 -15.8826 0.0000 1650400915740 2296728.5000 -0.2009
-3.8978 28.1034 -16.9750 0.0000 1650400915768 2296757.2500 -0.2009
-3.7730 27.6079 -16.6689 0.0000 1650400915797 2296786.2500 -0.2009
-4.1294 26.7537 -17.6864 0.0000 1650400915826 2296815.2500 -0.2009
-1.3212 28.6294 -19.7238 0.0000 1650400915855 2296844.0000 -0.2009
-4.1002 23.9185 -16.3241 0.0000 1650400915884 2296873.0000 -0.2009
-2.0695 27.6172 -19.3674 0.0000 1650400915913 2296902.0000 -0.2009
-3.5431 27.3089 -18.1355 0.0000 1650400915942 2296931.0000 -0.2005
-6.9198 27.7701 -22.0871 0.0000 1650400915971 2296960.0000 -0.2004
-3.8347 33.2527 -19.9203 0.0000 1650400916000 2296989.0000 -0.2004
-4.8121 29.1422 -18.9449 0.0000 1650400916028 2297018.0000 -0.2004
-5.6722 31.4248 -17.0534 0.0000 1650400916058 2297047.0000 -0.2004
-7.7742 31.6046 -18.7849 0.0000 1650400916087 2297077.2500 -0.2004
-6.6157 30.8278 -18.1856 0.0000 1650400916116 2297107.5000 -0.2004
-4.8868 31.4366 -18.3755 0.0000 1650400916145 2297134.0000 -0.2004
-4.9041 31.7102 -19.5180 0.0000 1650400916174 2297162.7500 -0.2004
-6.7142 28.7307 -17.3262 0.0000 1650400916203 2297191.7500 -0.2004
-4.6296 30.5182 -19.0799 0.0000 1650400916232 2297220.7500 -0.2004
-2.4799 29.8858 -18.1901 0.0000 1650400916261 2297249.7500 -0.2004
-4.2392 27.8601 -16.7171 0.0000 1650400916290 2297278.5000 -0.2007
-4.4882 29.3342 -16.1058 0.0000 1650400916319 2297307.5000 -0.2009
-5.6801 27.0593 -17.0263 0.0000 1650400916347 2297339.5000 -0.2009
-2.0681 27.4947 -18.5650 0.0000 1650400916376 2297365.0000 -0.2009
-3.5306 30.9943 -17.6416 0.0000 1650400916405 2297394.5000 -0.2007
-2.9526 28.6696 -19.4162 0.0000 1650400916434 2297424.7500 -0.2011
-4.2241 30.3238 -19.1628 0.0000 1650400916463 2297452.5000 -0.2013
-4.8523 30.6750 -17.6086 0.0000 1650400916493 2297481.5000 -0.2013
-3.4727 29.6036 -17.0408 0.0000 1650400916522 2297510.5000 -0.2013
-2.9998 27.9387 -16.8964 0.0000 1650400916551 2297539.5000 -0.2013
-3.5079 29.4919 -17.6391 0.0000 1650400916580 2297568.5000 -0.2013
-3.1793 29.4487 -15.6546 0.0000 1650400916608 2297597.5000 -0.2009
-2.9850 28.1694 -17.7562 0.0000 1650400916638 2297626.5000 -0.2009
-1.1634 28.8200 -18.5537 0.0000 1650400916666 2297655.5000 -0.2009
-3.0139 28.9698 -16.5101 0.0000 1650400916695 2297684.5000 -0.2009
-5.0400 28.4303 -17.9892 0.0000 1650400916724 2297713.5000 -0.2009
-4.7056 26.0682 -19.8507 0.0000 1650400916753 2297742.5000 -0.2009
-4.5403 26.3050 -16.9825 0.0000 1650400916782 2297771.5000 -0.2005
-3.6602 28.0129 -18.6449 0.0000 1650400916811 2297800.5000 -0.2004
-2.0007 30.9304 -18.8164 0.0000 1650400916840 2297829.5000 -0.2004
-2.4870 27.8217 -17.5560 0.0000 1650400916870 2297861.0000 -0.2004
-2.5751 25.3662 -17.0005 0.0000 1650400916899 2297886.7500 -0.2004
-3.0502 30.7594 -17.5235 0.0000 1650400916927 2297916.2500 -0.2004
-4.5925 29.9094 -20.6642 0.0000 1650400916956 2297945.2500 -0.2004
-5.1366 30.4556 -19.7207 0.0000 1650400916985 2297974.0000 -0.2004
-6.2259 30.8253 -18.1558 0.0000 1650400917014 2298003.0000 -0.2004
-4.3117 31.1828 -19.6641 0.0000 1650400917043 2298032.0000 -0.2004
-3.6922 31.9447 -19.4639 0.0000 1650400917072 2298061.0000 -0.2004
-4.7832 32.5765 -18.2698 0.0000 1650400917101 2298091.5000 -0.2004
-6.1099 31.2624 -17.3113 0.0000 1650400917130 2298121.5000 -0.2004
-6.3209 29.8518 -17.6818 0.0000 1650400917159 2298148.0000 -0.2004
-5.4321 32.0889 -16.3218 0.0000 1650400917187 2298178.5000 -0.2005
-4.5067 31.3900 -15.7849 0.0000 1650400917217 2298205.7500 -0.2009
-8.0530 29.4233 -18.1781 0.0000 1650400917246 2298235.0000 -0.2009
-6.9977 31.4796 -16.4053 0.0000 1650400917275 2298264.0000 -0.2009
-1.3944 32.1044 -16.6128 0.0000 1650400917304 2298292.7500 -0.2009
-2.9622 30.6232 -17.7537 0.0000 1650400917333 2298321.7500 -0.2009
-6.1078 28.4891 -17.2620 0.0000 1650400917362 2298350.7500 -0.2009
-4.0305 29.8664 -18.8480 0.0000 1650400917391 2298379.5000 -0.2009
-5.4352 28.2275 -16.2257 0.0000 1650400917420 2298408.5000 -0.2009
-0.9635 30.6237 -16.2850 0.0000 1650400917449 2298437.5000 -0.2009
-5.3200 26.6089 -13.4782 0.0000 1650400917478 2298466.5000 -0.2009
-3.4492 26.6859 -20.4736 0.0000 1650400917506 2298495.5000 -0.2009
-2.3408 29.5484 -16.6018 0.0000 1650400917535 2298524.5000 -0.2009
-5.1807 28.0941 -16.1056 0.0000 1650400917564 2298553.5000 -0.2009
-2.3567 29.0294 -14.7611 0.0000 1650400917593 2298582.5000 -0.2009
-3.5692 28.7735 -16.4616 0.0000 1650400917622 2298613.0000 -0.2005
-5.5557 28.2806 -17.8447 0.0000 1650400917652 2298642.7500 -0.2004
-4.7970 28.4943 -17.9154 0.0000 1650400917681 2298669.5000 -0.2004
-4.1433 28.4429 -19.8814 0.0000 1650400917710 2298698.5000 -0.2004
-3.2411 29.5676 -18.2785 0.0000 1650400917739 2298727.5000 -0.2004
-1.8308 29.0433 -18.9108 0.0000 1650400917767 2298756.5000 -0.2004
-2.3053 29.7108 -17.6366 0.0000 1650400917797 2298785.5000 -0.2004
-5.8546 28.3912 -19.0420 0.0000 1650400917825 2298814.5000 -0.2004
-2.9780 27.5702 -19.5998 0.0000 1650400917854 2298843.5000 -0.2004
-3.1951 28.8202 -20.4831 0.0000 1650400917883 2298873.7500 -0.2004
-4.6329 27.7034 -20.5389 0.0000 1650400917912 2298902.2500 -0.2004
-2.7978 28.2130 -20.7612 0.0000 1650400917941 2298930.5000 -0.2004
-4.5708 26.5070 -18.8376 0.0000 1650400917970 2298962.2500 -0.2005
-3.3399 29.2850 -19.2980 0.0000 1650400917999 2298988.2500 -0.2009
-5.0081 29.3258 -19.7449 0.0000 1650400918029 2299017.2500 -0.2009
-4.7012 32.8226 -20.3832 0.0000 1650400918058 2299046.2500 -0.2009
-4.7964 29.4308 -18.9671 0.0000 1650400918086 2299075.0000 -0.2010
-4.6563 33.5151 -18.7015 0.0000 1650400918116 2299104.0000 -0.2013
-5.7834 29.7334 -16.5939 0.0000 1650400918144 2299133.0000 -0.2013
-4.1662 33.1495 -21.1472 0.0000 1650400918173 2299162.0000 -0.2013
-5.8547 32.0185 -16.2873 0.0000 1650400918202 2299191.0000 -0.2013
-6.1684 31.3080 -18.6079 0.0000 1650400918231 2299220.0000 -0.2013
-3.8317 30.0431 -20.4861 0.0000 1650400918260 2299249.0000 -0.2013
-7.2435 28.5362 -15.3503 0.0000 1650400918289 2299278.0000 -0.2013
-7.7839 30.8078 -16.9436 0.0000 1650400918318 2299307.0000 -0.2013
-8.2772 27.2291 -17.0932 0.0000 1650400918346 2299336.0000 -0.2013
-5.0994 27.5414 -18.6389 0.0000 1650400918376 2299365.0000 -0.2013
-5.1829 30.8567 -18.5541 0.0000 1650400918405 2299393.2500 -0.2010
-6.9880 29.6640 -18.4723 0.0000 1650400918434 2299424.0000 -0.2009
-3.7756 29.6658 -19.5371 0.0000 1650400918463 2299451.7500 -0.2009
-4.0718 29.8570 -17.1631 0.0000 1650400918492 2299480.7500 -0.2009
-4.1075 28.4181 -15.3785 0.0000 1650400918521 2299509.5000 -0.2009
-1.7366 28.9641 -16.0985 0.0000 1650400918550 2299538.5000 -0.2009
-2.9659 28.5767 -17.2793 0.0000 1650400918579 2299567.5000 -0.2005
-7.2003 27.6043 -15.8455 0.0000 1650400918608 2299596.5000 -0.2004
-3.8311 28.0427 -17.9386 0.0000 1650400918637 2299625.5000 -0.2005
-5.2973 28.4162 -17.8921 0.0000 1650400918665 2299655.7500 -0.2009
-1.9652 27.6750 -18.9560 0.0000 1650400918695 2299683.5000 -0.2005
-1.4709 26.9833 -18.2700 0.0000 1650400918723 2299712.5000 -0.2004
-4.0764 29.6798 -19.1993 0.0000 1650400918752 2299742.7500 -0.2005
-4.8453 28.8514 -20.4825 0.0000 1650400918781 2299770.5000 -0.2009
-3.5302 29.6728 -19.4689 0.0000 1650400918811 2299799.5000 -0.2009
-4.1448 28.7020 -20.0569 0.0000 1650400918840 2299828.5000 -0.2009
-2.4269 26.3584 -18.1507 0.0000 1650400918869 2299857.5000 -0.2009
-4.2797 30.3629 -20.7679 0.0000 1650400918898 2299886.5000 -0.2009
-4.6460 27.6028 -19.6645 0.0000 1650400918927 2299915.5000 -0.2009
-5.3118 27.8374 -19.6308 0.0000 1650400918956 2299944.5000 -0.2012
-4.4810 28.1007 -19.8912 0.0000 1650400918984 2299973.5000 -0.2012
-2.9603 30.4224 -18.3042 0.0000 1650400919013 2300002.5000 -0.2009
-5.9905 28.4044 -19.5782 0.0000 1650400919042 2300031.5000 -0.2009
-5.4562 31.1413 -17.7900 0.0000 1650400919071 2300060.5000 -0.2012
-7.5416 30.3653 -17.3494 0.0000 1650400919100 2300089.2500 -0.2013
-6.0020 30.9158 -18.1824 0.0000 1650400919129 2300118.2500 -0.2010
-5.2599 30.0665 -19.2500 0.0000 1650400919158 2300147.2500 -0.2009
-6.0279 33.0676 -18.5249 0.0000 1650400919188 2300177.0000 -0.2009
-5.2200 28.5776 -18.3392 0.0000 1650400919217 2300205.0000 -0.2009
-5.7902 29.8716 -16.8425 0.0000 1650400919245 2300234.0000 -0.2009
-4.8605 27.9406 -18.2459 0.0000 1650400919275 2300263.0000 -0.2009
-5.9218 30.5475 -17.0901 0.0000 1650400919303 2300292.0000 -0.2005
-6.1450 30.3635 -15.8000 0.0000 1650400919332 2300321.0000 -0.2004
-7.8372 26.8173 -17.5548 0.0000 1650400919361 2300350.0000 -0.2004
-3.4644 28.1491 -18.2426 0.0000 1650400919390 2300379.0000 -0.2004
-4.4605 26.8314 -18.1591 0.0000 1650400919419 2300409.2500 -0.2004
-3.5597 29.2340 -17.7595 0.0000 1650400919448 2300439.5000 -0.2004
-2.6101 29.7974 -17.3935 0.0000 1650400919477 2300466.0000 -0.2000
-2.9552 27.6550 -16.6136 0.0000 1650400919506 2300494.5000 -0.1999
-3.6434 27.2890 -16.1409 0.0000 1650400919535 2300523.7500 -0.2000
-2.2791 28.1565 -18.9716 0.0000 1650400919564 2300552.7500 -0.2004
-3.0387 30.6251 -18.0869 0.0000 1650400919593 2300581.7500 -0.2004
-4.1611 26.6041 -18.1128 0.0000 1650400919622 2300610.5000 -0.2004
-4.1414 28.3758 -17.0321 0.0000 1650400919651 2300639.5000 -0.2004
-5.3020 30.4993 -18.8578 0.0000 1650400919680 2300668.2500 -0.2004
-4.9914 28.9148 -18.1642 0.0000 1650400919709 2300697.5000 -0.2004
-2.6681 29.8186 -18.1854 0.0000 1650400919738 2300726.5000 -0.2004
-3.4138 29.7631 -18.4811 0.0000 1650400919767 2300755.5000 -0.2004
-3.2872 27.1045 -20.1841 0.0000 1650400919796 2300784.5000 -0.2009
-3.8349 29.5855 -19.0072 0.0000 1650400919824 2300813.5000 -0.2009
-3.9848 25.6257 -20.4447 0.0000 1650400919854 2300842.5000 -0.2009
-2.5622 24.7532 -19.5657 0.0000 1650400919882 2300871.5000 -0.2009
-5.3662 25.7973 -18.1925 0.0000 1650400919911 2300900.5000 -0.2009
-4.1204 27.8456 -18.6249 0.0000 1650400919940 2300930.7500 -0.2009
-4.9138 24.7008 -17.7165 0.0000 1650400919970 2300959.7500 -0.2009
-3.8369 28.8541 -18.8391 0.0000 1650400919999 2300987.5000 -0.2009
-5.0884 29.9580 -18.2899 0.0000 1650400920028 2301016.5000 -0.2012
-7.8625 30.4068 -19.1267 0.0000 1650400920057 2301045.5000 -0.2013
-5.8226 30.4887 -19.2311 0.0000 1650400920086 2301074.5000 -0.2013
-6.4767 30.4186 -16.4739 0.0000 1650400920115 2301103.5000 -0.2013
-6.7372 32.0958 -17.3725 0.0000 1650400920143 2301132.5000 -0.2010
-7.1306 29.6934 -19.3299 0.0000 1650400920173 2301161.5000 -0.2009
-4.9182 30.9895 -17.6688 0.0000 1650400920201 2301191.2500 -0.2005
-5.5838 29.0460 -16.8447 0.0000 1650400920230 2301218.7500 -0.2004
-4.2133 30.1969 -17.4941 0.0000 1650400920259 2301248.2500 -0.2007
-3.7028 30.3651 -16.0005 0.0000 1650400920288 2301280.0000 -0.2009
-5.3851 29.0621 -17.6435 0.0000 1650400920317 2301306.0000 -0.2005
-4.8204 27.5070 -17.3661 0.0000 1650400920346 2301335.0000 -0.2004
-2.9308 26.0530 -18.0913 0.0000 1650400920376 2301364.0000 -0.2004
-4.9471 28.0451 -15.6429 0.0000 1650400920404 2301393.0000 -0.2004
-4.2218 27.6262 -17.7595 0.0000 1650400920434 2301422.0000 -0.2004
-4.4095 27.2388 -15.6779 0.0000 1650400920462 2301451.0000 -0.2004
-3.5800 27.6705 -19.6457 0.0000 1650400920491 2301480.0000 -0.2007
-2.7055 27.7082 -14.3590 0.0000 1650400920520 2301509.0000 -0.2009
-2.4592 28.5876 -15.8063 0.0000 1650400920549 2301538.0000 -0.2009
-2.5675 27.0757 -16.8173 0.0000 1650400920578 2301567.0000 -0.2009
-5.5127 30.2759 -17.9783 0.0000 1650400920607 2301596.0000 -0.2012
-2.2007 31.1711 -20.3360 0.0000 1650400920636 2301624.7500 -0.2013
-5.4203 28.6788 -16.6773 0.0000 1650400920665 2301653.7500 -0.2013
-6.2606 28.7760 -17.6048 0.0000 1650400920694 2301682.7500 -0.2013
-4.0695 28.7912 -19.0940 0.0000 1650400920723 2301716.0000 -0.2013
-4.0402 30.2566 -18.5874 0.0000 1650400920753 2301740.2500 -0.2013
-6.0072 28.4702 -19.1485 0.0000 1650400920781 2301769.5000 -0.2013
-3.9197 30.5049 -17.7529 0.0000 1650400920810 2301798.5000 -0.2013
-5.1995 28.6191 -19.5488 0.0000 1650400920839 2301827.5000 -0.2013
-3.6464 25.1500 -19.1241 0.0000 1650400920868 2301856.5000 -0.2013
-2.1258 28.0083 -17.8955 0.0000 1650400920897 2301885.5000 -0.2013
-2.0666 25.6789 -17.4911 0.0000 1650400920926 2301914.5000 -0.2013
-0.7631 26.5988 -16.0487 0.0000 1650400920955 2301944.7500 -0.2013
-3.6299 26.9835 -17.0329 0.0000 1650400920984 2301973.7500 -0.2013
-5.4962 28.6399 -20.3039 0.0000 1650400921013 2302001.5000 -0.2013
-4.1691 30.6898 -17.3221 0.0000 1650400921041 2302031.7500 -0.2013
-7.4472 31.8471 -20.0617 0.0000 1650400921070 2302059.0000 -0.2013
-5.8104 30.9707 -19.1439 0.0000 1650400921099 2302088.5000 -0.2010
-4.0992 29.9449 -16.6851 0.0000 1650400921129 2302117.5000 -0.2009
-6.8458 29.9848 -17.8121 0.0000 1650400921158 2302146.5000 -0.2009
-5.1162 30.1649 -18.6482 0.0000 1650400921187 2302175.5000 -0.2009
-6.6059 30.5761 -15.4707 0.0000 1650400921216 2302204.5000 -0.2009
-2.0128 29.8398 -18.8508 0.0000 1650400921245 2302233.5000 -0.2009
-1.6605 29.5244 -16.7870 0.0000 1650400921274 2302262.5000 -0.2009
-3.6831 32.4483 -18.4095 0.0000 1650400921302 2302291.5000 -0.2009
-5.1613 28.7283 -15.9678 0.0000 1650400921332 2302320.2500 -0.2009
-4.5972 26.6240 -15.9119 0.0000 1650400921360 2302349.2500 -0.2009
-3.4054 25.8706 -17.1903 0.0000 1650400921389 2302378.2500 -0.2012
-3.9063 25.1994 -16.6544 0.0000 1650400921418 2302407.2500 -0.2013
-1.9833 27.0251 -15.1119 0.0000 1650400921447 2302436.2500 -0.2013
-2.4533 26.9687 -16.1116 0.0000 1650400921476 2302466.2500 -0.2013
-3.6551 27.4810 -16.2918 0.0000 1650400921505 2302496.5000 -0.2013
-4.8961 27.7270 -17.2262 0.0000 1650400921535 2302523.0000 -0.2013
-1.5253 31.0030 -17.7463 0.0000 1650400921564 2302552.0000 -0.2013
-3.5480 31.0861 -17.9532 0.0000 1650400921593 2302581.0000 -0.2013
-3.0845 29.6118 -17.8992 0.0000 1650400921621 2302610.0000 -0.2013
-5.2500 31.9826 -16.4533 0.0000 1650400921651 2302639.0000 -0.2013
-3.9536 30.2105 -16.5214 0.0000 1650400921679 2302668.0000 -0.2013
-4.1815 31.0757 -20.4165 0.0000 1650400921708 2302697.0000 -0.2018
-5.1800 27.6437 -19.7244 0.0000 1650400921737 2302728.5000 -0.2018
-6.6499 29.7927 -16.6009 0.0000 1650400921766 2302756.0000 -0.2015
-3.6711 27.3901 -16.9469 0.0000 1650400921795 2302783.7500 -0.2013
-3.9222 26.8938 -17.9433 0.0000 1650400921824 2302813.7500 -0.2013
-3.2422 26.3218 -16.0505 0.0000 1650400921853 2302841.5000 -0.2013
-3.1669 26.5670 -16.6040 0.0000 1650400921882 2302870.5000 -0.2013
-4.1219 26.0825 -15.9645 0.0000 1650400921911 2302899.5000 -0.2013
-3.5328 26.4725 -17.6691 0.0000 1650400921940 2302928.5000 -0.2010
-4.8240 27.2036 -17.0120 0.0000 1650400921969 2302957.5000 -0.2009
-7.2623 25.5159 -18.5616 0.0000 1650400921998 2302986.5000 -0.2009
-4.6771 28.8714 -18.0540 0.0000 1650400922027 2303015.5000 -0.2009
-6.2098 29.6370 -20.1767 0.0000 1650400922056 2303044.5000 -0.2009
-5.6280 31.8031 -20.2328 0.0000 1650400922085 2303073.5000 -0.2009
-5.9465 30.8133 -19.2609 0.0000 1650400922114 2303102.5000 -0.2005
-4.2786 30.5875 -19.8528 0.0000 1650400922143 2303131.5000 -0.2004
-5.6628 29.6700 -15.9233 0.0000 1650400922172 2303160.5000 -0.2007
-5.8024 29.4150 -18.7387 0.0000 1650400922200 2303189.5000 -0.2009
-2.4414 27.9236 -14.1475 0.0000 1650400922230 2303218.5000 -0.2009
-6.5501 28.0379 -16.7960 0.0000 1650400922258 2303248.5000 -0.2013
-6.8132 27.8925 -18.8330 0.0000 1650400922288 2303276.0000 -0.2013
-6.5232 27.9475 -15.5113 0.0000 1650400922317 2303305.5000 -0.2013
-6.2095 25.9850 -16.2289 0.0000 1650400922346 2303334.5000 -0.2013
-4.7889 27.4361 -15.6483 0.0000 1650400922375 2303363.5000 -0.2013
-5.7036 26.7368 -16.3151 0.0000 1650400922404 2303392.5000 -0.2013
-5.3131 27.3043 -18.8460 0.0000 1650400922433 2303421.2500 -0.2013
-2.1038 25.1885 -16.5822 0.0000 1650400922462 2303450.2500 -0.2013
-3.1606 26.2975 -15.4357 0.0000 1650400922491 2303480.7500 -0.2013
-0.5100 30.4665 -17.7158 0.0000 1650400922519 2303510.7500 -0.2013
-3.5934 28.1665 -18.5131 0.0000 1650400922548 2303537.0000 -0.2013
-5.1362 31.3786 -16.4086 0.0000 1650400922577 2303567.5000 -0.2013
-2.8513 31.3761 -19.7945 0.0000 1650400922606 2303596.2500 -0.2013
-3.7494 29.4968 -18.5424 0.0000 1650400922635 2303624.0000 -0.2013
-5.6347 28.5231 -19.7570 0.0000 1650400922664 2303653.0000 -0.2013
-5.8416 27.7788 -16.8500 0.0000 1650400922694 2303682.0000 -0.2013
-3.8266 30.9735 -18.0982 0.0000 1650400922723 2303711.0000 -0.2010
-4.1320 29.3341 -19.3951 0.0000 1650400922752 2303740.0000 -0.2009
-3.7086 29.4299 -17.0853 0.0000 1650400922780 2303769.0000 -0.2009
-3.6546 25.8595 -16.2761 0.0000 1650400922810 2303798.0000 -0.2009
-3.7165 26.2040 -17.4304 0.0000 1650400922838 2303827.0000 -0.2009
-5.3522 25.7325 -15.7565 0.0000 1650400922867 2303855.7500 -0.2009
-2.6789 24.1807 -15.4129 0.0000 1650400922896 2303884.7500 -0.2005
-2.0982 27.2666 -17.7408 0.0000 1650400922925 2303913.7500 -0.2004
-5.6149 26.1674 -17.7869 0.0000 1650400922954 2303942.5000 -0.2005
-7.1916 25.7803 -16.6110 0.0000 1650400922983 2303971.5000 -0.2009
-6.7399 28.4126 -20.8231 0.0000 1650400923012 2304002.2500 -0.2005
-2.9021 28.7536 -19.5542 0.0000 1650400923041 2304032.0000 -0.2004
-6.8792 31.1815 -19.3098 0.0000 1650400923070 2304058.5000 -0.2005
-4.1979 29.8966 -18.8397 0.0000 1650400923099 2304087.5000 -0.2009
-6.9711 30.9674 -20.5977 0.0000 1650400923128 2304116.5000 -0.2009
-5.5169 32.1350 -16.3557 0.0000 1650400923157 2304145.5000 -0.2009
-6.6832 28.1041 -18.7177 0.0000 1650400923186 2304174.5000 -0.2009
-3.0972 28.9106 -16.9306 0.0000 1650400923215 2304203.5000 -0.2009
-4.3332 28.9287 -16.2689 0.0000 1650400923244 2304232.5000 -0.2009
-4.7388 29.9490 -17.1686 0.0000 1650400923273 2304262.7500 -0.2013
-5.4940 30.5840 -15.3257 0.0000 1650400923302 2304291.7500 -0.2013
-3.8616 24.2762 -13.8473 0.0000 1650400923331 2304319.5000 -0.2013
-3.2094 25.5575 -15.7621 0.0000 1650400923359 2304351.2500 -0.2013
-4.1468 28.5299 -17.2556 0.0000 1650400923389 2304377.5000 -0.2013
-3.9649 25.1328 -16.0802 0.0000 1650400923417 2304406.5000 -0.2013
-1.7079 26.4397 -16.0340 0.0000 1650400923447 2304435.5000 -0.2013
-2.4661 27.0972 -16.2908 0.0000 1650400923476 2304464.5000 -0.2013
-1.9488 28.3567 -15.5399 0.0000 1650400923505 2304493.5000 -0.2010
-6.1455 29.4387 -17.8632 0.0000 1650400923534 2304522.5000 -0.2009
-4.7501 26.9283 -17.7885 0.0000 1650400923563 2304551.2500 -0.2009
-4.7227 32.4185 -19.6948 0.0000 1650400923592 2304580.2500 -0.2009
-5.0229 29.3729 -19.3938 0.0000 1650400923621 2304609.2500 -0.2007
-3.5832 31.6094 -15.3849 0.0000 1650400923650 2304638.0000 -0.2004
-2.4188 29.6235 -18.9730 0.0000 1650400923678 2304667.0000 -0.2004
-4.0195 28.0777 -16.5361 0.0000 1650400923707 2304696.0000 -0.2004
-2.7068 26.0208 -19.1580 0.0000 1650400923736 2304725.0000 -0.2004
-4.3606 29.0197 -18.2327 0.0000 1650400923765 2304754.0000 -0.2004
-1.5996 26.9493 -16.8946 0.0000 1650400923794 2304785.5000 -0.2004
-4.5261 25.6721 -17.0179 0.0000 1650400923823 2304811.5000 -0.2004
-3.4744 25.7903 -15.3447 0.0000 1650400923853 2304841.0000 -0.2004
-3.4453 22.5698 -16.8490 0.0000 1650400923882 2304870.0000 -0.2004
-3.0207 22.7853 -16.5261 0.0000 1650400923911 2304899.0000 -0.2011
-3.3148 24.3524 -16.4644 0.0000 1650400923939 2304928.0000 -0.2010
-3.4428 30.1606 -17.1634 0.0000 1650400923969 2304956.7500 -0.2009
-6.0608 28.2471 -17.7635 0.0000 1650400923997 2304985.7500 -0.2009
-6.1798 31.5323 -20.2979 0.0000 1650400924026 2305014.7500 -0.2009
-5.3255 27.9287 -20.3225 0.0000 1650400924055 2305044.7500 -0.2009
-5.8323 31.3041 -18.5364 0.0000 1650400924084 2305072.5000 -0.2010
-4.7195 31.1255 -17.4694 0.0000 1650400924113 2305101.5000 -0.2013
-4.6430 30.5411 -19.4859 0.0000 1650400924142 2305131.7500 -0.2013
-5.9805 33.7738 -18.8684 0.0000 1650400924171 2305159.5000 -0.2013
-5.2115 30.5837 -19.1512 0.0000 1650400924200 2305188.5000 -0.2013
-4.8987 28.6837 -18.0620 0.0000 1650400924229 2305217.5000 -0.2013
-4.9191 29.3211 -18.6939 0.0000 1650400924258 2305246.5000 -0.2013
-5.8791 26.9440 -18.7860 0.0000 1650400924288 2305275.5000 -0.2010
-4.1080 28.5318 -17.8209 0.0000 1650400924316 2305304.5000 -0.2009
-4.2850 26.7041 -13.3610 0.0000 1650400924345 2305333.5000 -0.2012
-7.2696 26.0398 -17.3683 0.0000 1650400924374 2305362.5000 -0.2013
-3.1145 26.8961 -15.9340 0.0000 1650400924403 2305391.5000 -0.2010
-3.8784 26.6720 -17.8481 0.0000 1650400924432 2305420.5000 -0.2009
-3.2877 28.0888 -17.0405 0.0000 1650400924461 2305449.5000 -0.2009
-4.0026 27.7134 -15.8406 0.0000 1650400924490 2305478.5000 -0.2009
-4.1524 30.2861 -17.0043 0.0000 1650400924519 2305507.5000 -0.2009
-2.5057 29.1538 -20.6628 0.0000 1650400924548 2305538.0000 -0.2009
-3.6672 30.0821 -15.8306 0.0000 1650400924576 2305566.2500 -0.2009
-6.0229 30.3699 -20.1711 0.0000 1650400924605 2305594.5000 -0.2009
-5.2299 31.3656 -19.2325 0.0000 1650400924635 2305623.5000 -0.2009
-4.4092 30.5153 -19.8963 0.0000 1650400924664 2305652.5000 -0.2009
-2.5151 29.4574 -16.9665 0.0000 1650400924693 2305681.2500 -0.2009
-2.9161 27.2961 -17.6938 0.0000 1650400924722 2305710.2500 -0.2009
-6.0889 28.0216 -15.6223 0.0000 1650400924751 2305739.2500 -0.2010
-5.1559 27.1309 -17.2505 0.0000 1650400924780 2305768.0000 -0.2013
-1.8584 29.1698 -14.3797 0.0000 1650400924809 2305798.2500 -0.2013
-2.4776 26.5791 -14.2190 0.0000 1650400924837 2305828.5000 -0.2013
-2.0882 27.1241 -14.9941 0.0000 1650400924867 2305855.0000 -0.2013
-2.6259 25.9365 -16.0908 0.0000 1650400924895 2305885.2500 -0.2013
-5.2721 27.6654 -16.6707 0.0000 1650400924924 2305913.0000 -0.2013
-2.9794 26.9486 -18.1577 0.0000 1650400924953 2305942.0000 -0.2013
-5.8755 26.1488 -20.8724 0.0000 1650400924982 2305971.0000 -0.2013
-8.8755 28.6444 -17.4258 0.0000 1650400925011 2306000.0000 -0.2018
-6.3589 31.7976 -20.8386 0.0000 1650400925041 2306029.0000 -0.2018
-7.3061 29.2305 -18.6246 0.0000 1650400925070 2306058.0000 -0.2018
-4.3090 32.6340 -19.4386 0.0000 1650400925099 2306086.7500 -0.2018
-6.8070 27.6913 -18.2458 0.0000 1650400925128 2306115.7500 -0.2018
-4.5060 35.0788 -19.4525 0.0000 1650400925156 2306144.7500 -0.2018
-5.1084 29.1765 -19.0256 0.0000 1650400925185 2306173.5000 -0.2018
-3.0864 31.2580 -17.2549 0.0000 1650400925214 2306202.5000 -0.2018
-2.4586 30.8863 -17.4921 0.0000 1650400925243 2306231.5000 -0.2015
-5.9789 28.1445 -15.9567 0.0000 1650400925272 2306260.5000 -0.2013
-3.8292 28.6261 -17.2690 0.0000 1650400925301 2306289.5000 -0.2013
-4.4156 26.5688 -16.9865 0.0000 1650400925330 2306319.7500 -0.2013
-5.6633 26.6299 -15.4375 0.0000 1650400925359 2306350.2500 -0.2013
-3.4889 27.1064 -17.7112 0.0000 1650400925388 2306376.5000 -0.2013
-3.5656 26.2355 -18.8571 0.0000 1650400925417 2306405.5000 -0.2013
-3.1622 26.8277 -16.3819 0.0000 1650400925447 2306434.5000 -0.2009
-1.7260 27.6723 -16.3912 0.0000 1650400925475 2306463.5000 -0.2009
-1.9735 26.6683 -15.5559 0.0000 1650400925504 2306492.5000 -0.2009
-2.7153 30.8260 -16.4681 0.0000 1650400925533 2306521.5000 -0.2009
-6.7425 30.2262 -20.1825 0.0000 1650400925562 2306550.5000 -0.2013
-2.9756 29.8862 -18.1867 0.0000 1650400925591 2306583.7500 -0.2013
-4.2908 28.2029 -17.0067 0.0000 1650400925620 2306608.0000 -0.2013
-4.9459 30.3373 -18.2389 0.0000 1650400925649 2306637.5000 -0.2013
-4.5022 30.0709 -19.9485 0.0000 1650400925678 2306669.0000 -0.2013
-4.1799 29.3253 -16.4745 0.0000 1650400925707 2306695.5000 -0.2013
-2.9321 28.0177 -17.6864 0.0000 1650400925735 2306724.5000 -0.2017
-3.8360 27.0363 -18.7038 0.0000 1650400925765 2306753.5000 -0.2018
-5.4375 27.3632 -15.7192 0.0000 1650400925794 2306782.2500 -0.2018
-3.1724 25.8993 -15.8087 0.0000 1650400925823 2306811.2500 -0.2018
-4.3065 25.2865 -16.2668 0.0000 1650400925852 2306840.2500 -0.2018
-3.2801 24.5521 -17.0477 0.0000 1650400925881 2306869.2500 -0.2018
-3.3379 27.5047 -18.0492 0.0000 1650400925910 2306898.0000 -0.2018
-2.6450 27.5973 -18.6957 0.0000 1650400925939 2306927.0000 -0.2018
-5.6172 29.4653 -17.0817 0.0000 1650400925968 2306956.0000 -0.2015
-6.2885 25.9242 -18.7511 0.0000 1650400925996 2306985.0000 -0.2013
-4.3917 27.7221 -20.2274 0.0000 1650400926026 2307014.0000 -0.2013
-4.8603 31.7441 -19.1989 0.0000 1650400926054 2307043.0000 -0.2013
-5.5675 31.5521 -18.9907 0.0000 1650400926083 2307072.0000 -0.2010
-7.6262 30.6793 -18.8873 0.0000 1650400926112 2307105.2500 -0.2009
-5.2328 30.9896 -19.5021 0.0000 1650400926141 2307129.7500 -0.2009
-4.6179 31.2743 -20.0734 0.0000 1650400926170 2307159.0000 -0.2009
-8.7304 29.7599 -20.4279 0.0000 1650400926200 2307187.7500 -0.2009
-4.6237 30.4395 -16.9317 0.0000 1650400926229 2307216.7500 -0.2009
-7.8984 29.4406 -16.3838 0.0000 1650400926258 2307245.7500 -0.2009
-4.6114 30.7185 -16.3057 0.0000 1650400926287 2307274.7500 -0.2009
-5.1642 27.3315 -16.4884 0.0000 1650400926315 2307303.5000 -0.2009
-6.8504 30.7066 -16.5672 0.0000 1650400926345 2307332.2500 -0.2009
-4.7703 28.8012 -17.6603 0.0000 1650400926373 2307362.5000 -0.2009
-4.7139 28.6009 -14.3477 0.0000 1650400926402 2307390.5000 -0.2009
-4.5835 27.7501 -18.4747 0.0000 1650400926431 2307421.2500 -0.2009
-2.8228 27.6836 -16.6806 0.0000 1650400926460 2307448.2500 -0.2013
-3.9921 24.7962 -16.5817 0.0000 1650400926489 2307477.5000 -0.2013
-1.6009 30.5216 -16.3040 0.0000 1650400926518 2307506.5000 -0.2013
-2.3469 28.8188 -18.7482 0.0000 1650400926547 2307535.5000 -0.2013
-3.3282 29.5518 -17.3086 0.0000 1650400926576 2307564.5000 -0.2013
-4.1035 29.9482 -15.7828 0.0000 1650400926606 2307593.5000 -0.2013
-4.7631 28.7025 -15.5911 0.0000 1650400926634 2307622.5000 -0.2013
-1.8202 29.8756 -17.2122 0.0000 1650400926663 2307651.5000 -0.2013
-3.5303 28.2009 -19.6295 0.0000 1650400926692 2307680.5000 -0.2018
-5.3946 27.1891 -17.7379 0.0000 1650400926721 2307709.5000 -0.2018
-2.8518 28.1065 -16.5085 0.0000 1650400926750 2307738.5000 -0.2018
-0.6047 29.1509 -16.2231 0.0000 1650400926779 2307767.5000 -0.2018
-3.9796 28.4424 -15.7947 0.0000 1650400926808 2307796.5000 -0.2018
-2.3717 29.4107 -16.6988 0.0000 1650400926837 2307825.5000 -0.2018
-2.8256 26.1310 -15.9452 0.0000 1650400926866 2307855.7500 -0.2015
-4.1460 26.2883 -14.1249 0.0000 1650400926894 2307884.7500 -0.2013
-3.1630 27.1325 -19.4774 0.0000 1650400926924 2307912.2500 -0.2013
-2.5667 26.8358 -20.6392 0.0000 1650400926953 2307941.2500 -0.2013
-3.5540 28.3087 -17.0411 0.0000 1650400926982 2307970.2500 -0.2013
-3.9095 26.4410 -18.7969 0.0000 1650400927011 2307999.0000 -0.2013
-3.9085 30.3014 -16.2352 0.0000 1650400927040 2308028.0000 -0.2010
-5.2273 29.5485 -21.3786 0.0000 1650400927069 2308057.0000 -0.2009
-5.4442 30.7083 -20.5221 0.0000 1650400927098 2308086.0000 -0.2009
-6.0405 30.9442 -17.9976 0.0000 1650400927127 2308116.0000 -0.2009
-4.3035 30.2022 -19.3843 0.0000 1650400927156 2308145.2500 -0.2009
-5.7051 32.2164 -17.5091 0.0000 1650400927185 2308173.0000 -0.2009
-6.4956 29.8597 -16.4120 0.0000 1650400927213 2308201.5000 -0.2009
-6.2683 29.3150 -20.2420 0.0000 1650400927242 2308231.0000 -0.2013
-4.8105 28.5627 -19.0300 0.0000 1650400927271 2308260.0000 -0.2013
-4.2338 31.6083 -17.1437 0.0000 1650400927300 2308289.0000 -0.2013
-4.0493 29.9973 -20.9272 0.0000 1650400927329 2308317.7500 -0.2013
-4.3202 29.3429 -18.1075 0.0000 1650400927359 2308346.7500 -0.2013
-5.9889 24.6738 -16.3170 0.0000 1650400927388 2308375.7500 -0.2015
-4.0604 26.7561 -20.2492 0.0000 1650400927417 2308404.5000 -0.2018
-4.2551 26.8960 -20.3669 0.0000 1650400927446 2308433.5000 -0.2018
-2.8992 25.8311 -19.7866 0.0000 1650400927474 2308462.5000 -0.2018
-5.4683 28.0118 -17.4988 0.0000 1650400927504 2308491.5000 -0.2018
-4.3002 28.6242 -15.7350 0.0000 1650400927532 2308520.5000 -0.2018
-5.3386 29.3999 -17.9667 0.0000 1650400927561 2308549.5000 -0.2018
-3.6432 27.3559 -18.4207 0.0000 1650400927590 2308578.5000 -0.2018
-3.7408 30.4498 -18.3033 0.0000 1650400927619 2308607.5000 -0.2018
-4.5919 29.3435 -17.3020 0.0000 1650400927648 2308639.2500 -0.2015
-4.9693 28.4367 -19.8750 0.0000 1650400927677 2308665.0000 -0.2013
-4.8117 29.1633 -16.1576 0.0000 1650400927706 2308694.5000 -0.2013
-2.3449 28.3318 -18.7749 0.0000 1650400927735 2308723.5000 -0.2013
-4.8790 30.3100 -18.9526 0.0000 1650400927765 2308752.5000 -0.2013
-2.4310 26.7257 -18.2144 0.0000 1650400927793 2308781.5000 -0.2013
-3.1186 26.7372 -19.1611 0.0000 1650400927823 2308810.5000 -0.2010
-3.2821 27.0818 -15.9039 0.0000 1650400927851 2308839.5000 -0.2009
-2.7015 27.2915 -17.6823 0.0000 1650400927880 2308870.0000 -0.2009
-3.1376 26.5521 -17.5440 0.0000 1650400927909 2308899.7500 -0.2009
-3.1689 27.3311 -16.7570 0.0000 1650400927938 2308926.5000 -0.2009
-3.4226 28.4093 -17.1570 0.0000 1650400927967 2308957.0000 -0.2009
-4.7410 26.8339 -17.6008 0.0000 1650400927996 2308985.2500 -0.2009
-4.2241 28.1031 -18.0851 0.0000 1650400928025 2309013.2500 -0.2009
-5.3077 30.2469 -21.5685 0.0000 1650400928053 2309042.2500 -0.2009
-6.1351 28.9415 -20.0964 0.0000 1650400928083 2309071.2500 -0.2009
-5.4795 31.5318 -18.3323 0.0000 1650400928112 2309100.0000 -0.2009
-5.0753 31.0524 -20.4503 0.0000 1650400928141 2309129.0000 -0.2009
-4.7515 32.4822 -17.9104 0.0000 1650400928170 2309158.0000 -0.2010
-6.4992 27.3304 -19.2712 0.0000 1650400928199 2309187.0000 -0.2013
-5.7921 31.0338 -18.1203 0.0000 1650400928228 2309216.0000 -0.2013
-5.1082 29.0662 -17.5406 0.0000 1650400928257 2309245.0000 -0.2013
-5.3087 27.2686 -18.3140 0.0000 1650400928286 2309274.0000 -0.2013
-4.8555 28.8458 -15.1355 0.0000 1650400928315 2309303.0000 -0.2013
-6.3939 28.6610 -16.4516 0.0000 1650400928344 2309332.0000 -0.2013
-4.5951 26.9872 -18.6301 0.0000 1650400928372 2309361.0000 -0.2013
-4.3085 26.9670 -17.7834 0.0000 1650400928402 2309390.0000 -0.2013
-5.4049 27.0010 -15.0631 0.0000 1650400928430 2309421.0000 -0.2017
-3.0192 32.1665 -18.8283 0.0000 1650400928459 2309447.7500 -0.2018
-7.1979 29.0646 -18.0677 0.0000 1650400928488 2309476.7500 -0.2018
-3.0143 25.5499 -14.8754 0.0000 1650400928518 2309505.7500 -0.2018
-5.4818 28.0863 -20.4358 0.0000 1650400928547 2309534.5000 -0.2015
-4.9152 30.1685 -15.1055 0.0000 1650400928576 2309563.5000 -0.2013
-3.0349 29.6595 -16.8189 0.0000 1650400928605 2309592.5000 -0.2013
-5.0243 29.5656 -19.2661 0.0000 1650400928634 2309621.5000 -0.2013
-2.9042 29.4644 -16.5640 0.0000 1650400928663 2309651.7500 -0.2013
-2.7585 29.1661 -16.4940 0.0000 1650400928691 2309680.7500 -0.2013
-1.3018 30.3713 -20.5633 0.0000 1650400928720 2309708.5000 -0.2012
-2.5066 29.4677 -16.9207 0.0000 1650400928749 2309738.7500 -0.2009
-2.9791 29.1668 -17.2613 0.0000 1650400928778 2309766.5000 -0.2009
-2.0252 27.7006 -18.5608 0.0000 1650400928807 2309795.5000 -0.2009
-2.3768 27.6660 -16.6270 0.0000 1650400928836 2309824.5000 -0.2009
-5.6606 28.1917 -19.9165 0.0000 1650400928865 2309853.5000 -0.2009
-2.6034 28.3090 -16.8432 0.0000 1650400928894 2309882.5000 -0.2009
-1.4418 29.4627 -17.9099 0.0000 1650400928924 2309911.5000 -0.2009
-4.6879 25.4263 -17.2659 0.0000 1650400928952 2309940.5000 -0.2009
-4.7448 29.4147 -21.2507 0.0000 1650400928982 2309969.5000 -0.2009
-2.6807 27.4024 -20.2708 0.0000 1650400929010 2309998.5000 -0.2009
-5.1353 28.3571 -19.5314 0.0000 1650400929039 2310027.5000 -0.2013
-4.7666 30.8314 -20.7107 0.0000 1650400929068 2310056.5000 -0.2013
-6.2993 29.0009 -19.3841 0.0000 1650400929097 2310085.5000 -0.2013
-5.2512 31.9943 -18.2709 0.0000 1650400929126 2310114.2500 -0.2013
-9.0572 28.8641 -18.1400 0.0000 1650400929155 2310143.2500 -0.2018
-5.3896 28.2079 -17.4850 0.0000 1650400929184 2310173.2500 -0.2017
-3.5733 29.1302 -20.1383 0.0000 1650400929213 2310200.5000 -0.2013
-7.0090 28.6844 -19.1210 0.0000 1650400929242 2310230.0000 -0.2013
-6.9291 29.2381 -15.5152 0.0000 1650400929270 2310259.0000 -0.2017
-4.6875 29.7074 -18.4204 0.0000 1650400929300 2310288.0000 -0.2018
-7.1053 28.2508 -18.3129 0.0000 1650400929329 2310317.0000 -0.2018
-4.4603 29.2415 -18.4998 0.0000 1650400929358 2310346.0000 -0.2018
-7.7180 28.0700 -19.3992 0.0000 1650400929387 2310375.0000 -0.2018
-5.7411 26.8332 -18.0405 0.0000 1650400929416 2310404.0000 -0.2018
-4.0732 28.4808 -18.7089 0.0000 1650400929445 2310435.7500 -0.2018
-5.5463 25.6392 -17.6051 0.0000 1650400929474 2310461.7500 -0.2018
-4.8419 27.3558 -18.9103 0.0000 1650400929503 2310491.0000 -0.2015
-2.8142 28.7810 -15.7485 0.0000 1650400929531 2310521.2500 -0.2013
-1.1974 28.4797 -17.4767 0.0000 1650400929561 2310548.7500 -0.2010
-2.9841 29.7504 -15.5191 0.0000 1650400929589 2310577.7500 -0.2009
-4.8718 28.7590 -17.5534 0.0000 1650400929618 2310606.7500 -0.2009
-5.1606 30.3006 -17.2748 0.0000 1650400929648 2310635.5000 -0.2009
-2.6827 30.9318 -15.5453 0.0000 1650400929677 2310664.5000 -0.2009
-2.1673 30.1962 -19.3500 0.0000 1650400929706 2310693.5000 -0.2009
-4.4020 29.2041 -20.7633 0.0000 1650400929735 2310722.5000 -0.2009
-3.2739 29.9846 -18.6857 0.0000 1650400929764 2310751.5000 -0.2009
-2.2937 31.0803 -18.8265 0.0000 1650400929793 2310780.5000 -0.2012
-2.2780 29.3136 -18.0920 0.0000 1650400929822 2310809.5000 -0.2013
-6.1842 28.3552 -18.9764 0.0000 1650400929850 2310838.5000 -0.2013
-3.0138 25.7801 -18.6332 0.0000 1650400929880 2310867.5000 -0.2018
-5.0214 28.1362 -17.5941 0.0000 1650400929908 2310896.5000 -0.2018
-4.5574 28.8883 -18.4667 0.0000 1650400929937 2310925.5000 -0.2015
-1.8586 28.6501 -19.4955 0.0000 1650400929966 2310957.0000 -0.2013
-2.6821 28.8925 -20.8063 0.0000 1650400929995 2310983.5000 -0.2018
-5.0385 27.9795 -18.2130 0.0000 1650400930024 2311012.5000 -0.2018
-5.1166 28.1837 -17.2912 0.0000 1650400930053 2311041.5000 -0.2018
-6.1846 29.0936 -19.0749 0.0000 1650400930083 2311071.7500 -0.2018
-5.2148 29.1376 -19.2452 0.0000 1650400930111 2311099.5000 -0.2018
-4.7596 30.1466 -19.5469 0.0000 1650400930141 2311128.5000 -0.2018
-4.6157 29.6044 -19.3068 0.0000 1650400930169 2311157.5000 -0.2018
-5.1039 30.6503 -18.9340 0.0000 1650400930198 2311187.7500 -0.2018
-5.6982 29.3477 -18.4409 0.0000 1650400930227 2311216.7500 -0.2018
-4.6543 31.5653 -15.8930 0.0000 1650400930256 2311244.2500 -0.2018
-6.8569 30.1592 -18.0662 0.0000 1650400930285 2311274.5000 -0.2018
-4.1057 28.5092 -16.4680 0.0000 1650400930314 2311302.2500 -0.2018
-7.0159 30.0655 -17.0627 0.0000 1650400930343 2311331.0000 -0.2015
-7.8785 27.5840 -15.8824 0.0000 1650400930372 2311360.0000 -0.2013
-4.6317 27.9745 -19.0289 0.0000 1650400930401 2311389.0000 -0.2013
-5.2045 28.3434 -18.5067 0.0000 1650400930429 2311418.0000 -0.2013
-4.8522 26.6548 -18.5477 0.0000 1650400930460 2311447.0000 -0.2010
-5.8485 26.9077 -16.8102 0.0000 1650400930488 2311476.0000 -0.2009
-2.7431 28.5378 -15.9451 0.0000 1650400930517 2311505.0000 -0.2009
-1.6685 28.6747 -16.1685 0.0000 1650400930546 2311534.0000 -0.2009
-1.5668 29.5672 -16.0884 0.0000 1650400930575 2311563.0000 -0.2009
-3.6803 26.1278 -16.5260 0.0000 1650400930604 2311592.0000 -0.2009
-1.8845 28.6361 -18.2295 0.0000 1650400930633 2311621.0000 -0.2009
-3.7913 28.8964 -19.6824 0.0000 1650400930662 2311649.7500 -0.2013
-2.5093 30.3726 -19.2478 0.0000 1650400930691 2311678.7500 -0.2013
-3.7389 29.0743 -16.4352 0.0000 1650400930720 2311708.7500 -0.2013
-4.3845 29.6760 -18.5438 0.0000 1650400930748 2311736.0000 -0.2013
-3.6830 30.9215 -18.6077 0.0000 1650400930777 2311765.5000 -0.2018
-5.6165 26.8866 -18.0300 0.0000 1650400930806 2311794.5000 -0.2018
-4.3950 28.2797 -19.7425 0.0000 1650400930836 2311823.5000 -0.2018
-4.1250 27.2331 -20.1278 0.0000 1650400930865 2311852.5000 -0.2018
-6.1783 27.8269 -17.4506 0.0000 1650400930894 2311881.5000 -0.2018
-4.8572 27.3217 -17.6116 0.0000 1650400930923 2311910.5000 -0.2018
-4.2899 27.8221 -18.0722 0.0000 1650400930952 2311939.5000 -0.2018
-3.0695 29.6271 -15.9730 0.0000 1650400930981 2311971.0000 -0.2018
-3.9474 28.9339 -16.1287 0.0000 1650400931009 2311996.7500 -0.2018
-5.9763 26.8131 -17.1123 0.0000 1650400931039 2312026.5000 -0.2018
-5.4618 28.1870 -21.1946 0.0000 1650400931067 2312058.2500 -0.2018
-5.9598 29.5602 -16.8424 0.0000 1650400931096 2312084.5000 -0.2018
-5.6991 27.8668 -20.9511 0.0000 1650400931125 2312113.5000 -0.2015
-6.2355 31.9313 -18.2669 0.0000 1650400931154 2312142.5000 -0.2013
-6.8779 31.4496 -20.2001 0.0000 1650400931183 2312171.5000 -0.2013
-5.9999 32.5143 -17.1313 0.0000 1650400931212 2312200.5000 -0.2013
-4.6992 29.9822 -18.7634 0.0000 1650400931242 2312229.5000 -0.2013
-4.8666 29.8243 -20.6892 0.0000 1650400931271 2312258.5000 -0.2013
-6.0184 28.0696 -20.0158 0.0000 1650400931300 2312287.5000 -0.2013
-5.8559 30.2884 -16.4054 0.0000 1650400931328 2312316.5000 -0.2013
-4.0221 26.6565 -20.1036 0.0000 1650400931357 2312345.2500 -0.2013
-4.6765 24.9722 -20.5952 0.0000 1650400931386 2312374.2500 -0.2013
-6.6570 23.0703 -18.1953 0.0000 1650400931415 2312403.2500 -0.2013
-5.1680 27.8954 -17.2350 0.0000 1650400931444 2312432.2500 -0.2013
-5.0744 27.4895 -18.3375 0.0000 1650400931473 2312461.0000 -0.2013
-2.4700 27.8131 -18.9644 0.0000 1650400931502 2312491.2500 -0.2013
-2.9835 26.6341 -18.6114 0.0000 1650400931531 2312518.7500 -0.2013
-2.9736 25.7127 -17.6981 0.0000 1650400931560 2312548.0000 -0.2013
-2.3786 25.0724 -20.5218 0.0000 1650400931588 2312577.0000 -0.2013
-5.1557 28.1909 -17.3988 0.0000 1650400931618 2312606.0000 -0.2013
-4.3531 30.1238 -19.6456 0.0000 1650400931647 2312635.0000 -0.2013
-3.5661 29.7488 -21.0989 0.0000 1650400931676 2312664.0000 -0.2018
-4.2663 29.4567 -18.9768 0.0000 1650400931705 2312693.0000 -0.2018
-4.9696 27.7031 -20.1718 0.0000 1650400931734 2312725.0000 -0.2018
-4.1579 32.9908 -19.3197 0.0000 1650400931763 2312751.5000 -0.2018
-3.2556 29.5257 -19.2155 0.0000 1650400931792 2312779.7500 -0.2018
-5.6806 31.9923 -19.6285 0.0000 1650400931821 2312810.5000 -0.2018
-5.5459 29.0350 -20.7090 0.0000 1650400931850 2312837.5000 -0.2018
-4.3726 31.5725 -19.2089 0.0000 1650400931879 2312866.5000 -0.2018
-3.6739 28.3246 -18.5456 0.0000 1650400931907 2312895.5000 -0.2018
-5.0423 30.4848 -19.2335 0.0000 1650400931936 2312924.2500 -0.2018
-3.6722 27.8936 -18.6124 0.0000 1650400931965 2312953.5000 -0.2018
-7.0195 28.4722 -18.8704 0.0000 1650400931995 2312982.5000 -0.2018
