-8.5885 38.1279 -28.8128 0.0000 1650410335435 799120.0000 -0.1994
-10.1294 35.8239 -28.5181 0.0000 1650410335487 799174.0000 -0.1989
-11.6888 38.8933 -25.1373 0.0000 1650410335541 799228.0000 -0.1994
-12.0251 36.4395 -26.3801 0.0000 1650410335595 799282.0000 -0.1989
-8.0912 36.2298 -25.1360 0.0000 1650410335650 799335.0000 -0.1994
-11.3381 35.1902 -25.4634 0.0000 1650410335704 799389.0000 -0.1994
-8.6997 34.9737 -22.2529 0.0000 1650410335758 799443.0000 -0.1994
-9.7703 33.5166 -24.0161 0.0000 1650410335812 799497.0000 -0.1989
-8.9686 35.1946 -23.3865 0.0000 1650410335866 799551.0000 -0.1989
-8.4889 32.6246 -22.6772 0.0000 1650410335920 799605.0000 -0.1989
-8.1842 27.3537 -20.9915 0.0000 1650410335974 799659.0000 -0.1989
-10.0280 31.1236 -26.2967 0.0000 1650410336029 799713.0000 -0.1984
-10.2304 35.8784 -25.3678 0.0000 1650410336083 799767.0000 -0.1984
-7.4058 38.0792 -24.7135 0.0000 1650410336135 799821.0000 -0.1984
-9.0703 35.0116 -24.3291 0.0000 1650410336189 799875.0000 -0.1989
-10.3524 38.2690 -24.7255 0.0000 1650410336243 799929.0000 -0.1994
-10.2741 33.7545 -25.6180 0.0000 1650410336297 799983.0000 -0.1989
-8.9909 36.0308 -25.9493 0.0000 1650410336351 800037.0000 -0.1989
-9.6010 39.6317 -25.6918 0.0000 1650410336405 800091.0000 -0.1984
-9.5836 36.5293 -26.0380 0.0000 1650410336460 800145.0000 -0.1989
-12.2884 37.0268 -25.3110 0.0000 1650410336514 800199.0000 -0.1989
-10.0977 33.6187 -25.9907 0.0000 1650410336568 800253.0000 -0.1984
-8.3581 34.5307 -24.2270 0.0000 1650410336622 800307.0000 -0.1989
-9.0510 34.4473 -23.3622 0.0000 1650410336676 800361.0000 -0.1984
-9.9577 33.4117 -25.1921 0.0000 1650410336728 800415.0000 -0.1989
-9.3966 33.4972 -27.2782 0.0000 1650410336783 800469.0000 -0.1994
-7.3308 33.7768 -24.6222 0.0000 1650410336837 800523.0000 -0.1989
-9.0549 37.0674 -23.7803 0.0000 1650410336891 800577.0000 -0.1989
-15.1314 33.7630 -25.3819 0.0000 1650410336945 800631.0000 -0.1984
-9.1499 37.3856 -26.1209 0.0000 1650410336999 800684.0000 -0.1989
-14.3470 27.9469 -24.5999 0.0000 1650410337053 800738.0000 -0.1989
-9.9818 34.5459 -23.0138 0.0000 1650410337107 800792.0000 -0.1984
-9.2629 35.6789 -23.7614 0.0000 1650410337161 800846.0000 -0.1989
-10.0030 37.7004 -22.6887 0.0000 1650410337216 800900.0000 -0.1989
-9.5748 35.2073 -26.3608 0.0000 1650410337270 800954.0000 -0.1989
-11.0639 35.4772 -25.6111 0.0000 1650410337324 801008.0000 -0.1989
-9.7285 25.3760 -23.4329 0.0000 1650410337376 801062.0000 -0.1989
-10.0786 36.3979 -24.9942 0.0000 1650410337430 801116.0000 -0.1984
-10.9704 21.5172 -22.1859 0.0000 1650410337484 801170.0000 -0.1984
-11.5903 37.1063 -22.7175 0.0000 1650410337538 801224.0000 -0.1989
-9.1587 32.8433 -23.6189 0.0000 1650410337593 801278.0000 -0.1989
-9.7274 32.9370 -18.0684 0.0000 1650410337647 801332.0000 -0.1984
-8.4736 31.2959 -21.7852 0.0000 1650410337701 801386.0000 -0.1984
-9.6909 32.5656 -19.4265 0.0000 1650410337755 801440.0000 -0.1984
-9.5243 28.5204 -15.2780 0.0000 1650410337809 801494.0000 -0.1989
-10.4763 31.8498 -19.8551 0.0000 1650410337863 801548.0000 -0.1989
-9.7069 29.2421 -20.5152 0.0000 1650410337918 801602.0000 -0.1984
-9.3567 33.5786 -17.2383 0.0000 1650410337970 801656.0000 -0.1984
-11.0348 29.4107 -23.6559 0.0000 1650410338024 801710.0000 -0.1984
-10.1881 26.6041 -15.9927 0.0000 1650410338078 801764.0000 -0.1989
-9.7823 31.1677 -22.0172 0.0000 1650410338132 801818.0000 -0.1984
-8.4550 25.7071 -18.8754 0.0000 1650410338186 801872.0000 -0.1984
-8.1979 29.0706 -18.9799 0.0000 1650410338240 801926.0000 -0.1984
-10.0281 31.8150 -16.4178 0.0000 1650410338294 801980.0000 -0.1984
-8.1890 27.3940 -19.4734 0.0000 1650410338348 802033.0000 -0.1984
-8.9894 31.6828 -17.5279 0.0000 1650410338403 802087.0000 -0.1984
-9.4054 27.7190 -22.1284 0.0000 1650410338457 802141.0000 -0.1984
-9.2156 32.1949 -21.1517 0.0000 1650410338511 802195.0000 -0.1984
-10.1700 33.9566 -27.8833 0.0000 1650410338565 802249.0000 -0.1984
-9.5315 31.8714 -23.6870 0.0000 1650410338617 802303.0000 -0.1984
-10.8997 34.1056 -20.6790 0.0000 1650410338672 802357.0000 -0.1984
-9.4019 33.9602 -22.0285 0.0000 1650410338726 802411.0000 -0.1979
-7.8959 34.6541 -20.6888 0.0000 1650410338780 802465.0000 -0.1979
-10.1107 36.1162 -19.7292 0.0000 1650410338834 802519.0000 -0.1979
-8.6813 34.5886 -20.5788 0.0000 1650410338888 802573.0000 -0.1984
-10.9664 33.2668 -21.7541 0.0000 1650410338942 802627.0000 -0.1984
-9.1330 34.3950 -22.0245 0.0000 1650410338996 802681.0000 -0.1979
-12.1851 39.9147 -21.5506 0.0000 1650410339050 802735.0000 -0.1979
-10.0988 36.7378 -23.8439 0.0000 1650410339104 802789.0000 -0.1984
-10.3604 35.0715 -22.6678 0.0000 1650410339159 802843.0000 -0.1984
-9.1797 36.8476 -24.5655 0.0000 1650410339211 802897.0000 -0.1984
-9.2969 37.0400 -25.0480 0.0000 1650410339265 802951.0000 -0.1979
-8.1727 35.9228 -26.1578 0.0000 1650410339319 803005.0000 -0.1979
-9.0017 33.7957 -26.1667 0.0000 1650410339373 803059.0000 -0.1979
-7.7823 34.6885 -29.2750 0.0000 1650410339427 803113.0000 -0.1984
-17.6410 22.0704 -24.3869 0.0000 1650410339481 803167.0000 -0.1984
-11.3738 36.5693 -17.3766 0.0000 1650410339536 803221.0000 -0.1979
-6.4436 37.2476 -27.4051 0.0000 1650410339590 803275.0000 -0.1979
-10.5743 35.8695 -30.4185 0.0000 1650410339644 803329.0000 -0.1979
-15.6164 21.0871 -24.7786 0.0000 1650410339698 803382.0000 -0.1984
-8.2396 36.8764 -36.1626 0.0000 1650410339752 803436.0000 -0.1979
-9.9611 23.4027 -26.2139 0.0000 1650410339804 803490.0000 -0.1979
-7.0880 35.8818 -29.4408 0.0000 1650410339858 803544.0000 -0.1979
-17.2223 31.7656 -30.2038 0.0000 1650410339913 803598.0000 -0.1979
-7.2725 35.1537 -29.5257 0.0000 1650410339967 803652.0000 -0.1979
-9.9271 30.4106 -28.6854 0.0000 1650410340021 803706.0000 -0.1979
-7.7510 34.8053 -27.6709 0.0000 1650410340075 803760.0000 -0.1979
-7.8724 27.0264 -28.3008 0.0000 1650410340129 803814.0000 -0.1979
-8.3821 30.8044 -23.0518 0.0000 1650410340183 803868.0000 -0.1979
-7.7865 24.9376 -28.0167 0.0000 1650410340237 803922.0000 -0.1979
-10.7144 26.7375 -30.0767 0.0000 1650410340291 803976.0000 -0.1974
-7.9252 27.1138 -28.2016 0.0000 1650410340346 804030.0000 -0.1974
-9.1058 25.0722 -25.1188 0.0000 1650410340400 804084.0000 -0.1974
-8.2441 28.8278 -30.2236 0.0000 1650410340452 804138.0000 -0.1969
-11.8055 33.9209 -25.2496 0.0000 1650410340506 804192.0000 -0.1974
-11.7931 31.1668 -26.0949 0.0000 1650410340560 804246.0000 -0.1974
-9.9211 34.7273 -25.7071 0.0000 1650410340615 804300.0000 -0.1965
-9.9341 34.4027 -26.4566 0.0000 1650410340669 804354.0000 -0.1965
-9.5419 37.1411 -25.7500 0.0000 1650410340723 804408.0000 -0.1969
-7.3493 28.3383 -30.0336 0.0000 1650410340777 804462.0000 -0.1969
-9.0798 34.5203 -21.1745 0.0000 1650410340831 804516.0000 -0.1965
-8.7639 33.9034 -30.2428 0.0000 1650410340885 804570.0000 -0.1965
-9.8257 38.5883 -26.8916 0.0000 1650410340939 804624.0000 -0.1965
-9.1117 37.1847 -34.6781 0.0000 1650410340993 804678.0000 -0.1965
-9.8672 27.7004 -27.1156 0.0000 1650410341045 804731.0000 -0.1969
-9.6317 36.4458 -29.9460 0.0000 1650410341100 804785.0000 -0.1969
-9.0644 36.2074 -27.9581 0.0000 1650410341154 804839.0000 -0.1969
-8.6460 36.1694 -30.7796 0.0000 1650410341208 804893.0000 -0.1965
-9.8814 34.3184 -27.9946 0.0000 1650410341262 804947.0000 -0.1969
-9.0446 34.7916 -27.3480 0.0000 1650410341316 805001.0000 -0.1974
-9.5787 34.4693 -24.6106 0.0000 1650410341370 805055.0000 -0.1969
-8.9178 36.8450 -22.1577 0.0000 1650410341424 805109.0000 -0.1965
-9.0496 37.1792 -23.6915 0.0000 1650410341478 805163.0000 -0.1969
-9.2486 36.4543 -27.9890 0.0000 1650410341533 805217.0000 -0.1969
-10.8342 37.0622 -22.8984 0.0000 1650410341587 805271.0000 -0.1974
-9.1661 35.0183 -23.7128 0.0000 1650410341641 805325.0000 -0.1965
-9.2661 32.8791 -20.6401 0.0000 1650410341693 805379.0000 -0.1965
-10.0096 32.6996 -22.2791 0.0000 1650410341747 805433.0000 -0.1965
-8.4789 32.3937 -21.0357 0.0000 1650410341801 805487.0000 -0.1969
-10.2129 34.2031 -20.7026 0.0000 1650410341856 805541.0000 -0.1969
-9.4747 36.4763 -23.5795 0.0000 1650410341910 805595.0000 -0.1965
-10.3627 32.6269 -21.8754 0.0000 1650410341964 805649.0000 -0.1965
-9.5299 32.7907 -20.9808 0.0000 1650410342018 805703.0000 -0.1965
-9.4055 34.0866 -22.4140 0.0000 1650410342072 805757.0000 -0.1969
-9.8978 34.3203 -19.5545 0.0000 1650410342126 805811.0000 -0.1969
-11.5772 32.6705 -19.6251 0.0000 1650410342180 805865.0000 -0.1969
-10.7784 36.0958 -18.1360 0.0000 1650410342235 805919.0000 -0.1969
-8.6519 34.8497 -19.5330 0.0000 1650410342287 805973.0000 -0.1969
-9.7267 36.7776 -20.6815 0.0000 1650410342341 806027.0000 -0.1969
-10.2550 34.2915 -23.8227 0.0000 1650410342395 806080.0000 -0.1969
-8.6278 29.8374 -19.0002 0.0000 1650410342449 806134.0000 -0.1965
-8.7097 34.4367 -23.2628 0.0000 1650410342503 806188.0000 -0.1960
-9.5300 24.7442 -19.5236 0.0000 1650410342557 806242.0000 -0.1960
-9.5966 33.6626 -15.1128 0.0000 1650410342612 806296.0000 -0.1965
-10.7312 26.2407 -18.8449 0.0000 1650410342666 806350.0000 -0.1965
-8.8686 26.8397 -16.6407 0.0000 1650410342720 806404.0000 -0.1965
-11.7700 25.2799 -20.3523 0.0000 1650410342774 806458.0000 -0.1965
-9.6581 29.5230 -12.7955 0.0000 1650410342828 806512.0000 -0.1965
-10.3716 26.1498 -17.3476 0.0000 1650410342882 806566.0000 -0.1965
-10.6843 26.8390 -12.8006 0.0000 1650410342934 806620.0000 -0.1965
-11.0192 26.7080 -19.0133 0.0000 1650410342988 806674.0000 -0.1960
-10.7906 24.5496 -18.6033 0.0000 1650410343043 806728.0000 -0.1960
-9.5243 31.8878 -22.0112 0.0000 1650410343097 806782.0000 -0.1960
-11.0850 34.7637 -18.3111 0.0000 1650410343151 806836.0000 -0.1965
-10.6885 27.6664 -23.9868 0.0000 1650410343205 806890.0000 -0.1965
-9.7825 32.5746 -20.3658 0.0000 1650410343259 806944.0000 -0.1965
-10.8204 32.4635 -21.7907 0.0000 1650410343313 806998.0000 -0.1960
-5.8742 32.3254 -20.8864 0.0000 1650410343367 807052.0000 -0.1960
-8.2759 31.0020 -27.1427 0.0000 1650410343421 807106.0000 -0.1965
-7.7392 18.3574 -28.0485 0.0000 1650410343476 807160.0000 -0.1969
-8.4674 32.5717 -24.0049 0.0000 1650410343528 807214.0000 -0.1965
-20.0543 33.3898 -28.7948 0.0000 1650410343582 807268.0000 -0.1965
-11.4315 34.8820 -32.0825 0.0000 1650410343636 807322.0000 -0.1965
-18.0768 19.3611 -28.5202 0.0000 1650410343690 807376.0000 -0.1969
-9.2975 34.6168 -28.4687 0.0000 1650410343745 807430.0000 -0.1974
-15.8827 20.5250 -26.2392 0.0000 1650410343799 807483.0000 -0.1969
-7.3948 35.0429 -29.8335 0.0000 1650410343853 807537.0000 -0.1969
-10.8217 33.5400 -28.2285 0.0000 1650410343907 807591.0000 -0.1969
-9.7250 34.0350 -32.1623 0.0000 1650410343961 807645.0000 -0.1969
-8.7961 25.0906 -31.0644 0.0000 1650410344015 807699.0000 -0.1969
-8.6913 36.3362 -29.1434 0.0000 1650410344069 807753.0000 -0.1965
-10.0698 34.6595 -28.5918 0.0000 1650410344123 807807.0000 -0.1965
-7.7371 35.4513 -27.3834 0.0000 1650410344175 807861.0000 -0.1965
-11.8972 35.1255 -26.0002 0.0000 1650410344230 807915.0000 -0.1969
-7.6814 33.3724 -28.1483 0.0000 1650410344284 807969.0000 -0.1969
-8.7742 31.7098 -27.2483 0.0000 1650410344338 808023.0000 -0.1969
-9.8271 33.4940 -27.7339 0.0000 1650410344392 808077.0000 -0.1965
-12.4155 31.9006 -29.6153 0.0000 1650410344446 808131.0000 -0.1965
-8.3619 36.1285 -38.9803 0.0000 1650410344500 808185.0000 -0.1969
-9.5561 31.7577 -27.7530 0.0000 1650410344555 808239.0000 -0.1965
-7.9807 37.2566 -29.6252 0.0000 1650410344609 808293.0000 -0.1960
-15.6952 25.3018 -29.7513 0.0000 1650410344663 808347.0000 -0.1965
-10.9410 37.7431 -30.4458 0.0000 1650410344717 808401.0000 -0.1965
-15.2758 27.9814 -30.7085 0.0000 1650410344769 808455.0000 -0.1965
-8.4666 36.3193 -33.0055 0.0000 1650410344823 808509.0000 -0.1969
-9.0218 37.3068 -27.7800 0.0000 1650410344877 808563.0000 -0.1965
-8.1162 35.1718 -34.4052 0.0000 1650410344932 808617.0000 -0.1965
-17.9444 31.7837 -28.8512 0.0000 1650410344986 808671.0000 -0.1965
-7.8589 38.1848 -30.9465 0.0000 1650410345040 808725.0000 -0.1969
-8.9753 29.1470 -29.0832 0.0000 1650410345094 808779.0000 -0.1965
-6.3882 33.6622 -30.2352 0.0000 1650410345148 808832.0000 -0.1965
-14.8153 18.8959 -27.5231 0.0000 1650410345202 808886.0000 -0.1960
-10.7089 34.6558 -18.0488 0.0000 1650410345256 808940.0000 -0.1960
-13.0360 20.9279 -26.7278 0.0000 1650410345310 808994.0000 -0.1965
-9.1714 27.0089 -25.9767 0.0000 1650410345363 809048.0000 -0.1969
-10.6069 31.0064 -25.0746 0.0000 1650410345417 809102.0000 -0.1965
-9.9757 36.6151 -17.1354 0.0000 1650410345471 809156.0000 -0.1965
-12.2806 29.4371 -20.7957 0.0000 1650410345525 809210.0000 -0.1965
-8.5777 32.9175 -18.6699 0.0000 1650410345579 809264.0000 -0.1965
-10.5469 30.0693 -21.1629 0.0000 1650410345633 809318.0000 -0.1969
-8.8813 30.4159 -16.5166 0.0000 1650410345687 809372.0000 -0.1960
-11.3080 30.8879 -22.5875 0.0000 1650410345741 809426.0000 -0.1965
-7.5174 23.2332 -17.0960 0.0000 1650410345796 809480.0000 -0.1965
-9.4380 29.5489 -19.4802 0.0000 1650410345850 809534.0000 -0.1969
-10.0689 24.5227 -19.2093 0.0000 1650410345904 809588.0000 -0.1969
-8.5596 27.4309 -20.3535 0.0000 1650410345958 809642.0000 -0.1969
-9.8374 32.9552 -20.2727 0.0000 1650410346010 809696.0000 -0.1965
-8.7847 33.6115 -21.3306 0.0000 1650410346064 809750.0000 -0.1965
-8.0322 33.4199 -19.7180 0.0000 1650410346118 809804.0000 -0.1969
-10.0802 35.8047 -18.8980 0.0000 1650410346173 809858.0000 -0.1965
-10.9582 32.3903 -18.6215 0.0000 1650410346227 809912.0000 -0.1965
-9.3586 35.4194 -19.5148 0.0000 1650410346281 809966.0000 -0.1965
-10.6150 32.0616 -19.9011 0.0000 1650410346335 810020.0000 -0.1965
-9.7911 32.9372 -19.3295 0.0000 1650410346389 810074.0000 -0.1969
-8.4328 37.3411 -21.4214 0.0000 1650410346444 810128.0000 -0.1969
-9.3853 35.1589 -24.3334 0.0000 1650410346497 810181.0000 -0.1965
-16.9221 32.7246 -19.7675 0.0000 1650410346552 810235.0000 -0.1965
-9.1180 35.0002 -21.3179 0.0000 1650410346604 810289.0000 -0.1969
-12.2484 18.4546 -20.5914 0.0000 1650410346658 810343.0000 -0.1969
-10.2542 33.8461 -22.2394 0.0000 1650410346712 810397.0000 -0.1969
-9.7089 34.1181 -18.7761 0.0000 1650410346766 810451.0000 -0.1965
-8.9536 34.0048 -20.0150 0.0000 1650410346820 810505.0000 -0.1965
-9.2802 19.3946 -19.5409 0.0000 1650410346874 810559.0000 -0.1969
-8.3124 32.9858 -20.9868 0.0000 1650410346929 810613.0000 -0.1969
-10.5898 34.1788 -19.6574 0.0000 1650410346983 810667.0000 -0.1969
-10.4980 33.5825 -22.0937 0.0000 1650410347037 810721.0000 -0.1969
-12.2182 36.3132 -21.6742 0.0000 1650410347091 810775.0000 -0.1965
-9.4437 35.9508 -23.9386 0.0000 1650410347145 810829.0000 -0.1969
-9.5978 35.5772 -21.8566 0.0000 1650410347199 810883.0000 -0.1974
-9.9009 38.0824 -25.5113 0.0000 1650410347251 810937.0000 -0.1969
-8.3487 37.9730 -23.5787 0.0000 1650410347305 810991.0000 -0.1969
-9.7997 35.7759 -24.7469 0.0000 1650410347360 811045.0000 -0.1969
-11.7112 33.9918 -26.7669 0.0000 1650410347414 811099.0000 -0.1969
-10.3768 36.3882 -27.7124 0.0000 1650410347468 811153.0000 -0.1974
-16.5108 16.8173 -28.1173 0.0000 1650410347522 811207.0000 -0.1974
-8.7216 32.8481 -29.8915 0.0000 1650410347576 811261.0000 -0.1974
-14.0767 19.8730 -27.3421 0.0000 1650410347631 811315.0000 -0.1969
-9.6021 32.3098 -26.3492 0.0000 1650410347685 811369.0000 -0.1974
-9.8523 19.7963 -28.5709 0.0000 1650410347739 811423.0000 -0.1979
-10.9254 34.5836 -30.0274 0.0000 1650410347793 811477.0000 -0.1974
-8.4010 30.1641 -26.3504 0.0000 1650410347845 811530.0000 -0.1969
-8.1468 25.9310 -25.7055 0.0000 1650410347899 811584.0000 -0.1969
-13.0670 30.2360 -28.2003 0.0000 1650410347953 811638.0000 -0.1969
-12.0637 24.9784 -26.3950 0.0000 1650410348007 811692.0000 -0.1974
-8.4183 31.0249 -29.8083 0.0000 1650410348062 811746.0000 -0.1974
-15.5906 32.5400 -27.1845 0.0000 1650410348116 811800.0000 -0.1969
-9.2714 29.5586 -36.8802 0.0000 1650410348170 811854.0000 -0.1969
-10.7835 29.0720 -26.0727 0.0000 1650410348224 811908.0000 -0.1974
-10.2548 26.8411 -25.6553 0.0000 1650410348278 811962.0000 -0.1974
-8.5416 29.6355 -21.2545 0.0000 1650410348332 812016.0000 -0.1969
-7.8924 27.8919 -29.2770 0.0000 1650410348386 812070.0000 -0.1969
-8.7640 31.9299 -23.0215 0.0000 1650410348440 812124.0000 -0.1969
-9.2737 29.2260 -29.5624 0.0000 1650410348493 812178.0000 -0.1974
-12.0244 31.5241 -31.1952 0.0000 1650410348547 812232.0000 -0.1974
-10.0210 35.3123 -30.0004 0.0000 1650410348601 812286.0000 -0.1974
-12.4752 33.4127 -29.8910 0.0000 1650410348655 812340.0000 -0.1974
-9.5055 36.3555 -30.7742 0.0000 1650410348709 812394.0000 -0.1969
-11.6550 29.9789 -27.2729 0.0000 1650410348763 812448.0000 -0.1974
-10.7274 35.9174 -29.8647 0.0000 1650410348817 812502.0000 -0.1974
-10.6164 37.4942 -28.3547 0.0000 1650410348872 812556.0000 -0.1974
-8.8815 37.1558 -27.5642 0.0000 1650410348926 812610.0000 -0.1974
-18.3026 21.2465 -32.2536 0.0000 1650410348980 812664.0000 -0.1974
-9.5165 38.2226 -32.8980 0.0000 1650410349034 812718.0000 -0.1974
-11.2116 35.2961 -29.5702 0.0000 1650410349086 812772.0000 -0.1979
-9.6892 37.5053 -30.3760 0.0000 1650410349141 812826.0000 -0.1979
-9.2746 34.7262 -27.3990 0.0000 1650410349194 812879.0000 -0.1974
-8.6200 37.9915 -20.6554 0.0000 1650410349248 812933.0000 -0.1974
-5.2128 25.1954 -27.5337 0.0000 1650410349303 812987.0000 -0.1979
-10.5904 34.5359 -30.0246 0.0000 1650410349357 813041.0000 -0.1979
-9.0336 36.3385 -28.5214 0.0000 1650410349411 813095.0000 -0.1974
-9.0186 36.1514 -22.1751 0.0000 1650410349465 813149.0000 -0.1974
-11.1099 35.4001 -22.9390 0.0000 1650410349519 813203.0000 -0.1974
-10.0009 36.3037 -23.2318 0.0000 1650410349573 813257.0000 -0.1974
-8.9058 36.7895 -21.7554 0.0000 1650410349628 813311.0000 -0.1979
-9.7238 34.2347 -22.0006 0.0000 1650410349680 813365.0000 -0.1984
-10.1063 35.9427 -21.6806 0.0000 1650410349734 813419.0000 -0.1984
-8.4234 33.6064 -22.3820 0.0000 1650410349788 813473.0000 -0.1979
-9.7569 32.9577 -22.1208 0.0000 1650410349842 813527.0000 -0.1984
-9.6081 33.0067 -21.1373 0.0000 1650410349896 813581.0000 -0.1984
-12.4578 30.0491 -21.9053 0.0000 1650410349950 813635.0000 -0.1979
-8.7146 35.5034 -20.1321 0.0000 1650410350004 813689.0000 -0.1979
-9.8780 31.9003 -21.6161 0.0000 1650410350059 813743.0000 -0.1979
-8.2313 33.1283 -21.3740 0.0000 1650410350113 813797.0000 -0.1984
-8.6950 31.0765 -21.9622 0.0000 1650410350167 813851.0000 -0.1984
-10.1307 33.7233 -20.5075 0.0000 1650410350221 813905.0000 -0.1984
-11.0576 31.6556 -19.8003 0.0000 1650410350275 813959.0000 -0.1984
-9.7956 30.0712 -24.9965 0.0000 1650410350327 814013.0000 -0.1979
-8.3703 16.3464 -18.7137 0.0000 1650410350381 814067.0000 -0.1984
-9.7385 32.1210 -20.4142 0.0000 1650410350436 814121.0000 -0.1984
-10.0535 27.6564 -18.1962 0.0000 1650410350490 814175.0000 -0.1979
-9.1337 27.7247 -20.1916 0.0000 1650410350544 814228.0000 -0.1979
-10.2081 28.8942 -18.0611 0.0000 1650410350598 814282.0000 -0.1979
-10.0784 32.2568 -20.6081 0.0000 1650410350652 814336.0000 -0.1979
-10.0699 27.8206 -17.7326 0.0000 1650410350706 814390.0000 -0.1984
-11.5342 34.3685 -20.7337 0.0000 1650410350761 814444.0000 -0.1984
-8.8074 27.7201 -16.8604 0.0000 1650410350815 814498.0000 -0.1979
-10.3368 29.9446 -18.4232 0.0000 1650410350869 814552.0000 -0.1979
-9.9408 27.3305 -16.7194 0.0000 1650410350921 814606.0000 -0.1984
-8.4243 32.1480 -18.1994 0.0000 1650410350975 814660.0000 -0.1984
-9.3663 30.9294 -21.9944 0.0000 1650410351029 814714.0000 -0.1979
-9.7497 31.3419 -19.4621 0.0000 1650410351083 814768.0000 -0.1979
-8.9033 29.9742 -19.8785 0.0000 1650410351137 814822.0000 -0.1979
-10.6720 34.1559 -20.9158 0.0000 1650410351191 814876.0000 -0.1984
-8.1678 36.5744 -24.8735 0.0000 1650410351246 814930.0000 -0.1989
-8.5474 35.2576 -23.7467 0.0000 1650410351300 814984.0000 -0.1984
-9.8820 35.1714 -27.7523 0.0000 1650410351354 815038.0000 -0.1984
-16.9239 34.5055 -25.6973 0.0000 1650410351408 815092.0000 -0.1979
-10.5727 34.7712 -32.8542 0.0000 1650410351462 815146.0000 -0.1989
-13.5756 16.4745 -27.1766 0.0000 1650410351516 815200.0000 -0.1984
-9.6361 33.8901 -34.2195 0.0000 1650410351569 815254.0000 -0.1984
-17.3233 18.3360 -28.6067 0.0000 1650410351623 815308.0000 -0.1984
-11.9357 32.5214 -32.1605 0.0000 1650410351677 815362.0000 -0.1984
-7.1222 18.2280 -27.1259 0.0000 1650410351731 815416.0000 -0.1984
-9.0992 34.8195 -36.0637 0.0000 1650410351785 815470.0000 -0.1989
-15.7767 33.6025 -29.0261 0.0000 1650410351839 815524.0000 -0.1989
-9.3711 34.4022 -31.6154 0.0000 1650410351893 815577.0000 -0.1984
-9.4866 33.8125 -29.5756 0.0000 1650410351947 815631.0000 -0.1979
-7.6378 33.8452 -27.6658 0.0000 1650410352002 815685.0000 -0.1984
-9.0901 25.1362 -32.6344 0.0000 1650410352056 815739.0000 -0.1984
-8.8076 35.6238 -29.4746 0.0000 1650410352110 815793.0000 -0.1979
-16.6082 21.9255 -29.5462 0.0000 1650410352162 815847.0000 -0.1979
-7.3070 34.8413 -28.0108 0.0000 1650410352216 815901.0000 -0.1979
-6.9400 32.9513 -27.5378 0.0000 1650410352270 815955.0000 -0.1979
-9.3176 36.1767 -27.9315 0.0000 1650410352325 816009.0000 -0.1984
-10.1550 31.8167 -31.6366 0.0000 1650410352379 816063.0000 -0.1979
-9.0693 33.3244 -28.8933 0.0000 1650410352433 816117.0000 -0.1979
-10.2005 33.1339 -30.4966 0.0000 1650410352487 816171.0000 -0.1979
-9.5446 33.6437 -31.3440 0.0000 1650410352541 816225.0000 -0.1984
-16.7314 32.3537 -30.3547 0.0000 1650410352595 816279.0000 -0.1984
-9.8612 34.4535 -29.2246 0.0000 1650410352649 816333.0000 -0.1979
-9.1141 34.6322 -27.2805 0.0000 1650410352703 816387.0000 -0.1979
-9.0364 38.3934 -31.1690 0.0000 1650410352758 816441.0000 -0.1984
-16.1712 35.4556 -30.3859 0.0000 1650410352810 816495.0000 -0.1984
-9.3628 37.5569 -33.1665 0.0000 1650410352864 816549.0000 -0.1989
-10.9957 21.7278 -29.7686 0.0000 1650410352918 816603.0000 -0.1989
-9.3990 37.7336 -34.5135 0.0000 1650410352972 816657.0000 -0.1989
-8.0575 35.8781 -27.4787 0.0000 1650410353026 816711.0000 -0.1984
-11.0771 31.8402 -31.5061 0.0000 1650410353080 816765.0000 -0.1989
-11.4889 23.8968 -22.3558 0.0000 1650410353134 816819.0000 -0.1989
-11.8879 36.2991 -28.4269 0.0000 1650410353189 816873.0000 -0.1984
-9.9450 23.2141 -26.5007 0.0000 1650410353243 816927.0000 -0.1984
-10.6881 36.4866 -11.5459 0.0000 1650410353297 816980.0000 -0.1984
-12.9703 21.3119 -26.0943 0.0000 1650410353351 817034.0000 -0.1989
-12.9068 26.7688 -25.4313 0.0000 1650410353403 817088.0000 -0.1989
-8.3128 30.3943 -23.1608 0.0000 1650410353458 817142.0000 -0.1989
-10.6989 33.9593 -20.3406 0.0000 1650410353512 817196.0000 -0.1984
-11.6792 30.7299 -22.9961 0.0000 1650410353566 817250.0000 -0.1984
-11.1656 21.4367 -18.7848 0.0000 1650410353620 817304.0000 -0.1989
-9.7045 30.4263 -26.5666 0.0000 1650410353674 817358.0000 -0.1989
-9.8890 33.6264 -19.6250 0.0000 1650410353728 817412.0000 -0.1984
-8.3424 28.9226 -20.4734 0.0000 1650410353782 817466.0000 -0.1984
-9.7013 31.2675 -20.2394 0.0000 1650410353836 817520.0000 -0.1984
-9.6460 27.9928 -23.8617 0.0000 1650410353890 817574.0000 -0.1989
-10.4037 31.7760 -21.6915 0.0000 1650410353945 817628.0000 -0.1989
-9.4372 33.9698 -22.1171 0.0000 1650410353997 817682.0000 -0.1984
-11.9777 31.4318 -22.6000 0.0000 1650410354051 817736.0000 -0.1984
-10.6811 35.3483 -23.2919 0.0000 1650410354105 817790.0000 -0.1989
-9.5469 28.9411 -22.1310 0.0000 1650410354159 817844.0000 -0.1994
-9.7085 32.8472 -26.8215 0.0000 1650410354213 817898.0000 -0.1989
-9.5191 33.2204 -20.6428 0.0000 1650410354267 817952.0000 -0.1989
-7.8891 35.8445 -20.0235 0.0000 1650410354322 818006.0000 -0.1989
-10.2632 15.9183 -20.4727 0.0000 1650410354376 818060.0000 -0.1989
-9.1384 35.0413 -21.2131 0.0000 1650410354430 818114.0000 -0.1989
-9.9842 35.4075 -20.4115 0.0000 1650410354484 818168.0000 -0.1994
-10.2861 33.5391 -30.2408 0.0000 1650410354538 818222.0000 -0.1994
-16.0682 15.6654 -19.6398 0.0000 1650410354592 818276.0000 -0.1989
-10.2676 34.5337 -23.1096 0.0000 1650410354644 818329.0000 -0.1989
-9.3368 31.0507 -19.5700 0.0000 1650410354699 818383.0000 -0.1994
-9.8065 33.9261 -20.8689 0.0000 1650410354753 818437.0000 -0.1989
-9.8273 31.5228 -21.6508 0.0000 1650410354807 818491.0000 -0.1989
-10.2869 35.4283 -22.4286 0.0000 1650410354861 818545.0000 -0.1989
-11.4674 13.7618 -22.0935 0.0000 1650410354915 818599.0000 -0.1989
-8.9310 33.2769 -20.4659 0.0000 1650410354969 818653.0000 -0.1994
-12.3503 32.1102 -23.7465 0.0000 1650410355023 818707.0000 -0.1994
-8.8249 34.6064 -26.0599 0.0000 1650410355078 818761.0000 -0.1989
-10.2395 37.0860 -23.0875 0.0000 1650410355132 818815.0000 -0.1989
-11.3900 33.9888 -23.3996 0.0000 1650410355186 818869.0000 -0.1994
-10.5683 36.0961 -23.3821 0.0000 1650410355238 818923.0000 -0.1994
-10.2014 36.8817 -22.6018 0.0000 1650410355292 818977.0000 -0.1994
-11.2710 36.0967 -23.5770 0.0000 1650410355346 819031.0000 -0.1989
-9.3294 33.5351 -24.4238 0.0000 1650410355400 819085.0000 -0.1989
-18.6408 31.1716 -27.2019 0.0000 1650410355454 819139.0000 -0.1989
-9.1785 32.2063 -32.0719 0.0000 1650410355509 819193.0000 -0.1994
-18.4435 32.6608 -25.9141 0.0000 1650410355563 819247.0000 -0.1994
-11.2524 32.4936 -32.5651 0.0000 1650410355617 819301.0000 -0.1989
-21.1524 22.0194 -29.3941 0.0000 1650410355671 819355.0000 -0.1989
-8.7315 34.3308 -31.0170 0.0000 1650410355725 819409.0000 -0.1989
-8.3219 28.6261 -28.1276 0.0000 1650410355779 819463.0000 -0.1994
-9.3539 31.6975 -31.3772 0.0000 1650410355834 819517.0000 -0.1994
-15.6494 19.8763 -31.5647 0.0000 1650410355886 819571.0000 -0.1989
-9.5562 27.5564 -25.3115 0.0000 1650410355940 819625.0000 -0.1989
-15.4740 28.9550 -30.9707 0.0000 1650410355994 819678.0000 -0.1989
-8.9094 23.7429 -25.9304 0.0000 1650410356048 819732.0000 -0.1994
-8.9026 27.9771 -28.1208 0.0000 1650410356102 819786.0000 -0.1994
-7.8583 34.9178 -24.7631 0.0000 1650410356157 819840.0000 -0.1994
-7.6329 21.4759 -26.5079 0.0000 1650410356210 819894.0000 -0.1994
-13.2889 28.6844 -20.4167 0.0000 1650410356264 819948.0000 -0.1994
-12.4139 26.2599 -27.4375 0.0000 1650410356319 820002.0000 -0.1994
-8.0125 33.0074 -20.3623 0.0000 1650410356373 820056.0000 -0.1994
-9.1786 24.3426 -30.8470 0.0000 1650410356427 820110.0000 -0.1989
-7.8827 28.8911 -24.5566 0.0000 1650410356479 820164.0000 -0.1989
-11.0662 29.2457 -28.7396 0.0000 1650410356533 820218.0000 -0.1994
-9.4718 31.3224 -21.6071 0.0000 1650410356587 820272.0000 -0.1994
-7.8492 27.3989 -27.6669 0.0000 1650410356642 820326.0000 -0.1994
-12.4549 31.7625 -25.8426 0.0000 1650410356696 820380.0000 -0.1989
-7.8213 35.6906 -31.5579 0.0000 1650410356750 820434.0000 -0.1989
-9.7906 36.1409 -30.6874 0.0000 1650410356804 820488.0000 -0.1994
-11.5049 37.6411 -30.3854 0.0000 1650410356858 820542.0000 -0.1999
-20.2528 35.9065 -28.0209 0.0000 1650410356912 820596.0000 -0.1994
-8.8984 37.6342 -32.7743 0.0000 1650410356966 820650.0000 -0.1994
-10.3211 22.2910 -29.4267 0.0000 1650410357020 820704.0000 -0.1989
-10.4142 38.6847 -32.5829 0.0000 1650410357075 820758.0000 -0.1994
-17.5778 22.1741 -30.0353 0.0000 1650410357127 820812.0000 -0.1999
-8.0601 35.9135 -33.2573 0.0000 1650410357181 820866.0000 -0.1999
-18.3308 34.4927 -27.0311 0.0000 1650410357235 820920.0000 -0.1999
-9.5064 36.0730 -34.8173 0.0000 1650410357289 820974.0000 -0.1989
-13.4651 25.2922 -25.5774 0.0000 1650410357343 821027.0000 -0.1994
-8.6016 38.8281 -19.7326 0.0000 1650410357397 821081.0000 -0.1999
-9.7453 32.0402 -25.2228 0.0000 1650410357452 821135.0000 -0.1994
-8.9912 36.0901 -26.3293 0.0000 1650410357506 821189.0000 -0.1989
-10.3010 34.7098 -23.4963 0.0000 1650410357560 821243.0000 -0.1989
-9.5567 35.4971 -23.6231 0.0000 1650410357615 821297.0000 -0.1994
-9.2570 35.4622 -21.7126 0.0000 1650410357668 821351.0000 -0.1994
-9.1087 35.0335 -21.5142 0.0000 1650410357720 821405.0000 -0.1994
-10.0236 35.0997 -21.7494 0.0000 1650410357775 821459.0000 -0.1994
-10.0069 34.6358 -19.2845 0.0000 1650410357828 821513.0000 -0.1989
-13.5613 23.4003 -21.1841 0.0000 1650410357883 821567.0000 -0.1994
-9.6603 30.7408 -20.4325 0.0000 1650410357937 821621.0000 -0.1994
-10.2962 32.1830 -19.4394 0.0000 1650410357991 821675.0000 -0.1989
-11.7207 35.3967 -21.1917 0.0000 1650410358045 821729.0000 -0.1989
-10.3326 27.4372 -21.7496 0.0000 1650410358099 821783.0000 -0.1989
-9.1010 32.5035 -24.0960 0.0000 1650410358153 821837.0000 -0.1989
-8.4517 34.0454 -18.9009 0.0000 1650410358208 821891.0000 -0.1994
-9.2708 34.6735 -20.5851 0.0000 1650410358262 821945.0000 -0.1994
-10.5350 32.6760 -19.7011 0.0000 1650410358316 821999.0000 -0.1989
-10.2423 32.3131 -22.6235 0.0000 1650410358368 822053.0000 -0.1989
-11.2943 35.8301 -19.8168 0.0000 1650410358422 822107.0000 -0.1994
-9.0193 35.0664 -19.9186 0.0000 1650410358476 822161.0000 -0.1994
-10.6397 35.1635 -22.5269 0.0000 1650410358530 822215.0000 -0.1994
-10.4624 36.0849 -24.4504 0.0000 1650410358585 822269.0000 -0.1994
-10.1530 18.6755 -20.6073 0.0000 1650410358639 822323.0000 -0.1989
-9.6221 36.6157 -20.1091 0.0000 1650410358693 822376.0000 -0.1994
-9.0393 28.6520 -21.2711 0.0000 1650410358747 822430.0000 -0.1999
-9.5374 31.7481 -18.8648 0.0000 1650410358801 822484.0000 -0.1994
-13.5797 30.3242 -20.2708 0.0000 1650410358855 822538.0000 -0.1994
-10.3729 31.3263 -15.2462 0.0000 1650410358909 822592.0000 -0.1994
-8.6997 26.9771 -19.4532 0.0000 1650410358961 822646.0000 -0.1999
-9.1905 32.9515 -15.8854 0.0000 1650410359016 822700.0000 -0.1999
-9.1230 30.2124 -19.8764 0.0000 1650410359070 822754.0000 -0.1994
-9.5432 33.5690 -19.2152 0.0000 1650410359124 822808.0000 -0.1989
-8.7601 29.4396 -19.9613 0.0000 1650410359178 822862.0000 -0.1989
-11.1251 35.6403 -18.3086 0.0000 1650410359232 822916.0000 -0.1994
-10.2428 31.1485 -22.3208 0.0000 1650410359287 822970.0000 -0.1994
-10.5892 34.0151 -19.3049 0.0000 1650410359341 823024.0000 -0.1994
-7.5477 30.8745 -22.8393 0.0000 1650410359395 823078.0000 -0.1984
-14.0626 33.5238 -21.3213 0.0000 1650410359449 823132.0000 -0.1984
-12.2167 24.2540 -35.2198 0.0000 1650410359503 823186.0000 -0.1989
-16.1561 30.9552 -25.6471 0.0000 1650410359557 823240.0000 -0.1989
-7.9383 22.5832 -16.9184 0.0000 1650410359609 823294.0000 -0.1984
-18.1170 23.2904 -24.4082 0.0000 1650410359663 823348.0000 -0.1984
-10.5936 28.6166 -31.1543 0.0000 1650410359717 823402.0000 -0.1984
-10.9016 27.0652 -27.2064 0.0000 1650410359771 823456.0000 -0.1989
-8.9007 32.0646 -29.3627 0.0000 1650410359826 823510.0000 -0.1989
-7.5518 32.7683 -28.9856 0.0000 1650410359880 823564.0000 -0.1984
-8.0654 34.8097 -33.2194 0.0000 1650410359934 823618.0000 -0.1984
-7.8498 32.2390 -28.5833 0.0000 1650410359988 823672.0000 -0.1984
-7.6813 35.3894 -27.2587 0.0000 1650410360042 823726.0000 -0.1989
-9.4468 34.4790 -28.1859 0.0000 1650410360096 823779.0000 -0.1989
-7.6020 34.4512 -28.8259 0.0000 1650410360150 823833.0000 -0.1984
-9.8889 26.0405 -28.3891 0.0000 1650410360203 823887.0000 -0.1984
-7.3203 33.2433 -28.6739 0.0000 1650410360257 823941.0000 -0.1984
-10.1930 31.7591 -28.9201 0.0000 1650410360311 823995.0000 -0.1989
-7.8140 34.8201 -30.0742 0.0000 1650410360365 824049.0000 -0.1989
-9.8898 33.1040 -27.3366 0.0000 1650410360419 824103.0000 -0.1984
-7.3505 35.3501 -31.0403 0.0000 1650410360474 824157.0000 -0.1984
-10.2621 31.3199 -28.1872 0.0000 1650410360527 824211.0000 -0.1984
-7.0072 36.4965 -30.0762 0.0000 1650410360582 824265.0000 -0.1989
-8.6069 35.1390 -30.4310 0.0000 1650410360636 824319.0000 -0.1984
-8.4530 36.9502 -30.2545 0.0000 1650410360690 824373.0000 -0.1984
-11.0025 33.4870 -30.0363 0.0000 1650410360744 824427.0000 -0.1984
-7.4476 38.9283 -33.2893 0.0000 1650410360796 824481.0000 -0.1984
-9.5660 27.2338 -30.2025 0.0000 1650410360850 824535.0000 -0.1984
-10.2140 38.8357 -29.3723 0.0000 1650410360905 824589.0000 -0.1989
-18.2685 37.5257 -30.2462 0.0000 1650410360959 824643.0000 -0.1989
-10.6115 39.8987 -33.9741 0.0000 1650410361013 824697.0000 -0.1984
-12.7551 39.6436 -29.3207 0.0000 1650410361067 824751.0000 -0.1984
-8.0159 36.0988 -31.7786 0.0000 1650410361121 824805.0000 -0.1989
-16.5500 35.0771 -27.2661 0.0000 1650410361175 824859.0000 -0.1989
-10.8507 37.7059 -34.4567 0.0000 1650410361229 824913.0000 -0.1984
-10.5415 20.8580 -27.3996 0.0000 1650410361283 824967.0000 -0.1989
-10.9058 36.4939 -33.1785 0.0000 1650410361338 825021.0000 -0.1989
-12.0823 34.4413 -27.8486 0.0000 1650410361392 825074.0000 -0.1989
-9.1867 37.9674 -30.8864 0.0000 1650410361444 825128.0000 -0.1994
-9.4313 38.0941 -22.9178 0.0000 1650410361498 825182.0000 -0.1984
-11.2598 37.0131 -24.6347 0.0000 1650410361552 825236.0000 -0.1984
-8.5497 35.7706 -24.3965 0.0000 1650410361606 825290.0000 -0.1984
-11.3518 33.6318 -23.9122 0.0000 1650410361660 825344.0000 -0.1989
-18.1742 33.2832 -22.1647 0.0000 1650410361714 825398.0000 -0.1989
-9.2735 34.3288 -21.5229 0.0000 1650410361769 825452.0000 -0.1984
-8.9801 28.3056 -19.5789 0.0000 1650410361823 825506.0000 -0.1984
-8.2214 33.8910 -19.7149 0.0000 1650410361877 825560.0000 -0.1984
-8.7680 30.7545 -20.8230 0.0000 1650410361931 825614.0000 -0.1989
-8.8600 31.6549 -20.1146 0.0000 1650410361986 825668.0000 -0.1989
-9.2926 27.7597 -17.8910 0.0000 1650410362037 825722.0000 -0.1989
-13.6817 33.1430 -19.7974 0.0000 1650410362092 825776.0000 -0.1984
-9.1395 20.9669 -20.1701 0.0000 1650410362146 825830.0000 -0.1984
-10.2097 34.3655 -18.0319 0.0000 1650410362200 825884.0000 -0.1994
-9.7128 30.4204 -17.8809 0.0000 1650410362254 825938.0000 -0.1989
-9.2302 20.0685 -22.3891 0.0000 1650410362308 825992.0000 -0.1989
-9.8713 29.6615 -19.9073 0.0000 1650410362362 826046.0000 -0.1984
-13.2194 31.6167 -19.1887 0.0000 1650410362416 826100.0000 -0.1989
-10.3128 20.9375 -18.2767 0.0000 1650410362470 826154.0000 -0.1989
-15.5919 33.5581 -18.0027 0.0000 1650410362525 826208.0000 -0.1989
-8.4853 33.1818 -17.5244 0.0000 1650410362579 826262.0000 -0.1989
-9.9845 31.9139 -18.0413 0.0000 1650410362633 826316.0000 -0.1989
-9.9105 27.4297 -19.5980 0.0000 1650410362685 826370.0000 -0.1989
-10.7550 29.2398 -16.1697 0.0000 1650410362739 826424.0000 -0.1994
-10.1113 31.6239 -22.9346 0.0000 1650410362793 826477.0000 -0.1994
-11.9700 33.3053 -22.0898 0.0000 1650410362847 826531.0000 -0.1989
-11.1155 33.8645 -20.7328 0.0000 1650410362902 826585.0000 -0.1989
-9.5767 32.8239 -20.2493 0.0000 1650410362956 826639.0000 -0.1989
-10.4306 37.0266 -17.2426 0.0000 1650410363010 826693.0000 -0.1994
-10.4694 34.2008 -24.2653 0.0000 1650410363064 826747.0000 -0.1994
-9.6718 35.2992 -22.8898 0.0000 1650410363118 826801.0000 -0.1989
-12.5732 34.9450 -21.8626 0.0000 1650410363173 826855.0000 -0.1989
-8.4669 36.0366 -23.7162 0.0000 1650410363227 826909.0000 -0.1994
-12.1091 38.0428 -23.9072 0.0000 1650410363278 826963.0000 -0.1994
-11.5180 37.3628 -23.7037 0.0000 1650410363333 827017.0000 -0.1994
-16.5663 37.2869 -23.7679 0.0000 1650410363387 827071.0000 -0.1989
-8.4029 36.2724 -30.7790 0.0000 1650410363441 827125.0000 -0.1989
-19.0429 20.2021 -25.4021 0.0000 1650410363495 827179.0000 -0.1989
-8.9150 35.8427 -31.1040 0.0000 1650410363549 827233.0000 -0.1994
-18.3458 33.0689 -26.2167 0.0000 1650410363604 827287.0000 -0.1994
-7.9596 33.4965 -27.2184 0.0000 1650410363658 827341.0000 -0.1994
-10.4720 22.6294 -28.3679 0.0000 1650410363712 827395.0000 -0.1994
-9.8015 33.4438 -36.1161 0.0000 1650410363766 827449.0000 -0.1994
-12.3273 32.8497 -27.2040 0.0000 1650410363820 827503.0000 -0.1994
-8.0238 32.3143 -30.5842 0.0000 1650410363874 827557.0000 -0.1989
-17.8358 20.2240 -31.3553 0.0000 1650410363926 827611.0000 -0.1989
-8.8269 33.7260 -35.4302 0.0000 1650410363980 827665.0000 -0.1989
-7.4061 34.7049 -27.5191 0.0000 1650410364035 827719.0000 -0.1989
-8.8241 38.2769 -20.4472 0.0000 1650410364089 827773.0000 -0.1994
-9.8487 18.2302 -31.5580 0.0000 1650410364143 827826.0000 -0.1994
-9.6971 34.0709 -33.7815 0.0000 1650410364197 827880.0000 -0.1989
-13.3182 19.1637 -29.4405 0.0000 1650410364251 827934.0000 -0.1989
-9.2734 34.0710 -28.4530 0.0000 1650410364305 827988.0000 -0.1989
-9.3080 33.3620 -28.5921 0.0000 1650410364359 828042.0000 -0.1994
-8.9367 36.7784 -30.4636 0.0000 1650410364413 828096.0000 -0.1989
-8.7625 32.3396 -27.8825 0.0000 1650410364468 828150.0000 -0.1989
-8.3508 32.7958 -30.9976 0.0000 1650410364520 828204.0000 -0.1989
-10.0279 31.8363 -33.0540 0.0000 1650410364574 828258.0000 -0.1989
-9.9252 35.6680 -29.8735 0.0000 1650410364628 828312.0000 -0.1994
-11.9988 32.6969 -27.7781 0.0000 1650410364682 828366.0000 -0.1999
-10.2642 35.4170 -29.0639 0.0000 1650410364736 828420.0000 -0.1999
-19.3609 34.4369 -27.7442 0.0000 1650410364791 828474.0000 -0.1989
-9.0302 35.5252 -31.5165 0.0000 1650410364845 828528.0000 -0.1994
-10.6459 38.5749 -28.3965 0.0000 1650410364899 828582.0000 -0.1999
-10.6659 37.6401 -24.8168 0.0000 1650410364953 828636.0000 -0.1994
-8.5377 21.3474 -28.0893 0.0000 1650410365007 828690.0000 -0.1994
