10.2695 -83.3727 -55.2041 17.5493 1685219446609 88.2500 -0.0563
10.7183 -83.5369 -55.5241 42.6297 1685219446641 121.0000 -0.0471
9.9049 -83.5831 -56.2497 32.1545 1685219446673 154.0000 -0.0380
9.7806 -83.4346 -56.6504 27.9863 1685219446708 186.5000 -0.0319
10.2866 -83.3387 -56.2259 36.5026 1685219446740 219.0000 -0.0258
10.9645 -83.2784 -55.5343 28.6120 1685219446772 252.0000 -0.0197
11.2951 -83.2483 -55.5267 22.4796 1685219446805 284.5000 -0.0094
11.7848 -82.8603 -55.5180 20.8597 1685219446838 317.0000 -0.0094
11.8682 -81.8939 -55.8234 15.7295 1685219446870 350.0000 -0.0043
11.4313 -81.7505 -55.7400 28.1825 1685219446903 382.7500 0.0009
11.1253 -81.9714 -55.7975 31.7018 1685219446936 415.0000 0.0089
11.0671 -82.2044 -56.0847 26.6915 1685219446968 448.0000 0.0165
10.9983 -82.4124 -55.8832 24.7790 1685219447000 480.7500 0.0214
11.2550 -82.4324 -55.9755 19.1136 1685219447034 512.5000 0.0260
10.6794 -83.3686 -55.4444 20.9497 1685219447067 545.7500 0.0306
11.1114 -83.5864 -55.4405 20.2294 1685219447099 579.0000 0.0326
11.4384 -83.6452 -55.1758 25.7224 1685219447133 611.2500 0.0385
12.1424 -83.5820 -55.0661 17.8594 1685219447165 644.0000 0.0405
11.9511 -83.5435 -55.8165 17.2612 1685219447197 344.5000 0.0468
11.1578 -84.5771 -56.5747 17.4347 1685219447230 44.5000 0.0526
11.5834 -84.1809 -56.3988 16.8564 1685219447263 77.0000 0.0565
11.9192 -84.3387 -56.1811 31.4932 1685219447295 110.0000 0.0624
12.1079 -84.2532 -56.7045 33.3733 1685219447328 142.5000 0.0635
11.5650 -84.2677 -57.4100 29.5296 1685219447362 174.5000 0.0668
11.8500 -84.0761 -57.4011 33.1834 1685219447394 208.0000 0.0662
11.9901 -84.0779 -57.0551 28.4698 1685219447427 240.5000 0.0643
12.4901 -83.9283 -56.1880 47.6313 1685219447460 273.0000 0.0548
12.0189 -84.4165 -55.9901 25.6313 1685219447492 306.0000 0.0516
12.7801 -83.0979 -55.5954 21.1051 1685219447524 338.7500 0.0465
12.2680 -82.0529 -56.1597 28.4677 1685219447557 371.2500 0.0311
11.9912 -81.7159 -56.3254 24.3381 1685219447590 404.0000 0.0096
11.9423 -81.8070 -56.3089 24.8418 1685219447622 437.0000 0.0096
11.9700 -82.0310 -56.2520 21.6524 1685219447654 469.2500 -0.0133
11.9982 -82.0065 -56.2606 24.0196 1685219447688 502.0000 -0.0258
11.5939 -82.3852 -55.8494 14.3285 1685219447720 535.0000 -0.0382
11.0302 -83.1062 -55.1055 21.3489 1685219447752 567.5000 -0.0382
10.6399 -84.0857 -54.4973 19.3135 1685219447786 600.0000 -0.0554
10.5016 -84.0389 -53.7357 14.0232 1685219447818 633.0000 -0.0612
11.4480 -82.9755 -55.1220 13.7103 1685219447850 665.0000 -0.0832
9.9953 -83.6322 -55.2369 18.0213 1685219447884 525.5000 -0.1071
10.4167 -84.2969 -55.5058 24.7776 1685219447917 41.0000 -0.1071
11.6329 -83.3766 -54.9099 18.7365 1685219447949 73.5000 -0.1118
12.3318 -83.1518 -54.9921 44.6753 1685219447982 106.0000 -0.1261
12.3209 -83.1132 -55.4884 43.4934 1685219448015 139.0000 -0.1339
11.8705 -83.0313 -56.1067 31.3093 1685219448047 171.7500 -0.1458
11.8999 -82.9025 -55.6551 28.6123 1685219448079 204.0000 -0.1579
12.5575 -82.5947 -54.9494 33.9353 1685219448113 237.0000 -0.1615
12.5035 -83.3822 -54.1245 28.6538 1685219448145 269.2500 -0.1725
12.9975 -82.6423 -54.5044 20.2615 1685219448177 302.2500 -0.1758
12.9179 -81.2495 -54.7265 26.0649 1685219448211 334.7500 -0.1857
11.8911 -80.9049 -54.7418 39.0004 1685219448244 368.0000 -0.1857
11.1795 -80.9553 -54.9128 29.0429 1685219448276 400.2500 -0.1965
10.9289 -80.9563 -54.7595 29.3007 1685219448309 433.0000 -0.2011
10.7654 -81.0896 -54.7471 21.9346 1685219448342 466.0000 -0.2082
10.2457 -82.0945 -53.8071 23.3604 1685219448374 498.5000 -0.2155
10.0167 -82.2306 -53.8801 25.6985 1685219448406 531.0000 -0.2175
9.6539 -83.0430 -52.8446 17.2651 1685219448440 564.0000 -0.2233
9.9768 -82.8037 -52.8582 14.8597 1685219448472 596.5000 -0.2247
8.8843 -83.6889 -52.6410 12.4137 1685219448504 629.0000 -0.2287
8.8410 -83.8881 -53.9514 16.8268 1685219448537 662.0000 -0.2331
8.7984 -84.0377 -54.5318 20.7945 1685219448570 523.2500 -0.2346
10.6164 -82.4800 -54.5127 16.2650 1685219448602 41.0000 -0.2380
11.4350 -82.6309 -54.5666 48.0806 1685219448636 73.5000 -0.2380
11.6138 -82.4001 -54.4472 50.2714 1685219448669 106.5000 -0.2391
10.8095 -82.6263 -54.7023 30.1783 1685219448701 139.2500 -0.2394
10.9464 -82.3887 -54.7012 29.9496 1685219448733 172.0000 -0.2397
11.3737 -82.1815 -54.5200 29.7311 1685219448767 205.0000 -0.2399
12.0111 -82.0630 -54.0792 37.2189 1685219448799 237.2500 -0.2404
12.0009 -82.3299 -54.3673 28.4271 1685219448831 270.0000 -0.2397
12.1574 -81.0859 -54.0679 27.5720 1685219448865 303.0000 -0.2394
11.2359 -80.5359 -54.2505 30.7547 1685219448897 335.5000 -0.2394
10.3289 -80.6537 -54.1308 26.8321 1685219448929 368.0000 -0.2375
9.6556 -81.0129 -54.3594 19.0140 1685219448962 400.7500 -0.2357
9.7076 -81.1071 -54.4199 20.5723 1685219448995 433.5000 -0.2350
9.6744 -81.2762 -54.5712 27.7902 1685219449028 465.7500 -0.2344
9.1255 -82.0985 -53.9658 21.2580 1685219449060 499.0000 -0.2326
8.7846 -82.4673 -53.8805 24.7848 1685219449094 531.5000 -0.2263
9.0623 -82.6509 -52.9666 18.2138 1685219449126 564.0000 -0.2250
7.9387 -83.0693 -52.8651 15.0121 1685219449158 597.0000 -0.2214
7.5930 -83.5958 -53.3000 20.3540 1685219449192 629.7500 -0.2184
7.7745 -83.4157 -55.0200 23.8928 1685219449224 497.7500 -0.2175
9.5090 -82.4787 -54.5942 13.3882 1685219449256 38.0000 -0.2175
10.0997 -82.6934 -54.3374 33.0843 1685219449289 70.7500 -0.2126
10.6062 -82.3423 -54.6811 36.5919 1685219449322 103.2500 -0.2114
9.8970 -82.5695 -54.9793 32.4189 1685219449354 136.0000 -0.2066
9.6520 -82.3863 -55.0181 22.3244 1685219449387 169.0000 -0.2033
10.0539 -82.5016 -54.3260 33.0293 1685219449420 201.2500 -0.2022
11.2378 -82.1462 -53.8082 37.8993 1685219449453 233.2500 -0.1989
9.9916 -83.0425 -54.1377 21.0232 1685219449485 267.0000 -0.1989
11.0925 -81.4267 -53.7116 24.0581 1685219449519 299.5000 -0.1972
10.7567 -80.1863 -54.0172 36.4516 1685219449551 332.0000 -0.1943
9.4315 -80.4754 -53.7681 28.3247 1685219449583 365.0000 -0.1930
9.2986 -80.9356 -53.8871 19.5162 1685219449616 397.5000 -0.1921
9.0417 -81.0005 -54.0788 23.5041 1685219449649 430.0000 -0.1911
8.5479 -81.7294 -54.2691 21.4829 1685219449681 463.0000 -0.1904
8.3067 -82.0635 -53.8737 25.5818 1685219449714 495.7500 -0.1896
8.4096 -82.2748 -54.4137 22.3638 1685219449747 527.7500 -0.1888
7.7968 -82.6136 -53.2599 23.2985 1685219449779 561.0000 -0.1853
8.1051 -82.4266 -52.8877 21.1980 1685219449811 593.5000 -0.1828
7.4594 -82.9804 -53.3681 23.0517 1685219449846 626.2500 -0.1821
6.9534 -83.3149 -54.5953 25.4107 1685219449878 336.0000 -0.1799
8.0802 -83.1415 -54.5773 21.2862 1685219449910 46.0000 -0.1799
8.9229 -82.8177 -54.2697 18.8124 1685219449943 78.2500 -0.1773
9.7458 -82.4834 -54.6952 38.6930 1685219449976 111.0000 -0.1753
9.1265 -82.6169 -55.0084 43.6675 1685219450008 144.0000 -0.1720
8.7269 -82.3795 -54.9513 36.6263 1685219450041 176.5000 -0.1714
9.3559 -82.2833 -54.5343 34.6802 1685219450074 209.0000 -0.1690
10.1453 -82.3084 -54.1367 37.5335 1685219450106 242.0000 -0.1672
10.2657 -82.4407 -54.0150 32.5752 1685219450138 274.5000 -0.1661
10.7009 -81.8839 -54.1089 27.3430 1685219450173 307.0000 -0.1628
10.4918 -80.9472 -54.2423 32.3184 1685219450205 340.0000 -0.1608
9.8671 -80.8117 -54.4042 25.7055 1685219450237 372.5000 -0.1549
9.1580 -81.4234 -54.2126 27.1444 1685219450270 404.7500 -0.1496
8.8603 -81.6164 -54.0017 29.0995 1685219450303 438.0000 -0.1442
8.9455 -81.9789 -54.2503 24.5370 1685219450335 470.7500 -0.1379
8.6717 -82.4692 -54.4254 23.3301 1685219450368 503.0000 -0.1315
8.5716 -82.6375 -54.3552 25.7226 1685219450401 536.0000 -0.1244
8.6540 -83.0134 -54.0702 20.1641 1685219450433 568.7500 -0.1173
8.3564 -82.9044 -53.6283 16.8171 1685219450465 601.2500 -0.1103
9.1803 -82.0232 -53.7862 12.0068 1685219450499 634.0000 -0.1032
9.0497 -83.0770 -55.3480 11.3019 1685219450531 502.2500 -0.0963
8.4492 -84.0613 -55.0604 16.7685 1685219450563 41.0000 -0.0858
10.1322 -82.7231 -54.9885 15.0677 1685219450598 74.0000 -0.0763
10.3658 -83.3303 -55.3579 50.6092 1685219450630 106.7500 -0.0728
10.1990 -83.1781 -55.9923 39.5847 1685219450662 139.5000 -0.0621
9.6677 -83.3980 -56.2360 37.4193 1685219450695 171.7500 -0.0589
9.9292 -83.1912 -56.0730 43.6891 1685219450728 205.0000 -0.0490
10.4449 -83.2591 -55.5209 40.1560 1685219450760 237.5000 -0.0402
11.3520 -83.0793 -55.3325 33.5967 1685219450792 270.0000 -0.0372
10.5657 -84.2820 -55.2069 20.6727 1685219450826 303.0000 -0.0319
11.7013 -82.2820 -55.5432 30.3117 1685219450858 335.7500 -0.0265
11.1522 -81.2674 -55.9606 29.8211 1685219450890 368.0000 -0.0167
10.8859 -81.4852 -55.7075 34.7120 1685219450924 401.0000 -0.0138
10.3482 -82.1315 -55.5905 29.3328 1685219450957 433.7500 -0.0050
10.5075 -82.5860 -55.5270 25.0849 1685219450989 466.2500 -0.0050
10.4278 -82.9460 -55.7520 20.7132 1685219451022 499.0000 0.0053
10.1590 -83.2103 -55.7105 25.6658 1685219451055 530.7500 0.0104
10.3933 -83.6219 -55.3171 19.1856 1685219451087 564.2500 0.0155
10.4860 -84.1930 -54.5794 19.7973 1685219451119 597.0000 0.0201
10.6357 -83.5628 -54.5512 18.9943 1685219451153 630.0000 0.0248
11.2747 -83.6083 -55.2189 21.7087 1685219451185 662.5000 0.0331
10.5328 -84.4758 -55.7763 16.7598 1685219451217 32.0000 0.0331
10.3055 -84.9220 -56.5156 21.3471 1685219451251 65.0000 0.0424
11.4996 -84.0575 -56.0026 43.3325 1685219451283 97.5000 0.0470
12.0079 -84.0956 -56.3304 41.0841 1685219451315 130.0000 0.0516
12.0037 -84.4919 -56.7586 41.0841 1685219451331 146.0000 0.0516
