-12.4717 77.2710 -29.6983 0.0000 1650405795681 1191430.0000 -0.2004
-12.5418 77.3889 -29.6912 0.0000 1650405795710 1191459.0000 -0.2004
-12.2778 77.4395 -29.8961 0.0000 1650405795739 1191487.7500 -0.2004
-12.4791 77.5330 -29.8852 0.0000 1650405795768 1191518.0000 -0.2004
-12.5227 77.2851 -29.7234 0.0000 1650405795797 1191545.7500 -0.2004
-12.2608 77.4244 -29.8187 0.0000 1650405795826 1191574.7500 -0.2004
-12.3198 77.3974 -29.8746 0.0000 1650405795855 1191603.7500 -0.2004
-12.3429 77.4182 -29.8798 0.0000 1650405795884 1191632.7500 -0.2004
-12.3548 77.3078 -29.7938 0.0000 1650405795912 1191661.7500 -0.1999
-12.5425 77.2073 -29.6589 0.0000 1650405795941 1191690.7500 -0.1999
-12.3216 77.4529 -29.8798 0.0000 1650405795971 1191719.7500 -0.1999
-12.3457 77.4061 -29.8441 0.0000 1650405796000 1191749.7500 -0.1999
-12.4200 77.3611 -29.7299 0.0000 1650405796028 1191779.0000 -0.1999
-12.4952 77.5069 -29.7875 0.0000 1650405796058 1191806.7500 -0.1999
-12.2945 77.4324 -29.8792 0.0000 1650405796087 1191836.7500 -0.1996
-12.3974 77.5583 -29.8623 0.0000 1650405796116 1191864.5000 -0.1994
-12.3133 77.4654 -29.8346 0.0000 1650405796145 1191893.7500 -0.1994
-12.5044 77.2969 -29.6147 0.0000 1650405796173 1191922.7500 -0.1994
-12.2491 77.4146 -29.8833 0.0000 1650405796203 1191951.7500 -0.1994
-12.3795 77.4455 -29.8085 0.0000 1650405796231 1191980.5000 -0.1994
-12.3809 77.3251 -29.8224 0.0000 1650405796260 1192009.7500 -0.1994
-12.5068 77.3508 -29.7017 0.0000 1650405796289 1192038.7500 -0.1994
-12.5591 77.2499 -29.7293 0.0000 1650405796318 1192067.7500 -0.1996
-12.4088 77.5049 -29.8699 0.0000 1650405796347 1192096.7500 -0.1999
-12.4240 77.4634 -29.8008 0.0000 1650405796376 1192125.5000 -0.1999
-12.3577 77.4619 -29.9204 0.0000 1650405796405 1192154.5000 -0.1999
-12.3830 77.4594 -29.8662 0.0000 1650405796435 1192183.2500 -0.1999
-12.3054 77.4836 -29.8321 0.0000 1650405796464 1192212.2500 -0.1999
-12.6077 77.3351 -29.6794 0.0000 1650405796492 1192241.2500 -0.1999
-12.3035 77.4656 -29.9196 0.0000 1650405796522 1192271.5000 -0.2004
-12.6438 77.3436 -29.6701 0.0000 1650405796550 1192298.5000 -0.2004
-12.3434 77.4551 -29.9586 0.0000 1650405796579 1192328.2500 -0.2004
-12.4240 77.3647 -29.6954 0.0000 1650405796608 1192357.2500 -0.2004
-12.3182 77.4606 -29.8358 0.0000 1650405796637 1192386.2500 -0.2004
-12.2916 77.4603 -29.9150 0.0000 1650405796666 1192415.2500 -0.2004
-12.3338 77.4825 -29.9483 0.0000 1650405796695 1192444.2500 -0.1999
-12.3419 77.3936 -29.8415 0.0000 1650405796724 1192473.2500 -0.1999
-12.6069 77.3577 -29.7818 0.0000 1650405796753 1192502.2500 -0.1999
-12.3995 77.3528 -29.7951 0.0000 1650405796782 1192533.7500 -0.1999
-12.3906 77.4272 -29.8682 0.0000 1650405796811 1192561.0000 -0.1999
-12.3246 77.4571 -29.7847 0.0000 1650405796840 1192589.0000 -0.1999
-12.4936 77.3104 -29.6500 0.0000 1650405796869 1192619.5000 -0.1999
-12.5829 77.2609 -29.5970 0.0000 1650405796899 1192646.7500 -0.1999
-12.3588 77.4093 -29.7540 0.0000 1650405796927 1192675.7500 -0.1994
-12.2932 77.4269 -29.7776 0.0000 1650405796956 1192704.7500 -0.1994
-12.3622 77.3384 -29.7972 0.0000 1650405796985 1192733.7500 -0.1994
-12.2955 77.5202 -29.8512 0.0000 1650405797014 1192762.7500 -0.1994
-12.3756 77.3954 -29.7808 0.0000 1650405797043 1192791.7500 -0.1994
-12.5197 77.1998 -29.6060 0.0000 1650405797071 1192820.7500 -0.1994
-12.5375 77.3158 -29.6414 0.0000 1650405797101 1192849.7500 -0.1994
-12.4182 77.5179 -29.8194 0.0000 1650405797130 1192878.7500 -0.1994
-12.4422 77.5308 -29.8627 0.0000 1650405797159 1192907.7500 -0.1999
-12.5054 77.2258 -29.6292 0.0000 1650405797187 1192936.7500 -0.1999
-12.5206 77.3939 -29.6757 0.0000 1650405797217 1192965.7500 -0.1999
-12.2925 77.4217 -29.8343 0.0000 1650405797246 1192994.7500 -0.1999
-12.3513 77.4296 -29.7117 0.0000 1650405797275 1193023.7500 -0.1999
-12.4023 77.4219 -29.7803 0.0000 1650405797304 1193053.7500 -0.1999
-12.4855 77.5042 -29.8153 0.0000 1650405797333 1193081.5000 -0.2000
-12.3528 77.4118 -29.9080 0.0000 1650405797362 1193110.7500 -0.2004
-12.3045 77.4656 -29.8544 0.0000 1650405797390 1193139.7500 -0.2004
-12.3040 77.4676 -29.8397 0.0000 1650405797419 1193168.7500 -0.2004
-12.3140 77.5482 -29.8827 0.0000 1650405797448 1193197.7500 -0.2004
-12.4747 77.1979 -29.6867 0.0000 1650405797477 1193226.5000 -0.2004
-12.3948 77.4220 -29.7936 0.0000 1650405797506 1193255.5000 -0.2004
-12.2393 77.5156 -29.9303 0.0000 1650405797536 1193284.5000 -0.1999
-12.3169 77.4296 -29.9036 0.0000 1650405797564 1193313.0000 -0.1999
-12.3383 77.5200 -29.8392 0.0000 1650405797593 1193341.7500 -0.1999
-12.3788 77.4201 -29.7448 0.0000 1650405797623 1193371.2500 -0.1999
-12.3001 77.5794 -29.7633 0.0000 1650405797651 1193403.0000 -0.1994
-12.3269 77.5026 -29.8338 0.0000 1650405797681 1193429.2500 -0.1994
-12.4319 77.2547 -29.6729 0.0000 1650405797709 1193458.2500 -0.1994
-12.2649 77.3396 -29.8065 0.0000 1650405797738 1193487.2500 -0.1994
-12.3052 77.4999 -29.7220 0.0000 1650405797767 1193516.2500 -0.1994
-12.3659 77.4062 -29.8200 0.0000 1650405797796 1193545.2500 -0.1994
-12.3740 77.5178 -29.7610 0.0000 1650405797825 1193574.2500 -0.1989
-12.3232 77.4150 -29.8138 0.0000 1650405797854 1193603.2500 -0.1989
-12.6596 77.3459 -29.6048 0.0000 1650405797883 1193632.0000 -0.1989
-12.3485 77.5359 -29.8252 0.0000 1650405797912 1193661.0000 -0.1989
-12.4302 77.2465 -29.6597 0.0000 1650405797941 1193690.0000 -0.1989
-12.3588 77.4422 -29.6744 0.0000 1650405797970 1193719.0000 -0.1989
-12.3822 77.3639 -29.7606 0.0000 1650405798000 1193747.7500 -0.1990
-12.5077 77.3145 -29.6496 0.0000 1650405798028 1193776.7500 -0.1994
-12.3809 77.4487 -29.7852 0.0000 1650405798057 1193805.7500 -0.1994
-12.4141 77.5370 -29.8520 0.0000 1650405798086 1193836.0000 -0.1994
-12.2652 77.5229 -29.7500 0.0000 1650405798115 1193863.2500 -0.1994
-12.4569 77.2882 -29.6814 0.0000 1650405798144 1193892.7500 -0.1994
-12.4188 77.3600 -29.5605 0.0000 1650405798173 1193921.7500 -0.1994
-12.2861 77.5601 -29.8118 0.0000 1650405798202 1193950.7500 -0.1994
-12.3844 77.4936 -29.9410 0.0000 1650405798230 1193979.7500 -0.1994
-12.3233 77.3917 -29.8511 0.0000 1650405798260 1194008.7500 -0.1994
-12.1985 77.5337 -29.7750 0.0000 1650405798289 1194037.7500 -0.1994
-12.4308 77.3909 -29.6272 0.0000 1650405798318 1194066.7500 -0.1994
-12.4846 77.2906 -29.5978 0.0000 1650405798347 1194100.0000 -0.1994
-12.4529 77.2176 -29.6616 0.0000 1650405798376 1194126.0000 -0.1994
-12.3510 77.4946 -29.8810 0.0000 1650405798405 1194153.7500 -0.1994
-12.4231 77.2862 -29.7978 0.0000 1650405798434 1194182.2500 -0.1994
-12.2866 77.4917 -29.8510 0.0000 1650405798463 1194211.7500 -0.1994
-12.6648 77.4167 -29.7156 0.0000 1650405798492 1194240.7500 -0.1989
-12.0080 76.9838 -28.9451 0.0000 1650405798521 1194269.7500 -0.1989
-12.1013 76.9405 -28.1110 0.0000 1650405798549 1194298.7500 -0.1989
-11.6440 77.0651 -28.4047 0.0000 1650405798579 1194327.5000 -0.1989
-11.4480 77.1443 -27.8192 0.0000 1650405798607 1194356.5000 -0.1989
-12.0858 77.5282 -26.7298 0.0000 1650405798636 1194385.5000 -0.1989
-11.8175 77.4365 -26.2699 0.0000 1650405798665 1194414.2500 -0.1984
-12.1059 77.6488 -25.4198 0.0000 1650405798695 1194443.2500 -0.1984
-12.0469 77.9047 -24.8516 0.0000 1650405798723 1194472.2500 -0.1984
-12.0079 77.5711 -24.0991 0.0000 1650405798753 1194501.2500 -0.1984
-12.0946 77.9119 -23.5146 0.0000 1650405798782 1194530.2500 -0.1984
-12.1041 77.9055 -22.8044 0.0000 1650405798811 1194559.2500 -0.1984
-12.1585 77.7405 -22.0596 0.0000 1650405798840 1194588.2500 -0.1989
-12.3453 78.0425 -22.1667 0.0000 1650405798868 1194620.0000 -0.1989
-11.9438 77.6831 -22.0330 0.0000 1650405798897 1194647.2500 -0.1990
-12.1055 77.9587 -22.1283 0.0000 1650405798926 1194675.2500 -0.1994
-12.2477 77.5869 -22.2719 0.0000 1650405798955 1194704.2500 -0.1994
-12.2100 77.6026 -21.9196 0.0000 1650405798984 1194733.2500 -0.1994
-12.4273 77.5873 -21.9297 0.0000 1650405799013 1194762.0000 -0.1994
-12.5578 77.2334 -21.8027 0.0000 1650405799042 1194791.0000 -0.1994
-12.7624 77.4023 -21.7706 0.0000 1650405799071 1194820.0000 -0.1994
-12.5655 77.5080 -21.7218 0.0000 1650405799100 1194849.0000 -0.1999
-12.7641 77.5772 -21.8183 0.0000 1650405799129 1194882.0000 -0.1998
-12.8725 77.4693 -21.6868 0.0000 1650405799159 1194906.2500 -0.1994
-12.7152 77.4698 -21.8542 0.0000 1650405799187 1194935.7500 -0.1994
-12.6375 77.3042 -22.0124 0.0000 1650405799216 1194964.5000 -0.1999
-12.7265 77.3787 -21.8777 0.0000 1650405799245 1194993.7500 -0.1998
-12.6188 77.3969 -22.0336 0.0000 1650405799274 1195022.7500 -0.1994
-12.5085 77.3658 -22.0283 0.0000 1650405799303 1195051.7500 -0.1994
-12.5532 77.4099 -21.7590 0.0000 1650405799332 1195080.7500 -0.1994
-12.5285 77.2251 -21.9058 0.0000 1650405799361 1195109.7500 -0.1994
-12.5324 77.4274 -21.8753 0.0000 1650405799390 1195138.7500 -0.1994
-12.7563 77.4239 -21.7226 0.0000 1650405799419 1195167.7500 -0.1994
-12.5675 77.3339 -21.8973 0.0000 1650405799448 1195196.7500 -0.1994
-12.5286 77.3804 -21.8151 0.0000 1650405799477 1195225.7500 -0.1994
-12.5371 77.2534 -21.9134 0.0000 1650405799506 1195254.7500 -0.1994
-12.7471 77.4752 -21.7412 0.0000 1650405799535 1195283.7500 -0.1994
-12.7117 77.4590 -21.8191 0.0000 1650405799564 1195312.7500 -0.1989
-12.5950 77.4350 -21.8181 0.0000 1650405799593 1195341.7500 -0.1989
-12.6168 77.3384 -21.7765 0.0000 1650405799622 1195370.7500 -0.1989
-12.6542 77.5854 -21.8622 0.0000 1650405799651 1195400.7500 -0.1989
-12.6361 77.4013 -21.8540 0.0000 1650405799680 1195428.2500 -0.1990
-12.5847 77.6208 -21.8874 0.0000 1650405799708 1195457.5000 -0.1994
-12.5921 77.3336 -21.8852 0.0000 1650405799738 1195486.5000 -0.1994
-12.5979 77.4584 -21.8960 0.0000 1650405799766 1195515.2500 -0.1994
-12.5580 77.3936 -21.9590 0.0000 1650405799795 1195544.2500 -0.1994
-12.6191 77.4087 -21.7897 0.0000 1650405799825 1195573.2500 -0.1994
-12.4604 77.4543 -21.7059 0.0000 1650405799854 1195602.2500 -0.1996
-12.6339 77.4465 -21.6708 0.0000 1650405799882 1195631.2500 -0.1999
-12.6161 77.3066 -21.6983 0.0000 1650405799911 1195661.2500 -0.1999
-12.6143 77.4935 -21.7060 0.0000 1650405799941 1195689.0000 -0.1999
-12.4431 77.4552 -21.7965 0.0000 1650405799970 1195718.2500 -0.1999
-12.5711 77.2771 -21.7937 0.0000 1650405799999 1195748.5000 -0.1999
-12.4022 77.3076 -21.7223 0.0000 1650405800027 1195776.2500 -0.1999
-12.6061 77.2783 -21.8315 0.0000 1650405800056 1195805.2500 -0.1999
-12.6049 77.2868 -21.7986 0.0000 1650405800085 1195834.2500 -0.1999
-12.4899 77.3553 -21.8048 0.0000 1650405800114 1195863.0000 -0.1994
-12.5930 77.3532 -21.9899 0.0000 1650405800143 1195892.0000 -0.1994
-12.4648 77.2813 -22.2386 0.0000 1650405800172 1195921.0000 -0.1994
-12.3923 77.2588 -23.0482 0.0000 1650405800201 1195950.0000 -0.1994
-11.6853 77.6516 -24.1045 0.0000 1650405800230 1195978.7500 -0.1989
-11.7864 77.9949 -24.3494 0.0000 1650405800259 1196007.7500 -0.1989
-11.3228 77.2790 -25.4173 0.0000 1650405800288 1196036.7500 -0.1984
-11.4127 77.4616 -25.9463 0.0000 1650405800318 1196065.7500 -0.1984
-11.7105 77.9147 -26.2015 0.0000 1650405800346 1196094.7500 -0.1984
-11.9789 77.9197 -26.9022 0.0000 1650405800375 1196123.7500 -0.1984
-11.7208 77.9706 -27.7740 0.0000 1650405800404 1196152.7500 -0.1984
-11.9997 77.8509 -28.1618 0.0000 1650405800433 1196183.0000 -0.1984
-12.0741 77.9011 -28.8819 0.0000 1650405800462 1196210.5000 -0.1984
-11.9122 77.8728 -29.4149 0.0000 1650405800491 1196239.7500 -0.1984
-11.9677 77.8844 -30.2016 0.0000 1650405800520 1196268.7500 -0.1987
-11.9679 77.9436 -30.8160 0.0000 1650405800549 1196297.7500 -0.1989
-12.3033 77.6838 -31.2096 0.0000 1650405800578 1196326.7500 -0.1990
-11.9962 77.9015 -32.3385 0.0000 1650405800607 1196355.7500 -0.1994
-12.0507 77.7233 -32.8745 0.0000 1650405800636 1196384.7500 -0.1994
-12.3284 77.7762 -33.3847 0.0000 1650405800665 1196415.0000 -0.1994
-12.0287 77.9188 -34.1103 0.0000 1650405800694 1196445.2500 -0.1995
-12.1847 77.7168 -34.6624 0.0000 1650405800723 1196471.2500 -0.1999
-12.0737 77.9744 -35.3943 0.0000 1650405800752 1196500.7500 -0.1999
-11.9390 77.5912 -35.9179 0.0000 1650405800781 1196532.5000 -0.1999
-12.0871 77.4611 -36.4445 0.0000 1650405800810 1196558.5000 -0.1999
-12.0542 77.7196 -37.3179 0.0000 1650405800839 1196587.5000 -0.1999
-11.7402 77.7284 -37.6635 0.0000 1650405800868 1196616.5000 -0.1999
-11.9439 77.4537 -38.0056 0.0000 1650405800897 1196645.2500 -0.1999
-12.0510 77.5776 -38.8012 0.0000 1650405800925 1196674.2500 -0.1999
-12.0264 77.6350 -39.1295 0.0000 1650405800954 1196703.2500 -0.1994
-11.6975 77.6572 -40.0157 0.0000 1650405800984 1196732.2500 -0.1994
-12.0601 77.7065 -40.6130 0.0000 1650405801013 1196761.2500 -0.1994
-11.9424 77.4957 -41.1395 0.0000 1650405801041 1196790.2500 -0.1994
-11.7256 77.4394 -41.1793 0.0000 1650405801071 1196819.2500 -0.1994
-11.5417 77.3623 -42.0201 0.0000 1650405801100 1196848.2500 -0.1994
-11.7870 77.6085 -42.3040 0.0000 1650405801129 1196877.2500 -0.1989
-11.6324 77.4411 -42.7465 0.0000 1650405801158 1196906.2500 -0.1989
-11.8580 77.2842 -43.1855 0.0000 1650405801187 1196935.2500 -0.1989
-11.8435 77.6060 -43.2363 0.0000 1650405801216 1196968.2500 -0.1989
-11.8679 77.7455 -43.2508 0.0000 1650405801244 1196992.7500 -0.1989
-11.5871 77.4499 -43.6075 0.0000 1650405801273 1197022.0000 -0.1989
-11.8344 77.3222 -44.2023 0.0000 1650405801302 1197051.0000 -0.1989
-11.8378 77.5486 -44.3557 0.0000 1650405801331 1197079.7500 -0.1989
-12.0142 77.2152 -44.2403 0.0000 1650405801360 1197108.7500 -0.1994
-12.0973 77.4177 -44.3472 0.0000 1650405801389 1197137.7500 -0.1994
-11.7523 77.4972 -44.4134 0.0000 1650405801418 1197166.7500 -0.1994
-11.5937 77.5535 -44.3762 0.0000 1650405801447 1197195.7500 -0.1994
-11.9523 77.6004 -44.6895 0.0000 1650405801477 1197226.0000 -0.1994
-12.1404 77.7331 -44.5197 0.0000 1650405801505 1197253.5000 -0.1994
-11.9179 77.4429 -44.5558 0.0000 1650405801534 1197282.7500 -0.1994
-11.9075 77.6784 -44.5321 0.0000 1650405801563 1197313.0000 -0.1994
-12.0115 77.7490 -44.5097 0.0000 1650405801592 1197340.7500 -0.1994
-11.9798 77.6954 -44.5805 0.0000 1650405801621 1197369.7500 -0.1994
-12.2744 77.7846 -44.1563 0.0000 1650405801650 1197398.7500 -0.1996
-12.0524 77.6462 -44.3755 0.0000 1650405801679 1197427.7500 -0.1999
-12.1876 77.6891 -43.9449 0.0000 1650405801708 1197456.7500 -0.1999
-12.0282 77.3997 -43.9625 0.0000 1650405801737 1197485.7500 -0.1999
-11.8951 77.5233 -43.8744 0.0000 1650405801765 1197514.7500 -0.1999
-11.9619 77.7475 -43.0784 0.0000 1650405801795 1197543.7500 -0.1994
-11.8727 77.8300 -42.7760 0.0000 1650405801824 1197572.7500 -0.1994
-11.7682 77.6649 -42.7216 0.0000 1650405801853 1197601.7500 -0.1994
-11.9347 77.6862 -42.3369 0.0000 1650405801882 1197630.7500 -0.1994
-11.7282 77.6409 -42.1812 0.0000 1650405801911 1197659.7500 -0.1994
-11.6453 77.7731 -41.4626 0.0000 1650405801940 1197688.5000 -0.1994
-11.7474 77.6082 -41.3011 0.0000 1650405801969 1197717.5000 -0.1989
-11.8139 77.7174 -40.8959 0.0000 1650405801998 1197745.7500 -0.1989
-11.6938 77.5173 -40.3238 0.0000 1650405802027 1197775.2500 -0.1989
-11.8915 77.9200 -39.6939 0.0000 1650405802056 1197804.2500 -0.1989
-11.9732 77.8622 -39.1391 0.0000 1650405802084 1197833.2500 -0.1987
-11.9322 77.5679 -38.5981 0.0000 1650405802114 1197862.2500 -0.1984
-11.7330 77.7338 -38.0148 0.0000 1650405802142 1197891.2500 -0.1984
-11.8398 77.8121 -37.2344 0.0000 1650405802171 1197920.2500 -0.1984
-11.8048 77.4782 -36.8738 0.0000 1650405802200 1197949.2500 -0.1985
-11.8343 77.8274 -36.2910 0.0000 1650405802229 1197978.2500 -0.1989
-12.1292 77.7010 -35.3136 0.0000 1650405802259 1198006.2500 -0.1989
-12.0856 77.6761 -34.8757 0.0000 1650405802288 1198036.2500 -0.1989
-12.2597 77.7833 -34.3702 0.0000 1650405802317 1198066.7500 -0.1989
-12.4118 77.9495 -33.4500 0.0000 1650405802345 1198095.0000 -0.1989
-12.2962 77.6328 -33.2161 0.0000 1650405802375 1198123.0000 -0.1989
-12.2013 77.9337 -32.2832 0.0000 1650405802403 1198152.0000 -0.1989
-12.4792 77.7496 -31.3071 0.0000 1650405802432 1198181.0000 -0.1989
-12.2982 77.8918 -31.1804 0.0000 1650405802461 1198209.7500 -0.1989
-12.3767 77.7392 -30.3180 0.0000 1650405802490 1198238.7500 -0.1989
-12.4014 77.9107 -29.5986 0.0000 1650405802519 1198267.7500 -0.1994
-12.3053 77.7626 -28.7168 0.0000 1650405802548 1198296.7500 -0.1994
-12.6200 77.6784 -27.8080 0.0000 1650405802577 1198325.7500 -0.1994
-12.1874 77.5453 -27.5514 0.0000 1650405802606 1198354.7500 -0.1994
-12.7312 77.4674 -26.5390 0.0000 1650405802636 1198383.7500 -0.1989
-12.3505 77.7574 -26.1356 0.0000 1650405802664 1198412.7500 -0.1989
-11.9599 77.3575 -25.7607 0.0000 1650405802694 1198441.7500 -0.1989
-12.3378 77.4765 -24.7374 0.0000 1650405802726 1198470.7500 -0.1989
-12.3097 77.6868 -24.0874 0.0000 1650405802751 1198499.7500 -0.1989
-12.3343 77.3877 -23.5826 0.0000 1650405802780 1198529.2500 -0.1989
-12.3269 78.0251 -22.7258 0.0000 1650405802809 1198557.7500 -0.1984
-12.5713 77.4665 -22.1266 0.0000 1650405802838 1198586.7500 -0.1984
-12.5050 77.4895 -21.4850 0.0000 1650405802867 1198615.7500 -0.1984
-12.1646 77.8313 -21.9501 0.0000 1650405802896 1198644.7500 -0.1984
-12.3918 77.7639 -22.1633 0.0000 1650405802925 1198673.7500 -0.1979
-12.5506 77.0181 -22.1270 0.0000 1650405802954 1198702.7500 -0.1979
-12.5506 77.1262 -21.7029 0.0000 1650405802983 1198731.7500 -0.1979
-12.5136 77.6154 -22.1660 0.0000 1650405803012 1198762.0000 -0.1979
-12.7804 77.1974 -21.8113 0.0000 1650405803041 1198791.7500 -0.1979
-12.6981 77.2695 -21.6937 0.0000 1650405803070 1198818.5000 -0.1979
-12.9738 77.5492 -21.5521 0.0000 1650405803099 1198847.5000 -0.1979
-12.7263 77.3119 -21.9085 0.0000 1650405803128 1198875.7500 -0.1979
-12.8792 77.5967 -21.7150 0.0000 1650405803157 1198905.2500 -0.1984
-12.7534 77.6040 -21.8257 0.0000 1650405803186 1198934.2500 -0.1984
-12.7730 77.5650 -21.7655 0.0000 1650405803215 1198963.2500 -0.1984
-12.6822 77.4334 -21.7500 0.0000 1650405803243 1198992.2500 -0.1984
-12.7079 77.4433 -21.6675 0.0000 1650405803273 1199021.2500 -0.1984
-12.5236 77.3358 -21.7841 0.0000 1650405803301 1199050.2500 -0.1984
-12.1414 77.7421 -21.9014 0.0000 1650405803331 1199079.2500 -0.1984
-12.5567 77.3491 -21.8131 0.0000 1650405803360 1199108.2500 -0.1984
-12.6117 77.2521 -21.7620 0.0000 1650405803389 1199137.2500 -0.1984
-12.6781 77.4826 -21.3479 0.0000 1650405803418 1199166.2500 -0.1984
-12.4678 77.2135 -21.7644 0.0000 1650405803447 1199195.2500 -0.1984
-12.6689 77.2794 -21.6730 0.0000 1650405803476 1199224.0000 -0.1984
-12.5535 77.2993 -21.7775 0.0000 1650405803505 1199253.0000 -0.1984
-12.7065 77.1605 -21.8045 0.0000 1650405803534 1199283.5000 -0.1984
-12.6497 77.3601 -21.5257 0.0000 1650405803562 1199311.5000 -0.1984
-12.6094 77.1847 -21.8270 0.0000 1650405803591 1199339.7500 -0.1984
-12.5708 77.3320 -21.7708 0.0000 1650405803620 1199368.7500 -0.1984
-12.5416 77.1960 -21.6567 0.0000 1650405803649 1199397.7500 -0.1979
-12.4697 77.2585 -21.8390 0.0000 1650405803678 1199426.7500 -0.1979
-12.7137 77.2773 -21.7228 0.0000 1650405803708 1199455.7500 -0.1974
-12.5675 77.3783 -21.8026 0.0000 1650405803736 1199484.7500 -0.1974
-12.6053 77.4698 -21.7218 0.0000 1650405803765 1199513.7500 -0.1974
-12.5272 77.2957 -21.7328 0.0000 1650405803795 1199544.2500 -0.1974
-12.6540 77.1225 -21.7187 0.0000 1650405803823 1199570.7500 -0.1974
-12.5781 77.4629 -21.5741 0.0000 1650405803853 1199600.7500 -0.1974
-12.5696 77.2903 -21.7244 0.0000 1650405803881 1199631.2500 -0.1976
-12.6859 77.4785 -21.7073 0.0000 1650405803910 1199658.5000 -0.1979
-12.6540 77.2653 -21.6641 0.0000 1650405803939 1199687.7500 -0.1979
-12.5844 77.2186 -21.6539 0.0000 1650405803968 1199716.7500 -0.1979
-12.5841 77.3591 -21.7611 0.0000 1650405803997 1199745.7500 -0.1979
-12.4783 77.2130 -21.7420 0.0000 1650405804026 1199774.7500 -0.1979
-12.5246 77.2558 -21.7917 0.0000 1650405804055 1199803.7500 -0.1979
-12.5808 77.2533 -21.8224 0.0000 1650405804084 1199832.7500 -0.1979
-12.6411 77.3659 -21.8611 0.0000 1650405804113 1199861.7500 -0.1979
-12.4716 77.2545 -21.7069 0.0000 1650405804142 1199890.7500 -0.1979
-12.4488 77.3005 -21.8519 0.0000 1650405804171 1199919.5000 -0.1979
-12.1729 77.5398 -22.6484 0.0000 1650405804200 1199948.5000 -0.1979
-12.1644 77.1204 -23.1299 0.0000 1650405804229 1199977.2500 -0.1979
-11.7284 77.7413 -24.1103 0.0000 1650405804258 1200006.2500 -0.1979
-11.9422 77.8462 -24.3553 0.0000 1650405804287 1200035.2500 -0.1979
-11.9924 77.6681 -25.1723 0.0000 1650405804316 1200065.7500 -0.1979
-11.1345 77.5825 -26.2538 0.0000 1650405804345 1200092.7500 -0.1978
-11.8097 77.5987 -26.4352 0.0000 1650405804374 1200122.2500 -0.1974
-11.8181 77.6714 -27.0790 0.0000 1650405804402 1200151.2500 -0.1974
-11.4092 77.6999 -28.0633 0.0000 1650405804432 1200180.2500 -0.1974
-11.9688 77.6289 -28.3480 0.0000 1650405804460 1200209.2500 -0.1974
-11.9184 78.0303 -29.0336 0.0000 1650405804490 1200238.2500 -0.1974
-12.2221 77.9678 -29.5320 0.0000 1650405804518 1200267.2500 -0.1974
-11.8674 77.9703 -30.3845 0.0000 1650405804548 1200296.2500 -0.1969
-11.9217 77.9177 -30.9859 0.0000 1650405804577 1200324.7500 -0.1969
-12.2876 77.8341 -31.5457 0.0000 1650405804606 1200353.5000 -0.1969
-11.8801 77.9175 -32.5936 0.0000 1650405804635 1200383.0000 -0.1969
-12.0293 77.8039 -33.0475 0.0000 1650405804664 1200412.0000 -0.1969
-12.1206 77.8082 -33.8151 0.0000 1650405804693 1200440.5000 -0.1969
-11.7511 77.6456 -34.4648 0.0000 1650405804721 1200469.7500 -0.1974
-12.2460 77.8632 -34.7818 0.0000 1650405804751 1200498.7500 -0.1974
-12.0343 77.8520 -35.6351 0.0000 1650405804779 1200527.7500 -0.1974
-12.1095 77.7897 -36.1307 0.0000 1650405804808 1200556.7500 -0.1974
-11.9933 77.6485 -36.7402 0.0000 1650405804837 1200585.7500 -0.1974
-12.0891 77.7158 -37.5385 0.0000 1650405804866 1200614.7500 -0.1974
-12.0709 77.5734 -37.7521 0.0000 1650405804895 1200643.7500 -0.1974
-11.9939 77.4566 -38.0919 0.0000 1650405804924 1200672.7500 -0.1974
-12.0398 77.5980 -39.2713 0.0000 1650405804953 1200701.7500 -0.1977
-11.9544 77.5222 -39.3348 0.0000 1650405804982 1200730.7500 -0.1979
-11.8404 77.6636 -40.3045 0.0000 1650405805012 1200759.7500 -0.1978
-12.0691 77.5493 -40.9381 0.0000 1650405805040 1200788.7500 -0.1974
-11.9440 77.3784 -41.0210 0.0000 1650405805069 1200817.7500 -0.1974
-11.7410 77.4105 -41.3440 0.0000 1650405805098 1200846.2500 -0.1979
-11.7346 77.4638 -41.9381 0.0000 1650405805127 1200875.2500 -0.1978
-11.9665 77.4621 -42.3593 0.0000 1650405805156 1200904.7500 -0.1974
-11.8011 77.1215 -42.7211 0.0000 1650405805185 1200933.7500 -0.1974
-11.8484 77.4637 -43.1195 0.0000 1650405805214 1200962.7500 -0.1974
-11.6133 77.5355 -43.2485 0.0000 1650405805243 1200991.7500 -0.1974
-11.4769 77.2081 -43.4920 0.0000 1650405805272 1201020.5000 -0.1974
-11.6067 77.3484 -43.8398 0.0000 1650405805301 1201049.5000 -0.1974
-11.8941 77.1502 -44.3617 0.0000 1650405805330 1201078.5000 -0.1969
-11.9388 77.2037 -44.3379 0.0000 1650405805359 1201108.5000 -0.1969
-11.8338 77.1668 -44.2699 0.0000 1650405805388 1201137.0000 -0.1969
-11.7284 77.1625 -44.5461 0.0000 1650405805417 1201165.2500 -0.1969
-12.0546 77.2954 -44.3959 0.0000 1650405805446 1201194.2500 -0.1965
-11.8508 77.5648 -44.4867 0.0000 1650405805475 1201223.2500 -0.1965
-12.0207 77.2098 -44.5416 0.0000 1650405805504 1201252.2500 -0.1965
-12.0808 77.2913 -44.5750 0.0000 1650405805533 1201281.2500 -0.1965
-11.9319 77.5249 -44.7930 0.0000 1650405805562 1201310.2500 -0.1965
-11.9490 77.4528 -44.6282 0.0000 1650405805591 1201339.2500 -0.1965
-11.6024 77.1052 -45.0930 0.0000 1650405805619 1201368.2500 -0.1965
-11.9804 77.5998 -44.4535 0.0000 1650405805648 1201397.2500 -0.1965
-11.8998 77.6887 -44.4400 0.0000 1650405805678 1201426.2500 -0.1966
-11.9106 77.6675 -44.3515 0.0000 1650405805707 1201455.0000 -0.1969
-11.8987 77.6634 -44.1832 0.0000 1650405805735 1201484.0000 -0.1969
-12.0331 77.6832 -43.8516 0.0000 1650405805765 1201513.0000 -0.1969
-12.0365 77.8569 -43.4541 0.0000 1650405805794 1201541.7500 -0.1969
-11.9823 77.7883 -42.9843 0.0000 1650405805823 1201570.7500 -0.1969
-11.8688 77.6244 -42.8642 0.0000 1650405805852 1201599.7500 -0.1969
-11.8500 77.5959 -42.6774 0.0000 1650405805880 1201630.2500 -0.1969
-11.8673 77.6444 -42.3737 0.0000 1650405805910 1201659.0000 -0.1969
-11.8292 77.7665 -41.9810 0.0000 1650405805938 1201686.7500 -0.1969
-11.7318 77.6089 -41.3954 0.0000 1650405805967 1201715.7500 -0.1969
-11.8854 77.6731 -40.9904 0.0000 1650405805996 1201744.7500 -0.1969
-11.9075 77.5137 -40.4553 0.0000 1650405806025 1201773.7500 -0.1968
-11.9824 77.8021 -40.0878 0.0000 1650405806054 1201802.7500 -0.1965
-11.6890 77.8184 -39.5659 0.0000 1650405806083 1201831.7500 -0.1965
-11.9701 77.5751 -38.7360 0.0000 1650405806112 1201860.7500 -0.1965
-12.0118 77.6493 -38.4856 0.0000 1650405806142 1201890.5000 -0.1965
-11.9139 77.6460 -37.8018 0.0000 1650405806171 1201920.0000 -0.1965
-12.0681 77.7793 -37.1762 0.0000 1650405806199 1201947.7500 -0.1965
-12.1187 77.7665 -36.4793 0.0000 1650405806229 1201977.7500 -0.1960
-11.9507 77.6936 -36.1243 0.0000 1650405806258 1202005.7500 -0.1960
-12.1323 77.6627 -35.1519 0.0000 1650405806286 1202034.7500 -0.1960
-12.1179 77.5638 -35.1242 0.0000 1650405806315 1202063.7500 -0.1960
-12.0789 77.8966 -34.3875 0.0000 1650405806344 1202092.7500 -0.1960
-12.4650 77.7290 -33.1875 0.0000 1650405806373 1202121.7500 -0.1960
-12.2349 77.6088 -32.9177 0.0000 1650405806402 1202150.5000 -0.1960
-12.4662 77.4691 -32.1949 0.0000 1650405806431 1202179.5000 -0.1960
-12.3958 77.5965 -31.5530 0.0000 1650405806460 1202208.2500 -0.1960
-12.2909 77.5849 -31.0457 0.0000 1650405806489 1202237.2500 -0.1960
-12.4659 77.7303 -30.0696 0.0000 1650405806518 1202266.2500 -0.1962
-12.2184 77.5660 -29.7035 0.0000 1650405806547 1202295.2500 -0.1965
-12.1923 77.4826 -28.6877 0.0000 1650405806576 1202324.2500 -0.1965
-12.2495 77.7010 -27.9371 0.0000 1650405806605 1202353.2500 -0.1965
-12.0225 77.6173 -27.5651 0.0000 1650405806634 1202382.2500 -0.1965
-12.1953 77.6963 -26.5781 0.0000 1650405806663 1202411.0000 -0.1965
-12.0804 77.6111 -25.8243 0.0000 1650405806692 1202439.7500 -0.1965
-12.0936 77.6183 -25.3171 0.0000 1650405806721 1202469.2500 -0.1965
-12.1598 77.7893 -24.4959 0.0000 1650405806750 1202498.2500 -0.1966
-12.1931 77.4153 -24.0190 0.0000 1650405806778 1202527.2500 -0.1969
-12.5809 77.6750 -23.1130 0.0000 1650405806808 1202556.0000 -0.1969
-12.2722 77.9698 -22.6464 0.0000 1650405806837 1202585.0000 -0.1969
-12.4530 77.4138 -21.9051 0.0000 1650405806866 1202614.0000 -0.1969
-12.5414 77.5878 -22.0954 0.0000 1650405806894 1202643.0000 -0.1965
-12.3942 77.2078 -21.9387 0.0000 1650405806924 1202674.7500 -0.1965
-12.5506 77.3178 -21.7458 0.0000 1650405806953 1202702.0000 -0.1965
-12.4609 77.5688 -21.8913 0.0000 1650405806982 1202729.7500 -0.1965
-12.6819 77.2336 -21.7009 0.0000 1650405807011 1202758.5000 -0.1965
-12.8357 77.1471 -21.7650 0.0000 1650405807040 1202787.7500 -0.1965
-12.8544 77.3397 -21.7641 0.0000 1650405807069 1202816.7500 -0.1960
-12.4502 77.5239 -22.0428 0.0000 1650405807097 1202845.7500 -0.1960
-12.4711 77.5152 -22.1026 0.0000 1650405807126 1202874.7500 -0.1960
-12.4629 77.5724 -22.1169 0.0000 1650405807155 1202903.7500 -0.1960
-12.7722 77.4167 -21.8153 0.0000 1650405807184 1202932.7500 -0.1960
-12.7176 77.3419 -21.8543 0.0000 1650405807213 1202961.7500 -0.1960
-12.7798 77.2804 -21.7239 0.0000 1650405807243 1202990.7500 -0.1960
-12.3230 77.6681 -22.2392 0.0000 1650405807271 1203019.7500 -0.1960
-12.6515 77.2122 -21.9052 0.0000 1650405807300 1203048.7500 -0.1960
-12.3060 77.6079 -22.1458 0.0000 1650405807330 1203077.7500 -0.1960
-12.5979 77.4363 -21.8769 0.0000 1650405807358 1203106.7500 -0.1960
-12.5279 77.2964 -21.7708 0.0000 1650405807388 1203135.7500 -0.1960
-12.6076 77.2985 -21.6915 0.0000 1650405807416 1203164.7500 -0.1960
-12.5223 77.2192 -21.8377 0.0000 1650405807445 1203193.5000 -0.1960
-12.6843 77.3136 -21.9215 0.0000 1650405807474 1203222.5000 -0.1960
-12.4507 77.2545 -21.8865 0.0000 1650405807503 1203251.5000 -0.1960
-12.6304 77.4036 -21.8700 0.0000 1650405807532 1203280.5000 -0.1961
-12.7198 77.1638 -21.8320 0.0000 1650405807561 1203309.5000 -0.1965
-12.6820 77.3538 -21.7373 0.0000 1650405807590 1203338.2500 -0.1965
-12.7308 77.2982 -21.8051 0.0000 1650405807619 1203367.2500 -0.1965
-12.6695 77.2893 -21.9004 0.0000 1650405807648 1203396.2500 -0.1963
-12.7435 77.2995 -21.8365 0.0000 1650405807677 1203425.2500 -0.1960
-12.5803 77.1711 -22.0479 0.0000 1650405807706 1203454.0000 -0.1960
-12.3471 76.9926 -22.2919 0.0000 1650405807735 1203482.5000 -0.1960
-12.7252 77.4316 -21.8596 0.0000 1650405807764 1203512.2500 -0.1960
-12.6693 77.4151 -21.9400 0.0000 1650405807793 1203540.7500 -0.1960
-12.5989 77.4419 -21.9702 0.0000 1650405807822 1203570.2500 -0.1960
-12.4450 77.4743 -21.9005 0.0000 1650405807851 1203599.2500 -0.1955
-12.4083 77.4181 -22.0207 0.0000 1650405807880 1203628.2500 -0.1955
-12.4746 77.4466 -21.8026 0.0000 1650405807909 1203657.2500 -0.1955
-12.5907 77.4216 -21.8150 0.0000 1650405807937 1203686.0000 -0.1955
-12.5666 77.3751 -21.7303 0.0000 1650405807967 1203715.0000 -0.1955
-12.1681 77.5516 -22.1412 0.0000 1650405807996 1203744.0000 -0.1955
-12.5487 77.3601 -21.9944 0.0000 1650405808025 1203772.7500 -0.1955
-12.6111 77.2474 -21.8716 0.0000 1650405808054 1203801.7500 -0.1955
-12.4099 77.2426 -21.7705 0.0000 1650405808083 1203830.7500 -0.1955
-12.5257 77.2207 -21.8956 0.0000 1650405808112 1203859.7500 -0.1955
-12.4845 77.2278 -22.0472 0.0000 1650405808141 1203888.7500 -0.1955
-12.4780 77.2007 -21.9950 0.0000 1650405808170 1203917.7500 -0.1955
-12.4848 77.1113 -22.0127 0.0000 1650405808199 1203946.7500 -0.1955
-12.1129 77.3823 -23.1491 0.0000 1650405808228 1203978.5000 -0.1955
-11.8078 77.4208 -23.6847 0.0000 1650405808256 1204004.2500 -0.1960
-11.6422 77.7395 -24.2170 0.0000 1650405808286 1204033.7500 -0.1960
-11.9118 77.5504 -24.5960 0.0000 1650405808314 1204062.7500 -0.1960
-11.5056 77.2250 -25.7616 0.0000 1650405808343 1204091.7500 -0.1960
-11.6431 77.8351 -25.8882 0.0000 1650405808372 1204120.7500 -0.1960
-11.9287 77.7229 -26.5179 0.0000 1650405808402 1204149.7500 -0.1960
-11.4040 77.6248 -27.7293 0.0000 1650405808430 1204178.7500 -0.1960
-12.0480 77.8924 -27.7514 0.0000 1650405808459 1204207.7500 -0.1960
-11.8044 77.7464 -28.6004 0.0000 1650405808489 1204239.5000 -0.1960
-11.7442 77.9585 -29.3224 0.0000 1650405808518 1204267.0000 -0.1960
-12.2579 77.7655 -30.0091 0.0000 1650405808547 1204294.7500 -0.1960
-11.4625 77.4068 -31.1968 0.0000 1650405808575 1204325.0000 -0.1960
-11.8985 78.0231 -31.1911 0.0000 1650405808604 1204352.5000 -0.1960
-12.0592 77.9334 -31.9114 0.0000 1650405808633 1204381.5000 -0.1955
-11.6408 77.9252 -32.7742 0.0000 1650405808662 1204410.5000 -0.1955
-12.2823 77.7289 -33.0603 0.0000 1650405808691 1204439.2500 -0.1955
-12.1903 77.8257 -33.9427 0.0000 1650405808720 1204468.2500 -0.1955
-11.8095 77.7970 -34.4217 0.0000 1650405808749 1204497.2500 -0.1955
-12.2863 77.6938 -35.0344 0.0000 1650405808778 1204526.2500 -0.1955
-11.9537 77.7893 -35.7591 0.0000 1650405808807 1204555.2500 -0.1955
-11.8964 77.9010 -36.2375 0.0000 1650405808836 1204584.2500 -0.1955
-12.0494 77.6294 -37.1002 0.0000 1650405808866 1204613.2500 -0.1955
-12.0799 77.7040 -37.5602 0.0000 1650405808894 1204642.2500 -0.1955
-11.9609 77.5045 -37.9530 0.0000 1650405808923 1204671.2500 -0.1955
-12.0352 77.5008 -38.5071 0.0000 1650405808952 1204700.2500 -0.1955
-11.9998 77.7590 -39.2947 0.0000 1650405808981 1204729.2500 -0.1955
-11.7206 77.4884 -39.7821 0.0000 1650405809010 1204760.5000 -0.1955
-11.8138 77.1755 -40.2857 0.0000 1650405809039 1204786.7500 -0.1955
-11.8467 77.5556 -41.0804 0.0000 1650405809068 1204816.0000 -0.1955
-11.7387 77.3268 -41.1805 0.0000 1650405809097 1204845.0000 -0.1956
-11.9581 77.1724 -41.5878 0.0000 1650405809126 1204874.0000 -0.1960
-12.0791 77.1595 -42.0086 0.0000 1650405809155 1204902.7500 -0.1960
-12.1730 77.5551 -42.3071 0.0000 1650405809184 1204931.7500 -0.1960
-11.8083 77.3793 -42.6181 0.0000 1650405809213 1204960.7500 -0.1960
-11.7506 77.4805 -43.0969 0.0000 1650405809242 1204989.7500 -0.1960
-11.9891 77.2286 -43.1584 0.0000 1650405809271 1205020.0000 -0.1960
-11.7489 77.1990 -43.3950 0.0000 1650405809300 1205047.7500 -0.1960
-11.6871 77.1507 -43.9390 0.0000 1650405809329 1205076.7500 -0.1961
-11.7290 77.2626 -44.1483 0.0000 1650405809358 1205105.5000 -0.1965
-11.8403 77.1672 -44.3766 0.0000 1650405809387 1205134.7500 -0.1965
-11.9738 77.2346 -44.3029 0.0000 1650405809415 1205163.7500 -0.1960
-11.7680 77.2327 -44.5985 0.0000 1650405809445 1205192.7500 -0.1960
-11.8455 77.2432 -44.4197 0.0000 1650405809473 1205221.7500 -0.1960
-11.9900 77.4417 -44.6135 0.0000 1650405809502 1205250.7500 -0.1960
-11.7408 77.3331 -44.4505 0.0000 1650405809531 1205279.7500 -0.1960
-11.8332 77.5489 -44.6868 0.0000 1650405809561 1205308.7500 -0.1960
-11.9549 77.5730 -44.6754 0.0000 1650405809589 1205337.7500 -0.1955
-11.7900 77.4089 -44.7435 0.0000 1650405809618 1205366.7500 -0.1955
-11.9872 77.4775 -44.6178 0.0000 1650405809648 1205395.7500 -0.1955
-11.8193 77.5211 -44.6705 0.0000 1650405809677 1205424.7500 -0.1955
-11.9062 77.5692 -44.3375 0.0000 1650405809706 1205453.7500 -0.1955
-11.9225 77.7043 -44.1480 0.0000 1650405809734 1205482.5000 -0.1955
-12.1568 77.5626 -43.9096 0.0000 1650405809764 1205511.5000 -0.1955
-12.2078 77.9160 -43.4405 0.0000 1650405809792 1205541.5000 -0.1955
-11.8513 77.7233 -43.2914 0.0000 1650405809821 1205569.0000 -0.1955
-11.8020 77.6395 -42.8815 0.0000 1650405809850 1205598.2500 -0.1955
-12.0716 77.6004 -42.5033 0.0000 1650405809879 1205627.2500 -0.1955
-11.8350 77.5800 -42.3078 0.0000 1650405809908 1205656.2500 -0.1955
-11.8419 77.4032 -42.2396 0.0000 1650405809937 1205685.2500 -0.1957
-11.9123 77.7369 -41.9429 0.0000 1650405809966 1205714.2500 -0.1960
-11.6777 77.8214 -41.1159 0.0000 1650405809995 1205743.2500 -0.1960
-11.9237 77.3669 -40.8992 0.0000 1650405810025 1205772.2500 -0.1960
-11.9002 77.5609 -40.4242 0.0000 1650405810053 1205805.2500 -0.1960
-11.6700 77.6521 -39.7158 0.0000 1650405810082 1205830.0000 -0.1960
-11.9937 77.6476 -38.9757 0.0000 1650405810111 1205859.2500 -0.1960
-12.0317 77.6064 -38.8269 0.0000 1650405810140 1205888.7500 -0.1960
-11.5775 77.7160 -38.2012 0.0000 1650405810169 1205917.0000 -0.1960
-11.8487 77.7614 -37.3060 0.0000 1650405810198 1205946.0000 -0.1960
-11.8745 77.4393 -36.9737 0.0000 1650405810227 1205975.0000 -0.1960
-12.1553 77.4649 -36.5876 0.0000 1650405810256 1206003.7500 -0.1960
-12.1469 77.6338 -35.7652 0.0000 1650405810285 1206032.7500 -0.1960
-11.9985 77.3910 -35.0696 0.0000 1650405810313 1206061.7500 -0.1955
-12.1628 77.5579 -34.8393 0.0000 1650405810343 1206090.7500 -0.1955
-12.2177 77.7864 -33.8941 0.0000 1650405810372 1206119.7500 -0.1955
-12.3939 77.7089 -33.1599 0.0000 1650405810401 1206148.7500 -0.1955
-12.2256 77.5161 -32.8074 0.0000 1650405810430 1206177.7500 -0.1955
-12.2218 77.6460 -31.8807 0.0000 1650405810459 1206206.7500 -0.1955
-12.2641 77.7153 -31.4405 0.0000 1650405810488 1206235.7500 -0.1955
-12.2370 77.5286 -30.7741 0.0000 1650405810517 1206264.7500 -0.1955
-12.5838 77.7523 -29.8302 0.0000 1650405810546 1206293.7500 -0.1950
-11.9308 77.3110 -29.6805 0.0000 1650405810575 1206323.5000 -0.1950
-12.2810 77.5721 -28.5963 0.0000 1650405810604 1206351.7500 -0.1950
-11.9816 77.2137 -28.2460 0.0000 1650405810632 1206380.7500 -0.1950
-12.0511 77.6653 -27.3825 0.0000 1650405810661 1206409.7500 -0.1955
-12.2823 77.6966 -26.3585 0.0000 1650405810690 1206438.7500 -0.1955
-12.1445 77.6808 -25.9301 0.0000 1650405810720 1206467.7500 -0.1955
-12.0949 77.6690 -25.2473 0.0000 1650405810748 1206496.7500 -0.1955
-12.2408 77.6566 -24.4403 0.0000 1650405810777 1206525.7500 -0.1955
-12.1284 77.8568 -23.7659 0.0000 1650405810806 1206556.0000 -0.1955
-12.2044 77.6394 -23.2267 0.0000 1650405810836 1206586.2500 -0.1955
-12.2719 77.6419 -22.5325 0.0000 1650405810865 1206611.7500 -0.1955
-12.0892 77.6124 -22.2696 0.0000 1650405810893 1206641.5000 -0.1956
-12.4273 77.2503 -21.9986 0.0000 1650405810923 1206671.7500 -0.1960
-12.4867 77.1815 -21.6496 0.0000 1650405810951 1206699.2500 -0.1960
-12.2408 77.6582 -22.3680 0.0000 1650405810980 1206728.2500 -0.1960
-12.5154 77.3787 -21.9324 0.0000 1650405811009 1206757.2500 -0.1958
-12.2911 77.5819 -22.2968 0.0000 1650405811038 1206786.2500 -0.1960
-12.6195 77.2538 -21.9139 0.0000 1650405811067 1206815.2500 -0.1960
-12.6406 77.4594 -21.8767 0.0000 1650405811096 1206844.2500 -0.1960
-12.6516 77.3541 -21.6929 0.0000 1650405811125 1206873.2500 -0.1960
-12.6434 77.1701 -22.0594 0.0000 1650405811154 1206902.2500 -0.1960
-12.6042 77.3387 -21.8700 0.0000 1650405811184 1206931.2500 -0.1960
-12.6837 77.5281 -21.7497 0.0000 1650405811212 1206960.2500 -0.1960
-12.7777 77.3339 -21.7998 0.0000 1650405811241 1206989.2500 -0.1960
-12.4814 77.4411 -21.8388 0.0000 1650405811270 1207018.0000 -0.1955
-12.6018 77.2620 -21.8349 0.0000 1650405811299 1207047.0000 -0.1955
-12.4524 77.4061 -22.0425 0.0000 1650405811328 1207076.0000 -0.1955
-12.5864 77.3747 -21.9023 0.0000 1650405811357 1207104.2500 -0.1955
-12.6239 77.3364 -21.8151 0.0000 1650405811386 1207133.7500 -0.1955
-12.7011 77.4590 -21.7843 0.0000 1650405811415 1207162.7500 -0.1955
-12.6536 77.2873 -21.9407 0.0000 1650405811444 1207191.7500 -0.1955
-12.6771 77.3880 -21.9260 0.0000 1650405811473 1207220.7500 -0.1955
-12.2309 77.6406 -22.1816 0.0000 1650405811502 1207249.7500 -0.1955
-12.5582 77.5588 -21.7938 0.0000 1650405811531 1207278.7500 -0.1955
-12.6207 77.4055 -21.6509 0.0000 1650405811560 1207307.7500 -0.1960
-12.6258 77.2924 -21.6883 0.0000 1650405811589 1207336.7500 -0.1960
-12.3318 77.6971 -22.0700 0.0000 1650405811618 1207366.5000 -0.1960
-12.5567 77.4065 -21.9021 0.0000 1650405811647 1207394.7500 -0.1960
-12.6339 77.3354 -21.7987 0.0000 1650405811676 1207423.7500 -0.1960
-12.6449 77.1862 -21.8273 0.0000 1650405811705 1207454.0000 -0.1965
-12.6198 77.3485 -21.8485 0.0000 1650405811734 1207481.7500 -0.1965
-12.5135 77.3367 -22.1300 0.0000 1650405811763 1207510.7500 -0.1965
-12.5570 77.1460 -21.7951 0.0000 1650405811791 1207539.5000 -0.1965
-12.4306 77.2561 -21.8735 0.0000 1650405811820 1207568.7500 -0.1965
-12.5897 77.1810 -21.7997 0.0000 1650405811849 1207597.7500 -0.1965
-12.4908 77.2770 -21.7349 0.0000 1650405811879 1207626.7500 -0.1965
-12.4182 77.0423 -22.0497 0.0000 1650405811907 1207655.7500 -0.1965
-12.5966 77.3850 -21.8608 0.0000 1650405811937 1207684.7500 -0.1965
-12.6067 77.2269 -21.7740 0.0000 1650405811965 1207713.5000 -0.1965
-12.7048 77.1962 -21.8497 0.0000 1650405811995 1207742.5000 -0.1965
-12.5377 77.2567 -21.8742 0.0000 1650405812024 1207771.2500 -0.1965
-12.6685 77.2408 -21.8234 0.0000 1650405812052 1207800.2500 -0.1965
-12.6584 77.1818 -21.9129 0.0000 1650405812082 1207829.2500 -0.1965
-12.5620 77.1217 -21.8221 0.0000 1650405812110 1207858.2500 -0.1960
-12.5275 77.3806 -21.7250 0.0000 1650405812139 1207886.7500 -0.1960
-12.5466 77.3158 -21.7546 0.0000 1650405812168 1207916.2500 -0.1960
-12.4423 77.2307 -21.8264 0.0000 1650405812197 1207945.2500 -0.1960
-12.4961 77.2811 -21.9476 0.0000 1650405812226 1207974.2500 -0.1955
-12.3394 77.2433 -22.8913 0.0000 1650405812255 1208003.2500 -0.1955
-11.7209 77.4529 -23.6834 0.0000 1650405812284 1208032.2500 -0.1957
-11.7455 77.5234 -24.3241 0.0000 1650405812313 1208061.2500 -0.1960
-11.5836 77.1743 -25.1168 0.0000 1650405812342 1208090.2500 -0.1960
-11.7092 77.3816 -25.4562 0.0000 1650405812371 1208120.5000 -0.1960
-11.1696 77.4164 -26.3894 0.0000 1650405812401 1208147.2500 -0.1960
-11.8209 77.6351 -26.6189 0.0000 1650405812429 1208177.0000 -0.1960
-11.7445 78.0155 -27.5095 0.0000 1650405812458 1208207.5000 -0.1960
-11.9980 77.8713 -27.9716 0.0000 1650405812487 1208236.0000 -0.1960
-12.0431 77.7385 -28.7482 0.0000 1650405812516 1208263.7500 -0.1960
-11.9777 78.1639 -29.2575 0.0000 1650405812545 1208292.7500 -0.1960
-12.1750 77.7489 -29.8466 0.0000 1650405812574 1208321.7500 -0.1960
-11.8856 77.8074 -30.8791 0.0000 1650405812603 1208350.7500 -0.1965
-11.8906 78.1342 -31.3974 0.0000 1650405812632 1208379.7500 -0.1965
-12.0997 77.9166 -32.1137 0.0000 1650405812661 1208408.7500 -0.1965
-11.8372 77.8693 -32.9176 0.0000 1650405812690 1208437.7500 -0.1965
-12.1260 77.7839 -33.3611 0.0000 1650405812719 1208468.0000 -0.1965
-12.0413 77.9142 -34.1310 0.0000 1650405812748 1208495.7500 -0.1965
-12.2902 77.6900 -34.6366 0.0000 1650405812777 1208524.7500 -0.1965
-12.2616 77.6429 -35.2651 0.0000 1650405812806 1208553.7500 -0.1965
-11.9583 77.5347 -36.0227 0.0000 1650405812835 1208582.7500 -0.1965
-11.9829 77.5477 -36.3161 0.0000 1650405812864 1208611.7500 -0.1965
-11.8835 77.4343 -37.3798 0.0000 1650405812893 1208640.7500 -0.1965
-11.8671 77.6295 -37.8159 0.0000 1650405812922 1208670.2500 -0.1965
-12.1033 77.3634 -38.0536 0.0000 1650405812950 1208698.7500 -0.1960
-12.0425 77.4814 -38.6775 0.0000 1650405812980 1208727.7500 -0.1960
-11.8628 77.5491 -39.4838 0.0000 1650405813008 1208756.7500 -0.1960
-11.9540 77.3438 -39.5752 0.0000 1650405813038 1208785.7500 -0.1960
-12.1230 77.5153 -40.3800 0.0000 1650405813066 1208814.5000 -0.1960
-11.8901 77.5651 -40.9735 0.0000 1650405813096 1208843.5000 -0.1960
-11.9326 77.5399 -41.0694 0.0000 1650405813125 1208872.5000 -0.1960
-11.8120 77.3467 -41.5330 0.0000 1650405813154 1208904.2500 -0.1960
-11.7939 77.1956 -42.2363 0.0000 1650405813183 1208929.5000 -0.1960
-11.9761 77.5703 -42.8815 0.0000 1650405813212 1208959.2500 -0.1960
-11.6840 77.3078 -42.7322 0.0000 1650405813241 1208989.7500 -0.1960
-11.4716 77.4084 -43.1526 0.0000 1650405813269 1209017.0000 -0.1960
-11.9356 77.2179 -43.2734 0.0000 1650405813298 1209046.2500 -0.1961
-11.4628 77.1860 -43.7870 0.0000 1650405813327 1209075.2500 -0.1965
-11.7515 77.3444 -44.1330 0.0000 1650405813356 1209104.2500 -0.1965
-11.7652 77.2550 -44.2975 0.0000 1650405813385 1209133.2500 -0.1965
-11.9476 77.3169 -44.4175 0.0000 1650405813414 1209162.2500 -0.1966
-11.9096 77.2825 -44.3228 0.0000 1650405813443 1209191.2500 -0.1969
-11.7938 77.3647 -44.6431 0.0000 1650405813472 1209220.2500 -0.1969
-11.8687 77.2314 -44.4223 0.0000 1650405813501 1209249.0000 -0.1969
-11.9764 77.4925 -44.4125 0.0000 1650405813530 1209278.0000 -0.1969
-11.9395 77.2190 -44.5737 0.0000 1650405813560 1209307.0000 -0.1969
-12.0571 77.4512 -44.6296 0.0000 1650405813588 1209335.7500 -0.1969
-11.7869 77.5490 -44.6631 0.0000 1650405813617 1209364.7500 -0.1965
-11.7978 77.4911 -44.7514 0.0000 1650405813646 1209393.7500 -0.1965
-11.8607 77.6218 -44.6009 0.0000 1650405813675 1209424.2500 -0.1965
-11.8136 77.4595 -44.5448 0.0000 1650405813704 1209451.0000 -0.1965
-11.7943 77.5310 -44.3936 0.0000 1650405813733 1209480.7500 -0.1965
-11.9575 77.4166 -44.1710 0.0000 1650405813762 1209509.7500 -0.1965
-11.9729 77.5741 -43.9849 0.0000 1650405813791 1209538.7500 -0.1965
-11.8268 77.5894 -43.9071 0.0000 1650405813820 1209567.7500 -0.1965
-11.7294 77.6782 -43.2347 0.0000 1650405813849 1209596.7500 -0.1960
-11.7759 77.7715 -42.8719 0.0000 1650405813878 1209625.7500 -0.1960
-11.9644 77.7366 -42.6001 0.0000 1650405813907 1209654.7500 -0.1960
-11.7591 77.5963 -42.3970 0.0000 1650405813936 1209686.7500 -0.1960
-11.9536 77.8931 -41.9370 0.0000 1650405813965 1209713.7500 -0.1960
-11.6886 77.5962 -41.5789 0.0000 1650405813994 1209741.7500 -0.1960
-11.8216 77.7717 -41.1528 0.0000 1650405814023 1209770.7500 -0.1965
-11.8570 77.6460 -40.7661 0.0000 1650405814052 1209799.2500 -0.1965
-11.9854 77.7830 -40.1693 0.0000 1650405814081 1209828.7500 -0.1965
-11.8675 77.7408 -39.5001 0.0000 1650405814109 1209857.7500 -0.1965
-11.9345 77.7790 -39.1221 0.0000 1650405814139 1209886.7500 -0.1965
-12.0247 77.8042 -38.7402 0.0000 1650405814167 1209915.7500 -0.1965
-11.7336 77.6164 -38.1992 0.0000 1650405814196 1209944.5000 -0.1965
-11.9292 77.7544 -37.2807 0.0000 1650405814226 1209973.5000 -0.1965
-12.0590 77.5332 -36.8780 0.0000 1650405814255 1210002.2500 -0.1965
-11.9935 77.7025 -36.4886 0.0000 1650405814284 1210031.2500 -0.1965
-12.1215 77.7990 -35.6173 0.0000 1650405814313 1210060.2500 -0.1965
-11.9748 77.3986 -35.2729 0.0000 1650405814342 1210089.2500 -0.1965
-11.9867 77.6723 -34.5331 0.0000 1650405814371 1210118.2500 -0.1965
-12.1583 77.7537 -33.8475 0.0000 1650405814400 1210147.2500 -0.1969
-12.3813 77.5572 -33.2180 0.0000 1650405814428 1210176.2500 -0.1968
-12.2967 77.5544 -32.4142 0.0000 1650405814458 1210206.5000 -0.1965
-12.2439 77.6223 -31.8860 0.0000 1650405814486 1210235.5000 -0.1965
-12.4063 77.5082 -31.1833 0.0000 1650405814515 1210263.2500 -0.1965
-12.2896 77.5702 -30.4854 0.0000 1650405814544 1210292.2500 -0.1965
-12.4088 77.7591 -29.6431 0.0000 1650405814573 1210321.2500 -0.1965
-12.2596 77.7344 -29.1606 0.0000 1650405814602 1210350.0000 -0.1965
-12.3641 77.7639 -28.1988 0.0000 1650405814631 1210379.0000 -0.1960
-12.5361 77.6081 -27.8177 0.0000 1650405814660 1210408.0000 -0.1960
-12.3169 77.7188 -27.0789 0.0000 1650405814690 1210437.0000 -0.1960
-12.2188 77.5386 -26.4161 0.0000 1650405814719 1210467.2500 -0.1960
-12.2186 77.4255 -25.8781 0.0000 1650405814747 1210497.5000 -0.1955
-12.4010 77.2805 -24.9743 0.0000 1650405814776 1210523.7500 -0.1955
-12.3553 77.4685 -24.3123 0.0000 1650405814805 1210554.2500 -0.1955
-12.2757 77.5785 -23.6519 0.0000 1650405814834 1210581.5000 -0.1955
-12.2243 77.6864 -23.0179 0.0000 1650405814863 1210610.7500 -0.1955
-12.1941 77.7151 -22.6029 0.0000 1650405814892 1210639.7500 -0.1955
-12.3478 77.4226 -22.0291 0.0000 1650405814921 1210668.7500 -0.1955
-12.4043 77.4698 -22.0422 0.0000 1650405814950 1210697.7500 -0.1955
-12.3416 77.5746 -22.0170 0.0000 1650405814979 1210726.7500 -0.1955
-12.2148 77.7240 -22.1617 0.0000 1650405815008 1210755.7500 -0.1955
-11.9580 77.1578 -22.3250 0.0000 1650405815037 1210784.7500 -0.1955
-12.3101 77.7218 -21.9757 0.0000 1650405815066 1210813.7500 -0.1955
-12.4785 77.2029 -21.8299 0.0000 1650405815095 1210842.7500 -0.1956
-12.1862 77.6395 -22.2581 0.0000 1650405815124 1210871.7500 -0.1960
-12.0922 77.5546 -22.2145 0.0000 1650405815153 1210900.7500 -0.1960
-12.3041 77.5605 -22.2921 0.0000 1650405815182 1210929.7500 -0.1960
-11.9230 77.1903 -22.5854 0.0000 1650405815211 1210958.7500 -0.1960
-12.5065 77.2552 -21.8982 0.0000 1650405815240 1210988.7500 -0.1960
-12.2203 77.5307 -22.1234 0.0000 1650405815269 1211016.5000 -0.1960
-12.5390 77.2206 -21.8924 0.0000 1650405815298 1211045.7500 -0.1960
-12.2709 77.8363 -22.0579 0.0000 1650405815326 1211074.5000 -0.1960
-12.6298 77.3920 -21.9508 0.0000 1650405815355 1211103.5000 -0.1960
-12.6310 77.3018 -21.8408 0.0000 1650405815385 1211132.2500 -0.1960
-12.5278 77.2591 -21.7991 0.0000 1650405815414 1211161.2500 -0.1960
-12.5721 77.2531 -22.0327 0.0000 1650405815442 1211190.2500 -0.1958
-12.1214 77.6888 -22.2182 0.0000 1650405815472 1211219.2500 -0.1955
-12.3860 77.4846 -22.1573 0.0000 1650405815501 1211247.7500 -0.1955
-12.4845 77.1383 -21.9132 0.0000 1650405815530 1211280.0000 -0.1955
-12.6044 77.2306 -21.9594 0.0000 1650405815559 1211306.2500 -0.1955
-12.2092 77.6184 -22.2681 0.0000 1650405815587 1211335.0000 -0.1950
-12.5568 77.2968 -21.9641 0.0000 1650405815617 1211364.2500 -0.1950
-12.4897 77.2037 -21.9156 0.0000 1650405815645 1211393.2500 -0.1950
-12.6558 77.1200 -21.7278 0.0000 1650405815674 1211422.2500 -0.1950
-12.2926 77.0038 -22.2275 0.0000 1650405815703 1211451.2500 -0.1950
-12.5041 77.1085 -21.8682 0.0000 1650405815732 1211480.0000 -0.1950
-12.6081 77.2389 -21.8870 0.0000 1650405815761 1211509.0000 -0.1955
-12.1925 77.0007 -22.2113 0.0000 1650405815790 1211538.0000 -0.1955
-12.6096 77.1126 -21.8357 0.0000 1650405815819 1211566.7500 -0.1955
-12.5015 77.1544 -22.0041 0.0000 1650405815848 1211595.7500 -0.1955
-12.6022 77.2006 -21.8265 0.0000 1650405815878 1211624.7500 -0.1955
-12.6331 77.0779 -21.7431 0.0000 1650405815906 1211653.7500 -0.1955
-12.5396 77.1087 -21.8151 0.0000 1650405815936 1211682.7500 -0.1955
-12.5113 77.1524 -21.8094 0.0000 1650405815964 1211711.7500 -0.1955
-12.4797 77.1295 -21.7708 0.0000 1650405815993 1211740.7500 -0.1956
-12.6038 77.1273 -21.8161 0.0000 1650405816022 1211770.7500 -0.1960
-12.5816 77.1045 -21.9289 0.0000 1650405816051 1211800.0000 -0.1960
-12.5379 77.1885 -21.8850 0.0000 1650405816080 1211827.7500 -0.1960
-12.5455 77.2379 -21.8071 0.0000 1650405816109 1211856.7500 -0.1960
-12.4210 77.2359 -21.9539 0.0000 1650405816138 1211885.7500 -0.1960
-12.4517 77.1144 -21.9026 0.0000 1650405816167 1211914.7500 -0.1960
-12.5305 77.2116 -21.8883 0.0000 1650405816196 1211943.7500 -0.1960
-12.4624 77.2031 -21.9183 0.0000 1650405816225 1211972.7500 -0.1960
-11.9305 77.0430 -22.7867 0.0000 1650405816254 1212001.7500 -0.1960
-12.3507 76.8735 -22.9925 0.0000 1650405816283 1212030.5000 -0.1960
-11.9232 77.3950 -23.8420 0.0000 1650405816312 1212059.5000 -0.1960
-11.9513 77.5701 -24.3241 0.0000 1650405816341 1212088.7500 -0.1960
-11.9738 77.3532 -24.8731 0.0000 1650405816370 1212118.7500 -0.1955
-11.4255 77.2475 -25.9537 0.0000 1650405816399 1212146.7500 -0.1955
-11.6844 77.5590 -26.4996 0.0000 1650405816428 1212175.5000 -0.1955
-11.5877 77.1189 -27.5677 0.0000 1650405816457 1212204.5000 -0.1955
-11.4956 77.3872 -27.8411 0.0000 1650405816485 1212233.5000 -0.1955
-11.9329 77.7682 -28.3413 0.0000 1650405816515 1212262.2500 -0.1955
-11.8056 77.7873 -29.0296 0.0000 1650405816544 1212291.2500 -0.1955
-11.7750 77.7768 -29.4615 0.0000 1650405816573 1212320.2500 -0.1955
-12.0417 77.8094 -30.3981 0.0000 1650405816601 1212349.2500 -0.1955
-11.7349 77.7233 -31.0632 0.0000 1650405816631 1212378.2500 -0.1955
-12.1714 77.6278 -31.3724 0.0000 1650405816660 1212407.2500 -0.1955
-12.0850 78.0034 -32.3264 0.0000 1650405816689 1212436.2500 -0.1955
-11.9761 77.7323 -32.7991 0.0000 1650405816718 1212465.2500 -0.1957
-12.0864 77.5858 -33.4824 0.0000 1650405816747 1212494.2500 -0.1960
-12.0724 77.5666 -34.3055 0.0000 1650405816776 1212523.2500 -0.1960
-11.9622 77.3714 -34.6538 0.0000 1650405816804 1212552.2500 -0.1960
-12.0323 77.6813 -35.6340 0.0000 1650405816833 1212582.0000 -0.1960
-11.9747 77.7989 -36.0657 0.0000 1650405816862 1212610.0000 -0.1960
-12.2263 77.4799 -36.6525 0.0000 1650405816891 1212639.0000 -0.1960
-12.1975 77.6537 -37.3700 0.0000 1650405816920 1212668.0000 -0.1965
-11.7850 77.7157 -37.7813 0.0000 1650405816949 1212696.7500 -0.1962
-11.8361 77.3525 -38.1506 0.0000 1650405816978 1212725.7500 -0.1960
-11.8914 77.7093 -39.0104 0.0000 1650405817007 1212754.7500 -0.1960
-11.8362 77.4854 -39.3042 0.0000 1650405817036 1212783.7500 -0.1960
-11.9688 77.4643 -39.7678 0.0000 1650405817065 1212815.5000 -0.1960
-11.9727 77.2869 -40.5704 0.0000 1650405817095 1212843.0000 -0.1960
-11.7607 77.5376 -41.0966 0.0000 1650405817123 1212870.7500 -0.1960
-11.9276 77.1832 -41.0553 0.0000 1650405817152 1212899.0000 -0.1960
-11.4552 77.2620 -42.1059 0.0000 1650405817181 1212928.7500 -0.1960
-11.8855 77.1961 -42.2601 0.0000 1650405817210 1212957.7500 -0.1955
-11.8283 77.3754 -42.6699 0.0000 1650405817239 1212986.7500 -0.1955
-11.9227 76.9380 -42.9552 0.0000 1650405817268 1213015.7500 -0.1955
-11.8272 76.9974 -43.1157 0.0000 1650405817297 1213044.7500 -0.1955
-11.7426 77.1895 -43.2439 0.0000 1650405817326 1213073.7500 -0.1955
-11.6523 77.1013 -43.5851 0.0000 1650405817355 1213102.7500 -0.1955
-12.0022 77.3216 -44.0450 0.0000 1650405817384 1213131.7500 -0.1955
-11.7382 77.0823 -44.4281 0.0000 1650405817413 1213160.7500 -0.1955
-12.0524 76.9703 -44.2143 0.0000 1650405817442 1213189.7500 -0.1955
-11.8492 77.0823 -44.4475 0.0000 1650405817471 1213218.7500 -0.1955
-12.0127 77.3475 -44.4573 0.0000 1650405817500 1213247.7500 -0.1955
-11.9047 77.2051 -44.4965 0.0000 1650405817529 1213276.5000 -0.1955
-11.8618 77.4829 -44.7301 0.0000 1650405817558 1213305.5000 -0.1960
-11.8903 77.1258 -44.6847 0.0000 1650405817587 1213335.5000 -0.1960
-11.9332 77.3905 -44.7350 0.0000 1650405817616 1213364.7500 -0.1961
-11.8659 77.4991 -44.7486 0.0000 1650405817644 1213392.2500 -0.1965
-11.3147 77.0430 -45.1056 0.0000 1650405817674 1213421.2500 -0.1965
-11.9456 77.6545 -44.5307 0.0000 1650405817703 1213450.2500 -0.1965
-11.9354 77.5814 -44.4800 0.0000 1650405817732 1213479.2500 -0.1965
-12.0115 77.5739 -44.4144 0.0000 1650405817761 1213508.2500 -0.1965
-11.9881 77.8016 -44.0936 0.0000 1650405817790 1213537.2500 -0.1965
-11.9513 77.6218 -44.0743 0.0000 1650405817819 1213566.2500 -0.1965
-12.0425 77.8104 -43.7916 0.0000 1650405817848 1213596.0000 -0.1965
-11.9950 77.8215 -43.1537 0.0000 1650405817877 1213625.2500 -0.1965
-11.8811 77.7559 -42.5857 0.0000 1650405817906 1213653.2500 -0.1965
-11.8180 77.6790 -42.6555 0.0000 1650405817935 1213681.7500 -0.1965
-11.9980 77.6044 -42.4517 0.0000 1650405817963 1213711.0000 -0.1965
-11.9653 77.7826 -42.2413 0.0000 1650405817993 1213740.0000 -0.1965
-11.8068 77.8927 -41.4760 0.0000 1650405818021 1213769.0000 -0.1965
-11.7757 77.7521 -41.2432 0.0000 1650405818050 1213797.7500 -0.1960
-11.9409 77.6052 -40.7336 0.0000 1650405818079 1213826.7500 -0.1960
-11.6758 77.4117 -40.1733 0.0000 1650405818108 1213855.7500 -0.1960
-11.8560 77.7888 -39.3681 0.0000 1650405818137 1213884.7500 -0.1960
-12.0896 77.8850 -39.1277 0.0000 1650405818166 1213913.7500 -0.1960
-11.9513 77.5600 -38.8502 0.0000 1650405818196 1213942.7500 -0.1960
-11.8237 77.6114 -38.0987 0.0000 1650405818224 1213971.7500 -0.1960
-11.8644 77.7422 -37.3540 0.0000 1650405818254 1214000.7500 -0.1960
-11.9175 77.6580 -37.1508 0.0000 1650405818282 1214029.7500 -0.1960
-11.8258 77.4330 -36.4117 0.0000 1650405818311 1214058.7500 -0.1960
-12.0703 77.9133 -35.5446 0.0000 1650405818340 1214087.7500 -0.1965
-12.0674 77.5807 -35.0664 0.0000 1650405818369 1214119.5000 -0.1965
-12.0376 77.7649 -34.4699 0.0000 1650405818398 1214147.0000 -0.1965
-12.3903 77.7339 -33.3387 0.0000 1650405818427 1214174.7500 -0.1965
-12.5274 77.4973 -33.2494 0.0000 1650405818456 1214203.7500 -0.1965
-12.2874 77.7249 -32.4789 0.0000 1650405818485 1214232.7500 -0.1965
-12.4568 77.4166 -31.5679 0.0000 1650405818514 1214261.7500 -0.1966
-12.2758 77.7410 -31.2949 0.0000 1650405818543 1214290.7500 -0.1969
-12.2631 77.5815 -30.3368 0.0000 1650405818572 1214319.7500 -0.1969
-12.2139 77.7404 -29.6816 0.0000 1650405818601 1214348.7500 -0.1969
-12.3564 77.6875 -28.9171 0.0000 1650405818630 1214380.2500 -0.1969
-12.4455 77.6602 -27.9031 0.0000 1650405818659 1214406.2500 -0.1969
-12.2278 77.5871 -27.3807 0.0000 1650405818688 1214435.5000 -0.1969
-12.2879 77.6233 -26.9355 0.0000 1650405818717 1214465.5000 -0.1965
-12.0257 77.1018 -26.5342 0.0000 1650405818746 1214493.2500 -0.1965
-12.0812 77.6830 -25.5549 0.0000 1650405818775 1214522.2500 -0.1965
-12.6673 77.6512 -24.3282 0.0000 1650405818804 1214551.2500 -0.1965
-11.7772 77.2374 -24.7774 0.0000 1650405818833 1214580.2500 -0.1960
-12.5807 77.4207 -23.0680 0.0000 1650405818861 1214609.2500 -0.1960
-12.2450 77.7674 -22.8549 0.0000 1650405818891 1214638.2500 -0.1960
-12.2617 77.6695 -22.4363 0.0000 1650405818920 1214667.2500 -0.1960
-12.4289 77.5029 -21.6638 0.0000 1650405818949 1214696.2500 -0.1960
-12.2617 77.5578 -22.3192 0.0000 1650405818978 1214725.2500 -0.1960
-12.7099 77.3786 -21.9112 0.0000 1650405819007 1214754.2500 -0.1960
-11.9904 77.2594 -22.5565 0.0000 1650405819036 1214783.2500 -0.1960
-12.4104 77.1878 -21.6089 0.0000 1650405819065 1214812.0000 -0.1960
-12.3346 77.4844 -22.1399 0.0000 1650405819094 1214841.0000 -0.1960
-12.6603 77.1406 -21.8604 0.0000 1650405819122 1214870.0000 -0.1960
-12.6462 77.1616 -21.8841 0.0000 1650405819152 1214899.0000 -0.1960
-12.6455 77.3128 -21.6386 0.0000 1650405819180 1214927.5000 -0.1960
-12.5494 77.1123 -21.8442 0.0000 1650405819209 1214956.7500 -0.1960
-12.7121 77.2661 -21.7389 0.0000 1650405819238 1214985.7500 -0.1965
-12.5696 77.1323 -21.9029 0.0000 1650405819268 1215014.7500 -0.1965
-12.6454 77.1655 -21.9137 0.0000 1650405819296 1215043.7500 -0.1965
-12.6042 77.2334 -21.8895 0.0000 1650405819325 1215072.7500 -0.1965
-12.2493 76.8745 -22.2077 0.0000 1650405819354 1215101.7500 -0.1965
-12.5034 77.0916 -21.7039 0.0000 1650405819384 1215130.7500 -0.1965
-12.6452 77.1099 -21.8427 0.0000 1650405819413 1215159.0000 -0.1965
-12.6116 77.0850 -21.8665 0.0000 1650405819441 1215188.5000 -0.1965
-12.2123 77.6616 -22.0201 0.0000 1650405819470 1215217.7500 -0.1965
-12.5978 77.1630 -21.6698 0.0000 1650405819499 1215249.5000 -0.1965
-12.6862 77.2159 -21.7998 0.0000 1650405819528 1215275.7500 -0.1965
-12.5381 77.1565 -21.8739 0.0000 1650405819557 1215304.7500 -0.1965
-12.2968 76.8213 -22.1639 0.0000 1650405819586 1215333.7500 -0.1965
-12.5500 77.2319 -21.9531 0.0000 1650405819615 1215362.7500 -0.1965
-12.6012 77.1636 -21.7378 0.0000 1650405819644 1215391.7500 -0.1963
-12.5815 77.0752 -21.8526 0.0000 1650405819673 1215420.7500 -0.1960
-12.6225 77.3502 -21.8737 0.0000 1650405819702 1215449.7500 -0.1960
-12.5829 77.1779 -21.9355 0.0000 1650405819732 1215478.7500 -0.1960
-12.5489 76.9590 -21.8707 0.0000 1650405819760 1215507.5000 -0.1960
-12.6228 77.2457 -21.8104 0.0000 1650405819789 1215536.5000 -0.1955
-12.6608 77.2245 -21.8769 0.0000 1650405819818 1215565.5000 -0.1955
-12.5943 77.1733 -21.8861 0.0000 1650405819847 1215594.2500 -0.1955
-12.6354 77.1642 -21.7597 0.0000 1650405819876 1215623.2500 -0.1955
-12.5928 77.1458 -21.7973 0.0000 1650405819905 1215652.2500 -0.1955
-12.6518 77.1492 -21.7745 0.0000 1650405819934 1215683.7500 -0.1955
-12.5529 77.0298 -21.7098 0.0000 1650405819963 1215710.0000 -0.1960
-12.6240 77.0380 -21.8325 0.0000 1650405819992 1215739.2500 -0.1960
-12.2592 76.7773 -22.0530 0.0000 1650405820020 1215768.2500 -0.1955
-12.5880 77.0567 -21.7411 0.0000 1650405820050 1215797.2500 -0.1955
-12.3451 77.0899 -21.8752 0.0000 1650405820079 1215826.2500 -0.1956
-12.6313 77.0334 -21.8362 0.0000 1650405820108 1215855.2500 -0.1960
-12.4845 77.1014 -21.8508 0.0000 1650405820137 1215884.2500 -0.1965
-12.4979 77.0209 -21.8059 0.0000 1650405820166 1215913.0000 -0.1965
-12.5421 77.1741 -21.8632 0.0000 1650405820195 1215942.7500 -0.1966
-12.5517 77.0802 -21.9118 0.0000 1650405820224 1215970.7500 -0.1969
-12.5431 76.9907 -21.9140 0.0000 1650405820253 1216000.0000 -0.1967
-12.4351 76.9331 -22.4488 0.0000 1650405820282 1216028.5000 -0.1965
-12.1798 77.1323 -23.1870 0.0000 1650405820311 1216057.7500 -0.1966
-11.6896 77.5329 -23.9294 0.0000 1650405820339 1216086.7500 -0.1969
-11.2932 77.3038 -24.9375 0.0000 1650405820368 1216115.7500 -0.1969
-11.3138 76.8958 -25.6091 0.0000 1650405820397 1216144.7500 -0.1969
-11.0387 77.3324 -26.2551 0.0000 1650405820427 1216173.7500 -0.1968
-11.9397 77.6893 -26.2876 0.0000 1650405820455 1216202.7500 -0.1965
-11.4182 77.1951 -27.6115 0.0000 1650405820484 1216231.2500 -0.1965
-11.8439 77.9427 -27.7377 0.0000 1650405820514 1216260.7500 -0.1965
-12.0414 77.6952 -28.3028 0.0000 1650405820543 1216289.7500 -0.1965
-11.9676 77.9319 -29.0913 0.0000 1650405820572 1216318.7500 -0.1965
-12.0234 77.8159 -29.8512 0.0000 1650405820600 1216347.7500 -0.1965
-11.9546 77.6978 -30.4118 0.0000 1650405820630 1216376.7500 -0.1965
-12.0512 77.9890 -30.9380 0.0000 1650405820658 1216405.7500 -0.1965
-12.2841 77.9023 -31.5732 0.0000 1650405820687 1216434.7500 -0.1962
-12.0819 77.9657 -32.3851 0.0000 1650405820716 1216466.2500 -0.1960
-12.2472 77.6763 -32.8792 0.0000 1650405820745 1216492.2500 -0.1960
-11.9855 77.7897 -33.8742 0.0000 1650405820774 1216521.7500 -0.1960
-12.1472 77.7675 -34.3919 0.0000 1650405820803 1216550.7500 -0.1960
-12.3547 77.5514 -34.9223 0.0000 1650405820832 1216579.7500 -0.1960
-12.1564 77.6733 -35.5935 0.0000 1650405820861 1216608.5000 -0.1960
-12.0683 77.6145 -36.2566 0.0000 1650405820890 1216637.5000 -0.1960
-12.0457 77.3584 -36.7248 0.0000 1650405820919 1216666.5000 -0.1962
-12.1128 77.8457 -37.3923 0.0000 1650405820948 1216696.7500 -0.1965
-11.8939 77.7116 -38.0135 0.0000 1650405820977 1216723.7500 -0.1965
-11.9873 77.2226 -38.2824 0.0000 1650405821006 1216753.0000 -0.1965
-11.8435 77.4397 -39.1722 0.0000 1650405821035 1216782.2500 -0.1965
-11.9823 77.4189 -39.2527 0.0000 1650405821064 1216812.2500 -0.1965
-11.9807 77.3173 -39.9454 0.0000 1650405821093 1216840.2500 -0.1966
-11.9691 77.5300 -40.7121 0.0000 1650405821122 1216869.2500 -0.1969
-11.8115 77.1356 -41.1054 0.0000 1650405821151 1216898.2500 -0.1967
-11.9507 77.3576 -41.5629 0.0000 1650405821179 1216927.2500 -0.1965
-11.5873 77.1415 -42.0615 0.0000 1650405821209 1216956.2500 -0.1966
-11.8361 77.2835 -42.4709 0.0000 1650405821238 1216985.2500 -0.1969
-11.7154 77.1994 -43.1203 0.0000 1650405821267 1217014.2500 -0.1969
-12.1516 77.2584 -42.7625 0.0000 1650405821296 1217043.0000 -0.1965
-11.7664 77.1129 -43.1598 0.0000 1650405821325 1217072.0000 -0.1964
-11.5976 77.2844 -43.4529 0.0000 1650405821354 1217101.0000 -0.1965
-11.8644 77.3761 -43.9941 0.0000 1650405821383 1217130.0000 -0.1965
-12.0205 77.2660 -44.1724 0.0000 1650405821412 1217158.7500 -0.1965
-11.9171 77.1457 -44.2888 0.0000 1650405821441 1217187.7500 -0.1965
-12.0250 77.1111 -44.3997 0.0000 1650405821470 1217216.7500 -0.1965
-12.0920 77.0551 -44.3760 0.0000 1650405821498 1217246.7500 -0.1965
-12.2607 77.3375 -44.3594 0.0000 1650405821527 1217274.7500 -0.1965
-12.0988 77.4589 -44.4342 0.0000 1650405821556 1217303.7500 -0.1965
-11.9433 77.5069 -44.6878 0.0000 1650405821586 1217332.7500 -0.1962
-11.9285 77.4717 -44.6648 0.0000 1650405821614 1217361.7500 -0.1960
-11.8893 77.6406 -44.5248 0.0000 1650405821644 1217390.7500 -0.1965
-11.9904 77.4431 -44.6522 0.0000 1650405821672 1217419.7500 -0.1965
-12.0813 77.4612 -44.7488 0.0000 1650405821702 1217448.7500 -0.1965
-11.9101 77.6496 -44.4222 0.0000 1650405821731 1217479.2500 -0.1965
-11.7302 77.5237 -44.6002 0.0000 1650405821759 1217506.0000 -0.1969
-11.6164 77.4162 -44.5879 0.0000 1650405821789 1217535.7500 -0.1969
-12.3796 77.8591 -43.7185 0.0000 1650405821817 1217566.0000 -0.1967
-12.1333 77.6567 -43.7093 0.0000 1650405821846 1217595.0000 -0.1965
-11.8376 77.8312 -43.5014 0.0000 1650405821875 1217622.7500 -0.1965
-11.8690 77.7997 -43.1054 0.0000 1650405821904 1217651.7500 -0.1969
-11.8484 77.6431 -42.7817 0.0000 1650405821933 1217680.7500 -0.1969
-11.8788 77.6734 -42.7507 0.0000 1650405821962 1217709.7500 -0.1969
-11.8139 77.6304 -42.4239 0.0000 1650405821991 1217738.5000 -0.1969
-11.7791 77.7424 -41.9099 0.0000 1650405822020 1217767.5000 -0.1969
-11.4515 77.8980 -41.3209 0.0000 1650405822049 1217796.2500 -0.1969
-11.7207 77.5689 -41.1818 0.0000 1650405822078 1217825.2500 -0.1969
-11.7285 77.4612 -40.8693 0.0000 1650405822107 1217854.2500 -0.1969
-12.0421 77.6504 -40.2304 0.0000 1650405822136 1217883.2500 -0.1969
-11.8406 77.6879 -39.4458 0.0000 1650405822165 1217912.2500 -0.1969
-11.8310 77.6360 -39.1793 0.0000 1650405822194 1217941.2500 -0.1969
-11.6954 77.9340 -38.7313 0.0000 1650405822223 1217970.2500 -0.1969
-11.7751 77.5976 -37.9500 0.0000 1650405822252 1218000.7500 -0.1969
-11.9797 77.7433 -37.3840 0.0000 1650405822281 1218029.0000 -0.1969
-12.0778 77.6508 -36.9148 0.0000 1650405822310 1218057.2500 -0.1965
-11.9130 77.6393 -36.3212 0.0000 1650405822338 1218086.2500 -0.1965
-11.8643 77.5640 -35.4190 0.0000 1650405822368 1218115.2500 -0.1965
-11.9674 77.5723 -35.0658 0.0000 1650405822397 1218144.0000 -0.1965
-12.2128 77.6593 -34.3333 0.0000 1650405822426 1218173.0000 -0.1960
-12.5474 77.7567 -33.3605 0.0000 1650405822455 1218202.0000 -0.1960
-12.3617 77.7461 -33.0471 0.0000 1650405822484 1218231.0000 -0.1962
-12.4153 77.3884 -32.2788 0.0000 1650405822513 1218263.0000 -0.1965
-12.3451 77.5848 -31.5394 0.0000 1650405822542 1218291.5000 -0.1965
-12.3277 77.8031 -31.0361 0.0000 1650405822571 1218317.7500 -0.1965
-12.4282 77.5164 -30.1266 0.0000 1650405822600 1218348.2500 -0.1965
-12.1967 77.6682 -29.8026 0.0000 1650405822629 1218375.2500 -0.1965
-12.1088 77.7699 -28.8059 0.0000 1650405822657 1218404.7500 -0.1969
-12.2184 77.6483 -28.1433 0.0000 1650405822687 1218433.7500 -0.1969
-11.9752 77.6513 -27.7033 0.0000 1650405822716 1218462.7500 -0.1969
-12.4053 77.5783 -26.3278 0.0000 1650405822744 1218491.7500 -0.1969
-12.3822 77.8489 -25.8756 0.0000 1650405822773 1218520.7500 -0.1969
-12.2464 77.7415 -25.2556 0.0000 1650405822803 1218549.7500 -0.1969
-12.2141 77.8518 -24.5143 0.0000 1650405822831 1218578.7500 -0.1969
-12.3170 77.3927 -23.9607 0.0000 1650405822861 1218607.7500 -0.1969
-12.2423 77.6126 -23.2699 0.0000 1650405822890 1218636.7500 -0.1969
-12.3991 77.8951 -22.6623 0.0000 1650405822919 1218665.7500 -0.1969
-12.3002 77.7815 -22.3494 0.0000 1650405822948 1218694.7500 -0.1969
-12.6702 77.4469 -21.8111 0.0000 1650405822976 1218723.7500 -0.1969
-12.1867 77.8275 -22.3779 0.0000 1650405823005 1218752.7500 -0.1969
-12.3128 77.4343 -22.4859 0.0000 1650405823034 1218783.0000 -0.1969
-12.4843 76.9369 -21.8116 0.0000 1650405823063 1218811.0000 -0.1969
-12.7272 77.2981 -21.9068 0.0000 1650405823092 1218839.7500 -0.1965
-12.6919 77.1635 -21.9009 0.0000 1650405823121 1218868.5000 -0.1965
-12.4203 76.8669 -22.0510 0.0000 1650405823150 1218897.5000 -0.1965
-12.5605 77.1590 -21.8220 0.0000 1650405823179 1218926.2500 -0.1965
-12.8174 77.3534 -21.7858 0.0000 1650405823208 1218955.2500 -0.1965
-12.2716 77.4392 -21.9220 0.0000 1650405823237 1218984.2500 -0.1965
-12.6430 77.5472 -22.0041 0.0000 1650405823267 1219013.2500 -0.1960
-12.5864 77.3149 -21.7181 0.0000 1650405823295 1219043.7500 -0.1960
-12.7881 77.2678 -21.7193 0.0000 1650405823324 1219073.7500 -0.1965
-12.7105 77.3308 -21.6392 0.0000 1650405823353 1219100.2500 -0.1965
-12.7444 77.1479 -21.8039 0.0000 1650405823382 1219130.7500 -0.1965
-12.6794 77.3797 -21.7836 0.0000 1650405823411 1219158.0000 -0.1965
-12.3409 77.5936 -22.0976 0.0000 1650405823440 1219187.2500 -0.1965
-12.6984 77.3120 -21.7841 0.0000 1650405823469 1219216.2500 -0.1965
-12.7267 77.3925 -21.8415 0.0000 1650405823498 1219245.2500 -0.1965
-12.4929 77.2509 -21.7181 0.0000 1650405823527 1219274.0000 -0.1965
-12.7523 77.2056 -21.7210 0.0000 1650405823556 1219303.0000 -0.1969
-12.6469 77.1976 -21.8481 0.0000 1650405823585 1219332.0000 -0.1969
-12.6375 77.2728 -21.7123 0.0000 1650405823614 1219360.7500 -0.1969
-12.5418 77.2178 -21.7814 0.0000 1650405823643 1219389.7500 -0.1969
-12.6666 77.2930 -21.8378 0.0000 1650405823672 1219418.7500 -0.1969
-12.6293 77.1600 -21.7734 0.0000 1650405823701 1219447.7500 -0.1969
-12.5095 77.2820 -21.9035 0.0000 1650405823730 1219476.7500 -0.1969
-12.5312 77.1023 -21.7591 0.0000 1650405823759 1219505.7500 -0.1969
-12.9338 77.4321 -21.6123 0.0000 1650405823788 1219534.7500 -0.1969
-12.5445 77.1841 -21.7321 0.0000 1650405823816 1219565.2500 -0.1969
-12.5802 77.1345 -21.8451 0.0000 1650405823846 1219592.2500 -0.1969
-12.5699 77.1934 -21.9343 0.0000 1650405823874 1219621.7500 -0.1969
-12.6911 77.1334 -21.9289 0.0000 1650405823903 1219650.7500 -0.1969
-12.5881 77.1581 -21.5061 0.0000 1650405823933 1219679.7500 -0.1965
-12.5027 77.1893 -21.6704 0.0000 1650405823962 1219708.7500 -0.1965
-12.6015 77.0155 -21.7434 0.0000 1650405823990 1219737.7500 -0.1965
-12.5917 77.2204 -21.8120 0.0000 1650405824020 1219766.7500 -0.1965
-12.5643 77.0126 -21.6733 0.0000 1650405824048 1219795.7500 -0.1965
-12.5348 77.0181 -21.8350 0.0000 1650405824078 1219825.7500 -0.1965
-12.5975 77.0652 -21.7233 0.0000 1650405824107 1219855.0000 -0.1960
-12.7396 77.2691 -21.7765 0.0000 1650405824135 1219882.7500 -0.1960
-12.5159 77.1163 -21.8808 0.0000 1650405824165 1219913.0000 -0.1960
-12.6055 77.0686 -21.8235 0.0000 1650405824193 1219940.2500 -0.1960
-12.4470 77.1790 -21.8518 0.0000 1650405824222 1219969.5000 -0.1960
-12.6358 77.0474 -21.7071 0.0000 1650405824251 1219998.5000 -0.1960
-12.5225 77.1179 -21.9408 0.0000 1650405824280 1220027.2500 -0.1961
-12.1002 77.3281 -22.9248 0.0000 1650405824309 1220056.2500 -0.1965
-12.1789 77.3680 -23.5760 0.0000 1650405824338 1220085.2500 -0.1965
-11.6044 77.6106 -24.1021 0.0000 1650405824367 1220114.2500 -0.1965
-11.7775 77.6627 -24.6910 0.0000 1650405824396 1220143.2500 -0.1966
-11.5702 77.1411 -25.7462 0.0000 1650405824426 1220172.2500 -0.1969
-11.6998 77.8651 -26.0139 0.0000 1650405824454 1220201.2500 -0.1969
-11.9180 77.6901 -26.7128 0.0000 1650405824483 1220230.2500 -0.1969
-11.8812 77.7781 -27.4051 0.0000 1650405824512 1220259.2500 -0.1969
-12.2248 77.9547 -27.9526 0.0000 1650405824541 1220288.2500 -0.1969
-12.1206 77.8338 -28.7148 0.0000 1650405824570 1220317.2500 -0.1969
-11.7818 77.7646 -29.4296 0.0000 1650405824599 1220347.5000 -0.1969
-12.2585 77.7175 -29.6755 0.0000 1650405824628 1220377.5000 -0.1969
-11.9272 77.8025 -30.7009 0.0000 1650405824657 1220404.0000 -0.1969
-11.8631 77.8426 -31.3731 0.0000 1650405824686 1220433.0000 -0.1969
-11.8816 77.7266 -32.1416 0.0000 1650405824715 1220462.0000 -0.1969
-12.1494 77.8217 -32.5764 0.0000 1650405824744 1220490.7500 -0.1969
-12.3171 77.8018 -33.1728 0.0000 1650405824773 1220519.7500 -0.1969
-11.8087 77.8708 -34.2516 0.0000 1650405824802 1220548.7500 -0.1969
-12.0825 77.8281 -34.6345 0.0000 1650405824831 1220577.7500 -0.1965
-12.1734 77.5330 -34.9950 0.0000 1650405824860 1220606.2500 -0.1965
-11.9917 77.7024 -36.0142 0.0000 1650405824889 1220637.0000 -0.1965
-12.1197 77.6795 -36.2475 0.0000 1650405824918 1220664.7500 -0.1965
-11.9092 77.6911 -37.2919 0.0000 1650405824947 1220693.2500 -0.1965
-11.9203 77.9908 -37.7295 0.0000 1650405824976 1220722.5000 -0.1965
-11.9488 77.5593 -38.1682 0.0000 1650405825005 1220751.7500 -0.1965
-12.1844 77.3853 -38.5813 0.0000 1650405825033 1220780.7500 -0.1965
-12.1588 77.5683 -39.3530 0.0000 1650405825062 1220809.7500 -0.1960
-11.6779 77.5259 -39.7113 0.0000 1650405825091 1220838.7500 -0.1960
-11.9240 77.4737 -40.0555 0.0000 1650405825121 1220867.7500 -0.1962
-12.0696 77.5519 -40.8682 0.0000 1650405825149 1220896.7500 -0.1965
-12.0426 77.4045 -41.1981 0.0000 1650405825179 1220925.7500 -0.1965
-12.0679 77.4154 -41.5381 0.0000 1650405825208 1220954.7500 -0.1965
-11.6812 77.2553 -42.2066 0.0000 1650405825237 1220983.7500 -0.1967
-12.0277 77.2163 -42.6495 0.0000 1650405825266 1221012.7500 -0.1969
-11.7853 77.2741 -42.8693 0.0000 1650405825294 1221041.7500 -0.1969
-12.0555 77.1223 -42.9590 0.0000 1650405825324 1221070.5000 -0.1969
-11.3707 77.4773 -43.3228 0.0000 1650405825352 1221099.5000 -0.1969
-11.7836 77.2045 -43.5907 0.0000 1650405825381 1221128.0000 -0.1969
-11.8721 77.1534 -43.9685 0.0000 1650405825410 1221156.7500 -0.1969
-11.7829 77.1541 -44.3168 0.0000 1650405825439 1221186.2500 -0.1969
-11.7350 77.2312 -44.4065 0.0000 1650405825468 1221215.2500 -0.1969
-11.9472 77.2089 -44.4043 0.0000 1650405825497 1221244.2500 -0.1969
-11.9945 77.4727 -44.4381 0.0000 1650405825526 1221273.2500 -0.1969
-11.8460 77.5470 -44.5842 0.0000 1650405825555 1221302.2500 -0.1969
-11.8673 77.3310 -44.5396 0.0000 1650405825585 1221331.2500 -0.1969
-12.1981 77.2868 -44.4316 0.0000 1650405825613 1221360.2500 -0.1969
-11.9799 77.5287 -44.6108 0.0000 1650405825642 1221392.0000 -0.1969
-11.9667 77.4828 -44.5515 0.0000 1650405825671 1221421.0000 -0.1965
-12.0349 77.5480 -44.6297 0.0000 1650405825700 1221447.2500 -0.1965
-11.8624 77.6083 -44.6318 0.0000 1650405825729 1221477.5000 -0.1965
-11.8465 77.6651 -44.4355 0.0000 1650405825758 1221505.0000 -0.1965
-11.9661 77.7838 -44.3015 0.0000 1650405825787 1221534.0000 -0.1965
-12.1657 77.6584 -43.9855 0.0000 1650405825816 1221563.0000 -0.1965
-12.1159 77.5199 -43.9208 0.0000 1650405825845 1221591.7500 -0.1965
-11.9257 77.6644 -43.7582 0.0000 1650405825874 1221620.7500 -0.1965
-11.8559 77.8716 -43.1569 0.0000 1650405825903 1221649.7500 -0.1965
-11.8033 77.7624 -42.9574 0.0000 1650405825932 1221678.7500 -0.1965
-11.5339 77.5657 -42.9822 0.0000 1650405825961 1221707.7500 -0.1969
-11.8780 77.6327 -42.5074 0.0000 1650405825990 1221736.7500 -0.1969
-11.9137 77.5970 -42.5043 0.0000 1650405826005 1221751.2500 -0.1969
