15.3463 -87.5009 -56.8268 44.3372 1685220373475 375.2500 -0.0396
13.2906 -88.1544 -58.4371 43.9412 1685220373508 408.0000 -0.0270
12.4500 -88.8354 -58.4416 54.0936 1685220373540 440.7500 -0.0270
12.5681 -88.8764 -58.2041 47.8216 1685220373572 472.7500 -0.0189
12.6633 -88.8680 -58.4485 49.1159 1685220373606 506.0000 -0.0162
12.0544 -89.0452 -58.2424 46.6971 1685220373638 538.7500 -0.0060
11.9617 -89.4136 -57.9662 40.8299 1685220373670 571.5000 -0.0033
11.8957 -90.1143 -57.5454 43.8444 1685220373705 604.0000 0.0048
11.4105 -90.4210 -57.3998 49.0855 1685220373737 636.7500 0.0048
13.1622 -90.4701 -56.3011 38.2588 1685220373769 669.5000 0.0128
13.4665 -90.2187 -56.8276 31.2945 1685220373802 527.2500 0.0228
12.5563 -90.8920 -58.6224 35.3974 1685220373835 35.0000 0.0253
14.7579 -88.7992 -58.7052 35.2877 1685220373867 67.0000 0.0319
15.3170 -88.6468 -58.5115 64.4337 1685220373899 100.2500 0.0341
16.4104 -89.0470 -57.8986 56.3764 1685220373933 132.5000 0.0414
15.2708 -89.4466 -59.0880 52.5657 1685220373965 165.5000 0.0438
14.7414 -89.6449 -59.1613 66.5974 1685220373997 198.2500 0.0493
14.3303 -90.1426 -59.2471 50.9494 1685220374031 231.0000 0.0530
15.2836 -89.1537 -58.3779 42.8758 1685220374063 263.7500 0.0585
16.7831 -88.0660 -58.7816 70.7457 1685220374096 296.2500 0.0598
16.4931 -89.3560 -57.9684 51.6400 1685220374129 329.0000 0.0639
16.4464 -88.6066 -57.8141 52.2565 1685220374162 361.7500 0.0639
17.0443 -87.8523 -58.4190 32.9434 1685220374194 394.5000 0.0658
15.0929 -87.8488 -58.8656 39.2803 1685220374227 427.0000 0.0595
13.7573 -89.1457 -59.4120 48.3970 1685220374260 459.7500 0.0595
13.8712 -89.3198 -59.1461 40.6722 1685220374292 492.5000 0.0433
13.4779 -89.1165 -58.9029 51.7359 1685220374324 525.2500 0.0433
13.1632 -89.5857 -58.5146 40.1673 1685220374358 557.7500 0.0219
12.4817 -89.6810 -58.2136 40.8591 1685220374390 589.7500 0.0219
12.2291 -90.1117 -57.6809 40.1503 1685220374422 623.2500 -0.0001
12.0960 -90.6193 -56.8777 42.3366 1685220374455 655.7500 -0.0001
14.0102 -89.8834 -55.4433 32.3783 1685220374489 688.7500 -0.0241
14.3706 -90.3178 -55.8644 36.7433 1685220374521 542.0000 -0.0358
14.3642 -89.8262 -56.8063 32.6662 1685220374554 36.7500 -0.0475
14.7368 -88.6407 -57.1779 40.7912 1685220374587 69.7500 -0.0695
16.0508 -87.9629 -57.4805 68.1734 1685220374619 102.2500 -0.0695
17.0142 -88.2311 -56.9797 68.2141 1685220374651 135.0000 -0.0838
16.2709 -88.3089 -57.3624 60.4387 1685220374685 167.2500 -0.0885
15.1186 -89.1637 -57.6459 53.8546 1685220374717 200.2500 -0.1050
15.0656 -89.1711 -57.5563 50.8308 1685220374749 232.5000 -0.1105
16.2273 -88.0190 -56.6999 55.3052 1685220374783 265.7500 -0.1295
17.2538 -87.2633 -56.8923 40.3491 1685220374815 298.5000 -0.1295
16.3448 -89.1273 -57.0560 39.8501 1685220374847 331.0000 -0.1431
16.4291 -87.5821 -56.2353 31.5917 1685220374881 363.7500 -0.1554
15.9329 -86.9670 -56.8235 37.4729 1685220374914 396.5000 -0.1632
13.4233 -87.8119 -58.1557 48.6342 1685220374946 429.2500 -0.1739
12.6314 -88.3361 -57.9140 47.9030 1685220374978 461.7500 -0.1774
12.5167 -88.3117 -57.8600 54.9434 1685220375012 494.7500 -0.1901
12.3156 -88.1424 -57.6708 55.6288 1685220375044 527.2500 -0.1901
12.2347 -88.5211 -57.3214 39.3990 1685220375076 559.7500 -0.1957
11.6925 -88.8482 -56.8075 41.3529 1685220375110 592.7500 -0.2060
11.2890 -89.3047 -56.0757 29.7495 1685220375142 625.2500 -0.2106
11.6215 -89.7135 -55.6530 32.2524 1685220375174 657.7500 -0.2145
12.9210 -89.5537 -54.7621 34.2781 1685220375207 690.0000 -0.2184
12.3296 -90.1204 -56.4017 35.6231 1685220375240 723.2500 -0.2216
12.6944 -89.5324 -56.8884 40.3080 1685220375273 206.7500 -0.2263
14.2227 -87.6482 -56.2072 50.4487 1685220375305 56.7500 -0.2274
16.3939 -86.7487 -56.4288 52.1037 1685220375339 89.5000 -0.2306
16.2254 -87.7849 -55.8757 57.2264 1685220375371 122.0000 -0.2321
14.3178 -88.3675 -56.9172 56.9990 1685220375403 154.7500 -0.2336
13.9771 -88.1749 -56.7379 56.1496 1685220375437 187.5000 -0.2365
14.9323 -87.2901 -56.1642 46.9062 1685220375469 219.7500 -0.2370
16.6336 -86.3369 -56.2727 66.1483 1685220375501 252.5000 -0.2385
16.2131 -87.2532 -55.5184 36.9188 1685220375534 285.5000 -0.2388
16.3083 -86.5021 -55.5378 36.2371 1685220375567 318.0000 -0.2399
16.2166 -86.4206 -55.6128 37.4598 1685220375599 350.7500 -0.2403
13.2324 -87.0821 -57.3382 48.7473 1685220375632 383.7500 -0.2404
12.4337 -87.5822 -57.1208 46.6971 1685220375666 416.2500 -0.2397
12.0335 -87.4038 -57.2769 48.3840 1685220375698 449.0000 -0.2394
11.9651 -87.8426 -56.7993 54.9999 1685220375730 481.7500 -0.2380
11.5790 -88.2394 -56.9001 49.6575 1685220375764 514.2500 -0.2380
11.2360 -88.4638 -56.3752 42.6007 1685220375796 547.0000 -0.2350
10.7177 -88.8037 -55.9782 37.2807 1685220375828 579.7500 -0.2350
10.5208 -89.1982 -55.7841 34.1469 1685220375861 612.2500 -0.2311
10.4958 -89.8812 -55.8972 32.2328 1685220375894 645.0000 -0.2311
11.4707 -88.6557 -55.5153 30.9731 1685220375926 677.7500 -0.2243
10.6272 -89.0594 -57.2025 32.2407 1685220375959 360.5000 -0.2243
12.5729 -87.6149 -56.4135 42.3261 1685220375992 43.0000 -0.2184
14.5899 -86.7724 -56.2027 69.9062 1685220376024 75.5000 -0.2155
15.2775 -87.0687 -56.0093 54.9485 1685220376057 108.2500 -0.2126
13.3627 -87.8445 -56.8818 55.6713 1685220376091 141.2500 -0.2082
13.5070 -87.3657 -56.0275 58.4545 1685220376123 173.7500 -0.2082
14.3178 -86.8736 -56.2270 49.2924 1685220376155 206.7500 -0.2038
15.2406 -86.2703 -56.2100 61.4151 1685220376188 239.2500 -0.2038
15.7655 -86.4288 -55.6407 55.9567 1685220376221 271.7500 -0.2009
14.6264 -87.6380 -56.4236 60.4750 1685220376253 304.7500 -0.1996
15.3664 -86.3181 -55.2838 51.5409 1685220376286 337.0000 -0.1984
14.3361 -86.4030 -55.6477 54.4682 1685220376319 369.5000 -0.1978
12.3576 -87.5272 -56.5642 53.4498 1685220376351 402.7500 -0.1960
11.6070 -87.8084 -56.8442 50.3340 1685220376383 435.0000 -0.1954
11.4376 -87.9377 -56.8560 45.9230 1685220376417 468.0000 -0.1935
10.7287 -87.8058 -56.8702 45.6669 1685220376450 500.7500 -0.1913
10.4361 -87.9416 -56.8468 41.4477 1685220376482 533.5000 -0.1897
10.2485 -88.7891 -56.2356 38.2448 1685220376516 566.0000 -0.1872
9.9791 -89.1701 -55.8757 39.3486 1685220376548 598.7500 -0.1872
9.6526 -89.5404 -55.7915 38.0938 1685220376580 631.5000 -0.1833
10.0774 -89.7172 -56.0214 36.3662 1685220376613 664.2500 -0.1833
9.8270 -89.5209 -57.1024 42.1941 1685220376646 523.7500 -0.1794
11.2851 -88.6495 -56.3532 46.6870 1685220376678 37.5000 -0.1774
12.7824 -87.2073 -56.6915 53.1585 1685220376710 70.2500 -0.1755
14.6373 -86.7430 -56.1656 62.1384 1685220376744 102.7500 -0.1755
14.1447 -87.6360 -55.8288 68.4782 1685220376776 135.7500 -0.1711
12.6987 -88.0732 -56.6393 69.5126 1685220376808 167.2500 -0.1681
12.5922 -88.2331 -56.5143 53.1940 1685220376843 201.0000 -0.1681
13.9701 -86.9109 -56.3991 45.9091 1685220376875 233.7500 -0.1662
15.0299 -85.8037 -56.4545 63.2837 1685220376907 266.2500 -0.1662
14.8800 -87.1904 -55.4863 50.6920 1685220376940 299.0000 -0.1654
14.8343 -86.2401 -55.8577 47.1506 1685220376973 331.7500 -0.1620
15.4124 -85.9379 -55.9703 41.1254 1685220377005 364.2500 -0.1593
13.7698 -86.6350 -56.1965 51.3857 1685220377037 397.0000 -0.1570
12.0415 -87.8324 -57.0706 44.8947 1685220377071 429.7500 -0.1501
11.8181 -87.7500 -57.0239 49.2886 1685220377103 462.2500 -0.1416
11.8096 -87.9263 -57.1514 42.8496 1685220377135 494.7500 -0.1388
11.0914 -88.4195 -57.0295 41.4991 1685220377169 527.7500 -0.1320
10.3655 -88.5262 -57.0736 54.5825 1685220377202 560.2500 -0.1252
10.5304 -89.1399 -56.4793 50.0273 1685220377234 593.2500 -0.1215
10.0780 -89.7606 -56.4208 39.7387 1685220377267 625.7500 -0.1068
10.7934 -89.2397 -55.6421 36.0030 1685220377300 658.7500 -0.0958
11.7906 -89.5373 -55.8266 36.6401 1685220377332 691.2500 -0.0924
11.0407 -90.3056 -57.8056 28.7072 1685220377364 28.0000 -0.0822
12.6380 -88.5684 -57.2682 38.1763 1685220377398 60.7500 -0.0723
14.2279 -87.7018 -57.5541 92.0585 1685220377430 93.2500 -0.0690
15.5023 -87.8766 -57.2973 68.7938 1685220377462 126.0000 -0.0587
14.4145 -88.2395 -57.4308 59.0359 1685220377496 158.7500 -0.0553
13.9735 -87.8873 -57.5970 45.9795 1685220377528 191.2500 -0.0431
13.6633 -88.2521 -57.7149 56.7723 1685220377560 224.0000 -0.0431
15.0198 -87.5470 -57.8852 40.7568 1685220377594 256.7500 -0.0319
16.2852 -87.1801 -57.6679 49.3002 1685220377627 289.0000 -0.0319
14.9617 -89.4671 -57.7319 44.3332 1685220377659 322.0000 -0.0242
15.9300 -88.1783 -56.4789 43.3161 1685220377692 354.7500 -0.0216
15.5005 -87.8725 -56.9510 38.8476 1685220377725 387.5000 -0.0123
15.1526 -87.9956 -57.7438 44.5194 1685220377757 420.2500 -0.0074
13.5789 -89.2757 -58.1195 48.5338 1685220377789 452.7500 -0.0026
13.4924 -89.4246 -58.1914 47.3297 1685220377823 485.5000 -0.0026
12.8307 -89.0214 -58.9196 49.9769 1685220377855 518.2500 0.0072
12.3740 -89.2313 -58.4379 45.0281 1685220377887 550.7500 0.0170
12.0912 -89.7799 -58.4866 42.7924 1685220377920 582.7500 0.0170
11.8548 -90.3018 -58.0243 39.5905 1685220377953 616.2500 0.0267
11.9849 -90.7098 -57.3657 44.9335 1685220377986 648.7500 0.0267
13.6386 -90.5753 -56.6680 43.6849 1685220378019 681.7500 0.0347
13.9853 -90.4553 -57.1093 45.1254 1685220378052 363.7500 0.0407
14.4262 -90.3288 -57.8246 34.6077 1685220378084 46.0000 0.0448
15.4675 -89.2265 -58.4358 44.5549 1685220378116 78.7500 0.0448
16.2839 -88.9011 -58.3806 80.6107 1685220378150 111.2500 0.0510
16.7035 -89.2041 -58.2046 55.9310 1685220378182 144.0000 0.0590
16.0832 -88.7173 -58.7346 63.7495 1685220378214 176.7500 0.0609
15.9806 -88.6147 -58.8373 63.7495 1685220378222 185.0000 0.0609
