13.5355 -89.0074 -59.0320 56.8631 1685220399029 516.0000 0.0462
13.2314 -89.1132 -58.8194 52.0473 1685220399062 549.0000 0.0365
13.0424 -89.5033 -58.3847 51.0644 1685220399094 582.0000 0.0204
12.7156 -89.7336 -57.6378 51.1587 1685220399127 614.5000 0.0035
13.1737 -90.7941 -56.4433 33.9150 1685220399160 647.0000 -0.0021
13.7442 -90.2839 -54.9651 39.7701 1685220399192 680.0000 -0.0200
14.2077 -90.4492 -55.0847 35.9577 1685220399224 712.5000 -0.0260
14.2073 -90.0005 -56.5150 37.5185 1685220399258 27.0000 -0.0382
14.8593 -89.1145 -56.6169 34.4588 1685220399290 60.0000 -0.0504
15.6319 -88.7369 -56.4740 55.7950 1685220399322 92.5000 -0.0714
17.1565 -88.4132 -56.7029 57.1491 1685220399356 125.2500 -0.0872
15.5952 -88.4732 -58.2791 46.9684 1685220399389 158.0000 -0.0924
15.0450 -88.3592 -58.3227 54.4834 1685220399421 190.5000 -0.1032
15.2832 -88.2178 -57.0997 48.0229 1685220399454 222.7500 -0.1139
15.9104 -88.1859 -56.4825 52.6933 1685220399487 255.7500 -0.1282
16.7212 -87.7629 -56.3141 68.1686 1685220399519 288.7500 -0.1330
16.7036 -87.3708 -56.9237 36.6266 1685220399551 321.2500 -0.1415
17.4012 -87.4824 -55.8502 35.4090 1685220399585 354.0000 -0.1501
17.0277 -86.4071 -56.5733 37.1189 1685220399617 386.7500 -0.1584
15.1438 -86.3862 -57.4007 30.7257 1685220399649 419.5000 -0.1701
13.2690 -87.4468 -58.0688 43.1454 1685220399683 452.0000 -0.1803
12.8354 -87.9599 -57.9867 40.3494 1685220399715 485.0000 -0.1864
12.5603 -88.2178 -57.7306 40.8210 1685220399748 517.5000 -0.1926
12.3619 -88.1884 -57.4486 50.0991 1685220399781 549.5000 -0.1984
12.0259 -88.5573 -56.9228 41.0153 1685220399814 583.0000 -0.2043
11.6040 -89.0589 -56.2917 38.5790 1685220399846 615.0000 -0.2089
11.7355 -89.6879 -55.6244 35.3524 1685220399878 648.0000 -0.2136
12.5849 -89.6925 -54.2419 34.8075 1685220399912 681.0000 -0.2172
12.6558 -89.8586 -55.1994 38.9192 1685220399944 713.5000 -0.2227
12.8899 -88.6025 -55.7779 39.9259 1685220399976 379.2500 -0.2282
13.7897 -88.1442 -55.8339 40.1814 1685220400010 45.0000 -0.2294
15.6081 -88.0394 -55.2985 52.2867 1685220400042 77.5000 -0.2331
16.2939 -87.4097 -56.2300 61.0774 1685220400074 110.5000 -0.2338
14.6539 -87.9840 -57.0323 53.1863 1685220400107 143.0000 -0.2360
14.0273 -88.1974 -56.7358 58.3311 1685220400141 175.7500 -0.2366
14.8855 -87.5199 -56.0445 47.4565 1685220400173 208.5000 -0.2385
16.1104 -87.1205 -55.4204 54.5653 1685220400205 241.0000 -0.2383
16.9719 -86.5254 -56.2232 45.8140 1685220400239 273.7500 -0.2380
16.1081 -87.0415 -54.8973 47.7087 1685220400271 306.2500 -0.2381
16.5166 -86.2259 -55.5290 35.9190 1685220400303 338.7500 -0.2385
14.4646 -86.2971 -56.4455 41.9073 1685220400337 372.0000 -0.2380
12.3812 -87.3305 -57.2007 51.5520 1685220400369 404.5000 -0.2380
12.2374 -87.4131 -57.1294 49.1280 1685220400401 437.0000 -0.2365
11.8301 -87.6135 -57.1032 51.1352 1685220400434 470.0000 -0.2355
11.8074 -88.0486 -56.8351 43.1055 1685220400467 502.5000 -0.2346
11.4161 -88.2997 -56.5202 41.3002 1685220400499 535.2500 -0.2346
11.1122 -88.6713 -56.2022 48.5629 1685220400533 568.0000 -0.2311
10.5891 -89.1509 -56.0694 28.9032 1685220400566 600.0000 -0.2267
10.6566 -90.1568 -55.4033 37.1225 1685220400598 632.7500 -0.2267
10.3304 -89.6456 -56.4212 33.5510 1685220400630 666.0000 -0.2238
10.7774 -89.5015 -56.3630 38.9783 1685220400664 524.2500 -0.2228
12.3447 -88.2227 -55.6128 44.4210 1685220400696 34.5000 -0.2199
14.0135 -87.7414 -55.2935 41.8397 1685220400728 67.0000 -0.2189
15.5502 -87.2273 -55.8869 68.4188 1685220400761 99.7500 -0.2156
14.0005 -87.3522 -57.2818 55.1197 1685220400794 132.5000 -0.2121
13.9303 -87.2010 -56.1442 63.0437 1685220400826 165.0000 -0.2096
13.8183 -87.3487 -55.8067 65.5946 1685220400859 197.7500 -0.2096
14.8919 -86.6482 -55.8088 55.2655 1685220400892 230.5000 -0.2057
15.8471 -86.3712 -55.7261 56.3830 1685220400925 263.0000 -0.2035
15.0144 -87.1891 -56.5404 52.0012 1685220400957 296.0000 -0.2028
15.7719 -86.7351 -55.0172 55.1579 1685220400991 328.5000 -0.2010
14.9408 -86.4615 -55.6509 45.8406 1685220401023 361.0000 -0.2004
12.8174 -87.1597 -56.9171 48.2914 1685220401055 394.0000 -0.1982
11.8288 -87.8232 -57.1343 54.7356 1685220401088 426.0000 -0.1974
11.3968 -87.7606 -57.0740 47.4345 1685220401121 459.2500 -0.1962
11.3602 -87.8071 -56.8814 48.9941 1685220401153 492.0000 -0.1950
11.0150 -88.2039 -56.5223 41.4938 1685220401186 524.5000 -0.1935
10.6189 -88.4833 -56.3717 45.3063 1685220401219 557.2500 -0.1901
10.2390 -88.8273 -56.0106 46.5311 1685220401251 590.0000 -0.1882
10.6705 -88.5007 -55.3041 32.8044 1685220401284 622.7500 -0.1862
10.1307 -90.0619 -55.1489 31.1922 1685220401318 655.5000 -0.1842
9.6675 -89.6336 -56.6108 34.3963 1685220401350 688.0000 -0.1823
11.1752 -88.6733 -55.8750 49.0517 1685220401382 33.0000 -0.1803
12.4919 -87.7687 -56.0180 39.3054 1685220401416 65.2500 -0.1784
14.2245 -87.3082 -55.5932 104.0879 1685220401448 98.0000 -0.1764
13.8089 -87.3099 -57.2223 59.1906 1685220401480 130.5000 -0.1745
12.7360 -87.8733 -56.7555 66.0148 1685220401513 163.5000 -0.1725
13.2292 -87.5171 -56.0759 61.8353 1685220401546 196.0000 -0.1696
13.5110 -87.4357 -55.6297 64.2711 1685220401578 229.0000 -0.1691
14.9478 -86.3316 -55.8939 54.9001 1685220401610 261.5000 -0.1676
15.3124 -86.2456 -56.4780 71.4113 1685220401644 294.2500 -0.1669
14.3578 -86.6887 -55.5416 59.1711 1685220401676 327.0000 -0.1662
14.7699 -86.8817 -55.3400 59.1081 1685220401709 359.7500 -0.1647
12.8583 -87.0377 -57.2471 47.1041 1685220401743 392.2500 -0.1603
11.8309 -87.6602 -57.3436 44.6324 1685220401775 425.0000 -0.1505
11.5227 -88.0461 -57.2840 46.7890 1685220401807 457.7500 -0.1475
11.2973 -87.8306 -57.3223 36.5513 1685220401840 490.2500 -0.1383
11.0204 -88.0503 -57.6975 49.2483 1685220401873 523.0000 -0.1349
10.6575 -88.3778 -57.3044 38.6822 1685220401905 555.7500 -0.1247
10.7746 -89.1769 -56.6878 34.7090 1685220401937 588.5000 -0.1171
10.5554 -89.4559 -56.5567 43.7728 1685220401971 621.0000 -0.1095
11.4611 -89.6621 -55.2297 37.3180 1685220402003 653.7500 -0.1095
11.4351 -90.0932 -55.6816 30.9701 1685220402035 686.5000 -0.0949
11.3539 -90.4686 -57.0619 32.9243 1685220402070 195.5000 -0.0949
12.3847 -88.8244 -56.7786 49.0746 1685220402102 54.0000 -0.0817
14.2865 -88.0242 -56.9939 48.9573 1685220402134 86.5000 -0.0675
15.4252 -87.9472 -57.1434 85.4235 1685220402167 119.0000 -0.0675
13.8539 -88.3936 -58.2488 53.7075 1685220402200 151.7500 -0.0538
13.4619 -88.8044 -58.2411 57.0542 1685220402232 184.5000 -0.0477
13.9531 -88.4673 -57.4917 54.2202 1685220402265 217.2500 -0.0416
14.3581 -88.3371 -56.8962 48.9796 1685220402298 250.0000 -0.0388
15.6723 -87.3142 -57.5405 49.3499 1685220402330 282.5000 -0.0304
15.4052 -88.0766 -58.9385 44.9778 1685220402362 315.2500 -0.0264
16.0657 -87.1271 -57.6971 50.7185 1685220402396 348.0000 -0.0217
15.8715 -86.9857 -58.0609 55.4442 1685220402428 380.7500 -0.0133
14.9298 -86.5864 -59.1198 63.0218 1685220402460 413.5000 -0.0109
13.5296 -88.3894 -58.7395 58.4456 1685220402494 446.0000 -0.0032
13.2284 -88.7888 -58.3783 52.2339 1685220402527 478.7500 0.0018
12.7426 -88.5333 -58.7639 50.0930 1685220402559 511.5000 0.0092
12.5425 -88.6564 -58.7444 54.3841 1685220402592 544.0000 0.0092
12.0648 -89.3015 -58.5631 41.5308 1685220402625 577.0000 0.0165
11.9807 -90.1773 -57.9512 43.1406 1685220402657 609.5000 0.0189
12.1635 -90.6328 -57.5427 38.4145 1685220402689 641.7500 0.0263
13.4225 -90.6777 -56.2687 36.9339 1685220402723 675.0000 0.0357
13.4972 -90.7490 -56.9538 36.5278 1685220402755 532.7500 0.0380
14.1835 -90.6374 -57.3788 46.2565 1685220402787 41.0000 0.0446
14.5902 -89.6012 -57.5511 41.8875 1685220402821 74.0000 0.0468
16.0692 -89.2567 -57.8043 83.1646 1685220402854 106.5000 0.0468
16.6449 -89.0254 -58.4323 75.3257 1685220402886 139.2500 0.0575
15.7550 -89.7909 -59.0396 54.0502 1685220402919 172.0000 0.0634
15.4834 -89.9485 -59.0473 52.2722 1685220402952 204.7500 0.0634
15.4364 -89.7220 -58.1709 52.7453 1685220402984 237.2500 0.0683
15.6445 -89.2500 -57.7550 61.2762 1685220403016 269.7500 0.0683
16.5015 -88.7846 -57.7145 60.5725 1685220403050 302.7500 0.0678
15.6812 -89.3654 -58.6741 31.4205 1685220403082 334.5000 0.0590
16.1899 -88.7794 -57.7230 29.2073 1685220403114 368.0000 0.0560
16.1890 -88.4831 -57.7491 38.1332 1685220403148 400.7500 0.0365
14.2928 -88.6869 -59.5214 33.9862 1685220403180 433.5000 0.0365
13.8787 -89.0122 -59.1170 34.3190 1685220403212 466.0000 0.0145
13.4218 -89.0591 -59.0875 48.7644 1685220403246 499.0000 0.0145
13.3961 -88.8360 -58.9163 47.0661 1685220403279 531.5000 -0.0038
13.0242 -89.0061 -58.5059 42.1269 1685220403311 564.0000 -0.0099
12.5206 -89.4594 -58.0792 41.9365 1685220403343 597.0000 -0.0289
12.4120 -89.7140 -57.3408 39.2953 1685220403377 629.5000 -0.0472
12.5934 -90.8100 -56.1610 31.5074 1685220403409 662.2500 -0.0607
13.0251 -91.2035 -55.5539 35.2893 1685220403441 695.0000 -0.0607
14.1136 -90.5183 -55.6992 39.1120 1685220403475 546.0000 -0.0790
14.0052 -89.0760 -56.4997 31.5195 1685220403507 33.7500 -0.0904
14.7858 -88.2785 -56.5483 38.2224 1685220403539 66.7500 -0.1061
16.7891 -88.0001 -56.6070 62.5413 1685220403572 99.7500 -0.1204
17.5930 -87.9259 -56.9175 57.1403 1685220403606 132.5000 -0.1293
15.4324 -88.4194 -57.9583 42.7533 1685220403638 165.0000 -0.1418
15.0060 -88.3795 -57.8854 45.3982 1685220403670 197.7500 -0.1458
15.4610 -87.8459 -56.8200 49.4951 1685220403704 230.5000 -0.1579
16.5926 -87.3263 -56.5367 40.1659 1685220403736 263.0000 -0.1579
17.3799 -87.2664 -56.9333 43.4497 1685220403768 296.0000 -0.1681
16.8073 -86.8769 -56.1927 37.4048 1685220403802 328.2500 -0.1784
16.8487 -86.1149 -56.5605 44.2691 1685220403834 360.7500 -0.1852
15.8124 -86.1050 -57.0609 31.5788 1685220403866 394.0000 -0.1852
14.1146 -86.5936 -58.4959 32.0672 1685220403899 425.7500 -0.1969
12.9785 -87.2669 -57.8134 46.4336 1685220403932 459.2500 -0.2077
12.7350 -87.6647 -57.3897 47.9499 1685220403964 492.0000 -0.2077
12.6065 -87.8939 -57.3882 39.1778 1685220403997 524.7500 -0.2170
12.1171 -88.4313 -56.8892 38.7465 1685220404031 557.2500 -0.2188
11.8075 -88.8620 -56.6025 53.2117 1685220404063 590.0000 -0.2243
11.6311 -89.6077 -55.5830 49.6390 1685220404095 622.7500 -0.2243
11.4669 -89.7719 -55.4188 49.6390 1685220404103 630.7500 -0.2258
