50.0733 -58.6384 -33.7226 21.0804 1690733658917 128.2500 -0.2331
50.6686 -58.7894 -33.5122 25.5866 1690733658949 161.0000 -0.2331
51.5659 -58.4243 -32.9530 30.9393 1690733658982 193.7500 -0.2353
53.0474 -57.6871 -32.5204 22.9170 1690733659016 226.2500 -0.2360
52.9011 -56.6622 -31.5617 18.2706 1690733659048 260.2500 -0.2353
53.1985 -55.8365 -30.2304 18.8304 1690733659080 292.0000 -0.2328
53.4314 -56.3555 -31.9316 23.7597 1690733659114 324.5000 -0.2306
53.9852 -55.8496 -32.2918 30.9192 1690733659146 357.0000 -0.2306
54.5851 -55.7806 -32.3967 26.3234 1690733659178 390.0000 -0.2259
55.2686 -54.8366 -31.7089 27.5453 1690733659212 422.5000 -0.2243
55.3165 -54.5893 -31.4012 29.2154 1690733659244 455.0000 -0.2209
54.3247 -54.4755 -32.0169 23.6541 1690733659276 488.0000 -0.2133
55.0313 -54.5525 -32.1268 24.5584 1690733659309 520.7500 -0.2092
54.1616 -54.3098 -32.1758 30.6225 1690733659342 554.2500 -0.2055
53.4104 -55.8101 -32.9303 30.9363 1690733659374 586.0000 -0.2002
51.9450 -57.2052 -33.8460 31.7583 1690733659407 618.5000 -0.1955
51.2958 -57.8205 -33.7502 28.9450 1690733659440 650.7500 -0.1955
50.3117 -58.0637 -33.8501 32.4347 1690733659473 684.0000 -0.1872
49.7660 -58.7249 -33.7392 48.0480 1690733659505 716.7500 -0.1872
49.2830 -59.2098 -34.0291 30.5408 1690733659539 567.2500 -0.1794
48.8545 -59.5110 -33.7984 29.9896 1690733659571 54.0000 -0.1794
49.1505 -59.1637 -33.9152 37.3948 1690733659603 87.0000 -0.1725
49.1856 -58.6182 -33.8327 24.5749 1690733659636 119.2500 -0.1706
49.4335 -58.9601 -34.6971 27.7368 1690733659669 152.0000 -0.1686
50.6326 -58.5931 -34.3188 27.1883 1690733659701 185.0000 -0.1657
52.1004 -58.2900 -33.1745 20.6437 1690733659748 217.5000 -0.1647
52.9278 -56.8311 -31.6536 16.7783 1690733659769 250.0000 -0.1584
53.1753 -56.2985 -30.3537 23.3382 1690733659800 283.0000 -0.1584
53.0711 -56.6792 -31.9123 28.0542 1690733659832 315.2500 -0.1584
53.1187 -56.7658 -32.6098 26.7415 1690733659866 347.7500 -0.1510
54.0687 -56.3598 -32.3201 34.8341 1690733659898 381.0000 -0.1485
54.5305 -56.2558 -32.3158 27.4522 1690733659930 413.7500 -0.1447
55.4942 -55.4681 -31.3315 32.2016 1690733659963 446.0000 -0.1437
54.8053 -54.9035 -31.2078 21.3935 1690733659996 479.0000 -0.1430
54.0950 -55.8034 -32.5146 25.3849 1690733660028 511.7500 -0.1408
54.2747 -55.0571 -32.1617 22.8137 1690733660061 544.2500 -0.1359
53.6573 -55.7258 -32.8176 28.4294 1690733660094 577.0000 -0.1359
52.3677 -57.7224 -33.5994 33.6081 1690733660126 611.5000 -0.1260
51.3510 -58.4412 -33.8735 38.6049 1690733660159 643.2500 -0.1227
50.6493 -59.0089 -33.9109 38.1059 1690733660193 675.0000 -0.1186
49.9753 -59.4525 -34.0439 32.1913 1690733660225 707.5000 -0.1061
49.5351 -59.9369 -33.7418 30.0983 1690733660257 561.2500 -0.0880
48.6515 -60.6333 -33.6524 30.8737 1690733660291 56.0000 -0.0839
48.8123 -60.7258 -33.5198 31.9281 1690733660323 89.0000 -0.0714
49.1842 -60.0094 -33.1646 28.5834 1690733660355 121.5000 -0.0586
48.9146 -60.5333 -33.7840 29.5171 1690733660388 154.0000 -0.0543
48.6822 -60.5591 -34.0941 27.2021 1690733660421 187.0000 -0.0426
50.6613 -60.1796 -32.9160 32.8364 1690733660453 219.7500 -0.0387
51.4782 -59.2939 -32.2765 21.1404 1690733660485 252.0000 -0.0309
52.5186 -58.9262 -30.7974 25.3119 1690733660519 285.0000 -0.0167
51.6898 -58.0761 -30.4034 18.5977 1690733660552 317.7500 -0.0104
51.8886 -58.9041 -32.0619 22.1074 1690733660584 350.2500 -0.0035
52.0136 -58.6955 -32.3494 26.4667 1690733660618 383.0000 0.0033
52.7786 -59.0008 -32.5301 32.7337 1690733660650 416.7500 0.0109
53.7641 -59.2341 -31.6702 22.3830 1690733660682 448.2500 0.0184
53.8713 -58.4979 -31.1269 25.3501 1690733660715 481.0000 0.0212
53.1143 -58.8041 -31.3111 27.1094 1690733660751 514.0000 0.0297
52.5357 -59.1440 -32.3928 24.5181 1690733660781 546.2500 0.0297
52.6141 -58.3196 -32.5446 19.0416 1690733660812 579.0000 0.0374
52.1278 -59.1921 -32.3016 23.4202 1690733660846 612.0000 0.0438
51.0740 -60.3375 -32.5551 24.0371 1690733660878 644.5000 0.0477
50.1576 -61.1838 -32.6190 27.6168 1690733660910 677.0000 0.0498
49.3128 -61.9345 -32.9603 29.5828 1690733660945 709.5000 0.0579
49.3258 -62.3849 -32.7809 31.9337 1690733660977 742.2500 0.0634
48.5929 -63.0272 -32.6851 28.5284 1690733661009 48.0000 0.0634
48.4691 -63.3341 -32.3200 32.7428 1690733661042 82.5000 0.0670
48.6295 -62.7853 -32.5500 32.4875 1690733661075 113.7500 0.0686
49.0267 -62.8141 -32.2350 25.7715 1690733661107 146.0000 0.0697
48.1218 -62.9455 -32.1625 23.2267 1690733661139 179.0000 0.0685
47.8389 -63.1501 -32.8706 27.2145 1690733661173 211.7500 0.0609
49.8570 -62.5321 -31.5341 33.5888 1690733661205 244.2500 0.0492
50.5298 -61.7513 -31.0276 20.8956 1690733661237 277.0000 0.0492
51.1605 -61.3636 -31.1530 23.0558 1690733661271 309.7500 0.0389
51.4510 -60.5085 -31.2222 21.9874 1690733661303 342.2500 0.0287
50.8923 -60.4364 -31.4043 26.2214 1690733661335 375.0000 0.0067
51.3151 -59.9464 -31.9992 27.1299 1690733661369 408.0000 -0.0112
52.0052 -60.1014 -31.6142 26.3994 1690733661402 440.2500 -0.0172
53.1198 -59.9817 -31.0180 33.3502 1690733661434 474.7500 -0.0297
52.7198 -60.0598 -30.7211 21.6201 1690733661467 505.2500 -0.0421
52.1760 -59.5837 -30.6850 27.2403 1690733661500 538.5000 -0.0476
52.7758 -58.9130 -31.0737 29.5888 1690733661532 571.0000 -0.0641
52.3634 -58.3138 -31.7698 32.1738 1690733661564 604.0000 -0.0861
51.3620 -58.9221 -32.8442 29.8356 1690733661598 636.5000 -0.0861
51.1013 -59.1118 -32.5417 27.9585 1690733661630 669.0000 -0.1085
50.6112 -59.6569 -32.6842 34.7776 1690733661662 702.0000 -0.1186
50.0948 -59.6577 -32.9180 32.5564 1690733661696 734.7500 -0.1286
49.4692 -59.8946 -33.1112 25.5813 1690733661728 767.2500 -0.1425
49.4694 -60.1023 -32.9229 32.0332 1690733661761 225.7500 -0.1471
49.6337 -60.0536 -33.0170 28.9239 1690733661794 67.7500 -0.1596
50.7697 -59.3987 -32.3689 25.8589 1690733661827 102.2500 -0.1637
50.8208 -59.6855 -31.8149 27.7143 1690733661859 132.7500 -0.1711
50.4462 -59.8244 -32.2942 32.7042 1690733661891 166.0000 -0.1784
50.9817 -59.2963 -32.4076 24.8456 1690733661925 198.2500 -0.1872
52.7978 -58.7059 -32.0464 32.3872 1690733661957 231.0000 -0.1924
52.9956 -57.6654 -31.6636 23.3581 1690733661989 264.0000 -0.1994
53.4581 -56.1804 -31.4532 17.4914 1690733662023 296.5000 -0.1994
52.8179 -56.2689 -32.3642 19.8404 1690733662055 329.0000 -0.2067
52.7398 -56.1626 -32.4238 28.6094 1690733662087 362.0000 -0.2092
53.7104 -55.3877 -32.3534 32.3119 1690733662120 394.5000 -0.2199
54.2123 -55.0564 -32.1190 26.6078 1690733662154 427.0000 -0.2210
54.8576 -54.5032 -31.8948 29.7788 1690733662186 460.0000 -0.2243
54.0604 -55.0268 -31.9570 29.0722 1690733662218 492.7500 -0.2253
53.9538 -55.2961 -32.8398 27.6757 1690733662252 524.7500 -0.2282
54.0899 -54.6633 -32.7938 30.6391 1690733662284 557.7500 -0.2287
52.6899 -55.6403 -33.7063 28.9311 1690733662316 590.7500 -0.2302
51.8230 -56.5944 -33.9919 28.6323 1690733662350 623.2500 -0.2311
51.1061 -57.3112 -34.0862 35.8495 1690733662382 656.0000 -0.2321
50.5658 -57.8498 -33.8902 30.7553 1690733662414 689.0000 -0.2310
50.0321 -58.2766 -33.8995 29.6367 1690733662447 721.2500 -0.2292
49.6907 -58.7509 -33.7853 32.1902 1690733662480 754.0000 -0.2277
49.7992 -59.1566 -33.5331 33.8140 1690733662513 226.7500 -0.2277
49.3022 -58.7400 -33.5647 31.7158 1690733662545 74.0000 -0.2233
50.0480 -58.3080 -33.5324 29.5291 1690733662579 106.5000 -0.2189
50.1284 -58.1205 -34.1203 24.1129 1690733662611 138.0000 -0.2175
50.7385 -58.3917 -33.9864 27.1635 1690733662643 171.7500 -0.2165
52.3922 -58.1641 -32.9725 29.3336 1690733662677 203.0000 -0.2155
53.5992 -56.8431 -32.0522 27.2115 1690733662709 236.0000 -0.2150
53.5707 -56.2108 -31.5836 20.3832 1690733662741 268.5000 -0.2132
53.5262 -55.8734 -31.3157 18.6934 1690733662774 301.0000 -0.2092
53.4660 -56.3424 -31.9201 26.0159 1690733662807 334.0000 -0.2092
53.5069 -56.2619 -32.4008 25.8426 1690733662839 366.7500 -0.2082
55.0681 -55.3858 -31.8195 25.8664 1690733662872 399.0000 -0.2043
54.9897 -54.9770 -32.1090 27.7724 1690733662906 432.0000 -0.2033
54.6653 -54.3361 -31.5852 26.2921 1690733662938 464.7500 -0.2026
54.6683 -54.7155 -32.7673 26.1870 1690733662970 497.2500 -0.2004
54.5379 -54.0116 -32.4348 23.7305 1690733663004 530.0000 -0.1991
53.9286 -54.7528 -32.7204 31.8620 1690733663036 563.0000 -0.1979
52.3532 -56.7611 -33.5259 25.9387 1690733663068 594.7500 -0.1984
51.5815 -57.2169 -33.6621 30.0823 1690733663101 628.0000 -0.1984
51.0052 -58.0443 -33.5495 29.2740 1690733663134 661.0000 -0.1984
50.3643 -58.6182 -33.7485 28.8557 1690733663166 693.5000 -0.1984
50.0032 -59.1671 -33.6265 27.8654 1690733663199 726.0000 -0.1979
49.4183 -59.2764 -34.0649 40.1684 1690733663232 42.0000 -0.1984
49.2428 -59.4278 -33.9516 25.9029 1690733663264 74.5000 -0.1989
49.5133 -57.9308 -33.8522 21.3799 1690733663297 107.0000 -0.1991
49.7433 -58.4857 -34.7592 24.5018 1690733663331 140.0000 -0.1999
50.1131 -58.7723 -34.4811 32.6110 1690733663363 173.5000 -0.1984
51.7847 -58.1016 -33.4304 25.1066 1690733663395 204.7500 -0.1972
53.0702 -56.9473 -32.4778 18.0791 1690733663428 238.0000 -0.1935
53.9359 -56.5138 -31.0432 23.8050 1690733663462 270.0000 -0.1935
53.4649 -56.4946 -31.4226 18.7643 1690733663497 303.2500 -0.1842
53.6703 -56.4058 -31.9807 25.1947 1690733663528 336.0000 -0.1725
54.0415 -55.9826 -32.3823 36.6441 1690733663559 369.0000 -0.1686
54.6376 -55.9259 -32.0971 25.1387 1690733663592 401.2500 -0.1596
55.1486 -55.3035 -31.6500 28.8824 1690733663624 434.0000 -0.1505
54.9566 -55.0595 -31.4777 21.0698 1690733663658 467.0000 -0.1405
53.9567 -55.4598 -32.4749 24.0388 1690733663690 499.5000 -0.1245
54.2138 -54.8556 -32.4907 24.6300 1690733663722 532.0000 -0.1066
53.4539 -55.4944 -32.5886 25.8657 1690733663755 565.0000 -0.1066
52.5076 -57.2855 -33.7553 32.1841 1690733663788 597.5000 -0.0872
51.5209 -58.6151 -33.7820 29.3682 1690733663820 630.0000 -0.0757
50.8484 -59.1287 -33.7195 37.7751 1690733663853 663.0000 -0.0607
49.7901 -59.7105 -33.8133 34.9410 1690733663886 694.5000 -0.0607
49.3525 -60.2516 -33.8028 36.6897 1690733663918 550.2500 -0.0497
48.6731 -60.8887 -33.6529 33.7183 1690733663950 50.0000 -0.0460
48.7206 -61.5476 -33.4224 33.1828 1690733663984 82.7500 -0.0314
48.5702 -61.1065 -33.2780 23.6678 1690733664016 115.0000 -0.0211
48.8165 -61.0014 -33.5000 25.5727 1690733664048 148.0000 -0.0177
48.4467 -60.9113 -34.0297 25.8318 1690733664083 180.7500 -0.0053
49.6353 -60.4315 -33.3231 27.7846 1690733664115 213.2500 -0.0011
51.0440 -60.0939 -32.3788 27.3026 1690733664147 246.0000 0.0050
50.6262 -59.6761 -31.9611 22.4987 1690733664155 253.7500 0.0081
