-12.5281 77.3409 -29.7112 0.0000 1650405795681 1191430.0000 -0.2004
-12.6680 77.3720 -29.6385 0.0000 1650405795710 1191459.0000 -0.2004
-12.5717 77.3764 -29.6645 0.0000 1650405795739 1191487.7500 -0.2004
-12.6136 77.3655 -29.6735 0.0000 1650405795768 1191518.0000 -0.2004
-12.6038 77.2889 -29.7481 0.0000 1650405795797 1191545.7500 -0.2004
-12.5013 77.3588 -29.6254 0.0000 1650405795826 1191574.7500 -0.2004
-12.5050 77.2897 -29.7340 0.0000 1650405795855 1191603.7500 -0.2004
-12.5650 77.3808 -29.6766 0.0000 1650405795884 1191632.7500 -0.2004
-12.5943 77.2610 -29.6814 0.0000 1650405795912 1191661.7500 -0.1999
-12.5882 77.3233 -29.6527 0.0000 1650405795941 1191690.7500 -0.1999
-12.4987 77.3463 -29.7578 0.0000 1650405795971 1191719.7500 -0.1999
-12.5236 77.3657 -29.6642 0.0000 1650405796000 1191749.7500 -0.1999
-12.5326 77.4452 -29.6745 0.0000 1650405796028 1191779.0000 -0.1999
-12.5412 77.3244 -29.6492 0.0000 1650405796058 1191806.7500 -0.1999
-12.5682 77.3791 -29.6854 0.0000 1650405796087 1191836.7500 -0.1996
-12.6074 77.3739 -29.6467 0.0000 1650405796116 1191864.5000 -0.1994
-12.5163 77.3764 -29.6284 0.0000 1650405796145 1191893.7500 -0.1994
-12.5973 77.3330 -29.5893 0.0000 1650405796173 1191922.7500 -0.1994
-12.5152 77.3132 -29.7358 0.0000 1650405796203 1191951.7500 -0.1994
-12.5772 77.4129 -29.6166 0.0000 1650405796231 1191980.5000 -0.1994
-12.5374 77.2625 -29.7217 0.0000 1650405796260 1192009.7500 -0.1994
-12.5361 77.4022 -29.6907 0.0000 1650405796289 1192038.7500 -0.1994
-12.6282 77.3718 -29.6622 0.0000 1650405796318 1192067.7500 -0.1996
-12.5814 77.4092 -29.6533 0.0000 1650405796347 1192096.7500 -0.1999
-12.5772 77.3124 -29.7063 0.0000 1650405796376 1192125.5000 -0.1999
-12.6180 77.3651 -29.6131 0.0000 1650405796405 1192154.5000 -0.1999
-12.5414 77.3460 -29.7037 0.0000 1650405796435 1192183.2500 -0.1999
-12.5360 77.3546 -29.6630 0.0000 1650405796464 1192212.2500 -0.1999
-12.5839 77.3884 -29.6931 0.0000 1650405796492 1192241.2500 -0.1999
-12.5527 77.3663 -29.7344 0.0000 1650405796522 1192271.5000 -0.2004
-12.6198 77.4085 -29.6815 0.0000 1650405796550 1192298.5000 -0.2004
-12.5088 77.3889 -29.7700 0.0000 1650405796579 1192328.2500 -0.2004
-12.4922 77.3707 -29.7376 0.0000 1650405796608 1192357.2500 -0.2004
-12.4903 77.4041 -29.7404 0.0000 1650405796637 1192386.2500 -0.2004
-12.4661 77.3278 -29.7670 0.0000 1650405796666 1192415.2500 -0.2004
-12.5058 77.3593 -29.8179 0.0000 1650405796695 1192444.2500 -0.1999
-12.5222 77.3041 -29.7077 0.0000 1650405796724 1192473.2500 -0.1999
-12.6194 77.3813 -29.7025 0.0000 1650405796753 1192502.2500 -0.1999
-12.6451 77.3259 -29.6465 0.0000 1650405796782 1192533.7500 -0.1999
-12.6354 77.3586 -29.6822 0.0000 1650405796811 1192561.0000 -0.1999
-12.5869 77.4191 -29.6309 0.0000 1650405796840 1192589.0000 -0.1999
-12.5852 77.3907 -29.6767 0.0000 1650405796869 1192619.5000 -0.1999
-12.5985 77.3027 -29.7043 0.0000 1650405796899 1192646.7500 -0.1999
-12.5587 77.3957 -29.6406 0.0000 1650405796927 1192675.7500 -0.1994
-12.5675 77.3430 -29.6779 0.0000 1650405796956 1192704.7500 -0.1994
-12.6179 77.3554 -29.5689 0.0000 1650405796985 1192733.7500 -0.1994
-12.5615 77.4077 -29.6942 0.0000 1650405797014 1192762.7500 -0.1994
-12.5911 77.3192 -29.6435 0.0000 1650405797043 1192791.7500 -0.1994
-12.5430 77.2580 -29.6544 0.0000 1650405797071 1192820.7500 -0.1994
-12.6529 77.3322 -29.6455 0.0000 1650405797101 1192849.7500 -0.1994
-12.5313 77.3628 -29.6468 0.0000 1650405797130 1192878.7500 -0.1994
-12.6334 77.4106 -29.5884 0.0000 1650405797159 1192907.7500 -0.1999
-12.5383 77.3447 -29.6749 0.0000 1650405797187 1192936.7500 -0.1999
-12.5718 77.3474 -29.6417 0.0000 1650405797217 1192965.7500 -0.1999
-12.5190 77.3502 -29.6489 0.0000 1650405797246 1192994.7500 -0.1999
-12.5962 77.3514 -29.6282 0.0000 1650405797275 1193023.7500 -0.1999
-12.5458 77.3543 -29.6746 0.0000 1650405797304 1193053.7500 -0.1999
-12.5615 77.3462 -29.6490 0.0000 1650405797333 1193081.5000 -0.2000
-12.5439 77.3047 -29.7458 0.0000 1650405797362 1193110.7500 -0.2004
-12.5224 77.3328 -29.7240 0.0000 1650405797390 1193139.7500 -0.2004
-12.5583 77.3665 -29.6702 0.0000 1650405797419 1193168.7500 -0.2004
-12.5046 77.3858 -29.7309 0.0000 1650405797448 1193197.7500 -0.2004
-12.5316 77.3306 -29.7392 0.0000 1650405797477 1193226.5000 -0.2004
-12.5824 77.3556 -29.6563 0.0000 1650405797506 1193255.5000 -0.2004
-12.4819 77.3803 -29.7826 0.0000 1650405797536 1193284.5000 -0.1999
-12.5636 77.3548 -29.7091 0.0000 1650405797564 1193313.0000 -0.1999
-12.5544 77.4177 -29.6866 0.0000 1650405797593 1193341.7500 -0.1999
-12.5746 77.4626 -29.6516 0.0000 1650405797623 1193371.2500 -0.1999
-12.5507 77.4375 -29.7192 0.0000 1650405797651 1193403.0000 -0.1994
-12.6277 77.3036 -29.6323 0.0000 1650405797681 1193429.2500 -0.1994
-12.5679 77.3226 -29.7161 0.0000 1650405797709 1193458.2500 -0.1994
-12.4709 77.3147 -29.6551 0.0000 1650405797738 1193487.2500 -0.1994
-12.5492 77.3995 -29.6597 0.0000 1650405797767 1193516.2500 -0.1994
-12.6156 77.3516 -29.6665 0.0000 1650405797796 1193545.2500 -0.1994
-12.4755 77.3852 -29.6832 0.0000 1650405797825 1193574.2500 -0.1989
-12.5285 77.3820 -29.7488 0.0000 1650405797854 1193603.2500 -0.1989
-12.6113 77.3508 -29.6495 0.0000 1650405797883 1193632.0000 -0.1989
-12.5283 77.3644 -29.6969 0.0000 1650405797912 1193661.0000 -0.1989
-12.5482 77.3426 -29.6571 0.0000 1650405797941 1193690.0000 -0.1989
-12.5222 77.3819 -29.6733 0.0000 1650405797970 1193719.0000 -0.1989
-12.5007 77.3086 -29.7419 0.0000 1650405798000 1193747.7500 -0.1990
-12.6227 77.4045 -29.6708 0.0000 1650405798028 1193776.7500 -0.1994
-12.5091 77.3317 -29.6939 0.0000 1650405798057 1193805.7500 -0.1994
-12.5416 77.3646 -29.6736 0.0000 1650405798086 1193836.0000 -0.1994
-12.5394 77.3741 -29.6728 0.0000 1650405798115 1193863.2500 -0.1994
-12.5192 77.4461 -29.6980 0.0000 1650405798144 1193892.7500 -0.1994
-12.5483 77.3739 -29.6373 0.0000 1650405798173 1193921.7500 -0.1994
-12.5050 77.3901 -29.7125 0.0000 1650405798202 1193950.7500 -0.1994
-12.5559 77.3331 -29.7146 0.0000 1650405798230 1193979.7500 -0.1994
-12.5309 77.3044 -29.7195 0.0000 1650405798260 1194008.7500 -0.1994
-12.4326 77.4096 -29.6753 0.0000 1650405798289 1194037.7500 -0.1994
-12.4665 77.4319 -29.7028 0.0000 1650405798318 1194066.7500 -0.1994
-12.5427 77.3205 -29.7027 0.0000 1650405798347 1194100.0000 -0.1994
-12.5005 77.2799 -29.6839 0.0000 1650405798376 1194126.0000 -0.1994
-12.4753 77.3040 -29.7321 0.0000 1650405798405 1194153.7500 -0.1994
-12.4459 77.3292 -29.8077 0.0000 1650405798434 1194182.2500 -0.1994
-12.5387 77.3483 -29.6945 0.0000 1650405798463 1194211.7500 -0.1994
-12.7745 77.5221 -29.7873 0.0000 1650405798492 1194240.7500 -0.1989
-12.8575 77.2210 -28.2423 0.0000 1650405798521 1194269.7500 -0.1989
-12.1491 77.0020 -28.1892 0.0000 1650405798549 1194298.7500 -0.1989
-12.0621 77.3383 -28.1423 0.0000 1650405798579 1194327.5000 -0.1989
-11.8827 77.2047 -27.3852 0.0000 1650405798607 1194356.5000 -0.1989
-11.9948 77.1938 -26.7170 0.0000 1650405798636 1194385.5000 -0.1989
-11.8422 77.3297 -26.3541 0.0000 1650405798665 1194414.2500 -0.1984
-12.0598 77.5729 -25.2531 0.0000 1650405798695 1194443.2500 -0.1984
-11.8276 77.4728 -24.8695 0.0000 1650405798723 1194472.2500 -0.1984
-12.0059 77.5736 -24.0296 0.0000 1650405798753 1194501.2500 -0.1984
-11.9592 77.6610 -23.3412 0.0000 1650405798782 1194530.2500 -0.1984
-12.0006 77.6068 -22.8601 0.0000 1650405798811 1194559.2500 -0.1984
-11.9746 77.5650 -22.1976 0.0000 1650405798840 1194588.2500 -0.1989
-12.0505 77.7006 -21.9964 0.0000 1650405798868 1194620.0000 -0.1989
-12.0061 77.5596 -22.1309 0.0000 1650405798897 1194647.2500 -0.1990
-11.9481 77.3940 -22.1469 0.0000 1650405798926 1194675.2500 -0.1994
-11.9852 77.4126 -22.1719 0.0000 1650405798955 1194704.2500 -0.1994
-12.2237 77.3138 -22.0020 0.0000 1650405798984 1194733.2500 -0.1994
-12.3289 77.4054 -22.0342 0.0000 1650405799013 1194762.0000 -0.1994
-12.2920 77.3328 -21.9543 0.0000 1650405799042 1194791.0000 -0.1994
-12.3745 77.3794 -21.9176 0.0000 1650405799071 1194820.0000 -0.1994
-12.3370 77.5133 -21.8949 0.0000 1650405799100 1194849.0000 -0.1999
-12.4852 77.5570 -21.8706 0.0000 1650405799129 1194882.0000 -0.1998
-12.3777 77.5054 -21.9513 0.0000 1650405799159 1194906.2500 -0.1994
-12.3335 77.4965 -22.0650 0.0000 1650405799187 1194935.7500 -0.1994
-12.2763 77.4809 -22.0399 0.0000 1650405799216 1194964.5000 -0.1999
-12.2930 77.4229 -22.1231 0.0000 1650405799245 1194993.7500 -0.1998
-12.2842 77.5203 -22.0324 0.0000 1650405799274 1195022.7500 -0.1994
-12.2684 77.4808 -22.0901 0.0000 1650405799303 1195051.7500 -0.1994
-12.2317 77.4060 -22.0057 0.0000 1650405799332 1195080.7500 -0.1994
-12.3118 77.4001 -21.9955 0.0000 1650405799361 1195109.7500 -0.1994
-12.2246 77.4742 -22.0668 0.0000 1650405799390 1195138.7500 -0.1994
-12.4187 77.4199 -21.9466 0.0000 1650405799419 1195167.7500 -0.1994
-12.3527 77.4587 -21.8832 0.0000 1650405799448 1195196.7500 -0.1994
-12.3162 77.3149 -21.9909 0.0000 1650405799477 1195225.7500 -0.1994
-12.2716 77.3607 -22.0154 0.0000 1650405799506 1195254.7500 -0.1994
-12.3345 77.4665 -21.9756 0.0000 1650405799535 1195283.7500 -0.1994
-12.4318 77.4762 -21.8593 0.0000 1650405799564 1195312.7500 -0.1989
-12.1652 77.4478 -21.9886 0.0000 1650405799593 1195341.7500 -0.1989
-12.2381 77.4453 -21.9862 0.0000 1650405799622 1195370.7500 -0.1989
-12.2562 77.4934 -22.1027 0.0000 1650405799651 1195400.7500 -0.1989
-12.3437 77.4627 -21.9475 0.0000 1650405799680 1195428.2500 -0.1990
-12.2256 77.5049 -22.0750 0.0000 1650405799708 1195457.5000 -0.1994
-12.2486 77.4809 -22.0532 0.0000 1650405799738 1195486.5000 -0.1994
-12.3404 77.5247 -21.8664 0.0000 1650405799766 1195515.2500 -0.1994
-12.2924 77.4861 -21.9797 0.0000 1650405799795 1195544.2500 -0.1994
-12.3381 77.4666 -21.8452 0.0000 1650405799825 1195573.2500 -0.1994
-12.2092 77.4795 -22.0191 0.0000 1650405799854 1195602.2500 -0.1996
-12.3726 77.4863 -21.8889 0.0000 1650405799882 1195631.2500 -0.1999
-12.4648 77.5197 -21.7615 0.0000 1650405799911 1195661.2500 -0.1999
-12.3398 77.5696 -21.8607 0.0000 1650405799941 1195689.0000 -0.1999
-12.3223 77.5546 -21.8846 0.0000 1650405799970 1195718.2500 -0.1999
-12.4065 77.3304 -21.8390 0.0000 1650405799999 1195748.5000 -0.1999
-12.3062 77.3208 -21.9204 0.0000 1650405800027 1195776.2500 -0.1999
-12.3299 77.3256 -21.8835 0.0000 1650405800056 1195805.2500 -0.1999
-12.3092 77.3331 -21.9851 0.0000 1650405800085 1195834.2500 -0.1999
-12.1855 77.3935 -22.0024 0.0000 1650405800114 1195863.0000 -0.1994
-12.2252 77.4192 -22.0492 0.0000 1650405800143 1195892.0000 -0.1994
-11.8446 77.2087 -22.5543 0.0000 1650405800172 1195921.0000 -0.1994
-12.0935 77.2205 -23.2812 0.0000 1650405800201 1195950.0000 -0.1994
-11.5600 77.5961 -23.9396 0.0000 1650405800230 1195978.7500 -0.1989
-11.5072 77.8304 -24.4022 0.0000 1650405800259 1196007.7500 -0.1989
-11.5557 77.6211 -25.0977 0.0000 1650405800288 1196036.7500 -0.1984
-11.4770 77.6826 -25.6706 0.0000 1650405800318 1196065.7500 -0.1984
-11.6312 77.7106 -26.3190 0.0000 1650405800346 1196094.7500 -0.1984
-11.6728 77.5975 -27.0642 0.0000 1650405800375 1196123.7500 -0.1984
-11.8119 77.9013 -27.4348 0.0000 1650405800404 1196152.7500 -0.1984
-11.9751 77.6305 -28.1889 0.0000 1650405800433 1196183.0000 -0.1984
-12.0342 77.9161 -28.6877 0.0000 1650405800462 1196210.5000 -0.1984
-11.9999 77.7523 -29.3421 0.0000 1650405800491 1196239.7500 -0.1984
-11.9422 77.6803 -30.0877 0.0000 1650405800520 1196268.7500 -0.1987
-11.8765 77.8708 -30.6680 0.0000 1650405800549 1196297.7500 -0.1989
-12.2040 77.5193 -31.1937 0.0000 1650405800578 1196326.7500 -0.1990
-11.9773 77.8097 -32.0633 0.0000 1650405800607 1196355.7500 -0.1994
-12.0489 77.6933 -32.5983 0.0000 1650405800636 1196384.7500 -0.1994
-12.0730 77.7150 -33.3810 0.0000 1650405800665 1196415.0000 -0.1994
-11.9786 77.8205 -33.9599 0.0000 1650405800694 1196445.2500 -0.1995
-12.0232 77.5417 -34.5972 0.0000 1650405800723 1196471.2500 -0.1999
-12.0909 77.6527 -35.2799 0.0000 1650405800752 1196500.7500 -0.1999
-11.8989 77.6395 -35.7996 0.0000 1650405800781 1196532.5000 -0.1999
-12.0087 77.3787 -36.3867 0.0000 1650405800810 1196558.5000 -0.1999
-11.9384 77.5371 -37.2284 0.0000 1650405800839 1196587.5000 -0.1999
-11.8082 77.5760 -37.6664 0.0000 1650405800868 1196616.5000 -0.1999
-12.0363 77.5495 -38.0845 0.0000 1650405800897 1196645.2500 -0.1999
-11.9871 77.4005 -38.8842 0.0000 1650405800925 1196674.2500 -0.1999
-11.7677 77.5963 -39.4107 0.0000 1650405800954 1196703.2500 -0.1994
-11.7925 77.3912 -39.9453 0.0000 1650405800984 1196732.2500 -0.1994
-11.9863 77.2806 -40.5180 0.0000 1650405801013 1196761.2500 -0.1994
-11.8020 77.3776 -41.0770 0.0000 1650405801041 1196790.2500 -0.1994
-11.6787 77.5715 -41.2341 0.0000 1650405801071 1196819.2500 -0.1994
-11.8221 77.2850 -41.7232 0.0000 1650405801100 1196848.2500 -0.1994
-11.9378 77.3567 -42.1115 0.0000 1650405801129 1196877.2500 -0.1989
-11.4880 77.2741 -42.6755 0.0000 1650405801158 1196906.2500 -0.1989
-11.7925 77.2060 -43.2146 0.0000 1650405801187 1196935.2500 -0.1989
-11.7787 77.4666 -43.2119 0.0000 1650405801216 1196968.2500 -0.1989
-12.0771 77.4720 -43.1173 0.0000 1650405801244 1196992.7500 -0.1989
-11.8004 77.4886 -43.4802 0.0000 1650405801273 1197022.0000 -0.1989
-11.9149 77.1150 -44.0303 0.0000 1650405801302 1197051.0000 -0.1989
-11.8278 77.3434 -44.1836 0.0000 1650405801331 1197079.7500 -0.1989
-11.9104 77.2954 -44.0981 0.0000 1650405801360 1197108.7500 -0.1994
-11.9012 77.4114 -44.2165 0.0000 1650405801389 1197137.7500 -0.1994
-11.7262 77.4597 -44.3776 0.0000 1650405801418 1197166.7500 -0.1994
-11.8981 77.5071 -44.4061 0.0000 1650405801447 1197195.7500 -0.1994
-11.9006 77.4437 -44.3331 0.0000 1650405801477 1197226.0000 -0.1994
-11.9903 77.3752 -44.4019 0.0000 1650405801505 1197253.5000 -0.1994
-11.9922 77.4338 -44.3145 0.0000 1650405801534 1197282.7500 -0.1994
-11.9486 77.4170 -44.5062 0.0000 1650405801563 1197313.0000 -0.1994
-11.9765 77.5550 -44.4276 0.0000 1650405801592 1197340.7500 -0.1994
-11.9131 77.6100 -44.2936 0.0000 1650405801621 1197369.7500 -0.1994
-12.0943 77.4881 -44.1857 0.0000 1650405801650 1197398.7500 -0.1996
-12.0869 77.4584 -44.1516 0.0000 1650405801679 1197427.7500 -0.1999
-12.0994 77.4816 -43.8906 0.0000 1650405801708 1197456.7500 -0.1999
-12.1119 77.4322 -43.7762 0.0000 1650405801737 1197485.7500 -0.1999
-11.9619 77.4833 -43.6980 0.0000 1650405801765 1197514.7500 -0.1999
-11.9114 77.7215 -43.1461 0.0000 1650405801795 1197543.7500 -0.1994
-11.8052 77.7101 -42.8499 0.0000 1650405801824 1197572.7500 -0.1994
-11.8543 77.5032 -42.6693 0.0000 1650405801853 1197601.7500 -0.1994
-12.0049 77.6499 -42.2584 0.0000 1650405801882 1197630.7500 -0.1994
-11.7984 77.5068 -42.0344 0.0000 1650405801911 1197659.7500 -0.1994
-11.6939 77.7106 -41.5450 0.0000 1650405801940 1197688.5000 -0.1994
-11.5914 77.4599 -41.3512 0.0000 1650405801969 1197717.5000 -0.1989
-11.7941 77.4941 -40.7307 0.0000 1650405801998 1197745.7500 -0.1989
-11.7135 77.4161 -40.2717 0.0000 1650405802027 1197775.2500 -0.1989
-11.7139 77.6528 -39.6573 0.0000 1650405802056 1197804.2500 -0.1989
-11.8702 77.6349 -39.0768 0.0000 1650405802084 1197833.2500 -0.1987
-11.8686 77.5189 -38.4499 0.0000 1650405802114 1197862.2500 -0.1984
-11.6316 77.6527 -37.9864 0.0000 1650405802142 1197891.2500 -0.1984
-11.8177 77.7700 -37.1996 0.0000 1650405802171 1197920.2500 -0.1984
-11.7824 77.4330 -36.8562 0.0000 1650405802200 1197949.2500 -0.1985
-11.8407 77.7416 -36.2573 0.0000 1650405802229 1197978.2500 -0.1989
-11.9354 77.6807 -35.3990 0.0000 1650405802259 1198006.2500 -0.1989
-12.0571 77.6654 -34.9326 0.0000 1650405802288 1198036.2500 -0.1989
-12.0138 77.8305 -34.3600 0.0000 1650405802317 1198066.7500 -0.1989
-12.1786 77.8401 -33.5139 0.0000 1650405802345 1198095.0000 -0.1989
-12.2513 77.5892 -33.0776 0.0000 1650405802375 1198123.0000 -0.1989
-12.2368 77.7200 -32.2710 0.0000 1650405802403 1198152.0000 -0.1989
-12.3081 77.6542 -31.4669 0.0000 1650405802432 1198181.0000 -0.1989
-12.3390 77.6947 -31.1054 0.0000 1650405802461 1198209.7500 -0.1989
-12.3501 77.7722 -30.2321 0.0000 1650405802490 1198238.7500 -0.1989
-12.2674 77.7479 -29.5443 0.0000 1650405802519 1198267.7500 -0.1994
-12.1916 77.5758 -28.8888 0.0000 1650405802548 1198296.7500 -0.1994
-12.3238 77.6411 -28.0848 0.0000 1650405802577 1198325.7500 -0.1994
-12.3350 77.4951 -27.7212 0.0000 1650405802606 1198354.7500 -0.1994
-12.2962 77.7210 -26.6495 0.0000 1650405802636 1198383.7500 -0.1989
-12.1653 77.7370 -26.2450 0.0000 1650405802664 1198412.7500 -0.1989
-12.1424 77.4799 -25.5979 0.0000 1650405802694 1198441.7500 -0.1989
-12.2109 77.6271 -24.7284 0.0000 1650405802726 1198470.7500 -0.1989
-12.3625 77.5900 -24.2440 0.0000 1650405802751 1198499.7500 -0.1989
-12.2714 77.5700 -23.5305 0.0000 1650405802780 1198529.2500 -0.1989
-12.1512 77.7519 -22.8709 0.0000 1650405802809 1198557.7500 -0.1984
-12.3327 77.4341 -22.4533 0.0000 1650405802838 1198586.7500 -0.1984
-12.2009 77.7501 -21.9011 0.0000 1650405802867 1198615.7500 -0.1984
-12.2930 77.6155 -22.0624 0.0000 1650405802896 1198644.7500 -0.1984
-12.2233 77.4153 -22.2392 0.0000 1650405802925 1198673.7500 -0.1979
-12.2724 77.4477 -22.0950 0.0000 1650405802954 1198702.7500 -0.1979
-12.2303 77.2135 -22.0003 0.0000 1650405802983 1198731.7500 -0.1979
-12.2283 77.4725 -22.0879 0.0000 1650405803012 1198762.0000 -0.1979
-12.3266 77.3621 -21.9942 0.0000 1650405803041 1198791.7500 -0.1979
-12.3800 77.4627 -21.9560 0.0000 1650405803070 1198818.5000 -0.1979
-12.4753 77.5302 -21.8928 0.0000 1650405803099 1198847.5000 -0.1979
-12.4332 77.4647 -22.0348 0.0000 1650405803128 1198875.7500 -0.1979
-12.4002 77.5877 -21.9006 0.0000 1650405803157 1198905.2500 -0.1984
-12.3859 77.6419 -21.9449 0.0000 1650405803186 1198934.2500 -0.1984
-12.3702 77.5550 -21.9548 0.0000 1650405803215 1198963.2500 -0.1984
-12.4005 77.6649 -21.9009 0.0000 1650405803243 1198992.2500 -0.1984
-12.4133 77.5724 -21.7595 0.0000 1650405803273 1199021.2500 -0.1984
-12.3339 77.5195 -21.8992 0.0000 1650405803301 1199050.2500 -0.1984
-12.2222 77.5333 -21.9041 0.0000 1650405803331 1199079.2500 -0.1984
-12.2087 77.4053 -21.9529 0.0000 1650405803360 1199108.2500 -0.1984
-12.3137 77.4784 -21.9067 0.0000 1650405803389 1199137.2500 -0.1984
-12.3097 77.3909 -21.8087 0.0000 1650405803418 1199166.2500 -0.1984
-12.2800 77.3592 -21.9793 0.0000 1650405803447 1199195.2500 -0.1984
-12.3775 77.3813 -21.8244 0.0000 1650405803476 1199224.0000 -0.1984
-12.2932 77.3914 -21.8837 0.0000 1650405803505 1199253.0000 -0.1984
-12.2876 77.2819 -21.8991 0.0000 1650405803534 1199283.5000 -0.1984
-12.3234 77.3721 -21.9101 0.0000 1650405803562 1199311.5000 -0.1984
-12.2404 77.2501 -21.9837 0.0000 1650405803591 1199339.7500 -0.1984
-12.2241 77.4119 -21.8940 0.0000 1650405803620 1199368.7500 -0.1984
-12.3258 77.3670 -21.8669 0.0000 1650405803649 1199397.7500 -0.1979
-12.1994 77.3381 -21.9753 0.0000 1650405803678 1199426.7500 -0.1979
-12.3784 77.4397 -21.8991 0.0000 1650405803708 1199455.7500 -0.1974
-12.2028 77.3097 -22.0620 0.0000 1650405803736 1199484.7500 -0.1974
-12.3078 77.4676 -21.9147 0.0000 1650405803765 1199513.7500 -0.1974
-12.2623 77.4100 -21.9212 0.0000 1650405803795 1199544.2500 -0.1974
-12.3446 77.4186 -21.7975 0.0000 1650405803823 1199570.7500 -0.1974
-12.3964 77.4229 -21.7288 0.0000 1650405803853 1199600.7500 -0.1974
-12.2777 77.3589 -21.9278 0.0000 1650405803881 1199631.2500 -0.1976
-12.3442 77.4538 -21.8808 0.0000 1650405803910 1199658.5000 -0.1979
-12.4071 77.3015 -21.8609 0.0000 1650405803939 1199687.7500 -0.1979
-12.2874 77.4018 -21.9239 0.0000 1650405803968 1199716.7500 -0.1979
-12.2289 77.2989 -21.9795 0.0000 1650405803997 1199745.7500 -0.1979
-12.2249 77.3607 -21.9577 0.0000 1650405804026 1199774.7500 -0.1979
-12.2070 77.2490 -21.9122 0.0000 1650405804055 1199803.7500 -0.1979
-12.2110 77.2711 -22.0166 0.0000 1650405804084 1199832.7500 -0.1979
-12.2917 77.4250 -21.9347 0.0000 1650405804113 1199861.7500 -0.1979
-12.1491 77.3831 -21.9861 0.0000 1650405804142 1199890.7500 -0.1979
-12.1774 77.4082 -22.0041 0.0000 1650405804171 1199919.5000 -0.1979
-12.1109 77.2623 -22.6737 0.0000 1650405804200 1199948.5000 -0.1979
-12.0644 77.2169 -23.3016 0.0000 1650405804229 1199977.2500 -0.1979
-11.6010 77.8135 -23.9002 0.0000 1650405804258 1200006.2500 -0.1979
-11.7225 77.7112 -24.4036 0.0000 1650405804287 1200035.2500 -0.1979
-11.7013 77.5516 -25.1851 0.0000 1650405804316 1200065.7500 -0.1979
-11.5485 77.8652 -25.6440 0.0000 1650405804345 1200092.7500 -0.1978
-11.7235 77.6077 -26.3613 0.0000 1650405804374 1200122.2500 -0.1974
-11.6345 77.6374 -27.1561 0.0000 1650405804402 1200151.2500 -0.1974
-11.8935 77.8596 -27.5348 0.0000 1650405804432 1200180.2500 -0.1974
-11.9537 77.4695 -28.3231 0.0000 1650405804460 1200209.2500 -0.1974
-11.8603 77.9611 -28.8834 0.0000 1650405804490 1200238.2500 -0.1974
-12.0738 77.7708 -29.5194 0.0000 1650405804518 1200267.2500 -0.1974
-11.9563 77.8209 -30.2672 0.0000 1650405804548 1200296.2500 -0.1969
-11.8784 77.7990 -30.8423 0.0000 1650405804577 1200324.7500 -0.1969
-12.0498 77.6607 -31.5679 0.0000 1650405804606 1200353.5000 -0.1969
-11.8655 77.9003 -32.3754 0.0000 1650405804635 1200383.0000 -0.1969
-12.0176 77.6618 -32.7889 0.0000 1650405804664 1200412.0000 -0.1969
-12.0867 77.7331 -33.6525 0.0000 1650405804693 1200440.5000 -0.1969
-11.8416 77.6662 -34.2127 0.0000 1650405804721 1200469.7500 -0.1974
-12.0903 77.5835 -34.7875 0.0000 1650405804751 1200498.7500 -0.1974
-12.0987 77.7441 -35.4418 0.0000 1650405804779 1200527.7500 -0.1974
-11.9244 77.6227 -36.0408 0.0000 1650405804808 1200556.7500 -0.1974
-12.1263 77.5401 -36.6183 0.0000 1650405804837 1200585.7500 -0.1974
-11.9252 77.5742 -37.4643 0.0000 1650405804866 1200614.7500 -0.1974
-11.9732 77.6487 -37.6641 0.0000 1650405804895 1200643.7500 -0.1974
-12.0604 77.3800 -38.2914 0.0000 1650405804924 1200672.7500 -0.1974
-11.9458 77.4350 -39.0791 0.0000 1650405804953 1200701.7500 -0.1977
-11.8326 77.5809 -39.5183 0.0000 1650405804982 1200730.7500 -0.1979
-11.9107 77.4620 -40.0307 0.0000 1650405805012 1200759.7500 -0.1978
-11.9852 77.3316 -40.8103 0.0000 1650405805040 1200788.7500 -0.1974
-11.7635 77.3318 -41.1957 0.0000 1650405805069 1200817.7500 -0.1974
-11.6216 77.4547 -41.4821 0.0000 1650405805098 1200846.2500 -0.1979
-11.7769 77.3445 -41.9264 0.0000 1650405805127 1200875.2500 -0.1978
-12.0443 77.2982 -42.2240 0.0000 1650405805156 1200904.7500 -0.1974
-11.7468 77.0967 -42.7816 0.0000 1650405805185 1200933.7500 -0.1974
-11.7841 77.3272 -43.0139 0.0000 1650405805214 1200962.7500 -0.1974
-11.7713 77.4601 -43.1542 0.0000 1650405805243 1200991.7500 -0.1974
-11.5350 77.2901 -43.5049 0.0000 1650405805272 1201020.5000 -0.1974
-11.9316 77.2990 -43.7117 0.0000 1650405805301 1201049.5000 -0.1974
-11.9380 77.1218 -43.9930 0.0000 1650405805330 1201078.5000 -0.1969
-11.8902 77.0620 -44.2297 0.0000 1650405805359 1201108.5000 -0.1969
-11.6994 77.1826 -44.2997 0.0000 1650405805388 1201137.0000 -0.1969
-11.7246 77.2833 -44.4475 0.0000 1650405805417 1201165.2500 -0.1969
-11.8213 77.2783 -44.4297 0.0000 1650405805446 1201194.2500 -0.1965
-11.8840 77.3244 -44.4394 0.0000 1650405805475 1201223.2500 -0.1965
-11.9042 77.3719 -44.4338 0.0000 1650405805504 1201252.2500 -0.1965
-11.9739 77.3754 -44.4503 0.0000 1650405805533 1201281.2500 -0.1965
-11.7398 77.3084 -44.6087 0.0000 1650405805562 1201310.2500 -0.1965
-11.8383 77.3691 -44.6047 0.0000 1650405805591 1201339.2500 -0.1965
-11.7908 77.3781 -44.6390 0.0000 1650405805619 1201368.2500 -0.1965
-12.0622 77.5260 -44.2794 0.0000 1650405805648 1201397.2500 -0.1965
-11.9237 77.5341 -44.3010 0.0000 1650405805678 1201426.2500 -0.1966
-11.8290 77.3645 -44.2334 0.0000 1650405805707 1201455.0000 -0.1969
-11.8547 77.6016 -43.9722 0.0000 1650405805735 1201484.0000 -0.1969
-12.1008 77.6865 -43.5856 0.0000 1650405805765 1201513.0000 -0.1969
-12.0612 77.8614 -43.2884 0.0000 1650405805794 1201541.7500 -0.1969
-11.9574 77.7100 -43.0489 0.0000 1650405805823 1201570.7500 -0.1969
-11.8326 77.6976 -42.7684 0.0000 1650405805852 1201599.7500 -0.1969
-11.8638 77.4187 -42.5272 0.0000 1650405805880 1201630.2500 -0.1969
-11.9129 77.6070 -42.2030 0.0000 1650405805910 1201659.0000 -0.1969
-11.6901 77.5193 -41.9303 0.0000 1650405805938 1201686.7500 -0.1969
-11.6832 77.5225 -41.4171 0.0000 1650405805967 1201715.7500 -0.1969
-11.8311 77.5481 -40.8567 0.0000 1650405805996 1201744.7500 -0.1969
-11.8563 77.5405 -40.5429 0.0000 1650405806025 1201773.7500 -0.1968
-11.8071 77.6440 -40.1206 0.0000 1650405806054 1201802.7500 -0.1965
-11.7405 77.9127 -39.2654 0.0000 1650405806083 1201831.7500 -0.1965
-11.9845 77.5493 -38.7491 0.0000 1650405806112 1201860.7500 -0.1965
-11.9372 77.5550 -38.2394 0.0000 1650405806142 1201890.5000 -0.1965
-11.8388 77.7691 -37.5441 0.0000 1650405806171 1201920.0000 -0.1965
-12.0489 77.7208 -36.9680 0.0000 1650405806199 1201947.7500 -0.1965
-11.9290 77.6446 -36.5654 0.0000 1650405806229 1201977.7500 -0.1960
-11.8911 77.7578 -35.9317 0.0000 1650405806258 1202005.7500 -0.1960
-12.0046 77.8668 -35.2183 0.0000 1650405806286 1202034.7500 -0.1960
-11.9450 77.6955 -34.8712 0.0000 1650405806315 1202063.7500 -0.1960
-12.0280 77.8464 -34.2208 0.0000 1650405806344 1202092.7500 -0.1960
-12.3070 77.6238 -33.2135 0.0000 1650405806373 1202121.7500 -0.1960
-12.1625 77.6314 -32.9262 0.0000 1650405806402 1202150.5000 -0.1960
-12.1879 77.6167 -32.0257 0.0000 1650405806431 1202179.5000 -0.1960
-12.2475 77.5472 -31.6322 0.0000 1650405806460 1202208.2500 -0.1960
-12.2584 77.5385 -30.9465 0.0000 1650405806489 1202237.2500 -0.1960
-12.3444 77.5849 -30.0076 0.0000 1650405806518 1202266.2500 -0.1962
-12.2407 77.6064 -29.6124 0.0000 1650405806547 1202295.2500 -0.1965
-12.1363 77.5357 -28.6790 0.0000 1650405806576 1202324.2500 -0.1965
-12.3147 77.5778 -27.9751 0.0000 1650405806605 1202353.2500 -0.1965
-12.0897 77.5506 -27.5444 0.0000 1650405806634 1202382.2500 -0.1965
-11.9671 77.4899 -26.7595 0.0000 1650405806663 1202411.0000 -0.1965
-12.0558 77.4608 -26.0931 0.0000 1650405806692 1202439.7500 -0.1965
-11.9924 77.5299 -25.3136 0.0000 1650405806721 1202469.2500 -0.1965
-12.0431 77.6355 -24.5744 0.0000 1650405806750 1202498.2500 -0.1966
-12.1424 77.3846 -24.2150 0.0000 1650405806778 1202527.2500 -0.1969
-12.1052 77.6409 -23.3641 0.0000 1650405806808 1202556.0000 -0.1969
-12.1502 77.7815 -22.7513 0.0000 1650405806837 1202585.0000 -0.1969
-12.1845 77.4630 -22.3589 0.0000 1650405806866 1202614.0000 -0.1969
-12.1382 77.5164 -22.1890 0.0000 1650405806894 1202643.0000 -0.1965
-12.0219 77.3645 -22.3489 0.0000 1650405806924 1202674.7500 -0.1965
-12.1514 77.4043 -22.0693 0.0000 1650405806953 1202702.0000 -0.1965
-12.3163 77.3850 -21.9362 0.0000 1650405806982 1202729.7500 -0.1965
-12.3139 77.3384 -22.0034 0.0000 1650405807011 1202758.5000 -0.1965
-12.4973 77.3784 -21.9203 0.0000 1650405807040 1202787.7500 -0.1965
-12.4065 77.4299 -21.9932 0.0000 1650405807069 1202816.7500 -0.1960
-12.2948 77.5197 -21.8834 0.0000 1650405807097 1202845.7500 -0.1960
-12.3297 77.4566 -21.9902 0.0000 1650405807126 1202874.7500 -0.1960
-12.4113 77.3496 -22.0064 0.0000 1650405807155 1202903.7500 -0.1960
-12.3841 77.4804 -22.0087 0.0000 1650405807184 1202932.7500 -0.1960
-12.2812 77.4847 -22.0885 0.0000 1650405807213 1202961.7500 -0.1960
-12.3854 77.4132 -21.9636 0.0000 1650405807243 1202990.7500 -0.1960
-12.2948 77.5358 -22.0963 0.0000 1650405807271 1203019.7500 -0.1960
-12.2542 77.4146 -22.0210 0.0000 1650405807300 1203048.7500 -0.1960
-12.2586 77.4557 -22.0642 0.0000 1650405807330 1203077.7500 -0.1960
-12.2606 77.5436 -22.0732 0.0000 1650405807358 1203106.7500 -0.1960
-12.2924 77.5112 -21.9872 0.0000 1650405807388 1203135.7500 -0.1960
-12.2140 77.4811 -22.0226 0.0000 1650405807416 1203164.7500 -0.1960
-12.2414 77.4263 -22.0989 0.0000 1650405807445 1203193.5000 -0.1960
-12.3178 77.5201 -22.0545 0.0000 1650405807474 1203222.5000 -0.1960
-12.2586 77.4850 -22.1190 0.0000 1650405807503 1203251.5000 -0.1960
-12.3739 77.4365 -22.0302 0.0000 1650405807532 1203280.5000 -0.1961
-12.3156 77.3312 -22.0208 0.0000 1650405807561 1203309.5000 -0.1965
-12.3608 77.3909 -21.9745 0.0000 1650405807590 1203338.2500 -0.1965
-12.2964 77.2817 -22.0493 0.0000 1650405807619 1203367.2500 -0.1965
-12.2147 77.4297 -22.0923 0.0000 1650405807648 1203396.2500 -0.1963
-12.3330 77.3861 -22.1010 0.0000 1650405807677 1203425.2500 -0.1960
-12.2065 77.3713 -22.1909 0.0000 1650405807706 1203454.0000 -0.1960
-12.1635 77.3631 -22.2016 0.0000 1650405807735 1203482.5000 -0.1960
-12.3874 77.4423 -21.9686 0.0000 1650405807764 1203512.2500 -0.1960
-12.2933 77.3738 -22.0980 0.0000 1650405807793 1203540.7500 -0.1960
-12.2197 77.4486 -22.1239 0.0000 1650405807822 1203570.2500 -0.1960
-12.1239 77.5402 -22.0760 0.0000 1650405807851 1203599.2500 -0.1955
-12.1666 77.5183 -22.1006 0.0000 1650405807880 1203628.2500 -0.1955
-12.1934 77.5472 -21.9526 0.0000 1650405807909 1203657.2500 -0.1955
-12.2928 77.4648 -22.0164 0.0000 1650405807937 1203686.0000 -0.1955
-12.2372 77.4479 -21.9747 0.0000 1650405807967 1203715.0000 -0.1955
-12.2138 77.4062 -22.0700 0.0000 1650405807996 1203744.0000 -0.1955
-12.1689 77.4405 -22.1422 0.0000 1650405808025 1203772.7500 -0.1955
-12.2303 77.3814 -22.0703 0.0000 1650405808054 1203801.7500 -0.1955
-12.2026 77.3187 -21.9883 0.0000 1650405808083 1203830.7500 -0.1955
-12.1241 77.2653 -22.1798 0.0000 1650405808112 1203859.7500 -0.1955
-12.0749 77.3729 -22.2275 0.0000 1650405808141 1203888.7500 -0.1955
-12.1619 77.3312 -22.1115 0.0000 1650405808170 1203917.7500 -0.1955
-12.1189 77.1537 -22.2255 0.0000 1650405808199 1203946.7500 -0.1955
-11.8952 77.2603 -23.1411 0.0000 1650405808228 1203978.5000 -0.1955
-11.7707 77.3844 -23.7274 0.0000 1650405808256 1204004.2500 -0.1960
-11.5096 77.9000 -24.1560 0.0000 1650405808286 1204033.7500 -0.1960
-11.5879 77.6457 -24.7823 0.0000 1650405808314 1204062.7500 -0.1960
-11.6237 77.5009 -25.4009 0.0000 1650405808343 1204091.7500 -0.1960
-11.5426 77.7729 -25.9021 0.0000 1650405808372 1204120.7500 -0.1960
-11.6947 77.5215 -26.6164 0.0000 1650405808402 1204149.7500 -0.1960
-11.6862 77.8803 -27.3013 0.0000 1650405808430 1204178.7500 -0.1960
-11.8795 77.7805 -27.8177 0.0000 1650405808459 1204207.7500 -0.1960
-11.7457 77.6138 -28.6575 0.0000 1650405808489 1204239.5000 -0.1960
-11.6704 77.9390 -29.1760 0.0000 1650405808518 1204267.0000 -0.1960
-12.1028 77.7033 -29.8315 0.0000 1650405808547 1204294.7500 -0.1960
-11.7054 77.7320 -30.6438 0.0000 1650405808575 1204325.0000 -0.1960
-11.9030 77.7471 -31.1208 0.0000 1650405808604 1204352.5000 -0.1960
-12.0507 77.7848 -31.7990 0.0000 1650405808633 1204381.5000 -0.1955
-11.8345 77.8472 -32.3687 0.0000 1650405808662 1204410.5000 -0.1955
-12.0799 77.6953 -33.0515 0.0000 1650405808691 1204439.2500 -0.1955
-12.0997 77.7644 -33.7106 0.0000 1650405808720 1204468.2500 -0.1955
-11.9419 77.7141 -34.2747 0.0000 1650405808749 1204497.2500 -0.1955
-12.1509 77.5885 -35.0507 0.0000 1650405808778 1204526.2500 -0.1955
-11.8763 77.6857 -35.7979 0.0000 1650405808807 1204555.2500 -0.1955
-12.0649 77.6504 -36.2016 0.0000 1650405808836 1204584.2500 -0.1955
-12.2459 77.4663 -36.8384 0.0000 1650405808866 1204613.2500 -0.1955
-11.9104 77.5803 -37.5329 0.0000 1650405808894 1204642.2500 -0.1955
-11.9153 77.5842 -37.9305 0.0000 1650405808923 1204671.2500 -0.1955
-12.0677 77.4267 -38.6091 0.0000 1650405808952 1204700.2500 -0.1955
-11.9371 77.4958 -39.1483 0.0000 1650405808981 1204729.2500 -0.1955
-11.7530 77.5877 -39.5903 0.0000 1650405809010 1204760.5000 -0.1955
-11.7993 77.1690 -40.3923 0.0000 1650405809039 1204786.7500 -0.1955
-11.8018 77.2253 -41.0395 0.0000 1650405809068 1204816.0000 -0.1955
-11.6579 77.2104 -41.3882 0.0000 1650405809097 1204845.0000 -0.1956
-11.7401 77.1934 -41.6815 0.0000 1650405809126 1204874.0000 -0.1960
-11.9367 77.0763 -42.2254 0.0000 1650405809155 1204902.7500 -0.1960
-12.1506 77.2361 -42.1340 0.0000 1650405809184 1204931.7500 -0.1960
-11.7132 77.2708 -42.7005 0.0000 1650405809213 1204960.7500 -0.1960
-11.6207 77.1605 -43.1918 0.0000 1650405809242 1204989.7500 -0.1960
-11.8137 77.4158 -43.2255 0.0000 1650405809271 1205020.0000 -0.1960
-11.9673 77.2685 -43.3784 0.0000 1650405809300 1205047.7500 -0.1960
-12.0256 77.1637 -43.7632 0.0000 1650405809329 1205076.7500 -0.1961
-11.8496 77.1406 -43.9241 0.0000 1650405809358 1205105.5000 -0.1965
-11.7502 77.1058 -44.2321 0.0000 1650405809387 1205134.7500 -0.1965
-11.7732 77.0984 -44.3583 0.0000 1650405809415 1205163.7500 -0.1960
-11.6935 77.0889 -44.5143 0.0000 1650405809445 1205192.7500 -0.1960
-11.7537 77.2267 -44.4801 0.0000 1650405809473 1205221.7500 -0.1960
-11.7083 77.2819 -44.6087 0.0000 1650405809502 1205250.7500 -0.1960
-11.7537 77.3412 -44.4731 0.0000 1650405809531 1205279.7500 -0.1960
-11.7964 77.3529 -44.5741 0.0000 1650405809561 1205308.7500 -0.1960
-11.8376 77.3965 -44.5320 0.0000 1650405809589 1205337.7500 -0.1955
-11.5735 77.2019 -44.6963 0.0000 1650405809618 1205366.7500 -0.1955
-11.8381 77.4473 -44.4203 0.0000 1650405809648 1205395.7500 -0.1955
-11.7442 77.4782 -44.4987 0.0000 1650405809677 1205424.7500 -0.1955
-11.8159 77.3060 -44.3215 0.0000 1650405809706 1205453.7500 -0.1955
-11.9154 77.4040 -44.0486 0.0000 1650405809734 1205482.5000 -0.1955
-12.0777 77.3381 -43.8360 0.0000 1650405809764 1205511.5000 -0.1955
-12.2332 77.6120 -43.4171 0.0000 1650405809792 1205541.5000 -0.1955
-12.0276 77.7042 -43.1483 0.0000 1650405809821 1205569.0000 -0.1955
-11.7967 77.5847 -42.9459 0.0000 1650405809850 1205598.2500 -0.1955
-11.9994 77.6562 -42.5305 0.0000 1650405809879 1205627.2500 -0.1955
-11.8815 77.4867 -42.3338 0.0000 1650405809908 1205656.2500 -0.1955
-11.8727 77.3768 -42.2018 0.0000 1650405809937 1205685.2500 -0.1957
-11.7593 77.5509 -41.8677 0.0000 1650405809966 1205714.2500 -0.1960
-11.7298 77.7529 -41.1086 0.0000 1650405809995 1205743.2500 -0.1960
-11.7116 77.4396 -40.8965 0.0000 1650405810025 1205772.2500 -0.1960
-11.8738 77.5099 -40.4084 0.0000 1650405810053 1205805.2500 -0.1960
-11.7180 77.6450 -39.7659 0.0000 1650405810082 1205830.0000 -0.1960
-11.9742 77.6778 -38.9300 0.0000 1650405810111 1205859.2500 -0.1960
-11.9118 77.4177 -38.6704 0.0000 1650405810140 1205888.7500 -0.1960
-11.5879 77.5036 -38.3353 0.0000 1650405810169 1205917.0000 -0.1960
-11.8677 77.7948 -37.2697 0.0000 1650405810198 1205946.0000 -0.1960
-12.0391 77.5228 -36.6723 0.0000 1650405810227 1205975.0000 -0.1960
-11.9312 77.4954 -36.4685 0.0000 1650405810256 1206003.7500 -0.1960
-11.7346 77.6188 -35.7415 0.0000 1650405810285 1206032.7500 -0.1960
-12.0215 77.6758 -35.0646 0.0000 1650405810313 1206061.7500 -0.1955
-11.9745 77.6653 -34.7263 0.0000 1650405810343 1206090.7500 -0.1955
-11.9798 77.7301 -33.8194 0.0000 1650405810372 1206119.7500 -0.1955
-12.2189 77.5451 -33.2249 0.0000 1650405810401 1206148.7500 -0.1955
-12.1519 77.6171 -32.7381 0.0000 1650405810430 1206177.7500 -0.1955
-12.1908 77.6328 -31.8922 0.0000 1650405810459 1206206.7500 -0.1955
-12.2485 77.4934 -31.4128 0.0000 1650405810488 1206235.7500 -0.1955
-12.1389 77.5699 -30.6846 0.0000 1650405810517 1206264.7500 -0.1955
-12.2729 77.5546 -29.8692 0.0000 1650405810546 1206293.7500 -0.1950
-12.1963 77.5997 -29.4517 0.0000 1650405810575 1206323.5000 -0.1950
-12.2862 77.6455 -28.3226 0.0000 1650405810604 1206351.7500 -0.1950
-12.1943 77.5426 -27.9473 0.0000 1650405810632 1206380.7500 -0.1950
-12.1464 77.5874 -27.2934 0.0000 1650405810661 1206409.7500 -0.1955
-12.1005 77.5607 -26.5065 0.0000 1650405810690 1206438.7500 -0.1955
-12.2067 77.4088 -26.0216 0.0000 1650405810720 1206467.7500 -0.1955
-12.0801 77.5328 -25.1545 0.0000 1650405810748 1206496.7500 -0.1955
-12.1720 77.5821 -24.5869 0.0000 1650405810777 1206525.7500 -0.1955
-12.3077 77.5783 -23.8543 0.0000 1650405810806 1206556.0000 -0.1955
-12.1588 77.5841 -23.2093 0.0000 1650405810836 1206586.2500 -0.1955
-12.1297 77.4974 -22.7579 0.0000 1650405810865 1206611.7500 -0.1955
-11.9418 77.3367 -22.3624 0.0000 1650405810893 1206641.5000 -0.1956
-11.8505 77.4608 -22.2588 0.0000 1650405810923 1206671.7500 -0.1960
-12.0283 77.4306 -22.1382 0.0000 1650405810951 1206699.2500 -0.1960
-12.0779 77.3053 -22.3042 0.0000 1650405810980 1206728.2500 -0.1960
-12.0607 77.5134 -22.1457 0.0000 1650405811009 1206757.2500 -0.1958
-12.1337 77.4007 -22.0896 0.0000 1650405811038 1206786.2500 -0.1960
-12.1397 77.4030 -22.1715 0.0000 1650405811067 1206815.2500 -0.1960
-12.2015 77.4925 -22.1564 0.0000 1650405811096 1206844.2500 -0.1960
-12.2727 77.3928 -21.9849 0.0000 1650405811125 1206873.2500 -0.1960
-12.2406 77.4250 -22.0163 0.0000 1650405811154 1206902.2500 -0.1960
-12.1784 77.4972 -22.0010 0.0000 1650405811184 1206931.2500 -0.1960
-12.1249 77.5367 -22.1212 0.0000 1650405811212 1206960.2500 -0.1960
-12.2816 77.5082 -22.1313 0.0000 1650405811241 1206989.2500 -0.1960
-12.2293 77.5372 -22.0617 0.0000 1650405811270 1207018.0000 -0.1955
-12.2508 77.4586 -22.0385 0.0000 1650405811299 1207047.0000 -0.1955
-12.0742 77.4201 -22.1612 0.0000 1650405811328 1207076.0000 -0.1955
-12.1092 77.5042 -22.0773 0.0000 1650405811357 1207104.2500 -0.1955
-12.1495 77.4848 -22.0810 0.0000 1650405811386 1207133.7500 -0.1955
-12.1510 77.5385 -22.0741 0.0000 1650405811415 1207162.7500 -0.1955
-12.1909 77.4940 -22.0737 0.0000 1650405811444 1207191.7500 -0.1955
-12.2256 77.5527 -22.0682 0.0000 1650405811473 1207220.7500 -0.1955
-12.1379 77.4757 -22.0235 0.0000 1650405811502 1207249.7500 -0.1955
-12.2055 77.5295 -22.0641 0.0000 1650405811531 1207278.7500 -0.1955
-12.1947 77.4408 -21.9940 0.0000 1650405811560 1207307.7500 -0.1960
-12.2310 77.4638 -21.9346 0.0000 1650405811589 1207336.7500 -0.1960
-12.1161 77.4453 -22.0727 0.0000 1650405811618 1207366.5000 -0.1960
-12.1110 77.4370 -22.1152 0.0000 1650405811647 1207394.7500 -0.1960
-12.1962 77.4386 -21.9558 0.0000 1650405811676 1207423.7500 -0.1960
-12.1820 77.2905 -22.0004 0.0000 1650405811705 1207454.0000 -0.1965
-12.2241 77.3707 -22.0206 0.0000 1650405811734 1207481.7500 -0.1965
-12.0477 77.5012 -22.1724 0.0000 1650405811763 1207510.7500 -0.1965
-12.1519 77.3127 -22.0668 0.0000 1650405811791 1207539.5000 -0.1965
-12.0830 77.4039 -22.0967 0.0000 1650405811820 1207568.7500 -0.1965
-12.2308 77.2888 -22.0371 0.0000 1650405811849 1207597.7500 -0.1965
-12.0893 77.4125 -22.0350 0.0000 1650405811879 1207626.7500 -0.1965
-12.2298 77.3837 -21.9609 0.0000 1650405811907 1207655.7500 -0.1965
-12.1544 77.4299 -22.0144 0.0000 1650405811937 1207684.7500 -0.1965
-12.2428 77.3705 -22.0218 0.0000 1650405811965 1207713.5000 -0.1965
-12.1823 77.2406 -22.0241 0.0000 1650405811995 1207742.5000 -0.1965
-12.0760 77.2237 -22.0307 0.0000 1650405812024 1207771.2500 -0.1965
-12.1509 77.2902 -22.0922 0.0000 1650405812052 1207800.2500 -0.1965
-12.1276 77.2126 -22.0626 0.0000 1650405812082 1207829.2500 -0.1965
-12.0732 77.3029 -22.0834 0.0000 1650405812110 1207858.2500 -0.1960
-12.0968 77.3590 -21.9990 0.0000 1650405812139 1207886.7500 -0.1960
-12.2112 77.2546 -21.9338 0.0000 1650405812168 1207916.2500 -0.1960
-12.0454 77.3027 -22.0797 0.0000 1650405812197 1207945.2500 -0.1960
-12.0184 77.2173 -22.2146 0.0000 1650405812226 1207974.2500 -0.1955
-11.9699 77.2046 -23.1696 0.0000 1650405812255 1208003.2500 -0.1955
-11.5795 77.3626 -23.8714 0.0000 1650405812284 1208032.2500 -0.1957
-11.4617 77.6982 -24.3826 0.0000 1650405812313 1208061.2500 -0.1960
-11.6319 77.4962 -24.9457 0.0000 1650405812342 1208090.2500 -0.1960
-11.3455 77.3494 -25.7070 0.0000 1650405812371 1208120.5000 -0.1960
-11.5475 77.6495 -26.1736 0.0000 1650405812401 1208147.2500 -0.1960
-11.6023 77.4769 -26.8609 0.0000 1650405812429 1208177.0000 -0.1960
-11.4554 77.7601 -27.4904 0.0000 1650405812458 1208207.5000 -0.1960
-11.9016 77.5134 -27.9608 0.0000 1650405812487 1208236.0000 -0.1960
-11.7584 77.6216 -28.7304 0.0000 1650405812516 1208263.7500 -0.1960
-11.8484 77.7500 -29.3783 0.0000 1650405812545 1208292.7500 -0.1960
-12.1071 77.6286 -29.9031 0.0000 1650405812574 1208321.7500 -0.1960
-11.7933 77.8729 -30.7192 0.0000 1650405812603 1208350.7500 -0.1965
-11.9011 77.7937 -31.3630 0.0000 1650405812632 1208379.7500 -0.1965
-11.8658 77.8051 -32.1018 0.0000 1650405812661 1208408.7500 -0.1965
-11.8038 77.8265 -32.7034 0.0000 1650405812690 1208437.7500 -0.1965
-11.9639 77.5429 -33.3932 0.0000 1650405812719 1208468.0000 -0.1965
-11.9244 77.7804 -34.0212 0.0000 1650405812748 1208495.7500 -0.1965
-12.0650 77.5197 -34.5813 0.0000 1650405812777 1208524.7500 -0.1965
-12.0944 77.5481 -35.2239 0.0000 1650405812806 1208553.7500 -0.1965
-12.0024 77.6786 -35.8377 0.0000 1650405812835 1208582.7500 -0.1965
-12.0229 77.5602 -36.4775 0.0000 1650405812864 1208611.7500 -0.1965
-11.9700 77.3600 -37.2468 0.0000 1650405812893 1208640.7500 -0.1965
-11.8250 77.4703 -37.7043 0.0000 1650405812922 1208670.2500 -0.1965
-12.0210 77.4434 -37.9928 0.0000 1650405812950 1208698.7500 -0.1960
-11.9133 77.3076 -38.8078 0.0000 1650405812980 1208727.7500 -0.1960
-11.7840 77.4736 -39.4328 0.0000 1650405813008 1208756.7500 -0.1960
-11.7677 77.4344 -39.6686 0.0000 1650405813038 1208785.7500 -0.1960
-11.9804 77.3991 -40.3068 0.0000 1650405813066 1208814.5000 -0.1960
-11.7697 77.3210 -40.9951 0.0000 1650405813096 1208843.5000 -0.1960
-11.7205 77.5646 -41.1526 0.0000 1650405813125 1208872.5000 -0.1960
-11.8247 77.4071 -41.5788 0.0000 1650405813154 1208904.2500 -0.1960
-11.8367 77.1054 -42.2721 0.0000 1650405813183 1208929.5000 -0.1960
-11.8981 77.2134 -42.7306 0.0000 1650405813212 1208959.2500 -0.1960
-11.6504 77.2525 -42.7696 0.0000 1650405813241 1208989.7500 -0.1960
-11.4121 77.1923 -43.0979 0.0000 1650405813269 1209017.0000 -0.1960
-11.7848 77.0764 -43.4997 0.0000 1650405813298 1209046.2500 -0.1961
-11.7030 77.2453 -43.6160 0.0000 1650405813327 1209075.2500 -0.1965
-11.8544 77.1827 -43.8827 0.0000 1650405813356 1209104.2500 -0.1965
-11.8221 77.1170 -44.1324 0.0000 1650405813385 1209133.2500 -0.1965
-11.7736 77.1840 -44.2542 0.0000 1650405813414 1209162.2500 -0.1966
-11.7120 77.1011 -44.4062 0.0000 1650405813443 1209191.2500 -0.1969
-11.9156 77.1681 -44.4287 0.0000 1650405813472 1209220.2500 -0.1969
-11.7274 77.1095 -44.4464 0.0000 1650405813501 1209249.0000 -0.1969
-11.8092 77.2307 -44.5911 0.0000 1650405813530 1209278.0000 -0.1969
-11.7041 77.2611 -44.5411 0.0000 1650405813560 1209307.0000 -0.1969
-11.6710 77.3518 -44.6262 0.0000 1650405813588 1209335.7500 -0.1969
-11.6882 77.3343 -44.6320 0.0000 1650405813617 1209364.7500 -0.1965
-11.7002 77.3436 -44.5811 0.0000 1650405813646 1209393.7500 -0.1965
-11.8365 77.4973 -44.4411 0.0000 1650405813675 1209424.2500 -0.1965
-11.7723 77.3338 -44.4364 0.0000 1650405813704 1209451.0000 -0.1965
-11.9462 77.4717 -44.1655 0.0000 1650405813733 1209480.7500 -0.1965
-11.8784 77.3558 -44.0790 0.0000 1650405813762 1209509.7500 -0.1965
-12.0301 77.4302 -43.7925 0.0000 1650405813791 1209538.7500 -0.1965
-12.1038 77.6153 -43.4671 0.0000 1650405813820 1209567.7500 -0.1965
-11.8325 77.6820 -43.1604 0.0000 1650405813849 1209596.7500 -0.1960
-11.7525 77.6916 -42.8041 0.0000 1650405813878 1209625.7500 -0.1960
-12.0317 77.6193 -42.5027 0.0000 1650405813907 1209654.7500 -0.1960
-11.9144 77.6156 -42.2709 0.0000 1650405813936 1209686.7500 -0.1960
-11.8507 77.5919 -41.9193 0.0000 1650405813965 1209713.7500 -0.1960
-11.7771 77.6562 -41.5686 0.0000 1650405813994 1209741.7500 -0.1960
-11.8261 77.7212 -40.9704 0.0000 1650405814023 1209770.7500 -0.1965
-11.9318 77.6826 -40.6305 0.0000 1650405814052 1209799.2500 -0.1965
-11.8814 77.5945 -40.2794 0.0000 1650405814081 1209828.7500 -0.1965
-11.7482 77.6277 -39.7330 0.0000 1650405814109 1209857.7500 -0.1965
-11.7493 77.5813 -39.2119 0.0000 1650405814139 1209886.7500 -0.1965
-12.0170 77.7398 -38.5448 0.0000 1650405814167 1209915.7500 -0.1965
-11.7646 77.6936 -38.1092 0.0000 1650405814196 1209944.5000 -0.1965
-11.8503 77.6653 -37.3260 0.0000 1650405814226 1209973.5000 -0.1965
-12.0310 77.4903 -36.7753 0.0000 1650405814255 1210002.2500 -0.1965
-11.8879 77.7019 -36.3780 0.0000 1650405814284 1210031.2500 -0.1965
-11.8650 77.6439 -35.4985 0.0000 1650405814313 1210060.2500 -0.1965
-12.1157 77.6211 -35.0547 0.0000 1650405814342 1210089.2500 -0.1965
-12.0044 77.6812 -34.4209 0.0000 1650405814371 1210118.2500 -0.1965
-12.0589 77.6320 -33.6206 0.0000 1650405814400 1210147.2500 -0.1969
-12.2167 77.4163 -33.2108 0.0000 1650405814428 1210176.2500 -0.1968
-12.0106 77.4976 -32.4927 0.0000 1650405814458 1210206.5000 -0.1965
-12.1815 77.5914 -31.8309 0.0000 1650405814486 1210235.5000 -0.1965
-12.2124 77.3499 -31.3273 0.0000 1650405814515 1210263.2500 -0.1965
-12.0178 77.3520 -30.4738 0.0000 1650405814544 1210292.2500 -0.1965
-12.2181 77.4889 -29.6804 0.0000 1650405814573 1210321.2500 -0.1965
-12.0594 77.4716 -29.2200 0.0000 1650405814602 1210350.0000 -0.1965
-12.2001 77.4714 -28.3291 0.0000 1650405814631 1210379.0000 -0.1960
-12.3240 77.2274 -27.9705 0.0000 1650405814660 1210408.0000 -0.1960
-12.1004 77.5122 -27.0837 0.0000 1650405814690 1210437.0000 -0.1960
-12.0034 77.2751 -26.5435 0.0000 1650405814719 1210467.2500 -0.1960
-12.1660 77.3634 -25.9320 0.0000 1650405814747 1210497.5000 -0.1955
-12.0980 77.3093 -25.0171 0.0000 1650405814776 1210523.7500 -0.1955
-12.2326 77.3546 -24.5008 0.0000 1650405814805 1210554.2500 -0.1955
-12.2786 77.4081 -23.6804 0.0000 1650405814834 1210581.5000 -0.1955
-12.1818 77.6027 -22.9105 0.0000 1650405814863 1210610.7500 -0.1955
-12.2062 77.4315 -22.6400 0.0000 1650405814892 1210639.7500 -0.1955
-12.1030 77.5522 -22.0907 0.0000 1650405814921 1210668.7500 -0.1955
-12.2483 77.4365 -22.1051 0.0000 1650405814950 1210697.7500 -0.1955
-12.0068 77.3195 -22.2206 0.0000 1650405814979 1210726.7500 -0.1955
-12.1840 77.2689 -22.0661 0.0000 1650405815008 1210755.7500 -0.1955
-12.0780 77.3821 -22.1268 0.0000 1650405815037 1210784.7500 -0.1955
-12.2029 77.3140 -22.0768 0.0000 1650405815066 1210813.7500 -0.1955
-12.0268 77.3038 -22.2504 0.0000 1650405815095 1210842.7500 -0.1956
-12.0783 77.3783 -22.1035 0.0000 1650405815124 1210871.7500 -0.1960
-12.0568 77.4414 -22.1801 0.0000 1650405815153 1210900.7500 -0.1960
-12.1728 77.3694 -22.1180 0.0000 1650405815182 1210929.7500 -0.1960
-12.0167 77.2601 -22.2573 0.0000 1650405815211 1210958.7500 -0.1960
-12.1131 77.3327 -22.0916 0.0000 1650405815240 1210988.7500 -0.1960
-12.2167 77.3571 -22.0525 0.0000 1650405815269 1211016.5000 -0.1960
-12.0635 77.3579 -22.1729 0.0000 1650405815298 1211045.7500 -0.1960
-12.1650 77.3009 -22.0663 0.0000 1650405815326 1211074.5000 -0.1960
-12.1355 77.3227 -22.1398 0.0000 1650405815355 1211103.5000 -0.1960
-12.2495 77.3458 -22.0024 0.0000 1650405815385 1211132.2500 -0.1960
-12.2007 77.3115 -22.0223 0.0000 1650405815414 1211161.2500 -0.1960
-12.1770 77.4236 -22.1105 0.0000 1650405815442 1211190.2500 -0.1958
-12.0844 77.2431 -22.1728 0.0000 1650405815472 1211219.2500 -0.1955
-12.2170 77.3052 -22.0789 0.0000 1650405815501 1211247.7500 -0.1955
-12.1607 77.2245 -22.1028 0.0000 1650405815530 1211280.0000 -0.1955
-12.1225 77.2006 -22.1789 0.0000 1650405815559 1211306.2500 -0.1955
-12.2144 77.2970 -22.1087 0.0000 1650405815587 1211335.0000 -0.1950
-12.1745 77.2187 -22.1396 0.0000 1650405815617 1211364.2500 -0.1950
-12.1965 77.1479 -22.0120 0.0000 1650405815645 1211393.2500 -0.1950
-12.2928 77.0869 -21.9454 0.0000 1650405815674 1211422.2500 -0.1950
-12.0979 77.1628 -22.1636 0.0000 1650405815703 1211451.2500 -0.1950
-12.1711 77.1602 -22.1301 0.0000 1650405815732 1211480.0000 -0.1950
-12.1963 77.2027 -22.0149 0.0000 1650405815761 1211509.0000 -0.1955
-12.0845 77.2191 -22.1766 0.0000 1650405815790 1211538.0000 -0.1955
-12.3156 77.0923 -21.9412 0.0000 1650405815819 1211566.7500 -0.1955
-12.1310 77.1416 -22.1368 0.0000 1650405815848 1211595.7500 -0.1955
-12.2112 77.0447 -22.0339 0.0000 1650405815878 1211624.7500 -0.1955
-12.1857 77.1665 -22.0833 0.0000 1650405815906 1211653.7500 -0.1955
-12.1750 77.2379 -22.0799 0.0000 1650405815936 1211682.7500 -0.1955
-12.2257 77.1571 -22.0615 0.0000 1650405815964 1211711.7500 -0.1955
-12.1338 77.2256 -22.0599 0.0000 1650405815993 1211740.7500 -0.1956
-12.2461 77.1734 -22.0363 0.0000 1650405816022 1211770.7500 -0.1960
-12.1973 77.0658 -22.0636 0.0000 1650405816051 1211800.0000 -0.1960
-12.1543 77.1082 -22.0415 0.0000 1650405816080 1211827.7500 -0.1960
-12.1558 77.0926 -22.0668 0.0000 1650405816109 1211856.7500 -0.1960
-12.1121 77.0854 -22.1322 0.0000 1650405816138 1211885.7500 -0.1960
-12.1701 77.0229 -22.0279 0.0000 1650405816167 1211914.7500 -0.1960
-12.2130 77.0523 -22.1134 0.0000 1650405816196 1211943.7500 -0.1960
-12.1879 77.1036 -22.0249 0.0000 1650405816225 1211972.7500 -0.1960
-11.9660 77.0422 -22.4933 0.0000 1650405816254 1212001.7500 -0.1960
-12.0835 76.8651 -23.2652 0.0000 1650405816283 1212030.5000 -0.1960
-11.7717 77.3499 -23.8078 0.0000 1650405816312 1212059.5000 -0.1960
-11.6376 77.4614 -24.4279 0.0000 1650405816341 1212088.7500 -0.1960
-11.6470 77.2979 -25.0075 0.0000 1650405816370 1212118.7500 -0.1955
-11.4392 77.4448 -25.7600 0.0000 1650405816399 1212146.7500 -0.1955
-11.6927 77.4968 -26.2686 0.0000 1650405816428 1212175.5000 -0.1955
-11.6011 77.4089 -27.2441 0.0000 1650405816457 1212204.5000 -0.1955
-11.6217 77.7347 -27.6575 0.0000 1650405816485 1212233.5000 -0.1955
-11.8218 77.5286 -28.2698 0.0000 1650405816515 1212262.2500 -0.1955
-11.8305 77.9167 -28.8174 0.0000 1650405816544 1212291.2500 -0.1955
-11.7861 77.5936 -29.4764 0.0000 1650405816573 1212320.2500 -0.1955
-11.8987 77.6094 -30.3877 0.0000 1650405816601 1212349.2500 -0.1955
-11.7929 77.8802 -30.8298 0.0000 1650405816631 1212378.2500 -0.1955
-12.0222 77.6483 -31.5207 0.0000 1650405816660 1212407.2500 -0.1955
-11.9241 77.8242 -32.2681 0.0000 1650405816689 1212436.2500 -0.1955
-11.9059 77.6535 -32.7688 0.0000 1650405816718 1212465.2500 -0.1957
-11.9702 77.6386 -33.6000 0.0000 1650405816747 1212494.2500 -0.1960
-12.0058 77.6998 -34.1112 0.0000 1650405816776 1212523.2500 -0.1960
-12.0290 77.4459 -34.6835 0.0000 1650405816804 1212552.2500 -0.1960
-12.0132 77.5252 -35.4093 0.0000 1650405816833 1212582.0000 -0.1960
-12.0799 77.8023 -35.7472 0.0000 1650405816862 1212610.0000 -0.1960
-12.0809 77.3906 -36.5364 0.0000 1650405816891 1212639.0000 -0.1960
-12.0749 77.5007 -37.2390 0.0000 1650405816920 1212668.0000 -0.1965
-11.8679 77.6312 -37.7004 0.0000 1650405816949 1212696.7500 -0.1962
-11.9668 77.4245 -38.1774 0.0000 1650405816978 1212725.7500 -0.1960
-11.8688 77.3528 -38.9132 0.0000 1650405817007 1212754.7500 -0.1960
-11.8420 77.3723 -39.3417 0.0000 1650405817036 1212783.7500 -0.1960
-11.9017 77.4927 -39.7241 0.0000 1650405817065 1212815.5000 -0.1960
-11.9600 77.1346 -40.7753 0.0000 1650405817095 1212843.0000 -0.1960
-11.7282 77.3073 -41.1018 0.0000 1650405817123 1212870.7500 -0.1960
-11.6489 77.3545 -41.3040 0.0000 1650405817152 1212899.0000 -0.1960
-11.5544 77.0865 -42.1429 0.0000 1650405817181 1212928.7500 -0.1960
-11.8683 77.1723 -42.3047 0.0000 1650405817210 1212957.7500 -0.1955
-11.8022 77.0253 -42.8124 0.0000 1650405817239 1212986.7500 -0.1955
-11.6925 76.9112 -43.1263 0.0000 1650405817268 1213015.7500 -0.1955
-11.6596 77.1188 -43.1819 0.0000 1650405817297 1213044.7500 -0.1955
-11.7451 77.4012 -43.1879 0.0000 1650405817326 1213073.7500 -0.1955
-11.7547 77.0930 -43.7099 0.0000 1650405817355 1213102.7500 -0.1955
-12.0759 77.1511 -43.8278 0.0000 1650405817384 1213131.7500 -0.1955
-11.7519 77.0247 -44.2286 0.0000 1650405817413 1213160.7500 -0.1955
-11.8816 77.0956 -44.1578 0.0000 1650405817442 1213189.7500 -0.1955
-11.7729 77.1320 -44.3973 0.0000 1650405817471 1213218.7500 -0.1955
-11.8358 77.2296 -44.4787 0.0000 1650405817500 1213247.7500 -0.1955
-11.8469 77.2846 -44.4391 0.0000 1650405817529 1213276.5000 -0.1955
-11.7316 77.2646 -44.5749 0.0000 1650405817558 1213305.5000 -0.1960
-11.7899 77.2384 -44.4774 0.0000 1650405817587 1213335.5000 -0.1960
-11.7550 77.3316 -44.5533 0.0000 1650405817616 1213364.7500 -0.1961
-11.7152 77.3274 -44.6550 0.0000 1650405817644 1213392.2500 -0.1965
-11.6101 77.3320 -44.6033 0.0000 1650405817674 1213421.2500 -0.1965
-11.8239 77.4543 -44.4098 0.0000 1650405817703 1213450.2500 -0.1965
-11.8183 77.4906 -44.3984 0.0000 1650405817732 1213479.2500 -0.1965
-11.9366 77.5125 -44.1987 0.0000 1650405817761 1213508.2500 -0.1965
-11.9120 77.4788 -44.0334 0.0000 1650405817790 1213537.2500 -0.1965
-12.0592 77.5033 -43.7476 0.0000 1650405817819 1213566.2500 -0.1965
-12.1311 77.5959 -43.6161 0.0000 1650405817848 1213596.0000 -0.1965
-11.9660 77.6514 -43.0998 0.0000 1650405817877 1213625.2500 -0.1965
-11.8338 77.7623 -42.7241 0.0000 1650405817906 1213653.2500 -0.1965
-11.9689 77.6392 -42.5090 0.0000 1650405817935 1213681.7500 -0.1965
-11.8867 77.4419 -42.4557 0.0000 1650405817963 1213711.0000 -0.1965
-11.9746 77.6800 -42.0287 0.0000 1650405817993 1213740.0000 -0.1965
-11.8177 77.8697 -41.3956 0.0000 1650405818021 1213769.0000 -0.1965
-11.8359 77.6573 -41.0732 0.0000 1650405818050 1213797.7500 -0.1960
-11.9116 77.6401 -40.6467 0.0000 1650405818079 1213826.7500 -0.1960
-11.7215 77.4453 -40.2920 0.0000 1650405818108 1213855.7500 -0.1960
-11.8850 77.8630 -39.3728 0.0000 1650405818137 1213884.7500 -0.1960
-11.9032 77.6309 -39.0947 0.0000 1650405818166 1213913.7500 -0.1960
-11.9664 77.5439 -38.6790 0.0000 1650405818196 1213942.7500 -0.1960
-11.8145 77.6019 -38.0758 0.0000 1650405818224 1213971.7500 -0.1960
-11.9021 77.7248 -37.3493 0.0000 1650405818254 1214000.7500 -0.1960
-11.9245 77.5722 -36.9318 0.0000 1650405818282 1214029.7500 -0.1960
-12.0291 77.5982 -36.4100 0.0000 1650405818311 1214058.7500 -0.1960
-11.8962 77.7043 -35.4815 0.0000 1650405818340 1214087.7500 -0.1965
-12.0943 77.4404 -35.1439 0.0000 1650405818369 1214119.5000 -0.1965
-12.0121 77.6480 -34.4379 0.0000 1650405818398 1214147.0000 -0.1965
-12.2348 77.6685 -33.4801 0.0000 1650405818427 1214174.7500 -0.1965
-12.4002 77.4120 -33.1746 0.0000 1650405818456 1214203.7500 -0.1965
-12.1802 77.6615 -32.3064 0.0000 1650405818485 1214232.7500 -0.1965
-12.1896 77.3592 -31.7475 0.0000 1650405818514 1214261.7500 -0.1966
-12.1987 77.5116 -31.1491 0.0000 1650405818543 1214290.7500 -0.1969
-12.1147 77.5644 -30.2828 0.0000 1650405818572 1214319.7500 -0.1969
-12.1814 77.5520 -29.6860 0.0000 1650405818601 1214348.7500 -0.1969
-12.0938 77.5413 -28.9256 0.0000 1650405818630 1214380.2500 -0.1969
-12.1071 77.5581 -28.0919 0.0000 1650405818659 1214406.2500 -0.1969
-12.2166 77.4667 -27.6171 0.0000 1650405818688 1214435.5000 -0.1969
-12.1476 77.5825 -26.7700 0.0000 1650405818717 1214465.5000 -0.1965
-12.1501 77.3518 -26.3466 0.0000 1650405818746 1214493.2500 -0.1965
-12.0705 77.3083 -25.6131 0.0000 1650405818775 1214522.2500 -0.1965
-12.1778 77.6033 -24.6837 0.0000 1650405818804 1214551.2500 -0.1965
-12.1403 77.3408 -24.4269 0.0000 1650405818833 1214580.2500 -0.1960
-12.1869 77.5023 -23.4848 0.0000 1650405818861 1214609.2500 -0.1960
-12.0575 77.5634 -22.9574 0.0000 1650405818891 1214638.2500 -0.1960
-12.2053 77.3695 -22.5645 0.0000 1650405818920 1214667.2500 -0.1960
-12.2143 77.4161 -21.8860 0.0000 1650405818949 1214696.2500 -0.1960
-12.0349 77.2425 -22.2381 0.0000 1650405818978 1214725.2500 -0.1960
-12.0967 77.3558 -22.1613 0.0000 1650405819007 1214754.2500 -0.1960
-12.1088 77.2430 -22.1749 0.0000 1650405819036 1214783.2500 -0.1960
-12.0825 77.2767 -22.1007 0.0000 1650405819065 1214812.0000 -0.1960
-12.1982 77.2563 -22.0445 0.0000 1650405819094 1214841.0000 -0.1960
-12.3658 77.3015 -21.9462 0.0000 1650405819122 1214870.0000 -0.1960
-12.2506 77.2687 -22.0557 0.0000 1650405819152 1214899.0000 -0.1960
-12.3220 77.4931 -21.8497 0.0000 1650405819180 1214927.5000 -0.1960
-12.1851 77.2715 -22.1635 0.0000 1650405819209 1214956.7500 -0.1960
-12.3333 77.3156 -21.9001 0.0000 1650405819238 1214985.7500 -0.1965
-12.0958 77.1529 -22.1310 0.0000 1650405819268 1215014.7500 -0.1965
-12.2518 77.2134 -22.0110 0.0000 1650405819296 1215043.7500 -0.1965
-12.0735 77.2675 -22.1806 0.0000 1650405819325 1215072.7500 -0.1965
-12.2978 77.1900 -22.0087 0.0000 1650405819354 1215101.7500 -0.1965
-12.2077 77.2274 -21.9032 0.0000 1650405819384 1215130.7500 -0.1965
-12.2643 77.1055 -22.0092 0.0000 1650405819413 1215159.0000 -0.1965
-12.2778 77.1979 -21.9651 0.0000 1650405819441 1215188.5000 -0.1965
-12.2966 77.3704 -21.8919 0.0000 1650405819470 1215217.7500 -0.1965
-12.2486 77.2338 -21.9809 0.0000 1650405819499 1215249.5000 -0.1965
-12.3032 77.2049 -21.9775 0.0000 1650405819528 1215275.7500 -0.1965
-12.1655 77.1933 -21.9907 0.0000 1650405819557 1215304.7500 -0.1965
-12.1799 77.1294 -22.0177 0.0000 1650405819586 1215333.7500 -0.1965
-12.1945 77.1677 -22.1135 0.0000 1650405819615 1215362.7500 -0.1965
-12.3350 77.1767 -21.9419 0.0000 1650405819644 1215391.7500 -0.1963
-12.2365 77.0338 -22.0081 0.0000 1650405819673 1215420.7500 -0.1960
-12.2784 77.2699 -21.9773 0.0000 1650405819702 1215449.7500 -0.1960
-12.2806 77.1841 -22.0342 0.0000 1650405819732 1215478.7500 -0.1960
-12.2485 77.0649 -22.0176 0.0000 1650405819760 1215507.5000 -0.1960
-12.3610 77.2097 -21.8454 0.0000 1650405819789 1215536.5000 -0.1955
-12.3295 77.1103 -21.9331 0.0000 1650405819818 1215565.5000 -0.1955
-12.2632 77.1755 -21.9973 0.0000 1650405819847 1215594.2500 -0.1955
-12.3295 77.1612 -21.9561 0.0000 1650405819876 1215623.2500 -0.1955
-12.2391 77.1603 -21.9296 0.0000 1650405819905 1215652.2500 -0.1955
-12.2215 77.2172 -22.0170 0.0000 1650405819934 1215683.7500 -0.1955
-12.2047 77.1157 -21.9556 0.0000 1650405819963 1215710.0000 -0.1960
-12.2619 77.0774 -21.9747 0.0000 1650405819992 1215739.2500 -0.1960
-12.3410 77.0777 -21.9322 0.0000 1650405820020 1215768.2500 -0.1955
-12.2787 77.0714 -21.9196 0.0000 1650405820050 1215797.2500 -0.1955
-12.1697 77.0360 -22.0050 0.0000 1650405820079 1215826.2500 -0.1956
-12.2514 77.0643 -22.0119 0.0000 1650405820108 1215855.2500 -0.1960
-12.1666 76.9855 -22.0272 0.0000 1650405820137 1215884.2500 -0.1965
-12.1561 77.0480 -22.0538 0.0000 1650405820166 1215913.0000 -0.1965
-12.1863 77.1402 -22.0686 0.0000 1650405820195 1215942.7500 -0.1966
-12.2580 77.0912 -21.9896 0.0000 1650405820224 1215970.7500 -0.1969
-12.2184 76.8964 -21.9866 0.0000 1650405820253 1216000.0000 -0.1967
-12.1366 76.9254 -22.5917 0.0000 1650405820282 1216028.5000 -0.1965
-12.0433 77.0016 -23.2832 0.0000 1650405820311 1216057.7500 -0.1966
-11.6813 77.6078 -23.7884 0.0000 1650405820339 1216086.7500 -0.1969
-11.6652 77.4211 -24.4787 0.0000 1650405820368 1216115.7500 -0.1969
-11.5623 77.3051 -25.3066 0.0000 1650405820397 1216144.7500 -0.1969
-11.3746 77.5848 -25.8220 0.0000 1650405820427 1216173.7500 -0.1968
-11.8796 77.5809 -26.3490 0.0000 1650405820455 1216202.7500 -0.1965
-11.6077 77.4755 -27.2811 0.0000 1650405820484 1216231.2500 -0.1965
-11.8041 77.7295 -27.6768 0.0000 1650405820514 1216260.7500 -0.1965
-11.9191 77.6465 -28.4261 0.0000 1650405820543 1216289.7500 -0.1965
-11.9022 77.8345 -28.9044 0.0000 1650405820572 1216318.7500 -0.1965
-11.9439 77.5785 -29.7521 0.0000 1650405820600 1216347.7500 -0.1965
-11.9197 77.6155 -30.4422 0.0000 1650405820630 1216376.7500 -0.1965
-11.9339 77.8613 -30.9030 0.0000 1650405820658 1216405.7500 -0.1965
-12.1729 77.7181 -31.5503 0.0000 1650405820687 1216434.7500 -0.1962
-11.8375 77.8072 -32.4008 0.0000 1650405820716 1216466.2500 -0.1960
-12.0854 77.6649 -32.9282 0.0000 1650405820745 1216492.2500 -0.1960
-11.9766 77.8118 -33.7283 0.0000 1650405820774 1216521.7500 -0.1960
-11.9324 77.6974 -34.3039 0.0000 1650405820803 1216550.7500 -0.1960
-12.2972 77.5899 -34.7354 0.0000 1650405820832 1216579.7500 -0.1960
-12.0503 77.6313 -35.5494 0.0000 1650405820861 1216608.5000 -0.1960
-11.9200 77.6436 -36.0298 0.0000 1650405820890 1216637.5000 -0.1960
-12.0693 77.4506 -36.7453 0.0000 1650405820919 1216666.5000 -0.1962
-11.9945 77.6357 -37.4332 0.0000 1650405820948 1216696.7500 -0.1965
-11.7559 77.5845 -37.9344 0.0000 1650405820977 1216723.7500 -0.1965
-12.0592 77.2680 -38.4895 0.0000 1650405821006 1216753.0000 -0.1965
-11.7705 77.3817 -39.1355 0.0000 1650405821035 1216782.2500 -0.1965
-11.7067 77.4431 -39.5671 0.0000 1650405821064 1216812.2500 -0.1965
-11.9497 77.3891 -40.0556 0.0000 1650405821093 1216840.2500 -0.1966
-11.8453 77.1900 -40.6920 0.0000 1650405821122 1216869.2500 -0.1969
-11.6517 77.2319 -41.3099 0.0000 1650405821151 1216898.2500 -0.1967
-11.7984 77.3646 -41.4824 0.0000 1650405821179 1216927.2500 -0.1965
-11.6820 77.2231 -42.0455 0.0000 1650405821209 1216956.2500 -0.1966
-11.7161 77.0742 -42.4977 0.0000 1650405821238 1216985.2500 -0.1969
-11.6350 76.9972 -43.0334 0.0000 1650405821267 1217014.2500 -0.1969
-12.0145 77.3557 -42.7814 0.0000 1650405821296 1217043.0000 -0.1965
-11.6799 77.2808 -43.2176 0.0000 1650405821325 1217072.0000 -0.1964
-11.7593 77.3421 -43.3875 0.0000 1650405821354 1217101.0000 -0.1965
-11.8208 77.1770 -43.7613 0.0000 1650405821383 1217130.0000 -0.1965
-11.9675 77.1994 -43.9806 0.0000 1650405821412 1217158.7500 -0.1965
-11.8192 77.0443 -44.2285 0.0000 1650405821441 1217187.7500 -0.1965
-11.7526 77.0613 -44.5139 0.0000 1650405821470 1217216.7500 -0.1965
-11.9711 77.1200 -44.3226 0.0000 1650405821498 1217246.7500 -0.1965
-12.0438 77.2965 -44.3281 0.0000 1650405821527 1217274.7500 -0.1965
-11.8204 77.3082 -44.3677 0.0000 1650405821556 1217303.7500 -0.1965
-11.7923 77.2301 -44.6739 0.0000 1650405821586 1217332.7500 -0.1962
-11.8467 77.2837 -44.6062 0.0000 1650405821614 1217361.7500 -0.1960
-11.8121 77.4554 -44.4588 0.0000 1650405821644 1217390.7500 -0.1965
-11.7956 77.3584 -44.4986 0.0000 1650405821672 1217419.7500 -0.1965
-11.9657 77.4374 -44.5784 0.0000 1650405821702 1217448.7500 -0.1965
-11.8201 77.4746 -44.3176 0.0000 1650405821731 1217479.2500 -0.1965
-11.8750 77.4137 -44.3301 0.0000 1650405821759 1217506.0000 -0.1969
-11.9449 77.5265 -44.1436 0.0000 1650405821789 1217535.7500 -0.1969
-12.2433 77.6811 -43.6392 0.0000 1650405821817 1217566.0000 -0.1967
-12.1526 77.4746 -43.5951 0.0000 1650405821846 1217595.0000 -0.1965
-11.9201 77.7311 -43.3260 0.0000 1650405821875 1217622.7500 -0.1965
-11.8542 77.7207 -43.0797 0.0000 1650405821904 1217651.7500 -0.1969
-11.9526 77.6407 -42.6102 0.0000 1650405821933 1217680.7500 -0.1969
-11.8809 77.4718 -42.5409 0.0000 1650405821962 1217709.7500 -0.1969
-11.8753 77.5641 -42.2852 0.0000 1650405821991 1217738.5000 -0.1969
-11.7439 77.4996 -41.9500 0.0000 1650405822020 1217767.5000 -0.1969
-11.6497 77.8457 -41.2692 0.0000 1650405822049 1217796.2500 -0.1969
-11.7402 77.5267 -41.0375 0.0000 1650405822078 1217825.2500 -0.1969
-11.7341 77.5068 -40.6861 0.0000 1650405822107 1217854.2500 -0.1969
-11.8737 77.5802 -40.1855 0.0000 1650405822136 1217883.2500 -0.1969
-11.8248 77.7038 -39.4441 0.0000 1650405822165 1217912.2500 -0.1969
-11.9168 77.6391 -39.0895 0.0000 1650405822194 1217941.2500 -0.1969
-11.7715 77.5924 -38.6451 0.0000 1650405822223 1217970.2500 -0.1969
-11.6745 77.6903 -37.8887 0.0000 1650405822252 1218000.7500 -0.1969
-11.8855 77.6708 -37.3693 0.0000 1650405822281 1218029.0000 -0.1969
-12.0284 77.5476 -36.8180 0.0000 1650405822310 1218057.2500 -0.1965
-11.7617 77.6944 -36.2494 0.0000 1650405822338 1218086.2500 -0.1965
-11.9534 77.7409 -35.3428 0.0000 1650405822368 1218115.2500 -0.1965
-11.9070 77.5630 -35.0928 0.0000 1650405822397 1218144.0000 -0.1965
-11.9948 77.6661 -34.2219 0.0000 1650405822426 1218173.0000 -0.1960
-12.2327 77.5977 -33.5508 0.0000 1650405822455 1218202.0000 -0.1960
-12.1020 77.5519 -33.0685 0.0000 1650405822484 1218231.0000 -0.1962
-12.2507 77.5233 -32.1861 0.0000 1650405822513 1218263.0000 -0.1965
-12.3171 77.5401 -31.5714 0.0000 1650405822542 1218291.5000 -0.1965
-12.1004 77.6826 -30.9669 0.0000 1650405822571 1218317.7500 -0.1965
-12.1756 77.5961 -30.1292 0.0000 1650405822600 1218348.2500 -0.1965
-12.1654 77.5420 -29.6234 0.0000 1650405822629 1218375.2500 -0.1965
-12.0528 77.6082 -28.7751 0.0000 1650405822657 1218404.7500 -0.1969
-12.0454 77.5565 -28.0746 0.0000 1650405822687 1218433.7500 -0.1969
-11.9617 77.4680 -27.6709 0.0000 1650405822716 1218462.7500 -0.1969
-12.0537 77.5831 -26.5711 0.0000 1650405822744 1218491.7500 -0.1969
-12.1655 77.4239 -26.0856 0.0000 1650405822773 1218520.7500 -0.1969
-11.9660 77.4403 -25.3536 0.0000 1650405822803 1218549.7500 -0.1969
-11.9840 77.5062 -24.7384 0.0000 1650405822831 1218578.7500 -0.1969
-12.0944 77.3920 -24.2332 0.0000 1650405822861 1218607.7500 -0.1969
-12.0644 77.3997 -23.3665 0.0000 1650405822890 1218636.7500 -0.1969
-12.0434 77.5439 -22.8290 0.0000 1650405822919 1218665.7500 -0.1969
-12.0165 77.3254 -22.4660 0.0000 1650405822948 1218694.7500 -0.1969
-12.2675 77.5714 -22.0648 0.0000 1650405822976 1218723.7500 -0.1969
-12.0199 77.5481 -22.2927 0.0000 1650405823005 1218752.7500 -0.1969
-12.1554 77.2208 -22.2392 0.0000 1650405823034 1218783.0000 -0.1969
-12.0872 77.1814 -22.2127 0.0000 1650405823063 1218811.0000 -0.1969
-12.2964 77.3644 -22.0980 0.0000 1650405823092 1218839.7500 -0.1965
-12.1783 77.2212 -22.1823 0.0000 1650405823121 1218868.5000 -0.1965
-12.3235 77.2183 -21.9921 0.0000 1650405823150 1218897.5000 -0.1965
-12.2518 77.3145 -22.0532 0.0000 1650405823179 1218926.2500 -0.1965
-12.4175 77.4063 -22.0215 0.0000 1650405823208 1218955.2500 -0.1965
-12.2853 77.3771 -21.9384 0.0000 1650405823237 1218984.2500 -0.1965
-12.3284 77.3749 -22.0858 0.0000 1650405823267 1219013.2500 -0.1960
-12.1538 77.4079 -22.0793 0.0000 1650405823295 1219043.7500 -0.1960
-12.3644 77.4041 -21.9317 0.0000 1650405823324 1219073.7500 -0.1965
-12.3188 77.3565 -21.9085 0.0000 1650405823353 1219100.2500 -0.1965
-12.3651 77.3395 -21.9663 0.0000 1650405823382 1219130.7500 -0.1965
-12.3491 77.3830 -21.8988 0.0000 1650405823411 1219158.0000 -0.1965
-12.3440 77.3876 -21.9028 0.0000 1650405823440 1219187.2500 -0.1965
-12.3631 77.3634 -21.9463 0.0000 1650405823469 1219216.2500 -0.1965
-12.3084 77.4043 -22.0062 0.0000 1650405823498 1219245.2500 -0.1965
-12.2517 77.3374 -22.0293 0.0000 1650405823527 1219274.0000 -0.1965
-12.4223 77.2984 -21.8311 0.0000 1650405823556 1219303.0000 -0.1969
-12.2605 77.2889 -21.9769 0.0000 1650405823585 1219332.0000 -0.1969
-12.3184 77.3914 -21.8766 0.0000 1650405823614 1219360.7500 -0.1969
-12.2532 77.1638 -21.9432 0.0000 1650405823643 1219389.7500 -0.1969
-12.2578 77.2964 -21.9738 0.0000 1650405823672 1219418.7500 -0.1969
-12.3849 77.1327 -21.8979 0.0000 1650405823701 1219447.7500 -0.1969
-12.3477 77.3133 -21.8838 0.0000 1650405823730 1219476.7500 -0.1969
-12.2305 77.2346 -21.9896 0.0000 1650405823759 1219505.7500 -0.1969
-12.4602 77.3724 -21.8673 0.0000 1650405823788 1219534.7500 -0.1969
-12.2396 77.2039 -22.0008 0.0000 1650405823816 1219565.2500 -0.1969
-12.2265 77.2239 -21.9630 0.0000 1650405823846 1219592.2500 -0.1969
-12.2412 77.1855 -22.0679 0.0000 1650405823874 1219621.7500 -0.1969
-12.2423 77.2933 -22.0709 0.0000 1650405823903 1219650.7500 -0.1969
-12.3808 77.2001 -21.7726 0.0000 1650405823933 1219679.7500 -0.1965
-12.2736 77.3246 -21.9588 0.0000 1650405823962 1219708.7500 -0.1965
-12.2690 77.1888 -21.9318 0.0000 1650405823990 1219737.7500 -0.1965
-12.2442 77.2370 -21.9291 0.0000 1650405824020 1219766.7500 -0.1965
-12.3581 77.1654 -21.9000 0.0000 1650405824048 1219795.7500 -0.1965
-12.1872 77.1137 -22.0430 0.0000 1650405824078 1219825.7500 -0.1965
-12.2972 77.0378 -22.0076 0.0000 1650405824107 1219855.0000 -0.1960
-12.3257 77.2540 -22.0279 0.0000 1650405824135 1219882.7500 -0.1960
-12.1895 77.1765 -22.0154 0.0000 1650405824165 1219913.0000 -0.1960
-12.3423 77.1576 -21.9465 0.0000 1650405824193 1219940.2500 -0.1960
-12.2174 77.1456 -22.0313 0.0000 1650405824222 1219969.5000 -0.1960
-12.3564 77.1286 -21.8740 0.0000 1650405824251 1219998.5000 -0.1960
-12.1116 76.9853 -22.1427 0.0000 1650405824280 1220027.2500 -0.1961
-12.0612 77.0828 -22.8343 0.0000 1650405824309 1220056.2500 -0.1965
-11.9334 77.3211 -23.4726 0.0000 1650405824338 1220085.2500 -0.1965
-11.5137 77.8575 -24.0210 0.0000 1650405824367 1220114.2500 -0.1965
-11.7577 77.4685 -24.6101 0.0000 1650405824396 1220143.2500 -0.1966
-11.5994 77.3936 -25.4782 0.0000 1650405824426 1220172.2500 -0.1969
-11.7680 77.7737 -25.8903 0.0000 1650405824454 1220201.2500 -0.1969
-11.7853 77.5349 -26.6923 0.0000 1650405824483 1220230.2500 -0.1969
-11.7094 77.7435 -27.3012 0.0000 1650405824512 1220259.2500 -0.1969
-12.0959 77.7815 -27.7337 0.0000 1650405824541 1220288.2500 -0.1969
-11.8842 77.6086 -28.7349 0.0000 1650405824570 1220317.2500 -0.1969
-11.8662 77.7723 -29.0377 0.0000 1650405824599 1220347.5000 -0.1969
-11.9747 77.5742 -29.8353 0.0000 1650405824628 1220377.5000 -0.1969
-11.8461 77.7580 -30.6436 0.0000 1650405824657 1220404.0000 -0.1969
-12.0078 77.7648 -31.1580 0.0000 1650405824686 1220433.0000 -0.1969
-11.9518 77.5643 -31.9585 0.0000 1650405824715 1220462.0000 -0.1969
-11.9055 77.6978 -32.4719 0.0000 1650405824744 1220490.7500 -0.1969
-12.0683 77.5873 -33.1385 0.0000 1650405824773 1220519.7500 -0.1969
-11.8161 77.6949 -34.0138 0.0000 1650405824802 1220548.7500 -0.1969
-11.9908 77.7269 -34.3703 0.0000 1650405824831 1220577.7500 -0.1965
-12.0011 77.4980 -35.1659 0.0000 1650405824860 1220606.2500 -0.1965
-11.9102 77.6578 -35.9070 0.0000 1650405824889 1220637.0000 -0.1965
-11.9944 77.5966 -36.1652 0.0000 1650405824918 1220664.7500 -0.1965
-11.8297 77.2966 -37.1991 0.0000 1650405824947 1220693.2500 -0.1965
-11.9147 77.7017 -37.5734 0.0000 1650405824976 1220722.5000 -0.1965
-11.8765 77.5117 -37.9663 0.0000 1650405825005 1220751.7500 -0.1965
-11.9958 77.2504 -38.7414 0.0000 1650405825033 1220780.7500 -0.1965
-11.8930 77.3541 -39.2712 0.0000 1650405825062 1220809.7500 -0.1960
-11.7177 77.3880 -39.6443 0.0000 1650405825091 1220838.7500 -0.1960
-11.8674 77.4296 -40.1820 0.0000 1650405825121 1220867.7500 -0.1962
-11.9279 77.2694 -40.7823 0.0000 1650405825149 1220896.7500 -0.1965
-11.7894 77.4195 -41.3460 0.0000 1650405825179 1220925.7500 -0.1965
-11.7502 77.3345 -41.5168 0.0000 1650405825208 1220954.7500 -0.1965
-11.9299 77.1890 -42.0884 0.0000 1650405825237 1220983.7500 -0.1967
-11.8749 76.9721 -42.6391 0.0000 1650405825266 1221012.7500 -0.1969
-11.7482 77.1980 -42.8776 0.0000 1650405825294 1221041.7500 -0.1969
-11.7950 77.1298 -42.9308 0.0000 1650405825324 1221070.5000 -0.1969
-11.4792 77.4943 -43.1355 0.0000 1650405825352 1221099.5000 -0.1969
-11.9554 77.1965 -43.4447 0.0000 1650405825381 1221128.0000 -0.1969
-11.8489 77.1744 -43.9194 0.0000 1650405825410 1221156.7500 -0.1969
-11.6924 77.0233 -44.1429 0.0000 1650405825439 1221186.2500 -0.1969
-11.7192 77.0767 -44.2939 0.0000 1650405825468 1221215.2500 -0.1969
-11.9077 77.2220 -44.2939 0.0000 1650405825497 1221244.2500 -0.1969
-11.8397 77.3026 -44.4334 0.0000 1650405825526 1221273.2500 -0.1969
-11.8641 77.2579 -44.4847 0.0000 1650405825555 1221302.2500 -0.1969
-11.7412 77.1870 -44.4883 0.0000 1650405825585 1221331.2500 -0.1969
-11.9307 77.3309 -44.3549 0.0000 1650405825613 1221360.2500 -0.1969
-11.7708 77.3812 -44.5097 0.0000 1650405825642 1221392.0000 -0.1969
-11.8904 77.5226 -44.4099 0.0000 1650405825671 1221421.0000 -0.1965
-11.8207 77.4974 -44.5085 0.0000 1650405825700 1221447.2500 -0.1965
-11.8551 77.4988 -44.5336 0.0000 1650405825729 1221477.5000 -0.1965
-11.8886 77.4808 -44.3506 0.0000 1650405825758 1221505.0000 -0.1965
-11.9326 77.5289 -44.2320 0.0000 1650405825787 1221534.0000 -0.1965
-11.9640 77.4880 -43.9268 0.0000 1650405825816 1221563.0000 -0.1965
-12.0294 77.5166 -43.7226 0.0000 1650405825845 1221591.7500 -0.1965
-12.0770 77.6377 -43.5362 0.0000 1650405825874 1221620.7500 -0.1965
-11.8551 77.7032 -43.3115 0.0000 1650405825903 1221649.7500 -0.1965
-11.7320 77.7195 -42.9519 0.0000 1650405825932 1221678.7500 -0.1965
-11.5805 77.4295 -42.9407 0.0000 1650405825961 1221707.7500 -0.1969
-11.9546 77.4992 -42.4214 0.0000 1650405825990 1221736.7500 -0.1969
-11.9495 77.5043 -42.3867 0.0000 1650405826005 1221751.2500 -0.1969
