-6.6251 35.2893 -23.5246 0.0000 1650400322639 1703645.0000 -0.1969
-5.2258 32.8473 -24.8356 0.0000 1650400322693 1703699.0000 -0.1965
-5.4130 35.6155 -22.5850 0.0000 1650400322747 1703753.0000 -0.1969
-6.1349 32.4331 -23.1973 0.0000 1650400322801 1703807.0000 -0.1965
-4.5038 29.6782 -22.0343 0.0000 1650400322856 1703861.0000 -0.1965
-5.6712 33.0281 -23.3229 0.0000 1650400322908 1703915.0000 -0.1965
-3.7088 30.3151 -21.6791 0.0000 1650400322962 1703969.0000 -0.1960
-5.8034 31.6038 -22.6205 0.0000 1650400323016 1704023.0000 -0.1965
-5.3216 31.8153 -24.7487 0.0000 1650400323070 1704077.0000 -0.1965
-6.7665 33.8035 -21.6631 0.0000 1650400323124 1704131.0000 -0.1965
-5.6231 34.8185 -21.7293 0.0000 1650400323178 1704185.0000 -0.1965
-5.3827 32.3811 -22.0859 0.0000 1650400323232 1704239.0000 -0.1965
-6.5180 32.8521 -19.9353 0.0000 1650400323287 1704293.0000 -0.1969
-3.2847 33.0061 -23.4280 0.0000 1650400323341 1704347.0000 -0.1969
-4.5756 32.0291 -19.1883 0.0000 1650400323395 1704400.0000 -0.1965
-4.5734 32.3816 -20.2382 0.0000 1650400323449 1704454.0000 -0.1965
-5.3233 31.6979 -22.2945 0.0000 1650400323501 1704508.0000 -0.1965
-4.5371 30.0432 -23.0039 0.0000 1650400323555 1704562.0000 -0.1965
-5.6594 33.3454 -21.7273 0.0000 1650400323609 1704616.0000 -0.1965
-4.3249 30.7357 -20.3973 0.0000 1650400323664 1704670.0000 -0.1969
-4.9909 34.5390 -21.3692 0.0000 1650400323718 1704724.0000 -0.1965
-5.1776 33.8094 -21.9098 0.0000 1650400323772 1704778.0000 -0.1965
-1.8625 29.3168 -22.9246 0.0000 1650400323826 1704832.0000 -0.1965
-3.6325 33.3281 -20.9138 0.0000 1650400323880 1704886.0000 -0.1965
-5.7691 29.1839 -18.4220 0.0000 1650400323934 1704940.0000 -0.1965
-5.1885 32.4088 -20.9851 0.0000 1650400323988 1704994.0000 -0.1960
-4.0856 32.4099 -19.5411 0.0000 1650400324043 1705048.0000 -0.1965
-4.8331 33.6043 -19.9103 0.0000 1650400324097 1705102.0000 -0.1965
-2.9480 30.5829 -22.6877 0.0000 1650400324149 1705156.0000 -0.1965
-5.1511 33.3318 -20.9581 0.0000 1650400324203 1705210.0000 -0.1965
-5.4321 31.2315 -19.9863 0.0000 1650400324257 1705264.0000 -0.1965
-5.7149 30.7002 -21.6123 0.0000 1650400324311 1705318.0000 -0.1965
-5.2047 33.1654 -19.9866 0.0000 1650400324365 1705372.0000 -0.1965
-5.7915 31.7735 -18.6495 0.0000 1650400324419 1705426.0000 -0.1965
-6.2903 34.2005 -21.9238 0.0000 1650400324474 1705480.0000 -0.1965
-6.1907 30.3176 -24.1168 0.0000 1650400324528 1705534.0000 -0.1960
-4.7833 32.3800 -21.4260 0.0000 1650400324582 1705588.0000 -0.1960
-4.7936 32.9774 -20.9665 0.0000 1650400324636 1705642.0000 -0.1960
-3.2491 32.8374 -24.6412 0.0000 1650400324690 1705696.0000 -0.1960
-2.6107 28.9113 -21.3470 0.0000 1650400324742 1705749.0000 -0.1965
-5.5471 32.6442 -21.4811 0.0000 1650400324796 1705803.0000 -0.1960
-3.9916 31.9601 -21.4690 0.0000 1650400324851 1705857.0000 -0.1960
-5.0740 30.1301 -23.1524 0.0000 1650400324905 1705911.0000 -0.1965
-4.9968 31.7643 -21.8160 0.0000 1650400324959 1705965.0000 -0.1965
-3.6988 32.3010 -23.1808 0.0000 1650400325013 1706019.0000 -0.1960
-6.7001 33.7440 -21.6705 0.0000 1650400325067 1706073.0000 -0.1960
-6.0923 30.4208 -21.0222 0.0000 1650400325121 1706127.0000 -0.1955
-4.6971 32.2247 -21.4192 0.0000 1650400325175 1706181.0000 -0.1960
-4.4481 31.7386 -21.6665 0.0000 1650400325230 1706235.0000 -0.1960
-4.1724 34.1514 -21.9417 0.0000 1650400325284 1706289.0000 -0.1960
-5.3011 33.7849 -20.9692 0.0000 1650400325336 1706343.0000 -0.1960
-3.0123 34.0929 -20.2062 0.0000 1650400325390 1706397.0000 -0.1960
-4.3165 29.3225 -21.3585 0.0000 1650400325444 1706451.0000 -0.1960
-4.0531 34.5998 -21.4888 0.0000 1650400325498 1706505.0000 -0.1960
-6.4171 34.8859 -20.2841 0.0000 1650400325552 1706559.0000 -0.1960
-3.8345 32.6492 -23.9799 0.0000 1650400325607 1706613.0000 -0.1960
-4.3497 30.8000 -21.1808 0.0000 1650400325661 1706667.0000 -0.1960
-5.3909 33.0815 -17.8049 0.0000 1650400325715 1706721.0000 -0.1960
-5.8464 30.4021 -19.1178 0.0000 1650400325769 1706775.0000 -0.1960
-4.2065 31.1193 -16.6519 0.0000 1650400325823 1706829.0000 -0.1960
-4.9458 31.2005 -18.9892 0.0000 1650400325877 1706883.0000 -0.1960
-4.6475 32.4406 -18.3794 0.0000 1650400325931 1706937.0000 -0.1960
-3.8366 29.4527 -17.9472 0.0000 1650400325984 1706991.0000 -0.1960
-5.9687 33.5860 -17.0484 0.0000 1650400326038 1707045.0000 -0.1960
-5.2462 31.2141 -15.4832 0.0000 1650400326092 1707099.0000 -0.1955
-4.9274 32.3796 -14.5496 0.0000 1650400326146 1707152.0000 -0.1955
-6.9206 32.2951 -18.3284 0.0000 1650400326200 1707206.0000 -0.1955
-4.0443 29.4011 -17.0022 0.0000 1650400326254 1707260.0000 -0.1960
-4.6087 31.2884 -18.6994 0.0000 1650400326308 1707314.0000 -0.1960
-5.1273 28.0666 -17.0124 0.0000 1650400326363 1707368.0000 -0.1960
-5.5875 30.1072 -18.9619 0.0000 1650400326417 1707422.0000 -0.1960
-6.7956 33.0352 -18.8662 0.0000 1650400326471 1707476.0000 -0.1960
-4.2536 30.9339 -18.3291 0.0000 1650400326525 1707530.0000 -0.1965
-3.3781 27.7476 -18.5695 0.0000 1650400326577 1707584.0000 -0.1965
-5.6282 30.2796 -18.5987 0.0000 1650400326631 1707638.0000 -0.1960
-4.1471 29.9474 -18.2557 0.0000 1650400326685 1707692.0000 -0.1960
-5.7286 29.6802 -17.9136 0.0000 1650400326740 1707746.0000 -0.1960
-6.3363 29.4187 -18.1833 0.0000 1650400326794 1707800.0000 -0.1960
-5.9116 28.0535 -17.0168 0.0000 1650400326848 1707854.0000 -0.1960
-6.1470 31.4448 -16.2539 0.0000 1650400326902 1707908.0000 -0.1960
-5.5304 29.2159 -19.2237 0.0000 1650400326956 1707962.0000 -0.1955
-5.9597 31.4545 -17.2005 0.0000 1650400327010 1708016.0000 -0.1960
-5.9671 33.0768 -18.6108 0.0000 1650400327064 1708070.0000 -0.1960
-4.2884 29.6858 -16.5974 0.0000 1650400327118 1708124.0000 -0.1955
-5.2775 37.5651 -17.0332 0.0000 1650400327173 1708178.0000 -0.1955
-4.1464 31.0494 -19.4814 0.0000 1650400327225 1708232.0000 -0.1955
-5.0403 34.7905 -19.1644 0.0000 1650400327279 1708286.0000 -0.1955
-4.7455 33.3606 -21.0259 0.0000 1650400327333 1708340.0000 -0.1955
-3.5986 31.5396 -18.8508 0.0000 1650400327387 1708394.0000 -0.1960
-3.2247 30.7546 -23.6641 0.0000 1650400327441 1708447.0000 -0.1960
-2.3504 32.6222 -23.9798 0.0000 1650400327495 1708501.0000 -0.1960
-3.1715 31.7807 -21.5359 0.0000 1650400327550 1708555.0000 -0.1960
-3.7348 32.1424 -20.3451 0.0000 1650400327604 1708609.0000 -0.1960
-3.2860 33.0158 -23.0164 0.0000 1650400327658 1708663.0000 -0.1960
-3.7917 34.6876 -23.4669 0.0000 1650400327712 1708717.0000 -0.1955
-4.2739 34.9724 -25.4962 0.0000 1650400327766 1708771.0000 -0.1955
-4.0271 33.7103 -24.7256 0.0000 1650400327818 1708825.0000 -0.1960
-6.6091 31.8391 -25.0217 0.0000 1650400327872 1708879.0000 -0.1960
-2.9344 33.9486 -26.2472 0.0000 1650400327927 1708933.0000 -0.1965
-3.9011 33.6927 -24.9681 0.0000 1650400327981 1708987.0000 -0.1965
-3.6901 33.1357 -27.2956 0.0000 1650400328035 1709041.0000 -0.1955
-2.7089 31.5122 -26.5199 0.0000 1650400328089 1709095.0000 -0.1960
-5.7589 31.8867 -29.0742 0.0000 1650400328143 1709149.0000 -0.1960
-2.9524 30.8636 -27.0934 0.0000 1650400328197 1709203.0000 -0.1960
-3.0671 35.7588 -26.8612 0.0000 1650400328251 1709257.0000 -0.1960
-1.0784 33.6052 -28.0723 0.0000 1650400328306 1709311.0000 -0.1955
-2.6979 31.2681 -26.9766 0.0000 1650400328360 1709365.0000 -0.1955
-4.5137 31.7101 -24.9115 0.0000 1650400328414 1709419.0000 -0.1955
-3.9083 34.7337 -24.0553 0.0000 1650400328466 1709473.0000 -0.1960
-3.2173 33.9112 -26.8568 0.0000 1650400328520 1709527.0000 -0.1960
-4.1919 32.9266 -26.5359 0.0000 1650400328574 1709581.0000 -0.1955
-3.3132 34.1446 -27.5342 0.0000 1650400328628 1709635.0000 -0.1960
-3.9311 36.8657 -28.5318 0.0000 1650400328683 1709689.0000 -0.1960
-2.5794 35.5951 -26.3170 0.0000 1650400328737 1709743.0000 -0.1955
-3.7498 37.0430 -28.3021 0.0000 1650400328791 1709797.0000 -0.1960
-5.2345 36.8601 -30.1479 0.0000 1650400328845 1709850.0000 -0.1955
-3.6150 36.7369 -27.8527 0.0000 1650400328899 1709904.0000 -0.1960
-4.2773 35.8098 -25.9043 0.0000 1650400328953 1709958.0000 -0.1960
-3.8484 33.6448 -26.1626 0.0000 1650400329007 1710012.0000 -0.1965
-3.9566 34.4525 -24.2328 0.0000 1650400329059 1710066.0000 -0.1960
-2.2366 36.5631 -25.0862 0.0000 1650400329114 1710120.0000 -0.1960
-3.1347 33.6894 -23.2853 0.0000 1650400329168 1710174.0000 -0.1960
-3.9187 34.4637 -22.8595 0.0000 1650400329222 1710228.0000 -0.1960
-4.6626 31.9684 -23.7110 0.0000 1650400329276 1710282.0000 -0.1960
-5.1895 32.2522 -22.1806 0.0000 1650400329330 1710336.0000 -0.1955
-4.0374 32.1476 -23.1033 0.0000 1650400329384 1710390.0000 -0.1955
-4.4973 32.1380 -21.5233 0.0000 1650400329438 1710444.0000 -0.1955
-5.9462 32.3029 -22.2462 0.0000 1650400329493 1710498.0000 -0.1955
-3.0190 32.4027 -19.8958 0.0000 1650400329547 1710552.0000 -0.1960
-4.1741 32.9395 -23.0383 0.0000 1650400329601 1710606.0000 -0.1955
-4.1946 29.3911 -21.9162 0.0000 1650400329653 1710660.0000 -0.1955
-6.7513 34.8020 -19.2314 0.0000 1650400329707 1710714.0000 -0.1960
-4.6044 32.0494 -18.7185 0.0000 1650400329761 1710768.0000 -0.1960
-5.4573 31.3044 -17.9833 0.0000 1650400329815 1710822.0000 -0.1955
-5.0650 31.8985 -16.8344 0.0000 1650400329870 1710876.0000 -0.1955
-4.7277 27.3830 -19.2532 0.0000 1650400329924 1710930.0000 -0.1955
-4.7836 31.5208 -17.8838 0.0000 1650400329978 1710984.0000 -0.1955
-5.7779 33.1441 -17.4942 0.0000 1650400330032 1711038.0000 -0.1960
-6.4084 33.2052 -18.6800 0.0000 1650400330086 1711092.0000 -0.1960
-5.2916 28.5700 -17.3346 0.0000 1650400330140 1711146.0000 -0.1960
-5.1023 30.2992 -19.9211 0.0000 1650400330194 1711199.0000 -0.1960
-5.0008 29.7416 -16.8057 0.0000 1650400330248 1711253.0000 -0.1960
-5.6490 31.3808 -18.7126 0.0000 1650400330301 1711307.0000 -0.1960
-4.9399 30.3394 -18.4179 0.0000 1650400330355 1711361.0000 -0.1960
-6.2625 31.1231 -17.8096 0.0000 1650400330409 1711415.0000 -0.1955
-4.5843 32.6525 -18.1782 0.0000 1650400330463 1711469.0000 -0.1955
-4.6285 31.8058 -17.3877 0.0000 1650400330517 1711523.0000 -0.1955
-5.4512 32.0734 -16.9868 0.0000 1650400330571 1711577.0000 -0.1955
-4.9602 31.3447 -17.2468 0.0000 1650400330625 1711631.0000 -0.1960
-5.5194 31.7892 -16.8390 0.0000 1650400330680 1711685.0000 -0.1955
-5.6288 32.7261 -18.8722 0.0000 1650400330734 1711739.0000 -0.1955
-4.8514 29.7365 -16.5824 0.0000 1650400330788 1711793.0000 -0.1955
-5.8327 29.3639 -18.9249 0.0000 1650400330842 1711847.0000 -0.1955
-3.1700 31.8408 -16.5156 0.0000 1650400330894 1711901.0000 -0.1955
-5.4885 28.4677 -19.3802 0.0000 1650400330948 1711955.0000 -0.1950
-5.9889 30.4445 -18.1196 0.0000 1650400331002 1712009.0000 -0.1950
-4.2898 31.3725 -17.9236 0.0000 1650400331057 1712063.0000 -0.1950
-4.2650 30.2981 -16.9966 0.0000 1650400331111 1712117.0000 -0.1955
-4.9982 31.9452 -18.0827 0.0000 1650400331165 1712171.0000 -0.1955
-3.6848 35.8598 -19.1541 0.0000 1650400331219 1712225.0000 -0.1955
-4.1228 34.1429 -17.7449 0.0000 1650400331273 1712279.0000 -0.1955
-3.4016 31.7520 -19.8350 0.0000 1650400331327 1712333.0000 -0.1955
-3.8741 32.4443 -19.2027 0.0000 1650400331381 1712387.0000 -0.1955
-3.8260 34.1238 -20.7438 0.0000 1650400331436 1712441.0000 -0.1955
-2.0489 33.7513 -20.2180 0.0000 1650400331490 1712495.0000 -0.1955
-5.8260 33.6003 -21.7162 0.0000 1650400331542 1712548.0000 -0.1955
-3.9470 32.7366 -22.0044 0.0000 1650400331596 1712602.0000 -0.1955
-4.1009 34.8987 -25.5188 0.0000 1650400331650 1712656.0000 -0.1955
-5.9949 31.9784 -23.7584 0.0000 1650400331704 1712710.0000 -0.1955
-2.7730 34.4606 -24.8125 0.0000 1650400331758 1712764.0000 -0.1955
-4.1744 31.5797 -26.0560 0.0000 1650400331813 1712818.0000 -0.1955
-4.7662 30.4629 -24.5918 0.0000 1650400331867 1712872.0000 -0.1960
-3.8645 34.4798 -23.7678 0.0000 1650400331921 1712926.0000 -0.1955
-5.6876 32.4664 -27.1178 0.0000 1650400331975 1712980.0000 -0.1955
-4.1110 29.4371 -27.5938 0.0000 1650400332029 1713034.0000 -0.1955
-2.9277 33.7383 -27.4786 0.0000 1650400332083 1713088.0000 -0.1955
-4.8806 30.6263 -28.8404 0.0000 1650400332135 1713142.0000 -0.1950
-3.7643 30.4728 -26.1366 0.0000 1650400332189 1713196.0000 -0.1955
-3.8546 32.8153 -26.7686 0.0000 1650400332244 1713250.0000 -0.1955
-1.4498 35.6830 -26.2408 0.0000 1650400332298 1713304.0000 -0.1950
-3.5266 32.3541 -26.9042 0.0000 1650400332352 1713358.0000 -0.1955
-2.8039 31.4866 -27.5127 0.0000 1650400332406 1713412.0000 -0.1955
-3.1743 33.8627 -27.4357 0.0000 1650400332460 1713466.0000 -0.1955
-1.9949 34.7428 -26.6472 0.0000 1650400332514 1713520.0000 -0.1950
-4.8057 35.1859 -26.3040 0.0000 1650400332569 1713574.0000 -0.1950
-3.7027 31.7163 -24.6531 0.0000 1650400332623 1713628.0000 -0.1950
-6.4482 32.6579 -27.5778 0.0000 1650400332677 1713682.0000 -0.1950
-2.6442 35.5591 -27.8588 0.0000 1650400332729 1713736.0000 -0.1950
-2.0116 33.1761 -26.7347 0.0000 1650400332783 1713790.0000 -0.1955
-3.1004 34.1508 -28.0041 0.0000 1650400332837 1713844.0000 -0.1950
-5.9421 34.4823 -28.2639 0.0000 1650400332891 1713897.0000 -0.1950
-4.6083 36.9031 -24.8620 0.0000 1650400332945 1713951.0000 -0.1955
-5.0629 35.1778 -28.3752 0.0000 1650400333000 1714005.0000 -0.1950
-3.6612 33.9578 -27.4864 0.0000 1650400333054 1714059.0000 -0.1950
-4.2050 36.0095 -22.9974 0.0000 1650400333108 1714113.0000 -0.1950
-4.1945 32.3915 -26.6238 0.0000 1650400333162 1714167.0000 -0.1950
-1.6182 34.9326 -24.8311 0.0000 1650400333216 1714221.0000 -0.1950
-3.6433 32.5561 -24.4199 0.0000 1650400333270 1714275.0000 -0.1950
-3.2146 35.4114 -22.4690 0.0000 1650400333324 1714329.0000 -0.1955
-5.7723 34.7123 -24.7107 0.0000 1650400333377 1714383.0000 -0.1950
-4.2019 34.0876 -22.4589 0.0000 1650400333431 1714437.0000 -0.1950
-3.5774 33.2578 -22.4517 0.0000 1650400333485 1714491.0000 -0.1950
-5.3497 33.8827 -22.4502 0.0000 1650400333539 1714545.0000 -0.1950
-5.1686 33.5787 -22.2873 0.0000 1650400333593 1714599.0000 -0.1950
-4.6170 30.7134 -22.8520 0.0000 1650400333647 1714653.0000 -0.1950
-4.1972 31.8756 -19.0023 0.0000 1650400333701 1714707.0000 -0.1950
-6.2285 30.5832 -20.7389 0.0000 1650400333755 1714761.0000 -0.1950
-4.1564 29.1356 -17.9312 0.0000 1650400333810 1714815.0000 -0.1950
-3.8438 31.4808 -16.7906 0.0000 1650400333864 1714869.0000 -0.1955
-2.6982 31.7123 -20.4155 0.0000 1650400333918 1714923.0000 -0.1950
-4.5454 30.2462 -17.5827 0.0000 1650400333970 1714977.0000 -0.1950
-4.2253 33.2885 -15.6606 0.0000 1650400334024 1715031.0000 -0.1950
-4.3701 31.9306 -16.1286 0.0000 1650400334078 1715085.0000 -0.1950
-5.8687 33.1227 -16.0298 0.0000 1650400334132 1715139.0000 -0.1955
-4.7987 32.5970 -17.0551 0.0000 1650400334187 1715193.0000 -0.1950
-5.2279 30.9963 -16.6609 0.0000 1650400334241 1715246.0000 -0.1950
-6.3713 27.4159 -18.1005 0.0000 1650400334295 1715300.0000 -0.1950
-7.1046 31.9150 -17.9200 0.0000 1650400334349 1715354.0000 -0.1955
-1.5884 31.2305 -18.9424 0.0000 1650400334403 1715408.0000 -0.1955
-5.7484 31.3768 -17.6911 0.0000 1650400334457 1715462.0000 -0.1950
-5.1474 32.0829 -17.8394 0.0000 1650400334511 1715516.0000 -0.1950
-4.9498 34.1198 -19.5159 0.0000 1650400334566 1715570.0000 -0.1950
-5.4911 30.6992 -19.9696 0.0000 1650400334618 1715624.0000 -0.1950
-4.8350 32.4281 -16.1709 0.0000 1650400334672 1715678.0000 -0.1950
-4.9003 32.3458 -17.0577 0.0000 1650400334726 1715732.0000 -0.1950
-2.3242 29.0098 -17.0845 0.0000 1650400334780 1715786.0000 -0.1950
-5.3667 31.1694 -16.6067 0.0000 1650400334834 1715840.0000 -0.1950
-3.5853 30.9843 -15.9187 0.0000 1650400334888 1715894.0000 -0.1955
-5.1616 31.8619 -17.1551 0.0000 1650400334943 1715948.0000 -0.1955
-4.4655 30.1106 -17.5573 0.0000 1650400334997 1716002.0000 -0.1950
-4.6636 29.9572 -19.7747 0.0000 1650400335051 1716056.0000 -0.1955
-6.1657 32.2282 -15.7914 0.0000 1650400335105 1716110.0000 -0.1955
-5.3021 32.5311 -16.9940 0.0000 1650400335159 1716164.0000 -0.1955
-3.1156 33.4395 -18.9594 0.0000 1650400335211 1716218.0000 -0.1955
-5.0394 33.3414 -21.0574 0.0000 1650400335265 1716272.0000 -0.1950
-4.1128 33.1587 -18.4949 0.0000 1650400335320 1716326.0000 -0.1955
-5.4992 33.4560 -21.2184 0.0000 1650400335374 1716380.0000 -0.1955
-4.4926 32.2084 -23.4237 0.0000 1650400335428 1716434.0000 -0.1960
-5.3313 32.0726 -21.6972 0.0000 1650400335482 1716488.0000 -0.1960
-4.6251 35.5200 -23.3403 0.0000 1650400335536 1716542.0000 -0.1955
-3.5461 32.2846 -22.2736 0.0000 1650400335590 1716595.0000 -0.1960
-5.0772 34.3554 -22.1379 0.0000 1650400335644 1716649.0000 -0.1960
-3.7241 31.8693 -20.5851 0.0000 1650400335699 1716703.0000 -0.1955
-4.4076 35.2678 -22.9084 0.0000 1650400335753 1716757.0000 -0.1957
-4.6541 31.2780 -22.7197 0.0000 1650400335807 1716811.0000 -0.1955
-2.8655 32.0266 -22.9647 0.0000 1650400335859 1716865.0000 -0.1955
-3.6956 33.0338 -25.5848 0.0000 1650400335913 1716919.0000 -0.1955
-2.2005 34.0412 -25.9085 0.0000 1650400335967 1716973.0000 -0.1960
-5.0476 31.1723 -26.5686 0.0000 1650400336021 1717027.0000 -0.1960
-3.6587 36.2334 -26.0610 0.0000 1650400336076 1717081.0000 -0.1960
-4.8240 31.8952 -24.8920 0.0000 1650400336130 1717135.0000 -0.1960
-2.9690 32.9472 -26.2874 0.0000 1650400336184 1717189.0000 -0.1965
-3.9716 36.1577 -23.6774 0.0000 1650400336238 1717243.0000 -0.1965
-3.0400 33.7445 -26.4483 0.0000 1650400336292 1717297.0000 -0.1960
-2.9873 32.3470 -28.3942 0.0000 1650400336346 1717351.0000 -0.1960
-2.6981 32.2661 -26.2596 0.0000 1650400336400 1717405.0000 -0.1960
-2.9603 34.9378 -25.1083 0.0000 1650400336453 1717459.0000 -0.1965
-3.7532 33.7373 -24.5679 0.0000 1650400336506 1717513.0000 -0.1969
-4.6106 28.8237 -28.0762 0.0000 1650400336561 1717567.0000 -0.1969
-4.0364 33.2805 -27.5763 0.0000 1650400336615 1717621.0000 -0.1969
-4.4756 35.3677 -27.4488 0.0000 1650400336669 1717675.0000 -0.1979
-2.6683 32.4572 -30.5047 0.0000 1650400336723 1717729.0000 -0.1979
-5.3842 34.5040 -25.0633 0.0000 1650400336777 1717783.0000 -0.1979
-4.4700 36.0025 -29.3861 0.0000 1650400336831 1717837.0000 -0.1979
-3.5630 35.9977 -27.8455 0.0000 1650400336886 1717891.0000 -0.1974
-3.3928 34.4414 -30.9641 0.0000 1650400336940 1717945.0000 -0.1974
-3.7072 38.5005 -27.5726 0.0000 1650400336994 1717998.0000 -0.1979
-3.2930 37.0099 -28.0377 0.0000 1650400337048 1718052.0000 -0.1984
-3.7963 37.7060 -25.2223 0.0000 1650400337100 1718106.0000 -0.1979
-3.8225 35.0590 -26.4963 0.0000 1650400337154 1718160.0000 -0.1979
-5.0574 35.0902 -27.0003 0.0000 1650400337208 1718214.0000 -0.1979
-3.7169 35.0287 -22.0645 0.0000 1650400337263 1718268.0000 -0.1984
-4.3645 29.2202 -24.6336 0.0000 1650400337317 1718322.0000 -0.1979
-4.1239 33.3196 -24.0955 0.0000 1650400337371 1718376.0000 -0.1979
-4.0130 31.7908 -22.2355 0.0000 1650400337425 1718430.0000 -0.1979
-5.7642 33.0142 -22.9918 0.0000 1650400337479 1718484.0000 -0.1979
-2.4001 30.8711 -23.5826 0.0000 1650400337533 1718538.0000 -0.1979
-3.7547 31.0697 -20.9195 0.0000 1650400337587 1718592.0000 -0.1979
-4.3961 32.7199 -20.9809 0.0000 1650400337642 1718646.0000 -0.1979
-4.4215 31.1223 -20.4283 0.0000 1650400337694 1718700.0000 -0.1979
-5.2724 32.6670 -18.4038 0.0000 1650400337748 1718754.0000 -0.1979
-5.0668 34.0343 -19.5601 0.0000 1650400337802 1718808.0000 -0.1979
-4.8513 31.3850 -18.2739 0.0000 1650400337856 1718862.0000 -0.1979
-4.1935 31.7672 -17.2505 0.0000 1650400337910 1718916.0000 -0.1979
-4.2236 30.3718 -18.6917 0.0000 1650400337964 1718970.0000 -0.1974
-4.5696 31.4797 -17.5609 0.0000 1650400338018 1719024.0000 -0.1974
-6.5443 30.8159 -18.6438 0.0000 1650400338073 1719078.0000 -0.1979
-3.6307 32.9495 -16.8168 0.0000 1650400338127 1719132.0000 -0.1979
-4.1549 31.1551 -19.4462 0.0000 1650400338181 1719186.0000 -0.1979
-4.3092 31.0806 -17.8903 0.0000 1650400338235 1719240.0000 -0.1974
-2.9930 32.9626 -18.2372 0.0000 1650400338287 1719294.0000 -0.1979
-2.9528 30.7740 -18.1767 0.0000 1650400338341 1719347.0000 -0.1974
-4.7912 31.6727 -19.9760 0.0000 1650400338395 1719401.0000 -0.1974
-5.0717 29.0506 -16.8062 0.0000 1650400338450 1719455.0000 -0.1974
-6.2661 32.1193 -21.4897 0.0000 1650400338504 1719509.0000 -0.1974
-4.3448 30.2017 -18.1622 0.0000 1650400338558 1719563.0000 -0.1974
-5.7292 30.1821 -17.4001 0.0000 1650400338612 1719617.0000 -0.1979
-4.2511 30.0988 -16.1107 0.0000 1650400338666 1719671.0000 -0.1979
-5.3465 28.8370 -18.9503 0.0000 1650400338720 1719725.0000 -0.1974
-3.5839 28.8382 -19.0786 0.0000 1650400338774 1719779.0000 -0.1974
-4.3843 29.4846 -15.9215 0.0000 1650400338829 1719833.0000 -0.1979
-3.1908 30.8839 -19.0383 0.0000 1650400338883 1719887.0000 -0.1979
-4.5033 30.2404 -17.8515 0.0000 1650400338935 1719941.0000 -0.1974
-5.9427 31.2167 -20.1300 0.0000 1650400338989 1719995.0000 -0.1974
-4.9931 30.7897 -15.9685 0.0000 1650400339043 1720049.0000 -0.1974
-5.7944 31.0468 -16.1901 0.0000 1650400339097 1720103.0000 -0.1974
-4.1060 31.8872 -17.7927 0.0000 1650400339151 1720157.0000 -0.1979
-5.8906 34.0456 -17.7166 0.0000 1650400339206 1720211.0000 -0.1979
-4.3258 35.0416 -19.1135 0.0000 1650400339260 1720265.0000 -0.1979
-4.3891 32.0214 -18.9192 0.0000 1650400339314 1720319.0000 -0.1979
-5.2077 33.8950 -20.4480 0.0000 1650400339368 1720373.0000 -0.1979
-4.5064 33.9543 -20.0038 0.0000 1650400339422 1720427.0000 -0.1979
-3.2544 33.5542 -21.0091 0.0000 1650400339476 1720481.0000 -0.1979
-3.8547 32.6683 -23.1433 0.0000 1650400339528 1720535.0000 -0.1974
-3.0493 29.8296 -23.4826 0.0000 1650400339582 1720589.0000 -0.1979
-2.5544 31.5725 -22.1275 0.0000 1650400339637 1720643.0000 -0.1974
-3.6868 30.9764 -24.5649 0.0000 1650400339691 1720696.0000 -0.1979
-3.2207 35.3602 -23.9062 0.0000 1650400339745 1720750.0000 -0.1979
-3.3915 34.3768 -23.9326 0.0000 1650400339799 1720804.0000 -0.1979
-3.6975 28.8784 -24.0415 0.0000 1650400339853 1720858.0000 -0.1979
-3.2852 34.8060 -23.6926 0.0000 1650400339907 1720912.0000 -0.1979
-2.3174 31.7151 -29.1567 0.0000 1650400339961 1720966.0000 -0.1984
-5.4115 32.3458 -28.0550 0.0000 1650400340016 1721020.0000 -0.1979
-4.5625 30.1226 -25.2615 0.0000 1650400340070 1721074.0000 -0.1979
-4.5030 31.2741 -26.7814 0.0000 1650400340124 1721128.0000 -0.1979
-3.8538 30.0168 -22.9225 0.0000 1650400340176 1721182.0000 -0.1974
-3.1049 30.4033 -25.7575 0.0000 1650400340230 1721236.0000 -0.1979
-5.4276 33.3474 -27.1239 0.0000 1650400340284 1721290.0000 -0.1979
-2.6588 31.2109 -25.5096 0.0000 1650400340338 1721344.0000 -0.1979
-0.8689 31.2640 -26.6784 0.0000 1650400340393 1721398.0000 -0.1979
-4.4289 31.7993 -27.9275 0.0000 1650400340447 1721452.0000 -0.1984
-2.4606 33.4952 -27.6687 0.0000 1650400340501 1721506.0000 -0.1979
-4.1718 32.4170 -25.8380 0.0000 1650400340555 1721560.0000 -0.1979
-3.3787 32.0883 -26.8843 0.0000 1650400340609 1721614.0000 -0.1979
-3.6034 34.0083 -27.7091 0.0000 1650400340663 1721668.0000 -0.1979
-1.6358 32.1249 -26.1146 0.0000 1650400340717 1721722.0000 -0.1979
-2.5968 36.3476 -26.1973 0.0000 1650400340770 1721776.0000 -0.1984
-3.0409 35.1966 -28.7578 0.0000 1650400340824 1721830.0000 -0.1984
-5.6528 36.7775 -27.8926 0.0000 1650400340878 1721884.0000 -0.1979
-4.6267 34.6425 -28.6105 0.0000 1650400340932 1721938.0000 -0.1979
-1.9526 34.0559 -27.6960 0.0000 1650400340986 1721992.0000 -0.1984
-3.0797 36.5320 -27.1287 0.0000 1650400341040 1722045.0000 -0.1979
-3.0616 37.9683 -26.4497 0.0000 1650400341094 1722099.0000 -0.1979
-4.1928 32.5312 -24.0602 0.0000 1650400341149 1722153.0000 -0.1979
-4.8595 35.4929 -25.0927 0.0000 1650400341203 1722207.0000 -0.1979
-4.0169 35.8824 -24.4903 0.0000 1650400341257 1722261.0000 -0.1979
-4.9130 35.5119 -23.1515 0.0000 1650400341311 1722315.0000 -0.1984
-3.9241 35.2198 -23.5262 0.0000 1650400341365 1722369.0000 -0.1984
-4.9718 31.5482 -20.7297 0.0000 1650400341417 1722423.0000 -0.1979
-5.1790 33.1345 -20.7363 0.0000 1650400341471 1722477.0000 -0.1979
-4.9929 34.3980 -21.7431 0.0000 1650400341526 1722531.0000 -0.1979
-2.9365 31.6100 -20.9893 0.0000 1650400341580 1722585.0000 -0.1979
-4.9685 33.5262 -20.3157 0.0000 1650400341634 1722639.0000 -0.1974
-5.8113 32.2852 -22.0318 0.0000 1650400341688 1722693.0000 -0.1974
-2.0536 32.6900 -19.5150 0.0000 1650400341742 1722747.0000 -0.1974
-4.0094 31.0761 -19.1309 0.0000 1650400341796 1722801.0000 -0.1979
-3.5260 30.9854 -16.3012 0.0000 1650400341850 1722855.0000 -0.1979
-4.9376 27.7774 -18.4815 0.0000 1650400341904 1722909.0000 -0.1979
-5.1428 29.7586 -17.3025 0.0000 1650400341959 1722963.0000 -0.1979
-2.9320 30.9109 -17.7014 0.0000 1650400342011 1723017.0000 -0.1979
-4.3983 33.2483 -17.7821 0.0000 1650400342065 1723071.0000 -0.1979
-1.5390 29.5704 -17.4544 0.0000 1650400342119 1723125.0000 -0.1979
-5.4949 31.6813 -18.8828 0.0000 1650400342173 1723179.0000 -0.1979
-4.9558 32.5457 -18.7879 0.0000 1650400342227 1723233.0000 -0.1974
-5.5371 31.0427 -16.6167 0.0000 1650400342281 1723287.0000 -0.1974
-5.4701 32.3333 -18.0465 0.0000 1650400342336 1723341.0000 -0.1979
-4.8223 30.7791 -17.6284 0.0000 1650400342390 1723394.0000 -0.1979
-4.4560 30.7048 -14.6722 0.0000 1650400342444 1723448.0000 -0.1979
-4.7852 29.8379 -16.7783 0.0000 1650400342498 1723502.0000 -0.1974
-4.2331 30.8322 -18.2115 0.0000 1650400342552 1723556.0000 -0.1979
-5.2651 30.4140 -19.3634 0.0000 1650400342606 1723610.0000 -0.1979
-5.2716 32.4250 -17.4317 0.0000 1650400342658 1723664.0000 -0.1979
-5.1552 31.0747 -17.9654 0.0000 1650400342713 1723718.0000 -0.1979
-4.8200 30.7043 -15.8766 0.0000 1650400342767 1723772.0000 -0.1974
-5.1565 29.8338 -17.2345 0.0000 1650400342821 1723826.0000 -0.1974
-5.8107 31.5695 -17.6858 0.0000 1650400342875 1723880.0000 -0.1974
-3.9983 30.3279 -20.3728 0.0000 1650400342929 1723934.0000 -0.1979
-4.7559 30.9375 -18.8427 0.0000 1650400342983 1723988.0000 -0.1979
-4.2877 32.8592 -20.9708 0.0000 1650400343037 1724042.0000 -0.1974
-4.1512 30.2413 -17.2459 0.0000 1650400343092 1724096.0000 -0.1979
-5.1593 27.9736 -18.3391 0.0000 1650400343146 1724150.0000 -0.1984
-5.9605 29.8000 -18.0449 0.0000 1650400343200 1724204.0000 -0.1979
-5.1027 35.7163 -17.6805 0.0000 1650400343252 1724258.0000 -0.1979
-3.8013 33.4041 -19.6619 0.0000 1650400343306 1724312.0000 -0.1974
-3.1154 32.4437 -19.2970 0.0000 1650400343360 1724366.0000 -0.1979
-3.2573 34.1746 -21.1943 0.0000 1650400343414 1724420.0000 -0.1979
-2.8707 34.2724 -18.7222 0.0000 1650400343468 1724474.0000 -0.1979
-4.4025 33.7830 -21.2546 0.0000 1650400343523 1724528.0000 -0.1979
-4.8179 34.1146 -21.2742 0.0000 1650400343577 1724582.0000 -0.1974
-4.7790 31.6974 -22.4080 0.0000 1650400343631 1724636.0000 -0.1979
-5.6528 32.0053 -20.6903 0.0000 1650400343685 1724690.0000 -0.1979
-1.4519 30.4649 -26.0002 0.0000 1650400343739 1724743.0000 -0.1979
-3.6112 34.3012 -24.1795 0.0000 1650400343793 1724797.0000 -0.1974
-5.0058 31.2474 -24.3379 0.0000 1650400343845 1724851.0000 -0.1974
-5.1152 33.7489 -23.8021 0.0000 1650400343900 1724905.0000 -0.1974
-5.5566 34.2003 -23.8678 0.0000 1650400343954 1724959.0000 -0.1974
-3.3125 33.6574 -23.5868 0.0000 1650400344008 1725013.0000 -0.1979
-2.8070 32.2573 -24.4942 0.0000 1650400344062 1725067.0000 -0.1979
-3.5847 32.6533 -26.9692 0.0000 1650400344116 1725121.0000 -0.1974
-3.4969 32.1810 -26.2491 0.0000 1650400344170 1725175.0000 -0.1974
-3.9336 36.0690 -24.0219 0.0000 1650400344224 1725229.0000 -0.1979
-3.6956 30.1154 -27.6562 0.0000 1650400344279 1725283.0000 -0.1974
-2.9020 34.5149 -28.3784 0.0000 1650400344333 1725337.0000 -0.1974
-4.5650 31.5624 -24.8643 0.0000 1650400344387 1725391.0000 -0.1974
-3.5682 34.3893 -26.6261 0.0000 1650400344441 1725445.0000 -0.1974
-2.8844 35.2956 -27.2332 0.0000 1650400344493 1725499.0000 -0.1979
-4.2820 33.2031 -27.4630 0.0000 1650400344547 1725553.0000 -0.1979
-3.9497 32.4966 -27.5218 0.0000 1650400344601 1725607.0000 -0.1979
-3.1253 33.8626 -28.3205 0.0000 1650400344656 1725661.0000 -0.1974
-3.6622 32.0538 -26.5973 0.0000 1650400344710 1725715.0000 -0.1979
-5.3959 32.2044 -26.6985 0.0000 1650400344764 1725769.0000 -0.1979
-4.6776 32.7531 -25.8212 0.0000 1650400344818 1725823.0000 -0.1979
-4.0162 34.1248 -28.9874 0.0000 1650400344872 1725877.0000 -0.1974
-2.9037 36.2207 -28.2887 0.0000 1650400344926 1725931.0000 -0.1974
-4.7976 34.0640 -27.7569 0.0000 1650400344980 1725985.0000 -0.1974
-5.5802 34.9648 -26.1053 0.0000 1650400345035 1726039.0000 -0.1974
-2.7680 34.9073 -23.6982 0.0000 1650400345087 1726092.0000 -0.1979
-1.6769 35.1889 -26.6773 0.0000 1650400345141 1726146.0000 -0.1979
-3.6417 36.7692 -25.9941 0.0000 1650400345195 1726200.0000 -0.1974
-4.3602 34.9290 -26.5003 0.0000 1650400345249 1726254.0000 -0.1979
-4.1082 34.6432 -26.7396 0.0000 1650400345303 1726308.0000 -0.1979
-4.3396 32.1766 -22.9661 0.0000 1650400345357 1726362.0000 -0.1979
-5.5449 33.6660 -24.7724 0.0000 1650400345412 1726416.0000 -0.1974
-4.1159 33.6735 -22.4409 0.0000 1650400345466 1726470.0000 -0.1974
-4.6619 30.4887 -21.4886 0.0000 1650400345520 1726524.0000 -0.1974
-2.6492 31.5910 -22.1656 0.0000 1650400345574 1726578.0000 -0.1974
-3.3629 32.1919 -22.1515 0.0000 1650400345628 1726632.0000 -0.1979
-3.7750 32.0823 -19.1753 0.0000 1650400345682 1726686.0000 -0.1974
-3.8611 34.1331 -21.4647 0.0000 1650400345734 1726740.0000 -0.1974
-6.7780 28.8520 -16.8143 0.0000 1650400345788 1726794.0000 -0.1979
-4.5398 32.9428 -18.1237 0.0000 1650400345843 1726848.0000 -0.1979
-6.8301 30.2153 -18.5447 0.0000 1650400345897 1726902.0000 -0.1974
-5.8549 32.4457 -19.7825 0.0000 1650400345951 1726956.0000 -0.1974
-4.7009 31.6979 -17.8284 0.0000 1650400346005 1727010.0000 -0.1974
-4.4782 31.5166 -17.6549 0.0000 1650400346059 1727064.0000 -0.1974
-3.1762 33.2441 -19.5725 0.0000 1650400346113 1727118.0000 -0.1979
-3.1248 32.5373 -17.8324 0.0000 1650400346168 1727172.0000 -0.1979
-3.9234 32.1886 -19.9487 0.0000 1650400346222 1727226.0000 -0.1979
-5.5495 30.5285 -16.9081 0.0000 1650400346276 1727280.0000 -0.1974
-6.8943 31.8804 -18.4879 0.0000 1650400346328 1727334.0000 -0.1974
-7.1981 29.6122 -18.0493 0.0000 1650400346382 1727388.0000 -0.1979
-5.2524 35.3975 -16.4308 0.0000 1650400346436 1727442.0000 -0.1979
-7.1656 30.3756 -16.8240 0.0000 1650400346490 1727495.0000 -0.1974
-5.7123 31.5394 -17.6869 0.0000 1650400346544 1727549.0000 -0.1974
-4.5918 32.9379 -19.2796 0.0000 1650400346599 1727603.0000 -0.1974
-6.3672 34.2330 -18.4516 0.0000 1650400346653 1727657.0000 -0.1974
-3.7075 31.2432 -19.1720 0.0000 1650400346707 1727711.0000 -0.1974
-3.5260 33.3126 -16.7497 0.0000 1650400346761 1727765.0000 -0.1974
-3.2051 32.9082 -18.2408 0.0000 1650400346815 1727819.0000 -0.1974
-4.2502 30.0119 -16.1823 0.0000 1650400346869 1727873.0000 -0.1979
-6.0185 29.5824 -15.3376 0.0000 1650400346923 1727927.0000 -0.1979
-3.1906 31.7403 -16.0900 0.0000 1650400346976 1727981.0000 -0.1979
-3.6424 29.0704 -17.3556 0.0000 1650400347030 1728035.0000 -0.1974
-4.1206 31.4887 -17.4511 0.0000 1650400347084 1728089.0000 -0.1974
-3.1858 30.2687 -18.1717 0.0000 1650400347138 1728143.0000 -0.1974
-5.4835 33.0327 -18.2159 0.0000 1650400347192 1728197.0000 -0.1979
-5.6082 32.5117 -18.4801 0.0000 1650400347246 1728251.0000 -0.1979
-4.0889 35.9680 -19.2764 0.0000 1650400347300 1728305.0000 -0.1974
-6.6998 33.8431 -21.1449 0.0000 1650400347354 1728359.0000 -0.1974
-4.9034 35.1243 -20.1107 0.0000 1650400347409 1728413.0000 -0.1979
-4.7830 35.0079 -22.3823 0.0000 1650400347463 1728467.0000 -0.1979
-5.1679 31.0940 -21.6830 0.0000 1650400347517 1728521.0000 -0.1979
-5.5916 33.9196 -23.3163 0.0000 1650400347569 1728575.0000 -0.1974
-4.5582 31.2750 -21.6351 0.0000 1650400347623 1728629.0000 -0.1974
-4.9487 32.4904 -20.1078 0.0000 1650400347677 1728683.0000 -0.1974
-5.1039 31.2065 -23.5246 0.0000 1650400347731 1728737.0000 -0.1979
-4.8602 34.0122 -24.1737 0.0000 1650400347786 1728791.0000 -0.1979
-4.2896 33.9069 -21.6838 0.0000 1650400347840 1728844.0000 -0.1979
-4.4619 31.5674 -21.6958 0.0000 1650400347894 1728898.0000 -0.1979
-3.9228 35.9495 -27.0274 0.0000 1650400347948 1728952.0000 -0.1979
-4.5612 35.9793 -27.3198 0.0000 1650400348002 1729006.0000 -0.1979
-3.0475 31.4166 -25.0764 0.0000 1650400348056 1729060.0000 -0.1979
-2.4340 31.3667 -23.9620 0.0000 1650400348111 1729114.0000 -0.1974
-4.8358 31.0470 -24.1532 0.0000 1650400348165 1729168.0000 -0.1974
-3.0125 33.4187 -25.5027 0.0000 1650400348217 1729222.0000 -0.1974
-3.2395 35.3720 -25.9695 0.0000 1650400348271 1729276.0000 -0.1979
-4.2044 33.9847 -26.6662 0.0000 1650400348325 1729330.0000 -0.1979
-3.5384 35.0287 -28.1816 0.0000 1650400348379 1729384.0000 -0.1974
-2.6741 31.2687 -28.0320 0.0000 1650400348433 1729438.0000 -0.1974
-1.9097 29.7198 -25.3754 0.0000 1650400348487 1729492.0000 -0.1974
-2.2964 32.5499 -27.3721 0.0000 1650400348542 1729546.0000 -0.1974
-3.0591 35.4583 -27.6328 0.0000 1650400348596 1729600.0000 -0.1969
-5.1027 29.8570 -27.5928 0.0000 1650400348650 1729654.0000 -0.1969
-4.5576 34.3049 -29.5007 0.0000 1650400348704 1729708.0000 -0.1974
-1.8334 33.5196 -27.1961 0.0000 1650400348758 1729762.0000 -0.1969
-3.6907 34.9245 -28.4935 0.0000 1650400348810 1729816.0000 -0.1974
-4.8161 33.1580 -26.0424 0.0000 1650400348864 1729870.0000 -0.1974
-4.1207 37.1200 -26.9877 0.0000 1650400348919 1729924.0000 -0.1969
-3.6154 32.6162 -26.4107 0.0000 1650400348973 1729978.0000 -0.1974
-2.9726 35.6368 -25.1677 0.0000 1650400349027 1730032.0000 -0.1974
-5.1938 34.8768 -27.7533 0.0000 1650400349081 1730086.0000 -0.1974
-2.0177 33.8379 -25.7466 0.0000 1650400349135 1730140.0000 -0.1974
-3.5411 33.6488 -26.0362 0.0000 1650400349189 1730193.0000 -0.1974
-6.2111 32.7917 -25.5762 0.0000 1650400349243 1730247.0000 -0.1969
-4.5579 33.5254 -26.2607 0.0000 1650400349297 1730301.0000 -0.1969
-6.0356 33.8123 -24.3532 0.0000 1650400349352 1730355.0000 -0.1974
-4.5166 31.6996 -24.9868 0.0000 1650400349404 1730409.0000 -0.1974
-5.3762 35.3846 -23.1085 0.0000 1650400349458 1730463.0000 -0.1974
-3.8706 33.4897 -21.9113 0.0000 1650400349512 1730517.0000 -0.1969
-6.2324 31.7811 -23.8571 0.0000 1650400349566 1730571.0000 -0.1974
-3.8621 32.8019 -22.8979 0.0000 1650400349620 1730625.0000 -0.1974
-4.5615 34.2914 -22.8494 0.0000 1650400349674 1730679.0000 -0.1969
-4.7961 31.8034 -20.6035 0.0000 1650400349729 1730733.0000 -0.1969
-4.6732 30.8928 -19.7900 0.0000 1650400349783 1730787.0000 -0.1969
-6.6453 34.8417 -17.5277 0.0000 1650400349837 1730841.0000 -0.1969
-5.4134 31.9328 -18.9741 0.0000 1650400349891 1730895.0000 -0.1974
-4.7974 31.6105 -18.8277 0.0000 1650400349945 1730949.0000 -0.1974
-4.3323 29.7321 -17.5325 0.0000 1650400349999 1731003.0000 -0.1969
-4.6159 30.5225 -18.4673 0.0000 1650400350051 1731057.0000 -0.1969
-4.8147 30.6843 -17.5501 0.0000 1650400350106 1731111.0000 -0.1974
-5.4336 31.4911 -20.6647 0.0000 1650400350160 1731165.0000 -0.1974
-5.4453 32.5226 -19.2824 0.0000 1650400350214 1731219.0000 -0.1974
-4.6255 29.6587 -18.9636 0.0000 1650400350268 1731273.0000 -0.1969
-7.5096 31.9156 -16.9060 0.0000 1650400350322 1731327.0000 -0.1969
-3.5868 32.5576 -18.8538 0.0000 1650400350378 1731381.0000 -0.1969
-4.2470 33.2940 -16.0521 0.0000 1650400350430 1731435.0000 -0.1974
-3.7387 31.9375 -17.5615 0.0000 1650400350485 1731489.0000 -0.1974
-3.4503 30.4266 -17.6850 0.0000 1650400350539 1731542.0000 -0.1969
-4.1293 30.6987 -17.5686 0.0000 1650400350593 1731596.0000 -0.1969
-6.1208 32.4176 -19.5906 0.0000 1650400350645 1731650.0000 -0.1969
-4.6369 32.5662 -18.1401 0.0000 1650400350699 1731704.0000 -0.1969
-4.6220 31.7979 -18.7323 0.0000 1650400350753 1731758.0000 -0.1969
-4.5553 30.1433 -18.9407 0.0000 1650400350807 1731812.0000 -0.1969
-3.3796 30.1615 -16.0608 0.0000 1650400350862 1731866.0000 -0.1969
-5.4011 30.2716 -19.6334 0.0000 1650400350916 1731920.0000 -0.1969
-3.5926 31.1805 -17.2992 0.0000 1650400350970 1731974.0000 -0.1974
-4.0656 30.7210 -18.3375 0.0000 1650400351024 1732028.0000 -0.1974
-4.8180 30.6126 -15.8335 0.0000 1650400351078 1732082.0000 -0.1969
-3.2163 33.4688 -19.4062 0.0000 1650400351132 1732136.0000 -0.1974
-5.3883 30.5103 -15.8869 0.0000 1650400351186 1732190.0000 -0.1974
-4.1459 33.9006 -17.7087 0.0000 1650400351241 1732244.0000 -0.1974
-5.5062 36.1289 -17.5900 0.0000 1650400351293 1732298.0000 -0.1969
-4.8721 32.1005 -20.1960 0.0000 1650400351347 1732352.0000 -0.1969
-2.6399 36.3195 -20.2983 0.0000 1650400351401 1732406.0000 -0.1969
-4.1676 34.5585 -19.0755 0.0000 1650400351455 1732460.0000 -0.1969
-4.3200 32.1616 -21.2457 0.0000 1650400351509 1732514.0000 -0.1974
-2.8696 33.6043 -21.9362 0.0000 1650400351563 1732568.0000 -0.1974
-5.4905 32.7208 -20.7112 0.0000 1650400351617 1732622.0000 -0.1969
-2.2542 29.3336 -20.5994 0.0000 1650400351672 1732676.0000 -0.1969
-4.1136 33.3003 -23.3646 0.0000 1650400351726 1732730.0000 -0.1969
-5.3114 32.0684 -22.1367 0.0000 1650400351780 1732784.0000 -0.1965
-5.5363 32.0020 -22.3226 0.0000 1650400351834 1732838.0000 -0.1965
-4.7490 32.9491 -24.4857 0.0000 1650400351886 1732891.0000 -0.1965
-3.5549 33.3479 -24.8653 0.0000 1650400351940 1732945.0000 -0.1965
-5.2593 33.7917 -23.5215 0.0000 1650400351994 1732999.0000 -0.1965
-2.8191 33.7534 -26.6157 0.0000 1650400352049 1733053.0000 -0.1969
-2.8213 32.2147 -24.6985 0.0000 1650400352103 1733107.0000 -0.1969
-2.7050 33.4151 -25.2483 0.0000 1650400352157 1733161.0000 -0.1965
-2.0866 32.6677 -27.4417 0.0000 1650400352211 1733215.0000 -0.1969
-2.9824 33.5261 -27.9651 0.0000 1650400352265 1733269.0000 -0.1969
-4.4611 34.1735 -26.9583 0.0000 1650400352319 1733323.0000 -0.1969
-2.8940 36.9200 -28.8184 0.0000 1650400352373 1733377.0000 -0.1965
-4.1822 32.3243 -25.9145 0.0000 1650400352428 1733431.0000 -0.1965
-3.6158 34.4574 -24.7490 0.0000 1650400352480 1733485.0000 -0.1965
-4.0107 34.0513 -25.1915 0.0000 1650400352534 1733539.0000 -0.1965
-3.9859 34.8262 -24.5831 0.0000 1650400352588 1733593.0000 -0.1969
-2.9452 32.9465 -26.5696 0.0000 1650400352642 1733647.0000 -0.1969
-3.4573 33.8632 -25.7690 0.0000 1650400352696 1733701.0000 -0.1965
-3.3757 35.2541 -25.7723 0.0000 1650400352750 1733755.0000 -0.1969
-2.9775 33.4090 -25.3488 0.0000 1650400352805 1733809.0000 -0.1969
-2.4269 33.9207 -25.2010 0.0000 1650400352859 1733863.0000 -0.1969
-3.9503 35.7439 -27.6843 0.0000 1650400352913 1733917.0000 -0.1965
-4.6498 35.4874 -26.8822 0.0000 1650400352967 1733971.0000 -0.1960
