-12.5002 77.3445 -29.6838 23.3691 1650406224474 1620193.5000 -0.2009
-12.5147 77.2959 -29.6747 37.4628 1650406224503 1620222.7500 -0.2009
-12.5564 77.3796 -29.6500 40.6265 1650406224532 1620252.2500 -0.2009
-12.5223 77.3040 -29.6996 35.9847 1650406224561 1620280.7500 -0.2009
-12.5273 77.3444 -29.7054 27.1289 1650406224590 1620309.7500 -0.2009
-12.5306 77.4009 -29.6345 37.6509 1650406224619 1620338.0000 -0.2009
-12.5849 77.4050 -29.6704 32.9162 1650406224648 1620367.7500 -0.2009
-12.5219 77.3730 -29.6781 45.6995 1650406224677 1620396.5000 -0.2009
-12.7256 77.4951 -29.5187 24.4871 1650406224706 1620425.5000 -0.2009
-12.5609 77.3078 -29.7759 47.4873 1650406224735 1620454.2500 -0.2009
-12.5509 77.3605 -29.7266 41.8549 1650406224764 1620483.2500 -0.2009
-12.5441 77.3756 -29.7160 41.2013 1650406224793 1620512.2500 -0.2009
-12.5956 77.3813 -29.7115 33.8283 1650406224822 1620541.2500 -0.2009
-12.5967 77.3733 -29.7331 29.5527 1650406224851 1620570.2500 -0.2009
-12.4815 77.3852 -29.7578 39.5102 1650406224880 1620599.2500 -0.2004
-12.6012 77.3326 -29.6699 34.0534 1650406224909 1620628.2500 -0.2004
-12.4934 77.3638 -29.7498 30.1896 1650406224938 1620657.2500 -0.2004
-12.5161 77.3563 -29.6678 33.6669 1650406224967 1620686.2500 -0.2004
-12.4558 77.3443 -29.7516 42.2496 1650406224996 1620715.2500 -0.1999
-12.5467 77.3728 -29.6688 37.4432 1650406225024 1620745.7500 -0.1999
-12.4957 77.3411 -29.6840 46.1964 1650406225054 1620773.5000 -0.2004
-12.5370 77.3917 -29.6592 29.2539 1650406225083 1620802.0000 -0.2004
-12.4395 77.2382 -29.7211 42.2430 1650406225112 1620831.0000 -0.2004
-12.5238 77.4035 -29.6673 44.4636 1650406225140 1620860.0000 -0.2004
-12.4487 77.3152 -29.7641 42.5619 1650406225170 1620888.7500 -0.2004
-12.5081 77.4365 -29.6137 33.3000 1650406225199 1620917.7500 -0.2004
-12.4338 77.2826 -29.7554 37.6736 1650406225228 1620946.7500 -0.2004
-12.5046 77.4022 -29.6607 38.4328 1650406225257 1620975.7500 -0.2004
-12.5307 77.4366 -29.6527 38.2668 1650406225285 1621006.2500 -0.2004
-12.4184 77.3051 -29.7197 28.6281 1650406225315 1621033.5000 -0.2004
-12.4401 77.2988 -29.7278 41.1829 1650406225343 1621062.7500 -0.2009
-12.3846 77.2507 -29.7852 36.8979 1650406225372 1621092.7500 -0.2009
-12.5152 77.3409 -29.6383 37.7775 1650406225401 1621122.0000 -0.2009
-12.4174 77.2590 -29.7092 33.9091 1650406225430 1621149.7500 -0.2009
-12.4793 77.3398 -29.6591 27.7043 1650406225459 1621178.7500 -0.2009
-12.4432 77.2667 -29.6934 44.5661 1650406225488 1621207.7500 -0.2009
-12.4707 77.3287 -29.6308 41.0940 1650406225517 1621236.7500 -0.2009
-12.5021 77.3321 -29.7527 29.1280 1650406225547 1621265.7500 -0.2009
-12.4934 77.3136 -29.6913 41.0522 1650406225576 1621294.7500 -0.2009
-12.4487 77.2478 -29.7248 46.2158 1650406225604 1621323.7500 -0.2009
-12.5259 77.3406 -29.6277 34.8730 1650406225634 1621352.7500 -0.2009
-12.5492 77.3464 -29.5950 47.8720 1650406225662 1621381.7500 -0.2009
-12.4762 77.2688 -29.7521 28.5663 1650406225691 1621410.7500 -0.2009
-12.5535 77.3469 -29.6525 36.7437 1650406225720 1621439.7500 -0.2004
-12.5482 77.3907 -29.6876 40.9228 1650406225749 1621468.7500 -0.2004
-12.4935 77.3640 -29.7749 44.3809 1650406225778 1621497.5000 -0.2004
-12.4914 77.2986 -29.8237 43.0210 1650406225807 1621526.2500 -0.2004
-12.5348 77.2576 -29.7384 44.7958 1650406225836 1621557.0000 -0.2004
-12.4744 77.4069 -29.7408 51.4200 1650406225865 1621584.2500 -0.2004
-12.4225 77.2808 -29.8051 51.3953 1650406225894 1621613.2500 -0.2004
-12.4666 77.3609 -29.7868 40.0984 1650406225923 1621642.2500 -0.2004
-12.5622 77.3725 -29.7137 39.5297 1650406225952 1621671.2500 -0.2004
-12.4642 77.4022 -29.6894 41.1631 1650406225981 1621700.2500 -0.2004
-12.4554 77.3236 -29.7606 45.7835 1650406226010 1621729.2500 -0.2004
-12.4651 77.4197 -29.7010 34.4570 1650406226039 1621758.2500 -0.2004
-12.4269 77.2993 -29.7389 35.5721 1650406226068 1621788.0000 -0.2004
-12.4326 77.3268 -29.6399 35.4083 1650406226097 1621816.0000 -0.2004
-12.4514 77.2687 -29.6817 35.5693 1650406226126 1621845.2500 -0.2009
-12.4351 77.2962 -29.7452 37.2032 1650406226155 1621873.7500 -0.2009
-12.4223 77.3584 -29.6489 35.1269 1650406226183 1621903.2500 -0.2009
-12.3911 77.3298 -29.6911 43.7482 1650406226213 1621932.0000 -0.2009
-12.4718 77.2603 -29.6704 38.3885 1650406226241 1621961.0000 -0.1999
-12.4452 77.2635 -29.6899 42.5411 1650406226271 1621990.0000 -0.2009
-12.5630 77.4537 -29.9914 45.6291 1650406226299 1622018.7500 -0.2009
-11.9262 76.3955 -29.5885 46.5570 1650406226329 1622047.7500 -0.2009
-12.0315 76.8738 -28.7497 41.4430 1650406226358 1622076.7500 -0.2009
-11.8260 77.0940 -28.0222 34.1250 1650406226387 1622105.7500 -0.2009
-11.8101 77.2955 -27.0393 29.8646 1650406226416 1622134.7500 -0.2009
-11.9864 77.1289 -26.5282 35.9653 1650406226445 1622163.7500 -0.2009
-12.0740 77.4667 -25.8241 35.4758 1650406226474 1622192.7500 -0.2009
-11.8624 77.7069 -25.3046 28.7123 1650406226502 1622221.7500 -0.2009
-12.0614 77.8278 -24.9371 24.1106 1650406226531 1622250.7500 -0.2007
-11.9504 77.7645 -24.9658 29.0632 1650406226560 1622279.7500 -0.2004
-11.8943 77.6021 -25.0760 26.1695 1650406226589 1622308.0000 -0.2004
-11.7859 77.5238 -25.2281 27.6303 1650406226618 1622337.5000 -0.2004
-11.7976 77.4413 -25.4937 20.1638 1650406226647 1622366.7500 -0.2004
-11.9849 77.1367 -26.0878 22.7474 1650406226676 1622395.7500 -0.1999
-12.1609 77.2464 -26.6178 24.8029 1650406226705 1622424.7500 -0.1999
-11.6911 77.4811 -27.3356 21.2837 1650406226735 1622453.7500 -0.1999
-11.8711 77.3905 -28.1055 33.7210 1650406226763 1622482.7500 -0.1999
-11.5429 77.5822 -29.0755 23.5515 1650406226793 1622511.7500 -0.1999
-11.7591 77.5570 -29.7674 37.6668 1650406226821 1622540.2500 -0.1999
-11.6317 77.7417 -30.6680 20.4357 1650406226850 1622571.0000 -0.2004
-11.7233 77.5975 -31.4610 24.3347 1650406226879 1622598.5000 -0.2004
-11.9991 77.8660 -32.0185 14.5568 1650406226908 1622628.5000 -0.2004
-12.0050 77.5966 -32.8256 25.0162 1650406226937 1622656.2500 -0.2004
-11.9452 77.6098 -33.5174 25.2464 1650406226966 1622685.2500 -0.2004
-11.8703 77.8473 -34.0170 23.8487 1650406226995 1622714.2500 -0.2004
-11.9997 77.4959 -34.1262 22.6458 1650406227024 1622743.2500 -0.2004
-12.1674 77.6223 -34.3084 31.5714 1650406227053 1622772.2500 -0.2004
-12.1886 77.4931 -34.3330 26.0255 1650406227082 1622801.2500 -0.2005
-12.2437 77.6938 -33.9914 18.9092 1650406227112 1622830.2500 -0.2009
-12.2628 77.9597 -33.5890 19.5259 1650406227140 1622859.2500 -0.2009
-12.2466 77.8434 -33.3093 22.1198 1650406227169 1622888.2500 -0.2009
-11.9832 77.4884 -33.3913 23.7416 1650406227198 1622917.2500 -0.2009
-12.0022 77.6042 -32.7544 35.0365 1650406227227 1622946.2500 -0.2009
-12.4217 77.8147 -31.4612 21.4248 1650406227256 1622975.2500 -0.2009
-12.0035 77.6406 -31.0841 24.5067 1650406227285 1623004.2500 -0.2009
-12.1430 77.4952 -29.9668 23.1718 1650406227314 1623033.0000 -0.2009
-12.0714 77.4614 -29.2521 28.4097 1650406227342 1623061.7500 -0.2009
-12.2275 77.5618 -28.0538 25.3829 1650406227372 1623092.0000 -0.2009
-12.1829 77.6103 -27.4050 26.2345 1650406227400 1623119.7500 -0.2009
-12.0617 77.6058 -26.5655 25.2351 1650406227430 1623148.7500 -0.2009
-12.0597 77.4819 -26.0742 22.3856 1650406227459 1623177.7500 -0.2004
-12.2112 77.7374 -25.3161 23.3163 1650406227488 1623206.7500 -0.2004
-12.1003 77.8678 -24.8422 19.2948 1650406227517 1623235.7500 -0.2004
-11.9343 77.7465 -24.9116 25.0089 1650406227546 1623264.7500 -0.2004
-11.9436 77.6509 -24.9409 24.4391 1650406227575 1623293.7500 -0.2004
-11.8967 77.4702 -25.1942 21.7543 1650406227604 1623322.2500 -0.2004
-11.6607 77.4207 -25.3135 18.5035 1650406227633 1623351.5000 -0.2004
-12.0557 77.4963 -25.4041 30.8468 1650406227661 1623380.7500 -0.2004
-12.1455 77.1640 -26.1210 35.9596 1650406227691 1623409.5000 -0.2004
-11.9324 77.1859 -26.7496 23.4308 1650406227719 1623438.7500 -0.2004
-11.6493 77.3413 -27.5364 21.5377 1650406227748 1623467.7500 -0.2004
-11.8032 77.1409 -28.4303 29.3316 1650406227777 1623496.7500 -0.2004
-11.6729 77.6679 -29.3066 28.0875 1650406227807 1623525.7500 -0.2004
-11.6554 77.3531 -30.3082 27.6629 1650406227835 1623554.7500 -0.2004
-11.7522 77.7363 -30.8770 26.1375 1650406227864 1623583.7500 -0.2004
-11.8369 77.6442 -31.7467 20.9169 1650406227894 1623612.7500 -0.2009
-11.8730 77.7563 -32.3977 24.0660 1650406227923 1623641.7500 -0.2009
-11.9962 77.6784 -32.9393 31.2863 1650406227952 1623670.7500 -0.2009
-11.9349 77.6073 -33.7070 27.2211 1650406227980 1623699.7500 -0.2009
-11.9531 77.8433 -33.9954 22.5918 1650406228009 1623728.5000 -0.2009
-12.0213 77.5162 -34.2916 29.7755 1650406228038 1623757.5000 -0.2009
-12.1297 77.5261 -34.3804 24.7979 1650406228067 1623786.2500 -0.2004
-12.3108 77.7215 -34.2169 19.3968 1650406228096 1623815.2500 -0.2004
-12.3172 77.8554 -33.9632 25.4983 1650406228125 1623845.0000 -0.2009
-12.1661 77.9281 -33.4916 18.2818 1650406228154 1623873.0000 -0.2009
-12.2055 77.7496 -33.3515 22.8740 1650406228183 1623902.2500 -0.2004
-12.0543 77.5395 -33.3011 27.9207 1650406228212 1623931.2500 -0.2004
-12.3112 77.8060 -32.2754 27.9710 1650406228241 1623960.2500 -0.2004
-12.2557 77.5661 -31.5175 21.5629 1650406228271 1623989.2500 -0.2004
-12.1070 77.5372 -30.6168 28.6299 1650406228299 1624018.2500 -0.1999
-12.3120 77.4956 -29.6843 32.1887 1650406228328 1624047.2500 -0.1999
-12.0165 77.5182 -28.6766 21.9804 1650406228357 1624077.7500 -0.1994
-12.1541 77.4420 -27.8405 23.1425 1650406228386 1624104.2500 -0.1994
-12.1804 77.5926 -27.1644 25.9685 1650406228415 1624134.0000 -0.1994
-12.2302 77.7342 -26.2602 24.2236 1650406228444 1624164.5000 -0.1994
-11.9908 77.4675 -25.9570 27.9899 1650406228473 1624191.7500 -0.1996
-12.0233 77.6618 -25.2279 22.0785 1650406228502 1624221.0000 -0.1999
-12.1882 77.9159 -24.7121 30.0865 1650406228531 1624249.7500 -0.1999
-11.9778 77.6737 -24.9904 22.0475 1650406228559 1624278.7500 -0.1999
-11.9852 77.6083 -25.0573 20.4564 1650406228589 1624307.7500 -0.2001
-11.8886 77.4004 -25.2250 20.1068 1650406228618 1624336.7500 -0.2004
-11.9370 77.2551 -25.4301 18.5982 1650406228647 1624365.7500 -0.2004
-11.9331 77.2471 -25.7812 26.2987 1650406228676 1624394.7500 -0.2004
-11.9086 77.0969 -26.4939 30.8612 1650406228705 1624423.7500 -0.2006
-11.8715 76.9949 -27.1825 18.8395 1650406228734 1624452.7500 -0.2009
-11.9972 77.0919 -27.8306 30.2689 1650406228763 1624481.7500 -0.2009
-11.7541 77.2438 -28.7800 30.6227 1650406228792 1624510.7500 -0.2009
-11.7078 77.5248 -29.5449 23.4599 1650406228820 1624539.7500 -0.2009
-11.7172 77.5374 -30.5628 18.8394 1650406228850 1624568.7500 -0.2009
-11.8506 77.5736 -31.2768 25.5289 1650406228878 1624597.7500 -0.2009
-11.8705 77.6762 -32.0547 18.5082 1650406228907 1624626.2500 -0.2009
-11.9182 77.7057 -32.5924 26.1620 1650406228936 1624655.7500 -0.2004
-12.0481 77.6155 -33.2794 26.2799 1650406228966 1624684.7500 -0.2009
-11.9414 77.6141 -33.8731 23.4571 1650406228994 1624713.7500 -0.2009
-11.9150 77.6787 -34.1880 23.0655 1650406229023 1624742.7500 -0.2009
-12.0742 77.5334 -34.4577 27.3170 1650406229052 1624771.7500 -0.2009
-12.1721 77.6026 -34.3086 22.8699 1650406229082 1624800.7500 -0.2004
-12.1926 77.7089 -34.2386 24.0964 1650406229111 1624829.5000 -0.2004
-12.1860 77.8996 -33.8423 22.3249 1650406229139 1624858.2500 -0.2004
-12.5098 78.1558 -33.2796 19.9561 1650406229169 1624887.0000 -0.2004
-12.2003 77.5951 -33.4919 27.2620 1650406229197 1624916.2500 -0.1999
-12.0065 77.6508 -33.1340 21.6357 1650406229226 1624946.2500 -0.1999
-12.0989 77.5987 -32.1298 21.9116 1650406229255 1624974.2500 -0.2004
-11.8854 77.5278 -31.5772 25.5741 1650406229284 1625003.2500 -0.2004
-12.1194 77.5815 -30.2451 25.6981 1650406229313 1625032.2500 -0.2004
-12.0201 77.3557 -29.5867 21.1381 1650406229342 1625061.2500 -0.2004
-12.2203 77.5830 -28.4369 22.7415 1650406229371 1625090.2500 -0.2004
-12.0791 77.4260 -27.8193 28.2325 1650406229400 1625119.2500 -0.2004
-12.0812 77.6205 -26.7741 25.6613 1650406229430 1625148.2500 -0.2004
-12.2896 77.5829 -26.2076 26.1183 1650406229458 1625177.2500 -0.2004
-12.1991 77.5915 -25.7235 25.2536 1650406229487 1625206.2500 -0.2006
-12.2059 77.7107 -24.9264 28.5314 1650406229516 1625235.2500 -0.2013
-12.0066 77.7525 -24.7694 27.8754 1650406229545 1625264.0000 -0.2009
-12.0654 77.5117 -24.8652 18.7292 1650406229574 1625293.0000 -0.2009
-12.0794 77.4541 -24.9915 24.6152 1650406229603 1625322.0000 -0.2009
-11.9856 77.4110 -25.2099 27.7873 1650406229632 1625350.7500 -0.2009
-11.7925 77.2163 -25.4076 23.1050 1650406229661 1625381.0000 -0.2009
-12.1477 77.1413 -25.8971 23.6438 1650406229690 1625408.2500 -0.2009
-11.8295 76.9202 -26.6866 15.8712 1650406229718 1625437.7500 -0.2009
-11.8390 77.1364 -27.3525 22.1229 1650406229748 1625466.7500 -0.2009
-11.8651 77.1249 -28.0650 26.3549 1650406229777 1625495.7500 -0.2009
-11.5291 77.3813 -29.0906 24.6182 1650406229806 1625524.7500 -0.2009
-11.8171 77.4272 -29.8705 24.6420 1650406229835 1625553.7500 -0.2009
-11.7794 77.4788 -30.6852 18.2775 1650406229864 1625582.7500 -0.2009
-12.0489 77.4514 -31.2662 25.3564 1650406229893 1625611.7500 -0.2009
-11.7234 77.6308 -32.3632 27.8955 1650406229922 1625640.0000 -0.2004
-11.9876 77.6331 -32.9500 17.6659 1650406229951 1625669.7500 -0.2004
-12.0552 77.6247 -33.5766 23.6240 1650406229980 1625698.7500 -0.2004
-11.9501 77.6798 -34.0633 27.6775 1650406230009 1625729.0000 -0.2004
-11.9900 77.6630 -34.3385 31.4268 1650406230037 1625756.7500 -0.1999
-12.0824 77.4136 -34.3634 27.9419 1650406230066 1625785.7500 -0.1999
-12.1629 77.5873 -34.3386 16.9083 1650406230095 1625814.7500 -0.1999
-12.2023 77.8274 -34.1388 28.1629 1650406230125 1625843.7500 -0.1999
-12.1439 77.8583 -33.7815 25.7125 1650406230153 1625872.7500 -0.1999
-12.0401 77.6643 -33.5082 19.0387 1650406230183 1625901.7500 -0.1999
-11.9259 77.5732 -33.4515 20.0522 1650406230212 1625930.7500 -0.1999
-11.9290 77.5340 -33.0165 25.1106 1650406230241 1625959.5000 -0.1999
-12.0613 77.4985 -31.8531 23.3663 1650406230270 1625988.5000 -0.2000
-11.8384 77.5336 -31.3475 24.4959 1650406230298 1626017.2500 -0.2004
-12.1327 77.5084 -29.9975 23.0041 1650406230328 1626046.2500 -0.2009
-11.9952 77.4109 -29.3205 20.1306 1650406230356 1626075.2500 -0.2009
-12.2453 77.5491 -28.2162 22.2720 1650406230385 1626104.2500 -0.2009
-12.0612 77.4853 -27.5317 29.5698 1650406230414 1626134.7500 -0.2009
-12.0300 77.5602 -26.6367 21.1311 1650406230443 1626161.5000 -0.2009
-12.0901 77.4173 -26.2115 22.4621 1650406230472 1626191.2500 -0.2009
-12.2157 77.6969 -25.3801 27.9788 1650406230501 1626220.2500 -0.2010
-12.1202 77.6334 -24.7643 21.2719 1650406230530 1626249.2500 -0.2013
-12.2651 77.7217 -24.6624 22.4285 1650406230559 1626278.2500 -0.2013
-12.1557 77.5458 -24.8184 29.0839 1650406230589 1626307.2500 -0.2013
-11.9242 77.3479 -25.0778 18.8098 1650406230617 1626336.2500 -0.2013
-11.9560 77.1843 -25.2106 27.6150 1650406230646 1626365.0000 -0.2013
-11.8451 77.2497 -25.4968 15.9779 1650406230675 1626393.5000 -0.2013
-12.1184 77.0295 -25.9819 23.8462 1650406230704 1626423.7500 -0.2013
-11.9291 77.0279 -26.8927 25.9559 1650406230733 1626452.0000 -0.2013
-11.6306 77.0912 -27.5523 25.8212 1650406230762 1626482.2500 -0.2009
-11.7107 77.0575 -28.5902 26.2228 1650406230791 1626509.7500 -0.2009
-11.6333 77.5571 -29.3839 25.9683 1650406230820 1626538.7500 -0.2009
-11.7401 77.2505 -30.3025 20.7320 1650406230849 1626567.7500 -0.2009
-11.7864 77.6878 -30.9618 19.8304 1650406230877 1626596.7500 -0.2004
-12.0244 77.6179 -31.8242 25.3757 1650406230907 1626625.7500 -0.2004
-11.8064 77.5349 -32.6148 18.6561 1650406230936 1626654.7500 -0.2004
-12.1569 77.5679 -33.1751 25.1534 1650406230965 1626683.7500 -0.2004
-11.9025 77.6033 -33.7309 22.6194 1650406230994 1626712.7500 -0.2004
-11.9234 77.6866 -34.0469 22.6858 1650406231023 1626741.7500 -0.2004
-12.1196 77.5362 -34.4154 24.4296 1650406231052 1626770.7500 -0.2004
-12.0800 77.4309 -34.4980 26.3558 1650406231081 1626799.7500 -0.2004
-12.1090 77.5922 -34.3962 22.1476 1650406231110 1626828.7500 -0.2004
-12.2282 77.6888 -34.2606 22.6169 1650406231139 1626857.7500 -0.2004
-12.1974 77.8636 -33.7074 18.7239 1650406231168 1626886.7500 -0.2005
-12.1180 77.6288 -33.4698 20.9048 1650406231196 1626915.2500 -0.2009
-11.9749 77.5585 -33.2999 28.0118 1650406231226 1626944.5000 -0.2009
-11.9241 77.6349 -32.4377 26.3009 1650406231254 1626973.7500 -0.2009
-12.1052 77.4876 -31.6703 28.9297 1650406231284 1627002.7500 -0.2010
-11.8792 77.5169 -30.7917 30.0515 1650406231312 1627031.7500 -0.2013
-12.0383 77.2460 -29.9249 20.9565 1650406231342 1627060.5000 -0.2013
-11.9910 77.4499 -28.8784 21.5262 1650406231370 1627089.0000 -0.2013
-12.0791 77.5117 -27.9982 21.2942 1650406231400 1627118.5000 -0.2013
-12.0722 77.6500 -27.0812 20.7170 1650406231429 1627147.2500 -0.2013
-12.1222 77.5643 -26.3952 20.5954 1650406231458 1627180.2500 -0.2013
-12.0572 77.3985 -26.0509 34.5138 1650406231487 1627205.0000 -0.2013
-12.0862 77.5741 -25.2446 25.4844 1650406231515 1627234.2500 -0.2013
-11.9852 77.5894 -24.7223 18.9241 1650406231544 1627264.2500 -0.2013
-11.8550 77.5339 -24.9154 20.7009 1650406231573 1627292.2500 -0.2013
-11.9415 77.3472 -24.8996 17.6716 1650406231602 1627321.2500 -0.2009
-11.8183 77.2277 -25.1395 21.2824 1650406231631 1627350.2500 -0.2009
-12.1391 77.2863 -25.2688 14.3181 1650406231660 1627379.2500 -0.2009
-12.0097 77.1136 -25.6577 27.3542 1650406231689 1627408.2500 -0.2009
-12.0425 76.9612 -26.1326 32.4963 1650406231718 1627437.2500 -0.2004
-11.8014 77.0805 -27.1547 23.7112 1650406231748 1627466.2500 -0.2004
-11.8294 77.2422 -27.7588 20.6962 1650406231776 1627495.0000 -0.2009
-11.6563 77.3533 -28.8159 28.0227 1650406231806 1627524.0000 -0.2009
-11.5142 77.5441 -29.6638 22.5747 1650406231834 1627553.0000 -0.2004
-11.6786 77.4690 -30.4889 21.9703 1650406231863 1627581.7500 -0.2004
-11.7953 77.6922 -31.2331 23.2838 1650406231892 1627610.7500 -0.2004
-11.9050 77.5799 -32.0520 18.1445 1650406231921 1627639.7500 -0.2004
-11.8240 77.6850 -32.6701 21.1054 1650406231950 1627668.7500 -0.2004
-12.0847 77.5944 -33.2648 29.8185 1650406231979 1627699.0000 -0.2004
-11.8807 77.5387 -34.0685 20.4398 1650406232008 1627726.5000 -0.2006
-11.9127 77.6155 -34.3403 21.6964 1650406232037 1627755.7500 -0.2009
-12.1062 77.5713 -34.2143 26.7656 1650406232066 1627784.7500 -0.2009
-12.0838 77.5223 -34.4795 23.8379 1650406232095 1627813.7500 -0.2009
-12.1466 77.5639 -34.3919 21.9156 1650406232124 1627842.7500 -0.2011
-12.2269 77.7932 -33.8493 19.0270 1650406232153 1627871.7500 -0.2013
-12.2647 77.8777 -33.4201 20.4083 1650406232182 1627900.7500 -0.2013
-11.9905 77.5239 -33.5558 15.7249 1650406232211 1627929.2500 -0.2013
-12.0203 77.5777 -33.0984 22.8076 1650406232240 1627958.2500 -0.2013
-11.9941 77.4332 -32.2481 25.1246 1650406232269 1627987.7500 -0.2013
-11.9473 77.3961 -31.6023 30.1558 1650406232298 1628016.2500 -0.2013
-11.9146 77.6383 -30.4679 28.8592 1650406232327 1628045.2500 -0.2013
-12.1020 77.4631 -29.5861 30.8216 1650406232355 1628074.7500 -0.2013
-11.9719 77.5581 -28.5192 21.5321 1650406232385 1628103.7500 -0.2009
-12.1432 77.4106 -27.8231 29.5255 1650406232413 1628132.7500 -0.2009
-11.9794 77.5917 -26.8165 37.1379 1650406232442 1628161.7500 -0.2009
-11.9751 77.6341 -26.2019 30.3087 1650406232471 1628190.5000 -0.2009
-12.0923 77.5562 -25.7977 25.0758 1650406232501 1628219.5000 -0.2009
-12.0331 77.6074 -25.0553 20.3268 1650406232530 1628248.2500 -0.2009
-11.9393 77.6135 -24.7289 25.9917 1650406232559 1628277.2500 -0.2006
-12.0635 77.5405 -24.7130 18.0510 1650406232588 1628306.2500 -0.2004
-11.8974 77.2586 -24.9241 12.8394 1650406232617 1628335.2500 -0.2004
-11.9505 77.2213 -25.0234 22.3404 1650406232646 1628364.2500 -0.2004
-11.7856 77.3390 -25.3677 24.5093 1650406232674 1628393.2500 -0.2004
-11.7081 77.0647 -25.9928 23.4690 1650406232703 1628422.2500 -0.2004
-12.0982 76.9042 -26.5552 22.7914 1650406232732 1628452.5000 -0.2004
-11.6594 77.3023 -27.4566 16.9129 1650406232761 1628480.0000 -0.2004
-11.9496 77.2929 -28.0890 27.7068 1650406232790 1628509.2500 -0.2004
-11.6252 77.5048 -29.0937 29.4471 1650406232819 1628538.2500 -0.2004
-11.7161 77.4712 -29.9338 25.3327 1650406232848 1628567.2500 -0.2009
-11.7530 77.6505 -30.7234 18.0621 1650406232877 1628596.0000 -0.2009
-11.9458 77.5696 -31.5273 27.9459 1650406232906 1628625.0000 -0.2009
-11.7501 77.7515 -32.3427 16.0422 1650406232935 1628654.0000 -0.2009
-11.8735 77.6132 -32.9282 28.9481 1650406232965 1628683.0000 -0.2009
-12.1095 77.5972 -33.5687 27.6171 1650406232993 1628711.5000 -0.2009
-11.9597 77.7029 -34.0342 23.8540 1650406233022 1628740.5000 -0.2009
-12.0711 77.6477 -34.3181 30.3375 1650406233051 1628769.7500 -0.2009
-12.1711 77.4677 -34.3712 18.5332 1650406233080 1628798.5000 -0.2009
-12.1091 77.5273 -34.3608 21.7414 1650406233109 1628827.7500 -0.2009
-12.3107 77.7498 -34.2171 28.2509 1650406233138 1628856.7500 -0.2009
-12.0303 77.8270 -33.8354 21.2952 1650406233167 1628885.7500 -0.2009
-12.0535 77.7350 -33.5291 27.6041 1650406233196 1628914.7500 -0.2009
-12.0275 77.5323 -33.3949 24.7542 1650406233225 1628943.7500 -0.2009
-11.8622 77.5398 -33.0093 22.0003 1650406233254 1628972.7500 -0.2009
-12.1766 77.6553 -31.7366 21.0722 1650406233283 1629001.7500 -0.2009
-11.9864 77.7081 -31.3112 30.2108 1650406233312 1629030.7500 -0.2009
-12.0829 77.4828 -29.9833 29.3672 1650406233341 1629059.7500 -0.2009
-12.0406 77.4578 -29.3705 22.8021 1650406233370 1629088.7500 -0.2009
-12.1217 77.4886 -28.2552 29.6292 1650406233399 1629117.7500 -0.2004
-12.0108 77.4567 -27.7016 25.5665 1650406233428 1629146.7500 -0.2004
-12.0135 77.6454 -26.6144 25.0480 1650406233457 1629175.7500 -0.2004
-12.0511 77.6053 -26.2165 18.7964 1650406233486 1629204.7500 -0.1999
-12.0470 77.6213 -25.5314 28.7510 1650406233514 1629234.7500 -0.1999
-12.0409 77.6074 -24.9411 23.1888 1650406233544 1629262.2500 -0.1999
-11.8146 77.5897 -24.9076 26.3174 1650406233572 1629291.5000 -0.1999
-11.8722 77.5394 -24.8482 20.6405 1650406233601 1629320.5000 -0.1999
-11.9216 77.2833 -25.0254 21.6294 1650406233631 1629349.5000 -0.1999
-11.9279 77.4382 -25.1008 25.3886 1650406233660 1629378.2500 -0.1999
-12.0341 77.3670 -25.4139 24.5743 1650406233688 1629407.2500 -0.2001
-12.1351 77.0816 -25.9524 26.5417 1650406233718 1629436.2500 -0.2004
-11.9242 77.0761 -26.8753 19.5039 1650406233747 1629465.2500 -0.2004
-11.6440 77.4020 -27.5493 16.9854 1650406233776 1629496.7500 -0.2004
-11.7895 77.1236 -28.5650 26.9532 1650406233805 1629523.2500 -0.2004
-11.6474 77.5708 -29.2678 24.6793 1650406233833 1629553.7500 -0.2004
-11.6893 77.4595 -30.1275 20.8404 1650406233863 1629581.0000 -0.2004
-11.8128 77.7308 -30.9409 22.6037 1650406233891 1629610.2500 -0.2004
-11.8867 77.5734 -31.7342 27.3231 1650406233920 1629639.2500 -0.2005
-11.7799 77.7381 -32.4877 21.3184 1650406233949 1629668.2500 -0.2009
-12.1689 77.6170 -33.0063 24.1876 1650406233978 1629697.2500 -0.2009
-12.0527 77.6852 -33.7004 21.2907 1650406234007 1629726.0000 -0.2009
-11.9518 77.6451 -34.1240 29.1705 1650406234036 1629755.0000 -0.2009
-11.9525 77.7182 -34.4026 23.5208 1650406234065 1629784.0000 -0.2009
-12.0724 77.5065 -34.4843 24.6421 1650406234095 1629812.5000 -0.2009
-12.2641 77.7469 -34.2577 30.0662 1650406234124 1629841.7500 -0.2004
-12.2320 77.6473 -34.2832 18.5882 1650406234152 1629870.7500 -0.2004
-12.1545 77.5981 -33.8188 19.3242 1650406234181 1629899.7500 -0.2004
-11.9492 77.6819 -33.5993 20.8756 1650406234210 1629928.7500 -0.2004
-12.0821 77.5557 -33.2652 25.3757 1650406234239 1629957.7500 -0.1999
-11.9535 77.4088 -32.6951 21.9873 1650406234268 1629988.2500 -0.1999
-12.1797 77.4954 -31.6864 30.8794 1650406234297 1630015.5000 -0.1999
-11.9821 77.4317 -31.0345 20.6932 1650406234326 1630044.7500 -0.1999
-12.1143 77.3535 -29.8891 27.2041 1650406234355 1630073.7500 -0.1999
-12.1271 77.4683 -28.9457 25.4543 1650406234384 1630102.7500 -0.1999
-12.1238 77.6168 -28.0504 23.4833 1650406234413 1630131.7500 -0.1999
-12.0400 77.4591 -27.3276 23.1444 1650406234442 1630160.7500 -0.1999
-12.1399 77.5482 -26.3590 25.7011 1650406234471 1630189.7500 -0.2001
-11.9537 77.3742 -26.2608 30.5457 1650406234500 1630218.7500 -0.2004
-11.9055 77.4928 -25.4609 26.5707 1650406234529 1630250.5000 -0.2004
-11.9665 77.7309 -24.6942 26.0148 1650406234558 1630277.5000 -0.2004
-11.8049 77.4946 -25.0017 20.2068 1650406234587 1630305.7500 -0.2004
-11.8373 77.5566 -24.8803 22.1693 1650406234616 1630334.7500 -0.2004
-11.9236 77.3905 -24.9524 22.3750 1650406234645 1630363.2500 -0.2004
-11.7703 77.5887 -25.2128 18.6768 1650406234674 1630392.7500 -0.2009
-11.7383 77.3114 -25.8448 31.0652 1650406234703 1630421.5000 -0.2009
-12.1255 76.9691 -26.2891 28.5885 1650406234731 1630450.5000 -0.2009
-11.9327 77.1681 -27.0739 24.7828 1650406234760 1630479.2500 -0.2009
-11.5544 77.4343 -27.8098 26.0266 1650406234789 1630508.2500 -0.2009
-11.4824 77.1327 -28.9296 23.4797 1650406234819 1630537.2500 -0.2009
-11.6411 77.7311 -29.5824 19.1129 1650406234848 1630566.2500 -0.2009
-11.7209 77.5612 -30.4676 22.9366 1650406234877 1630595.2500 -0.2009
-11.6233 77.6835 -31.2143 25.1254 1650406234906 1630624.2500 -0.2009
-11.7672 77.5800 -32.1625 15.6520 1650406234935 1630653.2500 -0.2009
-11.7396 77.6579 -32.7774 19.7522 1650406234964 1630682.2500 -0.2009
-12.0791 77.5191 -33.3423 29.5080 1650406234992 1630711.2500 -0.2009
-11.8942 77.5328 -33.8758 22.0965 1650406235022 1630740.2500 -0.2009
-11.9909 77.5880 -34.2060 22.4277 1650406235050 1630770.5000 -0.2009
-12.0721 77.4733 -34.4315 25.7665 1650406235079 1630799.0000 -0.2004
-12.1722 77.6581 -34.3656 28.9094 1650406235108 1630827.0000 -0.2004
-12.2477 77.7547 -34.2931 20.6731 1650406235137 1630856.0000 -0.2004
-12.1638 77.7664 -34.1356 22.6210 1650406235166 1630885.0000 -0.2004
-12.1721 78.0318 -33.4576 15.4208 1650406235195 1630913.7500 -0.2004
-11.8226 77.5878 -33.6268 24.1459 1650406235224 1630942.7500 -0.2004
-12.0633 77.5367 -33.1711 29.4891 1650406235254 1630971.7500 -0.2001
-12.2270 77.5189 -32.1295 26.5043 1650406235283 1631000.7500 -0.1999
-12.1691 77.7395 -31.4037 26.7081 1650406235311 1631032.5000 -0.2004
-12.2562 77.5530 -30.3706 26.8773 1650406235341 1631058.5000 -0.2004
-12.1221 77.3334 -29.7638 29.3140 1650406235369 1631087.7500 -0.2004
-12.2143 77.7001 -28.5827 29.4910 1650406235398 1631116.5000 -0.2004
-12.1033 77.3880 -27.9292 24.7287 1650406235427 1631145.7500 -0.2004
-12.1437 77.6133 -26.8701 25.2390 1650406235456 1631174.7500 -0.2004
-12.1829 77.6327 -26.2704 22.2984 1650406235485 1631203.7500 -0.2005
-12.0827 77.5066 -25.9182 28.1554 1650406235514 1631232.7500 -0.2009
-12.2780 77.6608 -24.9881 24.8795 1650406235543 1631261.7500 -0.2009
-11.9008 77.5258 -24.6957 24.6352 1650406235572 1631290.7500 -0.2009
-11.7124 77.5425 -25.0177 18.8968 1650406235601 1631319.7500 -0.2009
-11.7973 77.4938 -24.9349 20.9997 1650406235630 1631348.7500 -0.2009
-11.7242 77.3620 -25.1362 17.7678 1650406235659 1631377.7500 -0.2009
-11.9347 77.6249 -25.0784 19.0629 1650406235688 1631406.7500 -0.2009
-11.8099 77.4208 -25.7031 20.0566 1650406235717 1631435.7500 -0.2009
-12.0320 77.0547 -26.5493 21.0806 1650406235746 1631464.7500 -0.2009
-11.6753 77.2848 -27.3258 20.9991 1650406235775 1631493.7500 -0.2009
-11.7638 77.3266 -28.1144 22.1684 1650406235804 1631522.5000 -0.2009
-11.6436 77.5963 -28.9540 20.8502 1650406235833 1631552.7500 -0.2009
-11.6934 77.5988 -29.8034 26.2446 1650406235862 1631580.0000 -0.2004
-11.6681 77.7782 -30.7118 20.0906 1650406235890 1631609.2500 -0.2004
-11.8602 77.5835 -31.4534 19.1227 1650406235920 1631638.2500 -0.2004
-11.7999 77.7529 -32.1830 20.6222 1650406235948 1631667.2500 -0.2004
-11.8320 77.8182 -32.9343 26.0765 1650406235978 1631696.2500 -0.1999
-12.0116 77.6141 -33.5653 21.6132 1650406236006 1631725.2500 -0.1999
-11.8709 77.7753 -34.0723 23.7429 1650406236036 1631754.2500 -0.1999
-11.8537 77.6378 -34.3393 22.2760 1650406236065 1631784.7500 -0.1999
-12.1111 77.7062 -34.5220 23.7940 1650406236094 1631814.7500 -0.1999
-12.1299 77.5657 -34.4518 33.7998 1650406236123 1631841.2500 -0.1999
-12.1467 77.7578 -34.3654 20.8285 1650406236152 1631870.2500 -0.2000
-11.9685 77.7145 -33.9923 18.8203 1650406236181 1631898.5000 -0.2004
-12.0529 77.6238 -33.5441 19.4099 1650406236209 1631928.2500 -0.2004
-12.2110 77.5704 -33.2913 29.5515 1650406236238 1631957.0000 -0.2004
-12.1229 77.5194 -32.9879 23.7189 1650406236267 1631986.0000 -0.2004
-12.2880 77.5037 -31.8893 22.6492 1650406236296 1632015.0000 -0.2004
-12.1501 77.5917 -31.3438 26.8210 1650406236325 1632043.7500 -0.2009
-12.2319 77.5405 -30.0884 24.8749 1650406236355 1632072.7500 -0.2009
-12.2001 77.3630 -29.6046 31.0652 1650406236383 1632101.7500 -0.2009
-12.2802 77.5491 -28.2900 26.3933 1650406236413 1632130.7500 -0.2009
-12.0181 77.4102 -27.7842 25.7832 1650406236442 1632159.7500 -0.2009
-12.1594 77.5377 -26.7015 24.1967 1650406236470 1632188.7500 -0.2009
-12.1594 77.6154 -26.2711 26.9162 1650406236500 1632217.7500 -0.2009
-12.1024 77.5686 -25.6234 26.2205 1650406236528 1632246.7500 -0.2009
-12.0003 77.6749 -25.0550 27.8635 1650406236557 1632275.7500 -0.2009
-11.8422 77.6183 -24.8657 27.1273 1650406236586 1632304.7500 -0.2009
-11.7604 77.4848 -24.9914 26.1556 1650406236615 1632336.0000 -0.2009
-11.8851 77.4318 -25.0269 19.0784 1650406236644 1632362.7500 -0.2009
-11.7035 77.5104 -25.1761 16.5532 1650406236673 1632391.7500 -0.2009
-11.8507 77.3065 -25.4722 20.8827 1650406236702 1632420.7500 -0.2009
-12.1974 77.0916 -25.9502 24.1634 1650406236731 1632449.7500 -0.2009
-11.9935 77.2391 -26.6470 21.8739 1650406236760 1632478.7500 -0.2004
-11.7462 77.3733 -27.4504 25.3413 1650406236789 1632507.7500 -0.2004
-11.7308 77.3492 -28.3856 25.2033 1650406236818 1632536.7500 -0.2009
-11.4826 77.6534 -29.2953 26.8383 1650406236847 1632565.5000 -0.2009
-11.6417 77.5591 -30.1645 28.5782 1650406236876 1632594.5000 -0.2004
-11.7208 77.8270 -30.8254 20.0303 1650406236905 1632623.5000 -0.2004
-11.8463 77.5800 -31.7725 23.7936 1650406236934 1632655.0000 -0.2004
-11.8440 77.6917 -32.4183 16.1046 1650406236963 1632681.5000 -0.2004
-11.9388 77.5178 -33.0090 21.4024 1650406236992 1632710.2500 -0.2004
-11.8871 77.6494 -33.6722 22.0176 1650406237021 1632739.2500 -0.2004
-11.9297 77.6565 -34.0672 20.0545 1650406237049 1632768.2500 -0.2004
-11.9322 77.5369 -34.3999 22.1508 1650406237079 1632797.2500 -0.2004
-12.1930 77.5008 -34.4459 26.5571 1650406237107 1632826.2500 -0.2006
-12.2618 77.5584 -34.3796 22.2619 1650406237137 1632855.2500 -0.2009
-12.0427 77.6967 -34.2855 29.4851 1650406237166 1632884.2500 -0.2009
-12.0462 77.6534 -33.9213 24.1898 1650406237195 1632913.2500 -0.2009
-11.9442 77.6567 -33.6063 28.5323 1650406237224 1632942.2500 -0.2011
-12.1108 77.5891 -33.2384 28.2294 1650406237253 1632971.2500 -0.2013
-12.0599 77.3197 -32.7106 23.6350 1650406237282 1633000.2500 -0.2013
-12.2637 77.6505 -31.5383 29.6311 1650406237311 1633029.2500 -0.2013
-12.1865 77.5213 -30.9435 28.9235 1650406237340 1633058.0000 -0.2013
-12.3006 77.5518 -29.8161 34.5972 1650406237368 1633089.5000 -0.2013
-12.2129 77.4233 -28.9710 26.1837 1650406237398 1633117.0000 -0.2013
-12.2521 77.5057 -28.0176 26.6826 1650406237426 1633144.7500 -0.2013
-12.1189 77.4797 -27.4129 20.6803 1650406237455 1633173.7500 -0.2013
-12.2037 77.5500 -26.4858 18.8679 1650406237484 1633202.7500 -0.2009
-12.1099 77.4681 -26.1047 22.7607 1650406237513 1633231.7500 -0.2009
-12.1503 77.5950 -25.4215 26.7696 1650406237542 1633260.7500 -0.2009
-12.0599 77.6547 -25.0181 19.0204 1650406237571 1633289.7500 -0.2009
-12.0464 77.6997 -24.9946 28.3717 1650406237601 1633318.7500 -0.2004
-11.9656 77.4495 -24.9163 12.8921 1650406237629 1633348.5000 -0.2004
-11.9547 77.3813 -25.0269 25.0660 1650406237659 1633376.5000 -0.2004
-11.8923 77.4339 -25.2190 23.9377 1650406237687 1633405.7500 -0.2004
-12.0918 77.3566 -25.6535 20.7867 1650406237716 1633436.0000 -0.2004
-12.2136 76.9862 -26.1473 23.4438 1650406237745 1633463.7500 -0.2004
-11.9012 77.1671 -27.0805 25.3904 1650406237774 1633492.7500 -0.2004
-11.7279 77.3455 -27.7197 28.7892 1650406237803 1633521.7500 -0.2004
-11.5702 77.4176 -28.7017 33.0644 1650406237832 1633550.7500 -0.2004
-11.4897 77.6689 -29.5532 18.7503 1650406237861 1633579.7500 -0.2004
-11.6327 77.4994 -30.4892 18.8404 1650406237890 1633608.7500 -0.2004
-11.5855 77.7130 -31.1942 21.5624 1650406237919 1633637.7500 -0.2004
-11.8194 77.5948 -32.0361 19.6984 1650406237948 1633666.7500 -0.2005
-11.9882 77.7632 -32.4335 15.2133 1650406237978 1633696.7500 -0.2009
-11.9386 77.5023 -33.3157 24.7855 1650406238006 1633724.7500 -0.2009
-11.9013 77.7001 -33.8509 22.8690 1650406238035 1633753.5000 -0.2009
-11.8783 77.6105 -34.1787 17.9663 1650406238064 1633782.5000 -0.2010
-11.9699 77.4981 -34.4708 15.8351 1650406238093 1633811.2500 -0.2013
-12.1273 77.8494 -34.5237 20.6447 1650406238122 1633840.2500 -0.2011
-12.1060 77.6930 -34.4425 27.7991 1650406238151 1633870.0000 -0.2009
-12.0246 77.6517 -34.1947 21.5678 1650406238180 1633898.2500 -0.2009
-12.0815 77.8476 -33.6352 23.0068 1650406238209 1633927.2500 -0.2009
-12.0334 77.7005 -33.5039 18.3042 1650406238238 1633956.2500 -0.2009
-12.0695 77.5328 -33.0939 27.2832 1650406238266 1633985.2500 -0.2009
-12.1639 77.5705 -32.1106 28.3178 1650406238296 1634014.2500 -0.2009
-12.2437 77.5476 -31.4319 21.7476 1650406238325 1634043.2500 -0.2009
-12.2181 77.5671 -30.4531 26.1370 1650406238354 1634072.2500 -0.2009
-12.3234 77.5011 -29.6048 27.5602 1650406238383 1634101.0000 -0.2009
-12.2158 77.5110 -28.7036 33.7753 1650406238412 1634131.0000 -0.2009
-12.2179 77.4597 -27.8215 24.3523 1650406238441 1634159.2500 -0.2004
-12.3131 77.5896 -26.7977 19.3241 1650406238470 1634189.5000 -0.2004
-12.1236 77.6433 -26.3056 26.4444 1650406238499 1634216.7500 -0.1999
-12.1715 77.4696 -25.9778 20.7580 1650406238527 1634246.0000 -0.1999
-12.2345 77.6011 -25.2234 19.6150 1650406238557 1634274.7500 -0.1999
-12.1984 77.6031 -24.7139 24.7030 1650406238585 1634303.7500 -0.1999
-11.9291 77.7029 -24.8846 22.6774 1650406238614 1634332.7500 -0.1999
-12.1067 77.5981 -24.8527 24.3163 1650406238643 1634361.7500 -0.1999
-12.1691 77.4776 -24.8963 23.5840 1650406238673 1634390.7500 -0.1999
-12.0522 77.5344 -25.0763 21.4788 1650406238701 1634419.7500 -0.1999
-11.8311 77.2031 -25.7679 29.3915 1650406238730 1634448.7500 -0.1999
-11.9738 77.0236 -26.5180 23.2425 1650406238759 1634477.7500 -0.1999
-11.8016 77.2374 -27.1283 26.7188 1650406238789 1634506.7500 -0.2001
-11.6640 77.2253 -28.1250 19.8139 1650406238818 1634535.7500 -0.2004
-11.5836 77.3923 -29.0160 24.6146 1650406238846 1634564.7500 -0.2004
-11.4748 77.5753 -29.8281 28.3250 1650406238875 1634593.7500 -0.2004
-11.6136 77.5021 -30.6534 26.0955 1650406238904 1634623.7500 -0.2004
-11.7078 77.4849 -31.3650 31.5907 1650406238933 1634651.2500 -0.2004
-11.8065 77.5979 -32.1361 20.0321 1650406238962 1634680.7500 -0.2004
-11.7107 77.6321 -32.9012 24.2657 1650406238991 1634709.7500 -0.2004
-11.9402 77.5401 -33.4385 27.8269 1650406239020 1634738.7500 -0.2004
-11.9256 77.6897 -33.9500 22.3266 1650406239049 1634767.7500 -0.2004
-11.8467 77.6403 -34.2648 20.3755 1650406239078 1634796.7500 -0.2004
-12.0914 77.4531 -34.4190 27.9517 1650406239107 1634825.7500 -0.2004
-12.2328 77.6363 -34.3519 28.0098 1650406239137 1634854.7500 -0.2004
-12.2649 77.7063 -34.2210 23.3584 1650406239165 1634884.5000 -0.2004
-12.2262 77.8000 -33.9296 21.5484 1650406239194 1634912.2500 -0.2004
-12.0709 77.7843 -33.5497 21.8922 1650406239223 1634941.2500 -0.2004
-12.0924 77.6493 -33.4401 23.6864 1650406239252 1634969.5000 -0.2004
-11.9532 77.6029 -33.0512 22.9709 1650406239281 1634999.2500 -0.1999
-12.2325 77.6728 -31.9093 17.8832 1650406239310 1635028.2500 -0.1999
-12.3295 77.6163 -31.2903 27.6890 1650406239339 1635057.2500 -0.1999
-12.4561 77.6209 -29.9498 32.0651 1650406239368 1635086.2500 -0.1999
-12.3059 77.3592 -29.4481 21.2130 1650406239397 1635115.2500 -0.1999
-12.3647 77.5901 -28.1934 32.9685 1650406239425 1635144.2500 -0.1999
-12.2096 77.3642 -27.7345 21.4773 1650406239455 1635173.2500 -0.1999
-12.2368 77.5433 -26.6849 28.5567 1650406239484 1635202.2500 -0.1999
-12.0243 77.6253 -26.3892 23.9272 1650406239513 1635231.2500 -0.1999
-12.0594 77.5364 -25.7371 21.8951 1650406239542 1635260.2500 -0.1999
-12.2738 77.6246 -24.9979 28.6319 1650406239571 1635289.0000 -0.1996
-12.0290 77.5324 -24.8661 23.9287 1650406239600 1635318.0000 -0.1994
-12.0160 77.5570 -25.0384 24.0544 1650406239629 1635347.0000 -0.1999
-12.2764 77.6879 -24.8556 25.5913 1650406239658 1635375.7500 -0.1999
-11.9748 77.2669 -25.2878 20.9242 1650406239687 1635407.5000 -0.1999
-12.0023 77.4430 -25.2927 24.4626 1650406239716 1635433.5000 -0.1999
-12.0382 77.0763 -25.9596 24.2600 1650406239744 1635462.7500 -0.1999
-11.8972 76.9676 -26.6225 27.9643 1650406239773 1635491.7500 -0.2004
-11.7492 77.2086 -27.4189 23.7932 1650406239802 1635520.7500 -0.2004
-11.8719 77.2182 -28.1664 30.8821 1650406239831 1635549.7500 -0.2004
-11.4977 77.5565 -29.2111 26.0908 1650406239860 1635578.7500 -0.2004
-11.7908 77.6123 -29.9839 21.7729 1650406239890 1635607.7500 -0.2004
-11.7089 77.7403 -30.8709 17.1937 1650406239919 1635638.2500 -0.2004
-11.8857 77.5624 -31.5558 29.7329 1650406239948 1635666.7500 -0.2004
-11.7200 77.6248 -32.4880 17.3505 1650406239977 1635694.7500 -0.2004
-11.9933 77.5776 -32.9888 25.3748 1650406240005 1635723.7500 -0.2004
-11.9607 77.5932 -33.6405 24.2978 1650406240035 1635752.2500 -0.2004
-11.9288 77.7020 -34.1318 21.9240 1650406240063 1635781.7500 -0.2004
-11.9836 77.6322 -34.4563 28.4371 1650406240092 1635810.7500 -0.2004
-12.1677 77.4837 -34.2770 29.0587 1650406240121 1635839.7500 -0.2004
-12.0718 77.5527 -34.4329 19.5414 1650406240150 1635868.7500 -0.2004
-12.2794 77.7160 -34.2497 23.8813 1650406240179 1635897.7500 -0.1999
-12.2976 77.7862 -33.8064 21.3474 1650406240208 1635926.7500 -0.1999
-12.1686 77.8649 -33.4243 26.7196 1650406240237 1635955.7500 -0.1999
-11.9836 77.7000 -33.3010 29.1690 1650406240266 1635984.5000 -0.1999
-12.1017 77.4901 -32.8355 25.0540 1650406240295 1636013.5000 -0.1999
-12.2427 77.5473 -31.7587 25.5172 1650406240324 1636042.2500 -0.1999
-12.0177 77.5170 -31.1735 26.3939 1650406240353 1636071.2500 -0.1999
-12.4817 77.6459 -29.7877 26.8193 1650406240382 1636100.2500 -0.1999
-12.2277 77.6148 -29.0351 26.4331 1650406240411 1636129.2500 -0.1999
-12.2509 77.5271 -28.0147 28.3349 1650406240440 1636158.2500 -0.1999
-12.1783 77.4776 -27.4579 22.4115 1650406240469 1636188.5000 -0.2000
-12.1291 77.4501 -26.5990 25.6599 1650406240498 1636216.2500 -0.2004
-12.1475 77.5741 -26.1805 24.9832 1650406240527 1636245.2500 -0.2004
-12.2254 77.5063 -25.4977 30.3596 1650406240556 1636274.2500 -0.2004
-12.2265 77.5987 -24.9288 33.5669 1650406240584 1636303.2500 -0.2004
-12.0977 77.6481 -24.8404 24.9714 1650406240614 1636332.2500 -0.2004
-12.0050 77.4719 -24.9662 14.5006 1650406240643 1636361.2500 -0.2004
-12.1472 77.3792 -24.9186 18.6470 1650406240672 1636390.0000 -0.2004
-12.0520 77.3831 -25.1559 22.5023 1650406240701 1636420.0000 -0.2004
-12.0426 77.2730 -25.5962 25.7114 1650406240730 1636447.2500 -0.2004
-12.4422 76.9255 -25.9501 25.0954 1650406240759 1636477.0000 -0.2004
-11.9325 76.9944 -26.7915 22.0240 1650406240788 1636507.0000 -0.2004
-11.5898 77.2942 -27.5947 30.2034 1650406240817 1636534.7500 -0.2004
-11.7671 77.2062 -28.4647 28.6908 1650406240846 1636563.7500 -0.2004
-11.5742 77.6195 -29.4439 24.7241 1650406240875 1636592.7500 -0.2004
-11.7372 77.4180 -30.2887 25.1154 1650406240903 1636621.7500 -0.1999
-11.6551 77.6113 -31.0837 24.7438 1650406240932 1636650.7500 -0.1999
-11.9867 77.6821 -31.8802 25.7818 1650406240961 1636681.0000 -0.1999
-11.8595 77.6396 -32.6566 18.6812 1650406240991 1636708.7500 -0.1999
-12.0673 77.5674 -33.1622 37.6865 1650406241019 1636737.7500 -0.1994
-11.8021 77.7436 -33.8224 24.7694 1650406241049 1636766.7500 -0.1994
-11.9645 77.7280 -34.1336 32.0256 1650406241078 1636795.7500 -0.1994
-12.0959 77.5461 -34.3640 34.7670 1650406241107 1636824.7500 -0.1994
-12.1936 77.5310 -34.3662 30.1865 1650406241136 1636853.7500 -0.1989
-12.2378 77.5850 -34.3602 29.2521 1650406241164 1636882.7500 -0.1989
-12.3452 77.8295 -34.0652 21.2209 1650406241194 1636911.7500 -0.1989
-12.2972 77.9778 -33.4398 25.6951 1650406241222 1636941.7500 -0.1989
-12.1636 77.8118 -33.3502 22.2005 1650406241251 1636969.0000 -0.1989
-12.1554 77.7184 -33.0857 25.6002 1650406241280 1636998.7500 -0.1989
-12.3407 77.7780 -32.2049 30.1821 1650406241309 1637027.7500 -0.1994
-12.3183 77.5854 -31.5212 24.5964 1650406241338 1637056.7500 -0.1994
-12.1941 77.5922 -30.7083 28.0517 1650406241367 1637085.5000 -0.1994
-12.3022 77.5282 -29.7119 25.7137 1650406241396 1637114.5000 -0.1994
-12.2255 77.5955 -28.7449 27.8173 1650406241425 1637143.5000 -0.1999
-12.3864 77.3556 -27.8891 28.7374 1650406241454 1637172.2500 -0.1999
-12.0754 77.4937 -27.0792 22.2130 1650406241483 1637202.2500 -0.1999
-12.1068 77.5172 -26.4396 15.8262 1650406241513 1637230.2500 -0.1999
-12.1013 77.4483 -26.0905 22.9517 1650406241541 1637259.2500 -0.1999
-12.0524 77.4573 -25.3734 26.6373 1650406241570 1637287.5000 -0.1999
-11.8827 77.6144 -24.8430 27.5020 1650406241599 1637317.2500 -0.1999
-11.9474 77.4343 -25.0642 24.2743 1650406241628 1637346.2500 -0.1999
-12.0394 77.3558 -24.9601 23.9148 1650406241657 1637375.2500 -0.1999
-12.1673 77.3949 -24.8440 23.1399 1650406241686 1637404.2500 -0.1999
-12.0289 77.4178 -25.1906 27.2670 1650406241715 1637433.2500 -0.1999
-11.9601 77.2254 -25.7503 22.5365 1650406241744 1637462.2500 -0.1999
-12.0913 76.8964 -26.3067 25.9925 1650406241773 1637491.2500 -0.1999
-11.7121 77.0066 -27.4190 23.7748 1650406241801 1637520.0000 -0.1994
-11.8898 77.1138 -27.8679 26.8273 1650406241831 1637549.0000 -0.1994
-11.5576 77.3325 -28.9997 26.4907 1650406241860 1637578.0000 -0.1994
-11.5587 77.4373 -29.6881 24.5048 1650406241889 1637606.5000 -0.1994
-11.7600 77.6872 -30.5332 22.3992 1650406241918 1637635.7500 -0.1989
-11.9646 77.7132 -31.2781 23.5949 1650406241947 1637664.7500 -0.1989
-11.8856 77.6138 -32.1429 19.4650 1650406241976 1637693.7500 -0.1989
-11.8779 77.7904 -32.7777 23.8660 1650406242005 1637722.0000 -0.1989
-12.0649 77.5771 -33.2413 26.6742 1650406242034 1637751.7500 -0.1984
-11.7804 77.6574 -34.1134 23.8930 1650406242062 1637780.7500 -0.1984
-12.0676 77.6393 -34.1578 27.1127 1650406242092 1637809.7500 -0.1987
-12.1207 77.4226 -34.4674 22.8895 1650406242120 1637838.7500 -0.1989
-12.1930 77.6249 -34.4689 30.2450 1650406242149 1637867.7500 -0.1989
-12.2249 77.6336 -34.3956 27.4315 1650406242178 1637896.7500 -0.1989
-12.3119 77.8065 -33.9557 23.5650 1650406242208 1637925.7500 -0.1991
-12.2903 77.9165 -33.3190 22.4246 1650406242236 1637954.0000 -0.1994
-12.2245 77.8054 -33.3867 26.3306 1650406242265 1637983.5000 -0.1994
-12.0972 77.6151 -33.0985 22.9234 1650406242295 1638012.7500 -0.1994
-12.2723 77.7112 -31.8850 24.4316 1650406242324 1638042.7500 -0.1994
-12.1376 77.5210 -31.5433 22.9731 1650406242353 1638070.7500 -0.1994
-12.3372 77.6004 -30.1779 41.6492 1650406242381 1638099.7500 -0.1994
-12.2336 77.4815 -29.5914 30.1460 1650406242410 1638128.7500 -0.1994
-12.3237 77.5517 -28.4127 27.3034 1650406242439 1638157.7500 -0.1994
-12.1662 77.5419 -27.9127 24.2141 1650406242468 1638186.7500 -0.1994
-12.1841 77.3994 -26.8436 29.0511 1650406242497 1638215.5000 -0.1994
-12.0083 77.6086 -26.4110 26.4064 1650406242526 1638244.5000 -0.1994
-12.1169 77.4709 -25.7771 23.0696 1650406242555 1638273.2500 -0.1994
-11.9646 77.6947 -25.2164 20.2681 1650406242584 1638302.2500 -0.1994
-11.9197 77.6153 -24.9170 20.5800 1650406242613 1638331.2500 -0.1994
-11.9545 77.4218 -25.0288 23.5706 1650406242642 1638360.2500 -0.1994
-11.9165 77.5514 -25.1338 19.7064 1650406242672 1638389.2500 -0.1994
-11.9662 77.3041 -25.1187 22.3239 1650406242700 1638418.2500 -0.1989
-11.9667 77.3300 -25.2562 19.5008 1650406242729 1638447.2500 -0.1989
-12.2045 77.0829 -25.8301 22.0050 1650406242758 1638479.0000 -0.1989
-12.0739 76.9266 -26.5517 22.0540 1650406242787 1638506.2500 -0.1989
-11.6158 77.1650 -27.3468 22.6571 1650406242816 1638534.2500 -0.1989
-11.6967 77.2566 -28.2733 26.4166 1650406242845 1638563.2500 -0.1989
-11.4835 77.4040 -29.2909 23.2220 1650406242874 1638592.2500 -0.1987
-11.7926 77.5600 -30.0718 24.4931 1650406242903 1638621.0000 -0.1984
-11.8144 77.7242 -30.8497 17.7522 1650406242932 1638650.0000 -0.1984
-11.8717 77.5371 -31.5734 20.7765 1650406242961 1638679.0000 -0.1984
-11.8386 77.8314 -32.3523 23.0184 1650406242990 1638707.7500 -0.1987
-11.9081 77.6490 -33.0450 20.3471 1650406243019 1638737.7500 -0.1989
-12.0770 77.6582 -33.5665 25.7437 1650406243048 1638765.7500 -0.1989
-11.8849 77.6047 -34.1022 26.2483 1650406243077 1638794.7500 -0.1989
-11.8946 77.5032 -34.4558 22.7354 1650406243106 1638825.0000 -0.1989
-12.2407 77.4207 -34.5220 26.3164 1650406243135 1638852.7500 -0.1989
-12.2863 77.5413 -34.2990 30.4777 1650406243164 1638881.7500 -0.1989
-12.0996 77.6963 -34.2570 20.7032 1650406243193 1638910.7500 -0.1994
-12.2386 77.9141 -33.6725 20.7945 1650406243221 1638939.7500 -0.1994
-12.3379 77.9505 -33.1782 24.9561 1650406243251 1638968.7500 -0.1994
-12.1854 77.6690 -33.2401 28.9426 1650406243279 1638997.7500 -0.1994
-12.1592 77.7861 -32.6638 29.4373 1650406243308 1639026.7500 -0.1994
-12.3980 77.5499 -31.7358 23.1890 1650406243337 1639055.7500 -0.1994
-12.3069 77.5640 -31.2304 28.7722 1650406243367 1639084.7500 -0.1994
-12.3446 77.4994 -29.9099 31.5096 1650406243395 1639113.7500 -0.1994
-12.1694 77.4874 -29.1817 25.4075 1650406243425 1639142.7500 -0.1994
-12.2732 77.4550 -28.2419 19.8133 1650406243454 1639171.7500 -0.1994
-11.9413 77.5304 -27.6858 20.2567 1650406243483 1639200.7500 -0.1989
-12.1491 77.4855 -26.6027 20.3121 1650406243512 1639229.7500 -0.1989
-12.0487 77.4490 -26.3470 19.2064 1650406243540 1639259.5000 -0.1984
-12.0524 77.4996 -25.7211 17.3080 1650406243570 1639287.7500 -0.1984
-11.9094 77.5200 -25.0331 21.2639 1650406243598 1639316.5000 -0.1984
-11.9295 77.6432 -24.8670 26.3935 1650406243627 1639345.5000 -0.1984
-11.9666 77.4377 -25.2010 16.7308 1650406243656 1639374.5000 -0.1984
-12.0118 77.3303 -25.0493 20.2773 1650406243685 1639403.2500 -0.1984
-12.0637 77.5165 -25.1333 17.9974 1650406243714 1639432.2500 -0.1984
-11.9789 77.2963 -25.4977 29.3885 1650406243743 1639461.2500 -0.1984
-12.0688 76.9849 -26.1705 27.1933 1650406243772 1639491.5000 -0.1984
-12.0324 77.0556 -26.8890 20.1073 1650406243802 1639518.5000 -0.1984
-11.6514 77.3550 -27.5668 30.0327 1650406243831 1639548.2500 -0.1984
-11.6530 77.4225 -28.5306 23.2198 1650406243859 1639577.0000 -0.1984
-11.6091 77.7538 -29.3893 23.7278 1650406243888 1639606.0000 -0.1987
-11.8852 77.5489 -30.2457 27.8146 1650406243917 1639635.2500 -0.1989
-11.8201 77.7286 -31.0527 20.1567 1650406243946 1639664.2500 -0.1989
-11.9214 77.5578 -31.8650 19.8099 1650406243975 1639693.2500 -0.1989
-11.7867 77.7210 -32.5985 26.9956 1650406244004 1639722.2500 -0.1991
-12.0094 77.5080 -33.1281 27.8702 1650406244033 1639751.0000 -0.1994
-11.9512 77.6250 -33.7864 22.7655 1650406244062 1639780.0000 -0.1994
-11.8853 77.6830 -34.1764 22.5197 1650406244091 1639809.0000 -0.1994
-11.9827 77.6262 -34.3502 22.1810 1650406244120 1639837.7500 -0.1991
-12.2408 77.4063 -34.3928 26.3481 1650406244149 1639866.7500 -0.1994
-12.2819 77.5559 -34.3247 23.5319 1650406244178 1639895.7500 -0.1994
-12.4865 77.7216 -34.0327 28.5735 1650406244207 1639924.7500 -0.1989
-12.1872 77.9205 -33.6176 29.7631 1650406244236 1639953.7500 -0.1989
-12.2916 77.8184 -33.2306 24.8444 1650406244265 1639982.7500 -0.1989
-12.1307 77.6762 -33.0711 18.8915 1650406244294 1640011.7500 -0.1989
-12.2119 77.6782 -32.4065 27.4198 1650406244323 1640040.2500 -0.1989
-12.1798 77.5935 -31.6415 28.1020 1650406244352 1640069.7500 -0.1989
-12.1924 77.6801 -30.7980 24.1937 1650406244381 1640098.7500 -0.1989
-12.2040 77.5356 -29.9205 24.1861 1650406244410 1640127.7500 -0.1989
-12.2079 77.5308 -28.8598 23.6073 1650406244438 1640156.7500 -0.1984
-12.1538 77.4846 -27.9530 24.5703 1650406244467 1640185.7500 -0.1984
-12.0684 77.5674 -27.2720 20.1464 1650406244496 1640214.7500 -0.1984
-11.9314 77.6635 -26.4936 21.2980 1650406244526 1640243.7500 -0.1984
-11.9660 77.3627 -26.2839 24.2620 1650406244554 1640273.7500 -0.1983
-11.9563 77.5186 -25.5122 25.3302 1650406244584 1640301.2500 -0.1979
-11.8487 77.5990 -25.0135 23.1782 1650406244613 1640330.7500 -0.1979
-12.0221 77.5156 -24.8929 19.3730 1650406244642 1640359.5000 -0.1979
-12.2130 77.5298 -24.8672 23.6785 1650406244671 1640388.7500 -0.1980
-12.0291 77.4578 -25.0171 25.0540 1650406244699 1640417.7500 -0.1984
-12.2624 77.5343 -25.1432 22.9132 1650406244729 1640446.5000 -0.1984
-11.8943 77.3127 -25.6302 23.8736 1650406244757 1640475.5000 -0.1984
-12.3502 76.9825 -26.0391 23.3371 1650406244786 1640504.2500 -0.1984
-11.8966 77.1215 -27.0964 25.8818 1650406244815 1640533.2500 -0.1984
-11.8079 77.4418 -27.8593 25.4967 1650406244844 1640562.2500 -0.1984
-11.6524 77.4769 -28.8089 26.1150 1650406244873 1640591.2500 -0.1989
-11.6200 77.7665 -29.6923 23.0471 1650406244902 1640620.2500 -0.1989
-11.8561 77.6769 -30.4180 22.6808 1650406244931 1640649.2500 -0.1989
-11.8403 77.6384 -31.2598 23.6354 1650406244961 1640678.2500 -0.1989
-11.7879 77.4504 -32.1924 30.3071 1650406244990 1640707.2500 -0.1989
-11.8486 77.7563 -32.8048 18.5758 1650406245018 1640736.2500 -0.1989
-12.2410 77.5112 -33.3887 22.9723 1650406245047 1640765.2500 -0.1989
-11.8884 77.7108 -33.9501 20.0171 1650406245076 1640796.7500 -0.1989
-11.9453 77.6869 -34.2212 25.6024 1650406245105 1640823.0000 -0.1989
-12.1915 77.4239 -34.3914 24.6481 1650406245134 1640852.0000 -0.1989
-12.1049 77.7242 -34.3746 32.4369 1650406245163 1640881.0000 -0.1984
-12.2883 77.4952 -34.3559 26.5883 1650406245192 1640910.0000 -0.1984
-12.4623 77.8450 -33.8361 26.0894 1650406245221 1640938.7500 -0.1984
-12.5235 78.1151 -33.2467 19.8541 1650406245250 1640967.7500 -0.1984
-12.3605 77.8756 -33.2338 19.4722 1650406245279 1640996.7500 -0.1984
-12.2871 77.8500 -32.9689 27.1867 1650406245308 1641027.2500 -0.1984
-12.3518 77.6315 -32.0180 26.8059 1650406245337 1641055.7500 -0.1979
-12.1850 77.5923 -31.5808 24.3691 1650406245366 1641083.7500 -0.1979
-12.1400 77.7041 -30.4634 22.9522 1650406245395 1641114.2500 -0.1979
-12.2607 77.3715 -29.6466 24.5059 1650406245424 1641141.5000 -0.1979
-12.1822 77.6258 -28.6216 30.7005 1650406245453 1641170.7500 -0.1980
-12.1248 77.5045 -27.8057 23.0746 1650406245482 1641199.7500 -0.1984
-11.9662 77.4989 -26.9521 20.7115 1650406245511 1641228.7500 -0.1984
-12.2144 77.5616 -26.3138 29.1958 1650406245540 1641257.7500 -0.1984
-11.9905 77.5206 -25.9055 22.0173 1650406245569 1641286.7500 -0.1984
-11.9228 77.5140 -25.3623 21.7901 1650406245597 1641315.7500 -0.1984
-11.8658 77.6913 -24.8209 21.2062 1650406245627 1641344.7500 -0.1989
-11.8649 77.5543 -25.1171 19.3301 1650406245655 1641373.7500 -0.1989
-11.9610 77.4082 -25.0542 18.8721 1650406245684 1641402.7500 -0.1989
-12.1069 77.5727 -24.9208 21.7543 1650406245713 1641431.7500 -0.1989
-11.9710 77.4828 -25.2608 18.9504 1650406245743 1641460.7500 -0.1989
-12.0900 77.1119 -25.8172 28.3966 1650406245772 1641489.7500 -0.1994
-12.1263 77.1659 -26.4330 23.8133 1650406245801 1641518.7500 -0.1994
-11.5226 77.3758 -27.4331 20.5927 1650406245830 1641548.7500 -0.1994
-11.7948 77.4431 -28.2821 22.5546 1650406245859 1641576.0000 -0.1994
-11.7301 77.5015 -29.0762 20.8678 1650406245888 1641605.5000 -0.1994
-11.8107 77.6415 -29.8605 30.8967 1650406245916 1641634.2500 -0.1993
-11.7622 77.6289 -30.7638 20.4323 1650406245945 1641663.2500 -0.1989
-11.9317 77.5009 -31.5676 20.9235 1650406245974 1641692.2500 -0.1989
-11.8821 77.7557 -32.2659 32.1076 1650406246003 1641721.2500 -0.1989
-11.9225 77.5883 -32.9269 27.3215 1650406246032 1641750.2500 -0.1989
-12.1102 77.5495 -33.4753 22.9005 1650406246061 1641779.2500 -0.1984
-11.9678 77.6984 -34.0801 21.5547 1650406246090 1641809.5000 -0.1984
-12.0777 77.7195 -34.2043 28.6816 1650406246120 1641838.2500 -0.1984
-12.1321 77.4957 -34.3752 23.0526 1650406246149 1641866.2500 -0.1984
-12.1527 77.7125 -34.3601 26.9986 1650406246177 1641896.5000 -0.1979
-12.2622 77.6237 -34.2736 25.9587 1650406246207 1641924.2500 -0.1979
-12.3003 77.9860 -33.6857 20.8514 1650406246235 1641953.2500 -0.1979
-12.2534 77.9237 -33.2656 21.0702 1650406246264 1641982.0000 -0.1979
-12.3090 77.9682 -33.2173 27.5731 1650406246293 1642011.0000 -0.1979
-12.0760 77.6145 -32.7766 26.2918 1650406246322 1642040.0000 -0.1979
-12.2309 77.5796 -31.7357 19.4482 1650406246351 1642068.7500 -0.1979
-12.1165 77.4409 -31.3509 23.7839 1650406246380 1642097.7500 -0.1979
-12.3507 77.5227 -29.9045 23.9100 1650406246409 1642126.7500 -0.1984
-12.1467 77.4322 -29.3356 25.6574 1650406246438 1642155.7500 -0.1984
-12.2368 77.4715 -28.2762 19.5989 1650406246467 1642184.7500 -0.1984
-12.1223 77.4297 -27.8236 26.0795 1650406246496 1642213.7500 -0.1984
-12.0875 77.6641 -26.6660 22.8350 1650406246525 1642242.7500 -0.1984
-11.9911 77.4608 -26.3564 21.2703 1650406246554 1642271.7500 -0.1984
-12.0565 77.6738 -25.6325 21.4640 1650406246583 1642300.7500 -0.1985
-12.0402 77.6559 -25.2265 21.4184 1650406246612 1642332.5000 -0.1989
-11.8553 77.6778 -24.9016 24.2395 1650406246641 1642358.2500 -0.1989
-11.8576 77.4789 -25.0995 20.9115 1650406246670 1642387.7500 -0.1989
-12.0380 77.4105 -24.9556 15.5537 1650406246699 1642416.7500 -0.1989
-12.0083 77.5228 -25.1755 23.1222 1650406246728 1642445.7500 -0.1989
-11.9514 77.3482 -25.3450 21.6289 1650406246756 1642474.7500 -0.1989
-12.1427 77.0576 -25.9597 27.0578 1650406246786 1642503.7500 -0.1989
-12.1156 77.2401 -26.7144 27.0905 1650406246814 1642532.7500 -0.1988
-11.6487 77.5616 -27.4802 22.9659 1650406246844 1642563.0000 -0.1984
-11.8874 77.5408 -28.3452 25.4263 1650406246873 1642591.0000 -0.1984
-11.6907 77.8926 -29.2664 21.4245 1650406246902 1642619.7500 -0.1984
-11.9143 77.5207 -30.0626 20.5459 1650406246931 1642649.7500 -0.1984
-11.9172 77.7333 -30.9743 22.0857 1650406246960 1642679.0000 -0.1979
-11.8965 77.5410 -31.8566 27.3137 1650406246989 1642706.5000 -0.1979
-11.7293 77.5399 -32.6978 27.8385 1650406247018 1642735.2500 -0.1979
-11.9600 77.4443 -33.0030 24.3859 1650406247047 1642764.2500 -0.1979
-11.9765 77.7541 -33.6716 23.9433 1650406247075 1642793.2500 -0.1974
-11.8164 77.5154 -34.2707 20.8859 1650406247105 1642822.2500 -0.1974
-12.0926 77.5610 -34.3140 27.1370 1650406247133 1642851.2500 -0.1979
-12.1720 77.6646 -34.3992 24.6047 1650406247162 1642880.2500 -0.1979
-12.2912 77.5751 -34.3029 23.3897 1650406247191 1642909.2500 -0.1979
-12.3152 77.8035 -34.0569 19.5352 1650406247220 1642938.2500 -0.1979
-12.2048 77.9578 -33.5423 24.2713 1650406247249 1642967.2500 -0.1979
-12.1833 77.8648 -33.2701 23.7888 1650406247278 1642996.2500 -0.1979
-12.2131 77.7845 -33.1105 23.6144 1650406247308 1643025.2500 -0.1979
-12.1840 77.7314 -32.4313 24.3176 1650406247336 1643054.2500 -0.1979
-12.3348 77.4720 -31.6122 28.5463 1650406247366 1643084.5000 -0.1980
-12.0467 77.7015 -31.0257 31.4476 1650406247394 1643111.5000 -0.1984
-12.3438 77.4571 -30.0025 17.4083 1650406247423 1643141.0000 -0.1984
-12.2039 77.4669 -28.9889 28.8501 1650406247452 1643169.7500 -0.1984
-12.2328 77.5734 -28.1926 25.6461 1650406247481 1643198.7500 -0.1984
-12.0088 77.6267 -27.3790 23.3137 1650406247510 1643227.7500 -0.1984
-11.9993 77.4863 -26.5710 21.6591 1650406247539 1643256.7500 -0.1984
-11.9197 77.4321 -26.3568 21.5109 1650406247568 1643285.7500 -0.1979
-11.8996 77.4816 -25.6529 19.5033 1650406247597 1643314.7500 -0.1979
-11.9212 77.5664 -25.1443 25.8384 1650406247626 1643343.2500 -0.1979
-12.0033 77.4847 -25.0314 21.5305 1650406247655 1643372.5000 -0.1979
-11.9392 77.5414 -25.0599 22.7995 1650406247685 1643401.7500 -0.1979
-12.0888 77.5084 -24.9672 18.2134 1650406247713 1643430.7500 -0.1979
-12.4429 77.4916 -25.1492 23.2631 1650406247742 1643459.7500 -0.1979
-12.1281 77.3698 -25.5635 26.5630 1650406247771 1643488.7500 -0.1979
-12.1277 77.1079 -26.0551 25.5694 1650406247800 1643517.7500 -0.1974
-11.8181 77.3734 -26.9085 25.8785 1650406247829 1643546.7500 -0.1974
-11.7466 77.5718 -27.7156 33.4541 1650406247858 1643575.7500 -0.1974
-11.8365 77.4618 -28.6588 32.4153 1650406247887 1643604.7500 -0.1974
-11.7465 77.8348 -29.5292 19.3790 1650406247916 1643633.7500 -0.1974
-11.8046 77.4835 -30.5648 23.1508 1650406247945 1643662.7500 -0.1974
-11.6426 77.6818 -31.2029 22.9331 1650406247973 1643691.7500 -0.1974
-12.0668 77.6048 -31.9779 23.6802 1650406248002 1643720.7500 -0.1974
-11.8826 77.9232 -32.7304 21.7291 1650406248032 1643749.7500 -0.1974
-12.0956 77.4685 -33.3185 26.2662 1650406248061 1643778.5000 -0.1974
-11.9929 77.5758 -33.8415 26.4196 1650406248090 1643807.5000 -0.1977
-11.8699 77.6343 -34.2471 20.7570 1650406248119 1643836.2500 -0.1979
-12.2036 77.5961 -34.3146 24.4286 1650406248148 1643866.5000 -0.1979
-12.1762 77.6634 -34.3852 27.9371 1650406248177 1643893.7500 -0.1979
-12.2474 77.7701 -34.2964 22.2995 1650406248206 1643923.2500 -0.1979
-12.3313 77.8591 -33.9461 22.7159 1650406248234 1643952.2500 -0.1979
-12.3111 78.0612 -33.4061 21.9602 1650406248264 1643981.2500 -0.1979
-12.3038 78.0027 -33.2510 23.6738 1650406248292 1644010.2500 -0.1979
-12.2602 77.7862 -33.0181 23.2630 1650406248321 1644039.2500 -0.1982
-12.2950 77.7392 -32.0728 30.4633 1650406248350 1644068.2500 -0.1984
-12.2922 77.4900 -31.4889 20.7805 1650406248379 1644097.2500 -0.1984
-12.0719 77.6052 -30.6239 27.9855 1650406248408 1644125.5000 -0.1984
-12.1853 77.4869 -29.6624 26.0858 1650406248437 1644155.0000 -0.1984
-12.1283 77.5946 -28.6571 24.6027 1650406248467 1644184.0000 -0.1984
-12.1324 77.5065 -27.8991 24.4611 1650406248496 1644214.0000 -0.1984
-12.0488 77.4868 -27.0765 18.6638 1650406248525 1644242.0000 -0.1979
-12.0549 77.6073 -26.4290 34.1524 1650406248553 1644271.0000 -0.1979
-12.0208 77.5498 -26.0000 24.6208 1650406248582 1644299.7500 -0.1979
-12.0891 77.5675 -25.2855 22.5050 1650406248611 1644328.7500 -0.1979
-11.9166 77.6414 -24.8815 26.9530 1650406248640 1644357.7500 -0.1979
-11.9232 77.7458 -24.9037 20.9545 1650406248669 1644386.7500 -0.1979
-12.0487 77.7006 -25.0378 22.1119 1650406248698 1644415.7500 -0.1974
-12.0870 77.5788 -25.0178 18.9005 1650406248727 1644444.7500 -0.1974
-12.1095 77.5355 -25.1692 20.0343 1650406248756 1644473.7500 -0.1974
-11.9059 77.3332 -25.7898 35.1518 1650406248785 1644502.7500 -0.1974
-12.0475 77.2543 -26.4437 34.1186 1650406248814 1644531.7500 -0.1974
-11.8251 77.4386 -27.2589 26.7052 1650406248844 1644560.7500 -0.1974
-11.6705 77.6442 -28.0723 28.7871 1650406248872 1644589.7500 -0.1974
-11.7474 77.6624 -28.8951 25.6551 1650406248901 1644618.7500 -0.1974
-11.8083 77.6903 -29.7029 24.1836 1650406248930 1644648.5000 -0.1979
-11.8145 77.6610 -30.6276 19.9139 1650406248959 1644676.7500 -0.1979
-12.0000 77.6953 -31.4194 21.3471 1650406248988 1644705.7500 -0.1979
-11.9211 77.7308 -32.1378 23.1176 1650406249017 1644734.7500 -0.1979
-11.7751 77.7548 -32.8453 26.8984 1650406249046 1644763.7500 -0.1979
-12.0330 77.4728 -33.5224 24.7235 1650406249075 1644792.7500 -0.1984
-12.0389 77.6804 -33.9089 28.9302 1650406249104 1644821.7500 -0.1984
-11.9543 77.5919 -34.2304 19.1150 1650406249132 1644850.7500 -0.1984
-12.0973 77.4967 -34.4440 29.2352 1650406249162 1644880.5000 -0.1984
-12.2488 77.6399 -34.3616 28.0132 1650406249191 1644909.7500 -0.1984
-12.3132 77.7015 -34.2014 24.0943 1650406249220 1644937.5000 -0.1984
-12.2816 77.9042 -33.6870 22.3224 1650406249249 1644967.7500 -0.1984
-12.2936 78.1225 -33.2328 19.5520 1650406249278 1644995.0000 -0.1984
-12.3675 77.8316 -33.2845 21.3648 1650406249307 1645024.2500 -0.1984
-12.1824 77.6357 -32.9235 21.6856 1650406249336 1645053.2500 -0.1984
-12.4571 77.5912 -31.7546 21.2136 1650406249365 1645082.2500 -0.1979
-12.0404 77.6552 -31.4373 31.3804 1650406249394 1645111.2500 -0.1979
-12.3741 77.6346 -30.1544 28.7697 1650406249423 1645140.2500 -0.1979
-12.0916 77.3959 -29.5619 33.8474 1650406249451 1645169.2500 -0.1979
-12.2486 77.4822 -28.4401 22.7293 1650406249480 1645198.2500 -0.1979
-12.1255 77.5080 -27.7878 22.0253 1650406249509 1645227.2500 -0.1979
-12.1439 77.5103 -26.7551 21.9020 1650406249538 1645256.2500 -0.1974
-12.1407 77.6039 -26.3412 25.7442 1650406249567 1645285.2500 -0.1974
-11.9551 77.5227 -25.7811 25.7494 1650406249596 1645314.0000 -0.1974
-11.9234 77.5382 -25.3619 22.4876 1650406249626 1645343.0000 -0.1974
-11.8370 77.7318 -24.9758 23.4929 1650406249655 1645372.0000 -0.1974
-11.9805 77.7329 -24.9358 18.7495 1650406249684 1645400.5000 -0.1974
-11.9955 77.5604 -25.0257 17.8898 1650406249712 1645429.2500 -0.1974
-12.1801 77.6833 -25.0700 18.5990 1650406249742 1645458.7500 -0.1974
-12.1257 77.5440 -25.3165 26.5891 1650406249770 1645487.7500 -0.1977
-12.1410 77.1981 -25.9062 28.0533 1650406249799 1645516.7500 -0.1979
-12.0028 77.3072 -26.7396 26.2424 1650406249828 1645545.7500 -0.1979
-11.6385 77.5396 -27.4533 22.7776 1650406249857 1645574.7500 -0.1979
-11.7687 77.4510 -28.3264 31.9304 1650406249886 1645603.7500 -0.1979
-11.7936 77.7262 -29.1342 19.8600 1650406249915 1645632.7500 -0.1979
-11.9347 77.6349 -30.0383 24.3086 1650406249944 1645664.5000 -0.1979
-11.9160 77.8453 -30.7910 22.1620 1650406249973 1645690.5000 -0.1984
-12.1125 77.6283 -31.5374 25.9269 1650406250003 1645719.7500 -0.1984
-11.8219 77.7704 -32.6006 20.9680 1650406250031 1645748.5000 -0.1984
-12.1318 77.5543 -33.0450 24.9073 1650406250060 1645777.7500 -0.1984
-12.0984 77.5564 -33.6744 24.6406 1650406250089 1645806.7500 -0.1984
-11.9064 77.6868 -34.1333 28.7997 1650406250118 1645835.7500 -0.1984
-12.0311 77.6737 -34.3114 28.8152 1650406250147 1645864.7500 -0.1984
-12.1856 77.5970 -34.4257 25.8636 1650406250176 1645893.7500 -0.1984
-12.2779 77.4972 -34.4271 20.8855 1650406250205 1645922.7500 -0.1984
-12.1617 77.6483 -34.3635 24.8761 1650406250234 1645951.7500 -0.1984
-12.2337 77.8392 -33.7476 26.0315 1650406250263 1645980.7500 -0.1979
-12.2994 77.9193 -33.1516 25.7638 1650406250291 1646009.5000 -0.1979
-12.2391 77.8906 -33.1123 29.1787 1650406250321 1646038.5000 -0.1979
-12.3214 77.7085 -32.4883 26.8491 1650406250350 1646067.2500 -0.1979
-12.3624 77.6610 -31.6242 29.8445 1650406250379 1646096.2500 -0.1979
-12.0049 77.6939 -31.1371 28.9535 1650406250408 1646125.2500 -0.1979
-12.2540 77.4351 -29.9769 28.1989 1650406250437 1646154.2500 -0.1974
-12.1042 77.3801 -29.2663 26.1425 1650406250466 1646182.5000 -0.1974
-12.2761 77.5114 -28.1175 24.2358 1650406250495 1646212.0000 -0.1974
-12.0044 77.6675 -27.4626 27.4049 1650406250524 1646241.2500 -0.1974
-12.0932 77.5360 -26.6716 24.1928 1650406250553 1646270.2500 -0.1976
-12.0405 77.4873 -26.3965 22.3997 1650406250582 1646299.2500 -0.1979
-11.8720 77.5853 -25.6529 25.3334 1650406250610 1646328.2500 -0.1979
-12.0272 77.7506 -24.9806 28.5154 1650406250639 1646357.2500 -0.1979
-12.1200 77.6940 -24.8285 17.2405 1650406250668 1646386.2500 -0.1979
-12.1301 77.6631 -24.9250 23.9694 1650406250697 1646416.5000 -0.1979
-12.1788 77.7737 -24.8731 23.1417 1650406250726 1646446.5000 -0.1984
-12.0345 77.6308 -25.2964 17.7740 1650406250756 1646473.0000 -0.1984
-12.1817 77.5094 -25.5679 29.2751 1650406250784 1646502.0000 -0.1984
-12.1939 77.1389 -26.1033 27.4179 1650406250814 1646530.5000 -0.1984
-11.8755 77.3753 -26.9248 28.5171 1650406250843 1646559.7500 -0.1984
-11.8084 77.7165 -27.5951 22.5952 1650406250871 1646588.7500 -0.1984
-11.7186 77.5035 -28.6637 27.0835 1650406250901 1646617.7500 -0.1984
-11.7720 77.9118 -29.2247 24.7869 1650406250929 1646646.7500 -0.1984
-11.7448 77.5542 -30.3008 26.2737 1650406250958 1646675.7500 -0.1984
-11.8823 77.7196 -31.0303 26.3157 1650406250987 1646704.7500 -0.1984
-12.1084 77.7465 -31.8447 21.6961 1650406251016 1646733.7500 -0.1984
-11.8932 77.8075 -32.7101 20.0940 1650406251045 1646762.7500 -0.1984
-12.1574 77.4911 -33.1852 36.8925 1650406251074 1646791.7500 -0.1984
-11.9905 77.6562 -33.9181 23.7834 1650406251103 1646820.7500 -0.1979
-11.9775 77.6134 -34.1428 26.3068 1650406251132 1646849.7500 -0.1979
-12.1471 77.6829 -34.3413 21.4571 1650406251161 1646878.7500 -0.1974
-12.2805 77.5730 -34.4259 26.2901 1650406251190 1646907.7500 -0.1974
-12.2782 77.6384 -34.2895 26.9925 1650406251220 1646936.7500 -0.1974
-12.4043 77.8004 -33.9305 19.5961 1650406251248 1646965.5000 -0.1974
-12.4375 78.2214 -33.2949 19.0898 1650406251277 1646994.7500 -0.1974
-12.2395 77.7541 -33.2870 18.4837 1650406251306 1647023.7500 -0.1974
-12.1489 77.7125 -33.0174 25.7641 1650406251335 1647052.7500 -0.1974
-12.0983 77.7123 -32.2055 26.7884 1650406251364 1647081.7500 -0.1974
-12.1079 77.4866 -31.6113 26.1240 1650406251393 1647110.5000 -0.1974
-12.2319 77.5735 -30.7098 23.1864 1650406251422 1647139.5000 -0.1974
-12.2384 77.4257 -29.8151 29.9443 1650406251450 1647168.5000 -0.1976
-12.1685 77.5209 -28.7624 23.5166 1650406251480 1647198.5000 -0.1979
-12.2890 77.5838 -27.8622 26.0682 1650406251509 1647227.2500 -0.1979
-12.0117 77.6226 -27.1332 19.1076 1650406251538 1647255.2500 -0.1979
-12.0227 77.6411 -26.3938 28.2070 1650406251567 1647287.0000 -0.1979
-11.9564 77.5140 -26.1456 22.7672 1650406251596 1647313.2500 -0.1979
-12.2006 77.5921 -25.4503 19.3508 1650406251625 1647342.2500 -0.1984
-12.1570 77.8671 -24.8509 21.5585 1650406251654 1647371.2500 -0.1984
-11.9852 77.6701 -24.9512 24.9795 1650406251683 1647400.2500 -0.1984
-11.9595 77.4964 -25.0813 19.8535 1650406251712 1647429.2500 -0.1984
-12.2888 77.7443 -24.8624 23.1508 1650406251741 1647458.2500 -0.1984
-12.0442 77.4797 -25.3495 19.5542 1650406251769 1647487.2500 -0.1984
-12.1431 77.3460 -25.6950 34.4018 1650406251799 1647516.2500 -0.1984
-12.1198 77.1850 -26.1688 29.8075 1650406251827 1647545.0000 -0.1984
-11.8355 77.6094 -27.0124 27.2673 1650406251856 1647574.0000 -0.1984
-11.7850 77.6319 -27.9321 23.4336 1650406251885 1647603.0000 -0.1979
-11.8187 77.6441 -28.8318 25.9654 1650406251915 1647631.7500 -0.1979
-11.7438 77.6684 -29.7131 30.2425 1650406251944 1647660.7500 -0.1979
-11.9761 77.7661 -30.4873 17.8077 1650406251973 1647689.7500 -0.1979
-12.0482 77.7440 -31.1866 22.1085 1650406252002 1647718.5000 -0.1979
-11.9829 77.6529 -32.2894 16.0038 1650406252031 1647749.0000 -0.1979
-11.9324 77.5892 -32.7806 30.6432 1650406252060 1647776.7500 -0.1979
-12.1445 77.5831 -33.3939 28.2767 1650406252088 1647805.7500 -0.1979
-12.1884 77.7711 -33.8609 21.4310 1650406252117 1647834.7500 -0.1974
-11.9421 77.6401 -34.3309 23.9342 1650406252146 1647863.7500 -0.1974
-12.3240 77.5789 -34.2941 23.8207 1650406252175 1647892.7500 -0.1979
-12.2869 77.6268 -34.3673 25.9469 1650406252204 1647921.7500 -0.1979
-12.3525 77.5989 -34.3633 22.3618 1650406252233 1647952.2500 -0.1979
-12.3337 77.7945 -33.8534 20.3382 1650406252262 1647979.0000 -0.1979
-12.2973 77.9763 -33.3316 24.7774 1650406252291 1648008.7500 -0.1979
-12.3177 77.8185 -33.3115 27.6103 1650406252320 1648039.0000 -0.1979
-12.3609 77.8065 -32.7572 25.0544 1650406252349 1648066.0000 -0.1980
-12.4071 77.6964 -31.7442 20.2951 1650406252379 1648095.7500 -0.1984
-12.1318 77.5599 -31.3877 33.4256 1650406252407 1648124.7500 -0.1984
-12.2727 77.5766 -30.2657 32.7150 1650406252436 1648153.7500 -0.1984
-12.0344 77.3822 -29.6782 23.0155 1650406252465 1648182.7500 -0.1984
-12.2334 77.5508 -28.4492 26.0489 1650406252494 1648211.7500 -0.1984
-12.1375 77.5211 -27.8690 23.9852 1650406252523 1648240.5000 -0.1984
-12.0860 77.6585 -26.8104 23.8435 1650406252552 1648269.5000 -0.1984
-12.0577 77.5167 -26.4360 22.4469 1650406252581 1648298.2500 -0.1985
-12.0456 77.6660 -25.7969 24.6216 1650406252610 1648327.2500 -0.1989
-12.0296 77.5872 -25.3929 25.1579 1650406252639 1648356.2500 -0.1989
-12.0600 77.6691 -24.9261 20.4822 1650406252667 1648385.2500 -0.1989
-11.9569 77.6501 -25.0240 23.5983 1650406252697 1648414.2500 -0.1988
-12.1472 77.5556 -24.9770 14.6211 1650406252726 1648443.2500 -0.1984
-12.1016 77.6622 -25.0395 18.7965 1650406252755 1648472.2500 -0.1984
-12.1805 77.5614 -25.2746 21.2457 1650406252784 1648500.5000 -0.1984
-12.1665 77.2881 -25.9332 29.7272 1650406252813 1648530.2500 -0.1984
-12.0398 77.2737 -26.5957 26.3686 1650406252842 1648559.2500 -0.1984
-11.7294 77.5103 -27.2450 25.7848 1650406252871 1648588.2500 -0.1984
-11.8223 77.4763 -28.3049 26.6429 1650406252900 1648617.2500 -0.1984
-11.6947 77.7140 -29.1623 22.0102 1650406252928 1648646.0000 -0.1984
-11.8893 77.6766 -29.8555 21.5963 1650406252958 1648675.0000 -0.1982
-11.9165 77.8508 -30.6468 23.6447 1650406252986 1648704.0000 -0.1979
-12.0966 77.6555 -31.4970 26.1906 1650406253015 1648734.5000 -0.1979
-11.8977 77.7697 -32.3203 16.5182 1650406253044 1648761.5000 -0.1979
-12.0138 77.7093 -33.0056 31.6401 1650406253074 1648790.7500 -0.1982
-12.0490 77.5191 -33.7297 20.9233 1650406253102 1648821.2500 -0.1984
-12.0169 77.7233 -34.0942 24.0141 1650406253132 1648848.7500 -0.1984
-12.0657 77.6538 -34.2806 26.5342 1650406253161 1648877.7500 -0.1984
-12.1952 77.4901 -34.4603 21.6629 1650406253190 1648906.7500 -0.1984
-12.2617 77.5703 -34.3783 23.7892 1650406253219 1648935.7500 -0.1984
-12.2533 77.7630 -34.1732 27.0186 1650406253247 1648964.7500 -0.1984
-12.4076 77.7875 -33.7503 30.0341 1650406253277 1648993.7500 -0.1984
-12.3188 77.6979 -33.2332 20.9896 1650406253305 1649022.7500 -0.1987
-12.4088 77.8176 -33.0671 22.5684 1650406253334 1649051.7500 -0.1989
-12.1740 77.6701 -32.7428 24.0108 1650406253363 1649080.7500 -0.1989
-12.3419 77.6053 -31.7011 22.3290 1650406253392 1649109.7500 -0.1989
-12.0972 77.5263 -31.2142 22.8824 1650406253421 1649138.7500 -0.1989
-12.3407 77.5380 -29.9602 19.3921 1650406253450 1649167.7500 -0.1989
-12.1178 77.4692 -29.2522 21.7387 1650406253479 1649196.7500 -0.1989
-12.2150 77.5895 -28.2103 26.0370 1650406253508 1649225.7500 -0.1989
-12.0957 77.5545 -27.5011 25.8252 1650406253537 1649254.7500 -0.1989
-12.1328 77.5881 -26.6123 19.4316 1650406253566 1649285.0000 -0.1989
-12.0649 77.4888 -26.2781 25.8038 1650406253595 1649312.7500 -0.1989
-12.1368 77.6007 -25.5213 23.8292 1650406253624 1649341.5000 -0.1989
-11.9107 77.6697 -25.2061 25.6193 1650406253653 1649370.5000 -0.1989
-11.8722 77.6529 -24.9554 19.8982 1650406253682 1649399.2500 -0.1984
-12.0750 77.5816 -24.9844 16.3783 1650406253711 1649428.2500 -0.1984
-12.0638 77.5579 -25.0111 19.3242 1650406253740 1649457.2500 -0.1984
-12.2545 77.6656 -25.0587 17.0362 1650406253769 1649486.2500 -0.1984
-12.1087 77.5380 -25.4310 25.5001 1650406253798 1649516.2500 -0.1984
-12.2021 77.2188 -25.8923 27.6900 1650406253826 1649544.0000 -0.1984
-12.0627 77.3202 -26.8750 20.4736 1650406253857 1649573.2500 -0.1982
-11.7885 77.6245 -27.5934 28.0008 1650406253885 1649601.7500 -0.1979
-11.8734 77.5926 -28.5073 23.2939 1650406253914 1649631.2500 -0.1979
-11.6609 77.8212 -29.2952 24.9546 1650406253943 1649660.2500 -0.1979
-11.8132 77.5748 -30.4002 21.9089 1650406253972 1649689.2500 -0.1982
-11.8471 77.9242 -31.0054 21.9089 1650406253994 1649711.0000 -0.1984
