-13.9008 75.7461 -35.5347 29.5209 1650406224474 1620193.5000 -0.2009
-14.0315 75.8857 -35.5786 30.0541 1650406224503 1620222.7500 -0.2009
-13.9545 75.8628 -35.5636 27.6276 1650406224532 1620252.2500 -0.2009
-14.1410 75.8746 -35.6109 21.8590 1650406224561 1620280.7500 -0.2009
-13.8317 75.9561 -35.7235 34.8788 1650406224590 1620309.7500 -0.2009
-13.9899 75.9028 -35.6399 26.0487 1650406224619 1620338.0000 -0.2009
-14.0383 76.0150 -35.7089 31.2852 1650406224648 1620367.7500 -0.2009
-14.0694 76.0811 -35.8366 25.9072 1650406224677 1620396.5000 -0.2009
-14.1350 75.9391 -35.7097 30.0840 1650406224706 1620425.5000 -0.2009
-14.1124 75.9174 -35.7113 25.7008 1650406224735 1620454.2500 -0.2009
-14.0261 75.9838 -35.7272 27.4229 1650406224764 1620483.2500 -0.2009
-13.9958 75.8828 -35.6671 25.9179 1650406224793 1620512.2500 -0.2009
-14.0600 75.8355 -35.6767 28.5308 1650406224822 1620541.2500 -0.2009
-13.8746 75.9676 -35.7958 36.9281 1650406224851 1620570.2500 -0.2009
-13.6806 76.1025 -35.9181 30.6601 1650406224880 1620599.2500 -0.2004
-13.9597 75.9166 -35.7863 34.7788 1650406224909 1620628.2500 -0.2004
-13.9882 75.7984 -35.7043 37.3095 1650406224938 1620657.2500 -0.2004
-13.8939 75.6772 -35.5639 38.9435 1650406224967 1620686.2500 -0.2004
-13.7647 75.9887 -35.8036 30.0600 1650406224996 1620715.2500 -0.1999
-13.8445 75.9199 -35.7898 34.0228 1650406225024 1620745.7500 -0.1999
-13.7268 75.9731 -35.8132 30.1388 1650406225054 1620773.5000 -0.2004
-13.6679 76.1909 -36.0858 37.6997 1650406225083 1620802.0000 -0.2004
-13.8527 75.8173 -35.5608 33.8945 1650406225112 1620831.0000 -0.2004
-13.9208 75.8341 -35.6281 27.4944 1650406225140 1620860.0000 -0.2004
-13.9661 75.9635 -35.7030 30.6983 1650406225170 1620888.7500 -0.2004
-13.8098 76.0108 -35.7870 33.4054 1650406225199 1620917.7500 -0.2004
-13.8992 75.6971 -35.4445 29.9076 1650406225228 1620946.7500 -0.2004
-13.8218 75.9984 -35.7101 26.7446 1650406225257 1620975.7500 -0.2004
-13.9016 75.7445 -35.4629 31.8859 1650406225285 1621006.2500 -0.2004
-13.9668 75.6809 -35.4584 32.8810 1650406225315 1621033.5000 -0.2004
-13.6731 75.9633 -35.7535 32.2188 1650406225343 1621062.7500 -0.2009
-13.8593 75.8125 -35.6023 27.4672 1650406225372 1621092.7500 -0.2009
-13.9097 75.7592 -35.4656 28.2333 1650406225401 1621122.0000 -0.2009
-13.8443 75.7844 -35.5279 31.3762 1650406225430 1621149.7500 -0.2009
-13.8984 75.8617 -35.5660 28.7342 1650406225459 1621178.7500 -0.2009
-13.8243 75.8413 -35.6293 33.3617 1650406225488 1621207.7500 -0.2009
-13.8004 75.9221 -35.6965 27.8959 1650406225517 1621236.7500 -0.2009
-13.8863 75.8299 -35.5226 34.8859 1650406225547 1621265.7500 -0.2009
-13.5951 76.0632 -35.8266 27.9143 1650406225576 1621294.7500 -0.2009
-13.9589 75.7283 -35.5208 38.0932 1650406225604 1621323.7500 -0.2009
-14.0047 75.8586 -35.5869 27.7102 1650406225634 1621352.7500 -0.2009
-13.8361 75.9809 -35.7640 29.8916 1650406225662 1621381.7500 -0.2009
-13.8923 75.9886 -35.7083 37.0910 1650406225691 1621410.7500 -0.2009
-13.8271 75.9771 -35.8345 40.8164 1650406225720 1621439.7500 -0.2004
-13.8044 75.8629 -35.7106 36.3694 1650406225749 1621468.7500 -0.2004
-13.0958 76.8312 -36.6256 32.5171 1650406225778 1621497.5000 -0.2004
-12.9730 76.6091 -36.4590 39.7640 1650406225807 1621526.2500 -0.2004
-13.5786 76.0193 -35.8744 35.9519 1650406225836 1621557.0000 -0.2004
-13.7440 75.7667 -35.6367 33.4198 1650406225865 1621584.2500 -0.2004
-13.7573 75.7988 -35.5748 32.6170 1650406225894 1621613.2500 -0.2004
-13.6851 75.9929 -35.7952 33.5521 1650406225923 1621642.2500 -0.2004
-13.8428 75.8632 -35.6623 34.7309 1650406225952 1621671.2500 -0.2004
-13.1687 76.4111 -36.2265 37.6953 1650406225981 1621700.2500 -0.2004
-13.8175 75.7694 -35.5497 31.2578 1650406226010 1621729.2500 -0.2004
-13.7171 75.8212 -35.5807 29.4985 1650406226039 1621758.2500 -0.2004
-13.6281 76.0129 -35.7850 32.3197 1650406226068 1621788.0000 -0.2004
-13.8060 75.7678 -35.6425 25.4277 1650406226097 1621816.0000 -0.2004
-13.8343 75.8711 -35.6588 24.6430 1650406226126 1621845.2500 -0.2009
-13.9351 75.7399 -35.4882 28.2135 1650406226155 1621873.7500 -0.2009
-13.8962 75.6720 -35.4450 36.9469 1650406226183 1621903.2500 -0.2009
-13.8402 75.7712 -35.5053 37.3161 1650406226213 1621932.0000 -0.2009
-13.8280 75.7275 -35.5545 27.1311 1650406226241 1621961.0000 -0.1999
-13.8476 75.6369 -35.3556 29.5311 1650406226271 1621990.0000 -0.2009
-14.0942 75.7169 -35.4893 33.6206 1650406226299 1622018.7500 -0.2009
-13.7531 75.7394 -35.1424 33.9717 1650406226329 1622047.7500 -0.2009
-12.0317 76.7168 -35.3702 46.7116 1650406226358 1622076.7500 -0.2009
-13.9464 75.3451 -32.9790 33.3768 1650406226387 1622105.7500 -0.2009
-12.2582 77.1037 -33.8359 34.6660 1650406226416 1622134.7500 -0.2009
-13.9169 75.1967 -31.4687 37.7267 1650406226445 1622163.7500 -0.2009
-13.8609 75.4721 -31.0175 31.1573 1650406226474 1622192.7500 -0.2009
-14.1657 75.1866 -30.3452 21.1920 1650406226502 1622221.7500 -0.2009
-14.2172 74.9805 -30.1478 24.1377 1650406226531 1622250.7500 -0.2007
-14.5573 74.9382 -30.2614 25.5332 1650406226560 1622279.7500 -0.2004
-14.8400 74.8953 -30.2507 18.1409 1650406226589 1622308.0000 -0.2004
-14.8723 75.2644 -30.6709 19.6980 1650406226618 1622337.5000 -0.2004
-13.9951 75.9745 -31.4566 19.9175 1650406226647 1622366.7500 -0.2004
-13.6034 76.1559 -32.1038 21.9753 1650406226676 1622395.7500 -0.1999
-14.2379 75.0897 -31.8474 18.9356 1650406226705 1622424.7500 -0.1999
-13.3526 75.4894 -33.4478 23.5047 1650406226735 1622453.7500 -0.1999
-11.7905 76.7669 -35.5249 25.8392 1650406226763 1622482.7500 -0.1999
-13.2992 75.5850 -35.5690 20.9116 1650406226793 1622511.7500 -0.1999
-12.0046 76.7157 -37.5691 30.3977 1650406226821 1622540.2500 -0.1999
-11.9730 76.6860 -38.7292 19.4322 1650406226850 1622571.0000 -0.2004
-12.0158 77.1020 -39.6178 23.8350 1650406226879 1622598.5000 -0.2004
-11.8982 77.0974 -40.5782 27.2071 1650406226908 1622628.5000 -0.2004
-12.3112 76.6819 -40.8116 25.2550 1650406226937 1622656.2500 -0.2004
-13.3296 75.5959 -40.2195 21.9118 1650406226966 1622685.2500 -0.2004
-12.0577 76.9178 -42.0638 19.4922 1650406226995 1622714.2500 -0.2004
-12.2439 76.9595 -42.4885 13.9988 1650406227024 1622743.2500 -0.2004
-13.6450 75.6496 -40.8681 13.9925 1650406227053 1622772.2500 -0.2004
-13.6969 75.6427 -40.9677 24.5706 1650406227082 1622801.2500 -0.2005
-13.1947 76.3918 -41.2869 17.3118 1650406227112 1622830.2500 -0.2009
-13.2458 76.1369 -40.6653 14.1053 1650406227140 1622859.2500 -0.2009
-12.5029 76.5557 -40.6332 17.1967 1650406227169 1622888.2500 -0.2009
-13.6349 75.4176 -38.9560 17.8210 1650406227198 1622917.2500 -0.2009
-13.6602 76.1429 -38.8235 17.7869 1650406227227 1622946.2500 -0.2009
-12.6852 76.6501 -38.5216 23.2943 1650406227256 1622975.2500 -0.2009
-14.4056 75.1872 -36.1444 23.9327 1650406227285 1623004.2500 -0.2009
-12.8245 76.2921 -36.4381 24.9394 1650406227314 1623033.0000 -0.2009
-14.2915 75.1231 -34.2642 24.2953 1650406227342 1623061.7500 -0.2009
-13.4401 76.1942 -34.5534 28.7635 1650406227372 1623092.0000 -0.2009
-14.2872 75.2209 -32.6170 17.0537 1650406227400 1623119.7500 -0.2009
-13.2108 76.2745 -33.0736 32.9145 1650406227430 1623148.7500 -0.2009
-14.3796 74.7773 -31.0966 20.4178 1650406227459 1623177.7500 -0.2004
-14.0632 74.7737 -30.3246 23.7333 1650406227488 1623206.7500 -0.2004
-14.4475 75.1490 -30.4258 15.9424 1650406227517 1623235.7500 -0.2004
-14.6872 74.8175 -30.0490 21.1421 1650406227546 1623264.7500 -0.2004
-14.5731 74.6881 -29.8082 15.8127 1650406227575 1623293.7500 -0.2004
-14.6263 74.5905 -29.8597 15.7501 1650406227604 1623322.2500 -0.2004
-14.3137 75.1482 -30.3497 17.3167 1650406227633 1623351.5000 -0.2004
-14.1052 75.7966 -31.2730 18.8788 1650406227661 1623380.7500 -0.2004
-13.5740 76.0971 -32.3010 19.7943 1650406227691 1623409.5000 -0.2004
-14.5455 75.0415 -32.0689 18.2141 1650406227719 1623438.7500 -0.2004
-13.7891 75.4506 -33.4979 24.1863 1650406227748 1623467.7500 -0.2004
-13.5200 75.7993 -34.9315 15.7730 1650406227777 1623496.7500 -0.2004
-12.3762 76.6773 -36.8255 22.2724 1650406227807 1623525.7500 -0.2004
-11.8401 77.3479 -38.4367 24.1135 1650406227835 1623554.7500 -0.2004
-12.5198 76.6604 -38.6500 19.5571 1650406227864 1623583.7500 -0.2004
-12.4605 76.7049 -39.4592 17.6900 1650406227894 1623612.7500 -0.2009
-12.4136 76.4193 -40.0309 22.9421 1650406227923 1623641.7500 -0.2009
-12.1608 76.7212 -40.9723 18.7522 1650406227952 1623670.7500 -0.2009
-12.5882 76.2666 -41.1381 16.8993 1650406227980 1623699.7500 -0.2009
-12.5931 76.2271 -41.5088 18.6286 1650406228009 1623728.5000 -0.2009
-12.2713 76.6360 -42.1419 15.8724 1650406228038 1623757.5000 -0.2009
-13.4792 75.7532 -41.1864 18.1572 1650406228067 1623786.2500 -0.2004
-13.6245 75.5508 -40.8476 17.9024 1650406228096 1623815.2500 -0.2004
-13.1862 76.1241 -41.0332 22.9218 1650406228125 1623845.0000 -0.2009
-12.5834 76.8377 -41.0156 15.5703 1650406228154 1623873.0000 -0.2009
-13.2347 75.9386 -39.7832 19.4088 1650406228183 1623902.2500 -0.2004
-13.4838 75.5585 -38.8658 17.6050 1650406228212 1623931.2500 -0.2004
-12.8623 76.6145 -39.0576 19.1576 1650406228241 1623960.2500 -0.2004
-14.0368 75.5265 -37.1671 20.8446 1650406228271 1623989.2500 -0.2004
-13.7059 75.5728 -36.2264 24.6910 1650406228299 1624018.2500 -0.1999
-13.1620 75.8566 -35.7158 18.8719 1650406228328 1624047.2500 -0.1999
-14.0781 75.2217 -34.0555 22.3356 1650406228357 1624077.7500 -0.1994
-13.8631 75.2794 -33.4472 19.8743 1650406228386 1624104.2500 -0.1994
-13.7382 75.3770 -32.5442 18.5032 1650406228415 1624134.0000 -0.1994
-14.2694 75.2381 -31.8727 20.2788 1650406228444 1624164.5000 -0.1994
-14.2953 74.9397 -30.9774 18.5325 1650406228473 1624191.7500 -0.1996
-13.9672 75.2208 -30.7352 21.2174 1650406228502 1624221.0000 -0.1999
-14.1155 74.6899 -29.8852 18.0555 1650406228531 1624249.7500 -0.1999
-14.6925 74.5968 -29.9639 18.7622 1650406228559 1624278.7500 -0.1999
-14.5784 74.6615 -29.9344 17.9360 1650406228589 1624307.7500 -0.2001
-14.3538 74.7975 -29.7808 16.4598 1650406228618 1624336.7500 -0.2004
-13.9636 75.0526 -30.5657 23.9836 1650406228647 1624365.7500 -0.2004
-13.4355 76.2391 -31.9882 19.0116 1650406228676 1624394.7500 -0.2004
-13.8752 75.6746 -32.0120 23.5024 1650406228705 1624423.7500 -0.2006
-14.4371 74.9499 -32.3158 15.7303 1650406228734 1624452.7500 -0.2009
-13.5938 75.9020 -34.1089 24.2221 1650406228763 1624481.7500 -0.2009
-13.9932 75.3118 -34.7496 22.6465 1650406228792 1624510.7500 -0.2009
-12.4036 76.8273 -37.1014 23.1933 1650406228820 1624539.7500 -0.2009
-11.7328 77.2663 -38.7291 20.2517 1650406228850 1624568.7500 -0.2009
-12.3767 76.9472 -39.0670 21.1479 1650406228878 1624597.7500 -0.2009
-12.1525 76.7888 -40.1311 18.2861 1650406228907 1624626.2500 -0.2009
-12.5432 76.4297 -40.2059 20.5894 1650406228936 1624655.7500 -0.2004
-12.5906 76.2723 -40.6896 19.0539 1650406228966 1624684.7500 -0.2009
-13.6166 75.3632 -40.4987 17.1944 1650406228994 1624713.7500 -0.2009
-12.0535 76.7979 -42.1538 19.6650 1650406229023 1624742.7500 -0.2009
-13.1631 75.9279 -41.3186 17.0539 1650406229052 1624771.7500 -0.2009
-13.3858 75.6343 -40.8497 15.6743 1650406229082 1624800.7500 -0.2004
-13.4456 75.6298 -40.8885 21.2292 1650406229111 1624829.5000 -0.2004
-13.0684 76.1512 -40.8316 14.6004 1650406229139 1624858.2500 -0.2004
-12.2629 76.8874 -41.1181 18.2393 1650406229169 1624887.0000 -0.2004
-12.2896 76.8281 -40.4761 18.7175 1650406229197 1624916.2500 -0.1999
-13.0374 76.0172 -39.1078 22.9137 1650406229226 1624946.2500 -0.1999
-12.1371 76.7881 -38.9579 22.7773 1650406229255 1624974.2500 -0.2004
-14.1974 75.3534 -36.5540 19.2222 1650406229284 1625003.2500 -0.2004
-12.6423 75.8678 -36.2812 22.0178 1650406229313 1625032.2500 -0.2004
-14.3138 75.0193 -34.4758 22.5928 1650406229342 1625061.2500 -0.2004
-12.6374 75.8768 -34.3879 22.2530 1650406229371 1625090.2500 -0.2004
-14.0329 74.9724 -32.7434 24.3948 1650406229400 1625119.2500 -0.2004
-14.0734 75.2910 -32.2969 18.6934 1650406229430 1625148.2500 -0.2004
-14.0276 74.8945 -31.3835 21.6621 1650406229458 1625177.2500 -0.2004
-14.3920 74.9951 -31.0047 20.8407 1650406229487 1625206.2500 -0.2006
-14.1777 74.8155 -30.0818 17.2433 1650406229516 1625235.2500 -0.2013
-14.4662 74.7171 -30.0062 14.8848 1650406229545 1625264.0000 -0.2009
-14.3745 74.4273 -29.7459 16.1982 1650406229574 1625293.0000 -0.2009
-14.2553 74.3330 -29.5669 15.1306 1650406229603 1625322.0000 -0.2009
-13.6771 75.6013 -30.7846 17.0070 1650406229632 1625350.7500 -0.2009
-13.6433 76.1914 -31.5467 18.6375 1650406229661 1625381.0000 -0.2009
-13.1257 76.5027 -32.4009 19.4939 1650406229690 1625408.2500 -0.2009
-14.2248 75.0506 -31.8179 16.3542 1650406229718 1625437.7500 -0.2009
-13.9671 75.2210 -32.9387 16.4381 1650406229748 1625466.7500 -0.2009
-12.2088 77.0354 -35.7031 19.4459 1650406229777 1625495.7500 -0.2009
-13.2871 75.2555 -35.0888 22.8759 1650406229806 1625524.7500 -0.2009
-12.1051 76.9048 -37.4862 24.9395 1650406229835 1625553.7500 -0.2009
-12.5665 76.4379 -38.2270 27.7883 1650406229864 1625582.7500 -0.2009
-11.9378 77.2322 -39.6388 23.5121 1650406229893 1625611.7500 -0.2009
-12.7354 75.9650 -39.4711 22.6428 1650406229922 1625640.0000 -0.2004
-12.1921 76.7776 -40.7337 16.8033 1650406229951 1625669.7500 -0.2004
-12.4849 76.5368 -41.1329 23.1959 1650406229980 1625698.7500 -0.2004
-13.3678 75.5139 -40.5052 26.3165 1650406230009 1625729.0000 -0.2004
-11.9706 76.6562 -42.0033 17.8140 1650406230037 1625756.7500 -0.1999
-13.0956 75.9143 -41.2775 14.5486 1650406230066 1625785.7500 -0.1999
-13.2833 75.5462 -40.8627 20.0884 1650406230095 1625814.7500 -0.1999
-13.4528 75.9493 -40.8461 18.9631 1650406230125 1625843.7500 -0.1999
-13.0843 76.1943 -40.6703 18.5883 1650406230153 1625872.7500 -0.1999
-12.2826 76.7863 -40.8237 18.2563 1650406230183 1625901.7500 -0.1999
-13.4562 75.6623 -39.0802 17.3550 1650406230212 1625930.7500 -0.1999
-12.5803 76.4166 -39.2051 19.3842 1650406230241 1625959.5000 -0.1999
-12.2756 76.6339 -38.6566 22.5400 1650406230270 1625988.5000 -0.2000
-13.8287 75.6270 -36.5566 18.2925 1650406230298 1626017.2500 -0.2004
-12.6895 76.3452 -36.4616 19.4522 1650406230328 1626046.2500 -0.2009
-13.7704 74.9235 -33.9747 18.9764 1650406230356 1626075.2500 -0.2009
-12.7950 75.8456 -34.3001 22.2993 1650406230385 1626104.2500 -0.2009
-13.5085 75.8175 -33.2941 19.5977 1650406230414 1626134.7500 -0.2009
-13.0567 75.9676 -32.8872 19.7332 1650406230443 1626161.5000 -0.2009
-10.7676 78.3278 -34.6520 18.1716 1650406230472 1626191.2500 -0.2009
-14.2049 74.8224 -30.7037 15.0251 1650406230501 1626220.2500 -0.2010
-13.7998 75.7427 -31.1290 19.7178 1650406230530 1626249.2500 -0.2013
-10.9631 78.5893 -33.8998 17.6615 1650406230559 1626278.2500 -0.2013
-14.6167 74.7682 -30.0196 14.0707 1650406230589 1626307.2500 -0.2013
-14.5581 74.7568 -29.9298 16.5211 1650406230617 1626336.2500 -0.2013
-14.5293 74.9086 -30.2188 13.7057 1650406230646 1626365.0000 -0.2013
-12.5368 77.0000 -32.6141 19.4766 1650406230675 1626393.5000 -0.2013
-13.4203 76.0836 -32.1101 21.3650 1650406230704 1626423.7500 -0.2013
-11.0220 78.1298 -35.1170 19.9072 1650406230733 1626452.0000 -0.2013
-13.6213 75.5603 -33.5863 18.2911 1650406230762 1626482.2500 -0.2009
-12.1976 76.9780 -36.0231 21.5802 1650406230791 1626509.7500 -0.2009
-12.5721 76.2552 -36.3339 21.3744 1650406230820 1626538.7500 -0.2009
-12.4297 76.3391 -37.2888 19.3118 1650406230849 1626567.7500 -0.2009
-13.0200 76.0098 -37.8871 21.1719 1650406230877 1626596.7500 -0.2004
-11.9627 76.5547 -39.3914 21.1982 1650406230907 1626625.7500 -0.2004
-12.6220 76.0785 -39.8072 24.6592 1650406230936 1626654.7500 -0.2004
-11.8283 76.9276 -40.9704 25.8698 1650406230965 1626683.7500 -0.2004
-12.1781 76.4620 -41.2537 19.9084 1650406230994 1626712.7500 -0.2004
-12.5717 76.1480 -41.3511 19.2635 1650406231023 1626741.7500 -0.2004
-12.3777 76.5513 -42.0048 19.0410 1650406231052 1626770.7500 -0.2004
-13.2175 75.6114 -41.0200 18.0643 1650406231081 1626799.7500 -0.2004
-13.2524 75.7471 -41.0495 16.0914 1650406231110 1626828.7500 -0.2004
-13.1595 76.0169 -41.0520 17.2346 1650406231139 1626857.7500 -0.2004
-12.5324 76.4878 -40.8351 17.5426 1650406231168 1626886.7500 -0.2005
-12.3229 76.8739 -40.6432 20.3019 1650406231196 1626915.2500 -0.2009
-12.7297 76.2294 -39.5115 23.7377 1650406231226 1626944.5000 -0.2009
-12.1895 76.5241 -39.0469 27.2652 1650406231254 1626973.7500 -0.2009
-12.2492 76.7105 -38.3726 21.5465 1650406231284 1627002.7500 -0.2010
-13.2771 75.7044 -36.4867 20.0064 1650406231312 1627031.7500 -0.2013
-12.7858 76.2782 -36.1625 24.1793 1650406231342 1627060.5000 -0.2013
-13.6828 75.0649 -33.9553 19.7384 1650406231370 1627089.0000 -0.2013
-13.4721 75.8005 -33.9619 21.3176 1650406231400 1627118.5000 -0.2013
-14.2097 75.2695 -32.5494 17.8785 1650406231429 1627147.2500 -0.2013
-13.2465 75.8590 -32.7037 23.9736 1650406231458 1627180.2500 -0.2013
-13.9458 74.7614 -30.8326 26.6602 1650406231487 1627205.0000 -0.2013
-14.0406 75.0222 -30.6147 16.8049 1650406231515 1627234.2500 -0.2013
-13.2936 76.4600 -31.6893 22.7408 1650406231544 1627264.2500 -0.2013
-14.8944 74.6518 -29.9899 14.3812 1650406231573 1627292.2500 -0.2013
-14.8266 74.6604 -29.9291 19.5742 1650406231602 1627321.2500 -0.2009
-14.4603 75.1305 -30.1208 14.2850 1650406231631 1627350.2500 -0.2009
-14.1989 75.1137 -30.4726 17.2219 1650406231660 1627379.2500 -0.2009
-13.2178 76.3729 -31.9851 17.5947 1650406231689 1627408.2500 -0.2009
-13.6780 75.6393 -31.9761 18.0072 1650406231718 1627437.2500 -0.2004
-10.8218 78.1506 -35.6253 20.1543 1650406231748 1627466.2500 -0.2004
-12.4376 76.6423 -34.9327 27.7613 1650406231776 1627495.0000 -0.2009
-13.7179 75.0931 -34.4963 20.1958 1650406231806 1627524.0000 -0.2009
-12.2119 76.5128 -36.8480 20.7707 1650406231834 1627553.0000 -0.2004
-11.9768 76.6248 -38.1563 21.6982 1650406231863 1627581.7500 -0.2004
-12.2247 76.6706 -38.6675 19.2590 1650406231892 1627610.7500 -0.2004
-11.7495 76.8585 -39.9406 21.0928 1650406231921 1627639.7500 -0.2004
-12.5692 76.3926 -39.9819 20.6591 1650406231950 1627668.7500 -0.2004
-12.1474 76.4683 -40.6578 19.5980 1650406231979 1627699.0000 -0.2004
-13.0063 75.6151 -40.4789 17.3233 1650406232008 1627726.5000 -0.2006
-12.9171 76.0864 -41.4085 18.7785 1650406232037 1627755.7500 -0.2009
-12.2464 76.8066 -42.1294 18.9385 1650406232066 1627784.7500 -0.2009
-13.2819 75.7454 -40.9715 19.2476 1650406232095 1627813.7500 -0.2009
-13.2711 75.5033 -40.8003 12.8698 1650406232124 1627842.7500 -0.2011
-13.1612 75.9673 -40.6448 16.2326 1650406232153 1627871.7500 -0.2013
-12.5740 76.7014 -40.7186 19.7620 1650406232182 1627900.7500 -0.2013
-13.7854 75.3176 -39.0077 19.1508 1650406232211 1627929.2500 -0.2013
-12.7103 76.1584 -39.3658 16.4164 1650406232240 1627958.2500 -0.2013
-12.3232 76.5726 -38.8041 23.9068 1650406232269 1627987.7500 -0.2013
-13.8636 75.4047 -36.6806 19.0921 1650406232298 1628016.2500 -0.2013
-12.9231 75.8278 -36.2499 19.7112 1650406232327 1628045.2500 -0.2013
-14.1659 75.0393 -34.5767 18.7333 1650406232355 1628074.7500 -0.2013
-13.0513 75.1835 -33.8049 23.0532 1650406232385 1628103.7500 -0.2009
-14.1261 74.7831 -32.7130 26.2344 1650406232413 1628132.7500 -0.2009
-13.8396 75.2128 -32.3598 19.5247 1650406232442 1628161.7500 -0.2009
-13.9675 74.8903 -31.3893 20.2191 1650406232471 1628190.5000 -0.2009
-14.4457 74.9794 -30.9311 21.9258 1650406232501 1628219.5000 -0.2009
-14.0113 75.0358 -30.6198 16.7041 1650406232530 1628248.2500 -0.2009
-14.2729 75.1405 -30.4797 16.8251 1650406232559 1628277.2500 -0.2006
-14.5489 74.8881 -30.1284 16.3288 1650406232588 1628306.2500 -0.2004
-14.1860 74.8981 -30.0849 18.1511 1650406232617 1628335.2500 -0.2004
-14.0149 75.5566 -30.6375 17.9303 1650406232646 1628364.2500 -0.2004
-13.9940 75.4370 -30.6917 22.3388 1650406232674 1628393.2500 -0.2004
-13.1801 76.4470 -32.1937 19.3219 1650406232703 1628422.2500 -0.2004
-13.6426 75.4789 -32.1200 18.1337 1650406232732 1628452.5000 -0.2004
-13.6991 75.1786 -32.8855 18.5658 1650406232761 1628480.0000 -0.2004
-12.4738 76.3429 -34.9525 21.9207 1650406232790 1628509.2500 -0.2004
-13.3662 75.0559 -34.9154 24.1729 1650406232819 1628538.2500 -0.2004
-12.1502 76.6297 -37.1405 23.9522 1650406232848 1628567.2500 -0.2009
-12.4928 75.9925 -37.6299 23.4284 1650406232877 1628596.0000 -0.2009
-12.6764 76.1185 -38.4701 20.5674 1650406232906 1628625.0000 -0.2009
-11.9813 76.6736 -39.9926 25.9913 1650406232935 1628654.0000 -0.2009
-12.1162 76.5768 -40.4175 22.8169 1650406232965 1628683.0000 -0.2009
-12.5865 76.3617 -40.8768 20.9795 1650406232993 1628711.5000 -0.2009
-11.4804 77.3773 -42.3374 25.2467 1650406233022 1628740.5000 -0.2009
-12.6922 76.2445 -41.4757 16.9369 1650406233051 1628769.7500 -0.2009
-12.3794 76.5897 -41.9094 16.0828 1650406233080 1628798.5000 -0.2009
-13.1478 75.8625 -41.2069 17.3109 1650406233109 1628827.7500 -0.2009
-13.3858 75.9371 -40.9609 12.1485 1650406233138 1628856.7500 -0.2009
-13.1848 76.0554 -40.6410 20.9583 1650406233167 1628885.7500 -0.2009
-12.4769 76.6503 -40.6301 17.0495 1650406233196 1628914.7500 -0.2009
-13.5295 75.2574 -38.9380 17.7241 1650406233225 1628943.7500 -0.2009
-12.8280 75.9877 -38.9675 19.3877 1650406233254 1628972.7500 -0.2009
-12.4918 76.4908 -38.5624 23.8481 1650406233283 1629001.7500 -0.2009
-13.7620 75.5022 -36.6522 27.6147 1650406233312 1629030.7500 -0.2009
-12.7175 75.9146 -36.2222 28.6956 1650406233341 1629059.7500 -0.2009
-13.8866 74.7890 -33.9459 20.1439 1650406233370 1629088.7500 -0.2009
-12.7322 75.9272 -34.4619 23.1131 1650406233399 1629117.7500 -0.2004
-14.1849 75.0626 -32.7125 21.6943 1650406233428 1629146.7500 -0.2004
-12.8538 75.2881 -32.1956 19.1654 1650406233457 1629175.7500 -0.2004
-14.2808 75.0157 -31.4223 20.7327 1650406233486 1629204.7500 -0.1999
-14.3116 74.9840 -30.6677 23.2724 1650406233514 1629234.7500 -0.1999
-13.6294 75.8339 -31.2742 17.2475 1650406233544 1629262.2500 -0.1999
-14.6829 74.6640 -29.9290 16.6994 1650406233572 1629291.5000 -0.1999
-14.2846 74.7940 -30.1092 21.4248 1650406233601 1629320.5000 -0.1999
-14.6608 74.7505 -29.9357 14.1649 1650406233631 1629349.5000 -0.1999
-14.2216 75.3404 -30.5404 20.7100 1650406233660 1629378.2500 -0.1999
-13.5712 75.7819 -31.3882 19.6434 1650406233688 1629407.2500 -0.2001
-13.5110 75.9228 -31.8493 19.2058 1650406233718 1629436.2500 -0.2004
-12.2544 76.5312 -33.4313 18.7187 1650406233747 1629465.2500 -0.2004
-12.9653 75.5501 -33.5700 20.8577 1650406233776 1629496.7500 -0.2004
-13.2318 75.4853 -34.4410 19.4087 1650406233805 1629523.2500 -0.2004
-13.0251 75.4963 -35.4868 22.1628 1650406233833 1629553.7500 -0.2004
-11.7785 76.8422 -37.8320 23.7058 1650406233863 1629581.0000 -0.2004
-13.1395 75.7977 -37.6700 23.4056 1650406233891 1629610.2500 -0.2004
-12.4617 76.4263 -39.0168 20.6927 1650406233920 1629639.2500 -0.2005
-12.8437 75.7770 -39.2908 21.2444 1650406233949 1629668.2500 -0.2009
-11.7542 76.8741 -40.8315 24.4701 1650406233978 1629697.2500 -0.2009
-13.4410 75.3841 -39.9713 26.4595 1650406234007 1629726.0000 -0.2009
-13.3870 75.4042 -40.4888 19.5038 1650406234036 1629755.0000 -0.2009
-12.4688 76.6182 -41.9970 21.3320 1650406234065 1629784.0000 -0.2009
-13.2101 75.8469 -41.1106 14.3611 1650406234095 1629812.5000 -0.2009
-13.5204 75.5720 -40.8810 19.7849 1650406234124 1629841.7500 -0.2004
-13.3918 75.7424 -40.6677 17.0063 1650406234152 1629870.7500 -0.2004
-13.0399 76.1314 -40.5490 16.2494 1650406234181 1629899.7500 -0.2004
-12.4954 76.6516 -40.6008 15.9220 1650406234210 1629928.7500 -0.2004
-13.4506 75.3954 -38.8842 20.0367 1650406234239 1629957.7500 -0.1999
-12.4741 76.0285 -38.8169 25.2757 1650406234268 1629988.2500 -0.1999
-13.8754 75.1836 -37.0656 21.2289 1650406234297 1630015.5000 -0.1999
-13.5154 75.5504 -36.4572 22.7629 1650406234326 1630044.7500 -0.1999
-12.9954 76.2212 -36.3161 23.7128 1650406234355 1630073.7500 -0.1999
-13.6639 74.7451 -33.8213 23.4295 1650406234384 1630102.7500 -0.1999
-13.0704 75.9120 -34.3513 23.6917 1650406234413 1630131.7500 -0.1999
-13.9173 74.8631 -32.2218 22.5373 1650406234442 1630160.7500 -0.1999
-13.2994 75.8155 -32.6037 20.9895 1650406234471 1630189.7500 -0.2001
-14.4063 74.6175 -30.8337 17.9085 1650406234500 1630218.7500 -0.2004
-14.0632 75.2981 -30.7991 21.3426 1650406234529 1630250.5000 -0.2004
-13.1995 76.0026 -31.2686 20.9278 1650406234558 1630277.5000 -0.2004
-14.4102 74.4993 -29.7340 15.4705 1650406234587 1630305.7500 -0.2004
-14.3621 74.6678 -29.9688 18.2994 1650406234616 1630334.7500 -0.2004
-14.2521 74.8458 -29.8345 18.5674 1650406234645 1630363.2500 -0.2004
-14.1255 75.3039 -30.7529 21.2250 1650406234674 1630392.7500 -0.2009
-13.8884 75.7408 -31.3975 19.7907 1650406234703 1630421.5000 -0.2009
-13.6829 75.5244 -31.8740 14.7989 1650406234731 1630450.5000 -0.2009
-10.5037 78.4657 -35.8184 16.0552 1650406234760 1630479.2500 -0.2009
-12.4684 76.2884 -34.5699 23.4357 1650406234789 1630508.2500 -0.2009
-12.8407 75.9477 -35.3912 24.4330 1650406234819 1630537.2500 -0.2009
-12.3688 76.0882 -36.4790 27.1093 1650406234848 1630566.2500 -0.2009
-12.2213 76.6147 -37.8570 24.2902 1650406234877 1630595.2500 -0.2009
-12.3660 76.5817 -38.6346 24.7526 1650406234906 1630624.2500 -0.2009
-12.4039 76.3002 -39.1962 23.3619 1650406234935 1630653.2500 -0.2009
-13.2039 75.7233 -39.3739 24.9610 1650406234964 1630682.2500 -0.2009
-12.1582 76.8707 -40.9466 19.9109 1650406234992 1630711.2500 -0.2009
-12.1656 76.6941 -41.5783 17.2799 1650406235022 1630740.2500 -0.2009
-12.1559 76.5526 -41.8172 22.5290 1650406235050 1630770.5000 -0.2009
-12.0496 76.9493 -42.2572 17.1238 1650406235079 1630799.0000 -0.2004
-13.3538 75.7722 -41.0528 14.3843 1650406235108 1630827.0000 -0.2004
-13.5539 75.4541 -40.7944 15.3563 1650406235137 1630856.0000 -0.2004
-13.2389 75.7797 -40.6860 14.4235 1650406235166 1630885.0000 -0.2004
-12.5138 76.5949 -40.7672 17.1703 1650406235195 1630913.7500 -0.2004
-12.8983 75.9465 -39.7783 21.1708 1650406235224 1630942.7500 -0.2004
-13.1289 75.3706 -38.8029 21.2597 1650406235254 1630971.7500 -0.2001
-12.4299 76.4828 -38.9723 20.8857 1650406235283 1631000.7500 -0.1999
-14.2156 74.9180 -36.4317 23.3401 1650406235311 1631032.5000 -0.2004
-13.3394 75.9574 -36.4648 23.3787 1650406235341 1631058.5000 -0.2004
-14.3463 74.9510 -34.7356 18.8702 1650406235369 1631087.7500 -0.2004
-13.2775 75.4147 -34.2063 18.7473 1650406235398 1631116.5000 -0.2004
-14.2841 74.9508 -33.0091 23.5163 1650406235427 1631145.7500 -0.2004
-14.0286 75.2185 -32.3051 25.4575 1650406235456 1631174.7500 -0.2004
-14.0151 75.0367 -31.6706 18.7527 1650406235485 1631203.7500 -0.2005
-14.2355 74.9610 -30.9561 20.6787 1650406235514 1631232.7500 -0.2009
-14.0240 75.0220 -30.4670 25.3124 1650406235543 1631261.7500 -0.2009
-14.4464 75.1106 -30.2798 19.6597 1650406235572 1631290.7500 -0.2009
-14.4331 74.6325 -29.9632 19.2112 1650406235601 1631319.7500 -0.2009
-14.4962 74.9121 -30.2009 15.0661 1650406235630 1631348.7500 -0.2009
-14.4006 74.9778 -30.0285 18.0504 1650406235659 1631377.7500 -0.2009
-13.8006 75.5529 -31.0562 18.7296 1650406235688 1631406.7500 -0.2009
-13.5271 75.9297 -31.8127 19.7285 1650406235717 1631435.7500 -0.2009
-12.2873 77.0361 -33.7238 23.3394 1650406235746 1631464.7500 -0.2009
-13.8321 75.0100 -32.8312 21.0873 1650406235775 1631493.7500 -0.2009
-12.6855 76.0552 -34.7548 21.5055 1650406235804 1631522.5000 -0.2009
-13.3463 75.0861 -34.8546 20.8297 1650406235833 1631552.7500 -0.2009
-12.0651 76.2883 -36.7291 21.6847 1650406235862 1631580.0000 -0.2004
-13.3778 75.4022 -37.0946 22.6923 1650406235890 1631609.2500 -0.2004
-12.5797 76.2709 -38.5513 19.2443 1650406235920 1631638.2500 -0.2004
-12.9142 75.6960 -39.0447 20.3238 1650406235948 1631667.2500 -0.2004
-12.1074 76.6226 -40.3448 24.0866 1650406235978 1631696.2500 -0.1999
-12.6732 76.2025 -40.5518 21.9080 1650406236006 1631725.2500 -0.1999
-13.3814 75.2768 -40.2888 20.0964 1650406236036 1631754.2500 -0.1999
-12.3542 76.4745 -41.7469 15.9033 1650406236065 1631784.7500 -0.1999
-13.2876 75.8192 -41.1535 17.0093 1650406236094 1631814.7500 -0.1999
-13.7079 75.1895 -40.6433 17.8615 1650406236123 1631841.2500 -0.1999
-13.4259 75.6126 -40.8043 16.6369 1650406236152 1631870.2500 -0.2000
-12.8878 76.0526 -40.7643 18.8322 1650406236181 1631898.5000 -0.2004
-12.4159 76.7699 -40.8529 20.8961 1650406236209 1631928.2500 -0.2004
-13.5212 75.4396 -39.1606 15.6357 1650406236238 1631957.0000 -0.2004
-13.1283 75.6740 -38.5989 20.5595 1650406236267 1631986.0000 -0.2004
-12.4495 76.5400 -38.6523 20.0500 1650406236296 1632015.0000 -0.2004
-14.1065 75.3869 -36.5112 23.7537 1650406236325 1632043.7500 -0.2009
-13.2706 75.6323 -36.0101 18.4379 1650406236355 1632072.7500 -0.2009
-14.1283 74.8302 -34.1525 20.3741 1650406236383 1632101.7500 -0.2009
-12.9284 75.6763 -34.1760 21.3672 1650406236413 1632130.7500 -0.2009
-14.3197 74.9920 -32.6262 19.0790 1650406236442 1632159.7500 -0.2009
-13.3931 75.3824 -32.3055 23.4952 1650406236470 1632188.7500 -0.2009
-14.2093 74.7860 -31.3283 21.0624 1650406236500 1632217.7500 -0.2009
-14.1722 74.9442 -30.7607 16.8683 1650406236528 1632246.7500 -0.2009
-13.9275 75.0455 -30.3976 19.7542 1650406236557 1632275.7500 -0.2009
-14.5214 74.9352 -30.2081 16.7755 1650406236586 1632304.7500 -0.2009
-14.5335 74.6818 -29.8829 17.0842 1650406236615 1632336.0000 -0.2009
-14.2724 74.9464 -30.1436 19.5746 1650406236644 1632362.7500 -0.2009
-14.2436 74.8873 -30.2006 15.5506 1650406236673 1632391.7500 -0.2009
-14.0040 75.3598 -30.9249 22.8743 1650406236702 1632420.7500 -0.2009
-13.3854 75.7331 -31.9898 22.8839 1650406236731 1632449.7500 -0.2009
-13.7915 75.1845 -32.2373 23.3866 1650406236760 1632478.7500 -0.2004
-13.3191 75.1632 -33.1288 22.9741 1650406236789 1632507.7500 -0.2004
-12.8180 76.0246 -34.8953 24.7503 1650406236818 1632536.7500 -0.2009
-13.0839 75.3530 -35.3093 21.4007 1650406236847 1632565.5000 -0.2009
-11.7088 76.6137 -37.4926 22.5450 1650406236876 1632594.5000 -0.2004
-13.0828 75.6180 -37.3855 24.6368 1650406236905 1632623.5000 -0.2004
-12.3385 76.2925 -38.8395 18.1108 1650406236934 1632655.0000 -0.2004
-13.2802 75.4913 -38.8488 23.6518 1650406236963 1632681.5000 -0.2004
-12.5129 76.5381 -40.3149 18.9797 1650406236992 1632710.2500 -0.2004
-13.1316 75.8088 -40.3619 18.3730 1650406237021 1632739.2500 -0.2004
-11.9081 76.8335 -41.8464 20.0572 1650406237049 1632768.2500 -0.2004
-12.1111 76.8857 -42.2470 17.8817 1650406237079 1632797.2500 -0.2004
-13.9727 75.1590 -40.4460 18.8284 1650406237107 1632826.2500 -0.2006
-13.8896 75.2353 -40.6101 15.8678 1650406237137 1632855.2500 -0.2009
-13.3053 76.0448 -40.9896 13.4077 1650406237166 1632884.2500 -0.2009
-12.7016 76.2461 -40.7949 14.4247 1650406237195 1632913.2500 -0.2009
-12.3728 76.7344 -40.7857 21.5820 1650406237224 1632942.2500 -0.2011
-13.6636 75.3298 -38.8113 18.0357 1650406237253 1632971.2500 -0.2013
-12.6209 76.1712 -38.7665 16.5348 1650406237282 1633000.2500 -0.2013
-12.2254 76.5628 -38.5283 20.7446 1650406237311 1633029.2500 -0.2013
-13.7057 75.5497 -36.3675 23.1250 1650406237340 1633058.0000 -0.2013
-12.7468 76.1306 -36.1399 26.1238 1650406237368 1633089.5000 -0.2013
-13.9978 75.0151 -34.0083 20.2710 1650406237398 1633117.0000 -0.2013
-13.5348 75.3587 -33.7535 24.6457 1650406237426 1633144.7500 -0.2013
-13.9960 74.8794 -32.2745 22.6433 1650406237455 1633173.7500 -0.2013
-13.2292 75.3942 -32.2042 24.0917 1650406237484 1633202.7500 -0.2009
-14.2277 74.6537 -30.8473 16.7180 1650406237513 1633231.7500 -0.2009
-14.0234 74.9984 -30.6420 24.6911 1650406237542 1633260.7500 -0.2009
-13.7210 75.0599 -30.3531 16.4433 1650406237571 1633289.7500 -0.2009
-14.4909 74.7280 -29.9894 16.7461 1650406237601 1633318.7500 -0.2004
-14.5824 74.7992 -30.0792 17.8899 1650406237629 1633348.5000 -0.2004
-14.3538 74.8327 -29.9593 27.0769 1650406237659 1633376.5000 -0.2004
-14.3052 74.9070 -30.3730 15.4347 1650406237687 1633405.7500 -0.2004
-13.5646 75.9618 -31.5976 21.0275 1650406237716 1633436.0000 -0.2004
-13.6007 75.4801 -31.9588 19.8245 1650406237745 1633463.7500 -0.2004
-14.0320 74.8098 -32.2700 21.4467 1650406237774 1633492.7500 -0.2004
-12.9440 75.7064 -33.9371 23.7574 1650406237803 1633521.7500 -0.2004
-12.2173 76.3755 -35.7192 23.3546 1650406237832 1633550.7500 -0.2004
-12.1619 76.3618 -36.5558 20.8253 1650406237861 1633579.7500 -0.2004
-12.3318 76.0227 -37.2967 21.8967 1650406237890 1633608.7500 -0.2004
-12.4559 76.2726 -38.2588 22.8057 1650406237919 1633637.7500 -0.2004
-12.0112 76.6594 -39.4633 17.2028 1650406237948 1633666.7500 -0.2005
-13.0567 75.5858 -39.2314 20.6891 1650406237978 1633696.7500 -0.2009
-12.8958 75.7523 -39.8235 19.8604 1650406238006 1633724.7500 -0.2009
-12.4145 76.4846 -41.1009 17.5009 1650406238035 1633753.5000 -0.2009
-12.0452 76.5999 -41.7949 16.0166 1650406238064 1633782.5000 -0.2010
-11.8881 77.0761 -42.5151 13.7188 1650406238093 1633811.2500 -0.2013
-12.1410 76.9776 -42.3714 18.4077 1650406238122 1633840.2500 -0.2011
-13.1800 75.9322 -41.2407 17.2987 1650406238151 1633870.0000 -0.2009
-13.3467 75.7846 -40.8047 14.9078 1650406238180 1633898.2500 -0.2009
-12.8757 76.5043 -40.8377 15.6523 1650406238209 1633927.2500 -0.2009
-12.6806 76.5075 -40.3179 17.1397 1650406238238 1633956.2500 -0.2009
-13.4798 75.5447 -38.9205 24.8781 1650406238266 1633985.2500 -0.2009
-12.5559 76.2346 -38.7254 25.3163 1650406238296 1634014.2500 -0.2009
-12.4247 76.4962 -38.0513 21.3569 1650406238325 1634043.2500 -0.2009
-12.9401 75.7670 -36.3785 26.2363 1650406238354 1634072.2500 -0.2009
-13.7946 75.2650 -35.0287 21.1814 1650406238383 1634101.0000 -0.2009
-13.0777 74.6558 -33.5225 21.6531 1650406238412 1634131.0000 -0.2009
-13.7435 74.6136 -32.7644 26.5482 1650406238441 1634159.2500 -0.2004
-13.7324 75.1759 -32.3381 20.0947 1650406238470 1634189.5000 -0.2004
-13.9538 74.9862 -31.6610 26.4974 1650406238499 1634216.7500 -0.1999
-14.0225 74.8642 -30.9546 23.4039 1650406238527 1634246.0000 -0.1999
-14.2587 75.0245 -30.6578 20.1539 1650406238557 1634274.7500 -0.1999
-14.1885 75.2976 -30.3990 19.7791 1650406238585 1634303.7500 -0.1999
-14.4915 74.8389 -30.1609 13.8662 1650406238614 1634332.7500 -0.1999
-14.5015 74.7704 -30.1116 17.7325 1650406238643 1634361.7500 -0.1999
-14.5621 74.8656 -30.0563 20.0011 1650406238673 1634390.7500 -0.1999
-13.9646 75.4204 -30.7993 18.8066 1650406238701 1634419.7500 -0.1999
-13.3840 76.1240 -31.9688 19.5410 1650406238730 1634448.7500 -0.1999
-13.5261 75.1718 -31.9430 23.1204 1650406238759 1634477.7500 -0.1999
-13.8817 74.8163 -32.6133 19.9536 1650406238789 1634506.7500 -0.2001
-12.8270 75.8835 -34.5162 24.6820 1650406238818 1634535.7500 -0.2004
-13.3544 74.9191 -34.5790 21.0566 1650406238846 1634564.7500 -0.2004
-12.0478 76.6287 -37.0292 22.3483 1650406238875 1634593.7500 -0.2004
-12.1469 76.3518 -37.8859 19.1153 1650406238904 1634623.7500 -0.2004
-12.1710 76.5627 -38.8194 25.3487 1650406238933 1634651.2500 -0.2004
-13.5252 75.3639 -38.6043 17.8795 1650406238962 1634680.7500 -0.2004
-12.9529 76.1071 -39.9158 19.9920 1650406238991 1634709.7500 -0.2004
-13.1145 75.6251 -40.0420 16.1226 1650406239020 1634738.7500 -0.2004
-13.3308 75.2117 -40.1845 19.2933 1650406239049 1634767.7500 -0.2004
-11.9231 76.8248 -42.1840 17.4374 1650406239078 1634796.7500 -0.2004
-12.6828 76.2320 -41.7438 15.6337 1650406239107 1634825.7500 -0.2004
-12.7777 76.3443 -41.6443 17.2238 1650406239137 1634854.7500 -0.2004
-13.6399 75.5444 -40.9272 15.4639 1650406239165 1634884.5000 -0.2004
-13.4329 75.5209 -40.3227 16.6279 1650406239194 1634912.2500 -0.2004
-12.2776 76.8619 -41.0341 19.4616 1650406239223 1634941.2500 -0.2004
-13.9446 75.1561 -38.7689 16.0861 1650406239252 1634969.5000 -0.2004
-13.1007 76.2752 -39.2669 23.5114 1650406239281 1634999.2500 -0.1999
-12.0766 76.6801 -38.9216 23.4772 1650406239310 1635028.2500 -0.1999
-14.1763 75.2615 -36.3498 27.1125 1650406239339 1635057.2500 -0.1999
-12.5764 75.8310 -36.0459 25.1097 1650406239368 1635086.2500 -0.1999
-13.8643 74.7787 -34.2157 21.5783 1650406239397 1635115.2500 -0.1999
-12.7066 75.4940 -34.1990 23.7416 1650406239425 1635144.2500 -0.1999
-10.3941 78.8029 -36.5193 20.2561 1650406239455 1635173.2500 -0.1999
-12.9975 75.6110 -32.5260 22.6642 1650406239484 1635202.2500 -0.1999
-14.2611 74.8054 -31.3877 20.4182 1650406239513 1635231.2500 -0.1999
-14.0895 75.1402 -31.1051 21.4560 1650406239542 1635260.2500 -0.1999
-14.1616 74.8393 -30.3714 16.7793 1650406239571 1635289.0000 -0.1996
-14.3995 74.7973 -30.1083 19.9329 1650406239600 1635318.0000 -0.1994
-14.2779 74.7519 -30.2546 16.3250 1650406239629 1635347.0000 -0.1999
-14.1759 74.5827 -29.8469 15.5371 1650406239658 1635375.7500 -0.1999
-14.0448 74.7273 -29.9705 17.6352 1650406239687 1635407.5000 -0.1999
-13.7703 75.5886 -31.1277 17.2302 1650406239716 1635433.5000 -0.1999
-13.5934 75.7827 -31.7633 19.0111 1650406239744 1635462.7500 -0.1999
-13.5292 75.5138 -32.3041 21.1517 1650406239773 1635491.7500 -0.2004
-13.4815 74.9456 -32.8665 18.6251 1650406239802 1635520.7500 -0.2004
-13.0413 75.4221 -34.3426 24.9465 1650406239831 1635549.7500 -0.2004
-13.1933 75.2608 -35.2320 24.4790 1650406239860 1635578.7500 -0.2004
-12.0915 76.6977 -37.3356 25.3485 1650406239890 1635607.7500 -0.2004
-13.1756 75.2566 -37.0815 23.0076 1650406239919 1635638.2500 -0.2004
-12.1321 76.7329 -39.1150 21.6557 1650406239948 1635666.7500 -0.2004
-12.9934 75.6392 -39.0878 25.0475 1650406239977 1635694.7500 -0.2004
-12.0790 76.6048 -40.6158 19.6146 1650406240005 1635723.7500 -0.2004
-12.9216 75.7666 -40.2226 22.0759 1650406240035 1635752.2500 -0.2004
-11.7356 77.0166 -42.1615 17.3681 1650406240063 1635781.7500 -0.2004
-12.1053 76.8585 -42.1441 15.8566 1650406240092 1635810.7500 -0.2004
-12.0458 76.7730 -42.1757 14.6279 1650406240121 1635839.7500 -0.2004
-13.6344 75.2877 -40.7826 19.7912 1650406240150 1635868.7500 -0.2004
-13.4973 75.5368 -40.7602 15.2576 1650406240179 1635897.7500 -0.1999
-13.2189 76.1364 -40.7180 14.2407 1650406240208 1635926.7500 -0.1999
-12.5406 76.8217 -40.8634 20.7717 1650406240237 1635955.7500 -0.1999
-13.6193 75.5952 -39.1147 17.9069 1650406240266 1635984.5000 -0.1999
-12.6466 76.4314 -39.1248 19.8222 1650406240295 1636013.5000 -0.1999
-12.4190 76.7897 -38.6775 23.8675 1650406240324 1636042.2500 -0.1999
-13.6534 75.7322 -36.5385 22.0955 1650406240353 1636071.2500 -0.1999
-12.4112 75.9804 -36.0282 25.0143 1650406240382 1636100.2500 -0.1999
-13.8766 75.1238 -34.2079 22.2180 1650406240411 1636129.2500 -0.1999
-12.6611 76.0712 -34.4313 25.9924 1650406240440 1636158.2500 -0.1999
-13.8914 74.7289 -32.1143 23.0855 1650406240469 1636188.5000 -0.2000
-12.9077 75.3604 -32.2175 23.5253 1650406240498 1636216.2500 -0.2004
-14.1852 74.8239 -31.0700 22.3174 1650406240527 1636245.2500 -0.2004
-13.8969 75.1608 -30.7211 23.4105 1650406240556 1636274.2500 -0.2004
-14.3105 75.1350 -30.4234 17.3569 1650406240584 1636303.2500 -0.2004
-14.6379 74.7716 -30.1283 17.3112 1650406240614 1636332.2500 -0.2004
-14.5363 74.6577 -30.0791 18.6801 1650406240643 1636361.2500 -0.2004
-14.4628 74.9135 -30.2011 24.0760 1650406240672 1636390.0000 -0.2004
-14.2179 74.7879 -30.0824 18.7844 1650406240701 1636420.0000 -0.2004
-13.6110 75.5202 -31.2311 20.0509 1650406240730 1636447.2500 -0.2004
-13.4481 75.7727 -31.9519 20.4345 1650406240759 1636477.0000 -0.2004
-14.2282 75.0239 -32.1292 23.1036 1650406240788 1636507.0000 -0.2004
-13.2510 75.9864 -34.1823 23.0036 1650406240817 1636534.7500 -0.2004
-11.9471 76.6758 -36.0761 24.0707 1650406240846 1636563.7500 -0.2004
-12.7709 75.9139 -36.0882 22.3165 1650406240875 1636592.7500 -0.2004
-12.6460 76.3014 -37.4942 20.8896 1650406240903 1636621.7500 -0.1999
-12.9887 75.7752 -37.8209 20.5165 1650406240932 1636650.7500 -0.1999
-12.3018 76.3912 -39.0968 23.4386 1650406240961 1636681.0000 -0.1999
-12.8610 75.4361 -38.9979 19.7379 1650406240991 1636708.7500 -0.1999
-11.7946 76.9118 -40.9905 19.8732 1650406241019 1636737.7500 -0.1994
-13.4466 75.2860 -40.0939 22.0939 1650406241049 1636766.7500 -0.1994
-12.8272 75.7277 -40.9621 22.7509 1650406241078 1636795.7500 -0.1994
-12.0842 76.9621 -42.4526 18.6441 1650406241107 1636824.7500 -0.1994
-13.2885 75.4231 -40.7442 18.5334 1650406241136 1636853.7500 -0.1989
-13.6759 75.2188 -40.6957 18.5143 1650406241164 1636882.7500 -0.1989
-13.1384 75.9164 -40.9581 14.8003 1650406241194 1636911.7500 -0.1989
-12.4298 76.5954 -41.0948 17.5404 1650406241222 1636941.7500 -0.1989
-12.5356 76.3903 -40.2499 20.9936 1650406241251 1636969.0000 -0.1989
-13.5427 75.5552 -38.8343 16.7944 1650406241280 1636998.7500 -0.1989
-12.2327 76.9007 -39.2835 20.2517 1650406241309 1637027.7500 -0.1994
-12.3450 76.7384 -38.3941 20.1176 1650406241338 1637056.7500 -0.1994
-13.0867 76.1725 -36.7377 17.3893 1650406241367 1637085.5000 -0.1994
-12.5409 76.3261 -36.1768 20.5752 1650406241396 1637114.5000 -0.1994
-13.5004 75.2076 -34.0199 19.6404 1650406241425 1637143.5000 -0.1999
-13.8645 75.1856 -33.3469 22.4675 1650406241454 1637172.2500 -0.1999
-13.2683 74.9412 -32.2106 20.8320 1650406241483 1637202.2500 -0.1999
-13.6603 74.9987 -31.6956 18.6857 1650406241513 1637230.2500 -0.1999
-14.3298 74.6950 -30.7527 15.9514 1650406241541 1637259.2500 -0.1999
-13.7844 74.7787 -30.3193 22.5551 1650406241570 1637287.5000 -0.1999
-14.3845 75.2023 -30.5682 14.9550 1650406241599 1637317.2500 -0.1999
-14.3346 74.8033 -30.0141 19.8720 1650406241628 1637346.2500 -0.1999
-14.5842 74.7679 -30.0236 14.1145 1650406241657 1637375.2500 -0.1999
-14.4707 74.7584 -29.9534 21.5354 1650406241686 1637404.2500 -0.1999
-14.3379 75.2203 -30.6513 18.1302 1650406241715 1637433.2500 -0.1999
-13.4963 76.0987 -31.8797 23.1746 1650406241744 1637462.2500 -0.1999
-13.8677 75.3850 -31.9003 24.6796 1650406241773 1637491.2500 -0.1999
-10.3282 78.5048 -36.2149 18.2917 1650406241801 1637520.0000 -0.1994
-13.1861 75.6776 -34.0966 18.9699 1650406241831 1637549.0000 -0.1994
-13.7798 74.9359 -34.5138 19.1132 1650406241860 1637578.0000 -0.1994
-12.2120 76.6877 -37.0112 22.6064 1650406241889 1637606.5000 -0.1994
-12.7217 76.0285 -37.5423 20.6861 1650406241918 1637635.7500 -0.1989
-12.2975 76.2811 -38.4733 20.3641 1650406241947 1637664.7500 -0.1989
-13.1438 75.4046 -38.5291 18.0283 1650406241976 1637693.7500 -0.1989
-12.8553 76.2556 -40.1047 19.6404 1650406242005 1637722.0000 -0.1989
-12.9771 75.7348 -39.8978 14.4696 1650406242034 1637751.7500 -0.1984
-12.6750 76.2190 -41.0821 20.0298 1650406242062 1637780.7500 -0.1984
-12.4402 76.2345 -41.5853 16.8583 1650406242092 1637809.7500 -0.1987
-12.7242 76.0614 -41.6320 15.1254 1650406242120 1637838.7500 -0.1989
-13.1602 75.8862 -41.3220 16.5979 1650406242149 1637867.7500 -0.1989
-12.2302 76.7246 -42.0929 17.4134 1650406242178 1637896.7500 -0.1989
-12.9081 76.2450 -40.8723 18.8725 1650406242208 1637925.7500 -0.1991
-12.5413 76.6963 -40.9622 19.9092 1650406242236 1637954.0000 -0.1994
-13.8165 75.3547 -39.0648 17.0361 1650406242265 1637983.5000 -0.1994
-12.5552 76.4211 -39.3553 17.7506 1650406242295 1638012.7500 -0.1994
-12.2682 76.7768 -39.0013 30.7180 1650406242324 1638042.7500 -0.1994
-14.0305 75.3795 -36.5533 21.6215 1650406242353 1638070.7500 -0.1994
-12.9246 76.1954 -36.5128 28.3724 1650406242381 1638099.7500 -0.1994
-14.0819 75.0436 -34.4286 21.7308 1650406242410 1638128.7500 -0.1994
-12.6565 75.5908 -34.1973 24.1131 1650406242439 1638157.7500 -0.1994
-14.0195 74.7898 -32.6064 29.4156 1650406242468 1638186.7500 -0.1994
-13.2526 75.2865 -32.3102 21.2015 1650406242497 1638215.5000 -0.1994
-13.9026 74.7689 -31.2520 23.9552 1650406242526 1638244.5000 -0.1994
-13.8845 74.9561 -30.7862 17.2506 1650406242555 1638273.2500 -0.1994
-13.8621 74.9436 -30.4120 21.0979 1650406242584 1638302.2500 -0.1994
-14.1285 74.8784 -30.1224 16.6481 1650406242613 1638331.2500 -0.1994
-14.4619 74.6704 -30.0347 16.0760 1650406242642 1638360.2500 -0.1994
-14.3312 74.9128 -30.2448 13.2039 1650406242672 1638389.2500 -0.1994
-14.3901 74.7716 -29.9822 16.2642 1650406242700 1638418.2500 -0.1989
-13.7637 75.4104 -30.8733 17.8341 1650406242729 1638447.2500 -0.1989
-13.4538 76.2137 -32.0939 27.2288 1650406242758 1638479.0000 -0.1989
-13.8498 75.4058 -32.1777 21.6305 1650406242787 1638506.2500 -0.1989
-13.8941 74.9461 -32.8760 17.2958 1650406242816 1638534.2500 -0.1989
-12.3863 76.2231 -35.0509 21.0372 1650406242845 1638563.2500 -0.1989
-12.9177 75.4727 -35.4470 20.6417 1650406242874 1638592.2500 -0.1987
-12.2029 76.5525 -37.2501 21.3277 1650406242903 1638621.0000 -0.1984
-13.4351 75.2055 -36.9863 19.3899 1650406242932 1638650.0000 -0.1984
-12.0091 76.8935 -39.2333 21.2018 1650406242961 1638679.0000 -0.1984
-12.0091 76.5938 -40.0202 22.2968 1650406242990 1638707.7500 -0.1987
-12.3821 76.7102 -40.6010 17.3608 1650406243019 1638737.7500 -0.1989
-12.9931 75.6271 -40.2486 15.5400 1650406243048 1638765.7500 -0.1989
-13.3893 75.4506 -40.4119 19.9907 1650406243077 1638794.7500 -0.1989
-11.9076 76.8695 -42.1078 18.4465 1650406243106 1638825.0000 -0.1989
-12.5899 76.3278 -41.6815 17.1003 1650406243135 1638852.7500 -0.1989
-13.2391 75.6916 -40.9519 13.2747 1650406243164 1638881.7500 -0.1989
-13.5603 75.4021 -40.6644 16.1730 1650406243193 1638910.7500 -0.1994
-12.9131 76.1621 -40.8475 15.4052 1650406243221 1638939.7500 -0.1994
-12.4108 76.9278 -40.9820 16.6579 1650406243251 1638968.7500 -0.1994
-13.8687 75.4193 -38.8954 21.6166 1650406243279 1638997.7500 -0.1994
-13.0066 76.2579 -39.1187 17.3624 1650406243308 1639026.7500 -0.1994
-12.3857 77.0263 -38.9739 24.8885 1650406243337 1639055.7500 -0.1994
-13.6220 75.6874 -36.5270 25.0480 1650406243367 1639084.7500 -0.1994
-12.5987 75.9656 -36.0830 27.4866 1650406243395 1639113.7500 -0.1994
-13.7287 74.8818 -34.0252 20.5899 1650406243425 1639142.7500 -0.1994
-12.9585 75.6434 -34.0427 25.5110 1650406243454 1639171.7500 -0.1994
-13.6132 74.7884 -32.2190 19.2582 1650406243483 1639200.7500 -0.1989
-13.0564 75.8437 -32.6534 18.7132 1650406243512 1639229.7500 -0.1989
-13.9460 74.5655 -30.9128 19.6818 1650406243540 1639259.5000 -0.1984
-13.7365 75.0568 -30.8067 18.4300 1650406243570 1639287.7500 -0.1984
-13.9116 75.3663 -30.6092 21.0558 1650406243598 1639316.5000 -0.1984
-14.2836 74.7776 -29.9768 12.7166 1650406243627 1639345.5000 -0.1984
-14.1665 74.7129 -30.1400 15.1998 1650406243656 1639374.5000 -0.1984
-14.3972 74.7934 -29.8395 20.9440 1650406243685 1639403.2500 -0.1984
-14.4144 75.0720 -30.3070 19.4490 1650406243714 1639432.2500 -0.1984
-13.8887 75.9186 -31.6279 18.0752 1650406243743 1639461.2500 -0.1984
-13.2581 76.4017 -32.5157 16.1881 1650406243772 1639491.5000 -0.1984
-14.2043 74.9215 -32.1695 20.7146 1650406243802 1639518.5000 -0.1984
-12.9608 75.6797 -33.9045 18.0913 1650406243831 1639548.2500 -0.1984
-11.9065 76.6414 -35.7592 19.5724 1650406243859 1639577.0000 -0.1984
-12.2800 75.9879 -36.1495 18.9188 1650406243888 1639606.0000 -0.1987
-11.7729 76.7143 -37.7628 22.2369 1650406243917 1639635.2500 -0.1989
-12.1577 76.6635 -38.5442 23.3947 1650406243946 1639664.2500 -0.1989
-12.2054 76.7596 -39.4618 19.5169 1650406243975 1639693.2500 -0.1989
-12.3966 76.5233 -39.9158 20.6980 1650406244004 1639722.2500 -0.1991
-12.6538 76.3989 -40.4010 17.0741 1650406244033 1639751.0000 -0.1994
-13.0429 75.8174 -40.4918 18.3481 1650406244062 1639780.0000 -0.1994
-13.3813 75.5657 -40.7822 20.8650 1650406244091 1639809.0000 -0.1994
-12.1563 76.9048 -42.3115 21.9624 1650406244120 1639837.7500 -0.1991
-12.0979 76.6730 -41.9818 18.3920 1650406244149 1639866.7500 -0.1994
-13.5675 75.2995 -40.7728 16.4894 1650406244178 1639895.7500 -0.1994
-13.1727 76.0001 -41.0147 17.0135 1650406244207 1639924.7500 -0.1989
-13.0091 76.2413 -40.6302 15.6305 1650406244236 1639953.7500 -0.1989
-12.4225 76.8696 -40.7094 15.3093 1650406244265 1639982.7500 -0.1989
-13.5618 75.6761 -39.0403 16.7063 1650406244294 1640011.7500 -0.1989
-12.5643 76.7581 -39.1835 22.7127 1650406244323 1640040.2500 -0.1989
-12.4498 76.6591 -38.3423 19.1082 1650406244352 1640069.7500 -0.1989
-13.2773 75.9593 -36.6542 25.5290 1650406244381 1640098.7500 -0.1989
-13.1025 76.3183 -36.2912 20.6796 1650406244410 1640127.7500 -0.1989
-13.7285 75.4803 -34.3291 20.8922 1650406244438 1640156.7500 -0.1984
-13.2996 75.6104 -33.8838 27.3084 1650406244467 1640185.7500 -0.1984
-13.7832 74.9920 -32.1042 20.9806 1650406244496 1640214.7500 -0.1984
-13.7852 75.4035 -32.1754 22.4125 1650406244526 1640243.7500 -0.1984
-14.0656 75.1238 -31.0977 19.2090 1650406244554 1640273.7500 -0.1983
-13.9669 75.0032 -30.6441 18.6857 1650406244584 1640301.2500 -0.1979
-14.0567 74.9378 -30.2324 16.4386 1650406244613 1640330.7500 -0.1979
-14.3245 74.5723 -29.8680 19.6371 1650406244642 1640359.5000 -0.1979
-14.3357 74.7297 -29.9661 16.0164 1650406244671 1640388.7500 -0.1980
-14.4891 74.9554 -30.0040 16.8664 1650406244699 1640417.7500 -0.1984
-14.2212 75.3320 -30.5831 15.1166 1650406244729 1640446.5000 -0.1984
-13.8611 75.8705 -31.5969 14.9201 1650406244757 1640475.5000 -0.1984
-13.7984 75.5449 -32.0523 19.1312 1650406244786 1640504.2500 -0.1984
-10.5511 78.3817 -35.9047 21.4411 1650406244815 1640533.2500 -0.1984
-12.7545 76.0931 -34.6293 16.4453 1650406244844 1640562.2500 -0.1984
-13.3473 75.0676 -34.6054 20.3706 1650406244873 1640591.2500 -0.1989
-11.9178 76.5225 -36.7811 26.3406 1650406244902 1640620.2500 -0.1989
-11.7457 76.7968 -38.1905 22.8866 1650406244931 1640649.2500 -0.1989
-12.6733 76.0937 -38.1945 19.3152 1650406244961 1640678.2500 -0.1989
-12.4151 76.5139 -39.4959 22.1238 1650406244990 1640707.2500 -0.1989
-12.7012 76.1984 -39.7288 21.1684 1650406245018 1640736.2500 -0.1989
-11.7334 77.0495 -41.2528 18.1265 1650406245047 1640765.2500 -0.1989
-13.5687 75.5342 -40.3491 18.2095 1650406245076 1640796.7500 -0.1989
-12.1860 76.8917 -41.9902 16.9944 1650406245105 1640823.0000 -0.1989
-12.5376 76.6046 -41.8639 14.6543 1650406245134 1640852.0000 -0.1989
-13.1455 75.8521 -41.0576 22.3263 1650406245163 1640881.0000 -0.1984
-13.3009 75.7306 -41.0404 19.5543 1650406245192 1640910.0000 -0.1984
-13.1345 76.0731 -40.7973 12.8702 1650406245221 1640938.7500 -0.1984
-12.7021 76.8651 -41.2445 14.8524 1650406245250 1640967.7500 -0.1984
-13.4705 75.8564 -39.5493 14.6899 1650406245279 1640996.7500 -0.1984
-13.7995 75.3035 -38.4889 18.4243 1650406245308 1641027.2500 -0.1984
-12.6570 76.7284 -38.9254 29.0237 1650406245337 1641055.7500 -0.1979
-14.2505 75.1549 -36.5411 22.1180 1650406245366 1641083.7500 -0.1979
-13.0811 75.9846 -36.3685 23.8654 1650406245395 1641114.2500 -0.1979
-13.9606 75.0718 -34.6364 21.9516 1650406245424 1641141.5000 -0.1979
-13.2286 75.2652 -33.8912 22.6727 1650406245453 1641170.7500 -0.1980
-14.2820 75.0348 -32.9295 22.8646 1650406245482 1641199.7500 -0.1984
-13.4873 75.0658 -32.0859 20.2436 1650406245511 1641228.7500 -0.1984
-14.0139 74.8937 -31.6117 16.8934 1650406245540 1641257.7500 -0.1984
-13.8090 75.1398 -31.2034 15.1315 1650406245569 1641286.7500 -0.1984
-13.5560 75.0661 -30.5184 19.1120 1650406245597 1641315.7500 -0.1984
-14.1755 74.9369 -30.1420 16.1340 1650406245627 1641344.7500 -0.1989
-14.1967 74.5733 -29.8692 16.1035 1650406245655 1641373.7500 -0.1989
-14.2952 74.8589 -29.9493 17.4313 1650406245684 1641402.7500 -0.1989
-14.1738 74.8994 -30.0686 18.3377 1650406245713 1641431.7500 -0.1989
-14.1218 75.5490 -31.0664 18.1471 1650406245743 1641460.7500 -0.1989
-13.7834 75.8715 -31.8993 16.7769 1650406245772 1641489.7500 -0.1994
-13.8721 75.3899 -32.1832 14.0955 1650406245801 1641518.7500 -0.1994
-13.6651 74.9267 -32.7848 20.3989 1650406245830 1641548.7500 -0.1994
-11.9513 76.3587 -35.1457 22.5429 1650406245859 1641576.0000 -0.1994
-12.8224 75.4268 -35.1117 23.0001 1650406245888 1641605.5000 -0.1994
-11.8668 76.5882 -37.1790 25.3358 1650406245916 1641634.2500 -0.1993
-11.7858 76.5117 -38.1936 25.0558 1650406245945 1641663.2500 -0.1989
-12.3817 76.6580 -38.7862 21.2270 1650406245974 1641692.2500 -0.1989
-12.1070 76.7578 -40.0339 19.7643 1650406246003 1641721.2500 -0.1989
-12.9115 76.0951 -39.8763 15.5476 1650406246032 1641750.2500 -0.1989
-12.3856 76.2781 -40.6964 19.4101 1650406246061 1641779.2500 -0.1984
-12.4180 76.3711 -41.2905 17.8811 1650406246090 1641809.5000 -0.1984
-12.6156 76.2787 -41.6063 14.9937 1650406246120 1641838.2500 -0.1984
-12.8649 76.1003 -41.3571 14.7876 1650406246149 1641866.2500 -0.1984
-13.5811 75.6915 -40.9299 15.1023 1650406246177 1641896.5000 -0.1979
-13.7291 75.4157 -40.6231 18.5254 1650406246207 1641924.2500 -0.1979
-12.9819 76.1317 -40.8828 15.9541 1650406246235 1641953.2500 -0.1979
-12.2986 76.7994 -40.8966 21.7327 1650406246264 1641982.0000 -0.1979
-13.8432 75.2932 -38.8057 18.1850 1650406246293 1642011.0000 -0.1979
-13.2091 76.0754 -38.9121 18.1747 1650406246322 1642040.0000 -0.1979
-12.3964 76.7992 -38.8473 22.8885 1650406246351 1642068.7500 -0.1979
-13.5985 75.4810 -36.4243 24.2821 1650406246380 1642097.7500 -0.1979
-12.8557 76.3722 -36.5348 25.2873 1650406246409 1642126.7500 -0.1984
-14.0039 75.3057 -34.5549 21.0051 1650406246438 1642155.7500 -0.1984
-12.9895 75.8792 -34.3885 21.1891 1650406246467 1642184.7500 -0.1984
-14.1567 75.0731 -32.6851 19.6180 1650406246496 1642213.7500 -0.1984
-13.1601 75.4158 -32.3097 19.4669 1650406246525 1642242.7500 -0.1984
-13.9504 74.8427 -31.3257 20.6344 1650406246554 1642271.7500 -0.1984
-13.8488 74.8414 -30.7117 22.3490 1650406246583 1642300.7500 -0.1985
-14.0761 74.7977 -30.2664 19.2106 1650406246612 1642332.5000 -0.1989
-14.2023 74.7953 -30.0073 19.2139 1650406246641 1642358.2500 -0.1989
-14.4341 74.5072 -29.7784 18.4729 1650406246670 1642387.7500 -0.1989
-14.2143 74.9621 -30.0341 19.9940 1650406246699 1642416.7500 -0.1989
-14.4469 75.1378 -30.3315 19.8567 1650406246728 1642445.7500 -0.1989
-14.0728 75.4358 -31.1672 17.3533 1650406246756 1642474.7500 -0.1989
-13.7843 75.5000 -31.7280 20.6551 1650406246786 1642503.7500 -0.1989
-13.8207 74.8981 -31.9807 18.6589 1650406246814 1642532.7500 -0.1988
-12.8877 75.1771 -33.4511 20.6641 1650406246844 1642563.0000 -0.1984
-11.9567 76.7212 -35.7030 23.7668 1650406246873 1642591.0000 -0.1984
-12.2883 76.1987 -36.2765 20.3084 1650406246902 1642619.7500 -0.1984
-11.6816 76.6509 -37.4041 24.2498 1650406246931 1642649.7500 -0.1984
-12.0759 76.6629 -38.5788 19.8412 1650406246960 1642679.0000 -0.1979
-11.9448 76.9492 -39.3418 19.8654 1650406246989 1642706.5000 -0.1979
-12.0052 76.9949 -40.4830 24.8793 1650406247018 1642735.2500 -0.1979
-11.8226 77.0133 -40.9046 17.2795 1650406247047 1642764.2500 -0.1979
-12.8511 76.4360 -40.9651 16.2642 1650406247075 1642793.2500 -0.1974
-12.8988 75.8704 -40.8863 22.3811 1650406247105 1642822.2500 -0.1974
-12.2556 76.8831 -42.1775 21.4435 1650406247133 1642851.2500 -0.1979
-12.8903 76.0884 -41.5038 14.6856 1650406247162 1642880.2500 -0.1979
-13.5620 75.4373 -40.9068 14.8689 1650406247191 1642909.2500 -0.1979
-13.0544 75.9922 -41.1056 15.8203 1650406247220 1642938.2500 -0.1979
-12.8614 76.5298 -41.0159 15.6348 1650406247249 1642967.2500 -0.1979
-12.7428 76.5911 -40.6865 15.6684 1650406247278 1642996.2500 -0.1979
-13.6331 75.4885 -39.0123 17.1078 1650406247308 1643025.2500 -0.1979
-12.4775 76.9036 -39.3733 20.7100 1650406247336 1643054.2500 -0.1979
-12.7901 76.6790 -38.4188 22.2379 1650406247366 1643084.5000 -0.1980
-13.7087 75.7656 -36.4515 20.0356 1650406247394 1643111.5000 -0.1984
-12.9455 76.1575 -36.1282 23.0738 1650406247423 1643141.0000 -0.1984
-13.8077 75.3786 -34.3051 23.2975 1650406247452 1643169.7500 -0.1984
-13.7067 75.4467 -33.7567 25.0345 1650406247481 1643198.7500 -0.1984
-13.7632 75.2072 -32.5054 18.4477 1650406247510 1643227.7500 -0.1984
-13.0004 76.2281 -33.0593 24.8332 1650406247539 1643256.7500 -0.1984
-14.1037 74.9376 -30.9337 23.6150 1650406247568 1643285.7500 -0.1979
-13.3247 75.7777 -31.3684 17.3573 1650406247597 1643314.7500 -0.1979
-13.6167 75.0786 -30.3253 26.1504 1650406247626 1643343.2500 -0.1979
-14.2667 74.9039 -30.2114 23.1611 1650406247655 1643372.5000 -0.1979
-14.3239 74.8719 -30.1019 18.0714 1650406247685 1643401.7500 -0.1979
-14.5232 75.0021 -30.1539 20.2143 1650406247713 1643430.7500 -0.1979
-14.2428 75.1720 -30.5494 24.7434 1650406247742 1643459.7500 -0.1979
-14.0211 75.6114 -31.4053 19.7119 1650406247771 1643488.7500 -0.1979
-13.7040 75.5447 -31.9748 16.5924 1650406247800 1643517.7500 -0.1974
-13.6901 74.6561 -32.1426 23.9932 1650406247829 1643546.7500 -0.1974
-12.4159 75.9061 -34.3363 24.7762 1650406247858 1643575.7500 -0.1974
-13.1091 75.2349 -34.6438 21.1658 1650406247887 1643604.7500 -0.1974
-11.9208 76.4951 -36.7753 22.6750 1650406247916 1643633.7500 -0.1974
-12.1842 76.3019 -37.5948 20.2232 1650406247945 1643662.7500 -0.1974
-12.2421 76.5273 -38.5948 23.9794 1650406247973 1643691.7500 -0.1974
-12.1619 76.5920 -39.4380 20.5917 1650406248002 1643720.7500 -0.1974
-12.4502 76.6259 -40.2286 20.4253 1650406248032 1643749.7500 -0.1974
-12.0504 76.7530 -40.9159 15.5968 1650406248061 1643778.5000 -0.1974
-13.5548 75.3651 -40.0712 23.6793 1650406248090 1643807.5000 -0.1977
-12.2088 76.6475 -41.7826 23.5006 1650406248119 1643836.2500 -0.1979
-12.4100 76.6271 -42.1809 18.8989 1650406248148 1643866.5000 -0.1979
-13.1702 76.0171 -41.3546 19.7329 1650406248177 1643893.7500 -0.1979
-13.4020 75.7722 -41.1391 16.1205 1650406248206 1643923.2500 -0.1979
-13.1768 76.2249 -41.0141 18.3221 1650406248234 1643952.2500 -0.1979
-12.8168 76.5915 -40.8502 17.5957 1650406248264 1643981.2500 -0.1979
-13.8585 75.6297 -39.2615 16.6504 1650406248292 1644010.2500 -0.1979
-13.4019 75.7184 -38.9983 16.9578 1650406248321 1644039.2500 -0.1982
-12.7993 76.6111 -38.9482 21.8151 1650406248350 1644068.2500 -0.1984
-14.3092 75.3476 -36.7034 22.3339 1650406248379 1644097.2500 -0.1984
-13.1336 75.9368 -36.3704 28.2352 1650406248408 1644125.5000 -0.1984
-10.6251 78.3973 -38.1667 25.1894 1650406248437 1644155.0000 -0.1984
-13.5489 75.5508 -34.2864 27.3759 1650406248467 1644184.0000 -0.1984
-14.0321 74.8939 -32.8688 19.4402 1650406248496 1644214.0000 -0.1984
-13.6063 75.4657 -32.5862 22.5743 1650406248525 1644242.0000 -0.1979
-13.9611 75.1307 -31.9056 22.1213 1650406248553 1644271.0000 -0.1979
-13.7568 74.8282 -30.7870 24.3053 1650406248582 1644299.7500 -0.1979
-13.9981 75.2362 -30.6867 17.0652 1650406248611 1644328.7500 -0.1979
-14.1530 74.9792 -30.2338 17.1525 1650406248640 1644357.7500 -0.1979
-14.2666 74.6683 -30.0253 17.1881 1650406248669 1644386.7500 -0.1979
-14.4220 74.9230 -30.2035 21.6352 1650406248698 1644415.7500 -0.1974
-14.3408 74.9606 -30.0765 19.9772 1650406248727 1644444.7500 -0.1974
-14.3491 75.4981 -31.0172 19.5546 1650406248756 1644473.7500 -0.1974
-13.7403 75.8118 -32.0550 22.5650 1650406248785 1644502.7500 -0.1974
-13.6276 75.3736 -32.1894 16.0828 1650406248814 1644531.7500 -0.1974
-13.6018 74.7063 -32.5612 21.4696 1650406248844 1644560.7500 -0.1974
-11.9210 76.5603 -35.2182 23.5414 1650406248872 1644589.7500 -0.1974
-12.3354 76.2086 -36.0402 19.9527 1650406248901 1644618.7500 -0.1974
-11.9075 76.6479 -37.1456 26.6579 1650406248930 1644648.5000 -0.1979
-12.9776 75.4716 -37.1915 20.0227 1650406248959 1644676.7500 -0.1979
-11.9751 76.6232 -38.7209 25.2693 1650406248988 1644705.7500 -0.1979
-12.6999 76.3749 -39.5469 21.0441 1650406249017 1644734.7500 -0.1979
-12.5569 76.6112 -40.2656 20.9242 1650406249046 1644763.7500 -0.1979
-12.7216 76.2310 -40.6151 15.1170 1650406249075 1644792.7500 -0.1984
-13.6067 75.4433 -40.4034 17.4265 1650406249104 1644821.7500 -0.1984
-12.3621 76.6537 -41.9151 16.8285 1650406249132 1644850.7500 -0.1984
-12.1750 77.1114 -42.3923 20.8454 1650406249162 1644880.5000 -0.1984
-13.7293 75.2834 -40.7531 16.6061 1650406249191 1644909.7500 -0.1984
-13.4083 75.7914 -40.9249 16.1390 1650406249220 1644937.5000 -0.1984
-13.0584 76.1012 -40.8692 17.0696 1650406249249 1644967.7500 -0.1984
-12.9083 76.5287 -40.6537 18.2552 1650406249278 1644995.0000 -0.1984
-13.6915 75.6149 -39.2525 15.7334 1650406249307 1645024.2500 -0.1984
-13.4029 75.7469 -38.7579 20.2359 1650406249336 1645053.2500 -0.1984
-12.4729 76.7538 -38.7990 24.9928 1650406249365 1645082.2500 -0.1979
-13.7910 75.3227 -36.3768 24.6353 1650406249394 1645111.2500 -0.1979
-12.6771 75.9117 -36.1165 25.6775 1650406249423 1645140.2500 -0.1979
-14.0880 75.3163 -34.5983 26.6250 1650406249451 1645169.2500 -0.1979
-12.9301 75.5957 -34.2422 18.7093 1650406249480 1645198.2500 -0.1979
-14.1850 75.1906 -32.8348 21.1195 1650406249509 1645227.2500 -0.1979
-13.6701 75.6226 -32.6097 19.2668 1650406249538 1645256.2500 -0.1974
-14.0426 74.8846 -31.3518 21.6488 1650406249567 1645285.2500 -0.1974
-13.8665 75.4096 -31.2028 22.3942 1650406249596 1645314.0000 -0.1974
-13.9973 75.3175 -30.7534 18.9916 1650406249626 1645343.0000 -0.1974
-14.2097 75.0750 -30.3416 16.9614 1650406249655 1645372.0000 -0.1974
-14.2914 74.7503 -30.0934 17.5655 1650406249684 1645400.5000 -0.1974
-14.3988 74.9920 -30.1774 18.6361 1650406249712 1645429.2500 -0.1974
-14.6076 75.0771 -30.2927 22.7557 1650406249742 1645458.7500 -0.1974
-13.9939 75.7822 -31.3587 20.1032 1650406249770 1645487.7500 -0.1977
-13.5819 75.8322 -32.1028 27.0474 1650406249799 1645516.7500 -0.1979
-13.9224 75.0296 -32.0367 19.2239 1650406249828 1645545.7500 -0.1979
-13.4641 75.1185 -33.2993 20.2185 1650406249857 1645574.7500 -0.1979
-11.9013 76.7564 -35.7467 23.2763 1650406249886 1645603.7500 -0.1979
-12.1961 76.1664 -36.2570 18.2567 1650406249915 1645632.7500 -0.1979
-11.7124 76.5929 -37.3745 22.7020 1650406249944 1645664.5000 -0.1979
-11.8301 76.6893 -38.5296 23.1403 1650406249973 1645690.5000 -0.1984
-11.9341 76.8996 -39.3557 21.4083 1650406250003 1645719.7500 -0.1984
-12.1655 76.6193 -40.1399 27.8785 1650406250031 1645748.5000 -0.1984
-12.6556 76.6302 -40.4894 20.7437 1650406250060 1645777.7500 -0.1984
-13.3777 75.4586 -40.0041 17.8390 1650406250089 1645806.7500 -0.1984
-13.4852 75.4042 -40.4801 19.1172 1650406250118 1645835.7500 -0.1984
-12.2423 76.8322 -42.2762 19.5395 1650406250147 1645864.7500 -0.1984
-13.3595 75.6525 -40.9330 13.2402 1650406250176 1645893.7500 -0.1984
-13.5323 75.6304 -40.9898 15.8926 1650406250205 1645922.7500 -0.1984
-13.1898 75.9331 -41.0618 12.3159 1650406250234 1645951.7500 -0.1984
-13.0472 76.1388 -40.7242 12.1750 1650406250263 1645980.7500 -0.1979
-12.9191 76.3997 -40.4490 19.0033 1650406250291 1646009.5000 -0.1979
-13.7228 75.5736 -39.0570 15.7655 1650406250321 1646038.5000 -0.1979
-12.8832 76.6053 -39.1620 17.9734 1650406250350 1646067.2500 -0.1979
-12.4291 76.8429 -38.6631 26.8686 1650406250379 1646096.2500 -0.1979
-13.8278 75.7303 -36.5050 24.1477 1650406250408 1646125.2500 -0.1979
-12.7046 76.3051 -36.2871 25.5960 1650406250437 1646154.2500 -0.1974
-13.9304 75.6048 -34.6489 21.2622 1650406250466 1646182.5000 -0.1974
-13.3651 75.9694 -34.2857 22.0285 1650406250495 1646212.0000 -0.1974
-14.0000 75.3505 -32.7995 26.3418 1650406250524 1646241.2500 -0.1974
-13.5443 75.3704 -32.1577 17.0280 1650406250553 1646270.2500 -0.1976
-14.1540 75.0057 -31.2635 19.0192 1650406250582 1646299.2500 -0.1979
-13.9115 75.3229 -31.0447 18.2152 1650406250610 1646328.2500 -0.1979
-14.1194 75.5335 -30.8770 16.4395 1650406250639 1646357.2500 -0.1979
-14.2653 74.9237 -30.2422 13.6227 1650406250668 1646386.2500 -0.1979
-14.2122 74.7293 -30.0079 21.0564 1650406250697 1646416.5000 -0.1979
-14.4162 74.9156 -30.1145 19.3926 1650406250726 1646446.5000 -0.1984
-14.3917 75.0462 -30.3684 19.5746 1650406250756 1646473.0000 -0.1984
-13.7210 75.9442 -31.8109 20.6930 1650406250784 1646502.0000 -0.1984
-13.7241 75.6393 -32.1639 19.3887 1650406250814 1646530.5000 -0.1984
-13.9880 74.8978 -32.3032 18.9330 1650406250843 1646559.7500 -0.1984
-12.4511 76.1677 -34.4950 22.8800 1650406250871 1646588.7500 -0.1984
-13.0876 75.4070 -34.7016 24.0252 1650406250901 1646617.7500 -0.1984
-12.0288 75.9967 -36.2762 19.8649 1650406250929 1646646.7500 -0.1984
-12.0744 76.7579 -37.8478 24.1458 1650406250958 1646675.7500 -0.1984
-12.7177 76.0031 -37.8835 26.1451 1650406250987 1646704.7500 -0.1984
-12.0838 76.6073 -39.3648 20.5391 1650406251016 1646733.7500 -0.1984
-13.0463 75.8427 -39.5110 21.2379 1650406251045 1646762.7500 -0.1984
-12.5708 76.2152 -40.2333 24.0504 1650406251074 1646791.7500 -0.1984
-12.3650 76.5293 -41.2863 20.8460 1650406251103 1646820.7500 -0.1979
-13.4284 75.4412 -40.6545 19.7826 1650406251132 1646849.7500 -0.1979
-12.2237 76.6146 -42.1281 20.5625 1650406251161 1646878.7500 -0.1974
-12.6446 76.1433 -41.5881 17.2128 1650406251190 1646907.7500 -0.1974
-13.4256 75.6178 -41.0595 15.1559 1650406251220 1646936.7500 -0.1974
-12.9729 76.2103 -41.1375 16.2463 1650406251248 1646965.5000 -0.1974
-13.0638 76.2824 -40.6764 16.9920 1650406251277 1646994.7500 -0.1974
-13.7646 75.6190 -39.4942 17.3716 1650406251306 1647023.7500 -0.1974
-13.6506 75.8160 -38.9658 19.6452 1650406251335 1647052.7500 -0.1974
-12.3560 76.7823 -39.1526 18.1349 1650406251364 1647081.7500 -0.1974
-12.7783 76.7333 -38.1469 20.4141 1650406251393 1647110.5000 -0.1974
-13.5021 76.1745 -36.5879 25.4823 1650406251422 1647139.5000 -0.1974
-13.6537 75.6316 -35.4095 21.9205 1650406251450 1647168.5000 -0.1976
-13.8952 75.4084 -34.1942 19.8331 1650406251480 1647198.5000 -0.1979
-13.8535 75.2100 -33.2261 25.7951 1650406251509 1647227.2500 -0.1979
-13.7201 75.6351 -32.6417 25.2596 1650406251538 1647255.2500 -0.1979
-13.6891 75.4378 -32.1237 21.8118 1650406251567 1647287.0000 -0.1979
-14.1506 75.4423 -31.4016 17.9865 1650406251596 1647313.2500 -0.1979
-14.0913 75.2909 -31.0523 22.7054 1650406251625 1647342.2500 -0.1984
-14.0832 75.1828 -30.3323 20.9214 1650406251654 1647371.2500 -0.1984
-14.2747 74.9485 -30.3083 21.8393 1650406251683 1647400.2500 -0.1984
-14.4437 74.8441 -30.1185 20.6615 1650406251712 1647429.2500 -0.1984
-14.3077 75.0187 -30.1992 22.2806 1650406251741 1647458.2500 -0.1984
-14.1547 75.2808 -30.6876 21.4214 1650406251769 1647487.2500 -0.1984
-13.6289 76.1390 -31.9970 20.7085 1650406251799 1647516.2500 -0.1984
-13.9459 75.5382 -32.1040 19.7809 1650406251827 1647545.0000 -0.1984
-14.0273 74.8315 -32.5043 18.4120 1650406251856 1647574.0000 -0.1984
-12.2156 76.4928 -35.1527 25.9893 1650406251885 1647603.0000 -0.1979
-13.2477 74.9835 -34.7184 22.0065 1650406251915 1647631.7500 -0.1979
-11.9374 76.5778 -37.1095 29.5846 1650406251944 1647660.7500 -0.1979
-12.9626 75.5250 -37.0869 18.9220 1650406251973 1647689.7500 -0.1979
-12.0462 76.7860 -38.9010 24.1396 1650406252002 1647718.5000 -0.1979
-11.9367 76.6909 -39.9207 23.9229 1650406252031 1647749.0000 -0.1979
-12.1937 76.8021 -40.5133 21.4341 1650406252060 1647776.7500 -0.1979
-12.4152 76.6659 -41.0226 18.0369 1650406252088 1647805.7500 -0.1979
-13.3453 75.5912 -40.4868 21.3814 1650406252117 1647834.7500 -0.1974
-12.8262 76.0961 -41.3840 18.5220 1650406252146 1647863.7500 -0.1974
-12.7657 76.4261 -41.7791 15.1953 1650406252175 1647892.7500 -0.1979
-13.5278 75.6416 -41.0276 18.3216 1650406252204 1647921.7500 -0.1979
-13.4322 75.6942 -40.8701 24.8450 1650406252233 1647952.2500 -0.1979
-13.1542 76.2840 -40.8353 16.5524 1650406252262 1647979.0000 -0.1979
-12.9232 76.5500 -40.7236 21.9960 1650406252291 1648008.7500 -0.1979
-14.0590 75.2937 -39.0336 18.7384 1650406252320 1648039.0000 -0.1979
-13.8040 75.6627 -38.6701 17.0738 1650406252349 1648066.0000 -0.1980
-12.4338 76.7591 -38.9370 24.4186 1650406252379 1648095.7500 -0.1984
-14.1312 75.6347 -36.6053 21.3724 1650406252407 1648124.7500 -0.1984
-12.8800 76.3765 -36.6517 19.0269 1650406252436 1648153.7500 -0.1984
-14.3127 75.4391 -34.6580 20.4311 1650406252465 1648182.7500 -0.1984
-12.9120 75.7896 -34.3389 20.0289 1650406252494 1648211.7500 -0.1984
-10.4385 78.5604 -36.2559 25.0824 1650406252523 1648240.5000 -0.1984
-13.0925 76.2033 -33.1379 20.5247 1650406252552 1648269.5000 -0.1984
-13.9383 75.2845 -31.7730 23.2418 1650406252581 1648298.2500 -0.1985
-13.9836 75.0670 -30.9058 24.8640 1650406252610 1648327.2500 -0.1989
-14.2595 75.3603 -30.8813 18.9138 1650406252639 1648356.2500 -0.1989
-14.3535 74.9336 -30.1017 18.6637 1650406252667 1648385.2500 -0.1989
-14.3506 74.5161 -29.8464 18.9479 1650406252697 1648414.2500 -0.1988
-14.5516 74.9923 -30.1926 16.9384 1650406252726 1648443.2500 -0.1984
-14.4080 74.9830 -30.2087 19.6171 1650406252755 1648472.2500 -0.1984
-14.0177 75.6213 -31.1926 19.5791 1650406252784 1648500.5000 -0.1984
-13.6857 75.9027 -32.0052 23.2529 1650406252813 1648530.2500 -0.1984
-14.0092 75.2607 -32.2156 21.1674 1650406252842 1648559.2500 -0.1984
-13.6429 75.0114 -33.1133 18.3538 1650406252871 1648588.2500 -0.1984
-12.1378 76.4593 -35.4298 22.1128 1650406252900 1648617.2500 -0.1984
-12.0159 76.2460 -36.2411 23.5297 1650406252928 1648646.0000 -0.1984
-11.8462 76.8050 -37.5643 25.3367 1650406252958 1648675.0000 -0.1982
-12.1113 76.6335 -38.4632 23.3474 1650406252986 1648704.0000 -0.1979
-11.9097 76.9747 -39.4906 25.1260 1650406253015 1648734.5000 -0.1979
-11.9612 76.4793 -39.9707 24.1650 1650406253044 1648761.5000 -0.1979
-12.7352 76.0653 -40.0155 19.2858 1650406253074 1648790.7500 -0.1982
-12.3392 76.4844 -40.9921 19.4334 1650406253102 1648821.2500 -0.1984
-13.4966 75.4619 -40.5652 20.7528 1650406253132 1648848.7500 -0.1984
-12.6889 76.1554 -41.6796 22.0406 1650406253161 1648877.7500 -0.1984
-12.1433 76.6656 -42.0678 17.8478 1650406253190 1648906.7500 -0.1984
-12.5971 76.3921 -41.7109 15.1835 1650406253219 1648935.7500 -0.1984
-13.4668 75.8815 -41.0958 17.0490 1650406253247 1648964.7500 -0.1984
-12.6737 76.4396 -41.1536 15.3246 1650406253277 1648993.7500 -0.1984
-12.6678 76.8989 -40.9655 17.1150 1650406253305 1649022.7500 -0.1987
-13.8257 75.5630 -39.0560 20.2460 1650406253334 1649051.7500 -0.1989
-12.9764 76.4196 -39.0773 19.4260 1650406253363 1649080.7500 -0.1989
-12.3040 77.0437 -38.9382 27.9513 1650406253392 1649109.7500 -0.1989
-13.9108 75.7981 -36.5707 18.9686 1650406253421 1649138.7500 -0.1989
-12.8342 76.2977 -36.2183 19.8695 1650406253450 1649167.7500 -0.1989
-13.8925 75.1957 -34.2068 20.9693 1650406253479 1649196.7500 -0.1989
-13.0816 75.8058 -34.1932 28.3297 1650406253508 1649225.7500 -0.1989
-13.8464 74.9707 -32.3470 26.1615 1650406253537 1649254.7500 -0.1989
-12.7866 75.8475 -32.6774 21.4675 1650406253566 1649285.0000 -0.1989
-14.0587 74.9818 -31.1569 23.8878 1650406253595 1649312.7500 -0.1989
-13.9220 75.4171 -31.1975 18.8583 1650406253624 1649341.5000 -0.1989
-14.0789 75.3620 -30.6486 17.4678 1650406253653 1649370.5000 -0.1989
-14.1637 75.0915 -30.2307 16.4742 1650406253682 1649399.2500 -0.1984
-14.3246 74.9404 -30.2685 15.8308 1650406253711 1649428.2500 -0.1984
-14.4728 74.9290 -30.2775 18.4452 1650406253740 1649457.2500 -0.1984
-14.0429 75.2012 -30.2864 18.3076 1650406253769 1649486.2500 -0.1984
-14.0634 75.7124 -31.4271 17.4214 1650406253798 1649516.2500 -0.1984
-14.0528 75.4876 -31.7337 24.0994 1650406253826 1649544.0000 -0.1984
-14.1643 74.9526 -32.2337 15.1708 1650406253857 1649573.2500 -0.1982
-13.1453 75.7287 -34.1393 20.4484 1650406253885 1649601.7500 -0.1979
-12.4539 76.1333 -35.4600 16.6030 1650406253914 1649631.2500 -0.1979
-12.0446 76.3368 -36.6605 24.7484 1650406253943 1649660.2500 -0.1979
-11.8909 76.7850 -37.9435 26.2748 1650406253972 1649689.2500 -0.1982
-12.6061 76.2093 -37.8149 23.3980 1650406253994 1649711.0000 -0.1984
