-29.2976 49.0994 -63.3300 0.0000 1650410335435 799120.0000 -0.1994
-30.0618 47.7459 -61.0579 0.0000 1650410335487 799174.0000 -0.1989
-29.5485 47.8401 -61.3648 0.0000 1650410335541 799228.0000 -0.1994
-30.5129 48.3279 -59.4014 0.0000 1650410335595 799282.0000 -0.1989
-30.1434 44.6095 -59.9565 0.0000 1650410335650 799335.0000 -0.1994
-27.8752 45.8221 -57.4506 0.0000 1650410335704 799389.0000 -0.1994
-26.9041 45.6175 -57.8739 0.0000 1650410335758 799443.0000 -0.1994
-26.8973 43.2490 -56.8807 0.0000 1650410335812 799497.0000 -0.1989
-28.2327 46.3302 -55.8327 0.0000 1650410335866 799551.0000 -0.1989
-27.2845 43.5032 -58.7809 0.0000 1650410335920 799605.0000 -0.1989
-27.3697 43.8156 -54.5904 0.0000 1650410335974 799659.0000 -0.1989
-28.1880 42.0786 -57.3530 0.0000 1650410336029 799713.0000 -0.1984
-27.7617 45.6247 -55.9571 0.0000 1650410336083 799767.0000 -0.1984
-27.0714 45.2548 -56.7547 0.0000 1650410336135 799821.0000 -0.1984
-28.5000 44.6114 -55.5588 0.0000 1650410336189 799875.0000 -0.1989
-26.1806 45.2665 -55.7637 0.0000 1650410336243 799929.0000 -0.1994
-28.5109 44.2186 -56.4783 0.0000 1650410336297 799983.0000 -0.1989
-26.7036 44.3911 -57.0681 0.0000 1650410336351 800037.0000 -0.1989
-27.3684 44.6483 -55.8682 0.0000 1650410336405 800091.0000 -0.1984
-26.3050 42.6878 -56.9620 0.0000 1650410336460 800145.0000 -0.1989
-25.9470 44.3537 -56.8980 0.0000 1650410336514 800199.0000 -0.1989
-27.2328 41.8428 -55.1118 0.0000 1650410336568 800253.0000 -0.1984
-28.0749 42.1779 -56.8784 0.0000 1650410336622 800307.0000 -0.1989
-27.0348 43.0879 -53.7020 0.0000 1650410336676 800361.0000 -0.1984
-27.5814 42.7014 -56.9035 0.0000 1650410336728 800415.0000 -0.1989
-27.3484 44.0812 -56.0109 0.0000 1650410336783 800469.0000 -0.1994
-25.8503 43.5541 -55.0059 0.0000 1650410336837 800523.0000 -0.1989
-27.3574 45.7449 -56.0306 0.0000 1650410336891 800577.0000 -0.1989
-26.9081 43.5731 -56.3853 0.0000 1650410336945 800631.0000 -0.1984
-27.4208 43.6273 -54.7210 0.0000 1650410336999 800684.0000 -0.1989
-27.3727 40.6657 -54.0723 0.0000 1650410337053 800738.0000 -0.1989
-27.5976 42.7750 -55.3536 0.0000 1650410337107 800792.0000 -0.1984
-26.1882 43.5139 -54.9126 0.0000 1650410337161 800846.0000 -0.1989
-27.7758 43.4009 -55.7927 0.0000 1650410337216 800900.0000 -0.1989
-28.1324 43.1644 -56.4403 0.0000 1650410337270 800954.0000 -0.1989
-27.9024 42.3656 -56.2211 0.0000 1650410337324 801008.0000 -0.1989
-26.8226 38.7556 -54.2270 0.0000 1650410337376 801062.0000 -0.1989
-27.9037 44.0177 -56.1455 0.0000 1650410337430 801116.0000 -0.1984
-29.8064 40.5462 -54.5419 0.0000 1650410337484 801170.0000 -0.1984
-26.5228 44.6741 -54.4735 0.0000 1650410337538 801224.0000 -0.1989
-27.2031 42.7252 -53.9452 0.0000 1650410337593 801278.0000 -0.1989
-27.1276 43.3531 -53.5879 0.0000 1650410337647 801332.0000 -0.1984
-26.6082 41.8874 -55.3691 0.0000 1650410337701 801386.0000 -0.1984
-26.7529 42.7408 -53.8796 0.0000 1650410337755 801440.0000 -0.1984
-26.5329 41.0527 -54.5186 0.0000 1650410337809 801494.0000 -0.1989
-26.4511 40.1710 -52.2929 0.0000 1650410337863 801548.0000 -0.1989
-24.9405 40.9758 -53.9378 0.0000 1650410337918 801602.0000 -0.1984
-29.0049 41.6525 -52.0384 0.0000 1650410337970 801656.0000 -0.1984
-26.3216 41.3906 -54.6467 0.0000 1650410338024 801710.0000 -0.1984
-28.4685 40.1385 -53.5051 0.0000 1650410338078 801764.0000 -0.1989
-26.7315 40.1868 -53.8656 0.0000 1650410338132 801818.0000 -0.1984
-26.7790 41.8781 -54.1002 0.0000 1650410338186 801872.0000 -0.1984
-27.2187 39.3104 -54.5520 0.0000 1650410338240 801926.0000 -0.1984
-27.0375 42.1061 -55.0770 0.0000 1650410338294 801980.0000 -0.1984
-27.9446 40.0108 -54.9304 0.0000 1650410338348 802033.0000 -0.1984
-27.8212 40.9499 -52.9498 0.0000 1650410338403 802087.0000 -0.1984
-28.0787 41.0197 -53.7890 0.0000 1650410338457 802141.0000 -0.1984
-27.6765 43.6030 -54.4146 0.0000 1650410338511 802195.0000 -0.1984
-27.5562 43.9245 -53.9898 0.0000 1650410338565 802249.0000 -0.1984
-25.8603 41.6459 -54.7434 0.0000 1650410338617 802303.0000 -0.1984
-25.6785 40.1698 -53.9040 0.0000 1650410338672 802357.0000 -0.1984
-26.2264 43.7499 -53.2714 0.0000 1650410338726 802411.0000 -0.1979
-26.0128 42.1519 -53.5174 0.0000 1650410338780 802465.0000 -0.1979
-26.7280 43.6872 -54.2616 0.0000 1650410338834 802519.0000 -0.1979
-26.1524 41.4774 -52.6170 0.0000 1650410338888 802573.0000 -0.1984
-27.4699 43.3701 -55.5369 0.0000 1650410338942 802627.0000 -0.1984
-27.1336 44.0776 -55.4155 0.0000 1650410338996 802681.0000 -0.1979
-27.7912 42.4302 -54.1085 0.0000 1650410339050 802735.0000 -0.1979
-27.7971 41.8038 -53.9348 0.0000 1650410339104 802789.0000 -0.1984
-26.8482 42.9535 -54.9866 0.0000 1650410339159 802843.0000 -0.1984
-25.4155 42.0542 -53.8066 0.0000 1650410339211 802897.0000 -0.1984
-26.9432 43.0471 -55.3554 0.0000 1650410339265 802951.0000 -0.1979
-26.3019 45.5771 -54.8569 0.0000 1650410339319 803005.0000 -0.1979
-25.0327 43.4502 -56.8152 0.0000 1650410339373 803059.0000 -0.1979
-26.9319 43.8062 -56.0084 0.0000 1650410339427 803113.0000 -0.1984
-27.0835 37.5459 -55.6118 0.0000 1650410339481 803167.0000 -0.1984
-25.2316 44.3188 -54.2758 0.0000 1650410339536 803221.0000 -0.1979
-23.5144 42.2382 -55.4394 0.0000 1650410339590 803275.0000 -0.1979
-26.2917 43.5219 -54.9284 0.0000 1650410339644 803329.0000 -0.1979
-28.3175 38.9891 -56.4104 0.0000 1650410339698 803382.0000 -0.1984
-26.1570 42.8357 -56.4814 0.0000 1650410339752 803436.0000 -0.1979
-25.1179 41.9233 -54.9877 0.0000 1650410339804 803490.0000 -0.1979
-26.3092 44.2440 -55.5193 0.0000 1650410339858 803544.0000 -0.1979
-27.0588 42.9081 -58.0590 0.0000 1650410339913 803598.0000 -0.1979
-27.5704 44.7649 -56.6701 0.0000 1650410339967 803652.0000 -0.1979
-26.7950 41.5500 -56.4154 0.0000 1650410340021 803706.0000 -0.1979
-25.7804 42.2062 -56.7967 0.0000 1650410340075 803760.0000 -0.1979
-27.5397 41.6877 -57.0972 0.0000 1650410340129 803814.0000 -0.1979
-25.9371 43.9970 -56.2099 0.0000 1650410340183 803868.0000 -0.1979
-26.5503 40.6165 -56.3554 0.0000 1650410340237 803922.0000 -0.1979
-26.8322 40.9269 -56.1345 0.0000 1650410340291 803976.0000 -0.1974
-27.2753 41.0382 -58.9754 0.0000 1650410340346 804030.0000 -0.1974
-26.4053 41.4029 -57.3492 0.0000 1650410340400 804084.0000 -0.1974
-26.3544 41.2650 -57.4773 0.0000 1650410340452 804138.0000 -0.1969
-26.6096 42.4028 -55.3414 0.0000 1650410340506 804192.0000 -0.1974
-26.9988 43.4199 -56.0749 0.0000 1650410340560 804246.0000 -0.1974
-28.1104 44.7160 -56.1109 0.0000 1650410340615 804300.0000 -0.1965
-24.9716 44.5232 -56.3082 0.0000 1650410340669 804354.0000 -0.1965
-26.9503 45.6410 -55.7148 0.0000 1650410340723 804408.0000 -0.1969
-26.6797 41.1126 -56.4322 0.0000 1650410340777 804462.0000 -0.1969
-26.4349 44.5519 -53.7720 0.0000 1650410340831 804516.0000 -0.1965
-27.6928 42.4265 -57.8841 0.0000 1650410340885 804570.0000 -0.1965
-27.0987 43.6124 -58.0304 0.0000 1650410340939 804624.0000 -0.1965
-29.1929 43.2389 -56.6867 0.0000 1650410340993 804678.0000 -0.1965
-26.5925 40.8465 -55.6428 0.0000 1650410341045 804731.0000 -0.1969
-26.8585 43.5426 -54.3616 0.0000 1650410341100 804785.0000 -0.1969
-26.5648 42.8578 -55.3078 0.0000 1650410341154 804839.0000 -0.1969
-27.5387 43.7082 -56.2794 0.0000 1650410341208 804893.0000 -0.1965
-28.4933 46.1096 -54.8327 0.0000 1650410341262 804947.0000 -0.1969
-27.3980 42.7152 -55.0293 0.0000 1650410341316 805001.0000 -0.1974
-28.3164 42.3801 -57.7157 0.0000 1650410341370 805055.0000 -0.1969
-26.9683 43.8859 -55.6279 0.0000 1650410341424 805109.0000 -0.1965
-27.5262 42.4227 -56.0004 0.0000 1650410341478 805163.0000 -0.1969
-26.7326 41.2473 -54.2722 0.0000 1650410341533 805217.0000 -0.1969
-26.7222 41.7925 -53.2992 0.0000 1650410341587 805271.0000 -0.1974
-27.2226 42.6521 -53.4563 0.0000 1650410341641 805325.0000 -0.1965
-27.1833 40.7639 -53.4447 0.0000 1650410341693 805379.0000 -0.1965
-26.3268 42.3186 -54.6448 0.0000 1650410341747 805433.0000 -0.1965
-26.4528 42.7357 -53.0168 0.0000 1650410341801 805487.0000 -0.1969
-27.8653 41.2825 -53.3828 0.0000 1650410341856 805541.0000 -0.1969
-25.6614 41.7507 -55.9928 0.0000 1650410341910 805595.0000 -0.1965
-27.2172 41.0831 -55.4444 0.0000 1650410341964 805649.0000 -0.1965
-28.2282 43.9217 -56.2021 0.0000 1650410342018 805703.0000 -0.1965
-27.1983 41.8778 -55.4745 0.0000 1650410342072 805757.0000 -0.1969
-28.1113 41.7876 -53.6472 0.0000 1650410342126 805811.0000 -0.1969
-28.4317 42.6952 -52.0045 0.0000 1650410342180 805865.0000 -0.1969
-26.3555 41.7681 -53.3499 0.0000 1650410342235 805919.0000 -0.1969
-26.7579 40.0543 -53.9425 0.0000 1650410342287 805973.0000 -0.1969
-27.8209 41.8141 -53.7022 0.0000 1650410342341 806027.0000 -0.1969
-26.8541 41.4240 -54.0780 0.0000 1650410342395 806080.0000 -0.1969
-25.8741 43.7266 -54.5946 0.0000 1650410342449 806134.0000 -0.1965
-25.8895 43.9227 -54.8632 0.0000 1650410342503 806188.0000 -0.1960
-26.8909 40.8263 -55.8259 0.0000 1650410342557 806242.0000 -0.1960
-26.7288 41.3578 -53.7999 0.0000 1650410342612 806296.0000 -0.1965
-25.5614 38.5303 -52.6392 0.0000 1650410342666 806350.0000 -0.1965
-26.6929 41.6144 -52.3750 0.0000 1650410342720 806404.0000 -0.1965
-26.2921 41.9307 -53.6953 0.0000 1650410342774 806458.0000 -0.1965
-26.6583 39.8673 -50.8834 0.0000 1650410342828 806512.0000 -0.1965
-27.4553 39.6851 -52.7790 0.0000 1650410342882 806566.0000 -0.1965
-26.4825 41.1113 -52.6072 0.0000 1650410342934 806620.0000 -0.1965
-26.4338 43.5362 -54.5652 0.0000 1650410342988 806674.0000 -0.1960
-26.3151 40.5410 -51.5094 0.0000 1650410343043 806728.0000 -0.1960
-24.8968 40.9297 -53.7044 0.0000 1650410343097 806782.0000 -0.1960
-26.1403 40.6844 -53.8266 0.0000 1650410343151 806836.0000 -0.1965
-25.8080 41.5687 -53.3194 0.0000 1650410343205 806890.0000 -0.1965
-26.9428 40.6408 -53.6925 0.0000 1650410343259 806944.0000 -0.1965
-26.0494 42.5935 -54.8577 0.0000 1650410343313 806998.0000 -0.1960
-24.7750 43.5774 -53.5343 0.0000 1650410343367 807052.0000 -0.1960
-24.6874 41.5005 -53.8718 0.0000 1650410343421 807106.0000 -0.1965
-24.4754 39.6649 -55.1558 0.0000 1650410343476 807160.0000 -0.1969
-25.3789 42.4683 -55.2260 0.0000 1650410343528 807214.0000 -0.1965
-28.1533 43.5472 -55.5547 0.0000 1650410343582 807268.0000 -0.1965
-25.9820 45.1591 -55.1542 0.0000 1650410343636 807322.0000 -0.1965
-28.9548 39.9760 -57.2808 0.0000 1650410343690 807376.0000 -0.1969
-26.3315 44.2246 -55.5991 0.0000 1650410343745 807430.0000 -0.1974
-27.3609 40.3891 -57.8576 0.0000 1650410343799 807483.0000 -0.1969
-27.6445 43.1636 -55.8845 0.0000 1650410343853 807537.0000 -0.1969
-27.3858 43.5673 -57.1558 0.0000 1650410343907 807591.0000 -0.1969
-28.5506 44.6377 -56.9426 0.0000 1650410343961 807645.0000 -0.1969
-27.4460 41.0051 -56.5308 0.0000 1650410344015 807699.0000 -0.1969
-25.5932 45.0165 -55.9930 0.0000 1650410344069 807753.0000 -0.1965
-26.4651 43.6302 -56.6410 0.0000 1650410344123 807807.0000 -0.1965
-26.4492 42.5536 -56.4775 0.0000 1650410344175 807861.0000 -0.1965
-28.9965 42.1873 -54.9646 0.0000 1650410344230 807915.0000 -0.1969
-27.8535 43.9195 -53.8480 0.0000 1650410344284 807969.0000 -0.1969
-27.3896 42.9460 -56.4115 0.0000 1650410344338 808023.0000 -0.1969
-27.5794 43.1312 -56.4774 0.0000 1650410344392 808077.0000 -0.1965
-26.4680 43.0370 -57.9308 0.0000 1650410344446 808131.0000 -0.1965
-26.3825 43.5151 -56.3826 0.0000 1650410344500 808185.0000 -0.1969
-26.7348 40.9276 -58.5936 0.0000 1650410344555 808239.0000 -0.1965
-27.3912 44.8564 -57.1393 0.0000 1650410344609 808293.0000 -0.1960
-27.6190 38.5427 -56.4433 0.0000 1650410344663 808347.0000 -0.1965
-27.9256 41.1578 -56.6261 0.0000 1650410344717 808401.0000 -0.1965
-29.3318 39.7617 -56.0077 0.0000 1650410344769 808455.0000 -0.1965
-27.5002 43.1395 -57.9422 0.0000 1650410344823 808509.0000 -0.1969
-27.1932 44.8829 -57.7289 0.0000 1650410344877 808563.0000 -0.1965
-26.2600 45.4631 -57.4915 0.0000 1650410344932 808617.0000 -0.1965
-28.1187 44.9963 -57.2834 0.0000 1650410344986 808671.0000 -0.1965
-27.9565 42.0243 -56.3919 0.0000 1650410345040 808725.0000 -0.1969
-26.1803 38.2037 -56.5638 0.0000 1650410345094 808779.0000 -0.1965
-27.1589 41.5237 -55.7635 0.0000 1650410345148 808832.0000 -0.1965
-27.4755 36.7757 -55.2691 0.0000 1650410345202 808886.0000 -0.1960
-27.6262 44.9370 -52.5096 0.0000 1650410345256 808940.0000 -0.1960
-26.2203 39.1759 -56.5933 0.0000 1650410345310 808994.0000 -0.1965
-26.5134 41.9226 -54.0831 0.0000 1650410345363 809048.0000 -0.1969
-26.3351 41.8145 -55.8563 0.0000 1650410345417 809102.0000 -0.1965
-27.8514 42.1797 -54.9465 0.0000 1650410345471 809156.0000 -0.1965
-26.6762 42.6465 -53.8514 0.0000 1650410345525 809210.0000 -0.1965
-27.3852 41.7035 -54.3482 0.0000 1650410345579 809264.0000 -0.1965
-26.3934 40.8493 -52.4303 0.0000 1650410345633 809318.0000 -0.1969
-26.6684 40.6108 -52.9969 0.0000 1650410345687 809372.0000 -0.1960
-27.8989 41.0217 -53.9191 0.0000 1650410345741 809426.0000 -0.1965
-27.6446 37.0444 -51.5642 0.0000 1650410345796 809480.0000 -0.1965
-26.0346 38.0231 -54.9970 0.0000 1650410345850 809534.0000 -0.1969
-26.3940 39.7753 -52.4954 0.0000 1650410345904 809588.0000 -0.1969
-26.5945 41.4594 -55.3716 0.0000 1650410345958 809642.0000 -0.1969
-27.5598 40.8534 -56.3219 0.0000 1650410346010 809696.0000 -0.1965
-26.8649 41.7213 -54.5524 0.0000 1650410346064 809750.0000 -0.1965
-26.0142 41.6033 -54.4295 0.0000 1650410346118 809804.0000 -0.1969
-25.3811 42.1461 -54.6130 0.0000 1650410346173 809858.0000 -0.1965
-28.4719 39.5343 -54.3590 0.0000 1650410346227 809912.0000 -0.1965
-26.3921 42.2877 -54.1566 0.0000 1650410346281 809966.0000 -0.1965
-27.1350 41.2355 -54.0808 0.0000 1650410346335 810020.0000 -0.1965
-29.2561 42.7809 -53.5139 0.0000 1650410346389 810074.0000 -0.1969
-27.9717 41.7355 -55.1961 0.0000 1650410346444 810128.0000 -0.1969
-26.0127 41.8059 -54.8754 0.0000 1650410346497 810181.0000 -0.1965
-29.6301 43.7540 -54.9400 0.0000 1650410346552 810235.0000 -0.1965
-25.5917 42.3265 -55.0402 0.0000 1650410346604 810289.0000 -0.1969
-26.3723 37.3537 -52.9370 0.0000 1650410346658 810343.0000 -0.1969
-27.6779 42.3313 -54.0548 0.0000 1650410346712 810397.0000 -0.1969
-27.6344 41.5363 -53.8179 0.0000 1650410346766 810451.0000 -0.1965
-27.0875 42.1313 -52.8159 0.0000 1650410346820 810505.0000 -0.1965
-27.5697 36.8929 -54.1889 0.0000 1650410346874 810559.0000 -0.1969
-27.9923 41.6467 -53.1400 0.0000 1650410346929 810613.0000 -0.1969
-27.8284 42.9377 -52.9188 0.0000 1650410346983 810667.0000 -0.1969
-28.4339 43.4435 -56.4369 0.0000 1650410347037 810721.0000 -0.1969
-28.8923 42.1539 -54.5511 0.0000 1650410347091 810775.0000 -0.1965
-25.4100 44.6828 -54.9073 0.0000 1650410347145 810829.0000 -0.1969
-26.1883 41.5785 -52.4098 0.0000 1650410347199 810883.0000 -0.1974
-26.5245 44.8393 -54.3700 0.0000 1650410347251 810937.0000 -0.1969
-27.1105 43.5878 -55.0182 0.0000 1650410347305 810991.0000 -0.1969
-26.3621 43.6779 -54.9552 0.0000 1650410347360 811045.0000 -0.1969
-27.6599 43.2074 -55.6806 0.0000 1650410347414 811099.0000 -0.1969
-24.6258 42.9941 -55.0107 0.0000 1650410347468 811153.0000 -0.1974
-28.5426 40.5247 -55.2388 0.0000 1650410347522 811207.0000 -0.1974
-27.0970 43.7967 -56.3594 0.0000 1650410347576 811261.0000 -0.1974
-27.3934 38.9848 -54.3249 0.0000 1650410347631 811315.0000 -0.1969
-27.2930 42.6911 -55.8048 0.0000 1650410347685 811369.0000 -0.1974
-26.0254 40.8547 -56.4203 0.0000 1650410347739 811423.0000 -0.1979
-27.0861 41.0529 -55.2919 0.0000 1650410347793 811477.0000 -0.1974
-25.3677 43.2908 -54.8532 0.0000 1650410347845 811530.0000 -0.1969
-26.0106 38.3975 -54.2085 0.0000 1650410347899 811584.0000 -0.1969
-27.2037 42.8604 -55.2728 0.0000 1650410347953 811638.0000 -0.1969
-28.1702 41.2340 -55.4175 0.0000 1650410348007 811692.0000 -0.1974
-26.7691 43.1792 -56.6845 0.0000 1650410348062 811746.0000 -0.1974
-27.8698 43.3516 -55.6385 0.0000 1650410348116 811800.0000 -0.1969
-25.8370 42.0993 -56.0736 0.0000 1650410348170 811854.0000 -0.1969
-26.8497 40.9063 -55.7548 0.0000 1650410348224 811908.0000 -0.1974
-26.1060 42.3308 -55.9786 0.0000 1650410348278 811962.0000 -0.1974
-27.7384 44.6047 -52.8888 0.0000 1650410348332 812016.0000 -0.1969
-27.6195 44.0036 -57.1279 0.0000 1650410348386 812070.0000 -0.1969
-25.9676 42.0746 -55.4800 0.0000 1650410348440 812124.0000 -0.1969
-27.0232 39.4008 -58.6475 0.0000 1650410348493 812178.0000 -0.1974
-27.5928 43.1727 -56.3631 0.0000 1650410348547 812232.0000 -0.1974
-27.5193 44.3968 -57.7172 0.0000 1650410348601 812286.0000 -0.1974
-28.1962 43.4426 -56.5888 0.0000 1650410348655 812340.0000 -0.1974
-27.0848 44.3322 -58.6331 0.0000 1650410348709 812394.0000 -0.1969
-26.7195 41.2855 -56.5274 0.0000 1650410348763 812448.0000 -0.1974
-27.7850 44.9243 -56.7772 0.0000 1650410348817 812502.0000 -0.1974
-27.9408 43.0199 -57.7880 0.0000 1650410348872 812556.0000 -0.1974
-25.8309 43.4470 -55.9901 0.0000 1650410348926 812610.0000 -0.1974
-28.3635 39.7010 -56.5730 0.0000 1650410348980 812664.0000 -0.1974
-27.9784 43.6539 -57.5620 0.0000 1650410349034 812718.0000 -0.1974
-28.8423 42.5018 -57.6110 0.0000 1650410349086 812772.0000 -0.1979
-25.0966 43.4486 -55.6585 0.0000 1650410349141 812826.0000 -0.1979
-26.6298 41.7415 -55.5498 0.0000 1650410349194 812879.0000 -0.1974
-27.5839 42.2745 -51.9038 0.0000 1650410349248 812933.0000 -0.1974
-25.7789 40.3490 -56.0244 0.0000 1650410349303 812987.0000 -0.1979
-27.3289 44.2931 -56.9169 0.0000 1650410349357 813041.0000 -0.1979
-27.4452 41.5622 -55.5098 0.0000 1650410349411 813095.0000 -0.1974
-26.2052 40.5094 -54.7644 0.0000 1650410349465 813149.0000 -0.1974
-26.8887 43.3916 -54.9214 0.0000 1650410349519 813203.0000 -0.1974
-28.7007 42.1969 -54.2775 0.0000 1650410349573 813257.0000 -0.1974
-28.3557 39.6743 -54.5040 0.0000 1650410349628 813311.0000 -0.1979
-28.0246 42.2296 -53.2607 0.0000 1650410349680 813365.0000 -0.1984
-28.5889 42.7267 -54.5839 0.0000 1650410349734 813419.0000 -0.1984
-28.0321 43.2656 -54.3766 0.0000 1650410349788 813473.0000 -0.1979
-26.4827 42.2329 -53.6469 0.0000 1650410349842 813527.0000 -0.1984
-26.7932 42.7948 -52.1705 0.0000 1650410349896 813581.0000 -0.1984
-26.5990 41.1781 -55.1466 0.0000 1650410349950 813635.0000 -0.1979
-26.3028 41.6241 -52.8809 0.0000 1650410350004 813689.0000 -0.1979
-25.8446 43.6160 -53.0192 0.0000 1650410350059 813743.0000 -0.1979
-28.6072 42.1128 -54.8038 0.0000 1650410350113 813797.0000 -0.1984
-25.9521 41.8516 -54.6084 0.0000 1650410350167 813851.0000 -0.1984
-27.7385 41.9401 -53.0836 0.0000 1650410350221 813905.0000 -0.1984
-26.4953 39.6344 -54.5476 0.0000 1650410350275 813959.0000 -0.1984
-27.3332 38.8034 -54.7815 0.0000 1650410350327 814013.0000 -0.1979
-27.4459 36.9579 -53.2248 0.0000 1650410350381 814067.0000 -0.1984
-27.2080 41.7235 -52.9774 0.0000 1650410350436 814121.0000 -0.1984
-26.9493 41.5768 -54.4897 0.0000 1650410350490 814175.0000 -0.1979
-25.8294 37.5582 -54.5750 0.0000 1650410350544 814228.0000 -0.1979
-27.1929 39.1219 -53.8392 0.0000 1650410350598 814282.0000 -0.1979
-28.2451 41.4006 -53.6173 0.0000 1650410350652 814336.0000 -0.1979
-26.1976 41.2169 -52.3873 0.0000 1650410350706 814390.0000 -0.1984
-26.2944 42.8097 -52.9498 0.0000 1650410350761 814444.0000 -0.1984
-25.6859 41.6176 -54.2776 0.0000 1650410350815 814498.0000 -0.1979
-25.1883 40.9492 -52.5002 0.0000 1650410350869 814552.0000 -0.1979
-26.5452 41.4796 -53.8619 0.0000 1650410350921 814606.0000 -0.1984
-26.3093 41.4803 -52.2400 0.0000 1650410350975 814660.0000 -0.1984
-27.6553 41.9415 -55.1486 0.0000 1650410351029 814714.0000 -0.1979
-26.5682 41.1123 -52.8744 0.0000 1650410351083 814768.0000 -0.1979
-26.7117 39.6122 -52.4008 0.0000 1650410351137 814822.0000 -0.1979
-24.8856 43.8995 -52.2893 0.0000 1650410351191 814876.0000 -0.1984
-25.9809 45.6283 -54.8584 0.0000 1650410351246 814930.0000 -0.1989
-27.5784 44.1870 -55.6962 0.0000 1650410351300 814984.0000 -0.1984
-27.4653 43.5004 -55.1842 0.0000 1650410351354 815038.0000 -0.1984
-26.8892 44.1139 -55.4313 0.0000 1650410351408 815092.0000 -0.1979
-24.4687 43.4843 -54.3263 0.0000 1650410351462 815146.0000 -0.1989
-26.5897 39.2524 -55.3532 0.0000 1650410351516 815200.0000 -0.1984
-26.0366 43.9978 -55.7737 0.0000 1650410351569 815254.0000 -0.1984
-28.1461 39.3839 -56.5616 0.0000 1650410351623 815308.0000 -0.1984
-26.8842 44.7597 -55.6229 0.0000 1650410351677 815362.0000 -0.1984
-25.8895 40.2610 -55.7066 0.0000 1650410351731 815416.0000 -0.1984
-26.5440 42.2416 -55.6706 0.0000 1650410351785 815470.0000 -0.1989
-28.5692 42.6266 -56.3517 0.0000 1650410351839 815524.0000 -0.1989
-25.8180 41.5099 -56.5128 0.0000 1650410351893 815577.0000 -0.1984
-26.9197 45.2503 -54.1980 0.0000 1650410351947 815631.0000 -0.1979
-27.5035 43.2264 -55.3501 0.0000 1650410352002 815685.0000 -0.1984
-26.6181 40.0387 -56.8312 0.0000 1650410352056 815739.0000 -0.1984
-28.5161 43.6321 -57.3391 0.0000 1650410352110 815793.0000 -0.1979
-28.1578 40.9084 -56.6269 0.0000 1650410352162 815847.0000 -0.1979
-27.2930 45.3118 -56.7965 0.0000 1650410352216 815901.0000 -0.1979
-27.7685 43.5494 -56.7420 0.0000 1650410352270 815955.0000 -0.1979
-26.7267 44.0264 -56.3755 0.0000 1650410352325 816009.0000 -0.1984
-26.7212 41.1356 -57.6242 0.0000 1650410352379 816063.0000 -0.1979
-27.2958 43.3286 -56.2298 0.0000 1650410352433 816117.0000 -0.1979
-28.8176 43.4007 -56.5627 0.0000 1650410352487 816171.0000 -0.1979
-26.9351 43.3226 -58.0466 0.0000 1650410352541 816225.0000 -0.1984
-29.0080 43.6350 -57.6898 0.0000 1650410352595 816279.0000 -0.1984
-26.1968 41.4844 -57.3246 0.0000 1650410352649 816333.0000 -0.1979
-26.6945 42.3233 -57.3734 0.0000 1650410352703 816387.0000 -0.1979
-27.9673 43.5091 -55.5059 0.0000 1650410352758 816441.0000 -0.1984
-26.9364 44.1057 -56.9013 0.0000 1650410352810 816495.0000 -0.1984
-28.3447 43.2630 -56.1711 0.0000 1650410352864 816549.0000 -0.1989
-28.2240 38.4993 -55.7304 0.0000 1650410352918 816603.0000 -0.1989
-27.9824 43.6573 -57.9464 0.0000 1650410352972 816657.0000 -0.1989
-25.3658 44.2092 -54.8863 0.0000 1650410353026 816711.0000 -0.1984
-28.2893 42.3358 -55.4851 0.0000 1650410353080 816765.0000 -0.1989
-27.8762 38.6362 -56.8307 0.0000 1650410353134 816819.0000 -0.1989
-27.6146 44.2645 -54.3262 0.0000 1650410353189 816873.0000 -0.1984
-27.0274 38.7628 -55.5945 0.0000 1650410353243 816927.0000 -0.1984
-25.1386 43.1048 -50.8663 0.0000 1650410353297 816980.0000 -0.1984
-26.8066 39.8013 -54.6020 0.0000 1650410353351 817034.0000 -0.1989
-28.4738 41.8753 -54.0401 0.0000 1650410353403 817088.0000 -0.1989
-26.7441 40.6711 -57.1055 0.0000 1650410353458 817142.0000 -0.1989
-26.5114 42.6601 -55.0017 0.0000 1650410353512 817196.0000 -0.1984
-27.6426 43.3808 -53.3615 0.0000 1650410353566 817250.0000 -0.1984
-27.3429 40.0415 -53.3058 0.0000 1650410353620 817304.0000 -0.1989
-26.4935 40.3419 -52.5241 0.0000 1650410353674 817358.0000 -0.1989
-26.9765 41.6807 -53.7735 0.0000 1650410353728 817412.0000 -0.1984
-27.3999 41.0699 -53.6613 0.0000 1650410353782 817466.0000 -0.1984
-26.5044 40.2031 -53.7687 0.0000 1650410353836 817520.0000 -0.1984
-26.1856 38.2963 -52.1893 0.0000 1650410353890 817574.0000 -0.1989
-26.0245 41.1334 -53.6944 0.0000 1650410353945 817628.0000 -0.1989
-27.1671 42.2876 -53.6339 0.0000 1650410353997 817682.0000 -0.1984
-27.3978 39.7046 -56.9232 0.0000 1650410354051 817736.0000 -0.1984
-26.8592 42.6642 -53.8906 0.0000 1650410354105 817790.0000 -0.1989
-26.1898 41.8649 -55.6391 0.0000 1650410354159 817844.0000 -0.1994
-26.7372 41.8784 -54.9045 0.0000 1650410354213 817898.0000 -0.1989
-26.3028 40.6035 -53.8467 0.0000 1650410354267 817952.0000 -0.1989
-27.4236 42.0481 -54.2122 0.0000 1650410354322 818006.0000 -0.1989
-27.1214 35.9416 -52.8156 0.0000 1650410354376 818060.0000 -0.1989
-26.7080 40.8351 -53.8865 0.0000 1650410354430 818114.0000 -0.1989
-26.7163 41.4533 -52.5838 0.0000 1650410354484 818168.0000 -0.1994
-27.5737 41.8211 -53.4866 0.0000 1650410354538 818222.0000 -0.1994
-28.8356 39.0457 -53.7429 0.0000 1650410354592 818276.0000 -0.1989
-26.3129 41.1340 -55.9804 0.0000 1650410354644 818329.0000 -0.1989
-25.4685 41.0752 -55.0776 0.0000 1650410354699 818383.0000 -0.1994
-27.0024 40.7894 -52.6745 0.0000 1650410354753 818437.0000 -0.1989
-26.3582 43.3872 -55.4487 0.0000 1650410354807 818491.0000 -0.1989
-27.3071 40.8424 -54.0000 0.0000 1650410354861 818545.0000 -0.1989
-26.3542 36.9968 -53.5117 0.0000 1650410354915 818599.0000 -0.1989
-28.3320 41.0232 -55.5097 0.0000 1650410354969 818653.0000 -0.1994
-27.4081 41.3173 -54.8722 0.0000 1650410355023 818707.0000 -0.1994
-26.2950 42.6490 -53.9036 0.0000 1650410355078 818761.0000 -0.1989
-26.3477 42.3837 -52.9404 0.0000 1650410355132 818815.0000 -0.1989
-26.2070 41.8600 -54.7582 0.0000 1650410355186 818869.0000 -0.1994
-24.2287 41.9876 -53.5479 0.0000 1650410355238 818923.0000 -0.1994
-25.7472 43.2905 -54.5609 0.0000 1650410355292 818977.0000 -0.1994
-25.6292 42.8934 -54.1743 0.0000 1650410355346 819031.0000 -0.1989
-25.1479 44.4261 -53.9176 0.0000 1650410355400 819085.0000 -0.1989
-27.8542 40.4526 -54.1828 0.0000 1650410355454 819139.0000 -0.1989
-25.3389 43.7126 -55.5221 0.0000 1650410355509 819193.0000 -0.1994
-27.7607 40.4988 -55.7527 0.0000 1650410355563 819247.0000 -0.1994
-26.3482 43.7753 -54.5108 0.0000 1650410355617 819301.0000 -0.1989
-29.6547 39.1659 -55.7232 0.0000 1650410355671 819355.0000 -0.1989
-25.8265 43.4872 -53.6710 0.0000 1650410355725 819409.0000 -0.1989
-28.1693 42.9218 -54.4620 0.0000 1650410355779 819463.0000 -0.1994
-26.0504 45.0689 -55.4862 0.0000 1650410355834 819517.0000 -0.1994
-28.3678 39.8445 -57.0111 0.0000 1650410355886 819571.0000 -0.1989
-25.9987 42.8010 -55.3871 0.0000 1650410355940 819625.0000 -0.1989
-29.0577 42.6658 -55.9847 0.0000 1650410355994 819678.0000 -0.1989
-25.1435 42.5138 -56.8191 0.0000 1650410356048 819732.0000 -0.1994
-27.2223 41.0887 -56.5989 0.0000 1650410356102 819786.0000 -0.1994
-27.7780 41.8757 -55.7434 0.0000 1650410356157 819840.0000 -0.1994
-26.2909 38.5828 -57.2655 0.0000 1650410356210 819894.0000 -0.1994
-27.6895 41.6892 -54.1762 0.0000 1650410356264 819948.0000 -0.1994
-24.6425 40.2022 -54.4985 0.0000 1650410356319 820002.0000 -0.1994
-26.0740 41.7765 -52.3003 0.0000 1650410356373 820056.0000 -0.1994
-25.3227 39.0918 -55.7762 0.0000 1650410356427 820110.0000 -0.1989
-26.5392 42.0638 -56.0578 0.0000 1650410356479 820164.0000 -0.1989
-28.2162 40.9910 -56.6777 0.0000 1650410356533 820218.0000 -0.1994
-25.8841 40.8354 -55.0210 0.0000 1650410356587 820272.0000 -0.1994
-26.2896 39.4337 -56.2117 0.0000 1650410356642 820326.0000 -0.1994
-26.8344 42.0494 -55.7065 0.0000 1650410356696 820380.0000 -0.1989
-27.9748 43.3749 -57.1142 0.0000 1650410356750 820434.0000 -0.1989
-27.3763 40.4493 -56.3475 0.0000 1650410356804 820488.0000 -0.1994
-28.5302 44.8564 -55.8149 0.0000 1650410356858 820542.0000 -0.1999
-28.6839 42.3215 -56.5930 0.0000 1650410356912 820596.0000 -0.1994
-26.3025 46.2604 -57.1957 0.0000 1650410356966 820650.0000 -0.1994
-27.4440 40.4051 -56.0134 0.0000 1650410357020 820704.0000 -0.1989
-27.9908 43.5993 -56.4648 0.0000 1650410357075 820758.0000 -0.1994
-27.5517 41.3698 -55.3635 0.0000 1650410357127 820812.0000 -0.1999
-26.3700 43.6835 -56.4737 0.0000 1650410357181 820866.0000 -0.1999
-27.3891 43.9283 -55.4391 0.0000 1650410357235 820920.0000 -0.1999
-27.1023 41.1960 -56.5102 0.0000 1650410357289 820974.0000 -0.1989
-27.2897 39.3978 -57.3202 0.0000 1650410357343 821027.0000 -0.1994
-26.7638 43.7534 -53.2942 0.0000 1650410357397 821081.0000 -0.1999
-26.9710 41.8173 -56.0168 0.0000 1650410357452 821135.0000 -0.1994
-27.9349 44.3701 -56.2093 0.0000 1650410357506 821189.0000 -0.1989
-27.5694 43.4206 -55.3520 0.0000 1650410357560 821243.0000 -0.1989
-25.3152 41.6188 -52.8137 0.0000 1650410357615 821297.0000 -0.1994
-27.1854 41.7374 -53.1751 0.0000 1650410357668 821351.0000 -0.1994
-26.9485 41.9154 -53.7980 0.0000 1650410357720 821405.0000 -0.1994
-28.0846 43.4359 -55.1229 0.0000 1650410357775 821459.0000 -0.1994
-27.0622 42.2452 -54.0918 0.0000 1650410357828 821513.0000 -0.1989
-27.0841 40.3830 -54.5626 0.0000 1650410357883 821567.0000 -0.1994
-26.2588 41.4212 -54.0545 0.0000 1650410357937 821621.0000 -0.1994
-27.1288 41.4215 -53.6632 0.0000 1650410357991 821675.0000 -0.1989
-26.0399 40.8951 -55.5002 0.0000 1650410358045 821729.0000 -0.1989
-27.7833 39.9968 -54.8797 0.0000 1650410358099 821783.0000 -0.1989
-27.1419 40.7593 -55.3761 0.0000 1650410358153 821837.0000 -0.1989
-27.0171 41.7054 -55.0565 0.0000 1650410358208 821891.0000 -0.1994
-27.9211 40.8864 -52.7411 0.0000 1650410358262 821945.0000 -0.1994
-27.1156 41.9631 -53.5250 0.0000 1650410358316 821999.0000 -0.1989
-25.8828 41.4458 -54.6438 0.0000 1650410358368 822053.0000 -0.1989
-28.8751 42.7238 -54.8749 0.0000 1650410358422 822107.0000 -0.1994
-28.2779 42.6173 -52.0599 0.0000 1650410358476 822161.0000 -0.1994
-27.9915 40.5817 -55.0998 0.0000 1650410358530 822215.0000 -0.1994
-26.5363 41.8605 -55.2106 0.0000 1650410358585 822269.0000 -0.1994
-27.7638 38.4178 -54.6013 0.0000 1650410358639 822323.0000 -0.1989
-26.3650 42.7553 -55.0862 0.0000 1650410358693 822376.0000 -0.1994
-26.3819 42.1741 -55.4013 0.0000 1650410358747 822430.0000 -0.1999
-27.1980 41.6563 -54.6185 0.0000 1650410358801 822484.0000 -0.1994
-27.1316 39.8447 -53.1394 0.0000 1650410358855 822538.0000 -0.1994
-25.7568 42.3093 -52.7529 0.0000 1650410358909 822592.0000 -0.1994
-26.9227 39.8917 -52.4624 0.0000 1650410358961 822646.0000 -0.1999
-26.7843 43.4825 -54.4601 0.0000 1650410359016 822700.0000 -0.1999
-26.1843 40.5556 -54.4984 0.0000 1650410359070 822754.0000 -0.1994
-26.6245 41.7783 -54.3440 0.0000 1650410359124 822808.0000 -0.1989
-25.6969 42.4648 -52.6043 0.0000 1650410359178 822862.0000 -0.1989
-26.1731 42.4546 -52.9714 0.0000 1650410359232 822916.0000 -0.1994
-26.8677 43.0472 -53.4534 0.0000 1650410359287 822970.0000 -0.1994
-26.8846 42.4825 -53.7496 0.0000 1650410359341 823024.0000 -0.1994
-25.4783 41.2332 -54.5733 0.0000 1650410359395 823078.0000 -0.1984
-29.1424 44.2939 -55.1347 0.0000 1650410359449 823132.0000 -0.1984
-27.0652 40.4776 -55.2926 0.0000 1650410359503 823186.0000 -0.1989
-27.5808 43.4102 -53.1644 0.0000 1650410359557 823240.0000 -0.1989
-25.7590 40.2895 -52.5759 0.0000 1650410359609 823294.0000 -0.1984
-27.2231 39.8817 -54.1988 0.0000 1650410359663 823348.0000 -0.1984
-25.6103 43.7470 -54.6025 0.0000 1650410359717 823402.0000 -0.1984
-28.1323 43.3203 -58.3049 0.0000 1650410359771 823456.0000 -0.1989
-27.4263 44.0009 -57.1483 0.0000 1650410359826 823510.0000 -0.1989
-27.3517 42.6050 -60.3908 0.0000 1650410359880 823564.0000 -0.1984
-25.2850 41.8403 -56.8709 0.0000 1650410359934 823618.0000 -0.1984
-26.2468 42.7867 -56.3320 0.0000 1650410359988 823672.0000 -0.1984
-25.6689 43.9888 -55.8952 0.0000 1650410360042 823726.0000 -0.1989
-26.9157 43.9566 -54.7759 0.0000 1650410360096 823779.0000 -0.1989
-26.6095 43.8340 -56.0872 0.0000 1650410360150 823833.0000 -0.1984
-26.0739 40.5773 -57.2156 0.0000 1650410360203 823887.0000 -0.1984
-27.5867 42.6523 -56.8381 0.0000 1650410360257 823941.0000 -0.1984
-26.6258 42.4146 -57.7596 0.0000 1650410360311 823995.0000 -0.1989
-24.6974 42.8390 -58.0940 0.0000 1650410360365 824049.0000 -0.1989
-25.7276 39.5929 -56.4895 0.0000 1650410360419 824103.0000 -0.1984
-27.2093 43.5953 -57.7147 0.0000 1650410360474 824157.0000 -0.1984
-27.4210 42.7101 -58.3306 0.0000 1650410360527 824211.0000 -0.1984
-27.1725 43.2114 -58.0499 0.0000 1650410360582 824265.0000 -0.1989
-25.7433 41.8931 -56.7813 0.0000 1650410360636 824319.0000 -0.1984
-28.9786 43.3782 -57.1272 0.0000 1650410360690 824373.0000 -0.1984
-26.9707 42.3070 -55.3257 0.0000 1650410360744 824427.0000 -0.1984
-28.0529 42.1584 -56.5518 0.0000 1650410360796 824481.0000 -0.1984
-25.9125 42.3531 -56.9396 0.0000 1650410360850 824535.0000 -0.1984
-27.6914 43.8957 -55.7228 0.0000 1650410360905 824589.0000 -0.1989
-29.3348 44.2132 -56.1524 0.0000 1650410360959 824643.0000 -0.1989
-25.7475 44.0476 -56.4037 0.0000 1650410361013 824697.0000 -0.1984
-25.9458 44.7617 -56.7077 0.0000 1650410361067 824751.0000 -0.1984
-27.6450 42.6776 -55.6079 0.0000 1650410361121 824805.0000 -0.1989
-28.4448 44.1357 -54.7173 0.0000 1650410361175 824859.0000 -0.1989
-26.5075 45.6754 -55.1902 0.0000 1650410361229 824913.0000 -0.1984
-26.9682 37.8676 -56.3626 0.0000 1650410361283 824967.0000 -0.1989
-27.1869 43.5215 -56.4027 0.0000 1650410361338 825021.0000 -0.1989
-26.1437 42.2252 -55.7806 0.0000 1650410361392 825074.0000 -0.1989
-28.9839 42.1912 -54.8215 0.0000 1650410361444 825128.0000 -0.1994
-27.7925 42.8491 -55.2483 0.0000 1650410361498 825182.0000 -0.1984
-27.1740 41.6508 -56.0018 0.0000 1650410361552 825236.0000 -0.1984
-27.0824 41.0175 -56.4906 0.0000 1650410361606 825290.0000 -0.1984
-27.1858 42.6657 -54.1399 0.0000 1650410361660 825344.0000 -0.1989
-28.1039 39.6958 -53.6007 0.0000 1650410361714 825398.0000 -0.1989
-25.4699 42.9870 -53.7954 0.0000 1650410361769 825452.0000 -0.1984
-26.7266 41.2141 -51.7783 0.0000 1650410361823 825506.0000 -0.1984
-29.1758 43.8107 -53.7314 0.0000 1650410361877 825560.0000 -0.1984
-27.7394 42.0136 -53.3432 0.0000 1650410361931 825614.0000 -0.1989
-26.3853 40.4923 -53.5075 0.0000 1650410361986 825668.0000 -0.1989
-26.5706 41.1919 -54.9267 0.0000 1650410362037 825722.0000 -0.1989
-27.9134 44.0516 -53.6297 0.0000 1650410362092 825776.0000 -0.1984
-25.7146 37.1730 -55.7570 0.0000 1650410362146 825830.0000 -0.1984
-28.1144 40.7505 -54.3219 0.0000 1650410362200 825884.0000 -0.1994
-26.1683 41.0419 -54.1902 0.0000 1650410362254 825938.0000 -0.1989
-26.3190 39.5405 -54.9852 0.0000 1650410362308 825992.0000 -0.1989
-26.8870 40.9243 -53.7185 0.0000 1650410362362 826046.0000 -0.1984
-28.0610 41.6165 -54.0624 0.0000 1650410362416 826100.0000 -0.1989
-27.1551 37.6533 -54.2200 0.0000 1650410362470 826154.0000 -0.1989
-30.0512 42.2587 -53.6071 0.0000 1650410362525 826208.0000 -0.1989
-25.1690 43.3249 -53.2042 0.0000 1650410362579 826262.0000 -0.1989
-26.5730 41.0082 -53.6396 0.0000 1650410362633 826316.0000 -0.1989
-26.5549 39.9107 -53.3369 0.0000 1650410362685 826370.0000 -0.1989
-26.8231 40.7316 -52.0458 0.0000 1650410362739 826424.0000 -0.1994
-26.4407 42.5364 -53.4147 0.0000 1650410362793 826477.0000 -0.1994
-27.4003 43.2756 -54.8053 0.0000 1650410362847 826531.0000 -0.1989
-25.2073 41.5763 -53.5888 0.0000 1650410362902 826585.0000 -0.1989
-27.2601 42.7273 -54.2621 0.0000 1650410362956 826639.0000 -0.1989
-26.2082 43.6415 -53.5263 0.0000 1650410363010 826693.0000 -0.1994
-28.2556 42.7640 -53.8827 0.0000 1650410363064 826747.0000 -0.1994
-27.2538 41.2476 -53.9589 0.0000 1650410363118 826801.0000 -0.1989
-26.4682 42.4658 -54.2795 0.0000 1650410363173 826855.0000 -0.1989
-27.8459 44.5976 -53.4850 0.0000 1650410363227 826909.0000 -0.1994
-26.8426 43.3862 -54.9229 0.0000 1650410363278 826963.0000 -0.1994
-25.4017 41.7539 -54.2209 0.0000 1650410363333 827017.0000 -0.1994
-26.9749 44.4880 -53.5689 0.0000 1650410363387 827071.0000 -0.1989
-25.9953 42.1099 -55.2997 0.0000 1650410363441 827125.0000 -0.1989
-29.5004 39.8310 -55.2890 0.0000 1650410363495 827179.0000 -0.1989
-26.9509 42.3164 -55.8833 0.0000 1650410363549 827233.0000 -0.1994
-28.9916 41.4440 -56.2400 0.0000 1650410363604 827287.0000 -0.1994
-24.8408 43.1753 -54.6043 0.0000 1650410363658 827341.0000 -0.1994
-26.4700 39.9725 -55.1241 0.0000 1650410363712 827395.0000 -0.1994
-26.3006 43.7970 -55.7115 0.0000 1650410363766 827449.0000 -0.1994
-28.4434 43.0547 -57.7233 0.0000 1650410363820 827503.0000 -0.1994
-27.0460 42.2989 -56.0260 0.0000 1650410363874 827557.0000 -0.1989
-28.1720 41.3323 -55.1191 0.0000 1650410363926 827611.0000 -0.1989
-25.7676 45.2649 -57.6499 0.0000 1650410363980 827665.0000 -0.1989
-25.0308 44.9159 -55.5315 0.0000 1650410364035 827719.0000 -0.1989
-26.1313 42.5283 -52.9632 0.0000 1650410364089 827773.0000 -0.1994
-25.7399 40.2120 -59.4367 0.0000 1650410364143 827826.0000 -0.1994
-27.3289 43.6364 -58.6633 0.0000 1650410364197 827880.0000 -0.1989
-27.2548 39.7049 -56.6180 0.0000 1650410364251 827934.0000 -0.1989
-26.9024 44.7020 -56.1062 0.0000 1650410364305 827988.0000 -0.1989
-26.9818 41.4743 -56.3127 0.0000 1650410364359 828042.0000 -0.1994
-28.3785 44.5938 -55.6064 0.0000 1650410364413 828096.0000 -0.1989
-27.2897 41.6226 -56.4105 0.0000 1650410364468 828150.0000 -0.1989
-28.2308 41.7253 -54.7535 0.0000 1650410364520 828204.0000 -0.1989
-26.9665 42.4190 -57.7039 0.0000 1650410364574 828258.0000 -0.1989
-27.5591 44.2079 -56.4409 0.0000 1650410364628 828312.0000 -0.1994
-26.7996 42.4196 -55.5113 0.0000 1650410364682 828366.0000 -0.1999
-25.5029 45.1403 -56.0715 0.0000 1650410364736 828420.0000 -0.1999
-29.4053 41.2103 -56.0290 0.0000 1650410364791 828474.0000 -0.1989
-28.0211 45.2779 -57.4804 0.0000 1650410364845 828528.0000 -0.1994
-27.8173 44.8405 -58.8319 0.0000 1650410364899 828582.0000 -0.1999
-27.1619 45.0741 -55.5720 0.0000 1650410364953 828636.0000 -0.1994
-26.7147 40.0539 -57.7840 0.0000 1650410365007 828690.0000 -0.1994
