-25.1751 79.7190 -38.5737 30.7972 1650410541384 1005078.7500 -0.1962
-24.9484 79.8904 -38.7810 30.6262 1650410541413 1005107.7500 -0.1960
-25.1653 79.7551 -38.5986 28.3874 1650410541442 1005136.7500 -0.1960
-25.0935 79.7882 -38.6741 28.3743 1650410541471 1005165.7500 -0.1960
-25.0744 79.7388 -38.6697 33.1364 1650410541500 1005194.7500 -0.1960
-25.2330 79.6392 -38.4549 32.8810 1650410541529 1005223.7500 -0.1960
-25.2472 79.7142 -38.5171 32.0679 1650410541558 1005252.7500 -0.1960
-25.3558 79.7166 -38.5501 33.3420 1650410541586 1005283.0000 -0.1960
-25.1843 79.8194 -38.6888 27.3496 1650410541616 1005310.7500 -0.1960
-25.4426 79.5990 -38.4878 25.0337 1650410541645 1005339.7500 -0.1960
-25.2022 79.7518 -38.6180 27.3506 1650410541674 1005368.7500 -0.1960
-25.2407 79.8306 -38.6056 30.1663 1650410541702 1005397.5000 -0.1965
-25.2278 79.8264 -38.5834 22.3782 1650410541732 1005426.5000 -0.1965
-25.3652 79.8068 -38.5846 24.7724 1650410541761 1005455.5000 -0.1965
-25.3958 79.9585 -38.6724 25.4291 1650410541790 1005484.2500 -0.1965
-25.1092 79.8734 -38.6655 27.6055 1650410541819 1005514.5000 -0.1965
-25.2225 80.0668 -38.7867 19.7332 1650410541847 1005541.7500 -0.1965
-25.2672 80.0240 -38.6955 20.5176 1650410541877 1005571.2500 -0.1968
-25.1554 79.9447 -38.7420 27.9368 1650410541905 1005600.0000 -0.1969
-25.3124 79.8803 -38.6187 20.9290 1650410541934 1005629.2500 -0.1969
-25.2248 80.0123 -38.6657 22.5871 1650410541963 1005658.2500 -0.1969
-25.1194 79.9311 -38.6909 22.7131 1650410541992 1005687.2500 -0.1969
-25.1612 79.9325 -38.7383 21.5168 1650410542021 1005716.2500 -0.1969
-25.2561 79.8926 -38.7267 26.5400 1650410542050 1005745.2500 -0.1969
-25.2520 79.7564 -38.7252 27.9646 1650410542080 1005774.2500 -0.1969
-25.1235 79.7201 -38.6810 26.2162 1650410542109 1005803.2500 -0.1969
-25.1726 79.8961 -38.7151 24.7865 1650410542138 1005832.2500 -0.1969
-25.2428 79.7772 -38.7304 24.2005 1650410542166 1005861.2500 -0.1969
-25.1459 79.8416 -38.7143 26.1759 1650410542195 1005890.2500 -0.1969
-25.3590 79.7030 -38.6176 26.6482 1650410542224 1005919.2500 -0.1967
-25.2078 79.8499 -38.6925 25.9969 1650410542253 1005948.2500 -0.1965
-25.0629 79.6661 -38.7466 27.5469 1650410542282 1005977.2500 -0.1965
-25.2472 79.8075 -38.6948 26.4616 1650410542311 1006006.2500 -0.1965
-25.2574 79.8220 -38.7280 23.3645 1650410542340 1006034.7500 -0.1965
-25.1377 79.7355 -38.5776 30.1510 1650410542369 1006063.2500 -0.1965
-25.1676 79.7437 -38.7789 27.5185 1650410542398 1006093.0000 -0.1965
-25.1868 79.7353 -38.7698 32.6964 1650410542427 1006122.0000 -0.1965
-25.2149 79.9018 -38.7145 24.5929 1650410542456 1006151.0000 -0.1965
-25.0428 79.6915 -38.7040 21.1307 1650410542485 1006179.7500 -0.1965
-25.2112 79.7312 -38.6789 33.1912 1650410542514 1006208.7500 -0.1965
-24.9746 79.8206 -38.7479 26.6794 1650410542543 1006237.7500 -0.1968
-25.2891 79.6485 -38.6114 26.1807 1650410542572 1006266.7500 -0.1969
-25.1132 79.9634 -38.7437 22.7590 1650410542601 1006296.2500 -0.1974
-25.0716 79.7628 -38.8329 29.2217 1650410542630 1006324.7500 -0.1974
-25.1200 79.7777 -38.7918 24.3324 1650410542659 1006353.7500 -0.1974
-24.9949 80.0203 -38.7596 26.7898 1650410542688 1006384.0000 -0.1974
-25.1600 79.8440 -38.8355 23.6235 1650410542717 1006411.7500 -0.1974
-24.9301 80.0147 -38.8330 26.5035 1650410542745 1006440.7500 -0.1974
-25.1309 79.9136 -38.8085 26.6910 1650410542775 1006469.7500 -0.1978
-25.0086 79.9917 -38.8414 29.7576 1650410542803 1006498.7500 -0.1979
-25.2256 79.9314 -38.7130 21.4400 1650410542833 1006527.5000 -0.1977
-25.2506 79.9580 -38.7441 21.4510 1650410542861 1006556.5000 -0.1974
-25.1787 79.8533 -38.7849 27.6042 1650410542891 1006585.2500 -0.1977
-25.2031 79.8524 -38.6612 31.9320 1650410542920 1006614.2500 -0.1979
-25.3224 79.8315 -38.6262 26.3748 1650410542949 1006643.2500 -0.1979
-25.0533 79.7678 -38.7566 27.1916 1650410542978 1006672.2500 -0.1979
-25.1249 79.8123 -38.7424 26.8262 1650410543006 1006701.2500 -0.1977
-25.2157 79.8045 -38.6528 25.4550 1650410543036 1006730.2500 -0.1974
-25.0992 79.8292 -38.6665 29.0657 1650410543064 1006759.2500 -0.1974
-25.0477 79.9399 -38.7121 26.7201 1650410543093 1006788.2500 -0.1974
-25.2028 79.6185 -38.7243 24.8959 1650410543122 1006816.5000 -0.1974
-25.0464 79.5585 -38.7157 27.5210 1650410543151 1006846.2500 -0.1969
-25.6408 79.8031 -38.8634 24.5084 1650410543180 1006875.2500 -0.1969
-25.7438 79.7578 -37.6855 33.1945 1650410543209 1006904.2500 -0.1969
-25.2576 80.0413 -37.3605 27.0934 1650410543238 1006933.2500 -0.1969
-25.0582 80.0719 -37.0274 38.7426 1650410543268 1006962.2500 -0.1974
-24.9390 80.2968 -36.2987 18.6151 1650410543297 1006991.2500 -0.1974
-24.6171 80.0570 -35.8629 21.3572 1650410543325 1007020.2500 -0.1974
-24.9504 80.4184 -35.0851 24.1772 1650410543355 1007049.7500 -0.1974
-24.5003 80.5981 -34.6238 16.3267 1650410543383 1007077.7500 -0.1974
-24.8492 80.3613 -33.7996 21.2813 1650410543412 1007107.2500 -0.1974
-24.5543 80.7151 -33.2838 23.9215 1650410543441 1007136.2500 -0.1974
-24.7109 80.3685 -32.6291 25.2745 1650410543470 1007165.2500 -0.1974
-24.6884 80.7336 -32.1712 24.6757 1650410543499 1007194.0000 -0.1979
-24.3882 80.6369 -31.6620 19.7781 1650410543528 1007223.0000 -0.1979
-24.2306 80.8855 -31.5267 17.9623 1650410543557 1007252.0000 -0.1979
-23.9311 80.7856 -31.7386 16.4138 1650410543586 1007280.7500 -0.1979
-23.8463 80.6475 -31.6250 17.8879 1650410543615 1007309.7500 -0.1979
-23.7122 81.0675 -31.6823 14.4091 1650410543644 1007338.7500 -0.1979
-23.8894 80.7444 -31.4764 19.8730 1650410543673 1007367.7500 -0.1979
-24.0907 80.9985 -31.6005 19.2393 1650410543702 1007396.7500 -0.1979
-24.1312 80.7341 -31.4250 18.8707 1650410543731 1007425.7500 -0.1979
-23.8965 80.8392 -31.5282 16.2777 1650410543760 1007454.7500 -0.1979
-24.2047 80.9167 -31.4691 18.3702 1650410543789 1007483.7500 -0.1977
-24.1976 80.6959 -31.5126 16.8317 1650410543818 1007512.7500 -0.1974
-24.2656 80.6751 -31.3806 24.8855 1650410543847 1007541.7500 -0.1974
-24.0654 80.7030 -31.5095 20.2026 1650410543876 1007572.0000 -0.1974
-24.1992 80.6598 -31.3400 16.3989 1650410543904 1007601.0000 -0.1972
-24.4098 80.3999 -31.2106 15.6890 1650410543934 1007628.5000 -0.1969
-23.9773 80.8142 -31.4304 16.7056 1650410543962 1007657.5000 -0.1969
-24.2067 80.5765 -31.3154 19.5607 1650410543991 1007686.5000 -0.1969
-24.1512 80.3951 -31.3703 18.1680 1650410544021 1007715.2500 -0.1969
-24.0701 80.6196 -31.1983 19.7555 1650410544050 1007744.2500 -0.1969
-24.1674 80.5243 -31.3608 16.6604 1650410544079 1007773.2500 -0.1969
-24.4951 80.4179 -31.2057 17.0029 1650410544108 1007802.2500 -0.1969
-24.1329 80.6006 -31.2847 21.7206 1650410544137 1007830.7500 -0.1969
-24.0864 80.6028 -31.2212 17.8511 1650410544166 1007860.0000 -0.1974
-24.3802 80.3281 -31.1445 14.4755 1650410544195 1007889.2500 -0.1974
-24.4280 80.5781 -31.1700 20.3728 1650410544223 1007919.2500 -0.1974
-24.1215 80.4489 -31.3836 24.0851 1650410544252 1007947.2500 -0.1974
-24.2034 80.2216 -31.3511 15.5366 1650410544281 1007976.2500 -0.1974
-24.0965 80.2905 -31.2608 17.0767 1650410544310 1008005.2500 -0.1974
-24.0933 80.2714 -31.2423 16.1770 1650410544339 1008034.2500 -0.1977
-24.1292 80.5683 -31.2652 20.3613 1650410544368 1008063.2500 -0.1979
-24.3142 80.2805 -31.2913 16.6179 1650410544398 1008092.2500 -0.1979
-24.4088 80.1591 -31.1436 18.8235 1650410544427 1008121.2500 -0.1979
-24.1971 80.2738 -31.0985 18.7774 1650410544456 1008150.2500 -0.1979
-24.3603 80.1163 -31.1425 17.7431 1650410544484 1008179.2500 -0.1979
-24.2535 80.3856 -31.1782 19.6054 1650410544514 1008208.2500 -0.1979
-24.5883 80.2314 -30.9746 19.3852 1650410544542 1008237.2500 -0.1979
-24.2138 80.3498 -31.0137 17.1663 1650410544571 1008266.2500 -0.1979
-24.5643 80.1776 -30.9908 15.7632 1650410544600 1008295.0000 -0.1979
-24.2899 80.1288 -31.0771 20.5765 1650410544629 1008324.0000 -0.1977
-24.6046 80.0140 -30.7764 12.0430 1650410544658 1008352.0000 -0.1974
-24.4293 80.4288 -30.9982 18.0542 1650410544687 1008381.7500 -0.1974
-24.3535 80.3831 -31.0552 15.2617 1650410544716 1008410.7500 -0.1974
-24.3066 80.1033 -31.1134 17.3882 1650410544745 1008439.7500 -0.1972
-24.1317 80.2350 -31.0324 19.4859 1650410544774 1008468.7500 -0.1969
-24.3982 80.2145 -31.1264 19.7330 1650410544803 1008497.7500 -0.1969
-24.0849 80.4494 -31.1899 23.3990 1650410544833 1008526.7500 -0.1969
-24.7056 79.9190 -31.2136 18.6127 1650410544861 1008555.7500 -0.1967
-24.4257 79.9058 -32.0287 29.0295 1650410544890 1008584.2500 -0.1965
-24.4647 79.7796 -32.6265 24.2662 1650410544919 1008616.5000 -0.1965
-23.7104 80.1420 -34.0799 19.4997 1650410544948 1008642.7500 -0.1965
-24.2747 79.8095 -34.2203 22.2716 1650410544977 1008671.2500 -0.1965
-23.9849 80.0641 -34.9924 19.5516 1650410545006 1008700.2500 -0.1965
-23.4371 79.8001 -36.3660 27.2975 1650410545035 1008729.5000 -0.1965
-24.4052 79.9244 -36.2942 23.1246 1650410545063 1008758.5000 -0.1968
-23.9524 80.3752 -37.0867 17.1405 1650410545093 1008787.5000 -0.1969
-24.4310 79.7529 -37.8099 24.7600 1650410545121 1008816.2500 -0.1969
-23.9851 79.8851 -38.6066 15.8202 1650410545150 1008845.2500 -0.1969
-24.2665 79.8706 -39.3383 19.2065 1650410545180 1008874.2500 -0.1973
-24.6272 79.7088 -39.6619 23.3379 1650410545209 1008903.2500 -0.1974
-23.9859 79.6896 -40.7109 15.9197 1650410545238 1008932.2500 -0.1974
-24.2425 79.6345 -41.1878 19.5157 1650410545267 1008961.2500 -0.1974
-24.4314 79.9637 -41.6036 13.7812 1650410545296 1008990.2500 -0.1974
-23.8978 79.8113 -42.5173 16.6861 1650410545325 1009019.2500 -0.1974
-24.4028 79.2683 -43.2002 14.8950 1650410545354 1009048.2500 -0.1974
-23.9187 79.5896 -44.0299 15.8354 1650410545382 1009077.2500 -0.1974
-24.1348 79.1937 -44.6131 14.6157 1650410545412 1009106.0000 -0.1974
-24.7087 79.9691 -44.8748 14.6543 1650410545440 1009134.5000 -0.1974
-24.3787 79.8026 -45.8212 15.1213 1650410545469 1009164.2500 -0.1972
-24.8498 79.7379 -46.0498 14.3181 1650410545498 1009193.2500 -0.1969
-24.4749 79.6582 -46.6702 20.1173 1650410545527 1009222.2500 -0.1969
-24.4919 79.5994 -47.4635 17.1793 1650410545556 1009251.2500 -0.1969
-25.0082 79.7950 -47.8291 16.3580 1650410545586 1009280.2500 -0.1967
-24.5505 79.3575 -48.4732 15.2031 1650410545615 1009309.2500 -0.1965
-24.5979 79.8600 -48.8498 20.0284 1650410545644 1009338.2500 -0.1965
-24.9650 79.9800 -49.1616 11.1553 1650410545673 1009368.2500 -0.1965
-25.0466 79.9459 -49.8458 13.5452 1650410545701 1009396.0000 -0.1962
-24.5706 79.7730 -50.4622 14.4054 1650410545730 1009425.0000 -0.1960
-24.5453 79.3850 -50.8549 16.3270 1650410545759 1009453.2500 -0.1960
-25.4472 80.1577 -51.0649 15.9896 1650410545788 1009483.0000 -0.1960
-24.9436 80.1032 -51.5118 14.7971 1650410545817 1009511.7500 -0.1960
-24.7333 79.7213 -51.9808 15.5872 1650410545846 1009540.7500 -0.1963
-24.7573 79.5492 -52.3678 19.7103 1650410545875 1009569.7500 -0.1965
-24.7949 79.6744 -52.3355 14.5432 1650410545904 1009598.7500 -0.1965
-25.0765 79.7712 -52.8071 13.9603 1650410545933 1009627.7500 -0.1965
-24.6774 79.7549 -53.1431 12.9060 1650410545962 1009656.7500 -0.1968
-24.6044 79.7181 -53.1665 13.8378 1650410545992 1009685.7500 -0.1967
-24.5583 79.5977 -53.3557 14.3435 1650410546020 1009714.7500 -0.1965
-23.9718 79.0469 -53.7561 13.6928 1650410546049 1009743.7500 -0.1965
-24.3773 79.5577 -53.7775 12.7824 1650410546078 1009772.7500 -0.1968
-24.3282 79.1234 -54.0752 14.7491 1650410546107 1009801.7500 -0.1969
-25.2955 79.8840 -53.6780 12.4670 1650410546136 1009830.7500 -0.1969
-24.5568 79.2109 -54.1037 14.0784 1650410546165 1009859.5000 -0.1969
-25.6616 80.1913 -53.4699 16.5323 1650410546194 1009889.5000 -0.1969
-24.6763 79.0212 -53.9945 18.8230 1650410546223 1009917.0000 -0.1969
-25.3829 79.8775 -53.5438 17.2789 1650410546252 1009946.2500 -0.1969
-25.3966 79.7747 -53.6606 14.7326 1650410546280 1009975.2500 -0.1969
-25.3453 79.8229 -53.4542 15.9536 1650410546310 1010004.2500 -0.1969
-26.2471 80.5302 -52.8705 16.6146 1650410546339 1010033.2500 -0.1969
-26.1235 80.3671 -52.9133 14.5479 1650410546368 1010062.2500 -0.1967
-25.6501 79.8724 -52.8612 12.7730 1650410546397 1010091.2500 -0.1965
-24.0864 78.2970 -53.3442 14.2354 1650410546426 1010120.2500 -0.1965
-25.6140 79.3267 -52.6052 12.7768 1650410546455 1010150.0000 -0.1965
-25.3512 79.3778 -52.5442 13.8969 1650410546484 1010178.2500 -0.1965
-25.8189 80.0533 -52.0394 16.4426 1650410546513 1010207.2500 -0.1965
-26.0477 80.7434 -51.5573 17.3649 1650410546541 1010236.0000 -0.1965
-25.2568 80.0936 -51.5953 17.0102 1650410546571 1010265.2500 -0.1965
-25.2439 79.5365 -51.4568 16.8791 1650410546599 1010294.2500 -0.1965
-25.4472 79.9270 -50.9236 15.4466 1650410546628 1010323.2500 -0.1965
-23.9308 79.1235 -51.1900 14.5419 1650410546657 1010352.2500 -0.1965
-23.7793 79.2462 -50.7686 23.5819 1650410546687 1010381.2500 -0.1965
-24.8682 79.6479 -49.9276 14.6763 1650410546715 1010410.2500 -0.1965
-24.8004 79.8065 -49.4344 15.0769 1650410546745 1010439.2500 -0.1965
-24.3332 79.7659 -48.8742 18.6282 1650410546774 1010468.2500 -0.1967
-24.5029 79.6802 -48.3239 18.3638 1650410546803 1010497.2500 -0.1969
-24.7491 79.9690 -47.6055 21.1595 1650410546832 1010526.0000 -0.1969
-24.1526 79.9942 -47.1594 20.7277 1650410546860 1010555.0000 -0.1973
-24.0364 79.7155 -46.6466 15.3018 1650410546890 1010584.0000 -0.1974
-24.6001 79.9188 -46.0705 15.5205 1650410546918 1010613.0000 -0.1974
-24.0326 80.1249 -45.6165 18.7667 1650410546947 1010641.7500 -0.1974
-24.4384 79.9848 -44.7196 21.2998 1650410546976 1010670.2500 -0.1978
-24.7662 80.1102 -43.7989 17.3695 1650410547005 1010699.7500 -0.1979
-24.1799 79.9842 -43.0011 20.6568 1650410547034 1010728.7500 -0.1979
-24.5330 80.0142 -42.3630 18.9407 1650410547063 1010757.7500 -0.1979
-24.7477 79.9824 -41.6889 15.4594 1650410547092 1010786.7500 -0.1979
-24.7045 80.1783 -40.9043 14.3241 1650410547121 1010815.7500 -0.1979
-24.5876 79.9738 -40.4370 19.2104 1650410547151 1010844.7500 -0.1979
-24.7571 80.3808 -39.5880 14.0481 1650410547179 1010873.7500 -0.1979
-24.8271 80.3956 -38.8482 22.3723 1650410547208 1010902.5000 -0.1979
-24.6071 80.4486 -38.1778 22.3779 1650410547237 1010933.0000 -0.1979
-24.5522 80.2749 -37.7235 14.4914 1650410547266 1010960.5000 -0.1977
-24.6140 80.3798 -37.0922 26.7360 1650410547295 1010990.7500 -0.1974
-24.5108 80.5643 -36.3113 17.8775 1650410547324 1011018.5000 -0.1974
-24.7871 80.7193 -35.6590 23.4856 1650410547353 1011047.2500 -0.1974
-24.4016 80.6678 -35.0132 28.1047 1650410547382 1011076.2500 -0.1972
-24.6201 80.3899 -34.1431 20.8736 1650410547411 1011105.2500 -0.1969
-24.8653 80.5630 -33.7321 19.1183 1650410547439 1011134.2500 -0.1969
-24.4054 80.6570 -33.0096 20.5411 1650410547469 1011163.2500 -0.1974
-24.5597 80.3020 -32.3015 22.2372 1650410547498 1011192.2500 -0.1972
-24.5915 80.4042 -32.0253 16.1950 1650410547527 1011221.2500 -0.1969
-24.3150 80.8812 -31.4092 18.7202 1650410547556 1011250.2500 -0.1969
-24.1284 80.7647 -31.3956 13.5991 1650410547585 1011279.2500 -0.1974
-24.3213 80.5622 -31.2672 19.2880 1650410547614 1011308.2500 -0.1974
-23.8918 80.6861 -31.6543 16.9898 1650410547643 1011337.2500 -0.1974
-23.7796 81.0883 -31.8314 16.2143 1650410547672 1011366.2500 -0.1974
-23.9089 81.3383 -31.7025 17.6980 1650410547701 1011395.2500 -0.1979
-23.9169 81.0583 -31.7011 15.4158 1650410547730 1011423.5000 -0.1979
-24.0709 81.0711 -31.8213 13.1713 1650410547758 1011454.2500 -0.1979
-24.1014 81.1769 -31.6216 22.0712 1650410547787 1011482.2500 -0.1979
-24.2503 80.8174 -31.6490 19.3784 1650410547816 1011511.2500 -0.1979
-23.9897 81.0437 -31.7584 21.5225 1650410547845 1011540.2500 -0.1979
-24.2285 81.1867 -31.5352 15.7886 1650410547874 1011569.2500 -0.1979
-24.2934 80.9144 -31.5854 16.6811 1650410547904 1011598.2500 -0.1979
-24.1685 80.7809 -31.5349 15.9094 1650410547933 1011627.2500 -0.1979
-24.0330 80.9664 -31.4527 22.4519 1650410547962 1011656.0000 -0.1979
-24.1531 80.6953 -31.4379 19.5171 1650410547991 1011684.5000 -0.1976
-23.9438 80.6227 -31.4487 16.9469 1650410548019 1011714.0000 -0.1974
-24.0000 80.6440 -31.5834 19.3192 1650410548049 1011742.7500 -0.1974
-24.2592 80.6070 -31.4583 22.0704 1650410548077 1011773.0000 -0.1974
-23.9682 80.5564 -31.4625 18.7558 1650410548106 1011800.7500 -0.1974
-24.0523 80.7049 -31.5507 18.8889 1650410548135 1011829.7500 -0.1974
-24.1133 80.7443 -31.5336 24.2367 1650410548164 1011858.7500 -0.1972
-23.9726 80.6902 -31.4009 14.8667 1650410548193 1011887.7500 -0.1969
-24.0413 80.7810 -31.5876 20.8920 1650410548222 1011916.7500 -0.1969
-24.1021 80.6292 -31.5399 20.8232 1650410548251 1011945.7500 -0.1969
-24.1110 80.7590 -31.6144 25.0543 1650410548280 1011974.7500 -0.1967
-23.9965 80.5515 -31.3676 21.5074 1650410548310 1012003.7500 -0.1965
-24.1232 80.5738 -31.5440 24.9029 1650410548338 1012032.7500 -0.1965
-24.1265 80.4016 -31.5310 22.8501 1650410548367 1012061.7500 -0.1965
-23.8304 80.6617 -31.6003 20.9154 1650410548396 1012090.5000 -0.1965
-23.8936 80.5059 -31.3050 18.1246 1650410548425 1012119.5000 -0.1965
-24.0835 80.6020 -31.4081 22.8486 1650410548454 1012148.5000 -0.1965
-24.1441 80.5091 -31.1924 19.2388 1650410548483 1012177.2500 -0.1969
-24.2187 80.4629 -31.3061 18.6863 1650410548512 1012205.5000 -0.1969
-23.9599 80.5387 -31.4526 22.1065 1650410548541 1012235.2500 -0.1972
-24.1025 80.5249 -31.2249 20.5403 1650410548570 1012264.2500 -0.1974
-24.0261 80.3510 -31.2409 20.3732 1650410548598 1012293.2500 -0.1974
-24.0827 80.3458 -31.2104 19.8494 1650410548628 1012323.7500 -0.1974
-23.9913 80.5086 -31.1629 23.5744 1650410548657 1012351.0000 -0.1974
-23.9493 80.7728 -31.2313 15.3384 1650410548686 1012380.2500 -0.1974
-24.0514 80.7231 -31.0896 25.7012 1650410548715 1012409.2500 -0.1974
-23.8921 80.6649 -31.1171 21.5979 1650410548744 1012438.0000 -0.1974
-24.0727 80.8292 -31.3179 15.6469 1650410548773 1012466.7500 -0.1974
-24.1285 80.5870 -31.0513 20.0832 1650410548802 1012496.2500 -0.1974
-23.9984 80.8118 -31.2475 18.5981 1650410548831 1012525.0000 -0.1974
-24.0995 80.5668 -31.2561 17.4156 1650410548860 1012554.2500 -0.1974
-24.6247 80.0227 -31.8984 20.0581 1650410548889 1012583.2500 -0.1972
-24.4445 79.9506 -32.2738 25.2810 1650410548917 1012612.2500 -0.1969
-24.4060 79.9518 -33.0520 27.1194 1650410548947 1012641.2500 -0.1969
-23.7818 79.8522 -34.2091 26.2601 1650410548975 1012670.2500 -0.1969
-24.0982 80.0481 -34.6911 30.4208 1650410549004 1012699.2500 -0.1969
-23.7362 80.2511 -35.3399 18.2960 1650410549033 1012728.2500 -0.1969
-23.6536 79.8330 -36.3532 22.4516 1650410549063 1012757.0000 -0.1967
-24.0774 79.7569 -36.6891 20.3593 1650410549092 1012786.0000 -0.1965
-23.7605 80.1406 -37.4057 18.3833 1650410549121 1012815.0000 -0.1965
-24.3816 79.6614 -38.0906 26.9133 1650410549150 1012843.7500 -0.1969
-24.0367 79.8347 -38.7225 14.1438 1650410549179 1012872.7500 -0.1967
-24.1782 79.6166 -39.3798 19.0783 1650410549208 1012901.7500 -0.1965
-24.4521 79.6391 -39.9716 17.4991 1650410549236 1012930.7500 -0.1965
-24.2200 80.0099 -40.6494 17.9235 1650410549265 1012961.0000 -0.1969
-24.6822 79.7279 -41.0429 21.9910 1650410549294 1012990.0000 -0.1969
-24.0402 79.8323 -42.0667 17.9354 1650410549323 1013017.7500 -0.1969
-24.4278 79.6476 -42.6635 25.3067 1650410549352 1013046.7500 -0.1969
-24.4830 79.8455 -43.1643 14.8764 1650410549381 1013075.7500 -0.1974
-24.4274 79.9080 -43.8823 19.3373 1650410549410 1013104.7500 -0.1974
-24.4792 79.4688 -44.4809 18.8145 1650410549439 1013133.7500 -0.1974
-24.8324 79.8129 -44.9217 15.2298 1650410549469 1013162.7500 -0.1974
-24.6527 79.8392 -45.7920 16.3985 1650410549497 1013191.5000 -0.1974
-25.2813 80.2108 -46.0522 15.0659 1650410549527 1013223.2500 -0.1974
-24.9770 79.8432 -46.8656 12.2483 1650410549555 1013248.7500 -0.1974
-24.4386 79.5378 -47.7761 15.8256 1650410549584 1013278.2500 -0.1974
-25.6330 80.2447 -47.5057 18.3662 1650410549613 1013307.0000 -0.1974
-24.9906 80.0183 -48.2677 15.8890 1650410549642 1013336.2500 -0.1974
-24.6024 79.8974 -49.1922 17.3714 1650410549671 1013365.2500 -0.1974
-24.5867 79.5557 -49.5466 12.9651 1650410549700 1013394.2500 -0.1974
-24.9825 80.1063 -49.8906 12.4931 1650410549729 1013423.2500 -0.1974
-24.5695 79.4413 -50.8733 12.7346 1650410549758 1013452.2500 -0.1974
-24.2178 79.2101 -51.6238 13.2251 1650410549787 1013481.2500 -0.1972
-25.5713 80.3162 -50.9882 16.8689 1650410549815 1013510.2500 -0.1969
-25.2841 80.3339 -51.4903 11.9628 1650410549845 1013539.2500 -0.1969
-24.7168 79.6779 -52.0645 10.0013 1650410549874 1013568.2500 -0.1969
-24.7316 79.7059 -52.3019 17.6371 1650410549903 1013597.2500 -0.1969
-24.5693 79.4562 -52.5747 19.4006 1650410549932 1013626.2500 -0.1969
-25.2207 79.9470 -52.5798 14.0680 1650410549961 1013655.2500 -0.1967
-24.9577 80.1656 -52.6516 17.1637 1650410549990 1013684.2500 -0.1965
-25.1643 80.0892 -53.0708 17.4123 1650410550019 1013713.2500 -0.1965
-24.6153 79.8243 -53.3517 17.3202 1650410550048 1013744.7500 -0.1965
-24.4478 79.3669 -53.8289 13.6824 1650410550076 1013771.0000 -0.1967
-24.6854 79.5177 -53.7925 13.5990 1650410550106 1013800.2500 -0.1969
-25.5170 80.0492 -53.7168 15.7633 1650410550134 1013829.2500 -0.1969
-24.8146 79.3921 -53.8653 17.2498 1650410550163 1013858.0000 -0.1969
-25.5156 80.0535 -53.6787 13.3584 1650410550193 1013887.0000 -0.1972
-25.9012 80.2373 -53.4438 13.6846 1650410550222 1013916.0000 -0.1974
-25.7744 80.3630 -53.4501 12.1883 1650410550251 1013945.0000 -0.1974
-24.8163 79.3943 -53.8203 11.2412 1650410550280 1013973.2500 -0.1974
-25.4619 79.9897 -53.5805 16.0674 1650410550309 1014002.2500 -0.1974
-25.9590 80.3409 -53.2724 15.9645 1650410550338 1014031.7500 -0.1974
-25.9981 80.3591 -52.9369 12.1843 1650410550367 1014060.2500 -0.1974
-25.9917 80.3955 -52.8143 15.2721 1650410550395 1014089.5000 -0.1974
-24.3555 78.5843 -53.4593 12.8982 1650410550425 1014118.7500 -0.1974
-24.5029 78.5686 -53.2028 13.4494 1650410550453 1014147.7500 -0.1974
-24.9897 78.9102 -52.6876 14.6074 1650410550482 1014176.7500 -0.1974
-25.4679 79.3683 -52.3705 13.6918 1650410550511 1014205.7500 -0.1974
-25.5697 79.8784 -51.9528 15.8376 1650410550540 1014234.7500 -0.1974
-24.8139 79.2822 -52.0598 10.7274 1650410550569 1014263.7500 -0.1974
-25.3993 79.7360 -51.4372 14.1520 1650410550598 1014292.7500 -0.1974
-25.0335 79.2044 -51.2824 14.9175 1650410550628 1014321.5000 -0.1974
-24.7461 79.1917 -51.0730 16.5413 1650410550656 1014350.5000 -0.1974
-24.1469 79.2767 -50.9733 13.0498 1650410550686 1014379.2500 -0.1972
-24.4310 79.6308 -50.3431 20.6005 1650410550714 1014408.2500 -0.1969
-25.3159 80.1368 -49.4640 19.8882 1650410550743 1014437.2500 -0.1969
-24.6696 79.6609 -49.2174 18.3355 1650410550772 1014466.2500 -0.1969
-24.2823 79.9875 -48.7334 15.1225 1650410550801 1014495.0000 -0.1969
-24.9384 79.9783 -48.0645 17.2834 1650410550830 1014525.5000 -0.1969
-24.9692 80.0626 -47.2967 18.3514 1650410550859 1014553.2500 -0.1969
-24.5044 80.0654 -46.8080 16.1532 1650410550888 1014582.2500 -0.1969
-24.3905 79.8439 -46.2949 16.8856 1650410550917 1014611.2500 -0.1969
-24.6962 79.9556 -45.7569 21.9267 1650410550946 1014640.2500 -0.1969
-24.3659 80.0830 -44.9925 16.9808 1650410550974 1014669.2500 -0.1972
-24.7257 80.2754 -44.2554 15.9916 1650410551004 1014698.2500 -0.1974
-24.7981 80.0156 -43.5434 18.4228 1650410551033 1014727.2500 -0.1974
-24.5328 79.9683 -42.8278 18.4097 1650410551062 1014759.0000 -0.1974
-24.9248 80.1667 -42.3312 17.0817 1650410551091 1014785.0000 -0.1977
-24.6124 80.0646 -41.5331 14.7201 1650410551120 1014814.2500 -0.1979
-24.6603 80.1483 -40.9141 19.3922 1650410551149 1014844.0000 -0.1979
-25.0367 80.2439 -40.1701 22.5958 1650410551178 1014872.2500 -0.1979
-24.5184 80.3361 -39.5173 15.9608 1650410551207 1014901.2500 -0.1979
-24.7062 80.3174 -38.8110 23.6285 1650410551236 1014930.2500 -0.1979
-24.6852 80.2163 -38.1146 20.7247 1650410551265 1014959.2500 -0.1979
-24.6706 80.2392 -37.5831 15.6063 1650410551293 1014988.0000 -0.1983
-24.7361 80.4736 -36.9010 20.0801 1650410551322 1015017.0000 -0.1984
-24.3054 80.7418 -36.2725 13.5471 1650410551351 1015046.0000 -0.1984
-24.5450 80.6222 -35.5544 21.6155 1650410551380 1015074.7500 -0.1984
-24.5096 80.5211 -35.0671 17.5871 1650410551410 1015103.7500 -0.1980
-24.9095 80.2917 -34.0039 18.8794 1650410551439 1015132.7500 -0.1979
-24.8012 80.4217 -33.8275 24.3790 1650410551468 1015161.7500 -0.1979
-24.3539 80.6399 -33.0113 16.8647 1650410551497 1015190.7500 -0.1979
-24.5713 80.2955 -32.0818 19.5984 1650410551526 1015219.7500 -0.1979
-24.6070 80.6030 -31.7489 22.2069 1650410551554 1015248.7500 -0.1979
-24.2774 80.7516 -31.5784 19.2130 1650410551584 1015278.5000 -0.1977
-24.1190 80.9351 -31.6392 17.7180 1650410551612 1015306.5000 -0.1974
-23.6420 80.6872 -31.7663 17.3510 1650410551641 1015335.7500 -0.1974
-23.7700 81.1715 -31.7375 15.6492 1650410551670 1015364.7500 -0.1974
-24.1098 81.0106 -31.7390 17.1417 1650410551699 1015393.7500 -0.1974
-23.7387 80.8636 -31.7820 16.9918 1650410551728 1015422.7500 -0.1974
-24.0893 81.3084 -31.7297 18.6517 1650410551758 1015451.5000 -0.1974
-24.1013 81.2454 -31.6123 16.2134 1650410551786 1015480.5000 -0.1974
-24.1625 80.8241 -31.5963 17.2451 1650410551816 1015510.7500 -0.1974
-24.1579 81.0494 -31.5711 20.7919 1650410551845 1015537.5000 -0.1978
-24.0331 80.8774 -31.5650 19.3760 1650410551873 1015567.2500 -0.1979
-24.0871 80.7761 -31.5994 18.6050 1650410551902 1015597.7500 -0.1979
-24.2002 80.8009 -31.7200 20.0037 1650410551931 1015625.0000 -0.1979
-24.1974 80.8874 -31.8365 17.3317 1650410551960 1015654.2500 -0.1979
-23.8808 80.7337 -31.7743 21.5134 1650410551989 1015683.2500 -0.1979
-24.0441 80.6814 -31.8159 20.5773 1650410552018 1015712.2500 -0.1979
-24.2401 80.8138 -31.6336 20.5987 1650410552047 1015741.2500 -0.1979
-23.9606 80.7261 -31.5159 15.4625 1650410552076 1015770.2500 -0.1979
-23.9349 80.7274 -31.6926 18.9939 1650410552105 1015799.2500 -0.1979
-24.0226 80.5308 -31.5807 22.3836 1650410552133 1015828.2500 -0.1982
-23.9030 80.7311 -31.6327 17.7519 1650410552164 1015857.2500 -0.1984
-24.2476 80.4268 -31.3945 17.9456 1650410552192 1015886.2500 -0.1984
-24.0850 80.3050 -31.4488 23.3592 1650410552221 1015915.2500 -0.1984
-23.9357 80.6730 -31.6286 19.0538 1650410552250 1015944.2500 -0.1984
-23.7746 80.4208 -31.5403 20.7514 1650410552279 1015973.2500 -0.1984
-24.1657 80.5419 -31.3929 19.9976 1650410552308 1016002.2500 -0.1984
-24.0793 80.5838 -31.4938 17.8276 1650410552337 1016031.2500 -0.1984
-23.8639 80.7477 -31.4968 18.4453 1650410552366 1016060.7500 -0.1984
-23.9595 80.6605 -31.5908 19.9526 1650410552395 1016089.0000 -0.1984
-23.9616 80.6526 -31.4989 21.1750 1650410552424 1016118.0000 -0.1982
-23.8165 80.7228 -31.6351 20.9645 1650410552452 1016147.0000 -0.1979
-24.1773 80.4944 -31.2581 15.3388 1650410552481 1016176.0000 -0.1979
-23.9375 80.5059 -31.5228 21.1460 1650410552510 1016204.7500 -0.1979
-23.9827 80.4405 -31.4982 21.6188 1650410552540 1016233.7500 -0.1979
-24.0847 80.4433 -31.3078 15.8990 1650410552569 1016262.7500 -0.1979
-24.0176 80.6255 -31.3885 18.0203 1650410552598 1016291.5000 -0.1979
-24.0440 80.5185 -31.4571 21.6605 1650410552627 1016322.0000 -0.1979
-24.1873 80.3695 -31.2242 22.6362 1650410552656 1016349.7500 -0.1979
-24.1771 80.5429 -31.1831 16.8710 1650410552685 1016378.0000 -0.1979
-24.2321 80.3787 -31.1057 16.8105 1650410552713 1016407.7500 -0.1979
-23.7504 80.7066 -31.2518 20.9026 1650410552743 1016436.7500 -0.1983
-24.1745 80.5571 -31.2024 20.6458 1650410552771 1016465.7500 -0.1984
-24.1595 80.5041 -31.2198 22.3344 1650410552800 1016494.7500 -0.1984
-23.8614 80.6666 -31.3357 18.0171 1650410552829 1016523.7500 -0.1984
-24.1842 80.5742 -31.1496 15.5554 1650410552858 1016552.5000 -0.1984
-23.9658 80.5000 -31.3813 24.8224 1650410552887 1016581.5000 -0.1984
-24.0989 80.2742 -31.9653 18.5745 1650410552916 1016610.2500 -0.1984
-24.4016 80.1429 -32.1702 25.2297 1650410552945 1016639.2500 -0.1984
-23.8639 80.0311 -33.2551 22.5112 1650410552975 1016668.2500 -0.1984
-23.9082 80.2160 -34.1727 20.9453 1650410553004 1016697.2500 -0.1984
-24.3925 80.2632 -34.4036 21.8793 1650410553032 1016726.2500 -0.1984
-23.9756 80.2742 -35.3234 22.6981 1650410553062 1016755.2500 -0.1984
-24.0611 79.9880 -36.3252 24.8240 1650410553090 1016784.2500 -0.1984
-24.0498 79.8759 -36.7950 19.0711 1650410553119 1016814.5000 -0.1984
-24.0210 80.2594 -37.6345 18.6177 1650410553148 1016841.5000 -0.1984
-24.2193 79.6623 -38.1534 21.0201 1650410553177 1016871.2500 -0.1984
-23.9711 80.0410 -38.9010 17.9312 1650410553206 1016900.2500 -0.1982
-24.3415 79.8242 -39.3690 19.4309 1650410553235 1016929.2500 -0.1979
-24.3050 79.7378 -40.1171 16.5595 1650410553264 1016958.2500 -0.1979
-24.7081 80.2101 -40.6201 16.0561 1650410553293 1016987.2500 -0.1979
-24.5052 79.5080 -41.3336 21.6267 1650410553322 1017016.2500 -0.1979
-24.4633 79.8702 -42.0794 13.2214 1650410553351 1017045.2500 -0.1979
-24.2696 79.3546 -43.0725 25.1172 1650410553380 1017073.7500 -0.1979
-24.4376 79.6696 -43.4929 15.7723 1650410553409 1017103.2500 -0.1979
-24.2464 80.0456 -44.2460 15.2329 1650410553438 1017133.7500 -0.1979
-24.5631 79.5818 -44.6236 15.1094 1650410553467 1017160.5000 -0.1979
-24.8738 80.0012 -45.0679 13.0736 1650410553496 1017190.0000 -0.1979
-24.6106 79.8688 -45.9152 17.7452 1650410553525 1017219.0000 -0.1979
-25.1442 79.6494 -46.1182 18.0904 1650410553554 1017248.0000 -0.1979
-24.8367 79.9440 -46.8896 15.6843 1650410553583 1017277.0000 -0.1979
-24.6469 79.6874 -47.6021 15.3084 1650410553611 1017305.7500 -0.1979
-24.6736 79.4764 -48.2083 12.4020 1650410553641 1017334.7500 -0.1983
-25.1164 80.2708 -48.4518 14.3656 1650410553669 1017363.7500 -0.1984
-24.6361 79.7331 -49.2826 17.8374 1650410553698 1017392.7500 -0.1984
-24.7725 79.5846 -49.6172 15.2324 1650410553727 1017421.7500 -0.1984
-24.8672 79.8322 -49.9650 18.3208 1650410553757 1017450.7500 -0.1984
-25.3435 80.3450 -50.4071 19.9692 1650410553786 1017479.7500 -0.1984
-24.5966 79.4693 -51.1854 15.9072 1650410553815 1017508.7500 -0.1984
-24.5743 79.5115 -51.4974 15.4211 1650410553844 1017537.7500 -0.1984
-25.1431 80.4951 -51.5628 14.3556 1650410553873 1017566.7500 -0.1984
-24.7129 79.6751 -52.0797 21.2835 1650410553902 1017596.2500 -0.1984
-24.6981 79.7286 -52.4189 14.0185 1650410553930 1017624.7500 -0.1984
-24.7569 79.4896 -52.8184 13.6062 1650410553959 1017653.5000 -0.1984
-25.4497 80.3421 -52.2839 15.6197 1650410553988 1017682.5000 -0.1984
-24.9524 79.9954 -52.8624 14.1289 1650410554017 1017711.5000 -0.1984
-24.4431 79.6217 -53.2831 13.4569 1650410554046 1017740.2500 -0.1984
-28.0935 84.1866 -50.6872 10.8106 1650410554075 1017769.2500 -0.1984
-24.6375 79.6176 -53.6425 13.9346 1650410554104 1017798.2500 -0.1982
-23.8460 78.7334 -54.1544 13.5613 1650410554134 1017827.0000 -0.1979
-24.8915 79.6732 -53.7408 15.7880 1650410554163 1017856.0000 -0.1979
-25.2060 79.7186 -53.6061 15.0195 1650410554191 1017885.2500 -0.1979
-24.9946 79.4616 -53.7666 11.1730 1650410554221 1017914.0000 -0.1979
-25.7628 80.3935 -53.4697 15.9247 1650410554249 1017943.2500 -0.1974
-24.5380 78.9146 -54.0473 16.3006 1650410554278 1017972.2500 -0.1977
-25.0209 79.3668 -53.8378 17.5382 1650410554307 1018001.2500 -0.1979
-25.1075 79.3794 -53.8127 17.2765 1650410554336 1018030.2500 -0.1979
-26.1437 80.2685 -53.0645 13.1949 1650410554365 1018059.2500 -0.1980
-25.1443 79.2689 -53.3559 11.9174 1650410554394 1018088.2500 -0.1979
-25.3718 79.5692 -53.0222 14.4675 1650410554423 1018117.2500 -0.1979
-25.0414 79.2013 -53.0422 18.0800 1650410554452 1018146.2500 -0.1979
-24.7328 78.6025 -52.9925 13.0337 1650410554481 1018175.2500 -0.1983
-25.0603 78.9580 -52.7907 17.7680 1650410554510 1018204.2500 -0.1984
-25.4849 79.4296 -52.2413 15.0180 1650410554540 1018233.2500 -0.1984
-26.4112 80.6578 -51.4821 12.8685 1650410554568 1018262.2500 -0.1984
-24.9824 79.5605 -51.8244 13.9332 1650410554597 1018291.2500 -0.1984
-25.3225 79.6401 -51.3970 13.3687 1650410554626 1018320.2500 -0.1984
-24.9150 79.2539 -51.3018 20.9157 1650410554655 1018348.7500 -0.1984
-25.3399 79.8322 -50.6368 22.3599 1650410554684 1018379.0000 -0.1984
-24.6238 79.7805 -50.5703 17.4029 1650410554713 1018406.7500 -0.1984
-24.6135 79.7146 -49.8834 15.8820 1650410554742 1018435.7500 -0.1984
-25.0781 79.8335 -49.3963 22.9637 1650410554770 1018464.7500 -0.1984
-24.4787 79.9854 -48.9914 17.3476 1650410554800 1018493.7500 -0.1984
-24.4776 79.6797 -48.4011 20.5935 1650410554828 1018522.7500 -0.1982
-24.8803 79.8655 -47.6377 19.7486 1650410554857 1018551.7500 -0.1979
-24.9059 80.0225 -47.2128 16.4145 1650410554887 1018580.7500 -0.1979
-24.4042 80.0417 -46.6372 13.9446 1650410554916 1018612.5000 -0.1979
-24.7183 79.8490 -46.0191 16.5082 1650410554945 1018638.5000 -0.1979
-24.6762 79.9868 -45.3589 18.7253 1650410554974 1018667.7500 -0.1979
-24.3534 80.1739 -44.8114 15.5971 1650410555003 1018696.5000 -0.1979
-24.7737 79.8789 -44.2646 16.0655 1650410555032 1018725.7500 -0.1979
-24.9677 80.3601 -43.4706 18.7792 1650410555061 1018754.5000 -0.1979
-24.4388 79.9971 -42.8506 16.8929 1650410555089 1018783.5000 -0.1979
-24.6692 79.7661 -42.1215 23.1124 1650410555119 1018812.5000 -0.1979
-24.6781 80.2107 -41.2754 16.0344 1650410555147 1018841.2500 -0.1979
-24.8053 80.0589 -40.7444 19.8695 1650410555176 1018870.2500 -0.1979
-24.8006 80.1266 -40.0141 16.1862 1650410555205 1018899.2500 -0.1979
-24.6498 80.1439 -39.3305 21.7742 1650410555234 1018928.2500 -0.1979
-24.8631 80.0032 -38.6819 25.1073 1650410555263 1018957.2500 -0.1983
-24.4409 80.1666 -38.0407 23.4384 1650410555293 1018986.2500 -0.1984
-24.4392 80.1074 -37.2871 20.1128 1650410555322 1019015.2500 -0.1984
-24.5116 80.1655 -36.5335 23.1959 1650410555351 1019044.2500 -0.1984
-24.6184 80.4213 -35.8632 15.5054 1650410555380 1019073.2500 -0.1988
-24.6838 80.4641 -35.2436 21.5206 1650410555408 1019102.2500 -0.1989
-24.2354 80.4566 -34.7991 17.2930 1650410555437 1019130.7500 -0.1989
-24.6703 80.2940 -34.0046 19.6244 1650410555466 1019160.0000 -0.1989
-24.8097 80.5031 -33.2962 19.2783 1650410555495 1019189.2500 -0.1989
-24.3404 80.5656 -32.8722 16.5777 1650410555524 1019218.2500 -0.1989
-24.7010 80.3633 -32.1305 17.8629 1650410555553 1019247.2500 -0.1987
-24.3194 80.4289 -31.7348 19.9305 1650410555582 1019276.2500 -0.1984
-24.5509 80.6976 -31.5119 17.2612 1650410555611 1019305.2500 -0.1984
-24.0622 80.7648 -31.5484 15.5673 1650410555640 1019334.2500 -0.1984
-23.9742 81.0323 -31.8414 17.3657 1650410555669 1019363.0000 -0.1984
-23.9871 81.0998 -31.8220 13.5126 1650410555699 1019393.0000 -0.1984
-24.0239 80.8809 -31.5489 15.1585 1650410555727 1019421.2500 -0.1984
-24.0231 81.1294 -31.7505 15.2230 1650410555756 1019449.7500 -0.1984
-24.3739 80.8927 -31.6279 16.2398 1650410555785 1019478.7500 -0.1982
-24.2495 80.8692 -31.5457 22.4606 1650410555814 1019508.0000 -0.1979
-24.1939 81.1819 -31.5386 17.4237 1650410555843 1019536.7500 -0.1979
-24.0530 81.0074 -31.7128 22.9367 1650410555872 1019565.7500 -0.1979
-24.3342 80.9642 -31.6135 22.5809 1650410555901 1019594.7500 -0.1977
-24.2248 80.9497 -31.6582 14.9031 1650410555930 1019623.7500 -0.1974
-24.2488 80.9893 -31.6003 16.6415 1650410555959 1019652.7500 -0.1974
-24.1823 80.8417 -31.6230 19.3142 1650410555987 1019681.7500 -0.1974
-23.9633 80.8854 -31.7203 18.0272 1650410556016 1019710.7500 -0.1974
-24.3432 80.6336 -31.6116 22.2063 1650410556046 1019739.7500 -0.1974
-24.1568 80.9852 -31.4066 27.3650 1650410556075 1019768.7500 -0.1977
-23.7170 81.0503 -31.7993 19.3489 1650410556104 1019797.7500 -0.1979
-24.1074 80.8965 -31.6334 17.9522 1650410556133 1019826.7500 -0.1979
-23.9125 80.7734 -31.6260 18.2082 1650410556162 1019855.7500 -0.1979
-24.2729 80.6785 -31.4798 20.5914 1650410556191 1019884.0000 -0.1982
-23.8336 80.7817 -31.6083 21.5094 1650410556220 1019914.7500 -0.1984
-24.0807 80.7383 -31.4104 19.1802 1650410556248 1019942.2500 -0.1984
-24.0214 80.7995 -31.5064 25.6418 1650410556278 1019971.2500 -0.1984
-23.9618 80.8195 -31.5213 19.2823 1650410556306 1020000.2500 -0.1984
-23.9967 80.8446 -31.3769 21.4990 1650410556335 1020029.2500 -0.1984
-23.8659 80.6806 -31.3584 17.4742 1650410556364 1020058.2500 -0.1984
-23.8993 80.5540 -31.4228 27.1438 1650410556394 1020087.2500 -0.1984
-23.9725 80.6996 -31.4188 19.3950 1650410556422 1020116.2500 -0.1984
-23.9381 80.8415 -31.5605 18.5930 1650410556451 1020146.5000 -0.1984
-24.0181 80.8540 -31.4624 18.3373 1650410556481 1020174.2500 -0.1984
-23.8436 80.6702 -31.5258 18.5513 1650410556510 1020203.2500 -0.1984
-24.0789 80.8000 -31.2087 19.6563 1650410556539 1020233.5000 -0.1984
-23.9280 80.5954 -31.4585 22.1074 1650410556567 1020261.2500 -0.1982
-24.0437 81.0425 -31.4070 20.4275 1650410556597 1020290.2500 -0.1979
-23.9186 80.7899 -31.3452 25.8877 1650410556625 1020319.2500 -0.1979
-24.0148 80.8204 -31.5692 18.1038 1650410556654 1020348.2500 -0.1979
-24.1872 80.7239 -31.2895 27.3525 1650410556683 1020377.2500 -0.1979
-23.9828 80.8933 -31.2968 19.5915 1650410556712 1020406.2500 -0.1979
-24.2437 80.6368 -30.9976 22.9741 1650410556741 1020435.2500 -0.1977
-24.1126 80.6758 -31.2012 21.0159 1650410556770 1020464.2500 -0.1974
-24.1108 80.9037 -31.1767 19.0649 1650410556799 1020493.2500 -0.1974
-24.1771 80.7842 -31.0574 19.7848 1650410556828 1020522.2500 -0.1974
-23.9569 80.7449 -31.2325 22.1334 1650410556858 1020551.0000 -0.1974
-23.8788 80.8876 -31.4004 18.8059 1650410556886 1020580.0000 -0.1974
-23.9447 80.7719 -31.2951 19.2487 1650410556915 1020609.0000 -0.1974
-24.0812 80.4615 -31.9177 27.3804 1650410556944 1020638.0000 -0.1974
-24.2665 79.8946 -32.2300 26.1728 1650410556973 1020666.5000 -0.1974
-23.9704 80.2591 -33.2149 22.0450 1650410557002 1020695.5000 -0.1979
-23.8325 80.1092 -34.1261 25.2302 1650410557031 1020724.7500 -0.1979
-24.1630 80.2301 -34.6522 24.7119 1650410557060 1020753.7500 -0.1979
-23.5001 80.5629 -35.3428 21.3462 1650410557089 1020782.7500 -0.1979
-24.3267 80.0762 -35.9299 27.3053 1650410557118 1020811.7500 -0.1979
-23.8359 80.0442 -36.7232 20.1442 1650410557146 1020840.7500 -0.1979
-24.0547 80.1595 -37.9152 26.4273 1650410557176 1020869.7500 -0.1979
-24.0832 79.7851 -38.1712 24.0162 1650410557204 1020900.2500 -0.1979
-23.8268 80.1567 -39.0786 20.8444 1650410557234 1020928.2500 -0.1979
-24.5595 79.8966 -39.5179 18.8796 1650410557263 1020956.7500 -0.1979
-24.3313 79.4177 -40.1905 13.2689 1650410557292 1020985.5000 -0.1979
-24.4072 80.2874 -40.8093 17.8908 1650410557321 1021014.2500 -0.1979
-24.3107 79.6135 -41.2255 20.5467 1650410557350 1021043.5000 -0.1977
-24.5763 80.2589 -42.1381 15.4286 1650410557379 1021072.2500 -0.1974
-24.6382 79.7684 -42.6290 22.6393 1650410557408 1021101.2500 -0.1974
-24.3516 79.4686 -43.5409 14.3909 1650410557437 1021130.2500 -0.1974
-24.4808 79.9082 -44.1594 21.3298 1650410557465 1021159.2500 -0.1974
-24.7810 79.7812 -44.5144 16.5321 1650410557494 1021188.2500 -0.1974
-24.6844 80.0350 -45.2730 12.4775 1650410557523 1021217.2500 -0.1974
-24.8189 79.6563 -45.8675 17.1025 1650410557552 1021246.2500 -0.1974
-24.5811 79.3121 -46.4515 13.8565 1650410557581 1021275.2500 -0.1974
-24.9693 79.9217 -46.8549 13.2581 1650410557611 1021304.2500 -0.1974
-24.7438 79.4850 -47.7620 14.4319 1650410557640 1021333.2500 -0.1974
-24.6993 79.2476 -48.2563 17.6167 1650410557669 1021362.2500 -0.1974
-25.3660 80.5952 -48.5883 16.2440 1650410557698 1021391.2500 -0.1974
-24.6659 79.6806 -49.4677 16.8206 1650410557726 1021420.2500 -0.1974
-24.5735 79.5287 -49.6691 13.9361 1650410557756 1021448.7500 -0.1974
-24.7497 79.5781 -50.1585 16.4173 1650410557784 1021478.2500 -0.1974
-24.7103 79.7022 -50.7293 19.9665 1650410557813 1021507.2500 -0.1974
-24.8503 79.6302 -51.1380 17.0173 1650410557842 1021536.2500 -0.1974
-25.1146 80.0737 -51.0865 13.7375 1650410557871 1021565.2500 -0.1974
-25.0512 80.0530 -51.6800 18.1196 1650410557900 1021594.2500 -0.1979
-24.7459 79.6227 -52.1667 17.1687 1650410557929 1021623.2500 -0.1979
-24.4710 79.1899 -52.6112 13.7995 1650410557958 1021652.2500 -0.1979
-24.5409 79.3398 -52.7455 12.4506 1650410557987 1021680.7500 -0.1979
-24.6619 79.5052 -52.9258 13.5858 1650410558017 1021709.2500 -0.1979
-24.5812 79.6186 -53.0287 16.7758 1650410558045 1021739.0000 -0.1979
-24.5130 79.1855 -53.2841 14.4769 1650410558074 1021768.7500 -0.1979
-23.8868 78.9658 -53.7816 16.4419 1650410558103 1021796.7500 -0.1979
-24.8239 79.6062 -53.4538 14.0713 1650410558132 1021825.7500 -0.1979
-24.6661 79.3835 -53.9277 18.4333 1650410558161 1021854.7500 -0.1979
-24.6105 79.2248 -53.9162 16.0417 1650410558190 1021883.7500 -0.1977
-24.9359 79.3351 -53.8143 13.3818 1650410558219 1021912.7500 -0.1974
-25.2865 79.5232 -53.6156 14.8994 1650410558248 1021941.7500 -0.1974
-25.2567 79.6995 -53.7589 15.0625 1650410558277 1021970.7500 -0.1974
-25.6984 80.1833 -53.6751 13.0192 1650410558305 1021999.7500 -0.1974
-25.2489 79.6128 -53.7221 16.8179 1650410558335 1022028.7500 -0.1974
-24.8857 79.2799 -53.8486 14.4991 1650410558364 1022057.7500 -0.1972
-25.3439 79.6568 -53.5387 14.9045 1650410558393 1022086.7500 -0.1969
-25.6160 79.7396 -53.2255 13.5927 1650410558422 1022115.5000 -0.1969
-26.1522 80.2454 -52.7289 16.7317 1650410558451 1022144.5000 -0.1969
-24.5755 78.7743 -53.2345 11.9788 1650410558480 1022173.2500 -0.1969
-25.6206 79.5411 -52.6456 13.0446 1650410558509 1022202.0000 -0.1969
-25.3026 79.1061 -52.5781 13.6048 1650410558538 1022230.7500 -0.1969
-25.1347 79.1147 -52.2994 17.3396 1650410558567 1022260.2500 -0.1974
-25.4645 79.9583 -51.7985 15.9784 1650410558596 1022289.2500 -0.1972
-25.2937 79.8524 -51.6160 9.9268 1650410558624 1022318.2500 -0.1969
-24.6152 79.0711 -51.6546 16.0302 1650410558654 1022347.2500 -0.1969
-24.8532 79.3144 -51.0801 17.7086 1650410558682 1022376.2500 -0.1974
-25.0065 79.5705 -50.6875 17.5507 1650410558711 1022405.2500 -0.1974
-23.9885 79.3556 -50.6790 13.7270 1650410558740 1022435.7500 -0.1974
-25.3874 80.1268 -49.5407 14.5156 1650410558770 1022462.2500 -0.1974
-24.8155 79.5367 -49.4223 16.9747 1650410558799 1022492.2500 -0.1979
-24.6387 79.9415 -48.9378 20.1483 1650410558828 1022521.2500 -0.1979
-24.2461 79.9300 -48.6293 15.8550 1650410558857 1022549.5000 -0.1979
-24.9108 79.9136 -47.9827 26.9528 1650410558885 1022579.2500 -0.1979
-24.5932 79.8249 -47.3266 21.1454 1650410558915 1022608.2500 -0.1979
-24.5208 80.2045 -46.6215 14.3475 1650410558943 1022637.2500 -0.1979
-25.0205 80.0009 -45.9441 13.9316 1650410558972 1022666.2500 -0.1979
-24.8888 80.0348 -45.1725 21.1414 1650410559001 1022695.2500 -0.1979
-24.2167 79.9044 -44.8514 18.2917 1650410559030 1022724.2500 -0.1979
-24.9285 80.1534 -43.9399 19.6390 1650410559059 1022753.2500 -0.1979
-24.5894 80.0680 -43.2686 19.6734 1650410559088 1022782.0000 -0.1979
-24.5202 79.9099 -42.6033 16.9899 1650410559117 1022811.0000 -0.1979
-24.9543 79.9557 -41.8747 17.6096 1650410559146 1022840.0000 -0.1977
-24.5694 80.1481 -41.0257 14.7060 1650410559175 1022868.7500 -0.1974
-24.8381 79.8607 -40.5816 21.8726 1650410559204 1022897.7500 -0.1974
-24.6253 79.9610 -39.8128 17.5694 1650410559234 1022926.7500 -0.1974
-24.7931 80.1543 -39.0460 13.9106 1650410559262 1022955.7500 -0.1972
-24.8626 80.1596 -38.3714 18.8143 1650410559291 1022985.2500 -0.1969
-24.6363 80.3303 -37.8098 20.6756 1650410559320 1023013.7500 -0.1969
-24.7470 80.0958 -37.3060 24.3532 1650410559349 1023042.7500 -0.1974
-24.8039 80.4327 -36.4736 18.8953 1650410559378 1023071.7500 -0.1974
-24.7106 80.4070 -35.7606 16.2544 1650410559407 1023100.7500 -0.1974
-24.7423 80.2226 -35.0825 21.0604 1650410559436 1023129.7500 -0.1974
-24.5163 80.6300 -34.7795 16.4903 1650410559465 1023158.7500 -0.1979
-24.7916 80.4493 -33.7778 17.1402 1650410559494 1023187.7500 -0.1979
-24.5084 80.5752 -33.1625 23.4242 1650410559522 1023215.7500 -0.1979
-24.5419 80.5265 -32.5598 15.8095 1650410559552 1023246.7500 -0.1979
-24.7477 80.5564 -32.2039 19.4267 1650410559581 1023274.5000 -0.1979
-24.5254 80.4741 -31.3415 17.6608 1650410559610 1023304.5000 -0.1979
-24.2864 80.4708 -31.2047 18.0814 1650410559639 1023332.2500 -0.1982
-23.9401 80.6771 -31.5204 16.3128 1650410559668 1023361.2500 -0.1984
-24.0425 80.7392 -31.7530 18.5520 1650410559697 1023390.2500 -0.1984
-24.1939 81.2442 -31.6080 17.2020 1650410559726 1023419.2500 -0.1984
-23.8968 81.1988 -31.6645 18.2943 1650410559755 1023448.2500 -0.1987
-23.8004 81.1609 -31.7325 18.2022 1650410559783 1023477.2500 -0.1989
-24.4883 80.8728 -31.6070 16.8542 1650410559813 1023506.2500 -0.1985
-24.4570 80.8593 -31.6806 15.7559 1650410559841 1023535.2500 -0.1984
-24.1126 80.9626 -31.8078 16.0388 1650410559870 1023564.2500 -0.1987
-24.2712 81.1439 -31.7692 19.4273 1650410559899 1023593.2500 -0.1989
-24.2509 80.9047 -31.7000 19.3150 1650410559929 1023622.2500 -0.1987
-24.3976 80.9342 -31.5885 19.6088 1650410559958 1023651.2500 -0.1984
-24.4237 80.9480 -31.6143 23.0930 1650410559987 1023680.2500 -0.1984
-24.0720 80.8537 -31.6018 20.0466 1650410560016 1023709.2500 -0.1984
-24.0894 80.8257 -31.7076 20.3048 1650410560045 1023737.5000 -0.1984
-24.4600 80.7271 -31.5784 22.0392 1650410560074 1023768.2500 -0.1984
-24.3477 80.6173 -31.7526 22.9231 1650410560102 1023796.2500 -0.1982
-24.4084 80.6465 -31.6119 20.3736 1650410560131 1023825.2500 -0.1979
-24.4199 80.9274 -31.5600 16.6558 1650410560160 1023854.2500 -0.1982
-24.4858 80.6171 -31.2030 18.5288 1650410560189 1023883.2500 -0.1984
-24.3404 80.7656 -31.3552 16.4921 1650410560218 1023912.0000 -0.1984
-24.4143 80.9321 -31.3619 20.7979 1650410560247 1023941.0000 -0.1985
-24.3803 80.7497 -31.4066 24.9752 1650410560276 1023970.0000 -0.1984
-24.4237 80.5492 -31.3985 16.0314 1650410560305 1023999.5000 -0.1984
-24.2169 80.9511 -31.3588 24.9520 1650410560334 1024027.5000 -0.1984
-24.3371 80.5991 -31.4926 20.3900 1650410560363 1024056.7500 -0.1984
-24.2861 80.9531 -31.3473 19.1003 1650410560393 1024088.5000 -0.1987
-24.3597 80.8562 -31.2443 19.9256 1650410560421 1024114.7500 -0.1989
-24.2070 80.9094 -31.4391 21.9267 1650410560450 1024143.7500 -0.1989
-24.0575 80.7463 -31.3801 19.5202 1650410560479 1024172.7500 -0.1985
-24.3830 80.9056 -31.4268 24.8545 1650410560508 1024201.7500 -0.1984
-24.1954 80.6574 -31.3272 20.2756 1650410560537 1024230.7500 -0.1987
-24.2397 80.8649 -31.3670 17.2704 1650410560566 1024259.7500 -0.1989
-24.2837 80.7127 -31.3724 17.8797 1650410560595 1024288.7500 -0.1989
-24.3550 80.6393 -31.1130 19.5269 1650410560624 1024317.7500 -0.1989
-24.1785 80.6923 -31.2283 21.1969 1650410560653 1024346.5000 -0.1989
-24.3697 80.7200 -31.1696 19.4429 1650410560682 1024375.5000 -0.1989
-24.3917 80.5452 -31.0754 21.1118 1650410560712 1024404.2500 -0.1985
-24.2313 80.7609 -31.0820 17.4061 1650410560740 1024433.2500 -0.1984
-24.4117 80.7813 -31.1150 18.9410 1650410560769 1024462.2500 -0.1984
-24.4033 80.7603 -31.0244 22.9033 1650410560798 1024491.2500 -0.1984
-24.3850 80.8275 -31.1448 27.1959 1650410560827 1024521.5000 -0.1984
-24.1943 80.8123 -31.0952 17.8258 1650410560856 1024549.0000 -0.1984
-24.3369 80.7491 -31.0461 25.4770 1650410560885 1024578.2500 -0.1984
-24.3185 80.6233 -31.1462 16.6770 1650410560914 1024607.2500 -0.1984
-24.2921 80.8684 -31.3103 18.9932 1650410560942 1024636.2500 -0.1982
-24.6175 80.2209 -31.6985 24.6149 1650410560972 1024665.2500 -0.1979
-24.5145 80.0872 -32.1787 22.4488 1650410561000 1024694.2500 -0.1979
-23.8438 80.0495 -33.0895 21.2050 1650410561029 1024723.2500 -0.1979
-23.8974 80.0047 -34.4546 22.8893 1650410561058 1024752.0000 -0.1979
-24.1431 80.1363 -34.8150 24.0168 1650410561087 1024782.5000 -0.1979
-23.4530 80.2916 -35.4618 22.5653 1650410561116 1024810.2500 -0.1979
-24.2164 79.8496 -35.8672 17.6506 1650410561146 1024839.2500 -0.1979
-24.0733 80.3280 -36.6289 23.3047 1650410561175 1024868.2500 -0.1982
-24.2795 80.2843 -37.7144 18.1416 1650410561204 1024897.2500 -0.1984
-24.1227 79.9309 -38.2537 19.9807 1650410561233 1024926.2500 -0.1984
-24.3168 80.5355 -38.8208 23.0914 1650410561261 1024955.2500 -0.1984
-24.5186 80.0164 -39.2425 24.6710 1650410561291 1024984.2500 -0.1984
-24.1996 79.9866 -40.2143 17.0228 1650410561319 1025013.0000 -0.1984
-24.5363 80.1850 -40.8437 19.0279 1650410561348 1025042.0000 -0.1984
-24.3524 79.3823 -41.5091 18.0048 1650410561377 1025071.0000 -0.1984
-24.4144 80.1415 -42.3394 14.2045 1650410561406 1025099.7500 -0.1984
-24.5935 79.7237 -42.7786 18.2630 1650410561435 1025128.7500 -0.1984
-24.6971 79.9133 -43.4625 14.4864 1650410561464 1025157.7500 -0.1984
-24.2903 79.6451 -44.4016 18.2571 1650410561493 1025186.7500 -0.1984
-24.8821 79.5230 -44.5587 17.4916 1650410561523 1025215.7500 -0.1984
-24.6108 79.7393 -45.3844 19.7563 1650410561552 1025244.7500 -0.1984
-24.4716 79.5109 -46.0494 15.0681 1650410561580 1025273.2500 -0.1984
-24.7148 79.3257 -46.5201 16.2944 1650410561609 1025303.7500 -0.1984
-24.8618 80.1458 -47.0790 17.3137 1650410561638 1025331.7500 -0.1984
-24.5408 79.5350 -47.9288 15.0052 1650410561667 1025360.7500 -0.1982
-25.5944 80.0046 -47.8854 13.4678 1650410561696 1025389.7500 -0.1979
-24.8021 80.1741 -48.6919 12.4803 1650410561725 1025418.7500 -0.1979
-24.8089 80.1957 -49.4791 15.0654 1650410561754 1025447.5000 -0.1979
-25.6443 80.6626 -49.1151 16.0181 1650410561783 1025476.5000 -0.1977
-25.0134 79.8029 -50.0653 18.7110 1650410561812 1025505.5000 -0.1974
-24.4542 79.7018 -50.7032 21.1038 1650410561840 1025535.5000 -0.1974
-25.0149 79.7536 -50.9994 16.2495 1650410561870 1025563.0000 -0.1974
-25.1456 80.3677 -51.1743 14.8546 1650410561899 1025592.2500 -0.1977
-24.6620 79.7294 -51.8899 15.8403 1650410561928 1025621.2500 -0.1979
-24.6528 79.7392 -52.1187 17.4133 1650410561957 1025650.2500 -0.1977
-24.7232 79.4902 -52.4638 13.8030 1650410561986 1025679.2500 -0.1974
-24.6665 79.4950 -52.4504 15.0047 1650410562015 1025708.2500 -0.1974
-24.7440 79.5058 -53.2063 13.8075 1650410562044 1025737.2500 -0.1978
-24.5107 79.3840 -53.1995 13.5219 1650410562073 1025766.2500 -0.1982
-24.5651 79.3669 -53.2141 13.7133 1650410562102 1025795.2500 -0.1984
-24.0721 79.2444 -53.8267 14.4008 1650410562131 1025824.2500 -0.1984
-24.3976 79.3549 -53.6203 13.6138 1650410562159 1025853.2500 -0.1984
-25.4476 80.4783 -53.2375 12.9819 1650410562188 1025882.2500 -0.1984
-25.1966 79.8087 -53.6660 14.7641 1650410562217 1025911.2500 -0.1984
-25.7650 80.0959 -53.3969 14.0206 1650410562246 1025940.2500 -0.1984
-25.9479 80.3888 -53.3499 19.1014 1650410562275 1025969.2500 -0.1984
-25.6256 79.8332 -53.4944 17.0117 1650410562305 1025998.2500 -0.1984
-25.0907 79.5998 -53.7737 16.9019 1650410562334 1026027.2500 -0.1984
-25.6295 80.1257 -53.4875 14.1816 1650410562363 1026056.2500 -0.1984
-25.3651 79.7597 -53.5140 12.7546 1650410562392 1026085.0000 -0.1984
-25.7765 80.1097 -53.1105 13.2657 1650410562420 1026114.0000 -0.1984
-26.4106 80.8217 -52.7235 13.2197 1650410562450 1026143.0000 -0.1982
-26.4485 80.8969 -52.4973 14.0644 1650410562478 1026172.0000 -0.1979
-24.8238 79.0722 -53.1012 12.7312 1650410562507 1026201.0000 -0.1979
-25.0641 78.8290 -52.8219 15.9694 1650410562536 1026229.7500 -0.1979
-25.2566 79.1723 -52.4737 13.8891 1650410562565 1026258.7500 -0.1977
-25.1923 79.3124 -52.3090 15.8690 1650410562594 1026287.7500 -0.1974
-26.0661 80.6488 -51.3234 13.6689 1650410562623 1026316.0000 -0.1974
-24.6018 79.1934 -52.0481 17.0616 1650410562652 1026345.7500 -0.1974
-24.4845 78.9508 -51.7286 13.7062 1650410562682 1026374.7500 -0.1972
-24.7158 79.0395 -51.1605 15.4420 1650410562711 1026403.5000 -0.1969
-24.3085 79.1296 -50.9853 14.2052 1650410562739 1026432.7500 -0.1969
-24.1214 79.6133 -50.5857 15.3678 1650410562769 1026461.7500 -0.1969
-24.9259 79.8766 -49.8403 18.9999 1650410562797 1026490.7500 -0.1969
-25.0844 79.7756 -49.2910 16.7643 1650410562826 1026519.7500 -0.1969
-24.6196 80.0197 -48.8736 17.2722 1650410562855 1026548.7500 -0.1969
-24.3248 79.8144 -48.4379 17.8117 1650410562884 1026577.5000 -0.1974
-24.7486 79.6818 -47.8211 16.9468 1650410562913 1026606.5000 -0.1974
-24.7780 80.0983 -47.1645 19.1474 1650410562942 1026635.2500 -0.1974
-24.4722 80.0130 -46.7162 19.0237 1650410562971 1026664.2500 -0.1974
-24.8661 80.0197 -45.8765 17.7383 1650410562999 1026693.2500 -0.1974
-24.6775 80.1188 -45.3615 25.2255 1650410563029 1026722.2500 -0.1974
-24.5121 80.1961 -44.6559 17.4854 1650410563058 1026751.2500 -0.1978
-24.8365 79.9892 -44.0066 16.7557 1650410563087 1026780.2500 -0.1979
-24.5075 79.9217 -43.4004 17.2271 1650410563116 1026810.7500 -0.1979
-24.7218 80.1938 -42.7069 15.7889 1650410563145 1026839.0000 -0.1979
-24.7803 80.0915 -41.7796 21.2422 1650410563174 1026867.2500 -0.1979
-24.5659 80.3163 -41.1357 17.4151 1650410563203 1026896.2500 -0.1979
-24.6418 79.8059 -40.7769 22.5997 1650410563232 1026925.2500 -0.1979
-24.7965 80.3555 -39.8849 18.6809 1650410563261 1026954.2500 -0.1979
-24.8486 80.4526 -39.0207 14.9978 1650410563290 1026982.7500 -0.1976
-24.8463 80.2568 -38.5690 19.5276 1650410563318 1027012.2500 -0.1974
-24.4642 80.4481 -37.8143 14.1986 1650410563348 1027041.2500 -0.1974
-24.6471 80.3010 -37.1728 18.5383 1650410563376 1027072.5000 -0.1974
-24.5955 80.2365 -36.2596 20.4568 1650410563405 1027100.2500 -0.1974
-24.8644 80.4636 -35.3482 12.6514 1650410563434 1027128.2500 -0.1974
-24.5863 80.4395 -35.0359 20.5425 1650410563464 1027157.0000 -0.1974
-24.5206 80.4383 -34.2220 20.4839 1650410563493 1027186.2500 -0.1974
-24.8603 80.3033 -33.7713 21.1628 1650410563522 1027215.2500 -0.1974
-24.4264 80.5566 -33.1880 21.8896 1650410563551 1027244.0000 -0.1969
-24.3715 80.3602 -32.4827 16.9432 1650410563580 1027273.0000 -0.1969
-24.5561 80.3757 -31.9708 17.0058 1650410563609 1027302.0000 -0.1969
-24.4700 80.6175 -31.2648 17.7130 1650410563637 1027330.7500 -0.1969
-24.2013 80.6637 -31.1862 16.6978 1650410563666 1027359.7500 -0.1969
-24.2331 80.6941 -31.3933 21.7458 1650410563695 1027388.7500 -0.1972
-23.9228 81.0132 -31.5366 19.6832 1650410563724 1027417.7500 -0.1974
-24.0520 81.2394 -31.5476 15.7129 1650410563753 1027446.7500 -0.1974
-24.0573 81.6266 -31.6731 18.1436 1650410563782 1027475.7500 -0.1974
-23.9429 81.1242 -31.4469 18.6372 1650410563811 1027504.7500 -0.1974
-24.0638 81.1829 -31.8447 15.7224 1650410563841 1027533.7500 -0.1977
-24.4103 81.0984 -31.5416 17.7919 1650410563870 1027562.7500 -0.1979
-24.2687 81.0632 -31.6446 21.9646 1650410563898 1027593.0000 -0.1979
-24.4115 80.7210 -31.3981 17.3557 1650410563928 1027620.2500 -0.1979
-24.3949 80.9038 -31.4995 20.1117 1650410563956 1027649.7500 -0.1979
-24.5727 80.7278 -31.3237 22.3052 1650410563985 1027678.5000 -0.1979
-24.5230 80.7003 -31.4470 20.9358 1650410564014 1027707.5000 -0.1979
-24.4791 80.8158 -31.5706 21.3824 1650410564043 1027736.5000 -0.1979
-24.5313 80.6427 -31.6279 18.2419 1650410564072 1027765.2500 -0.1979
-24.1979 80.7733 -31.4801 17.4029 1650410564101 1027794.2500 -0.1979
-24.4631 80.8160 -31.4546 18.5612 1650410564130 1027823.2500 -0.1979
-24.2832 80.9252 -31.3801 17.8798 1650410564159 1027851.7500 -0.1979
-24.4210 80.7677 -31.4781 22.3115 1650410564188 1027881.2500 -0.1977
-24.5117 80.7576 -31.3396 15.7136 1650410564217 1027910.0000 -0.1974
-24.2684 80.6569 -31.3878 18.8534 1650410564246 1027940.2500 -0.1974
-24.1651 80.5897 -31.4866 17.4739 1650410564275 1027968.2500 -0.1974
-24.3353 80.5047 -31.2298 21.6860 1650410564304 1027997.2500 -0.1974
-24.2949 80.9581 -31.4064 15.3854 1650410564333 1028026.2500 -0.1974
-24.3510 80.7467 -31.3964 21.5550 1650410564362 1028055.2500 -0.1972
-24.0602 80.8229 -31.3985 16.2471 1650410564391 1028084.2500 -0.1969
-24.6175 80.7086 -31.2064 15.2339 1650410564420 1028113.2500 -0.1969
-24.1552 80.8278 -31.2171 20.4163 1650410564449 1028142.2500 -0.1969
-24.2565 81.0091 -31.2947 18.3143 1650410564477 1028171.2500 -0.1969
-24.2159 80.9886 -31.2663 21.8196 1650410564507 1028200.2500 -0.1969
-24.3401 80.8792 -31.2009 23.9380 1650410564535 1028229.2500 -0.1969
-24.3891 80.5724 -31.1800 20.8434 1650410564565 1028258.2500 -0.1969
-24.3130 80.6112 -31.2968 20.4100 1650410564594 1028287.2500 -0.1972
-24.4284 80.4566 -31.1331 20.0505 1650410564623 1028316.2500 -0.1974
-24.0825 80.8469 -31.2278 19.8389 1650410564652 514195.7500 -0.1974
-24.3721 80.4304 -31.1338 15.5814 1650410564681 74.5000 -0.1969
-24.3616 80.4534 -31.0793 21.3627 1650410564710 104.0000 -0.1969
-24.1426 80.7510 -31.2353 22.7715 1650410564739 132.7500 -0.1972
-24.2429 80.7337 -31.0427 19.2514 1650410564768 161.7500 -0.1974
-24.2369 80.8178 -31.0731 18.4892 1650410564796 190.7500 -0.1974
-24.3338 80.7489 -31.0635 21.5594 1650410564826 219.7500 -0.1974
-24.3620 80.5194 -31.1326 20.2500 1650410564854 146.7500 -0.1974
-24.3330 80.5549 -31.2085 16.2684 1650410564883 73.7500 -0.1974
-24.5554 80.4832 -31.1235 21.2425 1650410564912 102.2500 -0.1971
-24.2407 80.7000 -31.1043 19.0482 1650410564941 133.0000 -0.1969
-24.4946 80.3943 -31.0415 19.9842 1650410564970 160.7500 -0.1969
-24.4589 80.1772 -31.9988 28.2448 1650410565000 189.2500 -0.1969
-24.5097 79.8237 -32.2796 22.4559 1650410565029 218.7500 -0.1967
-23.8664 80.2073 -33.4777 18.1205 1650410565057 146.7500 -0.1965
-24.0581 80.0872 -34.2480 22.3304 1650410565087 74.5000 -0.1965
-24.1882 80.1821 -34.8267 21.0131 1650410565115 103.0000 -0.1965
-23.3834 80.4388 -36.0737 23.3102 1650410565144 132.5000 -0.1965
-23.9515 79.8767 -36.1899 24.6194 1650410565173 161.2500 -0.1965
-23.9247 80.1612 -36.7767 17.1201 1650410565202 190.2500 -0.1965
-24.1404 80.0478 -37.6284 19.7436 1650410565231 219.2500 -0.1965
-24.2273 79.9340 -38.1856 20.9830 1650410565260 147.2500 -0.1965
-24.2160 80.0470 -38.9451 21.7556 1650410565289 75.2500 -0.1965
-24.4534 79.5875 -39.3674 22.8331 1650410565318 104.2500 -0.1965
-24.2801 79.8304 -40.1968 18.7527 1650410565347 133.2500 -0.1965
-24.7875 80.1145 -40.9750 19.3588 1650410565376 162.2500 -0.1965
-24.5750 79.6320 -41.4105 17.0253 1650410565406 191.2500 -0.1965
-24.5722 80.3354 -42.0633 13.6885 1650410565434 220.0000 -0.1965
-24.6838 79.6249 -42.8001 19.6077 1650410565463 146.7500 -0.1968
-24.4628 79.9334 -43.5511 15.1560 1650410565492 74.2500 -0.1969
-24.6630 79.4536 -44.2634 17.7454 1650410565521 103.2500 -0.1969
-24.4196 79.2088 -44.8999 13.1482 1650410565550 132.2500 -0.1969
-24.6019 80.1899 -45.3629 16.0013 1650410565579 161.2500 -0.1973
-24.7247 79.5626 -46.0443 16.5735 1650410565608 190.2500 -0.1974
-24.7272 79.5599 -46.5334 13.3985 1650410565637 219.2500 -0.1974
-24.4401 79.8575 -47.3437 14.7764 1650410565666 147.2500 -0.1974
-24.6190 79.4784 -47.9071 17.3415 1650410565694 74.5000 -0.1974
-24.9712 79.4990 -48.1483 17.1555 1650410565723 104.0000 -0.1974
-24.6480 79.8006 -49.0843 14.0631 1650410565753 133.2500 -0.1974
-24.8225 79.8114 -49.1940 12.8464 1650410565782 163.0000 -0.1974
-25.6107 80.1388 -49.3162 16.0923 1650410565811 191.0000 -0.1974
-24.6519 79.5889 -50.4303 13.0655 1650410565840 220.0000 -0.1974
-24.6236 79.9712 -50.8454 18.1389 1650410565869 147.2500 -0.1972
-24.6439 79.4826 -51.3734 13.7095 1650410565898 74.7500 -0.1969
-25.6834 80.6135 -51.1532 12.6769 1650410565927 103.7500 -0.1969
-24.9006 79.8479 -51.9541 13.3827 1650410565955 132.7500 -0.1969
-24.8707 79.7983 -52.3064 17.6353 1650410565985 161.7500 -0.1969
-25.0659 79.8525 -52.3782 17.4543 1650410566013 190.7500 -0.1969
-25.7788 80.5539 -52.1597 15.9548 1650410566042 219.5000 -0.1967
-25.1867 80.0169 -52.6210 13.9086 1650410566071 147.2500 -0.1965
-24.6411 79.6973 -53.1832 14.5861 1650410566101 74.7500 -0.1965
-24.1448 79.1925 -53.7110 13.2123 1650410566129 103.7500 -0.1965
-25.1177 80.3421 -53.3500 12.9520 1650410566158 132.7500 -0.1965
-24.3230 79.3933 -53.7735 11.6963 1650410566188 161.7500 -0.1965
-24.4942 79.2406 -53.9739 19.3856 1650410566217 191.5000 -0.1965
-25.5848 80.1450 -53.4617 13.9731 1650410566246 219.2500 -0.1968
-25.8610 80.3128 -53.3638 14.7828 1650410566274 147.2500 -0.1969
-25.4375 79.8662 -53.5241 14.1727 1650410566303 75.2500 -0.1969
-25.0438 79.5784 -53.8763 16.8457 1650410566332 104.2500 -0.1969
-25.3330 79.7585 -53.6572 15.3582 1650410566362 133.2500 -0.1969
-25.5768 79.9547 -53.5663 13.5131 1650410566390 162.2500 -0.1969
-26.1407 80.3740 -53.1395 13.5301 1650410566419 191.2500 -0.1969
-25.6530 79.9073 -53.4114 11.6500 1650410566448 220.0000 -0.1969
-26.0447 80.3894 -52.9387 15.4749 1650410566477 97.5000 -0.1973
-25.8064 80.1862 -52.8734 15.3465 1650410566506 74.2500 -0.1974
-25.4718 79.8302 -52.7853 15.0126 1650410566535 103.0000 -0.1972
-25.3125 78.9880 -52.7526 10.8378 1650410566565 132.0000 -0.1969
-25.0605 79.0657 -52.5403 15.7251 1650410566593 161.2500 -0.1969
-24.9738 79.0552 -52.3069 13.0499 1650410566622 190.2500 -0.1969
-25.8676 80.3957 -51.7026 13.5960 1650410566651 219.2500 -0.1969
-25.8616 80.3515 -51.2347 15.6041 1650410566680 146.7500 -0.1969
-24.7013 79.1111 -51.5779 19.0263 1650410566709 74.2500 -0.1966
-25.2401 79.6552 -50.9489 19.1312 1650410566738 103.2500 -0.1965
-24.6657 79.7366 -50.6999 15.2380 1650410566767 132.2500 -0.1965
-23.8739 79.3460 -50.7345 19.5862 1650410566796 161.2500 -0.1965
-24.7365 79.6939 -49.7943 14.6926 1650410566825 190.2500 -0.1965
-24.7472 79.8192 -49.3417 17.1453 1650410566853 219.2500 -0.1965
-24.3002 80.0442 -48.9847 13.4567 1650410566883 146.7500 -0.1965
-24.7005 80.1145 -48.2737 18.8722 1650410566912 74.0000 -0.1965
-25.0388 80.0090 -47.5862 22.8348 1650410566941 103.0000 -0.1965
-24.7616 80.2503 -47.0667 17.8221 1650410566970 131.7500 -0.1965
-23.9965 79.7205 -46.7188 18.6075 1650410566999 163.5000 -0.1965
-24.6898 79.8149 -46.0511 14.9861 1650410567028 189.7500 -0.1965
-24.6234 79.9075 -45.1820 21.7926 1650410567057 218.7500 -0.1965
-24.2998 79.7188 -44.6353 17.3760 1650410567086 146.7500 -0.1969
-25.0323 80.0199 -43.8965 17.2009 1650410567114 74.7500 -0.1969
-24.7651 80.2035 -43.1291 18.3392 1650410567144 103.7500 -0.1969
-24.8088 80.0935 -42.3741 16.2067 1650410567172 132.7500 -0.1969
-24.9739 80.2818 -41.7383 25.4658 1650410567201 161.7500 -0.1969
-24.5701 80.2462 -40.9389 12.6132 1650410567230 192.0000 -0.1969
-24.8904 80.1261 -40.3217 23.2632 1650410567260 221.0000 -0.1969
-24.6154 80.2284 -39.9117 15.5026 1650410567288 147.2500 -0.1969
-24.7064 80.3456 -39.1630 20.6264 1650410567318 75.7500 -0.1969
-24.7863 80.2221 -38.4633 16.4990 1650410567347 103.5000 -0.1969
-24.5333 80.6471 -37.6914 17.8829 1650410567376 132.5000 -0.1966
-24.7400 80.3973 -37.1152 20.3404 1650410567405 161.2500 -0.1965
-24.5204 80.4755 -36.4130 17.6437 1650410567433 190.2500 -0.1965
-24.5012 80.1535 -35.6073 19.5824 1650410567463 219.2500 -0.1965
-24.5685 80.5673 -35.1107 23.2313 1650410567491 147.2500 -0.1965
-24.5095 80.6565 -34.2833 15.2903 1650410567520 75.2500 -0.1965
-24.4471 80.4914 -33.8401 25.4640 1650410567549 104.2500 -0.1962
-24.4511 80.5740 -33.3016 18.8825 1650410567578 133.2500 -0.1960
-24.3556 80.2867 -32.1320 13.1984 1650410567607 162.2500 -0.1960
-24.5285 80.1681 -31.7934 20.0654 1650410567636 191.2500 -0.1960
-24.4847 80.7671 -31.4877 11.7362 1650410567665 220.2500 -0.1960
-24.0864 80.6669 -31.4465 15.4201 1650410567694 147.7500 -0.1960
-24.2881 80.7973 -31.1792 14.8574 1650410567724 75.2500 -0.1957
-23.7582 80.9865 -31.5550 12.2305 1650410567752 107.0000 -0.1955
-23.9357 81.2393 -31.3301 17.7066 1650410567781 133.0000 -0.1955
-23.9386 81.3393 -31.5009 15.7782 1650410567810 162.2500 -0.1955
-24.0795 81.2055 -31.5469 15.2906 1650410567839 191.2500 -0.1955
-24.2942 81.0805 -31.3998 20.5127 1650410567868 220.2500 -0.1955
-24.2211 80.6891 -31.4491 17.8669 1650410567897 147.7500 -0.1955
-24.3878 80.7826 -31.4771 15.0354 1650410567926 75.2500 -0.1955
-24.4431 80.9991 -31.3272 18.6702 1650410567955 104.2500 -0.1955
-24.2289 80.7683 -31.5617 15.6447 1650410567984 133.2500 -0.1955
-24.3321 80.7948 -31.5489 20.3847 1650410568012 161.2500 -0.1955
-24.2781 80.8122 -31.6299 17.3040 1650410568042 191.0000 -0.1955
-24.5352 80.5714 -31.3185 16.1790 1650410568071 220.0000 -0.1955
-24.5784 80.4442 -31.4258 14.7970 1650410568100 147.0000 -0.1960
-24.5846 80.5188 -31.1106 18.6106 1650410568129 74.7500 -0.1960
-24.2906 80.6457 -31.4791 17.0017 1650410568158 103.7500 -0.1956
-24.6670 80.5033 -31.3700 19.6327 1650410568187 132.7500 -0.1955
-24.5414 80.3653 -31.3492 18.1332 1650410568216 161.7500 -0.1960
-24.2029 80.7733 -31.4062 18.1861 1650410568245 190.7500 -0.1960
-24.0945 80.6997 -31.3167 18.6059 1650410568274 219.7500 -0.1960
-24.3927 80.5454 -31.3858 20.1049 1650410568303 147.2500 -0.1960
-24.3042 80.7809 -31.3442 16.8027 1650410568331 74.7500 -0.1960
-24.0867 80.8046 -31.4935 19.1965 1650410568360 103.7500 -0.1960
-24.3392 80.5109 -31.3829 17.9581 1650410568389 132.7500 -0.1957
-24.2023 80.5466 -31.5282 20.1835 1650410568418 161.7500 -0.1955
-24.1616 80.8344 -31.3437 18.4907 1650410568447 190.5000 -0.1955
-24.4902 80.4553 -31.4049 21.8313 1650410568477 219.5000 -0.1955
-24.2471 80.4183 -31.2934 25.0925 1650410568506 248.0000 -0.1955
-24.2507 80.6887 -31.2342 19.9253 1650410568535 104.0000 -0.1955
-24.1158 80.7643 -31.2490 21.5999 1650410568564 74.2500 -0.1952
-24.3012 80.6486 -31.2275 20.9436 1650410568592 103.2500 -0.1950
-24.1774 80.6741 -31.2896 18.2375 1650410568622 132.2500 -0.1950
-24.0632 80.8458 -31.3911 15.9205 1650410568650 161.2500 -0.1950
-24.0742 80.7395 -31.2873 17.3197 1650410568679 190.2500 -0.1950
-24.1257 80.5672 -31.1489 18.1795 1650410568708 219.2500 -0.1950
-24.0426 80.6838 -31.3130 19.5788 1650410568737 146.7500 -0.1950
-24.2781 80.6631 -31.0977 18.1452 1650410568766 77.0000 -0.1955
-24.0784 80.8558 -31.2164 21.9150 1650410568795 104.2500 -0.1952
-24.3016 80.7360 -31.2153 16.1141 1650410568824 132.2500 -0.1950
-24.4012 80.5712 -31.1425 20.5012 1650410568853 162.2500 -0.1950
-24.2444 80.7504 -31.2206 22.4091 1650410568883 190.2500 -0.1955
-24.1292 80.7437 -31.2407 19.7293 1650410568911 219.2500 -0.1955
-24.1118 80.6970 -31.2715 23.4215 1650410568941 147.2500 -0.1958
-24.0739 80.6925 -31.2039 18.0293 1650410568969 75.2500 -0.1960
-24.1825 80.7252 -31.4071 19.1472 1650410568998 104.2500 -0.1960
-24.3229 80.1397 -32.1015 30.5979 1650410569027 133.2500 -0.1960
-24.4443 79.9242 -32.7959 26.1220 1650410569056 162.2500 -0.1960
-23.5747 80.4097 -33.7246 24.0685 1650410569085 191.2500 -0.1960
-24.0985 80.0603 -34.3195 21.8420 1650410569114 220.0000 -0.1960
-23.9230 80.3165 -35.0770 17.2857 1650410569143 147.7500 -0.1960
-23.6866 80.2089 -36.0533 20.8456 1650410569172 75.0000 -0.1957
-24.3419 80.0494 -36.0674 30.8929 1650410569201 104.0000 -0.1955
-23.9995 80.1497 -37.0563 21.4687 1650410569230 132.7500 -0.1955
-24.1889 79.7585 -37.7806 22.8033 1650410569259 161.7500 -0.1955
-24.2513 80.0603 -38.3450 16.4353 1650410569288 192.0000 -0.1955
-24.7049 80.2745 -38.9545 20.0617 1650410569317 221.0000 -0.1955
-24.3054 79.6170 -39.6338 21.4190 1650410569346 147.2500 -0.1952
-24.2431 79.5633 -40.6411 16.3487 1650410569375 74.7500 -0.1950
-24.5735 79.8670 -40.8830 18.8773 1650410569404 103.7500 -0.1950
-24.7086 79.9321 -41.4750 18.7318 1650410569433 132.7500 -0.1950
-24.1929 79.9669 -42.4176 14.6945 1650410569462 161.7500 -0.1947
-24.1907 79.5679 -43.0764 17.4038 1650410569490 190.7500 -0.1945
-24.9158 80.0735 -43.4846 12.1324 1650410569520 219.7500 -0.1945
-24.3821 79.6093 -44.4099 15.3741 1650410569548 148.5000 -0.1945
-24.7547 79.6371 -44.9027 12.5105 1650410569577 75.5000 -0.1947
-24.5861 79.6956 -45.5492 14.3066 1650410569606 104.5000 -0.1950
-24.7909 79.4603 -46.0279 12.8195 1650410569636 133.0000 -0.1950
-25.0837 79.7843 -46.5171 13.8609 1650410569665 162.2500 -0.1950
-24.7336 79.8165 -47.3503 16.2773 1650410569694 191.2500 -0.1950
-24.8006 79.5943 -47.8484 17.8457 1650410569723 220.2500 -0.1950
-24.6530 79.4030 -48.5361 13.0664 1650410569752 147.2500 -0.1950
-24.6429 80.2813 -48.8902 16.8379 1650410569781 74.2500 -0.1954
-24.9508 79.9839 -49.3787 13.9181 1650410569809 103.2500 -0.1955
-24.9109 79.7788 -49.8161 16.4198 1650410569838 132.2500 -0.1952
-25.1858 80.6410 -49.9828 14.1612 1650410569867 161.2500 -0.1950
-24.9476 79.9783 -50.5765 15.7168 1650410569896 190.2500 -0.1954
-24.6444 79.6583 -51.3926 11.7937 1650410569925 219.2500 -0.1955
-25.2961 80.2276 -51.3087 14.8558 1650410569954 146.7500 -0.1955
-24.8337 80.0452 -51.9525 18.8986 1650410569983 74.2500 -0.1955
-24.8755 79.6103 -52.3615 14.2989 1650410570012 103.2500 -0.1955
-24.5515 79.5243 -52.5803 15.9695 1650410570042 132.2500 -0.1955
-24.4123 79.1940 -52.9791 14.1415 1650410570070 161.0000 -0.1952
-24.7973 79.4419 -53.1286 21.3887 1650410570100 190.2500 -0.1950
-25.1403 80.2706 -52.7733 12.7537 1650410570128 219.2500 -0.1950
-24.4026 79.7821 -53.2725 14.7489 1650410570157 147.2500 -0.1950
-24.3033 79.4010 -53.6390 13.0375 1650410570186 75.2500 -0.1950
-24.5202 79.4180 -53.7646 14.5557 1650410570215 104.2500 -0.1950
-24.5798 79.2344 -53.8079 13.7031 1650410570244 133.0000 -0.1950
-24.5635 78.9991 -53.9080 19.8217 1650410570273 162.0000 -0.1950
-25.6415 80.0107 -53.4663 14.4466 1650410570302 190.7500 -0.1950
-25.4973 79.7479 -53.5649 12.2308 1650410570331 221.0000 -0.1950
-25.7961 80.2348 -53.4110 13.8096 1650410570360 147.2500 -0.1950
-25.5308 79.9284 -53.4853 13.7380 1650410570389 74.2500 -0.1950
-25.0958 79.4319 -53.6556 15.4532 1650410570418 103.7500 -0.1950
-25.6579 80.1334 -53.4171 17.6541 1650410570447 132.7500 -0.1950
-25.7333 79.9923 -53.2050 16.7964 1650410570476 161.7500 -0.1950
-26.2239 80.8004 -52.6677 13.1186 1650410570505 190.7500 -0.1950
-24.6502 79.0708 -53.2028 12.5364 1650410570534 219.7500 -0.1950
-26.5390 80.4927 -52.1764 14.5911 1650410570563 147.2500 -0.1950
-25.4226 79.2189 -52.6585 10.3925 1650410570592 74.7500 -0.1950
-25.6108 79.5521 -52.2626 13.2367 1650410570621 103.7500 -0.1952
-26.0121 80.3255 -51.7449 13.9124 1650410570649 132.7500 -0.1955
-25.9061 80.3968 -51.4800 13.2269 1650410570679 161.5000 -0.1955
-25.3002 79.9044 -51.4656 12.2095 1650410570707 190.5000 -0.1955
-24.8383 79.1643 -51.4761 18.0118 1650410570736 219.2500 -0.1955
-25.1901 79.5033 -50.9204 18.4584 1650410570765 146.7500 -0.1955
-25.2926 80.1052 -50.3804 13.7273 1650410570795 74.2500 -0.1955
-24.1390 79.3760 -50.4200 13.8208 1650410570824 103.0000 -0.1955
-25.2915 80.1061 -49.7282 22.2350 1650410570853 132.0000 -0.1955
-25.0540 80.0290 -49.1745 15.8386 1650410570882 161.2500 -0.1955
-24.5011 79.5779 -49.0955 13.8806 1650410570911 190.2500 -0.1955
-24.2737 79.3323 -48.5149 15.6402 1650410570940 219.2500 -0.1955
-24.8940 79.8415 -47.6683 14.6580 1650410570968 146.7500 -0.1952
-24.6250 80.0640 -47.1627 21.9916 1650410570998 74.2500 -0.1950
-24.4822 79.9067 -47.0722 21.9916 1650410571005 81.5000 -0.1950
