-25.9100 80.5095 -30.8655 31.1065 1650410541384 1005078.7500 -0.1962
-25.8769 80.3826 -31.0686 41.9238 1650410541413 1005107.7500 -0.1960
-25.8871 80.5285 -30.8841 31.5618 1650410541442 1005136.7500 -0.1960
-25.8358 80.4558 -30.9558 26.5077 1650410541471 1005165.7500 -0.1960
-25.9202 80.4646 -30.9640 31.5402 1650410541500 1005194.7500 -0.1960
-25.9921 80.6098 -30.7689 32.8301 1650410541529 1005223.7500 -0.1960
-26.0104 80.6311 -30.8264 34.2965 1650410541558 1005252.7500 -0.1960
-25.9451 80.5565 -30.8344 39.8137 1650410541586 1005283.0000 -0.1960
-25.8906 80.4073 -30.9656 32.7421 1650410541616 1005310.7500 -0.1960
-25.9804 80.4852 -30.7703 34.3734 1650410541645 1005339.7500 -0.1960
-25.8843 80.4457 -30.8905 30.1457 1650410541674 1005368.7500 -0.1960
-25.8098 80.4739 -30.8805 27.1847 1650410541702 1005397.5000 -0.1965
-25.9185 80.5760 -30.8694 33.0806 1650410541732 1005426.5000 -0.1965
-25.8638 80.4699 -30.8421 26.3454 1650410541761 1005455.5000 -0.1965
-25.8503 80.3427 -30.9345 41.2917 1650410541790 1005484.2500 -0.1965
-25.8484 80.4108 -30.9411 28.8110 1650410541819 1005514.5000 -0.1965
-25.8018 80.3022 -31.0456 29.9739 1650410541847 1005541.7500 -0.1965
-25.8390 80.3605 -30.9644 31.3192 1650410541877 1005571.2500 -0.1968
-25.8205 80.3733 -31.0038 27.7763 1650410541905 1005600.0000 -0.1969
-25.9663 80.4367 -30.9005 25.9016 1650410541934 1005629.2500 -0.1969
-25.8769 80.4699 -30.9320 29.6496 1650410541963 1005658.2500 -0.1969
-25.9283 80.4277 -30.9655 26.6675 1650410541992 1005687.2500 -0.1969
-25.7644 80.3301 -30.9974 33.8166 1650410542021 1005716.2500 -0.1969
-25.8763 80.2869 -30.9847 27.3139 1650410542050 1005745.2500 -0.1969
-25.8125 80.2775 -30.9827 21.6954 1650410542080 1005774.2500 -0.1969
-25.8772 80.3132 -30.9601 27.1366 1650410542109 1005803.2500 -0.1969
-25.9253 80.4349 -30.9820 27.2044 1650410542138 1005832.2500 -0.1969
-25.9110 80.3179 -30.9975 29.7404 1650410542166 1005861.2500 -0.1969
-25.9103 80.3995 -30.9897 27.8794 1650410542195 1005890.2500 -0.1969
-25.8545 80.3881 -30.8838 24.8833 1650410542224 1005919.2500 -0.1967
-25.8321 80.3836 -30.9536 22.5899 1650410542253 1005948.2500 -0.1965
-25.8087 80.3278 -31.0281 39.2648 1650410542282 1005977.2500 -0.1965
-25.8090 80.3253 -30.9470 30.1376 1650410542311 1006006.2500 -0.1965
-25.8482 80.2548 -30.9725 26.3663 1650410542340 1006034.7500 -0.1965
-25.9272 80.4770 -30.8710 25.9243 1650410542369 1006063.2500 -0.1965
-25.7513 80.2758 -31.0342 18.8521 1650410542398 1006093.0000 -0.1965
-25.8323 80.2612 -31.0308 27.2744 1650410542427 1006122.0000 -0.1965
-25.8202 80.3728 -30.9686 33.7794 1650410542456 1006151.0000 -0.1965
-25.8001 80.3394 -30.9949 34.9241 1650410542485 1006179.7500 -0.1965
-25.7668 80.2942 -30.9381 32.3643 1650410542514 1006208.7500 -0.1965
-25.8778 80.3544 -31.0350 20.2253 1650410542543 1006237.7500 -0.1968
-25.8654 80.3914 -30.8799 24.6411 1650410542572 1006266.7500 -0.1969
-25.7758 80.3468 -30.9918 32.3841 1650410542601 1006296.2500 -0.1974
-25.7627 80.1870 -31.0948 22.4439 1650410542630 1006324.7500 -0.1974
-25.8359 80.2500 -31.0550 28.3434 1650410542659 1006353.7500 -0.1974
-25.8381 80.2304 -31.0256 20.5885 1650410542688 1006384.0000 -0.1974
-25.7735 80.1906 -31.0911 26.1220 1650410542717 1006411.7500 -0.1974
-25.7861 80.2547 -31.1153 28.0343 1650410542745 1006440.7500 -0.1974
-25.7690 80.2390 -31.0618 34.4730 1650410542775 1006469.7500 -0.1978
-25.7371 80.1506 -31.1057 29.6307 1650410542803 1006498.7500 -0.1979
-25.8781 80.2760 -30.9608 23.0473 1650410542833 1006527.5000 -0.1977
-25.8837 80.1868 -31.0084 24.4829 1650410542861 1006556.5000 -0.1974
-25.8646 80.2864 -31.0411 25.8327 1650410542891 1006585.2500 -0.1977
-25.8557 80.3685 -30.9262 26.0680 1650410542920 1006614.2500 -0.1979
-25.9352 80.3735 -30.8896 30.4547 1650410542949 1006643.2500 -0.1979
-25.7641 80.2089 -31.0166 23.8908 1650410542978 1006672.2500 -0.1979
-25.9512 80.2820 -31.0226 33.6789 1650410543006 1006701.2500 -0.1977
-25.9545 80.3785 -30.9280 40.8350 1650410543036 1006730.2500 -0.1974
-25.8678 80.4070 -30.9484 22.7861 1650410543064 1006759.2500 -0.1974
-25.9324 80.3666 -30.9893 28.3576 1650410543093 1006788.2500 -0.1974
-25.8767 80.2930 -30.9996 27.0760 1650410543122 1006816.5000 -0.1974
-25.9017 80.2451 -31.0106 29.5731 1650410543151 1006846.2500 -0.1969
-25.9173 80.0157 -31.1183 21.3024 1650410543180 1006875.2500 -0.1969
-25.7794 80.5239 -29.9610 37.9954 1650410543209 1006904.2500 -0.1969
-25.7128 80.2684 -29.6098 36.2738 1650410543238 1006933.2500 -0.1969
-25.5557 80.1607 -29.2773 32.4407 1650410543268 1006962.2500 -0.1974
-25.6352 80.0990 -28.5696 27.9693 1650410543297 1006991.2500 -0.1974
-25.1557 80.0403 -28.1298 33.7790 1650410543325 1007020.2500 -0.1974
-25.0402 79.8837 -27.3312 21.3414 1650410543355 1007049.7500 -0.1974
-25.1959 80.0057 -26.9219 19.8794 1650410543383 1007077.7500 -0.1974
-24.8960 80.0723 -26.0427 21.8205 1650410543412 1007107.2500 -0.1974
-25.0164 80.0276 -25.5743 21.2773 1650410543441 1007136.2500 -0.1974
-24.9609 80.0635 -24.8828 17.7580 1650410543470 1007165.2500 -0.1974
-24.7734 79.9484 -24.4583 22.0703 1650410543499 1007194.0000 -0.1979
-25.0568 79.9963 -23.9659 20.1337 1650410543528 1007223.0000 -0.1979
-25.0786 80.4084 -23.8356 19.7200 1650410543557 1007252.0000 -0.1979
-24.8034 80.0058 -24.0857 11.9547 1650410543586 1007280.7500 -0.1979
-24.9906 79.9882 -23.9941 12.4833 1650410543615 1007309.7500 -0.1979
-25.0725 80.1225 -24.1137 14.8758 1650410543644 1007338.7500 -0.1979
-25.3623 80.1709 -23.8782 18.3414 1650410543673 1007367.7500 -0.1979
-25.1988 80.0189 -23.9910 17.3513 1650410543702 1007396.7500 -0.1979
-25.3263 80.2204 -23.7864 16.8933 1650410543731 1007425.7500 -0.1979
-25.3846 80.1395 -23.9475 19.1596 1650410543760 1007454.7500 -0.1979
-25.3828 80.1697 -23.8249 21.7147 1650410543789 1007483.7500 -0.1977
-25.3882 80.2320 -23.8633 22.0558 1650410543818 1007512.7500 -0.1974
-25.4275 80.2775 -23.6981 21.5643 1650410543847 1007541.7500 -0.1974
-25.4142 80.1542 -23.8890 16.5673 1650410543876 1007572.0000 -0.1974
-25.5042 80.1464 -23.6920 19.7499 1650410543904 1007601.0000 -0.1972
-25.7043 80.2235 -23.5324 22.3330 1650410543934 1007628.5000 -0.1969
-25.3335 80.1107 -23.8317 19.0809 1650410543962 1007657.5000 -0.1969
-25.5440 80.1724 -23.6676 19.7210 1650410543991 1007686.5000 -0.1969
-25.5283 80.0776 -23.7459 24.2759 1650410544021 1007715.2500 -0.1969
-25.6643 80.3397 -23.5739 15.6831 1650410544050 1007744.2500 -0.1969
-25.4251 80.1226 -23.6809 15.5982 1650410544079 1007773.2500 -0.1969
-25.6071 80.0625 -23.5076 25.5925 1650410544108 1007802.2500 -0.1969
-25.5596 80.1732 -23.6287 20.4197 1650410544137 1007830.7500 -0.1969
-25.5395 80.1932 -23.5747 19.7937 1650410544166 1007860.0000 -0.1974
-25.6172 80.3204 -23.4509 18.6365 1650410544195 1007889.2500 -0.1974
-25.6071 80.2315 -23.4833 20.9360 1650410544223 1007919.2500 -0.1974
-25.3497 80.0288 -23.7132 23.5883 1650410544252 1007947.2500 -0.1974
-25.4026 80.1034 -23.6305 20.8596 1650410544281 1007976.2500 -0.1974
-25.5206 80.0924 -23.6206 21.4764 1650410544310 1008005.2500 -0.1974
-25.5006 80.1011 -23.5805 15.9799 1650410544339 1008034.2500 -0.1977
-25.5037 80.1616 -23.5942 27.3718 1650410544368 1008063.2500 -0.1979
-25.4882 80.1225 -23.5913 23.2612 1650410544398 1008092.2500 -0.1979
-25.6972 80.2679 -23.4527 22.8918 1650410544427 1008121.2500 -0.1979
-25.6882 80.3636 -23.4468 21.7509 1650410544456 1008150.2500 -0.1979
-25.6023 80.2364 -23.4461 23.2152 1650410544484 1008179.2500 -0.1979
-25.6302 80.4001 -23.5037 18.6229 1650410544514 1008208.2500 -0.1979
-25.7695 80.4643 -23.2700 29.7972 1650410544542 1008237.2500 -0.1979
-25.7579 80.4439 -23.3800 21.6907 1650410544571 1008266.2500 -0.1979
-25.7529 80.4237 -23.2975 24.2965 1650410544600 1008295.0000 -0.1979
-25.6217 80.2608 -23.3847 23.5262 1650410544629 1008324.0000 -0.1977
-25.9914 80.5619 -23.1215 20.7254 1650410544658 1008352.0000 -0.1974
-25.7626 80.3874 -23.3130 23.2692 1650410544687 1008381.7500 -0.1974
-25.7133 80.2921 -23.3805 20.7794 1650410544716 1008410.7500 -0.1974
-25.6684 80.3017 -23.4377 25.3552 1650410544745 1008439.7500 -0.1972
-25.5829 80.3106 -23.3702 21.8422 1650410544774 1008468.7500 -0.1969
-25.6555 80.2414 -23.4366 20.7705 1650410544803 1008497.7500 -0.1969
-25.5645 80.1909 -23.5314 14.6799 1650410544833 1008526.7500 -0.1969
-25.5095 80.3883 -23.4555 26.2316 1650410544861 1008555.7500 -0.1967
-25.2068 80.0381 -24.3096 17.9634 1650410544890 1008584.2500 -0.1965
-24.9514 79.9189 -24.8928 16.2339 1650410544919 1008616.5000 -0.1965
-24.2277 79.3871 -26.4168 18.2900 1650410544948 1008642.7500 -0.1965
-24.7780 79.6738 -26.4464 17.4444 1650410544977 1008671.2500 -0.1965
-24.7387 79.3526 -27.2725 20.1241 1650410545006 1008700.2500 -0.1965
-24.0002 78.9796 -28.6894 14.6280 1650410545035 1008729.5000 -0.1965
-24.9116 79.5460 -28.5232 17.1063 1650410545063 1008758.5000 -0.1968
-24.7851 79.3670 -29.4145 20.1830 1650410545093 1008787.5000 -0.1969
-24.6086 79.3740 -30.0169 15.2350 1650410545121 1008816.2500 -0.1969
-24.7553 79.1898 -30.9213 12.9128 1650410545150 1008845.2500 -0.1969
-24.5158 79.4666 -31.5744 14.7782 1650410545180 1008874.2500 -0.1973
-25.1618 79.4582 -31.8935 15.9114 1650410545209 1008903.2500 -0.1974
-24.8128 79.3446 -32.9878 12.3081 1650410545238 1008932.2500 -0.1974
-24.8277 79.4565 -33.4591 21.2609 1650410545267 1008961.2500 -0.1974
-25.2880 79.6454 -33.8923 22.6518 1650410545296 1008990.2500 -0.1974
-24.9489 79.4516 -34.7699 14.3112 1650410545325 1009019.2500 -0.1974
-25.2230 79.4121 -35.5004 16.6605 1650410545354 1009048.2500 -0.1974
-25.2044 79.2404 -36.3414 13.3179 1650410545382 1009077.2500 -0.1974
-25.0536 79.3518 -36.9250 12.4238 1650410545412 1009106.0000 -0.1974
-25.7931 79.9303 -37.1348 17.8258 1650410545440 1009134.5000 -0.1974
-25.1910 79.2144 -38.1505 13.0759 1650410545469 1009164.2500 -0.1972
-25.7247 79.8435 -38.3071 15.2790 1650410545498 1009193.2500 -0.1969
-25.7709 79.7141 -39.0499 19.9258 1650410545527 1009222.2500 -0.1969
-25.6926 79.5768 -39.7978 14.4714 1650410545556 1009251.2500 -0.1969
-25.6868 79.6962 -40.0369 16.5924 1650410545586 1009280.2500 -0.1967
-25.8476 79.5562 -40.8161 22.7265 1650410545615 1009309.2500 -0.1965
-25.8676 79.7053 -41.1790 16.0683 1650410545644 1009338.2500 -0.1965
-25.8092 79.9958 -41.4010 19.5369 1650410545673 1009368.2500 -0.1965
-25.6316 79.7548 -42.0405 12.5511 1650410545701 1009396.0000 -0.1962
-25.8657 79.7182 -42.8397 18.7599 1650410545730 1009425.0000 -0.1960
-25.8006 79.7011 -43.1748 20.6067 1650410545759 1009453.2500 -0.1960
-25.8311 79.8811 -43.2692 17.1004 1650410545788 1009483.0000 -0.1960
-25.7593 79.8211 -43.7697 16.8472 1650410545817 1009511.7500 -0.1960
-25.7796 79.8394 -44.2423 21.0178 1650410545846 1009540.7500 -0.1963
-25.8941 79.7916 -44.6218 22.9289 1650410545875 1009569.7500 -0.1965
-25.7743 79.9030 -44.5624 23.6669 1650410545904 1009598.7500 -0.1965
-26.0805 79.8279 -45.0363 27.1133 1650410545933 1009627.7500 -0.1965
-25.6846 79.8159 -45.3774 22.2961 1650410545962 1009656.7500 -0.1968
-25.6977 79.8240 -45.4076 26.0767 1650410545992 1009685.7500 -0.1967
-25.5654 79.7072 -45.5768 19.7695 1650410546020 1009714.7500 -0.1965
-25.4707 79.5850 -46.0979 21.3662 1650410546049 1009743.7500 -0.1965
-25.9522 79.8615 -45.9318 30.8606 1650410546078 1009772.7500 -0.1968
-25.4785 79.6531 -46.3384 16.9888 1650410546107 1009801.7500 -0.1969
-25.9189 79.8176 -45.8591 24.8924 1650410546136 1009830.7500 -0.1969
-25.8010 79.7001 -46.3640 16.1665 1650410546165 1009859.5000 -0.1969
-26.1782 80.1565 -45.6875 17.9033 1650410546194 1009889.5000 -0.1969
-25.9736 79.7163 -46.3185 18.8594 1650410546223 1009917.0000 -0.1969
-26.1130 80.1193 -45.7521 22.6582 1650410546252 1009946.2500 -0.1969
-26.0260 80.0476 -45.8750 19.5518 1650410546280 1009975.2500 -0.1969
-26.2926 80.1093 -45.6904 25.8182 1650410546310 1010004.2500 -0.1969
-26.2927 80.3314 -45.0806 19.0756 1650410546339 1010033.2500 -0.1969
-26.2033 80.1209 -45.0845 16.8781 1650410546368 1010062.2500 -0.1967
-26.2816 80.2879 -44.9523 21.1915 1650410546397 1010091.2500 -0.1965
-25.7313 79.6861 -45.8422 24.1605 1650410546426 1010120.2500 -0.1965
-25.9719 79.9680 -44.8219 30.5028 1650410546455 1010150.0000 -0.1965
-25.6895 79.8985 -44.7268 17.5100 1650410546484 1010178.2500 -0.1965
-25.9920 79.8092 -44.2376 28.7389 1650410546513 1010207.2500 -0.1965
-25.3813 79.9095 -43.8048 20.8716 1650410546541 1010236.0000 -0.1965
-25.2794 79.6578 -43.6073 25.1633 1650410546571 1010265.2500 -0.1965
-25.1086 79.5535 -43.6440 26.3728 1650410546599 1010294.2500 -0.1965
-24.8736 79.3537 -43.1626 19.4322 1650410546628 1010323.2500 -0.1965
-24.5781 79.2906 -43.4032 19.9345 1650410546657 1010352.2500 -0.1965
-24.5232 79.2558 -43.0358 18.4078 1650410546687 1010381.2500 -0.1965
-24.5866 79.2379 -42.1447 22.9347 1650410546715 1010410.2500 -0.1965
-24.5441 79.1809 -41.6644 15.9530 1650410546745 1010439.2500 -0.1965
-24.6584 79.5594 -41.1424 18.4057 1650410546774 1010468.2500 -0.1967
-24.5409 79.5147 -40.5247 21.5771 1650410546803 1010497.2500 -0.1969
-24.6642 79.5764 -39.8610 19.0841 1650410546832 1010526.0000 -0.1969
-24.6498 79.6931 -39.4391 21.2544 1650410546860 1010555.0000 -0.1973
-24.5773 79.8544 -38.9112 18.3809 1650410546890 1010584.0000 -0.1974
-24.5876 79.3848 -38.2971 12.3787 1650410546918 1010613.0000 -0.1974
-24.4478 79.5858 -37.9152 18.6742 1650410546947 1010641.7500 -0.1974
-24.7785 79.7047 -36.9827 22.6988 1650410546976 1010670.2500 -0.1978
-24.9359 79.9553 -36.0466 22.0425 1650410547005 1010699.7500 -0.1979
-25.3175 80.2733 -35.3756 19.1906 1650410547034 1010728.7500 -0.1979
-25.2319 80.2487 -34.6553 20.4289 1650410547063 1010757.7500 -0.1979
-25.4778 80.0840 -33.9925 19.6700 1650410547092 1010786.7500 -0.1979
-25.4726 80.2858 -33.1957 23.1447 1650410547121 1010815.7500 -0.1979
-25.3085 80.0591 -32.7254 21.4897 1650410547151 1010844.7500 -0.1979
-25.5840 80.2442 -31.8909 19.0896 1650410547179 1010873.7500 -0.1979
-25.5013 80.5036 -31.1223 17.6337 1650410547208 1010902.5000 -0.1979
-25.4250 80.3722 -30.4786 17.2609 1650410547237 1010933.0000 -0.1979
-25.2083 80.1880 -30.0111 15.3639 1650410547266 1010960.5000 -0.1977
-25.0778 80.2095 -29.3591 14.5737 1650410547295 1010990.7500 -0.1974
-25.3889 80.1308 -28.6266 21.1430 1650410547324 1011018.5000 -0.1974
-25.1806 80.2148 -27.9417 19.6912 1650410547353 1011047.2500 -0.1974
-25.2650 80.3474 -27.3272 21.1400 1650410547382 1011076.2500 -0.1972
-25.5862 80.4698 -26.4652 19.9645 1650410547411 1011105.2500 -0.1969
-25.0570 80.1849 -26.0067 16.8095 1650410547439 1011134.2500 -0.1969
-25.3955 80.3602 -25.3366 19.3349 1650410547469 1011163.2500 -0.1974
-25.3691 80.4400 -24.6096 23.4648 1650410547498 1011192.2500 -0.1972
-24.8628 80.1166 -24.2903 16.2786 1650410547527 1011221.2500 -0.1969
-25.2511 80.4398 -23.7413 16.8425 1650410547556 1011250.2500 -0.1969
-25.2150 80.5266 -23.7350 20.7862 1650410547585 1011279.2500 -0.1974
-25.6124 80.5487 -23.6210 13.3945 1650410547614 1011308.2500 -0.1974
-25.1552 80.2107 -24.0329 13.7074 1650410547643 1011337.2500 -0.1974
-25.0713 79.8731 -24.2948 14.0033 1650410547672 1011366.2500 -0.1974
-25.1278 79.8716 -24.2062 13.3155 1650410547701 1011395.2500 -0.1979
-25.1177 79.9801 -24.1315 15.0618 1650410547730 1011423.5000 -0.1979
-25.2117 79.8322 -24.2699 16.4313 1650410547758 1011454.2500 -0.1979
-25.3652 79.9584 -24.0724 17.3732 1650410547787 1011482.2500 -0.1979
-25.3107 79.8721 -24.0330 16.2530 1650410547816 1011511.2500 -0.1979
-25.2421 79.9457 -24.1920 14.1887 1650410547845 1011540.2500 -0.1979
-25.4628 80.1630 -23.9388 14.4651 1650410547874 1011569.2500 -0.1979
-25.4251 80.0774 -23.9412 16.8204 1650410547904 1011598.2500 -0.1979
-25.4031 80.0857 -23.9084 17.6387 1650410547933 1011627.2500 -0.1979
-25.5077 80.1659 -23.8667 18.0089 1650410547962 1011656.0000 -0.1979
-25.5520 80.1598 -23.8079 18.8661 1650410547991 1011684.5000 -0.1976
-25.4714 80.0852 -23.8549 22.2092 1650410548019 1011714.0000 -0.1974
-25.3709 80.0446 -23.9520 27.4229 1650410548049 1011742.7500 -0.1974
-25.5245 80.0926 -23.8187 20.2274 1650410548077 1011773.0000 -0.1974
-25.4054 80.0901 -23.8496 18.4692 1650410548106 1011800.7500 -0.1974
-25.5056 79.9703 -23.9632 23.9791 1650410548135 1011829.7500 -0.1974
-25.3174 79.9007 -23.9203 23.4592 1650410548164 1011858.7500 -0.1972
-25.4226 80.1133 -23.7778 18.3534 1650410548193 1011887.7500 -0.1969
-25.3390 79.9480 -23.9872 21.5947 1650410548222 1011916.7500 -0.1969
-25.3394 79.9802 -23.9186 19.3855 1650410548251 1011945.7500 -0.1969
-25.2187 79.7258 -24.0362 15.7780 1650410548280 1011974.7500 -0.1967
-25.4237 80.1809 -23.7516 28.3775 1650410548310 1012003.7500 -0.1965
-25.3411 80.0136 -23.9109 16.7416 1650410548338 1012032.7500 -0.1965
-25.4089 80.0427 -23.8690 20.7892 1650410548367 1012061.7500 -0.1965
-25.2358 79.9695 -23.9924 23.8186 1650410548396 1012090.5000 -0.1965
-25.4912 80.1106 -23.7421 19.0395 1650410548425 1012119.5000 -0.1965
-25.4153 80.0791 -23.7777 19.2695 1650410548454 1012148.5000 -0.1965
-25.5723 80.1805 -23.5327 20.2121 1650410548483 1012177.2500 -0.1969
-25.4108 80.0280 -23.6232 22.3459 1650410548512 1012205.5000 -0.1969
-25.3854 79.9421 -23.8545 17.7519 1650410548541 1012235.2500 -0.1972
-25.6253 80.2618 -23.5839 14.5009 1650410548570 1012264.2500 -0.1974
-25.5031 80.2168 -23.5806 18.7210 1650410548598 1012293.2500 -0.1974
-25.5194 80.2503 -23.5359 18.7801 1650410548628 1012323.7500 -0.1974
-25.5400 80.3253 -23.5393 17.1424 1650410548657 1012351.0000 -0.1974
-25.5343 80.1344 -23.6594 23.8626 1650410548686 1012380.2500 -0.1974
-25.6186 80.3364 -23.4827 16.7836 1650410548715 1012409.2500 -0.1974
-25.5924 80.2256 -23.5295 23.2906 1650410548744 1012438.0000 -0.1974
-25.4256 79.9922 -23.7150 17.6273 1650410548773 1012466.7500 -0.1974
-25.6915 80.2537 -23.4178 19.1473 1650410548802 1012496.2500 -0.1974
-25.4709 80.2251 -23.6650 25.2434 1650410548831 1012525.0000 -0.1974
-25.5375 80.1498 -23.6168 21.9375 1650410548860 1012554.2500 -0.1974
-25.0802 79.8253 -24.0946 24.4154 1650410548889 1012583.2500 -0.1972
-24.9189 79.8329 -24.5318 17.3726 1650410548917 1012612.2500 -0.1969
-24.6970 79.6548 -25.3246 20.7345 1650410548947 1012641.2500 -0.1969
-24.2817 79.2209 -26.5225 19.8687 1650410548975 1012670.2500 -0.1969
-24.3404 79.2922 -26.9537 19.5931 1650410549004 1012699.2500 -0.1969
-24.5925 79.5020 -27.6145 17.9383 1650410549033 1012728.2500 -0.1969
-24.2457 79.1374 -28.6818 16.0872 1650410549063 1012757.0000 -0.1967
-24.6100 79.2595 -28.9744 22.8123 1650410549092 1012786.0000 -0.1965
-24.6840 79.4849 -29.7545 15.9291 1650410549121 1012815.0000 -0.1965
-24.6883 79.2953 -30.3047 11.7944 1650410549150 1012843.7500 -0.1969
-24.7893 79.3056 -31.0444 14.5108 1650410549179 1012872.7500 -0.1967
-24.6976 79.6306 -31.6659 17.5904 1650410549208 1012901.7500 -0.1965
-24.9351 79.3494 -32.2421 15.2259 1650410549236 1012930.7500 -0.1965
-25.0163 79.4903 -32.9455 13.7525 1650410549265 1012961.0000 -0.1969
-25.0375 79.7211 -33.3008 20.7163 1650410549294 1012990.0000 -0.1969
-25.0954 79.3439 -34.3812 15.6013 1650410549323 1013017.7500 -0.1969
-24.9269 79.4997 -34.9437 14.1857 1650410549352 1013046.7500 -0.1969
-25.5076 79.6202 -35.4916 17.6200 1650410549381 1013075.7500 -0.1974
-25.1612 79.4835 -36.2053 12.5268 1650410549410 1013104.7500 -0.1974
-25.5145 79.6384 -36.8098 19.7509 1650410549439 1013133.7500 -0.1974
-25.6556 79.7364 -37.2210 20.2322 1650410549469 1013162.7500 -0.1974
-25.6268 79.6885 -38.1218 13.6444 1650410549497 1013191.5000 -0.1974
-25.8088 79.9132 -38.2732 20.8272 1650410549527 1013223.2500 -0.1974
-25.7748 79.8064 -39.1093 14.8879 1650410549555 1013248.7500 -0.1974
-25.5236 79.4708 -40.1384 18.3561 1650410549584 1013278.2500 -0.1974
-25.9384 80.0968 -39.7140 13.2516 1650410549613 1013307.0000 -0.1974
-26.0606 79.8566 -40.5604 14.4549 1650410549642 1013336.2500 -0.1974
-25.6376 79.5446 -41.5081 21.7440 1650410549671 1013365.2500 -0.1974
-25.5877 79.6679 -41.8655 18.3499 1650410549700 1013394.2500 -0.1974
-25.8024 79.8097 -42.0922 19.4936 1650410549729 1013423.2500 -0.1974
-25.3655 79.3422 -43.1701 14.9243 1650410549758 1013452.2500 -0.1974
-25.2636 79.2649 -43.8956 16.6910 1650410549787 1013481.2500 -0.1972
-25.8010 79.9536 -43.1886 16.1642 1650410549815 1013510.2500 -0.1969
-25.9660 79.7574 -43.7221 14.7136 1650410549845 1013539.2500 -0.1969
-25.9128 79.9592 -44.3517 20.4402 1650410549874 1013568.2500 -0.1969
-25.8933 79.7166 -44.5735 24.9765 1650410549903 1013597.2500 -0.1969
-25.8291 79.8772 -44.8621 19.3394 1650410549932 1013626.2500 -0.1969
-25.9747 79.7452 -44.8091 21.8047 1650410549961 1013655.2500 -0.1967
-25.6858 80.1016 -44.8904 22.4451 1650410549990 1013684.2500 -0.1965
-25.8862 79.9880 -45.2874 25.4626 1650410550019 1013713.2500 -0.1965
-25.8558 79.9574 -45.6194 22.3482 1650410550048 1013744.7500 -0.1965
-25.6211 79.6315 -46.1505 15.8612 1650410550076 1013771.0000 -0.1967
-25.8452 79.7536 -46.0177 18.4582 1650410550106 1013800.2500 -0.1969
-26.3451 79.9809 -45.9570 23.2134 1650410550134 1013829.2500 -0.1969
-25.9930 79.7845 -46.1655 18.0668 1650410550163 1013858.0000 -0.1969
-26.0490 80.0396 -45.8331 18.5011 1650410550193 1013887.0000 -0.1972
-26.1871 80.1943 -45.6382 16.8436 1650410550222 1013916.0000 -0.1974
-26.0917 80.1150 -45.6566 18.1356 1650410550251 1013945.0000 -0.1974
-25.9591 80.0619 -46.1142 21.7612 1650410550280 1013973.2500 -0.1974
-26.0114 80.0022 -45.7804 19.9567 1650410550309 1014002.2500 -0.1974
-26.1125 80.0759 -45.4566 17.1082 1650410550338 1014031.7500 -0.1974
-26.2009 80.3186 -45.1387 18.1139 1650410550367 1014060.2500 -0.1974
-26.2117 80.2052 -45.0339 17.3459 1650410550395 1014089.5000 -0.1974
-25.7566 79.6757 -45.8378 25.9519 1650410550425 1014118.7500 -0.1974
-25.9291 79.8066 -45.6101 26.2679 1650410550453 1014147.7500 -0.1974
-25.9024 79.9225 -45.0130 32.2966 1650410550482 1014176.7500 -0.1974
-25.8475 79.8786 -44.5472 18.1641 1650410550511 1014205.7500 -0.1974
-26.0193 80.0380 -44.1482 23.1553 1650410550540 1014234.7500 -0.1974
-25.5789 79.7214 -44.2677 21.6878 1650410550569 1014263.7500 -0.1974
-25.3850 79.7311 -43.6183 25.7864 1650410550598 1014292.7500 -0.1974
-25.2742 79.6989 -43.4980 24.0485 1650410550628 1014321.5000 -0.1974
-24.9235 79.3252 -43.3351 21.9069 1650410550656 1014350.5000 -0.1974
-24.6010 79.2929 -43.2521 20.5073 1650410550686 1014379.2500 -0.1972
-24.8233 79.4022 -42.5567 17.2204 1650410550714 1014408.2500 -0.1969
-24.7999 79.5610 -41.7158 16.1371 1650410550743 1014437.2500 -0.1969
-24.8673 79.4019 -41.4595 21.1876 1650410550772 1014466.2500 -0.1969
-24.6996 79.6115 -41.0135 23.4597 1650410550801 1014495.0000 -0.1969
-24.5705 79.4759 -40.2742 16.8650 1650410550830 1014525.5000 -0.1969
-24.8862 79.7349 -39.5761 19.6058 1650410550859 1014553.2500 -0.1969
-24.9637 80.0430 -39.0733 24.4833 1650410550888 1014582.2500 -0.1969
-24.8634 79.9452 -38.5632 19.1356 1650410550917 1014611.2500 -0.1969
-24.9424 79.7575 -38.0019 29.5310 1650410550946 1014640.2500 -0.1969
-24.9930 79.8950 -37.2741 19.4773 1650410550974 1014669.2500 -0.1972
-24.8653 80.2191 -36.4907 21.4254 1650410551004 1014698.2500 -0.1974
-25.2119 80.0505 -35.8054 24.1866 1650410551033 1014727.2500 -0.1974
-25.3352 80.1816 -35.1343 21.0880 1650410551062 1014759.0000 -0.1974
-25.1700 80.0496 -34.5757 19.8085 1650410551091 1014785.0000 -0.1977
-25.4480 79.9812 -33.8333 20.9371 1650410551120 1014814.2500 -0.1979
-25.2827 80.3639 -33.1878 17.7114 1650410551149 1014844.0000 -0.1979
-25.2906 80.1659 -32.4207 16.0895 1650410551178 1014872.2500 -0.1979
-25.4746 80.1310 -31.8344 19.9701 1650410551207 1014901.2500 -0.1979
-25.3147 80.3960 -31.1011 14.5114 1650410551236 1014930.2500 -0.1979
-25.4965 80.1882 -30.4104 19.1824 1650410551265 1014959.2500 -0.1979
-25.2594 80.2691 -29.8655 14.0869 1650410551293 1014988.0000 -0.1983
-25.0240 80.2298 -29.1659 15.9030 1650410551322 1015017.0000 -0.1984
-25.2329 80.1851 -28.6069 16.2812 1650410551351 1015046.0000 -0.1984
-25.1633 80.2616 -27.8489 16.6047 1650410551380 1015074.7500 -0.1984
-25.0940 79.9766 -27.3633 17.4014 1650410551410 1015103.7500 -0.1980
-25.5052 80.4894 -26.2929 16.8274 1650410551439 1015132.7500 -0.1979
-24.9574 79.9308 -26.1089 18.9284 1650410551468 1015161.7500 -0.1979
-25.2449 80.2623 -25.3331 15.5215 1650410551497 1015190.7500 -0.1979
-25.1727 80.4054 -24.3725 13.8775 1650410551526 1015219.7500 -0.1979
-25.2112 80.4109 -24.0331 17.1133 1650410551554 1015248.7500 -0.1979
-25.0712 80.0412 -23.9070 14.1083 1650410551584 1015278.5000 -0.1977
-24.8922 80.2474 -23.9825 14.3578 1650410551612 1015306.5000 -0.1974
-24.9376 80.0329 -24.1547 12.2699 1650410551641 1015335.7500 -0.1974
-25.0116 79.9844 -24.1942 11.8202 1650410551670 1015364.7500 -0.1974
-25.0486 79.8445 -24.1420 13.5944 1650410551699 1015393.7500 -0.1974
-25.1027 79.7807 -24.2225 16.2531 1650410551728 1015422.7500 -0.1974
-25.1786 79.8531 -24.2024 14.1782 1650410551758 1015451.5000 -0.1974
-25.2655 79.8267 -24.1018 17.8794 1650410551786 1015480.5000 -0.1974
-25.2905 79.8471 -23.9893 17.1207 1650410551816 1015510.7500 -0.1974
-25.2653 79.9134 -23.9846 18.3114 1650410551845 1015537.5000 -0.1978
-25.4981 80.0999 -23.9955 15.2584 1650410551873 1015567.2500 -0.1979
-25.3623 80.0324 -23.9642 19.8044 1650410551902 1015597.7500 -0.1979
-25.1214 79.7800 -24.0836 16.4016 1650410551931 1015625.0000 -0.1979
-25.1175 79.7880 -24.2219 17.3178 1650410551960 1015654.2500 -0.1979
-25.1718 79.8653 -24.1726 15.6671 1650410551989 1015683.2500 -0.1979
-25.0223 79.8091 -24.1691 19.1811 1650410552018 1015712.2500 -0.1979
-25.2504 79.8562 -24.0104 18.5168 1650410552047 1015741.2500 -0.1979
-25.2795 80.0769 -23.9129 16.7597 1650410552076 1015770.2500 -0.1979
-25.1777 79.8780 -24.1072 16.3636 1650410552105 1015799.2500 -0.1979
-25.2667 79.8973 -23.9497 20.5784 1650410552133 1015828.2500 -0.1982
-25.2136 79.9347 -24.0451 13.9402 1650410552164 1015857.2500 -0.1984
-25.2297 80.0013 -23.7111 15.6620 1650410552192 1015886.2500 -0.1984
-25.3326 80.0306 -23.7730 18.6029 1650410552221 1015915.2500 -0.1984
-25.0920 79.9520 -23.9972 17.5328 1650410552250 1015944.2500 -0.1984
-25.1940 79.9518 -23.9478 24.9826 1650410552279 1015973.2500 -0.1984
-25.4283 80.0432 -23.7509 15.1087 1650410552308 1016002.2500 -0.1984
-25.2052 80.0278 -23.8294 17.2276 1650410552337 1016031.2500 -0.1984
-25.2159 79.9926 -23.8831 17.9509 1650410552366 1016060.7500 -0.1984
-25.2250 79.9415 -23.9900 16.5693 1650410552395 1016089.0000 -0.1984
-25.2533 79.9770 -23.8875 18.0349 1650410552424 1016118.0000 -0.1982
-25.0497 79.7162 -24.0732 19.4606 1650410552452 1016147.0000 -0.1979
-25.5678 80.2881 -23.5921 18.6070 1650410552481 1016176.0000 -0.1979
-25.1448 79.9167 -23.8740 16.5666 1650410552510 1016204.7500 -0.1979
-25.2304 80.0130 -23.8653 16.8763 1650410552540 1016233.7500 -0.1979
-25.3436 80.2162 -23.6058 20.1451 1650410552569 1016262.7500 -0.1979
-25.4111 80.1761 -23.7381 18.0155 1650410552598 1016291.5000 -0.1979
-25.3196 79.9870 -23.8457 14.0050 1650410552627 1016322.0000 -0.1979
-25.5452 80.2301 -23.5452 20.7949 1650410552656 1016349.7500 -0.1979
-25.4927 80.3240 -23.5000 18.6568 1650410552685 1016378.0000 -0.1979
-25.6124 80.3022 -23.4349 17.7109 1650410552713 1016407.7500 -0.1979
-25.4007 80.2138 -23.6430 18.3600 1650410552743 1016436.7500 -0.1983
-25.5000 80.2522 -23.5209 18.8059 1650410552771 1016465.7500 -0.1984
-25.5682 80.1640 -23.5623 17.0529 1650410552800 1016494.7500 -0.1984
-25.4004 80.1465 -23.7569 17.1702 1650410552829 1016523.7500 -0.1984
-25.5420 80.2573 -23.4875 18.8266 1650410552858 1016552.5000 -0.1984
-25.1898 79.9009 -23.7777 21.5012 1650410552887 1016581.5000 -0.1984
-25.0742 79.9409 -24.3025 15.2047 1650410552916 1016610.2500 -0.1984
-24.9548 80.1383 -24.4260 11.6979 1650410552945 1016639.2500 -0.1984
-24.6349 79.7770 -25.5644 23.7652 1650410552975 1016668.2500 -0.1984
-24.4349 79.5014 -26.4783 14.1407 1650410553004 1016697.2500 -0.1984
-24.8478 79.6863 -26.6548 16.8851 1650410553032 1016726.2500 -0.1984
-24.7629 79.6985 -27.5897 18.7714 1650410553062 1016755.2500 -0.1984
-24.5296 79.5133 -28.6216 16.0382 1650410553090 1016784.2500 -0.1984
-24.6325 79.2815 -29.0901 23.9976 1650410553119 1016814.5000 -0.1984
-24.4568 79.3349 -29.8964 11.7998 1650410553148 1016841.5000 -0.1984
-24.7862 79.3717 -30.4366 19.6969 1650410553177 1016871.2500 -0.1984
-24.5388 79.2139 -31.2092 17.3540 1650410553206 1016900.2500 -0.1982
-24.9792 79.7423 -31.6326 15.3269 1650410553235 1016929.2500 -0.1979
-25.0605 79.4598 -32.3504 17.9594 1650410553264 1016958.2500 -0.1979
-24.9937 79.7439 -32.8592 15.6572 1650410553293 1016987.2500 -0.1979
-24.9220 79.6331 -33.5988 13.1053 1650410553322 1017016.2500 -0.1979
-25.3201 79.5510 -34.3181 18.5181 1650410553351 1017045.2500 -0.1979
-24.5282 79.3408 -35.3416 14.9784 1650410553380 1017073.7500 -0.1979
-25.4743 79.5673 -35.7671 15.8484 1650410553409 1017103.2500 -0.1979
-24.9676 79.2755 -36.5912 16.4957 1650410553438 1017133.7500 -0.1979
-25.5026 79.6612 -36.9250 17.1319 1650410553467 1017160.5000 -0.1979
-25.7137 79.8950 -37.2942 16.9969 1650410553496 1017190.0000 -0.1979
-25.4719 79.5547 -38.1904 16.2479 1650410553525 1017219.0000 -0.1979
-25.8516 80.0354 -38.3238 14.1096 1650410553554 1017248.0000 -0.1979
-25.7456 79.7814 -39.1763 18.7598 1650410553583 1017277.0000 -0.1979
-25.7169 79.7987 -39.8469 18.1083 1650410553611 1017305.7500 -0.1979
-25.7054 79.7166 -40.4802 17.4675 1650410553641 1017334.7500 -0.1983
-26.0577 79.8608 -40.7057 14.6820 1650410553669 1017363.7500 -0.1984
-25.5095 79.5086 -41.5950 14.0400 1650410553698 1017392.7500 -0.1984
-25.7012 79.8224 -41.8723 15.1510 1650410553727 1017421.7500 -0.1984
-25.8340 79.7410 -42.2204 14.6907 1650410553757 1017450.7500 -0.1984
-25.9274 79.8281 -42.6596 21.7823 1650410553786 1017479.7500 -0.1984
-25.5917 79.7034 -43.4992 14.9207 1650410553815 1017508.7500 -0.1984
-25.6837 79.5695 -43.8516 12.1618 1650410553844 1017537.7500 -0.1984
-25.9720 80.0527 -43.7749 19.7617 1650410553873 1017566.7500 -0.1984
-25.7927 79.8550 -44.3614 20.3819 1650410553902 1017596.2500 -0.1984
-25.8618 79.7524 -44.6972 24.3906 1650410553930 1017624.7500 -0.1984
-25.7571 79.5811 -45.0930 16.4949 1650410553959 1017653.5000 -0.1984
-25.9027 79.9571 -44.4971 16.4033 1650410553988 1017682.5000 -0.1984
-25.7316 79.8997 -45.0938 27.6323 1650410554017 1017711.5000 -0.1984
-25.5585 79.9279 -45.5586 16.8721 1650410554046 1017740.2500 -0.1984
-25.6079 79.8432 -45.6979 18.3125 1650410554075 1017769.2500 -0.1984
-25.7756 79.8794 -45.8504 20.9138 1650410554104 1017798.2500 -0.1982
-25.4423 79.4432 -46.4932 16.6550 1650410554134 1017827.0000 -0.1979
-25.8809 79.9627 -45.8237 18.6544 1650410554163 1017856.0000 -0.1979
-26.0857 79.8899 -45.8496 19.3806 1650410554191 1017885.2500 -0.1979
-25.9713 79.8873 -45.9588 14.4442 1650410554221 1017914.0000 -0.1979
-25.9876 80.1119 -45.7703 18.1674 1650410554249 1017943.2500 -0.1974
-25.8702 79.7009 -46.4876 17.8246 1650410554278 1017972.2500 -0.1977
-26.0804 80.0091 -46.0678 15.5068 1650410554307 1018001.2500 -0.1979
-25.9038 79.8793 -46.0086 20.4801 1650410554336 1018030.2500 -0.1979
-26.1920 80.1930 -45.2833 19.4795 1650410554365 1018059.2500 -0.1980
-26.0781 80.0321 -45.5578 22.3880 1650410554394 1018088.2500 -0.1979
-26.1747 80.2315 -45.2574 24.2120 1650410554423 1018117.2500 -0.1979
-25.9109 80.0040 -45.3061 22.1932 1650410554452 1018146.2500 -0.1979
-25.7620 79.8279 -45.4498 22.1105 1650410554481 1018175.2500 -0.1983
-25.9559 79.8166 -45.0951 27.2676 1650410554510 1018204.2500 -0.1984
-25.9257 79.9172 -44.4294 19.2923 1650410554540 1018233.2500 -0.1984
-25.7552 80.0412 -43.7545 22.0483 1650410554568 1018262.2500 -0.1984
-25.5581 79.9421 -43.9136 13.7169 1650410554597 1018291.2500 -0.1984
-25.4282 79.7861 -43.5402 24.1075 1650410554626 1018320.2500 -0.1984
-25.1468 79.5448 -43.5028 31.3408 1650410554655 1018348.7500 -0.1984
-25.0847 79.6151 -42.8361 24.3947 1650410554684 1018379.0000 -0.1984
-24.9325 79.5530 -42.7672 16.8981 1650410554713 1018406.7500 -0.1984
-25.0104 79.8314 -42.0237 21.4232 1650410554742 1018435.7500 -0.1984
-24.9263 79.5071 -41.6124 18.9527 1650410554770 1018464.7500 -0.1984
-24.7611 79.6158 -41.2364 24.9675 1650410554800 1018493.7500 -0.1984
-24.9687 79.8476 -40.6602 32.9886 1650410554828 1018522.7500 -0.1982
-25.0581 79.8947 -39.8555 17.5823 1650410554857 1018551.7500 -0.1979
-25.0746 79.6796 -39.4623 14.1979 1650410554887 1018580.7500 -0.1979
-25.1778 80.0287 -38.9139 14.8939 1650410554916 1018612.5000 -0.1979
-25.1028 80.1070 -38.2540 19.6465 1650410554945 1018638.5000 -0.1979
-25.1920 80.0030 -37.6191 20.0433 1650410554974 1018667.7500 -0.1979
-25.0622 80.0169 -37.1060 21.1072 1650410555003 1018696.5000 -0.1979
-25.0334 80.0099 -36.5078 16.4597 1650410555032 1018725.7500 -0.1979
-25.2340 79.9070 -35.7325 22.9863 1650410555061 1018754.5000 -0.1979
-25.1702 80.0500 -35.1401 19.2477 1650410555089 1018783.5000 -0.1979
-25.0478 79.9981 -34.3868 21.6840 1650410555119 1018812.5000 -0.1979
-25.4517 80.2158 -33.5641 19.8912 1650410555147 1018841.2500 -0.1979
-25.4217 80.1128 -33.0213 21.9501 1650410555176 1018870.2500 -0.1979
-25.4183 80.2627 -32.3014 17.6899 1650410555205 1018899.2500 -0.1979
-25.6572 80.2413 -31.6487 20.4262 1650410555234 1018928.2500 -0.1979
-25.2494 80.2566 -30.9382 19.3816 1650410555263 1018957.2500 -0.1983
-25.3761 80.2036 -30.3635 20.9957 1650410555293 1018986.2500 -0.1984
-25.1125 80.2918 -29.5774 11.6482 1650410555322 1019015.2500 -0.1984
-25.3129 80.4368 -28.8410 18.8598 1650410555351 1019044.2500 -0.1984
-25.5907 80.3077 -28.1787 16.6329 1650410555380 1019073.2500 -0.1988
-25.3685 80.2730 -27.5352 25.3123 1650410555408 1019102.2500 -0.1989
-25.4526 80.2536 -27.1529 13.6046 1650410555437 1019130.7500 -0.1989
-25.2421 80.2987 -26.3007 10.8267 1650410555466 1019160.0000 -0.1989
-25.3383 80.2581 -25.5757 17.2892 1650410555495 1019189.2500 -0.1989
-25.2615 80.1818 -25.1938 17.0863 1650410555524 1019218.2500 -0.1989
-25.2196 80.4625 -24.4178 15.2680 1650410555553 1019247.2500 -0.1987
-25.2027 80.2157 -24.0401 14.1374 1650410555582 1019276.2500 -0.1984
-25.2422 80.4319 -23.7959 17.9745 1650410555611 1019305.2500 -0.1984
-24.9794 80.1036 -23.8937 11.7033 1650410555640 1019334.2500 -0.1984
-24.9575 79.6888 -24.2823 14.5717 1650410555669 1019363.0000 -0.1984
-24.9549 79.9356 -24.2336 12.0902 1650410555699 1019393.0000 -0.1984
-25.1438 80.0559 -23.9272 15.2432 1650410555727 1019421.2500 -0.1984
-24.9959 79.7352 -24.1890 18.2302 1650410555756 1019449.7500 -0.1984
-25.2683 79.7725 -24.0017 15.4912 1650410555785 1019478.7500 -0.1982
-25.2161 80.0400 -23.8945 18.5834 1650410555814 1019508.0000 -0.1979
-25.4298 80.0462 -23.9803 16.6453 1650410555843 1019536.7500 -0.1979
-25.1792 79.9522 -24.1316 17.1537 1650410555872 1019565.7500 -0.1979
-25.2770 79.9902 -23.9801 18.7232 1650410555901 1019594.7500 -0.1977
-25.1535 79.8968 -24.0416 15.3736 1650410555930 1019623.7500 -0.1974
-25.1093 79.8989 -23.9834 20.4165 1650410555959 1019652.7500 -0.1974
-25.0779 79.8685 -23.9991 18.1500 1650410555987 1019681.7500 -0.1974
-25.1181 79.9311 -24.1232 17.6317 1650410556016 1019710.7500 -0.1974
-25.1726 79.9658 -23.9265 16.4888 1650410556046 1019739.7500 -0.1974
-25.2714 80.1007 -23.7881 13.6049 1650410556075 1019768.7500 -0.1977
-24.9783 79.7146 -24.2892 14.7589 1650410556104 1019797.7500 -0.1979
-25.0732 79.8547 -24.0106 19.5570 1650410556133 1019826.7500 -0.1979
-25.0099 79.8221 -24.0162 15.9561 1650410556162 1019855.7500 -0.1979
-25.2251 80.0158 -23.8326 18.8592 1650410556191 1019884.0000 -0.1982
-25.0956 80.0231 -24.0148 19.8412 1650410556220 1019914.7500 -0.1984
-25.2100 80.1298 -23.7901 13.3502 1650410556248 1019942.2500 -0.1984
-25.1335 80.0678 -23.8790 17.7565 1650410556278 1019971.2500 -0.1984
-25.1496 79.9872 -23.9215 15.5389 1650410556306 1020000.2500 -0.1984
-25.2732 80.2296 -23.7386 14.9615 1650410556335 1020029.2500 -0.1984
-25.1715 80.1379 -23.7617 18.5117 1650410556364 1020058.2500 -0.1984
-25.1481 80.0928 -23.7592 14.0592 1650410556394 1020087.2500 -0.1984
-25.1967 80.0806 -23.7927 19.5461 1650410556422 1020116.2500 -0.1984
-25.1215 79.8951 -23.9508 19.0644 1650410556451 1020146.5000 -0.1984
-25.2176 79.9746 -23.8426 18.7343 1650410556481 1020174.2500 -0.1984
-25.0504 79.9933 -23.9013 12.4437 1650410556510 1020203.2500 -0.1984
-25.3927 80.3141 -23.5615 13.7887 1650410556539 1020233.5000 -0.1984
-25.1790 80.1032 -23.8392 18.5021 1650410556567 1020261.2500 -0.1982
-25.0866 80.0599 -23.8217 17.3892 1650410556597 1020290.2500 -0.1979
-25.3022 80.2519 -23.7316 19.0062 1650410556625 1020319.2500 -0.1979
-24.9678 80.0078 -23.9432 18.0830 1650410556654 1020348.2500 -0.1979
-25.4896 80.2520 -23.6395 12.0262 1650410556683 1020377.2500 -0.1979
-25.4214 80.3193 -23.6715 19.4095 1650410556712 1020406.2500 -0.1979
-25.6191 80.4365 -23.3170 17.8950 1650410556741 1020435.2500 -0.1977
-25.2569 80.1856 -23.5097 18.0860 1650410556770 1020464.2500 -0.1974
-25.4356 80.3397 -23.5126 14.4807 1650410556799 1020493.2500 -0.1974
-25.5647 80.4398 -23.3972 17.6948 1650410556828 1020522.2500 -0.1974
-25.3948 80.2081 -23.6291 16.7122 1650410556858 1020551.0000 -0.1974
-25.1262 80.1294 -23.7874 18.2728 1650410556886 1020580.0000 -0.1974
-25.2815 80.3039 -23.6775 18.1401 1650410556915 1020609.0000 -0.1974
-24.9864 79.9355 -24.2501 20.7346 1650410556944 1020638.0000 -0.1974
-24.8125 80.1171 -24.4927 17.1644 1650410556973 1020666.5000 -0.1974
-24.4030 79.8682 -25.4999 16.2237 1650410557002 1020695.5000 -0.1979
-24.3202 79.5778 -26.3630 16.4992 1650410557031 1020724.7500 -0.1979
-24.6267 79.4225 -26.9279 29.0429 1650410557060 1020753.7500 -0.1979
-24.5432 79.7169 -27.6977 11.4902 1650410557089 1020782.7500 -0.1979
-24.7915 79.8826 -28.1964 13.7651 1650410557118 1020811.7500 -0.1979
-24.7499 79.2803 -29.0465 21.2455 1650410557146 1020840.7500 -0.1979
-24.0789 78.9878 -30.2635 10.4404 1650410557176 1020869.7500 -0.1979
-24.6408 79.2897 -30.4691 15.3802 1650410557204 1020900.2500 -0.1979
-24.3597 79.0324 -31.4367 12.8644 1650410557234 1020928.2500 -0.1979
-24.6944 79.5607 -31.7734 16.2920 1650410557263 1020956.7500 -0.1979
-24.8454 79.4541 -32.4761 12.1836 1650410557292 1020985.5000 -0.1979
-24.8943 79.7742 -33.0873 13.4949 1650410557321 1021014.2500 -0.1979
-25.1592 79.7152 -33.5215 15.9547 1650410557350 1021043.5000 -0.1977
-24.9431 79.5890 -34.4329 13.1554 1650410557379 1021072.2500 -0.1974
-25.2437 79.7460 -34.8934 14.6660 1650410557408 1021101.2500 -0.1974
-25.3631 79.4935 -35.7850 15.7693 1650410557437 1021130.2500 -0.1974
-25.2788 79.4073 -36.4651 17.7271 1650410557465 1021159.2500 -0.1974
-25.5420 79.9016 -36.7614 21.0999 1650410557494 1021188.2500 -0.1974
-25.5238 79.5431 -37.5045 14.5444 1650410557523 1021217.2500 -0.1974
-25.5946 79.6643 -38.1182 20.5961 1650410557552 1021246.2500 -0.1974
-25.8283 79.7921 -38.7572 16.3352 1650410557581 1021275.2500 -0.1974
-25.9667 79.8324 -39.1231 17.6341 1650410557611 1021304.2500 -0.1974
-25.6751 79.7332 -40.0728 19.9437 1650410557640 1021333.2500 -0.1974
-25.7395 79.6649 -40.5322 23.4028 1650410557669 1021362.2500 -0.1974
-25.8621 79.6543 -40.8737 14.7597 1650410557698 1021391.2500 -0.1974
-25.5139 79.5025 -41.7331 15.9679 1650410557726 1021420.2500 -0.1974
-25.6737 79.7985 -41.9277 14.3204 1650410557756 1021448.7500 -0.1974
-25.7591 79.7277 -42.4120 14.9911 1650410557784 1021478.2500 -0.1974
-25.7698 79.7655 -43.0200 14.7654 1650410557813 1021507.2500 -0.1974
-25.8551 79.8950 -43.3775 18.9647 1650410557842 1021536.2500 -0.1974
-26.1174 80.0791 -43.3335 14.7554 1650410557871 1021565.2500 -0.1974
-25.9658 79.8769 -43.9329 18.9691 1650410557900 1021594.2500 -0.1979
-25.9213 79.6514 -44.4422 21.9034 1650410557929 1021623.2500 -0.1979
-25.5693 79.4802 -44.9315 19.5436 1650410557958 1021652.2500 -0.1979
-25.8080 79.9668 -45.0494 28.9879 1650410557987 1021680.7500 -0.1979
-25.8567 79.7421 -45.1966 16.6187 1650410558017 1021709.2500 -0.1979
-25.7358 79.7990 -45.2350 25.0891 1650410558045 1021739.0000 -0.1979
-25.8764 79.7449 -45.5910 17.1412 1650410558074 1021768.7500 -0.1979
-25.6798 79.5968 -46.2050 32.1757 1650410558103 1021796.7500 -0.1979
-25.7866 79.8358 -45.6776 26.1247 1650410558132 1021825.7500 -0.1979
-26.0800 79.7407 -46.2653 29.7272 1650410558161 1021854.7500 -0.1979
-25.8426 79.8120 -46.1927 17.7039 1650410558190 1021883.7500 -0.1977
-26.1491 79.9414 -46.1157 20.1751 1650410558219 1021912.7500 -0.1974
-26.1206 80.0345 -45.8422 18.7487 1650410558248 1021941.7500 -0.1974
-26.1115 80.0044 -45.9877 19.9771 1650410558277 1021970.7500 -0.1974
-26.0995 79.9044 -45.8753 20.1955 1650410558305 1021999.7500 -0.1974
-26.0524 79.9313 -45.9535 17.4280 1650410558335 1022028.7500 -0.1974
-25.9201 79.7996 -46.0865 19.8887 1650410558364 1022057.7500 -0.1972
-26.1024 80.0041 -45.7514 21.8111 1650410558393 1022086.7500 -0.1969
-26.0396 80.0681 -45.4080 23.5878 1650410558422 1022115.5000 -0.1969
-26.2186 80.1031 -44.9312 24.0009 1650410558451 1022144.5000 -0.1969
-25.9412 79.8241 -45.5970 18.2399 1650410558480 1022173.2500 -0.1969
-26.2014 79.9039 -44.8238 28.8647 1650410558509 1022202.0000 -0.1969
-25.9870 79.8656 -44.8295 20.9281 1650410558538 1022230.7500 -0.1969
-25.9215 79.8567 -44.5556 34.4767 1650410558567 1022260.2500 -0.1974
-25.8283 80.0423 -43.9848 15.9778 1650410558596 1022289.2500 -0.1972
-25.4692 79.9576 -43.7676 20.8005 1650410558624 1022318.2500 -0.1969
-25.2680 79.5836 -43.8367 23.2764 1650410558654 1022347.2500 -0.1969
-25.3663 79.5827 -43.2699 26.1059 1650410558682 1022376.2500 -0.1974
-25.2915 79.6367 -42.9004 18.7348 1650410558711 1022405.2500 -0.1974
-24.9041 79.5480 -42.9995 21.6184 1650410558740 1022435.7500 -0.1974
-24.8931 79.7556 -41.7491 18.6569 1650410558770 1022462.2500 -0.1974
-24.8894 79.4147 -41.6350 20.1161 1650410558799 1022492.2500 -0.1979
-24.8410 79.5746 -41.1950 19.0931 1650410558828 1022521.2500 -0.1979
-24.8420 79.6185 -40.8861 22.7557 1650410558857 1022549.5000 -0.1979
-24.5876 79.5363 -40.2296 20.9820 1650410558885 1022579.2500 -0.1979
-24.9042 79.5835 -39.5569 18.7596 1650410558915 1022608.2500 -0.1979
-25.1471 79.9630 -38.8924 19.7650 1650410558943 1022637.2500 -0.1979
-24.9464 79.9119 -38.1955 23.0163 1650410558972 1022666.2500 -0.1979
-25.1729 80.0657 -37.4008 20.7336 1650410559001 1022695.2500 -0.1979
-24.9300 79.6956 -37.1346 24.0598 1650410559030 1022724.2500 -0.1979
-25.0118 80.0988 -36.1894 18.9805 1650410559059 1022753.2500 -0.1979
-25.3523 80.0173 -35.5576 18.8368 1650410559088 1022782.0000 -0.1979
-25.2516 80.1155 -34.8938 22.7952 1650410559117 1022811.0000 -0.1979
-25.4069 80.0767 -34.1381 22.3300 1650410559146 1022840.0000 -0.1977
-25.7082 80.3136 -33.3513 20.5227 1650410559175 1022868.7500 -0.1974
-25.4894 80.2444 -32.8704 25.3299 1650410559204 1022897.7500 -0.1974
-25.6306 80.0960 -32.1305 22.7015 1650410559234 1022926.7500 -0.1974
-25.6551 80.4204 -31.3625 17.7856 1650410559262 1022955.7500 -0.1972
-25.4493 80.4333 -30.6466 25.0703 1650410559291 1022985.2500 -0.1969
-25.6520 80.1211 -30.1285 19.7459 1650410559320 1023013.7500 -0.1969
-25.2657 80.2238 -29.5778 21.3008 1650410559349 1023042.7500 -0.1974
-25.3527 80.4173 -28.7448 17.5055 1650410559378 1023071.7500 -0.1974
-25.4753 80.3158 -28.0467 19.6432 1650410559407 1023100.7500 -0.1974
-25.4614 80.5909 -27.3699 20.2827 1650410559436 1023129.7500 -0.1974
-25.2629 80.1046 -27.0861 15.5432 1650410559465 1023158.7500 -0.1979
-25.4560 80.5935 -26.0588 16.5931 1650410559494 1023187.7500 -0.1979
-25.4435 80.5199 -25.4756 18.5889 1650410559522 1023215.7500 -0.1979
-25.5818 80.5182 -24.8638 14.9322 1650410559552 1023246.7500 -0.1979
-25.1557 80.3786 -24.4838 17.5498 1650410559581 1023274.5000 -0.1979
-25.3450 80.4319 -23.6353 15.7992 1650410559610 1023304.5000 -0.1979
-25.2675 80.4375 -23.5171 17.3055 1650410559639 1023332.2500 -0.1982
-25.2545 80.2076 -23.9310 12.5870 1650410559668 1023361.2500 -0.1984
-24.8279 79.9568 -24.1045 12.2773 1650410559697 1023390.2500 -0.1984
-25.1241 80.0153 -24.0173 11.6104 1650410559726 1023419.2500 -0.1984
-25.1262 79.9231 -24.1291 16.6053 1650410559755 1023448.2500 -0.1987
-24.9120 79.5596 -24.2347 13.7503 1650410559783 1023477.2500 -0.1989
-25.0499 79.7265 -23.9677 13.6342 1650410559813 1023506.2500 -0.1985
-24.9351 79.6868 -24.0506 12.8028 1650410559841 1023535.2500 -0.1984
-24.9034 79.5696 -24.2351 14.3426 1650410559870 1023564.2500 -0.1987
-25.0417 79.6998 -24.2056 17.4847 1650410559899 1023593.2500 -0.1989
-24.9908 79.7162 -24.0724 18.6186 1650410559929 1023622.2500 -0.1987
-25.1455 79.8329 -23.9509 15.3824 1650410559958 1023651.2500 -0.1984
-24.9783 79.6858 -23.9912 15.6052 1650410559987 1023680.2500 -0.1984
-25.2089 79.8184 -23.9921 19.8783 1650410560016 1023709.2500 -0.1984
-24.9690 79.7135 -24.0985 18.0281 1650410560045 1023737.5000 -0.1984
-25.1212 79.8491 -23.9010 20.6155 1650410560074 1023768.2500 -0.1984
-25.0550 79.6649 -24.0965 16.8618 1650410560102 1023796.2500 -0.1982
-25.0255 79.8549 -23.9457 16.4319 1650410560131 1023825.2500 -0.1979
-25.0284 79.9784 -23.8853 21.0603 1650410560160 1023854.2500 -0.1982
-25.4673 80.2519 -23.5100 13.2682 1650410560189 1023883.2500 -0.1984
-25.3518 80.1092 -23.6742 16.7296 1650410560218 1023912.0000 -0.1984
-25.2470 80.1196 -23.7005 15.1690 1650410560247 1023941.0000 -0.1985
-25.2159 80.0246 -23.7176 15.3817 1650410560276 1023970.0000 -0.1984
-25.1957 80.0347 -23.7117 15.0840 1650410560305 1023999.5000 -0.1984
-25.1916 80.0647 -23.7420 15.2588 1650410560334 1024027.5000 -0.1984
-25.0260 79.8790 -23.8020 17.6311 1650410560363 1024056.7500 -0.1984
-25.2165 80.1282 -23.6816 18.3953 1650410560393 1024088.5000 -0.1987
-25.3981 80.2630 -23.5596 16.5459 1650410560421 1024114.7500 -0.1989
-25.1617 80.1031 -23.7888 16.4391 1650410560450 1024143.7500 -0.1989
-25.2415 80.0856 -23.7432 15.9583 1650410560479 1024172.7500 -0.1985
-25.1070 80.0178 -23.7723 18.1132 1650410560508 1024201.7500 -0.1984
-25.2087 80.1439 -23.6645 20.2607 1650410560537 1024230.7500 -0.1987
-25.1591 80.1347 -23.6861 12.6198 1650410560566 1024259.7500 -0.1989
-25.2346 80.2280 -23.6912 17.8321 1650410560595 1024288.7500 -0.1989
-25.6048 80.4843 -23.4229 18.1268 1650410560624 1024317.7500 -0.1989
-25.3181 80.3199 -23.5626 18.3336 1650410560653 1024346.5000 -0.1989
-25.4183 80.3985 -23.4599 16.4485 1650410560682 1024375.5000 -0.1989
-25.5516 80.4699 -23.3876 17.3619 1650410560712 1024404.2500 -0.1985
-25.4703 80.4291 -23.3898 16.1557 1650410560740 1024433.2500 -0.1984
-25.3734 80.2801 -23.4002 16.9816 1650410560769 1024462.2500 -0.1984
-25.4706 80.4144 -23.3511 23.4672 1650410560798 1024491.2500 -0.1984
-25.4706 80.3659 -23.4302 17.9773 1650410560827 1024521.5000 -0.1984
-25.5383 80.5553 -23.4195 12.8566 1650410560856 1024549.0000 -0.1984
-25.4487 80.3425 -23.3482 18.6241 1650410560885 1024578.2500 -0.1984
-25.4516 80.3428 -23.4364 20.1202 1650410560914 1024607.2500 -0.1984
-25.3269 80.3518 -23.5982 16.8684 1650410560942 1024636.2500 -0.1982
-25.2797 80.3615 -23.9525 25.9031 1650410560972 1024665.2500 -0.1979
-25.2398 80.2385 -24.4527 20.6549 1650410561000 1024694.2500 -0.1979
-24.7244 80.1767 -25.4102 21.9241 1650410561029 1024723.2500 -0.1979
-24.0492 79.1960 -26.7350 13.1784 1650410561058 1024752.0000 -0.1979
-24.6266 79.5755 -27.0526 23.1380 1650410561087 1024782.5000 -0.1979
-24.5291 79.7477 -27.8315 14.8517 1650410561116 1024810.2500 -0.1979
-24.8393 80.1959 -28.0930 15.3771 1650410561146 1024839.2500 -0.1979
-25.0210 79.5605 -28.9355 23.7859 1650410561175 1024868.2500 -0.1982
-24.2533 79.4258 -30.0343 13.9953 1650410561204 1024897.2500 -0.1984
-24.6933 79.3416 -30.5733 14.1463 1650410561233 1024926.2500 -0.1984
-24.7607 79.5170 -31.1436 13.5212 1650410561261 1024955.2500 -0.1984
-24.9862 79.8752 -31.4994 16.7721 1650410561291 1024984.2500 -0.1984
-24.8514 79.5506 -32.5239 15.8437 1650410561319 1025013.0000 -0.1984
-25.0210 79.7696 -33.1152 16.9734 1650410561348 1025042.0000 -0.1984
-25.1040 79.5925 -33.7502 20.3087 1650410561377 1025071.0000 -0.1984
-25.1533 79.5447 -34.5959 15.0731 1650410561406 1025099.7500 -0.1984
-25.2568 79.8168 -35.0364 17.7355 1650410561435 1025128.7500 -0.1984
-25.5481 79.6925 -35.6901 13.7864 1650410561464 1025157.7500 -0.1984
-25.1983 79.4746 -36.7228 18.9878 1650410561493 1025186.7500 -0.1984
-25.5631 79.7764 -36.8161 19.2076 1650410561523 1025215.7500 -0.1984
-25.5266 79.5587 -37.6986 15.0054 1650410561552 1025244.7500 -0.1984
-25.5260 79.6953 -38.3894 16.1247 1650410561580 1025273.2500 -0.1984
-25.7740 79.6902 -38.8603 17.5454 1650410561609 1025303.7500 -0.1984
-25.8393 79.7837 -39.3668 14.5968 1650410561638 1025331.7500 -0.1984
-25.6267 79.5700 -40.2504 18.0578 1650410561667 1025360.7500 -0.1982
-25.9201 80.0362 -40.1469 21.3704 1650410561696 1025389.7500 -0.1979
-25.9778 79.6904 -40.9849 13.6586 1650410561725 1025418.7500 -0.1979
-25.6085 79.5630 -41.7149 14.9121 1650410561754 1025447.5000 -0.1979
-25.9353 80.0089 -41.3416 23.8555 1650410561783 1025476.5000 -0.1977
-25.9563 79.7575 -42.3292 20.2071 1650410561812 1025505.5000 -0.1974
-25.8509 79.7293 -43.0499 25.2625 1650410561840 1025535.5000 -0.1974
-25.7601 79.9165 -43.1851 21.4027 1650410561870 1025563.0000 -0.1974
-25.9229 79.8907 -43.4050 15.0489 1650410561899 1025592.2500 -0.1977
-25.7271 79.7475 -44.1929 18.9397 1650410561928 1025621.2500 -0.1979
-25.8766 79.6726 -44.4235 20.2082 1650410561957 1025650.2500 -0.1977
-26.0471 79.8546 -44.7697 22.3563 1650410561986 1025679.2500 -0.1974
-25.6993 80.0239 -44.7186 23.5377 1650410562015 1025708.2500 -0.1974
-25.4169 79.4225 -45.3482 16.5069 1650410562044 1025737.2500 -0.1978
-25.7934 79.8607 -45.5059 16.1289 1650410562073 1025766.2500 -0.1982
-25.7241 79.7113 -45.4541 22.0882 1650410562102 1025795.2500 -0.1984
-25.7053 79.5529 -46.1939 21.3701 1650410562131 1025824.2500 -0.1984
-25.8028 79.7200 -45.9443 21.5630 1650410562159 1025853.2500 -0.1984
-26.1290 80.0971 -45.4768 18.0858 1650410562188 1025882.2500 -0.1984
-26.0313 80.0700 -45.8375 22.7097 1650410562217 1025911.2500 -0.1984
-26.2807 80.1994 -45.6143 24.2714 1650410562246 1025940.2500 -0.1984
-26.1047 80.1904 -45.5487 23.5507 1650410562275 1025969.2500 -0.1984
-26.2365 80.2155 -45.7041 21.5453 1650410562305 1025998.2500 -0.1984
-26.0484 79.9815 -45.9919 18.3436 1650410562334 1026027.2500 -0.1984
-25.9958 80.0982 -45.6924 15.0038 1650410562363 1026056.2500 -0.1984
-25.9957 80.1222 -45.7071 20.8757 1650410562392 1026085.0000 -0.1984
-26.1785 80.1716 -45.2938 18.0955 1650410562420 1026114.0000 -0.1984
-26.0326 80.2181 -44.9658 22.1621 1650410562450 1026143.0000 -0.1982
-26.2706 80.1912 -44.7434 19.0579 1650410562478 1026172.0000 -0.1979
-25.9313 80.2406 -44.7533 22.1688 1650410562507 1026201.0000 -0.1979
-26.0508 79.6811 -45.0516 33.4647 1650410562536 1026229.7500 -0.1979
-25.9968 79.9044 -44.7146 25.4207 1650410562565 1026258.7500 -0.1977
-25.7829 79.8297 -44.6412 21.4158 1650410562594 1026287.7500 -0.1974
-25.8145 80.0748 -43.5572 15.9080 1650410562623 1026316.0000 -0.1974
-25.4627 79.7947 -43.7615 20.5700 1650410562652 1026345.7500 -0.1974
-25.1995 79.5116 -44.0508 25.2261 1650410562682 1026374.7500 -0.1972
-25.1890 79.4588 -43.3773 22.0812 1650410562711 1026403.5000 -0.1969
-24.8422 79.2352 -43.2854 20.2052 1650410562739 1026432.7500 -0.1969
-24.9406 79.5899 -42.8818 20.8261 1650410562769 1026461.7500 -0.1969
-24.9353 79.5743 -42.0111 17.3947 1650410562797 1026490.7500 -0.1969
-24.8900 79.4658 -41.4975 25.1972 1650410562826 1026519.7500 -0.1969
-25.0036 79.4792 -41.1479 17.0814 1650410562855 1026548.7500 -0.1969
-24.9299 79.7585 -40.7124 28.6212 1650410562884 1026577.5000 -0.1974
-24.7752 79.7289 -40.0660 22.3470 1650410562913 1026606.5000 -0.1974
-25.1669 79.8988 -39.4011 18.4910 1650410562942 1026635.2500 -0.1974
-25.0476 79.9006 -38.9851 19.5677 1650410562971 1026664.2500 -0.1974
-24.9355 80.2442 -38.0836 21.2176 1650410562999 1026693.2500 -0.1974
-25.0848 79.9276 -37.6185 20.1140 1650410563029 1026722.2500 -0.1974
-25.1306 80.0925 -36.9348 23.1794 1650410563058 1026751.2500 -0.1978
-24.9697 79.9716 -36.2515 22.7375 1650410563087 1026780.2500 -0.1979
-25.1351 79.8434 -35.6782 25.0192 1650410563116 1026810.7500 -0.1979
-25.1880 80.2373 -34.9545 18.9153 1650410563145 1026839.0000 -0.1979
-25.4724 80.2912 -34.0572 20.3778 1650410563174 1026867.2500 -0.1979
-25.4421 80.1858 -33.4256 13.6743 1650410563203 1026896.2500 -0.1979
-25.2309 80.0658 -33.0537 22.8154 1650410563232 1026925.2500 -0.1979
-25.3163 80.1658 -32.1534 26.2090 1650410563261 1026954.2500 -0.1979
-25.6733 80.3771 -31.3313 22.0745 1650410563290 1026982.7500 -0.1976
-25.2606 80.0859 -30.8328 16.0143 1650410563318 1027012.2500 -0.1974
-25.4891 80.1770 -30.1397 21.7249 1650410563348 1027041.2500 -0.1974
-25.2141 80.2945 -29.4514 15.2961 1650410563376 1027072.5000 -0.1974
-25.4908 80.3872 -28.5675 20.1682 1650410563405 1027100.2500 -0.1974
-25.6735 80.8469 -27.6527 18.6121 1650410563434 1027128.2500 -0.1974
-25.4329 80.3245 -27.3284 21.1127 1650410563464 1027157.0000 -0.1974
-25.7704 80.4713 -26.5820 18.3841 1650410563493 1027186.2500 -0.1974
-25.3214 80.3400 -25.9848 17.8314 1650410563522 1027215.2500 -0.1974
-25.3145 80.1589 -25.5008 16.8802 1650410563551 1027244.0000 -0.1969
-25.4776 80.4802 -24.8179 14.9550 1650410563580 1027273.0000 -0.1969
-25.1109 80.2809 -24.2515 15.1373 1650410563609 1027302.0000 -0.1969
-25.4764 80.6330 -23.5839 17.1167 1650410563637 1027330.7500 -0.1969
-25.4305 80.5400 -23.5292 17.8013 1650410563666 1027359.7500 -0.1969
-25.2514 80.3732 -23.7253 14.1673 1650410563695 1027388.7500 -0.1972
-25.0873 80.0521 -23.9119 12.0202 1650410563724 1027417.7500 -0.1974
-25.0248 79.9022 -23.9915 13.1953 1650410563753 1027446.7500 -0.1974
-25.0592 79.9622 -24.1729 11.4107 1650410563782 1027475.7500 -0.1974
-25.3292 80.1150 -23.9006 13.4346 1650410563811 1027504.7500 -0.1974
-24.8327 79.5242 -24.3046 15.5295 1650410563841 1027533.7500 -0.1977
-25.2168 79.7300 -23.9701 13.9249 1650410563870 1027562.7500 -0.1979
-25.1724 79.7174 -24.0603 14.8423 1650410563898 1027593.0000 -0.1979
-25.4515 80.0246 -23.7344 16.6673 1650410563928 1027620.2500 -0.1979
-25.4396 79.9845 -23.8816 17.2848 1650410563956 1027649.7500 -0.1979
-25.4538 79.8601 -23.6522 16.0457 1650410563985 1027678.5000 -0.1979
-25.4048 79.8931 -23.7748 18.7485 1650410564014 1027707.5000 -0.1979
-25.2376 79.6674 -23.9336 23.2091 1650410564043 1027736.5000 -0.1979
-25.2199 79.7121 -23.9644 17.4772 1650410564072 1027765.2500 -0.1979
-25.2705 79.9756 -23.8551 16.6504 1650410564101 1027794.2500 -0.1979
-25.4255 79.9480 -23.7810 19.7185 1650410564130 1027823.2500 -0.1979
-25.4651 79.9755 -23.7673 16.5631 1650410564159 1027851.7500 -0.1979
-25.3245 79.8195 -23.8552 17.7168 1650410564188 1027881.2500 -0.1977
-25.3233 80.0563 -23.6381 15.9572 1650410564217 1027910.0000 -0.1974
-25.3613 79.8745 -23.7406 18.4262 1650410564246 1027940.2500 -0.1974
-25.2693 79.9051 -23.8251 18.7248 1650410564275 1027968.2500 -0.1974
-25.4877 80.0754 -23.5393 17.6625 1650410564304 1027997.2500 -0.1974
-25.3234 79.8557 -23.8062 23.0461 1650410564333 1028026.2500 -0.1974
-25.3209 79.9597 -23.7632 14.9684 1650410564362 1028055.2500 -0.1972
-25.2893 79.9863 -23.7892 18.2351 1650410564391 1028084.2500 -0.1969
-25.5144 80.2357 -23.4878 18.2125 1650410564420 1028113.2500 -0.1969
-25.3797 80.1443 -23.5780 11.7767 1650410564449 1028142.2500 -0.1969
-25.3015 79.9636 -23.6920 17.7283 1650410564477 1028171.2500 -0.1969
-25.3290 80.0190 -23.6377 12.8984 1650410564507 1028200.2500 -0.1969
-25.4813 80.1450 -23.5532 21.0594 1650410564535 1028229.2500 -0.1969
-25.4433 80.1383 -23.4747 18.1896 1650410564565 1028258.2500 -0.1969
-25.3086 80.1074 -23.6024 19.7437 1650410564594 1028287.2500 -0.1972
-25.5834 80.1663 -23.4344 21.4525 1650410564623 1028316.2500 -0.1974
-25.4432 80.2037 -23.5926 21.1950 1650410564652 514195.7500 -0.1974
-25.4897 80.2596 -23.4349 21.4278 1650410564681 74.5000 -0.1969
-25.5381 80.1263 -23.4104 17.7342 1650410564710 104.0000 -0.1969
-25.3780 80.1536 -23.6139 13.5168 1650410564739 132.7500 -0.1972
-25.5588 80.2699 -23.3797 23.9924 1650410564768 161.7500 -0.1974
-25.4860 80.2498 -23.4034 14.7101 1650410564796 190.7500 -0.1974
-25.4799 80.1716 -23.3869 20.9434 1650410564826 219.7500 -0.1974
-25.4037 80.0876 -23.4444 19.4364 1650410564854 146.7500 -0.1974
-25.4572 80.1734 -23.5130 15.9775 1650410564883 73.7500 -0.1974
-25.4830 80.1631 -23.3947 19.0766 1650410564912 102.2500 -0.1971
-25.4082 80.2950 -23.4375 18.2940 1650410564941 133.0000 -0.1969
-25.5007 80.5189 -23.3204 15.6826 1650410564970 160.7500 -0.1969
-25.1003 79.8844 -24.2725 17.6054 1650410565000 189.2500 -0.1969
-25.1471 80.1303 -24.5367 16.2061 1650410565029 218.7500 -0.1967
-24.5884 79.7527 -25.7726 23.0433 1650410565057 146.7500 -0.1965
-24.4783 79.7766 -26.4640 17.5788 1650410565087 74.5000 -0.1965
-24.6798 79.4703 -27.1081 26.3076 1650410565115 103.0000 -0.1965
-23.9843 79.0113 -28.4969 10.4732 1650410565144 132.5000 -0.1965
-24.7568 79.8329 -28.4177 13.9467 1650410565173 161.2500 -0.1965
-25.0232 79.6049 -29.0737 14.3362 1650410565202 190.2500 -0.1965
-24.7108 79.6646 -29.9291 14.6434 1650410565231 219.2500 -0.1965
-24.9698 79.5689 -30.4850 12.2778 1650410565260 147.2500 -0.1965
-24.7564 79.6310 -31.2368 11.6137 1650410565289 75.2500 -0.1965
-25.0931 79.9709 -31.6497 18.4594 1650410565318 104.2500 -0.1965
-24.9963 79.5939 -32.4765 16.5238 1650410565347 133.2500 -0.1965
-24.8928 79.6844 -33.2367 14.3523 1650410565376 162.2500 -0.1965
-25.2983 79.7621 -33.6849 16.5408 1650410565406 191.2500 -0.1965
-25.3144 79.7786 -34.3480 17.4798 1650410565434 220.0000 -0.1965
-25.3553 79.7695 -35.0709 14.6890 1650410565463 146.7500 -0.1968
-25.3175 79.3937 -35.8689 17.8931 1650410565492 74.2500 -0.1969
-25.3656 79.6421 -36.5567 16.7692 1650410565521 103.2500 -0.1969
-25.3994 79.6027 -37.1558 16.6017 1650410565550 132.2500 -0.1969
-25.8478 79.8839 -37.6847 16.1010 1650410565579 161.2500 -0.1973
-25.4595 79.6385 -38.2971 20.6631 1650410565608 190.2500 -0.1974
-25.7453 79.7911 -38.7778 14.3755 1650410565637 219.2500 -0.1974
-25.4701 79.4310 -39.6769 16.3858 1650410565666 147.2500 -0.1974
-25.4233 79.6976 -40.1760 21.1747 1650410565694 74.5000 -0.1974
-25.8768 79.7914 -40.4387 18.1606 1650410565723 104.0000 -0.1974
-25.6629 79.4050 -41.4146 14.5627 1650410565753 133.2500 -0.1974
-25.6746 79.7058 -41.4301 21.6635 1650410565782 163.0000 -0.1974
-25.9436 79.7844 -41.5108 21.0435 1650410565811 191.0000 -0.1974
-25.8198 79.5437 -42.6973 15.5356 1650410565840 220.0000 -0.1974
-25.6055 79.6675 -43.1141 19.3800 1650410565869 147.2500 -0.1972
-25.7504 79.6163 -43.6094 21.2206 1650410565898 74.7500 -0.1969
-26.0219 79.8973 -43.3981 25.3478 1650410565927 103.7500 -0.1969
-25.9672 79.8074 -44.2308 20.6380 1650410565955 132.7500 -0.1969
-25.9795 79.6505 -44.5621 23.4342 1650410565985 161.7500 -0.1969
-25.6384 79.5790 -44.5965 24.9406 1650410566013 190.7500 -0.1969
-25.7730 80.0020 -44.3896 19.0146 1650410566042 219.5000 -0.1967
-26.0319 79.5565 -44.8608 18.1377 1650410566071 147.2500 -0.1965
-25.7547 80.1065 -45.3446 16.8740 1650410566101 74.7500 -0.1965
-25.3700 79.5631 -45.9546 23.5371 1650410566129 103.7500 -0.1965
-25.7761 79.6669 -45.5990 20.5196 1650410566158 132.7500 -0.1965
-25.6127 79.6985 -46.0567 15.8308 1650410566188 161.7500 -0.1965
-25.8077 79.8078 -46.3496 25.7325 1650410566217 191.5000 -0.1965
-26.0767 79.9498 -45.6858 16.4573 1650410566246 219.2500 -0.1968
-26.0965 80.0557 -45.6417 21.7409 1650410566274 147.2500 -0.1969
-26.1514 80.1730 -45.7449 16.7097 1650410566303 75.2500 -0.1969
-26.0539 79.9707 -46.1336 15.5437 1650410566332 104.2500 -0.1969
-26.0917 79.9371 -45.8032 19.8407 1650410566362 133.2500 -0.1969
-26.0500 80.0063 -45.7769 21.1040 1650410566390 162.2500 -0.1969
-26.1244 80.2826 -45.3515 19.1324 1650410566419 191.2500 -0.1969
-26.1088 80.0556 -45.6035 24.9312 1650410566448 220.0000 -0.1969
-26.1960 80.1520 -45.1454 23.1705 1650410566477 97.5000 -0.1973
-26.1507 79.9928 -44.8779 19.8318 1650410566506 74.2500 -0.1974
-26.0806 80.0229 -44.8428 26.6347 1650410566535 103.0000 -0.1972
-26.0139 79.8896 -44.9193 22.8874 1650410566565 132.0000 -0.1969
-25.7929 79.8571 -44.8368 26.6054 1650410566593 161.2500 -0.1969
-25.7788 79.7993 -44.5921 18.6882 1650410566622 190.2500 -0.1969
-25.6501 79.8276 -43.8983 19.0957 1650410566651 219.2500 -0.1969
-25.4787 79.9970 -43.4461 22.6363 1650410566680 146.7500 -0.1969
-25.2787 79.5241 -43.8608 23.8793 1650410566709 74.2500 -0.1966
-25.1079 79.4686 -43.1511 28.0908 1650410566738 103.2500 -0.1965
-25.1160 79.4016 -42.9033 19.1641 1650410566767 132.2500 -0.1965
-24.8000 79.3727 -43.1243 17.6404 1650410566796 161.2500 -0.1965
-24.9475 79.5778 -42.0099 22.2637 1650410566825 190.2500 -0.1965
-24.8900 79.3453 -41.5566 16.6407 1650410566853 219.2500 -0.1965
-24.6778 79.5426 -41.2913 22.4417 1650410566883 146.7500 -0.1965
-24.8265 79.7158 -40.4852 16.9093 1650410566912 74.0000 -0.1965
-24.8756 79.6958 -39.8158 18.4169 1650410566941 103.0000 -0.1965
-24.9408 79.8463 -39.3244 17.5369 1650410566970 131.7500 -0.1965
-25.0405 79.8123 -39.0544 26.6930 1650410566999 163.5000 -0.1965
-24.7476 79.7848 -38.3049 29.5904 1650410567028 189.7500 -0.1965
-25.2216 79.9679 -37.4598 26.0370 1650410567057 218.7500 -0.1965
-25.0713 79.9808 -36.9309 27.1938 1650410567086 146.7500 -0.1969
-24.9700 79.9931 -36.1535 18.5731 1650410567114 74.7500 -0.1969
-25.3809 80.0233 -35.3978 19.9084 1650410567144 103.7500 -0.1969
-25.3071 80.3485 -34.6432 20.1699 1650410567172 132.7500 -0.1969
-25.3536 80.2440 -33.9935 22.7840 1650410567201 161.7500 -0.1969
-25.6305 80.4864 -33.2738 20.0058 1650410567230 192.0000 -0.1969
-25.3694 80.4027 -32.5943 18.3154 1650410567260 221.0000 -0.1969
-25.4148 80.0410 -32.2041 21.8731 1650410567288 147.2500 -0.1969
-25.2944 80.4589 -31.4318 16.8685 1650410567318 75.7500 -0.1969
-25.1714 80.2115 -30.7249 15.8221 1650410567347 103.5000 -0.1969
-25.5083 80.2884 -30.0228 15.0109 1650410567376 132.5000 -0.1966
-25.1858 80.3272 -29.3793 16.3144 1650410567405 161.2500 -0.1965
-25.3655 80.1463 -28.7177 16.3691 1650410567433 190.2500 -0.1965
-25.3512 80.4170 -27.9203 22.1645 1650410567463 219.2500 -0.1965
-25.2412 80.2473 -27.4051 20.9867 1650410567491 147.2500 -0.1965
-25.6147 80.4703 -26.6309 16.5299 1650410567520 75.2500 -0.1965
-25.0012 80.2154 -26.1327 11.5843 1650410567549 104.2500 -0.1962
-25.0457 80.1208 -25.6116 13.0773 1650410567578 133.2500 -0.1960
-25.5751 80.5750 -24.4988 15.8918 1650410567607 162.2500 -0.1960
-25.2248 80.2646 -24.0807 20.1689 1650410567636 191.2500 -0.1960
-25.1547 80.1286 -23.7963 18.1656 1650410567665 220.2500 -0.1960
-25.0544 80.2981 -23.8068 11.7486 1650410567694 147.7500 -0.1960
-25.4362 80.4755 -23.4925 16.7410 1650410567724 75.2500 -0.1957
-25.1104 80.2249 -23.9612 12.6930 1650410567752 107.0000 -0.1955
-25.4120 80.2466 -23.8012 12.0251 1650410567781 133.0000 -0.1955
-25.1402 79.8217 -24.0051 16.5648 1650410567810 162.2500 -0.1955
-25.2343 79.9189 -24.0000 14.9079 1650410567839 191.2500 -0.1955
-25.4265 80.1286 -23.7931 17.4717 1650410567868 220.2500 -0.1955
-25.4057 79.9603 -23.8270 16.2684 1650410567897 147.7500 -0.1955
-25.3806 79.9779 -23.8115 16.1200 1650410567926 75.2500 -0.1955
-25.5485 80.0483 -23.7201 16.3650 1650410567955 104.2500 -0.1955
-25.2527 79.7970 -23.9418 14.6652 1650410567984 133.2500 -0.1955
-25.3168 79.8235 -23.9310 21.5101 1650410568012 161.2500 -0.1955
-25.3656 79.9202 -24.0031 18.4742 1650410568042 191.0000 -0.1955
-25.4907 80.0145 -23.6119 15.2060 1650410568071 220.0000 -0.1955
-25.3558 79.9368 -23.7160 17.0068 1650410568100 147.0000 -0.1960
-25.6173 80.3720 -23.3806 12.4315 1650410568129 74.7500 -0.1960
-25.3957 80.0795 -23.8021 19.7156 1650410568158 103.7500 -0.1956
-25.5258 80.0019 -23.6712 15.6205 1650410568187 132.7500 -0.1955
-25.4171 79.9997 -23.6631 18.3956 1650410568216 161.7500 -0.1960
-25.2764 80.1122 -23.7479 15.7834 1650410568245 190.7500 -0.1960
-25.3623 80.0796 -23.6779 14.1727 1650410568274 219.7500 -0.1960
-25.4619 80.0276 -23.7193 14.7618 1650410568303 147.2500 -0.1960
-25.4106 80.0598 -23.7113 21.2731 1650410568331 74.7500 -0.1960
-25.2567 79.9133 -23.8822 20.4785 1650410568360 103.7500 -0.1960
-25.3399 80.0491 -23.6799 18.0228 1650410568389 132.7500 -0.1957
-25.2039 79.9562 -23.8466 22.0444 1650410568418 161.7500 -0.1955
-25.4383 80.1411 -23.7079 19.3430 1650410568447 190.5000 -0.1955
-25.2973 80.0485 -23.7112 16.7472 1650410568477 219.5000 -0.1955
-25.4595 80.0689 -23.6098 24.5369 1650410568506 248.0000 -0.1955
-25.4537 80.1142 -23.5708 22.9765 1650410568535 104.0000 -0.1955
-25.4455 80.1040 -23.6166 19.4658 1650410568564 74.2500 -0.1952
-25.5102 80.1550 -23.5550 16.7388 1650410568592 103.2500 -0.1950
-25.4147 80.1429 -23.6242 23.4776 1650410568622 132.2500 -0.1950
-25.3330 80.1251 -23.7849 22.4317 1650410568650 161.2500 -0.1950
-25.4049 80.2150 -23.6518 18.5630 1650410568679 190.2500 -0.1950
-25.5477 80.3758 -23.4856 21.4244 1650410568708 219.2500 -0.1950
-25.3480 80.1556 -23.6748 23.7866 1650410568737 146.7500 -0.1950
-25.5400 80.3337 -23.4173 18.2226 1650410568766 77.0000 -0.1955
-25.4064 80.1710 -23.5735 18.4078 1650410568795 104.2500 -0.1952
-25.4580 80.2195 -23.5161 19.3658 1650410568824 132.2500 -0.1950
-25.5026 80.2822 -23.4368 22.1165 1650410568853 162.2500 -0.1950
-25.3502 80.1242 -23.5300 20.4974 1650410568883 190.2500 -0.1955
-25.3659 80.0775 -23.6059 18.1080 1650410568911 219.2500 -0.1955
-25.3825 80.0878 -23.6152 22.3096 1650410568941 147.2500 -0.1958
-25.3802 80.3370 -23.5175 27.3600 1650410568969 75.2500 -0.1960
-25.3534 80.1962 -23.7224 15.5030 1650410568998 104.2500 -0.1960
-24.9871 79.9849 -24.3718 17.4698 1650410569027 133.2500 -0.1960
-24.6908 79.6699 -25.0173 18.6054 1650410569056 162.2500 -0.1960
-24.6047 79.8957 -26.0706 19.5383 1650410569085 191.2500 -0.1960
-24.5889 79.7030 -26.5604 25.0320 1650410569114 220.0000 -0.1960
-24.5163 79.3084 -27.3946 26.0524 1650410569143 147.7500 -0.1960
-24.1604 79.5350 -28.3710 14.3001 1650410569172 75.0000 -0.1957
-24.9617 79.8342 -28.3054 18.0409 1650410569201 104.0000 -0.1955
-24.6420 79.3221 -29.3653 20.1074 1650410569230 132.7500 -0.1955
-24.5834 79.5903 -30.0667 14.9497 1650410569259 161.7500 -0.1955
-24.8256 79.4759 -30.6487 16.3207 1650410569288 192.0000 -0.1955
-24.7831 79.5544 -31.2463 14.6144 1650410569317 221.0000 -0.1955
-24.9654 79.5954 -31.9048 15.3216 1650410569346 147.2500 -0.1952
-24.7470 79.2726 -32.9378 13.4293 1650410569375 74.7500 -0.1950
-25.1404 80.0094 -33.1513 25.6593 1650410569404 103.7500 -0.1950
-25.0643 79.5631 -33.7273 11.4554 1650410569433 132.7500 -0.1950
-25.3059 79.8419 -34.6967 11.3356 1650410569462 161.7500 -0.1947
-25.1568 79.6319 -35.3313 10.7278 1650410569490 190.7500 -0.1945
-25.6358 79.7429 -35.7545 16.0166 1650410569520 219.7500 -0.1945
-25.2439 79.5784 -36.7248 20.0048 1650410569548 148.5000 -0.1945
-25.5543 79.5551 -37.2099 18.0982 1650410569577 75.5000 -0.1947
-25.6591 79.5401 -37.8838 15.7683 1650410569606 104.5000 -0.1950
-25.5830 79.8319 -38.2677 15.4053 1650410569636 133.0000 -0.1950
-25.7477 79.6146 -38.7417 15.1538 1650410569665 162.2500 -0.1950
-25.6047 79.5264 -39.6694 17.9665 1650410569694 191.2500 -0.1950
-25.6346 79.8461 -40.1284 23.2410 1650410569723 220.2500 -0.1950
-25.4057 79.4219 -40.8332 15.7441 1650410569752 147.2500 -0.1950
-25.6799 79.5340 -41.2240 13.3827 1650410569781 74.2500 -0.1954
-25.7989 79.5320 -41.6182 20.4460 1650410569809 103.2500 -0.1955
-25.7647 79.7772 -42.1021 17.4116 1650410569838 132.2500 -0.1952
-26.1970 80.0347 -42.2788 24.4392 1650410569867 161.2500 -0.1950
-25.9662 79.8744 -42.8276 17.1276 1650410569896 190.2500 -0.1954
-25.6450 79.5449 -43.6098 19.9451 1650410569925 219.2500 -0.1955
-25.9783 79.8495 -43.5447 17.5813 1650410569954 146.7500 -0.1955
-25.7120 79.6351 -44.2062 23.6686 1650410569983 74.2500 -0.1955
-25.9785 79.5078 -44.6229 20.2311 1650410570012 103.2500 -0.1955
-25.7604 79.8165 -44.8864 22.5055 1650410570042 132.2500 -0.1955
-25.7553 79.5989 -45.2778 19.3128 1650410570070 161.0000 -0.1952
-25.8761 79.6518 -45.4023 19.4872 1650410570100 190.2500 -0.1950
-25.9952 80.0056 -45.0226 20.9365 1650410570128 219.2500 -0.1950
-25.7438 79.9092 -45.5599 16.2218 1650410570157 147.2500 -0.1950
-25.7052 79.8673 -45.9465 20.5181 1650410570186 75.2500 -0.1950
-25.7195 79.7137 -45.9961 21.2855 1650410570215 104.2500 -0.1950
-25.6473 79.7539 -46.0388 20.4540 1650410570244 133.0000 -0.1950
-25.8956 79.8050 -46.3179 26.1877 1650410570273 162.0000 -0.1950
-26.3546 80.0612 -45.6514 21.9224 1650410570302 190.7500 -0.1950
-26.1753 80.0030 -45.7786 16.8564 1650410570331 221.0000 -0.1950
-26.1491 80.1743 -45.6199 18.8475 1650410570360 147.2500 -0.1950
-26.2017 80.1598 -45.7103 20.8400 1650410570389 74.2500 -0.1950
-26.1435 80.0827 -45.9348 23.6929 1650410570418 103.7500 -0.1950
-26.2585 80.1820 -45.6274 19.8675 1650410570447 132.7500 -0.1950
-26.0719 80.1450 -45.4002 16.5158 1650410570476 161.7500 -0.1950
-26.4652 80.2533 -44.8938 16.0978 1650410570505 190.7500 -0.1950
-26.0809 79.8702 -45.4862 28.0939 1650410570534 219.7500 -0.1950
-26.0272 80.2784 -44.3287 22.0546 1650410570563 147.2500 -0.1950
-25.9338 79.7883 -44.8705 34.9744 1650410570592 74.7500 -0.1950
-26.0157 80.0419 -44.4870 22.0266 1650410570621 103.7500 -0.1952
-25.8820 80.0971 -43.9558 22.3671 1650410570649 132.7500 -0.1955
-25.9051 80.1022 -43.6583 22.7940 1650410570679 161.5000 -0.1955
-25.3430 79.8525 -43.5733 17.4013 1650410570707 190.5000 -0.1955
-25.2924 79.5947 -43.3022 24.8016 1650410570736 219.2500 -0.1955
-25.2673 79.4223 -43.1160 20.4950 1650410570765 146.7500 -0.1955
-25.1765 79.6705 -42.5656 21.2564 1650410570795 74.2500 -0.1955
-24.9696 79.5899 -42.7451 20.3134 1650410570824 103.0000 -0.1955
-24.8353 79.2942 -41.9935 20.4330 1650410570853 132.0000 -0.1955
-24.9272 79.3962 -41.4090 18.4804 1650410570882 161.2500 -0.1955
-24.8348 79.2612 -41.3706 15.0764 1650410570911 190.2500 -0.1955
-25.0137 79.5508 -40.8237 15.5835 1650410570940 219.2500 -0.1955
-24.9475 79.5155 -39.9145 20.0666 1650410570968 146.7500 -0.1952
-25.0874 79.6636 -39.4386 19.2642 1650410570998 74.2500 -0.1950
-24.9246 79.5205 -39.3518 19.2642 1650410571005 81.5000 -0.1950
