-25.7781 80.1556 -31.1950 37.4527 1650410875377 300039.5000 -0.2009
-25.6873 80.2193 -31.1847 33.2551 1650410875406 300068.5000 -0.2009
-25.7409 80.1671 -31.2175 33.4347 1650410875435 300097.5000 -0.2005
-25.7151 80.1631 -31.2313 36.7258 1650410875463 300126.5000 -0.2004
-25.6818 80.1372 -31.2396 32.3118 1650410875493 300155.2500 -0.2004
-25.7194 80.1843 -31.1886 25.1004 1650410875521 300185.5000 -0.2004
-25.7508 80.2342 -31.1265 32.7770 1650410875551 300213.5000 -0.2004
-25.6921 80.1292 -31.1847 25.3120 1650410875580 300242.5000 -0.2004
-25.7064 80.0928 -31.2805 34.3015 1650410875609 300271.5000 -0.2004
-25.7438 80.1804 -31.2085 27.5335 1650410875638 300300.5000 -0.2004
-25.6077 80.0542 -31.3064 28.5996 1650410875667 300329.5000 -0.2004
-25.8049 80.2864 -31.1663 27.8863 1650410875696 300358.5000 -0.2004
-25.7489 80.1800 -31.2167 27.3207 1650410875724 300387.5000 -0.2004
-25.7180 80.1748 -31.2690 21.2838 1650410875754 300416.2500 -0.2004
-25.6590 80.1389 -31.2635 29.1555 1650410875782 300445.0000 -0.2004
-25.6474 80.1323 -31.2281 23.9792 1650410875811 300474.5000 -0.2009
-25.5853 80.1008 -31.2722 36.4119 1650410875840 300503.2500 -0.2012
-25.5584 80.0860 -31.3079 27.1380 1650410875869 300532.2500 -0.2013
-25.5984 80.1228 -31.2316 18.1745 1650410875898 300561.2500 -0.2013
-25.5398 80.0654 -31.2942 24.4907 1650410875927 300590.2500 -0.2013
-25.4735 79.9933 -31.3430 26.0679 1650410875957 300619.2500 -0.2013
-25.6655 80.1444 -31.1826 28.0359 1650410875986 300648.0000 -0.2013
-25.4443 79.9521 -31.3090 28.3260 1650410876015 300677.0000 -0.2013
-25.5113 79.9537 -31.2361 24.5429 1650410876043 300706.0000 -0.2013
-25.6438 80.1080 -31.1914 32.8969 1650410876073 300735.0000 -0.2013
-25.5272 79.9387 -31.2739 27.5675 1650410876101 300764.0000 -0.2013
-25.3232 79.7188 -31.5178 18.8021 1650410876130 300793.0000 -0.2013
-25.6158 80.0402 -31.2638 29.3849 1650410876159 300822.0000 -0.2013
-25.6074 80.0170 -31.2644 31.9161 1650410876188 300851.0000 -0.2013
-25.5158 79.8570 -31.3881 23.7832 1650410876217 300880.0000 -0.2010
-25.6015 79.9820 -31.2489 32.0739 1650410876246 300909.0000 -0.2009
-25.6323 79.9922 -31.2765 24.2053 1650410876276 300939.2500 -0.2009
-25.6709 80.1773 -31.2177 27.8232 1650410876304 300966.5000 -0.2009
-25.6592 80.0000 -31.2611 32.0123 1650410876334 300995.7500 -0.2009
-25.6611 80.1076 -31.1684 24.9579 1650410876362 301024.7500 -0.2009
-25.6011 79.9989 -31.2570 27.5412 1650410876391 301053.5000 -0.2005
-25.7493 80.1971 -31.1120 28.5316 1650410876420 301082.5000 -0.2004
-25.7540 80.1616 -31.1156 30.6205 1650410876449 301111.5000 -0.2004
-25.7258 80.2227 -31.0633 30.3629 1650410876478 301140.5000 -0.2004
-25.8225 80.2266 -31.0754 22.5378 1650410876507 301171.2500 -0.2004
-25.6553 80.1314 -31.2090 27.0499 1650410876536 301199.5000 -0.2004
-25.7258 80.1805 -31.2002 23.8550 1650410876565 301227.5000 -0.2004
-25.6799 80.0863 -31.1712 18.4588 1650410876594 301258.0000 -0.2009
-25.7125 80.1510 -31.1328 26.0160 1650410876622 301285.0000 -0.2009
-25.6514 80.1379 -31.1760 26.8752 1650410876652 301314.5000 -0.2009
-25.6565 80.0618 -31.3078 21.8985 1650410876680 301343.5000 -0.2009
-25.6394 80.2384 -31.0926 30.3068 1650410876710 301372.5000 -0.2009
-25.6310 80.2049 -31.2043 29.6583 1650410876739 301401.5000 -0.2009
-25.5963 80.0957 -31.2886 37.6477 1650410876768 301430.5000 -0.2009
-25.5040 79.9786 -31.3603 27.5732 1650410876797 301459.5000 -0.2009
-25.7013 80.2050 -31.0902 27.9430 1650410876826 301488.5000 -0.2009
-25.5752 80.1248 -31.1641 29.3350 1650410876855 301517.5000 -0.2009
-25.4461 79.9570 -31.3422 26.1000 1650410876884 301546.5000 -0.2009
-25.5564 80.1070 -31.2600 26.9570 1650410876913 301575.5000 -0.2009
-25.6991 80.0651 -31.1909 29.9456 1650410876941 301604.5000 -0.2009
-25.5746 80.0706 -31.2248 24.6324 1650410876970 301633.5000 -0.2009
-25.6113 80.0806 -31.2314 32.5584 1650410876999 301662.2500 -0.2009
-25.5566 80.0184 -31.2464 22.9812 1650410877028 301692.7500 -0.2009
-25.6982 80.0301 -31.2622 29.2575 1650410877057 301719.5000 -0.2009
-25.5574 80.0641 -31.2059 37.6290 1650410877086 301749.0000 -0.2009
-25.8126 80.0905 -31.2814 20.3731 1650410877116 301778.0000 -0.2005
-25.9273 80.1728 -29.9703 30.2434 1650410877145 301807.0000 -0.2004
-25.2826 79.4149 -29.2701 35.4853 1650410877174 301836.0000 -0.2004
-25.0757 79.5633 -28.8554 44.2442 1650410877202 301865.0000 -0.2004
-25.1080 79.7978 -28.3625 31.8505 1650410877232 301894.0000 -0.2004
-24.6785 79.6770 -27.8892 24.5554 1650410877260 301923.0000 -0.2004
-24.8531 79.5236 -27.2892 21.1437 1650410877289 301953.0000 -0.2004
-24.5887 79.3937 -27.0967 25.5481 1650410877318 301980.5000 -0.2004
-24.2137 79.4328 -26.9853 23.1067 1650410877347 302010.0000 -0.2004
-24.0978 79.4769 -27.0205 14.5437 1650410877376 302038.5000 -0.2004
-24.4104 79.8300 -27.0503 15.4669 1650410877405 302067.7500 -0.2004
-24.4507 79.8232 -27.1265 20.6556 1650410877434 302096.7500 -0.2004
-24.7932 79.9356 -27.9619 13.8761 1650410877463 302125.7500 -0.2004
-24.9195 79.6036 -28.1820 17.2927 1650410877492 302154.7500 -0.2009
-24.8840 79.7509 -28.4940 17.3939 1650410877521 302183.5000 -0.2009
-24.9712 79.4657 -29.6601 22.1859 1650410877551 302212.5000 -0.2009
-24.9509 79.6474 -30.3692 17.3485 1650410877579 302241.5000 -0.2009
-24.8633 79.3681 -31.5793 21.7911 1650410877608 302270.5000 -0.2009
-25.1449 80.0051 -31.8303 27.6895 1650410877637 302299.5000 -0.2009
-24.8322 79.3851 -33.4504 22.2880 1650410877666 302328.5000 -0.2012
-24.9452 79.7411 -33.9927 12.9426 1650410877695 302357.5000 -0.2013
-25.2187 79.5915 -34.7924 16.2659 1650410877724 302386.5000 -0.2013
-10.6172 72.3383 -56.0505 13.7984 1650410877753 302415.5000 -0.2013
-25.7831 79.8154 -35.3921 10.7392 1650410877782 302444.5000 -0.2010
-25.6825 79.5942 -36.1035 16.5595 1650410877811 302473.5000 -0.2009
-25.6132 79.5396 -36.5251 18.0655 1650410877839 302501.7500 -0.2007
-25.8525 79.7734 -36.2301 18.3214 1650410877869 302531.5000 -0.2009
-25.9584 80.0054 -36.1192 19.6127 1650410877898 302560.5000 -0.2009
-26.0796 79.9509 -35.8149 17.5448 1650410877927 302589.5000 -0.2009
-25.8654 80.1577 -35.5457 22.5968 1650410877956 302618.5000 -0.2005
-25.7239 80.0818 -35.1907 17.7716 1650410877985 302647.5000 -0.2004
-25.7359 80.2267 -34.3777 15.4380 1650410878014 302676.5000 -0.2004
-25.1767 79.5404 -33.9023 21.0056 1650410878043 302707.0000 -0.2004
-24.8860 79.5772 -33.2162 18.3159 1650410878072 302735.2500 -0.2000
-24.8719 79.4438 -32.4280 23.7063 1650410878100 302763.2500 -0.1999
-24.7090 79.5628 -31.6470 16.6177 1650410878130 302792.2500 -0.2002
-24.6087 79.4455 -30.9261 16.3841 1650410878158 302822.2500 -0.2004
-24.6922 79.6894 -29.9455 14.9923 1650410878187 302850.2500 -0.2004
-24.4386 79.5061 -29.1987 15.7870 1650410878216 302879.0000 -0.2004
-24.4386 79.4776 -28.6639 16.9850 1650410878245 302908.0000 -0.2004
-24.2940 79.7055 -27.9494 15.6353 1650410878274 302937.0000 -0.2004
-24.7861 80.1128 -27.1695 20.4728 1650410878304 302966.0000 -0.2005
-24.6787 79.9029 -26.8371 15.0180 1650410878333 302995.0000 -0.2009
-24.6684 80.0614 -26.5798 18.8282 1650410878362 303024.0000 -0.2009
-24.5984 79.9334 -26.5971 12.9682 1650410878391 303053.0000 -0.2013
-24.3562 79.4845 -27.1863 12.3988 1650410878419 303082.0000 -0.2013
-24.1848 79.2478 -27.9556 12.3220 1650410878448 303111.0000 -0.2013
-24.9862 79.6125 -28.4700 11.7223 1650410878477 303140.0000 -0.2013
-25.0040 80.0396 -28.2187 14.0617 1650410878506 303169.0000 -0.2013
-25.3043 80.0694 -28.5307 18.2009 1650410878535 303197.7500 -0.2013
-24.8994 79.4022 -30.5411 14.9599 1650410878564 303226.7500 -0.2010
-25.3299 79.6651 -30.3316 20.3547 1650410878593 303254.7500 -0.2009
-24.8026 79.2481 -32.2498 15.6641 1650410878622 303284.5000 -0.2013
-25.1437 79.6298 -32.2885 23.5705 1650410878651 303313.5000 -0.2013
-25.0196 79.6894 -33.6603 15.2568 1650410878680 303342.5000 -0.2010
-25.4052 79.7763 -33.9333 17.0427 1650410878710 303371.5000 -0.2009
-25.3056 79.8715 -34.8315 14.9306 1650410878738 303400.5000 -0.2012
-25.6359 80.1987 -35.1600 17.8391 1650410878767 303429.5000 -0.2013
-25.5705 79.7536 -35.7369 11.8162 1650410878796 303458.5000 -0.2010
-25.6296 79.9850 -36.1627 21.4058 1650410878825 303487.2500 -0.2009
-25.7968 79.8491 -36.2280 17.9181 1650410878854 303516.0000 -0.2005
-25.8844 79.8873 -36.2020 18.2645 1650410878883 303545.5000 -0.2004
-25.9507 79.7869 -36.1077 21.4926 1650410878912 303575.7500 -0.2004
-26.0394 80.1212 -35.5646 23.6551 1650410878941 303603.5000 -0.2004
-26.1394 80.2950 -34.9880 16.4904 1650410878970 303632.5000 -0.2004
-25.3572 79.8914 -35.0538 23.3778 1650410878998 303661.5000 -0.2004
-25.5450 80.0341 -34.0622 17.9211 1650410879027 303690.5000 -0.2004
-24.9071 79.4759 -33.8683 12.8971 1650410879057 303719.5000 -0.2004
-24.8134 79.6379 -32.9099 23.5769 1650410879086 303748.5000 -0.2004
-24.8584 79.5033 -32.1575 13.6602 1650410879114 303777.5000 -0.2004
-24.6430 79.4717 -31.2210 22.8611 1650410879144 303806.5000 -0.2007
-24.6858 79.4770 -30.3765 21.1810 1650410879173 303835.5000 -0.2009
-24.5741 79.7145 -29.5291 24.7807 1650410879202 303864.5000 -0.2009
-24.8117 79.7363 -28.7267 13.6120 1650410879231 303893.2500 -0.2009
-24.4939 79.6658 -28.1401 13.9394 1650410879259 303922.2500 -0.2009
-24.8411 80.1257 -27.2406 16.4894 1650410879289 303951.2500 -0.2009
-24.7104 79.8460 -27.2396 17.1369 1650410879317 303980.0000 -0.2010
-24.7115 79.9045 -26.7435 13.8573 1650410879346 304010.2500 -0.2013
-24.9976 80.3779 -26.3828 14.6384 1650410879375 304039.2500 -0.2013
-24.7116 79.8762 -26.6956 13.3723 1650410879404 304066.5000 -0.2013
-24.8918 80.1693 -26.8611 12.2284 1650410879433 304096.0000 -0.2013
-24.6823 79.5604 -27.9475 18.2367 1650410879463 304125.0000 -0.2017
-25.1792 80.0708 -28.0611 12.3839 1650410879492 304154.0000 -0.2018
-25.3446 80.2550 -28.0387 16.5468 1650410879521 304183.0000 -0.2015
-25.2285 79.7817 -29.0054 12.8296 1650410879550 304212.0000 -0.2013
-25.2562 79.8500 -30.1113 16.8825 1650410879578 304241.0000 -0.2013
-25.1391 79.3472 -30.8737 24.4261 1650410879608 304274.0000 -0.2013
-25.0999 79.7985 -31.9466 18.0427 1650410879636 304298.5000 -0.2013
-25.2232 79.4637 -32.7577 16.6427 1650410879665 304327.7500 -0.2013
-25.1519 79.8362 -33.5468 15.5344 1650410879694 304356.0000 -0.2010
-25.5212 79.7344 -34.0931 13.3662 1650410879723 304385.7500 -0.2009
-25.1860 79.6344 -35.1871 14.5822 1650410879752 304414.5000 -0.2011
-25.8486 80.0144 -35.2392 15.1706 1650410879781 304443.5000 -0.2009
-25.7824 79.9506 -35.7237 19.0298 1650410879810 304472.5000 -0.2009
-25.6512 79.9659 -36.2723 22.1533 1650410879839 304501.5000 -0.2009
-25.8073 79.7270 -36.4567 18.3725 1650410879869 304530.5000 -0.2009
-25.7704 79.9034 -36.2146 13.1996 1650410879897 304559.5000 -0.2009
-25.8833 80.0068 -35.8172 19.8034 1650410879926 304588.5000 -0.2009
-25.9875 80.0797 -35.5946 17.1704 1650410879955 304617.5000 -0.2009
-26.0085 80.3620 -34.7117 16.5329 1650410879984 304646.5000 -0.2010
-25.6032 80.2603 -34.4073 16.5274 1650410880013 304675.5000 -0.2013
-25.3447 79.6268 -34.0653 17.3630 1650410880042 304704.5000 -0.2013
-24.7485 79.3303 -33.8446 16.1587 1650410880071 304733.5000 -0.2013
-24.7870 79.2969 -32.8746 26.2544 1650410880100 304762.5000 -0.2013
-24.7381 79.4816 -32.0517 18.2823 1650410880129 304794.2500 -0.2013
-24.6382 79.4145 -30.9216 17.9986 1650410880157 304820.0000 -0.2013
-24.6807 79.4687 -30.1011 21.6106 1650410880187 304849.5000 -0.2013
-24.9841 79.9295 -28.9667 16.1060 1650410880217 304878.5000 -0.2013
-25.0369 79.8855 -28.3806 16.0963 1650410880245 304907.5000 -0.2018
-24.9586 80.0527 -27.5313 15.8878 1650410880274 304936.5000 -0.2018
-24.8882 80.0774 -27.1923 15.8962 1650410880303 304965.5000 -0.2015
-24.9096 79.7153 -26.8162 13.8793 1650410880332 304994.0000 -0.2013
-24.8528 80.1356 -26.5538 13.8258 1650410880361 305023.0000 -0.2013
-25.3658 80.6132 -26.1298 17.5611 1650410880390 305052.0000 -0.2013
-25.4435 80.6752 -26.2673 12.5375 1650410880419 305081.2500 -0.2013
-25.5462 80.5424 -26.4514 10.4841 1650410880448 305111.5000 -0.2013
-24.8850 79.8585 -27.6070 15.1677 1650410880476 305138.7500 -0.2010
-25.0574 79.9150 -28.1459 13.3658 1650410880505 305168.0000 -0.2009
-25.4860 80.1481 -28.1358 16.3356 1650410880534 305197.0000 -0.2005
-25.2275 79.4374 -29.5368 13.8321 1650410880563 305226.0000 -0.2004
-25.1040 80.0046 -29.9420 15.2616 1650410880592 305255.0000 -0.2004
-25.0947 79.5431 -31.3555 18.7707 1650410880622 305284.0000 -0.2004
-25.1606 79.8431 -31.8255 11.7431 1650410880651 305313.0000 -0.2004
-24.9165 79.3754 -33.3749 18.3043 1650410880680 305342.0000 -0.2004
-25.2539 79.8157 -33.7393 14.8095 1650410880709 305371.0000 -0.2004
-25.4432 79.6347 -34.6690 16.9223 1650410880737 305400.0000 -0.2004
-25.7476 80.1930 -34.8057 9.4625 1650410880767 305428.7500 -0.2005
-25.8631 79.9796 -35.2169 14.9812 1650410880795 305457.7500 -0.2004
-25.8425 79.7874 -35.9408 12.6705 1650410880824 305486.7500 -0.2004
-25.5529 79.7504 -36.4328 19.5908 1650410880853 305515.5000 -0.2004
-25.7937 79.9979 -35.9680 21.1887 1650410880882 305544.2500 -0.2004
-25.8539 80.1708 -36.1823 13.5685 1650410880911 305574.5000 -0.2009
-25.8511 79.9649 -35.8150 19.7032 1650410880940 305602.5000 -0.2005
-26.1976 80.4335 -34.9948 21.3696 1650410880969 305631.5000 -0.2007
-25.9289 80.1783 -34.8965 18.4381 1650410880998 305660.5000 -0.2009
-25.5324 79.8642 -34.5638 16.2237 1650410881028 305689.5000 -0.2009
-24.9988 79.2443 -34.1983 16.2440 1650410881056 305718.5000 -0.2009
-24.8810 79.3222 -33.2171 16.2790 1650410881085 305747.5000 -0.2009
-24.6262 79.1166 -32.5479 25.7973 1650410881114 305776.5000 -0.2009
-24.6966 79.4838 -31.5098 14.1363 1650410881143 305805.2500 -0.2009
-24.6717 79.3415 -30.5682 19.1204 1650410881172 305834.0000 -0.2009
-24.8565 79.6854 -29.5201 12.8344 1650410881201 305863.5000 -0.2009
-24.7648 79.6254 -28.8759 21.8584 1650410881230 305892.2500 -0.2009
-25.1319 80.0250 -28.0198 16.3541 1650410881259 305921.0000 -0.2005
-24.8545 80.0426 -27.4515 16.2755 1650410881288 305950.5000 -0.2004
-25.1960 80.2100 -26.9719 14.2528 1650410881316 305979.5000 -0.2004
-25.0058 79.9723 -26.5364 15.5668 1650410881346 306008.5000 -0.2004
-25.1652 80.2429 -26.2967 11.4774 1650410881374 306037.5000 -0.2000
-25.0175 80.1322 -26.2808 15.4340 1650410881403 306066.5000 -0.1999
-24.7643 79.9249 -26.6744 12.4341 1650410881433 306095.5000 -0.1999
-25.1709 79.8145 -26.8357 15.5480 1650410881462 306124.2500 -0.1999
-25.2108 80.0348 -27.5234 13.9493 1650410881491 306153.2500 -0.1999
-25.3811 80.0059 -27.9030 18.5235 1650410881520 306182.2500 -0.1999
-25.3283 79.8315 -28.3532 13.7877 1650410881549 306211.0000 -0.1999
-24.9621 79.5738 -30.0732 13.0872 1650410881578 306240.0000 -0.1999
-25.3328 79.9327 -30.0598 14.8698 1650410881607 306269.0000 -0.1999
-24.9796 79.6230 -31.6219 12.8372 1650410881635 306298.0000 -0.1999
-25.2437 79.7658 -32.0994 19.9902 1650410881665 306328.2500 -0.1999
-24.7121 79.4319 -33.8631 18.4821 1650410881693 306355.7500 -0.2004
-25.3199 79.8531 -33.7769 14.0511 1650410881722 306385.0000 -0.2004
-25.3222 79.8063 -34.9289 9.6929 1650410881751 306414.0000 -0.2004
-25.6189 80.0595 -35.1501 14.5221 1650410881781 306443.0000 -0.2004
-25.7115 79.7298 -35.7569 13.2339 1650410881810 306472.0000 -0.2004
-25.6379 79.7092 -36.1374 14.5560 1650410881839 306501.0000 -0.2004
-25.5118 79.8505 -36.2996 16.8933 1650410881868 306529.7500 -0.2004
-25.8604 79.9751 -36.1903 17.8643 1650410881897 306558.7500 -0.2004
-25.7949 80.1862 -36.0083 21.9948 1650410881926 306587.2500 -0.2009
-25.7603 80.0640 -35.7417 19.1822 1650410881954 306616.7500 -0.2009
-25.8562 80.1050 -35.2432 14.1023 1650410881983 306645.5000 -0.2009
-25.9326 80.2421 -34.7313 17.4475 1650410882012 306674.2500 -0.2009
-25.4135 79.8745 -34.4135 16.4712 1650410882041 306703.5000 -0.2004
-25.1650 79.5476 -33.7514 15.2428 1650410882070 306732.5000 -0.2004
-24.5965 79.3585 -33.0272 15.4548 1650410882099 306761.5000 -0.2004
-24.8878 79.4151 -32.0242 14.0985 1650410882128 306790.5000 -0.2004
-24.5980 79.3968 -31.2179 13.2704 1650410882157 306820.7500 -0.2004
-24.9627 79.7667 -30.1862 14.8946 1650410882187 306848.5000 -0.2004
-24.7468 79.4398 -29.3564 16.9679 1650410882215 306877.5000 -0.2000
-24.9420 79.8257 -28.5531 15.2331 1650410882245 306906.5000 -0.1999
-24.9210 79.9265 -27.8394 20.3663 1650410882273 306935.5000 -0.1999
-24.6787 79.8353 -27.5416 13.2677 1650410882302 306964.5000 -0.1999
-25.0892 80.0263 -26.9391 18.0888 1650410882331 306993.5000 -0.1999
-25.2881 80.2772 -26.3273 16.4974 1650410882360 307022.5000 -0.1999
-24.9772 80.2371 -26.2263 9.4916 1650410882389 307051.5000 -0.1999
-25.1849 80.1789 -26.5097 10.3669 1650410882418 307080.5000 -0.1999
-25.2318 80.1292 -26.5620 12.3132 1650410882447 307108.5000 -0.1999
-25.2291 79.8969 -27.0832 11.7271 1650410882476 307138.5000 -0.1999
-25.0915 79.5327 -27.9797 19.2112 1650410882505 307167.5000 -0.1999
-25.3597 79.9581 -27.9906 14.2815 1650410882533 307196.5000 -0.1999
-25.2953 79.6354 -28.8799 16.9157 1650410882563 307225.2500 -0.1999
-24.9291 79.8402 -29.9564 14.2897 1650410882592 307254.2500 -0.2004
-25.1070 79.3954 -30.6574 18.3865 1650410882621 307283.2500 -0.2004
-25.1595 79.9338 -31.6993 11.5179 1650410882650 307312.2500 -0.2004
-25.1067 79.4895 -32.6500 24.1184 1650410882679 307340.5000 -0.2004
-24.7330 79.7263 -33.7561 13.3322 1650410882708 307371.2500 -0.2004
-25.5878 79.8324 -34.0620 14.1659 1650410882737 307399.0000 -0.2004
-24.8567 79.5990 -35.2336 11.3157 1650410882766 307427.5000 -0.2004
-25.5239 79.8274 -35.3779 12.6485 1650410882794 307457.0000 -0.2004
-25.5359 79.5708 -36.0597 12.4516 1650410882824 307486.0000 -0.2004
-25.7093 79.9014 -36.1558 12.6306 1650410882852 307515.0000 -0.2004
-25.4907 79.7000 -36.4095 14.2291 1650410882881 307544.0000 -0.2004
-25.7132 79.8488 -36.2664 16.9054 1650410882910 307573.0000 -0.2004
-25.8356 80.0952 -35.8928 16.9707 1650410882940 307602.0000 -0.2004
-25.8797 79.9710 -35.7295 15.4398 1650410882969 307631.0000 -0.2004
-26.2061 80.3497 -34.7677 21.9684 1650410882998 307659.7500 -0.2000
-25.6811 80.1580 -34.6794 17.3261 1650410883027 307688.7500 -0.1999
-25.2928 79.5156 -34.1896 14.8146 1650410883056 307717.7500 -0.1999
-24.9674 79.4202 -33.6548 14.7315 1650410883085 307746.5000 -0.1999
-24.5997 79.3289 -32.8951 15.7560 1650410883113 307775.5000 -0.1999
-24.9749 79.7865 -31.7222 16.7165 1650410883142 307804.5000 -0.1999
-24.6203 79.4586 -30.9238 15.9400 1650410883171 307833.5000 -0.1999
-24.7039 79.6692 -29.9416 13.5897 1650410883200 307862.2500 -0.1999
-24.7281 79.5325 -29.2522 21.3172 1650410883229 307891.0000 -0.1999
-24.8757 79.7927 -28.4314 24.6931 1650410883258 307920.5000 -0.1999
-24.8517 80.0509 -27.6153 15.0493 1650410883287 307949.5000 -0.1998
-25.0831 79.8533 -27.1920 13.0169 1650410883316 307978.5000 -0.1994
-25.2485 80.0490 -26.8427 12.8517 1650410883346 308007.5000 -0.1994
-25.1969 80.1478 -26.4433 17.7510 1650410883374 308036.5000 -0.1999
-25.0055 80.2601 -26.4868 11.6634 1650410883404 308065.5000 -0.2000
-25.4993 80.5254 -26.2184 14.5842 1650410883432 308094.5000 -0.2004
-24.9283 79.6108 -26.8503 13.1524 1650410883461 308122.5000 -0.2004
-25.4332 79.9283 -27.1414 22.5295 1650410883490 308152.5000 -0.2004
-25.4478 79.9570 -27.7987 11.0119 1650410883519 308181.5000 -0.2004
-25.3374 80.0140 -28.1660 14.4072 1650410883548 308211.2500 -0.2004
-25.1115 79.7864 -29.3268 18.2487 1650410883577 308239.5000 -0.2004
-25.3456 80.1350 -29.9881 15.3532 1650410883606 308268.5000 -0.2004
-25.0208 79.4507 -31.0654 29.8281 1650410883635 308297.5000 -0.2004
-25.2104 79.9725 -31.9095 14.5913 1650410883664 308326.5000 -0.2004
-25.2927 79.6262 -32.8663 21.4667 1650410883692 308355.2500 -0.2004
-24.6061 79.3215 -33.9831 16.0245 1650410883722 308384.2500 -0.2004
-25.3583 79.4917 -34.5519 15.0840 1650410883751 308413.2500 -0.2004
-25.1607 79.6867 -35.4095 11.2857 1650410883780 308442.0000 -0.2004
-25.5995 79.9021 -35.3662 13.1436 1650410883809 308471.0000 -0.2004
-25.6114 79.8204 -35.8817 10.9019 1650410883838 308500.0000 -0.2000
-25.4677 79.6235 -36.5563 21.4603 1650410883867 308529.0000 -0.1999
-25.3326 79.5229 -36.6780 15.4234 1650410883896 308558.0000 -0.1999
-25.6185 79.8154 -36.2577 15.2657 1650410883925 308587.0000 -0.1999
-25.7619 80.0281 -35.7136 14.6745 1650410883954 308617.5000 -0.1995
-26.0082 80.1947 -35.2981 13.3353 1650410883983 308646.0000 -0.1994
-26.1459 80.4781 -34.7136 14.1717 1650410884011 308674.0000 -0.1994
-25.5118 79.9607 -34.4670 15.7845 1650410884040 308703.0000 -0.1994
-25.1565 79.4249 -34.0710 15.0914 1650410884069 308732.0000 -0.1994
-24.9180 79.8314 -33.0967 18.5911 1650410884099 308760.7500 -0.1994
-24.7517 79.3018 -32.5824 23.6968 1650410884128 308789.7500 -0.1994
-24.9525 79.7826 -31.3966 16.9515 1650410884157 308818.7500 -0.1994
-24.8465 79.6926 -30.3965 19.4927 1650410884186 308847.7500 -0.1995
-24.7319 79.6453 -29.7835 13.7489 1650410884215 308876.0000 -0.1999
-24.9082 79.7257 -28.7947 16.5504 1650410884244 308905.0000 -0.1999
-25.2436 80.0707 -27.9847 15.0240 1650410884272 308934.5000 -0.1999
-24.7359 79.8248 -27.5611 17.3227 1650410884302 308963.2500 -0.2000
-25.2020 80.0286 -27.1370 16.4134 1650410884330 308992.5000 -0.2004
-25.2805 79.9528 -26.6418 16.5686 1650410884359 309021.5000 -0.2004
-25.6218 80.6719 -26.1574 12.3743 1650410884388 309050.5000 -0.2004
-25.1762 80.2757 -26.3474 18.7300 1650410884417 309079.5000 -0.2005
-25.4091 80.2625 -26.3156 12.1542 1650410884446 309108.5000 -0.2009
-25.3286 79.8734 -26.9253 13.1080 1650410884475 309137.5000 -0.2009
-25.4596 80.0968 -27.5586 16.0235 1650410884504 309166.5000 -0.2005
-25.3339 80.1328 -27.8872 14.1765 1650410884534 309195.5000 -0.2004
-25.2316 79.8715 -28.5100 18.2523 1650410884563 309224.5000 -0.2004
-24.8516 79.8100 -29.9497 16.9453 1650410884591 309253.5000 -0.2004
-24.8743 79.4006 -30.5187 18.0321 1650410884620 309282.5000 -0.2000
-24.8398 79.4276 -31.6723 18.1087 1650410884649 309311.5000 -0.1999
-24.9929 79.7352 -32.1494 19.0096 1650410884678 309340.5000 -0.2002
-25.1694 79.7982 -33.5228 12.6873 1650410884707 309369.5000 -0.2004
-25.1883 79.7347 -33.8808 15.5798 1650410884736 309399.7500 -0.2000
-25.0608 79.6342 -34.9273 19.3193 1650410884765 309427.0000 -0.1999
-25.3765 79.9233 -35.2802 13.3626 1650410884794 309456.2500 -0.1999
-25.3552 79.5051 -35.7112 14.6361 1650410884823 309485.2500 -0.1999
-25.3402 79.4163 -36.2478 14.4806 1650410884852 309514.2500 -0.1999
-25.2934 79.4916 -36.7094 16.3003 1650410884881 309543.2500 -0.1999
-25.5156 79.6909 -36.4727 17.4892 1650410884910 309572.0000 -0.1999
-25.7508 79.9721 -36.1429 15.9819 1650410884939 309601.0000 -0.1999
-25.8184 79.8495 -35.8492 20.4528 1650410884968 309630.0000 -0.1999
-25.9452 80.1682 -35.2271 14.7929 1650410884997 309661.5000 -0.1999
-25.9164 80.2377 -34.7441 14.2372 1650410885026 309687.7500 -0.1999
-25.3796 79.7915 -34.3398 9.9118 1650410885055 309717.0000 -0.1999
-24.9606 79.4080 -33.9855 11.8756 1650410885084 309746.7500 -0.1999
-24.9177 79.7152 -32.8782 24.7898 1650410885113 309775.0000 -0.1999
-25.2338 79.9327 -31.7631 16.4103 1650410885142 309804.0000 -0.1999
-24.6635 79.6174 -31.3085 16.6506 1650410885170 309833.0000 -0.1999
-24.7661 79.7703 -30.2773 15.8610 1650410885199 309861.7500 -0.2000
-24.4930 79.4934 -29.7374 11.7485 1650410885228 309890.7500 -0.2004
-24.7511 79.6478 -28.6816 12.3059 1650410885258 309919.7500 -0.2004
-24.8099 79.7925 -27.9850 17.4251 1650410885286 309948.7500 -0.2004
-24.8125 79.9720 -27.5996 16.9308 1650410885316 309977.5000 -0.2004
-25.3148 80.0249 -26.9560 21.6386 1650410885345 310006.5000 -0.2004
-25.2588 80.3670 -26.4747 16.3374 1650410885374 310035.5000 -0.2004
-25.3496 80.4254 -26.2942 14.0110 1650410885403 310064.5000 -0.2004
-25.5198 80.5595 -26.1945 14.2651 1650410885431 310093.5000 -0.2004
-25.0452 80.0890 -26.6114 12.8087 1650410885461 310122.5000 -0.2004
-25.2486 79.8620 -26.9659 13.4148 1650410885489 310151.5000 -0.2004
-25.5623 80.2590 -27.4686 14.8745 1650410885518 310182.0000 -0.2000
-25.4095 80.2079 -27.8001 20.3589 1650410885547 310209.0000 -0.1999
-25.2613 80.0972 -28.6660 17.8944 1650410885576 310238.5000 -0.1999
-24.7415 79.4976 -30.3933 10.4081 1650410885605 310267.5000 -0.1999
-24.9022 79.3986 -30.6410 19.2176 1650410885634 310296.5000 -0.1999
-24.6205 79.4541 -32.1663 14.8457 1650410885663 310325.5000 -0.1999
-25.2203 79.6202 -32.3680 21.8137 1650410885693 310354.5000 -0.1995
-24.9288 79.7315 -33.6546 14.4505 1650410885722 310383.5000 -0.1994
-25.3426 79.6875 -34.1238 13.1128 1650410885750 310412.2500 -0.1994
-25.0431 79.5701 -35.0861 18.1246 1650410885780 310441.2500 -0.1994
-25.5730 80.1350 -35.1087 11.0784 1650410885808 310470.5000 -0.1994
-25.5503 79.5243 -35.9382 18.2581 1650410885837 310499.5000 -0.1994
-25.4644 79.6637 -36.3394 9.5942 1650410885866 310528.0000 -0.1994
-25.3103 79.4471 -36.6595 17.9805 1650410885895 310557.2500 -0.1994
-25.6568 79.8930 -36.4046 24.0734 1650410885924 310586.2500 -0.1998
-25.7342 80.0244 -36.0721 17.5737 1650410885953 310615.2500 -0.1999
-26.0200 80.2636 -35.4862 22.2288 1650410885982 310644.2500 -0.1999
-25.9020 80.2309 -35.0628 17.4064 1650410886011 310673.0000 -0.1999
-25.5543 79.7865 -34.9220 12.0015 1650410886040 310702.0000 -0.1999
-25.3383 79.9117 -34.0532 17.3026 1650410886069 310731.0000 -0.2002
-24.9969 79.6618 -33.6694 16.6183 1650410886098 310760.0000 -0.2004
-24.9498 79.6485 -32.8381 22.1322 1650410886127 310789.0000 -0.2004
-24.9463 79.8047 -31.7555 20.1238 1650410886156 310818.0000 -0.2004
-24.6598 79.4591 -30.9056 13.8171 1650410886185 310847.0000 -0.2004
-24.9705 79.9319 -29.8927 24.4835 1650410886214 310876.0000 -0.2004
-24.7716 79.7787 -29.1485 17.1364 1650410886243 310905.0000 -0.2004
-24.8158 79.6221 -28.6817 21.4335 1650410886272 310933.7500 -0.2004
-24.6510 79.9622 -27.7813 15.4520 1650410886301 310963.7500 -0.2004
-24.9792 80.0161 -27.2728 15.7650 1650410886329 310991.7500 -0.2004
-25.1609 80.0684 -26.9289 13.6790 1650410886359 311020.7500 -0.2004
-25.2100 80.1664 -26.5352 13.6195 1650410886387 311049.7500 -0.2004
-25.1130 80.2414 -26.4600 12.1349 1650410886416 311078.5000 -0.2004
-24.9961 79.9602 -26.5769 9.9047 1650410886446 311107.5000 -0.2004
-25.1751 80.1501 -26.5749 18.0999 1650410886475 311136.5000 -0.2000
-25.4260 79.9345 -27.3914 12.1184 1650410886504 311165.5000 -0.1999
-25.3543 80.1939 -27.7072 19.4164 1650410886533 311194.0000 -0.1999
-25.3045 80.3760 -28.0875 21.8290 1650410886562 311224.7500 -0.1999
-25.0105 79.6935 -29.3387 12.6611 1650410886591 311252.5000 -0.1999
-24.6956 79.7939 -30.3336 18.4667 1650410886620 311281.2500 -0.1999
-24.7058 79.1371 -31.4547 25.4807 1650410886648 311310.5000 -0.1999
-24.8822 79.6695 -32.1292 15.6888 1650410886677 311339.5000 -0.1999
-25.1257 79.5272 -32.7606 19.0582 1650410886706 311368.5000 -0.1999
-24.7876 79.8924 -33.8231 17.8833 1650410886735 311397.5000 -0.1999
-25.3290 79.5267 -34.3843 17.1861 1650410886764 311426.5000 -0.1999
-24.8820 79.5287 -35.1880 8.8827 1650410886793 311455.5000 -0.1999
-25.4953 79.9101 -35.3216 13.7452 1650410886822 311484.5000 -0.2002
-25.4979 79.4431 -36.0315 11.8194 1650410886852 311513.5000 -0.2004
-25.3811 79.5153 -36.5218 15.8937 1650410886881 311542.5000 -0.2004
-25.5192 79.6125 -36.6251 17.6561 1650410886909 311571.5000 -0.2004
-25.8054 79.9330 -36.2451 15.0500 1650410886939 311600.5000 -0.2004
-25.7493 80.0458 -35.8556 16.7338 1650410886967 311629.5000 -0.2004
-25.8024 80.1241 -35.8615 23.2370 1650410886996 311658.5000 -0.2004
-25.8814 80.1691 -35.2161 21.5677 1650410887025 311687.2500 -0.2004
-25.6066 80.0159 -34.6233 20.2241 1650410887054 311715.7500 -0.2004
-25.2445 79.7835 -33.9719 20.1094 1650410887083 311744.7500 -0.2004
-25.1291 79.8379 -33.1340 15.3095 1650410887112 311774.0000 -0.2004
-24.8412 79.6090 -32.5256 16.4574 1650410887141 311803.0000 -0.2004
-24.8738 79.8685 -31.6365 14.2050 1650410887170 311832.0000 -0.2004
-24.8298 79.8305 -30.5176 17.7554 1650410887199 311861.0000 -0.2004
-24.8332 79.8296 -29.7466 14.8244 1650410887228 311890.0000 -0.2004
-24.4202 79.4289 -29.2554 11.2427 1650410887258 311919.0000 -0.2000
-24.8497 79.8793 -28.4873 15.5693 1650410887286 311948.0000 -0.1999
-24.7829 80.0927 -27.6100 11.3241 1650410887315 311976.0000 -0.1995
-25.1527 80.1583 -27.1562 16.5877 1650410887344 312006.0000 -0.1994
-25.0017 79.9907 -26.9112 12.6680 1650410887373 312035.0000 -0.1994
-24.8825 80.2641 -26.6477 12.1452 1650410887402 312063.7500 -0.1994
-25.2695 80.4200 -26.3599 17.9334 1650410887431 312092.7500 -0.1994
-25.0058 80.2624 -26.3123 11.4510 1650410887460 312121.7500 -0.1994
-24.9306 79.7157 -26.9176 14.4488 1650410887488 312150.7500 -0.1994
-25.4984 80.1268 -27.3111 16.9377 1650410887518 312179.7500 -0.1994
-25.3430 80.1822 -27.7392 15.2984 1650410887546 312208.5000 -0.1994
-25.1529 79.9703 -28.5330 15.0119 1650410887575 312237.5000 -0.1994
-24.5575 79.4899 -29.9115 15.4562 1650410887605 312266.5000 -0.1994
-24.8516 79.8517 -30.2437 22.4260 1650410887634 312295.5000 -0.1994
-24.9194 79.3782 -31.6633 20.0390 1650410887663 312324.5000 -0.1994
-24.9310 79.7595 -32.1023 11.2592 1650410887692 312353.5000 -0.1999
-24.9129 79.3573 -33.5410 16.5006 1650410887721 312382.5000 -0.1999
-24.9979 79.7703 -33.9244 15.0494 1650410887750 312411.5000 -0.1999
-25.0907 79.4023 -34.8918 15.7788 1650410887779 312440.5000 -0.1999
-25.1976 79.7645 -35.2184 13.7609 1650410887807 312469.2500 -0.1999
-1.1566 72.1353 -52.3349 11.9096 1650410887836 312497.5000 -0.1999
-25.8139 79.9553 -35.8212 12.7165 1650410887865 312527.5000 -0.1999
-25.7525 79.8354 -36.2983 15.6389 1650410887894 312556.5000 -0.1999
-25.7313 79.8710 -36.2688 14.1171 1650410887923 312585.5000 -0.1999
-25.8304 79.9746 -36.3764 19.2978 1650410887952 312614.5000 -0.1999
-25.9663 80.0106 -35.8548 17.6795 1650410887981 312643.5000 -0.1999
-26.0376 80.0577 -35.5311 13.0623 1650410888010 312672.5000 -0.1999
-25.8531 80.3044 -34.9631 16.8749 1650410888040 312701.5000 -0.1994
-25.7163 80.3044 -34.0123 14.8553 1650410888069 312730.2500 -0.1994
-25.1336 79.6147 -33.8711 15.4108 1650410888098 312758.5000 -0.1990
-24.9820 79.8721 -32.9987 15.4345 1650410888126 312788.2500 -0.1989
-25.0129 79.8831 -32.0330 16.0237 1650410888155 312816.7500 -0.1989
-24.7517 79.9089 -31.4084 17.4722 1650410888184 312846.2500 -0.1989
-24.9020 79.8213 -30.2987 16.6460 1650410888213 312875.2500 -0.1989
-24.5959 79.7508 -29.6339 14.4162 1650410888242 312904.0000 -0.1989
-24.7880 79.8936 -28.7984 16.2229 1650410888271 312933.0000 -0.1989
-25.0082 80.1339 -27.8936 16.2594 1650410888300 312962.0000 -0.1989
-24.6980 80.0076 -27.5924 13.2679 1650410888329 312991.0000 -0.1989
-24.9592 80.1324 -27.0468 15.8564 1650410888358 313020.0000 -0.1989
-25.1661 80.2196 -26.4393 18.0992 1650410888387 313049.0000 -0.1989
-24.9446 80.2470 -26.4784 14.5901 1650410888416 313078.0000 -0.1989
-25.0372 80.1721 -26.4649 13.6756 1650410888445 313107.0000 -0.1989
-25.1436 80.0244 -26.7392 11.9469 1650410888474 313136.0000 -0.1994
-25.2546 79.7619 -27.2234 15.4970 1650410888503 313165.0000 -0.1994
-25.2605 79.8225 -27.8224 16.2916 1650410888532 313193.7500 -0.1994
-25.0232 80.0395 -27.9820 16.5129 1650410888561 313222.7500 -0.1994
-24.9177 79.6508 -28.9785 20.1042 1650410888590 313251.2500 -0.1994
-24.4592 79.5585 -30.4050 15.2660 1650410888619 313280.5000 -0.1994
-25.0780 79.5793 -30.4659 25.5249 1650410888648 313309.5000 -0.1994
-25.2780 79.8834 -31.7072 12.7368 1650410888677 313338.5000 -0.1994
-25.0548 79.7532 -32.3159 20.3554 1650410888705 313367.5000 -0.1994
-24.9925 79.6603 -33.5409 14.7214 1650410888734 313396.5000 -0.1994
-25.2647 79.7658 -34.0965 11.8127 1650410888764 313425.5000 -0.1990
-24.9279 79.4715 -35.0876 15.0603 1650410888793 313454.5000 -0.1989
-25.4395 79.9790 -35.1638 15.8435 1650410888822 313483.5000 -0.1989
-25.3482 79.4574 -36.0110 14.4741 1650410888851 313513.5000 -0.1989
-25.4685 79.7885 -36.2148 14.0721 1650410888880 313541.5000 -0.1989
-25.4782 79.6612 -36.4955 12.6988 1650410888909 313570.5000 -0.1989
-25.7974 79.8849 -36.2274 13.7702 1650410888938 313599.2500 -0.1989
-25.8352 80.2352 -35.9498 20.7962 1650410888966 313628.5000 -0.1989
-25.9643 80.2878 -35.4944 15.6254 1650410888996 313657.5000 -0.1985
-25.9315 80.1681 -35.3888 18.6072 1650410889024 313686.5000 -0.1984
-25.8437 80.3123 -34.7376 18.9714 1650410889053 313715.5000 -0.1984
-25.5628 80.0462 -34.2434 17.5613 1650410889082 313744.5000 -0.1984
-25.1440 79.7782 -33.5246 19.4130 1650410889112 313773.5000 -0.1984
-24.9683 79.7071 -32.9078 24.3242 1650410889140 313802.5000 -0.1984
-24.9916 79.7094 -31.8684 23.2050 1650410889169 313831.5000 -0.1984
-24.8241 79.9466 -30.9724 18.5479 1650410889199 313860.5000 -0.1984
-24.9830 79.9413 -30.1430 21.5917 1650410889228 313889.5000 -0.1980
-24.7495 79.8936 -29.3249 17.7883 1650410889257 313918.2500 -0.1979
-24.9877 80.0791 -28.4276 15.6306 1650410889285 313947.2500 -0.1980
-24.6602 80.1045 -27.8457 15.0970 1650410889315 313976.2500 -0.1984
-24.9372 80.2075 -27.2719 12.8135 1650410889343 314005.0000 -0.1984
-25.1772 80.2263 -26.9429 17.7733 1650410889372 314033.5000 -0.1984
-24.9016 80.2572 -26.4379 19.7698 1650410889401 314063.0000 -0.1985
-24.9592 80.4731 -26.3262 12.9550 1650410889430 314092.0000 -0.1989
-25.0703 80.4045 -26.2869 13.6010 1650410889459 314121.0000 -0.1989
-24.8523 80.0001 -26.7467 12.4340 1650410889488 314150.0000 -0.1984
-25.1032 79.6340 -27.0873 16.1596 1650410889517 314179.0000 -0.1985
-25.2808 80.0391 -27.7184 15.0740 1650410889546 314208.0000 -0.1989
-25.1688 80.1506 -28.2417 15.4364 1650410889576 314237.0000 -0.1989
-24.9561 79.5967 -29.1214 14.9967 1650410889604 314265.7500 -0.1989
-24.7152 79.6275 -30.5351 14.4464 1650410889633 314295.0000 -0.1989
-24.9940 79.3979 -31.0839 16.7991 1650410889662 314323.7500 -0.1989
-24.8123 79.7809 -32.0396 14.5708 1650410889691 314352.5000 -0.1989
-24.9584 79.3955 -32.9201 20.7969 1650410889720 314381.7500 -0.1989
-24.9661 79.7287 -33.8840 16.5005 1650410889749 314410.7500 -0.1989
-25.3838 79.6601 -34.2722 17.4619 1650410889778 314439.5000 -0.1985
-13.3723 68.3212 -58.0697 10.9436 1650410889807 314468.5000 -0.1984
-25.3658 79.6315 -35.6591 17.2519 1650410889836 314497.5000 -0.1984
-25.3800 79.3840 -36.1842 12.8672 1650410889864 314526.5000 -0.1984
-25.3035 79.4787 -36.5511 11.2431 1650410889894 314555.5000 -0.1984
-25.4955 79.5675 -36.6393 18.2518 1650410889923 314584.5000 -0.1984
-25.5957 79.9129 -36.3307 15.8195 1650410889952 314613.5000 -0.1984
-25.8777 80.0163 -35.9613 21.0818 1650410889981 314642.5000 -0.1984
-25.7803 80.2845 -35.5600 15.3096 1650410890010 314671.5000 -0.1984
-25.9205 80.2024 -35.0576 18.9090 1650410890039 314700.5000 -0.1984
-25.6182 80.1392 -34.7027 18.6284 1650410890068 314729.5000 -0.1984
-25.5303 79.9434 -33.9005 12.7193 1650410890097 314758.5000 -0.1984
-25.1077 79.9532 -33.4201 15.5736 1650410890126 314787.0000 -0.1984
-24.9179 79.6848 -32.5968 19.7012 1650410890155 314816.2500 -0.1984
-24.9273 79.8378 -31.7046 19.5587 1650410890183 314845.5000 -0.1984
-24.6762 79.7341 -30.8219 18.4907 1650410890212 314874.5000 -0.1989
-24.7863 79.9047 -29.8208 16.6089 1650410890241 314903.5000 -0.1989
-24.6480 79.7510 -29.1565 17.8519 1650410890270 314932.5000 -0.1989
-24.9601 80.1138 -28.2261 14.0064 1650410890299 314961.5000 -0.1989
-24.8127 80.2693 -27.5528 15.1000 1650410890329 314990.5000 -0.1989
-24.7846 80.1784 -27.3070 16.6062 1650410890358 315019.2500 -0.1989
-24.9744 80.1181 -26.7878 15.2534 1650410890387 315049.5000 -0.1989
-24.8735 80.1903 -26.5251 14.9375 1650410890416 315076.7500 -0.1989
-25.2361 80.4692 -26.2243 20.4959 1650410890444 315106.2500 -0.1989
-25.2141 80.3396 -26.3749 13.4543 1650410890474 315134.5000 -0.1989
-24.7348 79.4921 -27.1861 15.4728 1650410890502 315164.0000 -0.1989
-25.5435 80.1693 -27.2205 12.2623 1650410890531 315193.0000 -0.1989
-25.2056 80.0279 -28.0247 18.3767 1650410890560 315222.0000 -0.1989
-25.0819 79.9882 -28.3600 15.3968 1650410890589 315251.0000 -0.1989
-25.1168 79.8247 -29.5006 12.7287 1650410890618 315280.0000 -0.1989
-25.1088 79.8964 -30.0769 16.7838 1650410890647 315309.0000 -0.1989
-24.9242 79.5123 -31.4641 18.3935 1650410890676 315338.0000 -0.1985
-25.1105 79.7967 -31.9672 20.1648 1650410890705 315367.0000 -0.1984
-25.1490 79.5748 -33.2978 19.9267 1650410890734 315396.0000 -0.1984
-24.9309 79.8478 -33.9531 11.7444 1650410890763 315425.0000 -0.1984
-25.2886 79.7320 -34.6337 12.4169 1650410890792 315453.7500 -0.1984
-7.9504 80.0232 -52.6611 13.6230 1650410890821 315482.7500 -0.1984
-25.6211 79.8795 -35.3061 17.0588 1650410890850 315511.7500 -0.1984
-25.7178 79.7404 -36.0729 13.3809 1650410890879 315540.5000 -0.1984
-25.5706 79.8600 -36.5344 14.6362 1650410890908 315570.5000 -0.1984
-25.8392 79.8784 -36.2530 16.5667 1650410890937 315598.2500 -0.1984
-25.7348 79.8961 -36.3488 18.3342 1650410890966 315627.5000 -0.1984
-25.6983 79.9342 -35.9445 18.9344 1650410890995 315656.5000 -0.1984
-25.8689 80.2611 -35.3220 16.9894 1650410891023 315685.5000 -0.1988
-25.9403 80.2164 -35.1703 19.0168 1650410891053 315714.5000 -0.1989
-25.8183 80.2662 -34.4350 19.4308 1650410891081 315743.5000 -0.1989
-25.2451 79.6871 -33.8874 19.3516 1650410891111 315772.5000 -0.1989
-25.0958 80.0041 -32.8578 18.3897 1650410891140 315804.5000 -0.1989
-24.8022 79.3797 -32.4829 18.5943 1650410891169 315829.7500 -0.1989
-24.9382 79.7796 -31.3543 18.4826 1650410891198 315859.5000 -0.1989
-24.8075 79.6708 -30.5747 16.9930 1650410891227 315890.0000 -0.1994
-24.7291 79.6889 -29.7074 19.7591 1650410891256 315917.0000 -0.1994
-24.6641 79.7890 -28.9675 17.7843 1650410891285 315946.5000 -0.1994
-24.9374 79.9466 -28.0487 17.0615 1650410891314 315975.5000 -0.1994
-24.9302 80.0858 -27.4442 13.7981 1650410891342 316004.5000 -0.1989
-25.0326 80.0950 -27.0199 17.6533 1650410891372 316033.5000 -0.1989
-25.1202 80.2846 -26.4566 12.2393 1650410891400 316062.5000 -0.1989
-24.9883 80.4679 -26.2382 14.5043 1650410891429 316091.5000 -0.1989
-25.1138 80.3454 -26.4432 15.7758 1650410891458 316120.5000 -0.1989
-24.9033 79.9123 -26.6367 9.9969 1650410891488 316149.2500 -0.1989
-25.1652 79.8028 -27.2426 14.6040 1650410891517 316178.2500 -0.1985
-25.1361 79.7285 -27.8834 10.8220 1650410891546 316207.2500 -0.1984
-25.3244 80.2179 -27.7957 14.6928 1650410891575 316236.0000 -0.1984
-25.1622 79.7942 -28.7465 14.8199 1650410891603 316265.0000 -0.1984
-24.7679 79.5432 -30.1908 10.4841 1650410891633 316294.0000 -0.1980
-25.0721 79.6446 -30.4085 21.8751 1650410891661 316322.7500 -0.1979
-24.9507 79.5953 -32.0214 21.3639 1650410891690 316352.7500 -0.1979
-24.9626 79.5097 -32.4423 19.0425 1650410891719 316381.0000 -0.1979
-25.0488 79.8694 -33.5474 17.0045 1650410891748 316410.0000 -0.1979
-25.4123 79.9351 -33.7464 13.7724 1650410891777 316439.0000 -0.1979
-25.2319 79.5917 -35.0021 16.2535 1650410891806 316468.0000 -0.1979
-25.6084 79.9772 -35.2013 21.8137 1650410891835 316497.0000 -0.1979
-25.4626 79.6385 -35.8992 16.9586 1650410891864 316526.0000 -0.1979
-25.4772 79.3782 -36.4133 14.9360 1650410891893 316554.7500 -0.1979
-25.6935 79.9436 -36.2297 17.0639 1650410891922 316583.0000 -0.1980
-25.8379 79.8860 -36.2588 15.9619 1650410891952 316614.0000 -0.1984
-25.8070 80.0507 -36.1932 20.0883 1650410891980 316641.7500 -0.1984
-25.8223 80.1015 -35.8022 25.5582 1650410892009 316670.5000 -0.1984
-26.0518 80.1034 -35.3178 19.9778 1650410892038 316699.5000 -0.1984
-25.9362 80.3181 -34.6707 18.4379 1650410892067 316728.5000 -0.1984
-25.7502 80.1956 -34.1843 18.1133 1650410892096 316757.5000 -0.1984
-25.2626 79.6442 -33.7303 17.0240 1650410892125 316786.5000 -0.1984
-25.1008 79.7028 -32.8542 14.9017 1650410892154 316815.5000 -0.1984
-24.8096 79.2842 -32.2319 14.3202 1650410892183 316844.5000 -0.1984
-24.6289 79.5815 -31.1838 20.4151 1650410892212 316873.5000 -0.1984
-24.7500 79.5914 -30.5698 20.3721 1650410892240 316902.5000 -0.1984
-24.5531 79.6820 -29.4797 13.2805 1650410892270 316931.5000 -0.1984
-24.7291 79.5114 -28.7649 15.6588 1650410892299 316960.5000 -0.1984
-24.7362 80.0178 -27.9739 16.8293 1650410892328 316989.5000 -0.1984
-24.7971 80.0887 -27.3032 16.1002 1650410892357 317018.5000 -0.1980
-25.1561 80.1769 -26.7688 17.4697 1650410892386 317047.5000 -0.1979
-24.8942 80.0608 -26.5040 17.2918 1650410892415 317076.5000 -0.1979
-24.8678 80.1945 -26.4096 12.4109 1650410892444 317105.2500 -0.1979
-25.4371 80.6002 -26.0262 17.7865 1650410892473 317134.0000 -0.1976
-25.1437 80.0555 -26.5219 15.2469 1650410892501 317163.5000 -0.1974
-25.0614 79.8423 -27.1975 21.2029 1650410892531 317192.5000 -0.1978
-25.5454 80.0566 -27.5552 18.5554 1650410892559 317221.5000 -0.1979
-25.2206 80.1106 -27.9574 18.1189 1650410892588 317250.2500 -0.1979
-24.9645 79.6935 -29.0762 16.2519 1650410892617 317279.2500 -0.1979
-24.8405 79.5613 -30.2685 14.3708 1650410892647 317308.2500 -0.1979
-24.8756 79.2865 -30.8737 21.0689 1650410892676 317338.5000 -0.1979
-24.6561 79.4823 -32.2982 18.5847 1650410892704 317367.0000 -0.1979
-25.4636 79.7369 -32.6218 16.1269 1650410892734 317395.0000 -0.1979
-24.7578 79.5992 -33.9612 15.6522 1650410892763 317424.0000 -0.1979
-25.3910 79.7160 -34.3000 20.0492 1650410892792 317452.7500 -0.1984
-24.9736 79.5688 -35.1950 12.5933 1650410892820 317482.0000 -0.1984
-25.7642 79.9802 -35.3439 15.8067 1650410892849 317511.0000 -0.1984
-25.4616 79.6572 -35.9447 14.1360 1650410892878 317540.0000 -0.1984
-25.6913 80.0446 -36.0356 16.1580 1650410892907 317569.0000 -0.1989
-25.7238 79.9446 -36.2257 14.7341 1650410892936 317598.0000 -0.1989
-25.8060 79.7427 -36.2688 16.1083 1650410892965 317627.0000 -0.1989
-25.7699 80.0945 -36.0992 15.4749 1650410892994 317655.7500 -0.1989
-26.0701 80.1721 -35.3935 22.8742 1650410893023 317684.7500 -0.1984
-25.8262 80.1341 -35.1624 15.4314 1650410893053 317713.7500 -0.1984
-25.7337 80.0109 -34.8520 25.3402 1650410893081 317742.7500 -0.1984
-25.6341 79.9131 -33.9218 16.7827 1650410893111 317771.5000 -0.1984
-25.0913 79.4228 -33.7328 23.0531 1650410893139 317800.5000 -0.1984
-24.9257 79.4025 -32.6758 17.7646 1650410893168 317829.5000 -0.1984
-24.8873 79.6893 -31.8979 21.1128 1650410893197 317858.5000 -0.1980
-24.6124 79.4886 -30.9605 17.4375 1650410893226 317888.5000 -0.1979
-24.7280 79.5548 -30.0447 14.4166 1650410893255 317916.5000 -0.1979
-24.8281 79.6732 -29.0267 22.8174 1650410893284 317945.5000 -0.1979
-25.1658 79.9383 -28.2401 15.7410 1650410893313 317974.5000 -0.1979
-24.7046 79.9352 -27.7136 16.1014 1650410893342 318003.5000 -0.1979
-24.9833 80.0074 -27.1592 14.9783 1650410893371 318032.5000 -0.1979
-25.2549 80.1530 -26.6690 17.7982 1650410893399 318061.5000 -0.1979
-25.1441 80.4171 -26.2715 13.6624 1650410893429 318090.5000 -0.1979
-24.8783 80.2057 -26.3551 16.0062 1650410893458 318119.2500 -0.1979
-24.9835 79.9465 -26.6406 11.1787 1650410893487 318149.7500 -0.1979
-25.0644 79.5503 -26.9134 10.4220 1650410893516 318177.5000 -0.1979
-25.2409 79.7330 -27.3918 13.8039 1650410893545 318206.0000 -0.1979
-25.2521 80.0663 -27.9534 16.4414 1650410893574 318235.5000 -0.1984
-25.1993 79.8890 -28.3230 17.1261 1650410893603 318264.5000 -0.1984
-25.2135 79.6295 -29.4870 13.1645 1650410893632 318293.5000 -0.1984
-24.8034 79.6217 -30.2180 14.2826 1650410893660 318322.5000 -0.1984
-25.0889 79.6061 -31.3054 18.1730 1650410893690 318351.5000 -0.1984
-24.8542 79.4909 -32.3259 19.9727 1650410893718 318380.2500 -0.1984
-24.9665 79.3939 -33.2594 18.5663 1650410893747 318409.2500 -0.1984
-25.1539 80.0637 -33.7215 18.5687 1650410893776 318438.2500 -0.1984
-25.6275 79.9107 -34.3061 17.8226 1650410893805 318467.0000 -0.1989
-25.4030 80.0574 -35.0810 8.9186 1650410893834 318496.0000 -0.1989
-25.5638 79.7847 -35.3936 16.0573 1650410893864 318525.0000 -0.1985
-25.5505 79.5221 -36.1929 14.3781 1650410893893 318554.0000 -0.1984
-25.5385 79.5295 -36.5214 13.5353 1650410893922 318583.0000 -0.1979
-25.6009 79.8290 -36.3781 17.7346 1650410893951 318612.0000 -0.1979
-25.7134 79.7046 -36.3739 18.6574 1650410893979 318640.5000 -0.1979
-25.6697 79.8998 -35.9090 17.7602 1650410894009 318671.2500 -0.1979
-25.9866 80.1363 -35.3171 25.2802 1650410894037 318699.0000 -0.1979
-25.9505 80.1976 -34.8062 19.1504 1650410894066 318728.0000 -0.1979
-25.6375 79.7287 -34.7597 23.7657 1650410894095 318757.0000 -0.1979
-25.4121 79.6939 -33.8171 19.1884 1650410894124 318785.7500 -0.1979
-25.1019 79.7424 -33.1918 14.8988 1650410894153 318814.7500 -0.1978
-24.8248 79.2586 -32.3515 20.8106 1650410894182 318843.7500 -0.1974
-24.7772 79.6008 -31.6253 18.1496 1650410894211 318872.7500 -0.1978
-24.6819 79.3180 -30.5968 12.8495 1650410894241 318902.5000 -0.1979
-24.7490 79.6629 -29.6582 17.7135 1650410894270 318930.5000 -0.1978
-24.9178 79.7584 -28.7125 16.8505 1650410894298 318959.5000 -0.1974
-24.9010 79.9238 -28.0441 14.7763 1650410894327 318989.7500 -0.1978
-24.9306 80.0984 -27.4160 15.4152 1650410894356 319017.5000 -0.1979
-25.0808 79.9498 -27.1168 18.9857 1650410894385 319046.5000 -0.1979
-24.9017 79.7295 -26.8644 16.9606 1650410894414 319075.5000 -0.1979
-24.9756 80.1300 -26.4667 13.8600 1650410894443 319104.5000 -0.1979
-25.1021 80.0747 -26.3912 13.6558 1650410894472 319133.5000 -0.1979
-25.2054 80.2424 -26.2976 10.5075 1650410894501 319162.5000 -0.1980
-25.2295 79.9334 -26.9007 11.9567 1650410894530 319191.5000 -0.1984
-25.2489 79.6644 -27.5137 15.5445 1650410894558 319220.5000 -0.1984
-25.3824 80.3049 -27.6852 18.4005 1650410894588 319249.5000 -0.1984
-25.1298 79.7632 -28.5518 18.0317 1650410894617 319278.5000 -0.1984
-24.5924 79.4399 -30.1923 11.2775 1650410894646 319307.5000 -0.1984
-24.8696 79.4875 -30.5023 18.4443 1650410894675 319336.5000 -0.1984
-24.8430 79.3976 -31.9973 14.9323 1650410894704 319365.5000 -0.1984
-25.1444 79.7711 -32.2978 19.3170 1650410894733 319394.5000 -0.1984
-25.1498 79.7076 -33.4195 15.1646 1650410894762 319424.7500 -0.1984
-25.3620 79.9627 -33.7656 15.3815 1650410894791 319452.5000 -0.1984
-25.4435 79.8309 -34.6420 16.3515 1650410894820 319481.2500 -0.1980
-25.5998 80.1161 -35.0556 19.6066 1650410894849 319510.2500 -0.1979
-25.6866 79.8095 -35.6135 13.9659 1650410894877 319539.2500 -0.1979
-25.5133 79.6042 -36.1368 16.6442 1650410894906 319568.2500 -0.1979
-25.4929 79.6034 -36.3184 14.3672 1650410894935 319597.0000 -0.1979
-25.7059 79.9798 -36.2710 21.8067 1650410894964 319626.0000 -0.1979
-25.8262 80.0084 -36.0033 20.7208 1650410894993 319654.7500 -0.1979
-25.7012 79.8843 -35.8371 19.7182 1650410895023 319683.2500 -0.1979
-26.0218 80.1249 -35.3862 16.6504 1650410895052 319713.0000 -0.1979
-25.9995 80.2600 -34.7349 17.0020 1650410895081 319741.7500 -0.1979
-25.3406 79.8229 -34.3042 21.5899 1650410895110 319771.0000 -0.1979
-25.0878 79.3338 -33.9038 16.6857 1650410895138 319800.0000 -0.1979
-25.0007 79.8262 -32.7185 17.3830 1650410895168 319829.0000 -0.1979
-24.9193 79.4931 -32.1733 20.5183 1650410895196 319858.0000 -0.1979
-24.8160 79.7372 -31.0336 16.5259 1650410895225 319886.7500 -0.1979
-24.8847 79.6424 -30.4354 15.0181 1650410895254 319915.7500 -0.1979
-24.7115 79.7560 -29.3580 17.6415 1650410895283 319944.7500 -0.1980
-24.7034 79.6497 -28.6420 20.2457 1650410895312 319973.7500 -0.1984
-24.6338 79.8711 -27.9466 13.9543 1650410895341 320002.5000 -0.1984
-24.7092 80.1286 -27.2833 15.9130 1650410895370 320031.5000 -0.1984
-25.1189 79.8668 -27.0359 13.9422 1650410895399 320060.5000 -0.1984
-25.4173 80.3192 -26.3479 17.1337 1650410895429 320089.5000 -0.1984
-24.8898 80.2136 -26.3750 15.1546 1650410895457 320118.5000 -0.1984
-24.8713 79.7623 -26.6829 14.4920 1650410895487 320147.5000 -0.1988
-25.3400 80.3286 -26.3295 12.3710 1650410895515 320176.0000 -0.1989
-25.2089 79.5824 -27.2410 14.3689 1650410895544 320206.5000 -0.1989
-25.5104 80.2217 -27.5572 17.5821 1650410895573 320234.5000 -0.1989
-25.1536 80.0328 -28.1118 14.6858 1650410895602 320263.5000 -0.1989
-25.0491 79.5964 -28.9293 18.0715 1650410895631 320292.5000 -0.1989
-24.6010 79.6458 -30.2908 15.1317 1650410895660 320321.5000 -0.1985
-25.0044 79.3821 -30.8944 24.8093 1650410895689 320350.5000 -0.1984
-24.7346 79.6179 -32.0541 18.9624 1650410895717 320379.5000 -0.1984
-25.1788 79.5825 -32.5404 19.9499 1650410895747 320408.5000 -0.1984
-25.0667 79.8971 -33.5095 19.7704 1650410895776 320439.7500 -0.1980
-25.4468 79.7065 -34.1020 15.1401 1650410895805 320466.0000 -0.1979
-24.9559 79.4700 -35.2826 13.2762 1650410895834 320495.5000 -0.1979
-25.4716 79.8344 -35.3822 13.9382 1650410895863 320523.7500 -0.1979
-25.4158 79.4691 -35.9794 13.5157 1650410895892 320553.0000 -0.1979
-25.4162 79.5820 -36.4010 15.8813 1650410895921 320582.5000 -0.1979
-25.6071 79.7680 -36.3484 19.7567 1650410895950 320611.2500 -0.1980
-25.7231 80.0633 -36.2249 15.9493 1650410895979 320640.2500 -0.1979
-25.7260 79.8881 -36.1145 20.2634 1650410896008 320669.2500 -0.1979
-26.0132 80.0712 -35.5274 24.5106 1650410896036 320698.0000 -0.1979
-25.9345 80.3044 -34.9712 19.9294 1650410896066 320727.0000 -0.1979
-25.8513 80.1406 -34.6096 18.7734 1650410896094 320756.0000 -0.1984
-25.4319 79.6374 -34.1250 16.9760 1650410896123 320785.0000 -0.1984
-25.1320 79.6391 -33.5194 20.8661 1650410896152 320814.0000 -0.1984
-24.8516 79.5864 -32.7659 21.3138 1650410896182 320843.0000 -0.1984
-25.1196 79.7593 -31.8267 16.0362 1650410896211 320872.0000 -0.1989
-24.7699 79.5272 -30.9808 18.5308 1650410896240 320901.0000 -0.1989
-25.0954 79.8760 -29.9217 25.1236 1650410896269 320930.0000 -0.1989
-24.6617 79.6904 -29.1319 21.0525 1650410896298 320958.5000 -0.1989
-25.0481 80.0289 -28.3094 16.0407 1650410896327 320987.7500 -0.1984
-24.5810 79.9190 -27.7588 14.7980 1650410896355 321016.7500 -0.1984
-24.9183 79.8339 -27.3732 14.9254 1650410896384 321045.7500 -0.1984
-25.2026 79.8844 -26.8371 16.4959 1650410896413 321074.7500 -0.1984
-25.4221 80.5670 -26.1195 14.0115 1650410896442 321103.5000 -0.1984
-25.3155 80.2397 -26.2231 15.9074 1650410896471 321132.5000 -0.1984
-24.8618 79.7364 -26.7199 10.5859 1650410896500 321161.5000 -0.1980
-25.0088 79.7948 -26.8114 11.0389 1650410896529 321190.2500 -0.1979
-25.5616 80.2125 -26.9605 17.3552 1650410896558 321219.0000 -0.1979
-25.1231 79.8398 -27.9381 14.9390 1650410896587 321248.5000 -0.1979
-25.3014 80.0766 -28.1616 17.4072 1650410896616 321277.5000 -0.1976
-24.7876 79.6925 -29.6528 12.1866 1650410896646 321306.0000 -0.1974
-24.9096 79.7751 -30.3244 16.3124 1650410896674 321335.5000 -0.1974
-25.0915 79.5173 -31.2549 18.4994 1650410896703 321364.5000 -0.1974
-24.8000 79.7422 -32.2038 16.7065 1650410896732 321393.5000 -0.1974
-25.1799 79.7331 -32.8593 22.8549 1650410896761 321422.5000 -0.1974
-25.0271 79.7057 -33.7832 11.5629 1650410896790 321451.5000 -0.1974
-25.4335 79.7810 -34.5505 16.1236 1650410896819 321480.0000 -0.1974
-25.3226 79.8237 -35.1204 16.0752 1650410896848 321509.5000 -0.1974
-25.4094 79.7685 -35.6190 14.2615 1650410896877 321538.5000 -0.1974
-25.5005 79.5050 -35.9900 18.9825 1650410896906 321567.5000 -0.1978
-25.5144 79.7908 -36.2278 18.1554 1650410896934 321596.5000 -0.1979
-25.7285 79.7020 -36.2870 14.3186 1650410896964 321625.5000 -0.1979
-25.7428 79.9067 -36.2837 19.7882 1650410896993 321654.5000 -0.1979
-25.7652 79.9607 -35.9557 20.2054 1650410897022 321683.5000 -0.1979
-25.9926 80.1305 -35.4330 17.7561 1650410897051 321712.0000 -0.1979
-25.8814 80.2877 -35.0245 17.0487 1650410897080 321741.0000 -0.1979
-25.4328 79.9500 -34.5148 19.0845 1650410897109 321770.2500 -0.1979
-25.0487 79.6652 -34.1129 16.2773 1650410897138 321799.2500 -0.1979
-24.8256 79.6327 -33.2482 19.4856 1650410897167 321828.0000 -0.1983
-24.8684 79.4967 -32.4616 21.4068 1650410897195 321857.0000 -0.1984
-24.8200 79.6254 -31.6225 14.8950 1650410897225 321886.0000 -0.1984
-24.7222 79.6522 -30.5659 21.7509 1650410897253 321915.0000 -0.1984
-24.9998 79.9315 -29.6228 14.1479 1650410897282 321944.0000 -0.1984
-24.4841 79.4710 -29.2562 16.1568 1650410897311 321972.5000 -0.1984
-24.9903 79.8917 -28.2130 17.8094 1650410897341 322001.7500 -0.1984
-24.7459 79.9391 -27.5044 13.0391 1650410897370 322031.0000 -0.1984
-24.8570 79.8837 -27.1435 20.2565 1650410897399 322059.5000 -0.1980
-25.1040 79.8421 -26.7568 16.8089 1650410897428 322089.0000 -0.1979
-25.0795 80.5355 -26.1163 12.2954 1650410897457 322117.7500 -0.1979
-25.0972 80.1376 -26.4224 13.4732 1650410897486 322146.7500 -0.1979
-25.2014 80.3322 -26.4266 9.3564 1650410897514 322175.7500 -0.1979
-25.5376 80.2841 -26.6802 12.4182 1650410897544 322204.7500 -0.1979
-25.6121 80.3349 -27.0892 22.0070 1650410897572 322233.5000 -0.1976
-25.3262 79.9890 -28.0014 18.3961 1650410897601 322262.5000 -0.1974
-25.2276 80.2207 -28.4412 15.9535 1650410897630 322291.5000 -0.1974
-24.6742 79.5369 -30.1571 10.7461 1650410897659 322320.5000 -0.1974
-24.8783 79.7932 -30.3395 17.5191 1650410897688 322349.5000 -0.1974
-24.9023 79.5431 -31.4940 14.8692 1650410897717 322378.2500 -0.1974
-25.1485 79.7961 -32.1649 19.9767 1650410897746 322407.5000 -0.1974
-25.1664 79.7196 -33.3775 16.4073 1650410897776 322436.5000 -0.1979
-25.4217 80.0361 -33.6470 15.8506 1650410897805 322465.5000 -0.1979
-25.3165 79.4472 -34.9539 14.3167 1650410897833 322494.2500 -0.1979
-25.4043 79.8366 -35.1320 11.2110 1650410897862 322523.0000 -0.1979
-25.7216 79.7327 -35.5008 19.2252 1650410897891 322552.5000 -0.1979
-25.4824 79.4139 -36.3182 10.4948 1650410897920 322581.5000 -0.1979
-25.4051 79.7204 -36.4956 16.1715 1650410897949 322610.5000 -0.1979
-25.5757 79.8057 -36.4423 16.8093 1650410897978 322639.5000 -0.1979
-25.6539 79.8522 -36.2732 20.4787 1650410898007 322668.5000 -0.1984
-25.7559 79.8783 -35.9867 23.2972 1650410898036 322697.5000 -0.1984
-25.9264 80.0993 -35.3073 16.0562 1650410898065 322728.0000 -0.1984
-25.7759 80.2465 -34.8071 17.0853 1650410898093 322756.2500 -0.1984
-25.6837 80.0585 -34.1120 23.0421 1650410898123 322784.5000 -0.1984
-25.0768 79.5462 -33.9068 14.2713 1650410898152 322813.2500 -0.1984
-25.0835 79.7828 -32.8958 15.0356 1650410898181 322843.2500 -0.1980
-24.7115 79.3903 -32.3373 16.3261 1650410898210 322871.2500 -0.1979
-24.8052 79.7605 -31.2198 16.5915 1650410898239 322900.2500 -0.1979
-24.7825 79.6644 -30.3438 18.0831 1650410898268 322929.0000 -0.1979
-25.0033 80.1228 -29.3086 19.0162 1650410898297 322958.0000 -0.1979
-24.7135 79.7653 -28.8079 16.9258 1650410898326 322987.0000 -0.1979
-24.8424 79.8913 -27.9491 13.2069 1650410898355 323016.0000 -0.1976
-24.8224 79.9118 -27.5045 14.3325 1650410898384 323045.0000 -0.1974
-25.1825 79.9922 -26.9837 12.5088 1650410898412 323074.0000 -0.1978
-25.2428 80.2127 -26.5871 20.7137 1650410898441 323103.0000 -0.1979
-24.5858 79.7851 -26.6697 13.0559 1650410898470 323132.0000 -0.1979
-25.1170 80.1801 -26.4769 15.9970 1650410898500 323161.0000 -0.1979
-25.1726 80.2166 -26.4782 11.9436 1650410898529 323190.0000 -0.1979
-25.5083 79.9664 -26.8293 16.2148 1650410898558 323219.0000 -0.1979
-25.4191 80.0403 -27.5603 14.3722 1650410898587 323247.7500 -0.1979
-24.9995 80.0307 -28.1392 16.3305 1650410898616 323275.7500 -0.1979
-24.9059 79.5466 -29.1810 18.5286 1650410898645 323305.7500 -0.1979
-24.1947 79.2731 -30.6999 13.5340 1650410898673 323334.5000 -0.1984
-25.2204 79.8129 -30.4933 26.7904 1650410898703 323363.5000 -0.1984
-24.9856 79.7971 -31.8372 16.6161 1650410898731 323392.5000 -0.1984
-25.2302 79.8470 -32.2584 22.6950 1650410898760 323421.5000 -0.1984
-25.0518 79.9042 -33.5269 11.2253 1650410898789 323450.5000 -0.1984
-25.3192 79.8815 -33.9565 12.5045 1650410898818 323479.5000 -0.1985
-25.1246 79.5224 -35.0492 14.5507 1650410898847 323508.2500 -0.1989
-25.6327 80.0178 -35.0355 14.3431 1650410898876 323538.7500 -0.1989
-25.6266 79.6450 -35.7905 17.2741 1650410898905 323566.5000 -0.1989
-25.4693 79.4942 -36.3794 12.3153 1650410898935 323595.2500 -0.1989
-25.6055 79.8176 -36.3534 18.6977 1650410898964 323624.5000 -0.1989
-25.6484 79.8497 -36.3624 18.2944 1650410898992 323653.5000 -0.1989
-25.8889 80.1721 -36.1574 19.7212 1650410899021 323682.5000 -0.1984
-26.0064 80.2409 -35.6117 18.7782 1650410899050 323711.5000 -0.1984
-25.9895 80.0185 -35.2402 24.3742 1650410899079 323740.5000 -0.1984
-25.7823 80.1404 -34.7116 19.7950 1650410899108 323769.5000 -0.1984
-25.4264 79.9627 -34.2020 15.7981 1650410899137 323798.5000 -0.1980
-25.0891 79.7005 -33.6478 10.5301 1650410899166 323827.5000 -0.1979
-25.0435 79.7577 -32.7973 20.3561 1650410899195 323856.5000 -0.1979
-24.9444 79.6423 -32.0117 18.4881 1650410899224 323885.5000 -0.1979
-24.7845 79.4914 -31.0827 21.6988 1650410899253 323914.5000 -0.1979
-24.9195 79.7978 -30.1890 16.8911 1650410899282 323943.2500 -0.1979
-24.7840 79.7987 -29.3025 22.1361 1650410899311 323972.2500 -0.1979
-25.0623 80.0089 -28.5206 17.1798 1650410899340 324001.2500 -0.1979
-24.4461 79.6609 -27.9759 11.9033 1650410899369 324029.7500 -0.1979
-24.9241 79.9284 -27.3444 18.5797 1650410899398 324060.2500 -0.1979
-25.2413 80.1175 -26.8726 19.3974 1650410899427 324088.0000 -0.1979
-24.6517 79.8163 -26.6617 13.3444 1650410899456 324117.0000 -0.1979
-24.9509 80.2035 -26.4943 9.8712 1650410899485 324146.0000 -0.1979
-25.4082 80.6953 -26.0341 12.7764 1650410899514 324175.0000 -0.1979
-24.6904 79.9708 -26.8174 11.3150 1650410899543 324204.0000 -0.1979
-25.5014 80.0171 -27.2613 14.6298 1650410899571 324233.0000 -0.1979
-25.5654 80.2825 -27.6261 14.2235 1650410899601 324262.0000 -0.1980
-25.0396 80.0144 -28.2430 16.3391 1650410899629 324290.5000 -0.1984
-24.9728 79.5738 -29.4643 15.4377 1650410899659 324319.7500 -0.1984
-24.8978 79.9484 -30.2031 14.8806 1650410899687 324348.7500 -0.1984
-25.0711 79.4729 -31.1915 20.7380 1650410899717 324379.0000 -0.1984
-24.7613 79.7152 -32.3226 15.5985 1650410899746 324406.7500 -0.1984
-25.2935 79.7741 -32.8345 31.3940 1650410899775 324435.7500 -0.1984
-25.1875 80.0134 -33.6925 16.4353 1650410899804 324464.5000 -0.1980
-25.5979 79.8805 -34.0280 13.0110 1650410899833 324493.5000 -0.1979
-25.2831 79.6903 -35.2595 16.7099 1650410899862 324522.5000 -0.1983
-25.4530 79.6187 -35.6114 15.6126 1650410899890 324551.5000 -0.1984
-25.6426 79.7419 -35.8905 12.7508 1650410899919 324580.5000 -0.1980
-25.4513 79.7933 -36.3627 18.2249 1650410899948 324609.5000 -0.1979
-25.4781 79.5909 -36.6208 16.8731 1650410899977 324638.5000 -0.1979
-25.9217 80.0915 -36.1092 21.4167 1650410900006 324667.5000 -0.1979
-25.8839 80.0831 -35.9678 17.7532 1650410900035 324696.5000 -0.1976
-25.9025 80.1493 -35.5453 21.3995 1650410900064 324725.5000 -0.1974
-25.8238 80.0713 -35.2587 23.8450 1650410900094 324754.5000 -0.1974
-25.5796 80.0930 -34.5752 16.9866 1650410900123 324783.5000 -0.1974
-25.4156 79.9440 -33.8817 16.0933 1650410900151 324813.5000 -0.1974
-25.2156 79.9436 -33.3204 17.7670 1650410900181 324841.5000 -0.1974
-25.0603 79.7238 -32.4198 18.9482 1650410900209 324870.5000 -0.1974
-25.0418 79.8138 -31.7643 15.7708 1650410900238 324899.5000 -0.1974
-24.7588 79.6384 -30.7772 22.2506 1650410900267 324928.5000 -0.1976
-24.9763 80.1348 -29.6549 24.3612 1650410900296 324957.5000 -0.1979
-24.8320 79.7953 -28.9527 19.9230 1650410900325 324986.5000 -0.1979
-24.8618 79.8351 -28.4113 15.5175 1650410900354 325015.5000 -0.1979
-24.7800 79.9658 -27.6016 12.0764 1650410900383 325044.0000 -0.1979
-24.9759 79.9009 -27.2949 18.2692 1650410900412 325074.0000 -0.1979
-25.2490 80.3569 -26.5741 15.8721 1650410900441 325102.2500 -0.1979
-25.0357 80.2222 -26.5198 10.7743 1650410900470 325131.0000 -0.1979
-24.9682 80.1461 -26.5592 17.9691 1650410900499 325160.0000 -0.1979
-24.8828 80.0552 -26.6970 10.0426 1650410900528 325189.0000 -0.1979
-25.0251 79.9600 -27.0011 16.1016 1650410900557 325218.0000 -0.1979
-25.3899 79.8451 -27.5289 14.7403 1650410900586 325247.0000 -0.1979
-25.1837 80.0616 -28.1399 15.2741 1650410900615 325276.0000 -0.1979
-25.1763 80.0284 -28.4357 18.9821 1650410900644 325305.0000 -0.1979
-24.8192 79.6635 -29.8271 10.8612 1650410900673 325334.0000 -0.1979
-25.1842 79.9814 -30.3528 21.9330 1650410900702 325363.0000 -0.1979
-25.0917 79.6215 -31.4776 17.5784 1650410900730 325392.0000 -0.1979
-25.1998 80.0912 -31.9806 22.8266 1650410900760 325421.0000 -0.1976
-25.1130 79.6723 -33.3501 16.2743 1650410900788 325450.0000 -0.1974
-25.5296 80.0436 -33.6469 13.5443 1650410900817 325478.7500 -0.1974
-25.3173 79.4937 -34.7299 17.6357 1650410900847 325507.7500 -0.1974
-25.3363 79.7426 -35.3496 15.2010 1650410900876 325536.7500 -0.1974
-25.6443 79.7913 -35.5667 13.8462 1650410900905 325565.2500 -0.1974
-25.5422 79.6793 -36.0269 12.7671 1650410900934 325594.2500 -0.1974
-25.6143 79.6799 -36.5954 14.9862 1650410900963 325623.5000 -0.1974
-25.7331 79.9113 -36.3590 16.8571 1650410900992 325652.5000 -0.1974
-25.9064 80.1957 -35.8636 15.6016 1650410901021 325681.5000 -0.1974
-25.8711 80.0359 -35.8855 19.2106 1650410901049 325710.5000 -0.1974
-25.9147 80.0632 -35.5614 21.5459 1650410901078 325739.5000 -0.1974
-25.9269 80.3409 -34.9380 14.8473 1650410901107 325768.5000 -0.1974
-25.5096 80.0213 -34.5127 16.7348 1650410901136 325797.5000 -0.1974
-25.3148 79.6491 -33.8244 17.8371 1650410901165 325827.7500 -0.1974
-25.0469 79.8602 -33.1059 19.8816 1650410901195 325855.0000 -0.1974
-24.7680 79.3933 -32.4592 23.0696 1650410901223 325884.5000 -0.1978
-24.8114 79.7864 -31.4288 20.9313 1650410901253 325913.0000 -0.1979
-24.9582 79.7889 -30.4035 17.7050 1650410901282 325942.5000 -0.1979
-24.8903 79.8041 -29.6576 17.5801 1650410901310 325971.5000 -0.1979
-24.6752 79.6719 -28.9699 13.3010 1650410901340 326000.5000 -0.1979
-24.8741 80.0844 -28.1250 17.2630 1650410901368 326029.5000 -0.1983
-24.8603 80.0467 -27.4769 13.6375 1650410901397 326058.5000 -0.1984
-24.7428 79.4747 -27.3992 17.3677 1650410901426 326087.5000 -0.1984
-25.0464 80.2301 -26.6034 14.7226 1650410901455 326116.5000 -0.1984
-25.3738 80.7756 -26.1511 17.5184 1650410901484 326145.5000 -0.1980
-24.7698 80.0620 -26.5840 12.8476 1650410901513 326174.2500 -0.1979
-24.9530 80.0414 -26.6587 14.1065 1650410901542 326203.2500 -0.1984
-24.9149 79.3296 -27.4159 10.8072 1650410901571 326232.2500 -0.1984
-25.3950 80.0213 -27.7458 20.7290 1650410901600 326261.0000 -0.1980
-25.2892 80.2701 -28.0452 20.0152 1650410901629 326289.7500 -0.1979
-25.0244 79.7433 -28.8192 13.7143 1650410901659 326319.0000 -0.1979
-24.8309 79.8274 -30.1713 16.0174 1650410901687 326347.5000 -0.1979
-25.3956 79.9938 -30.4817 22.4145 1650410901716 326376.7500 -0.1976
-25.0834 79.9095 -31.8947 17.5835 1650410901745 326406.0000 -0.1974
-25.4884 80.0636 -32.1634 17.2004 1650410901774 326435.0000 -0.1974
-24.9607 79.8069 -33.6357 18.1633 1650410901803 326464.0000 -0.1974
-25.4598 79.8456 -34.0006 18.5274 1650410901832 326493.0000 -0.1974
-25.1671 79.7217 -35.1307 16.1282 1650410901861 326522.0000 -0.1974
-25.6753 80.1163 -35.1826 13.4084 1650410901890 326551.0000 -0.1974
-25.5360 79.4602 -35.7803 19.5055 1650410901919 326581.5000 -0.1974
-25.6585 79.7857 -36.2492 12.9717 1650410901947 326608.0000 -0.1974
-25.4037 79.5297 -36.7629 14.8970 1650410901976 326637.7500 -0.1974
-25.7918 79.9549 -36.2810 16.8403 1650410902006 326668.5000 -0.1978
-25.7993 80.1462 -36.2313 22.1585 1650410902035 326695.2500 -0.1979
-26.0102 79.9073 -35.6988 19.7157 1650410902064 326724.5000 -0.1979
-26.0927 80.2606 -35.1888 16.7613 1650410902093 326753.5000 -0.1979
-25.8064 80.1087 -34.8867 17.4865 1650410902122 326782.5000 -0.1979
-25.5915 79.9321 -34.1275 17.5601 1650410902151 326811.5000 -0.1979
-25.1730 79.6702 -33.7710 15.0678 1650410902180 326840.5000 -0.1979
-24.9701 79.6583 -33.0194 17.1717 1650410902208 326869.5000 -0.1979
-25.0150 79.6425 -32.0020 21.3140 1650410902238 326898.5000 -0.1979
-24.7324 79.6529 -31.1733 22.1894 1650410902266 326927.5000 -0.1979
-24.7869 79.7134 -30.3936 15.3140 1650410902295 326956.5000 -0.1979
-24.7309 79.6976 -29.3675 20.6461 1650410902324 326985.5000 -0.1979
-24.9985 79.8611 -28.5630 19.7978 1650410902353 327014.5000 -0.1979
-24.6358 79.8147 -27.9837 15.4208 1650410902382 327043.5000 -0.1979
-24.6935 79.9332 -27.4254 16.7116 1650410902411 327072.5000 -0.1979
-24.9711 80.0662 -26.9389 15.5025 1650410902441 327101.2500 -0.1979
-24.9555 80.0040 -26.5573 16.9441 1650410902470 327130.5000 -0.1979
-24.8822 80.2426 -26.5447 17.6550 1650410902499 327159.5000 -0.1976
-25.0187 80.3163 -26.4652 13.7101 1650410902527 327188.5000 -0.1974
-25.0321 80.2132 -26.6072 11.4046 1650410902556 327217.5000 -0.1974
-25.5307 80.1784 -26.9959 15.8920 1650410902585 327246.5000 -0.1974
-25.2025 79.8562 -27.9217 15.0950 1650410902614 327275.2500 -0.1971
-25.1034 80.1002 -28.2181 14.3889 1650410902643 327304.2500 -0.1969
-25.0977 79.6207 -29.1171 14.1810 1650410902672 327333.2500 -0.1969
-24.6674 79.7466 -30.3096 13.0614 1650410902701 327363.5000 -0.1969
-25.0659 79.4020 -31.0714 20.7180 1650410902730 327390.5000 -0.1969
-24.8825 79.6690 -32.1627 16.0141 1650410902759 327420.0000 -0.1969
-25.3159 79.6922 -32.7611 18.8520 1650410902788 327448.5000 -0.1971
-25.3454 79.9476 -33.7038 18.5252 1650410902818 327478.0000 -0.1974
-25.4177 79.7283 -34.2591 13.2980 1650410902846 327507.0000 -0.1974
-25.2148 79.8051 -35.1918 14.8500 1650410902875 327536.0000 -0.1974
-25.6415 80.1160 -35.3917 19.4615 1650410902904 327565.0000 -0.1976
-25.6256 79.6928 -35.7566 17.4372 1650410902933 327594.0000 -0.1979
-25.6407 79.8593 -36.2765 18.9378 1650410902962 327623.0000 -0.1979
-25.6578 79.7876 -36.4363 23.2146 1650410902991 327652.0000 -0.1974
-25.5426 79.9257 -36.3812 19.2964 1650410903020 327681.0000 -0.1976
-25.9598 80.0627 -35.9471 18.2253 1650410903049 327709.7500 -0.1979
-25.7556 79.9929 -35.5381 17.0176 1650410903078 327738.7500 -0.1979
-25.9428 80.0664 -35.2008 20.4865 1650410903106 327767.7500 -0.1979
-25.9311 80.3768 -34.3060 21.3506 1650410903135 327796.5000 -0.1979
-25.3112 79.6682 -34.2595 21.0540 1650410903164 327825.5000 -0.1979
-25.1956 79.8624 -33.5139 26.3046 1650410903194 327854.5000 -0.1979
-24.8292 79.4553 -32.7332 19.2511 1650410903223 327883.0000 -0.1979
-25.0458 79.7475 -31.7740 19.1333 1650410903252 327912.2500 -0.1979
-24.6096 79.4919 -30.9069 16.6312 1650410903281 327941.5000 -0.1976
-25.0360 79.9270 -29.8152 14.7768 1650410903310 327970.5000 -0.1974
-24.6319 79.5608 -29.2110 13.0824 1650410903339 327999.5000 -0.1974
-24.8193 79.6837 -28.5644 14.8985 1650410903367 328028.5000 -0.1974
-24.7093 79.8713 -27.7124 14.0894 1650410903397 328057.5000 -0.1974
-24.8548 79.8677 -27.2862 16.1287 1650410903425 328086.5000 -0.1974
-24.7928 79.8727 -26.8264 14.5070 1650410903454 328115.5000 -0.1974
-24.9445 80.2074 -26.5464 15.1825 1650410903483 328143.5000 -0.1974
-24.7764 79.6967 -26.8428 12.6277 1650410903512 328173.5000 -0.1971
-24.6290 79.6548 -26.8458 12.4619 1650410903541 328202.5000 -0.1969
-24.7244 79.6328 -27.1030 12.5887 1650410903570 328232.2500 -0.1969
-25.6191 80.2761 -27.0214 15.1722 1650410903600 328260.5000 -0.1969
-25.3983 80.1871 -27.9100 19.5503 1650410903629 328289.5000 -0.1973
-25.1636 80.0181 -28.3068 14.3793 1650410903658 328318.5000 -0.1974
-24.8777 79.6695 -29.5694 12.4334 1650410903686 328347.5000 -0.1974
-25.3233 80.1738 -30.0856 15.0419 1650410903716 328376.5000 -0.1974
-25.0216 79.5561 -31.4137 19.3529 1650410903744 328405.2500 -0.1974
-25.1214 79.8193 -32.1820 17.2248 1650410903773 328434.2500 -0.1974
-25.2736 79.7043 -33.2136 19.5106 1650410903802 328463.2500 -0.1976
-25.1395 79.9188 -33.8305 16.8599 1650410903831 328492.0000 -0.1979
-25.2277 79.6102 -34.8097 12.1972 1650410903860 328521.0000 -0.1979
-25.3019 80.0649 -35.1232 15.0311 1650410903889 328550.0000 -0.1979
-25.6581 79.6244 -35.6349 17.1314 1650410903918 328579.0000 -0.1979
-25.6596 79.7965 -35.9587 12.9014 1650410903947 328608.0000 -0.1979
-25.1715 79.5778 -36.6410 17.2531 1650410903977 328637.0000 -0.1979
-25.5847 79.7264 -36.3402 15.0928 1650410904005 328665.0000 -0.1979
-25.5587 79.7576 -36.4370 18.7879 1650410904034 328695.0000 -0.1979
-25.9367 80.0389 -35.8088 20.3170 1650410904063 328724.0000 -0.1979
-26.1733 80.3837 -35.2133 20.4598 1650410904092 328753.0000 -0.1979
-26.0081 80.3337 -34.7704 22.9481 1650410904121 328782.0000 -0.1979
-25.7397 80.1748 -34.3204 20.6673 1650410904150 328810.7500 -0.1979
-25.3751 79.6175 -33.8840 16.0700 1650410904179 328839.7500 -0.1976
-25.1264 79.8039 -33.2837 19.5152 1650410904208 328868.7500 -0.1974
-24.7711 79.3729 -32.5620 16.8076 1650410904237 328898.7500 -0.1974
-25.0354 79.9596 -31.2757 16.1469 1650410904265 328927.7500 -0.1974
-24.7509 79.5956 -30.5132 16.5015 1650410904295 328955.5000 -0.1971
-24.8230 79.8078 -29.6781 18.3901 1650410904324 328984.2500 -0.1969
-24.9221 79.7794 -28.8102 22.9817 1650410904353 329013.5000 -0.1969
-24.9836 80.1093 -27.9897 15.7036 1650410904382 329042.5000 -0.1969
-24.8046 79.9895 -27.5778 11.3785 1650410904411 329071.5000 -0.1973
-24.9681 79.8827 -27.1236 16.7396 1650410904440 329100.5000 -0.1974
-25.0661 79.8894 -26.7109 18.4217 1650410904469 329129.5000 -0.1974
-25.0728 80.2773 -26.3687 9.4588 1650410904498 329158.5000 -0.1974
-24.8848 79.9754 -26.7156 15.9809 1650410904527 329187.5000 -0.1974
-25.0025 80.1825 -26.6529 11.9024 1650410904556 329216.5000 -0.1974
-25.1293 79.8347 -26.9882 10.1196 1650410904584 329245.5000 -0.1976
-25.5297 80.4036 -27.4780 19.6542 1650410904613 329274.5000 -0.1979
-25.2192 79.9898 -28.0890 17.3729 1650410904642 329303.5000 -0.1979
-25.0485 79.9032 -28.5578 16.3348 1650410904671 329332.5000 -0.1979
-24.6773 79.4123 -30.3506 11.3023 1650410904700 329361.5000 -0.1979
-25.2289 79.7356 -30.3555 23.8092 1650410904729 329390.5000 -0.1979
-24.9352 79.6588 -31.7564 16.5660 1650410904758 329419.2500 -0.1979
-25.4947 79.9692 -32.1849 20.1478 1650410904788 329447.5000 -0.1979
-24.9700 79.5232 -33.6479 14.6844 1650410904817 329477.5000 -0.1979
-25.1701 79.6385 -34.1146 15.8594 1650410904845 329506.2500 -0.1979
-25.0918 79.5304 -35.1502 12.1460 1650410904875 329535.2500 -0.1979
-25.6222 80.0279 -35.1487 15.7690 1650410904903 329564.2500 -0.1983
-25.5655 79.5807 -35.7389 13.3513 1650410904932 329593.2500 -0.1984
-25.3897 79.5316 -36.2036 14.8990 1650410904961 329622.0000 -0.1980
-25.5574 79.7692 -36.2677 16.4381 1650410904990 329651.0000 -0.1979
-25.4421 79.6611 -36.4883 15.8680 1650410904997 329658.0000 -0.1979
