-7.4125 78.0818 -36.2995 0.0000 1650400901657 2282647.0000 -0.1990
-7.3789 78.0134 -36.2947 0.0000 1650400901686 2282675.7500 -0.1989
-7.2951 77.8295 -36.3216 0.0000 1650400901715 2282704.2500 -0.1989
-7.2082 77.8820 -36.3521 0.0000 1650400901744 2282733.2500 -0.1989
-7.3441 77.9775 -36.3328 0.0000 1650400901773 2282762.7500 -0.1989
-7.2531 77.8735 -36.3166 0.0000 1650400901802 2282791.0000 -0.1989
-7.2381 77.8002 -36.3578 0.0000 1650400901831 2282820.5000 -0.1989
-7.1703 77.9389 -36.3595 0.0000 1650400901860 2282849.5000 -0.1989
-7.0889 77.8011 -36.3664 0.0000 1650400901888 2282878.5000 -0.1990
-7.3774 77.9216 -36.3010 0.0000 1650400901918 2282907.5000 -0.1994
-7.2728 77.8534 -36.2979 0.0000 1650400901946 2282936.5000 -0.1994
-7.3630 77.9751 -36.3455 0.0000 1650400901975 2282965.5000 -0.1999
-7.2479 77.9471 -36.3100 0.0000 1650400902004 2282994.5000 -0.1999
-7.3190 77.8436 -36.5078 0.0000 1650400902033 2283023.5000 -0.1999
-7.4306 78.1305 -36.2922 0.0000 1650400902062 2283052.5000 -0.1999
-7.3530 78.0320 -36.3065 0.0000 1650400902092 2283081.5000 -0.1999
-7.3936 78.0028 -36.4634 0.0000 1650400902121 2283110.5000 -0.1999
-7.5013 78.1548 -36.3640 0.0000 1650400902150 2283139.5000 -0.1999
-7.4679 78.1223 -36.4009 0.0000 1650400902179 2283168.5000 -0.1999
-7.5051 78.0613 -36.2930 0.0000 1650400902207 2283197.5000 -0.1999
-7.5438 78.1421 -36.4214 0.0000 1650400902237 2283227.7500 -0.1999
-7.5963 78.2116 -36.3958 0.0000 1650400902265 2283256.2500 -0.1999
-7.4669 78.1873 -36.4894 0.0000 1650400902294 2283284.5000 -0.1999
-7.5389 78.2931 -36.4222 0.0000 1650400902323 2283313.5000 -0.1999
-7.4156 78.2305 -36.4518 0.0000 1650400902352 2283342.5000 -0.1999
-7.4558 78.1558 -36.4881 0.0000 1650400902381 2283371.2500 -0.1995
-7.4147 78.2002 -36.4613 0.0000 1650400902410 2283400.2500 -0.1994
-7.4377 78.1903 -36.4273 0.0000 1650400902439 2283429.2500 -0.1994
-7.3442 78.1177 -36.5274 0.0000 1650400902468 2283458.2500 -0.1994
-7.4331 78.2717 -36.3573 0.0000 1650400902498 2283488.0000 -0.1990
-7.4584 78.1734 -36.4401 0.0000 1650400902526 2283516.0000 -0.1989
-7.3601 78.1804 -36.3798 0.0000 1650400902555 2283545.0000 -0.1989
-7.4193 78.1064 -36.4514 0.0000 1650400902584 2283573.5000 -0.1989
-7.4189 78.0693 -36.4031 0.0000 1650400902613 2283603.0000 -0.1993
-7.3359 78.0553 -36.3867 0.0000 1650400902642 2283632.0000 -0.1994
-7.4187 78.0672 -36.4203 0.0000 1650400902671 2283661.0000 -0.1994
-7.2934 77.9680 -36.3526 0.0000 1650400902700 2283690.0000 -0.1994
-7.3678 77.9956 -36.3795 0.0000 1650400902729 2283719.0000 -0.1994
-7.2835 77.9423 -36.3846 0.0000 1650400902758 2283748.0000 -0.1994
-7.4374 77.9647 -36.3981 0.0000 1650400902786 2283777.0000 -0.1995
-7.4454 78.0968 -36.3382 0.0000 1650400902816 2283805.7500 -0.1999
-7.5137 78.0265 -36.3322 0.0000 1650400902845 2283834.7500 -0.1999
-7.4011 77.9199 -36.2672 0.0000 1650400902874 2283863.7500 -0.1999
-7.3368 77.9391 -36.4503 0.0000 1650400902903 2283892.7500 -0.1999
-7.4139 78.0321 -36.3331 0.0000 1650400902932 2283921.5000 -0.1999
-7.4803 78.0429 -36.3591 0.0000 1650400902961 2283950.5000 -0.1999
-7.4711 78.1338 -36.3340 0.0000 1650400902990 2283979.5000 -0.1999
-7.5970 78.1030 -36.3643 0.0000 1650400903019 2284011.2500 -0.1999
-7.4104 78.0899 -36.4104 0.0000 1650400903048 2284037.5000 -0.1999
-7.5684 78.1239 -36.3427 0.0000 1650400903077 2284066.5000 -0.1999
-7.6150 78.2713 -36.3849 0.0000 1650400903105 2284095.5000 -0.1999
-7.5484 78.1029 -36.5017 0.0000 1650400903134 2284124.5000 -0.1999
-7.6364 78.2270 -36.3871 0.0000 1650400903163 2284153.5000 -0.1999
-7.6919 78.2590 -36.4187 0.0000 1650400903192 2284182.5000 -0.1999
-7.7660 78.3595 -36.3781 0.0000 1650400903221 2284211.5000 -0.1995
-7.7283 78.3317 -36.3760 0.0000 1650400903251 2284241.7500 -0.1994
-7.6547 78.1786 -36.4794 0.0000 1650400903280 2284270.7500 -0.1994
-7.6193 78.3776 -36.3917 0.0000 1650400903309 2284298.5000 -0.1994
-7.4250 78.1562 -36.4942 0.0000 1650400903338 2284328.7500 -0.1994
-7.5353 78.2882 -36.3836 0.0000 1650400903366 2284356.5000 -0.1994
-7.6245 78.4030 -36.3933 0.0000 1650400903396 2284385.5000 -0.1994
-7.4670 78.2178 -36.4374 0.0000 1650400903424 2284414.5000 -0.1994
-7.4821 78.1854 -36.3726 0.0000 1650400903453 2284443.5000 -0.1994
-7.4421 78.0843 -36.3719 0.0000 1650400903482 2284472.5000 -0.1994
-7.3997 78.1053 -36.3574 0.0000 1650400903511 2284501.2500 -0.1994
-7.4024 78.1328 -36.3266 0.0000 1650400903540 2284530.2500 -0.1994
-7.4827 78.1106 -36.4267 0.0000 1650400903569 2284559.2500 -0.1994
-7.4747 78.1957 -36.2928 0.0000 1650400903598 2284588.0000 -0.1994
-7.4926 78.1184 -36.2631 0.0000 1650400903627 2284617.0000 -0.1994
-7.4807 78.1630 -36.2889 0.0000 1650400903657 2284646.0000 -0.1998
-7.3991 78.0323 -36.4151 0.0000 1650400903685 2284675.0000 -0.1999
-7.6455 78.2013 -36.2260 0.0000 1650400903714 2284704.0000 -0.1999
-7.4733 78.1225 -36.3799 0.0000 1650400903743 2284733.0000 -0.1999
-7.5795 78.1419 -36.2655 0.0000 1650400903772 2284763.0000 -0.1999
-7.5412 78.1441 -36.3077 0.0000 1650400903801 2284792.2500 -0.1999
-7.4937 78.0150 -36.4091 0.0000 1650400903830 2284820.0000 -0.1999
-7.5379 78.1363 -36.3793 0.0000 1650400903859 2284849.0000 -0.1999
-7.5120 78.0933 -36.3571 0.0000 1650400903888 2284878.0000 -0.1999
-7.6154 78.1959 -36.4182 0.0000 1650400903917 2284906.7500 -0.1999
-7.6716 78.2517 -36.2773 0.0000 1650400903945 2284935.7500 -0.1995
-7.4921 78.1571 -36.4100 0.0000 1650400903975 2284964.7500 -0.1994
-7.5569 78.1189 -36.4930 0.0000 1650400904004 2284993.7500 -0.1994
-7.7799 77.7878 -35.4729 0.0000 1650400904033 2285027.0000 -0.1994
-8.3296 78.4486 -34.3799 0.0000 1650400904062 2285051.2500 -0.1994
-7.9902 78.6716 -33.7856 0.0000 1650400904091 2285080.5000 -0.1994
-7.6337 78.5722 -33.4326 0.0000 1650400904120 2285109.5000 -0.1994
-7.3779 78.2241 -32.9397 0.0000 1650400904149 2285138.5000 -0.1994
-7.5096 78.3280 -32.3456 0.0000 1650400904178 2285167.5000 -0.1994
-7.3219 78.2004 -32.0597 0.0000 1650400904207 2285196.5000 -0.1994
-7.1539 78.1065 -31.9591 0.0000 1650400904236 2285225.5000 -0.1994
-7.3839 78.4272 -31.8101 0.0000 1650400904264 2285254.5000 -0.1994
-7.5009 78.5913 -31.8217 0.0000 1650400904294 2285283.5000 -0.1990
-7.3126 78.4756 -31.8969 0.0000 1650400904322 2285312.5000 -0.1989
-7.3643 78.4560 -32.2216 0.0000 1650400904351 2285341.5000 -0.1990
-7.1652 78.4461 -32.8748 0.0000 1650400904380 2285370.5000 -0.1994
-7.4122 78.2590 -33.3696 0.0000 1650400904410 2285399.5000 -0.1998
-7.3011 78.3115 -34.1908 0.0000 1650400904439 2285428.5000 -0.1999
-7.4157 78.6665 -35.1037 0.0000 1650400904468 2285457.5000 -0.1999
-7.5676 78.6768 -36.0624 0.0000 1650400904497 2285486.5000 -0.1999
-7.7245 79.0066 -36.8136 0.0000 1650400904525 2285515.5000 -0.1999
-7.6604 78.8385 -37.8126 0.0000 1650400904555 2285548.2500 -0.1999
-7.6754 78.8574 -38.5458 0.0000 1650400904583 2285573.0000 -0.1999
-7.7677 78.8286 -39.3322 0.0000 1650400904612 2285602.5000 -0.1999
-7.7395 78.8815 -39.9789 0.0000 1650400904641 2285631.2500 -0.1999
-7.6359 78.8826 -40.3684 0.0000 1650400904670 2285660.2500 -0.1999
-7.4932 78.7489 -40.9932 0.0000 1650400904699 2285689.2500 -0.1999
-7.5714 78.7012 -41.4382 0.0000 1650400904728 2285718.0000 -0.1999
-7.3700 78.6130 -41.4110 0.0000 1650400904757 2285747.0000 -0.1999
-7.5056 78.6880 -41.2403 0.0000 1650400904786 2285777.2500 -0.1999
-7.4916 78.5785 -41.0976 0.0000 1650400904816 2285807.5000 -0.1999
-7.8256 78.4844 -40.5285 0.0000 1650400904844 2285834.0000 -0.1995
-7.9227 78.2718 -40.2887 0.0000 1650400904874 2285863.0000 -0.1994
-7.9306 78.5420 -39.7559 0.0000 1650400904902 2285891.7500 -0.1990
-8.1268 78.3720 -39.1550 0.0000 1650400904931 2285921.0000 -0.1989
-7.7351 78.3945 -38.5027 0.0000 1650400904960 2285950.0000 -0.1989
-7.9130 78.5324 -37.5731 0.0000 1650400904989 2285979.0000 -0.1989
-7.6878 78.3259 -36.8008 0.0000 1650400905018 2286008.0000 -0.1985
-7.8299 78.5168 -35.6945 0.0000 1650400905047 2286036.7500 -0.1984
-7.2956 78.2603 -35.0839 0.0000 1650400905076 2286065.7500 -0.1984
-7.5212 78.2719 -34.1222 0.0000 1650400905105 2286094.7500 -0.1984
-7.3912 78.1864 -33.4623 0.0000 1650400905134 2286123.5000 -0.1985
-7.2025 78.2252 -32.9657 0.0000 1650400905162 2286152.5000 -0.1984
-7.2106 78.2374 -32.3948 0.0000 1650400905192 2286181.5000 -0.1988
-7.0322 78.1776 -31.9610 0.0000 1650400905221 2286210.5000 -0.1989
-7.1841 78.1651 -31.7451 0.0000 1650400905250 2286239.5000 -0.1989
-7.1509 78.4116 -31.7958 0.0000 1650400905279 2286268.5000 -0.1989
-7.1186 78.4447 -31.8445 0.0000 1650400905308 2286298.7500 -0.1989
-7.1089 78.2722 -32.0962 0.0000 1650400905337 2286329.2500 -0.1989
-7.1049 78.4955 -32.6198 0.0000 1650400905366 2286355.5000 -0.1989
-7.1198 78.5000 -33.0739 0.0000 1650400905395 2286384.5000 -0.1994
-7.3529 78.3158 -33.6681 0.0000 1650400905423 2286413.5000 -0.1994
-7.3606 78.5638 -34.6010 0.0000 1650400905453 2286442.5000 -0.1994
-7.6590 78.5323 -35.4169 0.0000 1650400905481 2286471.5000 -0.1994
-7.5818 78.6387 -36.4722 0.0000 1650400905510 2286500.5000 -0.1994
-7.7698 78.6691 -37.0751 0.0000 1650400905539 2286529.5000 -0.1994
-7.6248 78.7410 -38.2076 0.0000 1650400905568 2286562.7500 -0.1998
-7.7316 78.7099 -38.7637 0.0000 1650400905598 2286587.0000 -0.1999
-7.6135 78.7303 -39.5946 0.0000 1650400905627 2286616.5000 -0.1994
-7.6290 78.7780 -40.1921 0.0000 1650400905656 2286646.7500 -0.1994
-7.6578 78.7655 -40.4949 0.0000 1650400905685 2286674.5000 -0.1994
-7.6934 78.7224 -41.1435 0.0000 1650400905714 2286703.5000 -0.1994
-7.6901 78.9541 -41.3455 0.0000 1650400905742 2286732.2500 -0.1990
-7.6566 78.8705 -41.3743 0.0000 1650400905771 2286761.2500 -0.1989
-7.8725 78.9819 -41.1776 0.0000 1650400905800 2286790.2500 -0.1989
-7.8632 78.8457 -40.9503 0.0000 1650400905829 2286819.0000 -0.1989
-8.1502 78.5731 -40.4683 0.0000 1650400905858 2286848.0000 -0.1989
-8.1664 78.8230 -39.9384 0.0000 1650400905887 2286877.0000 -0.1989
-8.3177 78.7987 -39.4013 0.0000 1650400905916 2286906.0000 -0.1985
-8.2272 78.7107 -38.8304 0.0000 1650400905945 2286935.0000 -0.1984
-7.8774 78.5988 -38.0963 0.0000 1650400905975 2286964.0000 -0.1988
-7.8994 78.5287 -37.2445 0.0000 1650400906003 2286993.0000 -0.1989
-7.3999 78.1213 -36.5947 0.0000 1650400906033 2287022.0000 -0.1989
-7.4733 78.2061 -35.4767 0.0000 1650400906061 2287051.0000 -0.1989
-7.0556 78.0044 -34.8211 0.0000 1650400906090 2287082.7500 -0.1989
-7.3973 78.2678 -33.8248 0.0000 1650400906119 2287108.7500 -0.1989
-6.9583 78.0650 -33.4106 0.0000 1650400906148 2287137.7500 -0.1989
-7.0011 78.0812 -32.6493 0.0000 1650400906177 2287166.7500 -0.1994
-7.2572 78.1731 -32.2274 0.0000 1650400906206 2287195.7500 -0.1994
-7.0305 78.1147 -31.8947 0.0000 1650400906235 2287224.7500 -0.1994
-7.0992 78.2069 -31.6909 0.0000 1650400906264 2287253.5000 -0.1994
-7.1395 78.5199 -31.8372 0.0000 1650400906293 2287282.5000 -0.1994
-7.1601 78.4348 -31.7718 0.0000 1650400906321 2287311.5000 -0.1994
-7.1094 78.1427 -32.1968 0.0000 1650400906351 2287343.0000 -0.1994
-6.9116 78.5727 -32.8763 0.0000 1650400906380 2287369.5000 -0.1994
-7.1207 78.5555 -33.1015 0.0000 1650400906409 2287400.0000 -0.1994
-7.5826 78.4234 -33.8297 0.0000 1650400906438 2287427.0000 -0.1994
-7.3346 78.8326 -34.7515 0.0000 1650400906467 2287456.5000 -0.1994
-7.5427 78.4194 -35.5975 0.0000 1650400906496 2287485.5000 -0.1994
-7.6018 78.7749 -36.7022 0.0000 1650400906525 2287514.5000 -0.1994
-7.6868 78.7803 -37.4140 0.0000 1650400906554 2287543.5000 -0.1994
-7.7242 78.8458 -38.2797 0.0000 1650400906582 2287572.5000 -0.1998
-7.8435 78.7689 -38.9416 0.0000 1650400906612 2287601.5000 -0.1999
-7.5841 78.7356 -39.8886 0.0000 1650400906640 2287630.5000 -0.1995
-7.5894 78.7390 -40.2896 0.0000 1650400906669 2287659.5000 -0.1994
-7.6878 78.8375 -40.6273 0.0000 1650400906698 2287688.5000 -0.1994
-7.5137 78.7255 -41.4154 0.0000 1650400906728 2287717.5000 -0.1994
-7.8499 78.9475 -41.2280 0.0000 1650400906757 2287746.5000 -0.1990
-7.8600 79.0200 -41.2399 0.0000 1650400906786 2287775.5000 -0.1989
-7.9125 79.1202 -41.1796 0.0000 1650400906815 2287804.5000 -0.1993
-8.1930 78.8439 -40.6802 0.0000 1650400906844 2287834.7500 -0.1994
-8.3444 78.8479 -40.0580 0.0000 1650400906873 2287863.2500 -0.1994
-8.3670 78.9695 -39.7029 0.0000 1650400906901 2287891.2500 -0.1994
-8.2815 78.4062 -39.3986 0.0000 1650400906931 2287920.2500 -0.1994
-8.3709 78.7810 -38.5162 0.0000 1650400906959 2287949.0000 -0.1994
-8.1275 78.7277 -37.7959 0.0000 1650400906988 2287978.0000 -0.1998
-7.9941 78.4856 -36.9494 0.0000 1650400907017 2288007.0000 -0.1999
-7.4310 78.0856 -36.1147 0.0000 1650400907046 2288036.0000 -0.1999
-7.4065 78.0013 -35.2402 0.0000 1650400907075 2288065.0000 -0.1999
-7.2648 78.0787 -34.4345 0.0000 1650400907104 2288095.0000 -0.1999
-7.1784 78.0782 -33.6480 0.0000 1650400907134 2288124.2500 -0.1999
-6.7516 77.7127 -33.0623 0.0000 1650400907163 2288152.0000 -0.1999
-7.2226 78.0840 -32.2676 0.0000 1650400907192 2288183.7500 -0.1999
-6.9973 78.2559 -31.9782 0.0000 1650400907220 2288210.0000 -0.1999
-6.8626 78.0056 -31.8073 0.0000 1650400907249 2288239.0000 -0.1999
-7.1068 78.1172 -31.5559 0.0000 1650400907278 2288267.7500 -0.1999
-7.0527 78.3207 -31.5253 0.0000 1650400907307 2288296.7500 -0.1999
-7.0834 78.3460 -31.8708 0.0000 1650400907336 2288325.7500 -0.1999
-7.1827 78.3844 -32.2611 0.0000 1650400907365 2288354.5000 -0.1995
-7.2362 78.7126 -32.8368 0.0000 1650400907394 2288383.5000 -0.1994
-7.4334 78.5639 -33.2190 0.0000 1650400907423 2288412.5000 -0.1994
-7.4711 78.5259 -34.0182 0.0000 1650400907452 2288441.5000 -0.1994
-7.6197 78.9792 -34.8664 0.0000 1650400907480 2288470.5000 -0.1990
-7.7494 78.7506 -35.7919 0.0000 1650400907511 2288499.5000 -0.1989
-7.8510 78.9244 -36.7678 0.0000 1650400907539 2288528.5000 -0.1989
-7.7442 79.0082 -37.7157 0.0000 1650400907568 2288557.5000 -0.1989
-7.8400 78.9793 -38.4876 0.0000 1650400907597 2288586.5000 -0.1989
-7.8590 78.9847 -39.2071 0.0000 1650400907626 2288616.7500 -0.1989
-7.7491 78.9619 -39.9975 0.0000 1650400907655 2288645.7500 -0.1989
-7.6916 78.9523 -40.2993 0.0000 1650400907684 2288673.5000 -0.1989
-7.8736 79.0181 -40.7987 0.0000 1650400907713 2288702.5000 -0.1993
-7.7908 79.0253 -41.2820 0.0000 1650400907742 2288731.5000 -0.1994
-7.7118 78.9511 -41.3807 0.0000 1650400907771 2288760.5000 -0.1994
-7.7390 78.8385 -41.2332 0.0000 1650400907799 2288789.5000 -0.1994
-7.8965 79.0239 -41.1043 0.0000 1650400907828 2288818.5000 -0.1994
-8.3220 78.9203 -40.5264 0.0000 1650400907857 2288849.0000 -0.1999
-8.4295 78.8919 -39.8604 0.0000 1650400907887 2288877.2500 -0.1999
-8.2631 78.7639 -39.5571 0.0000 1650400907916 2288905.5000 -0.1999
-8.3822 78.4814 -39.0035 0.0000 1650400907945 2288936.0000 -0.1999
-8.3917 78.7516 -38.1121 0.0000 1650400907974 2288964.2500 -0.1999
-7.9663 78.5080 -37.4878 0.0000 1650400908003 2288992.2500 -0.1999
-7.8062 78.2242 -36.6924 0.0000 1650400908032 2289021.2500 -0.1999
-7.6137 78.2324 -35.7091 0.0000 1650400908060 2289050.0000 -0.1999
-7.2599 77.9927 -34.9321 0.0000 1650400908090 2289079.0000 -0.2004
-7.2502 78.1050 -34.0428 0.0000 1650400908118 2289108.0000 -0.2004
-7.0486 77.9259 -33.4679 0.0000 1650400908147 2289137.0000 -0.2004
-6.8717 77.8728 -32.7840 0.0000 1650400908176 2289166.0000 -0.2004
-7.1143 77.9583 -32.2281 0.0000 1650400908205 2289195.0000 -0.1999
-7.0983 78.1087 -31.7386 0.0000 1650400908234 2289224.0000 -0.1999
-6.9633 78.0092 -31.6633 0.0000 1650400908263 2289253.0000 -0.1999
-7.2187 78.4234 -31.5509 0.0000 1650400908293 2289282.0000 -0.1999
-7.2182 78.4240 -31.6482 0.0000 1650400908322 2289311.0000 -0.1995
-7.4779 78.4400 -31.7795 0.0000 1650400908351 2289340.0000 -0.1994
-7.2864 78.6044 -32.3566 0.0000 1650400908379 2289370.5000 -0.1994
-7.3932 78.7897 -32.7556 0.0000 1650400908409 2289396.7500 -0.1994
-7.5174 78.5527 -33.3830 0.0000 1650400908437 2289426.7500 -0.1994
-7.6528 78.7624 -34.4449 0.0000 1650400908466 2289455.7500 -0.1994
-7.9354 78.9341 -35.1024 0.0000 1650400908495 2289484.5000 -0.1994
-7.8023 79.0727 -36.2368 0.0000 1650400908524 2289513.5000 -0.1994
-7.7826 78.9475 -37.0051 0.0000 1650400908553 2289542.5000 -0.1994
-7.7778 79.1211 -38.0977 0.0000 1650400908582 2289571.5000 -0.1994
-7.7437 78.9398 -38.7123 0.0000 1650400908611 2289600.5000 -0.1994
-7.8794 79.0849 -39.5311 0.0000 1650400908640 2289629.2500 -0.1994
-7.6418 78.9000 -40.0883 0.0000 1650400908669 2289658.0000 -0.1994
-7.8062 78.9028 -40.4793 0.0000 1650400908698 2289687.5000 -0.1994
-7.9006 78.9766 -41.0428 0.0000 1650400908727 2289717.7500 -0.1994
-7.6863 78.7803 -41.4183 0.0000 1650400908756 2289745.5000 -0.1998
-7.7689 78.9973 -41.2693 0.0000 1650400908785 2289774.5000 -0.1999
-8.0479 78.9962 -41.1605 0.0000 1650400908814 2289803.5000 -0.1999
-8.1262 78.9617 -40.8594 0.0000 1650400908843 2289832.5000 -0.1999
-8.2569 78.8466 -40.3439 0.0000 1650400908872 2289861.5000 -0.2002
-8.2952 78.7446 -39.8942 0.0000 1650400908901 2289890.5000 -0.2004
-8.1205 78.4272 -39.5262 0.0000 1650400908930 2289919.5000 -0.2004
-8.2105 78.2902 -38.8319 0.0000 1650400908958 2289948.5000 -0.2004
-7.9112 78.4580 -38.0361 0.0000 1650400908988 2289977.5000 -0.2004
-7.8883 78.2705 -37.2522 0.0000 1650400909016 2290006.5000 -0.2004
-7.2149 77.8475 -36.4767 0.0000 1650400909045 2290035.5000 -0.2000
-7.5338 78.0450 -35.4253 0.0000 1650400909074 2290064.2500 -0.1999
-7.0681 77.9097 -34.6935 0.0000 1650400909104 2290093.2500 -0.1999
-7.3437 77.9635 -33.8044 0.0000 1650400909133 2290122.2500 -0.1999
-7.0172 77.9491 -33.0252 0.0000 1650400909162 2290152.2500 -0.1999
-7.0590 77.9836 -32.5252 0.0000 1650400909191 2290181.2500 -0.1999
-6.9667 77.9938 -32.0201 0.0000 1650400909220 2290209.0000 -0.1995
-6.8904 77.9505 -31.6796 0.0000 1650400909249 2290238.0000 -0.1994
-7.2212 78.2979 -31.5337 0.0000 1650400909277 2290267.0000 -0.1994
-7.2148 78.2874 -31.6529 0.0000 1650400909306 2290296.0000 -0.1994
-7.3122 78.4252 -31.6902 0.0000 1650400909335 2290325.0000 -0.1994
-7.5152 78.6199 -31.9558 0.0000 1650400909364 2290354.0000 -0.1994
-7.2851 78.7508 -32.5451 0.0000 1650400909393 2290383.0000 -0.1994
-7.4251 78.6959 -33.0378 0.0000 1650400909422 2290414.7500 -0.1994
-7.6645 78.4876 -33.5368 0.0000 1650400909451 2290440.7500 -0.1995
-7.7587 79.0391 -34.6167 0.0000 1650400909481 2290470.0000 -0.1999
-7.8830 78.8212 -35.3846 0.0000 1650400909510 2290500.0000 -0.1999
-7.8317 79.2539 -36.4996 0.0000 1650400909538 2290527.7500 -0.1999
-7.9085 79.0245 -37.2389 0.0000 1650400909568 2290556.7500 -0.2000
-7.8408 78.9613 -38.2700 0.0000 1650400909596 2290585.5000 -0.2004
-7.7978 78.7844 -38.9156 0.0000 1650400909625 2290614.5000 -0.2004
-7.5893 78.8820 -39.9361 0.0000 1650400909654 2290643.5000 -0.2004
-7.7823 78.9310 -40.2237 0.0000 1650400909683 2290672.5000 -0.2004
-7.8631 78.9175 -40.7408 0.0000 1650400909712 2290701.5000 -0.2004
-7.7261 78.9109 -41.1805 0.0000 1650400909741 2290730.5000 -0.2004
-7.6739 78.7103 -41.3081 0.0000 1650400909770 2290759.5000 -0.2004
-7.7882 78.8305 -41.3325 0.0000 1650400909799 2290788.5000 -0.2004
-7.9933 79.0221 -41.0781 0.0000 1650400909828 2290817.5000 -0.2004
-8.1210 78.7607 -40.7747 0.0000 1650400909857 2290846.5000 -0.2004
-8.2519 78.6010 -40.2238 0.0000 1650400909886 2290875.5000 -0.2000
-8.0467 78.5411 -39.8021 0.0000 1650400909915 2290904.5000 -0.1999
-8.1585 78.1835 -39.2980 0.0000 1650400909944 2290937.7500 -0.1999
-8.1491 78.2608 -38.5289 0.0000 1650400909973 2290962.0000 -0.1999
-7.6650 78.2090 -37.8914 0.0000 1650400910002 2290991.5000 -0.1995
-8.0586 78.3073 -36.9166 0.0000 1650400910031 2291020.5000 -0.1994
-7.2843 77.8236 -36.1878 0.0000 1650400910060 2291049.5000 -0.1994
-7.2476 77.8264 -35.2279 0.0000 1650400910089 2291078.5000 -0.1994
-7.0545 77.8936 -34.4274 0.0000 1650400910117 2291107.5000 -0.1994
-7.2823 77.9694 -33.5771 0.0000 1650400910147 2291136.5000 -0.1994
-7.0525 77.8722 -32.9237 0.0000 1650400910175 2291165.2500 -0.1994
-7.2329 78.1374 -32.3948 0.0000 1650400910204 2291197.0000 -0.1994
-7.1551 78.0952 -31.8745 0.0000 1650400910234 2291223.2500 -0.1994
-7.0531 78.0857 -31.7139 0.0000 1650400910263 2291255.2500 -0.1994
-7.1556 78.1747 -31.5478 0.0000 1650400910292 2291280.7500 -0.1998
-7.3437 78.5367 -31.5412 0.0000 1650400910321 2291310.0000 -0.1999
-7.5904 78.5918 -31.6135 0.0000 1650400910350 2291339.0000 -0.1999
-7.7182 78.7400 -32.0058 0.0000 1650400910379 2291368.0000 -0.1999
-7.4917 78.8676 -32.6722 0.0000 1650400910408 2291397.0000 -0.2002
-7.5246 78.6085 -33.2065 0.0000 1650400910436 2291426.0000 -0.2004
-7.7512 78.7046 -33.9760 0.0000 1650400910466 2291455.0000 -0.2004
-7.8422 79.1168 -34.8187 0.0000 1650400910494 2291484.0000 -0.1999
-7.8884 78.8747 -35.8133 0.0000 1650400910523 2291513.0000 -0.1999
-7.8502 79.1323 -36.5837 0.0000 1650400910552 2291542.0000 -0.2002
-7.9510 79.0915 -37.6242 0.0000 1650400910581 2291571.0000 -0.2004
-7.6958 79.0048 -38.4437 0.0000 1650400910610 2291599.7500 -0.2004
-7.9139 79.0539 -39.1182 0.0000 1650400910640 2291628.7500 -0.2004
-7.7032 78.8670 -39.9910 0.0000 1650400910669 2291657.7500 -0.2004
-7.9781 79.0533 -40.2151 0.0000 1650400910698 2291687.7500 -0.2004
-7.8701 79.0032 -40.7579 0.0000 1650400910727 2291718.2500 -0.2004
-7.8743 78.9725 -41.3236 0.0000 1650400910755 2291744.5000 -0.2004
-7.8167 78.8863 -41.2404 0.0000 1650400910784 2291773.5000 -0.2000
-7.9162 78.8449 -41.2430 0.0000 1650400910813 2291802.5000 -0.1999
-7.9393 78.7442 -41.2270 0.0000 1650400910842 2291831.5000 -0.1999
-8.2381 78.6893 -40.5790 0.0000 1650400910871 2291860.5000 -0.1999
-8.1090 78.3834 -40.1563 0.0000 1650400910900 2291889.5000 -0.1999
-7.8810 78.3695 -39.7082 0.0000 1650400910929 2291918.5000 -0.1999
-7.9156 77.9942 -39.1220 0.0000 1650400910958 2291950.2500 -0.1999
-7.8777 78.1376 -38.3703 0.0000 1650400910987 2291976.0000 -0.1999
-7.8388 78.2155 -37.6904 0.0000 1650400911016 2292005.5000 -0.1995
-7.5763 77.9602 -36.7524 0.0000 1650400911046 2292035.7500 -0.1994
-7.3253 77.9182 -35.8710 0.0000 1650400911074 2292063.5000 -0.1998
-7.3469 77.8673 -34.7857 0.0000 1650400911103 2292092.5000 -0.1999
-7.2264 77.8932 -34.1704 0.0000 1650400911132 2292121.5000 -0.1999
-7.1919 77.8969 -33.3199 0.0000 1650400911161 2292150.5000 -0.1999
-7.1086 77.9844 -32.8720 0.0000 1650400911190 2292179.5000 -0.2002
-7.3255 78.1169 -32.1518 0.0000 1650400911219 2292208.5000 -0.2004
-7.2195 78.1275 -31.8702 0.0000 1650400911248 2292237.5000 -0.2004
-7.4093 78.3093 -31.6803 0.0000 1650400911277 2292266.5000 -0.2004
-7.3536 78.5229 -31.6616 0.0000 1650400911306 2292295.2500 -0.2004
-7.5209 78.6022 -31.5964 0.0000 1650400911334 2292324.2500 -0.2004
-7.8180 78.6893 -31.7428 0.0000 1650400911363 2292353.2500 -0.2004
-7.3483 78.7343 -32.5135 0.0000 1650400911393 2292382.2500 -0.2004
-7.5683 78.6951 -32.8102 0.0000 1650400911422 2292411.0000 -0.2004
-7.5592 78.5993 -33.4271 0.0000 1650400911451 2292440.0000 -0.2007
-7.5511 78.7060 -34.4413 0.0000 1650400911480 2292471.7500 -0.2009
-7.7542 78.8189 -35.0686 0.0000 1650400911509 2292497.7500 -0.2009
-7.7567 79.1166 -36.0927 0.0000 1650400911538 2292527.0000 -0.2009
-7.7504 78.9393 -36.8902 0.0000 1650400911567 2292556.0000 -0.2009
-7.9513 79.0281 -37.9042 0.0000 1650400911595 2292585.0000 -0.2009
-7.7808 78.9526 -38.6296 0.0000 1650400911625 2292614.0000 -0.2004
-7.8521 78.9843 -39.4454 0.0000 1650400911653 2292643.0000 -0.2004
-7.7267 79.0293 -40.1379 0.0000 1650400911682 2292672.0000 -0.2004
-7.9417 78.8643 -40.4389 0.0000 1650400911711 2292702.5000 -0.2004
-7.7867 78.7151 -41.0392 0.0000 1650400911740 2292732.0000 -0.2004
-7.9552 79.0334 -41.3018 0.0000 1650400911769 2292758.7500 -0.2004
-8.0591 79.1720 -41.2307 0.0000 1650400911798 2292787.7500 -0.2000
-8.1312 78.8590 -41.2434 0.0000 1650400911828 2292816.2500 -0.1999
-7.9574 78.7016 -40.9991 0.0000 1650400911857 2292845.5000 -0.1999
-7.8657 78.3192 -40.5762 0.0000 1650400911886 2292874.5000 -0.1999
-8.0016 78.2719 -40.0438 0.0000 1650400911914 2292903.5000 -0.1999
-7.9280 78.1852 -39.6114 0.0000 1650400911943 2292932.5000 -0.1999
-8.0081 78.2092 -38.9273 0.0000 1650400911972 2292961.5000 -0.1999
-7.8601 78.3649 -38.1481 0.0000 1650400912001 2292990.5000 -0.1999
-7.6998 78.1057 -37.2277 0.0000 1650400912030 2293019.5000 -0.1999
-7.2617 77.6267 -36.5788 0.0000 1650400912059 2293048.5000 -0.2004
-7.3064 77.7698 -35.5166 0.0000 1650400912088 2293077.5000 -0.2004
-7.0796 77.5560 -34.8095 0.0000 1650400912117 2293106.5000 -0.2004
-7.3338 77.9392 -33.8024 0.0000 1650400912146 2293135.5000 -0.2004
-7.0669 77.7937 -33.1681 0.0000 1650400912175 2293164.5000 -0.2004
-7.1669 78.0295 -32.6688 0.0000 1650400912205 2293193.5000 -0.2005
-7.3708 78.1661 -32.0400 0.0000 1650400912233 2293224.0000 -0.2009
-7.1468 78.1473 -31.7262 0.0000 1650400912262 2293252.0000 -0.2009
-7.4510 78.4004 -31.6183 0.0000 1650400912291 2293280.5000 -0.2009
-7.4538 78.6032 -31.6946 0.0000 1650400912320 2293309.5000 -0.2009
-7.5326 78.5741 -31.8516 0.0000 1650400912349 2293338.5000 -0.2009
-7.9365 78.6036 -31.9710 0.0000 1650400912378 2293367.5000 -0.2009
-7.4242 78.8013 -32.6949 0.0000 1650400912407 2293396.5000 -0.2009
-7.6185 78.5016 -33.0018 0.0000 1650400912436 2293425.2500 -0.2009
-7.4991 78.5460 -33.5535 0.0000 1650400912465 2293454.2500 -0.2005
-7.7450 79.1039 -34.6471 0.0000 1650400912493 2293486.2500 -0.2004
-7.7302 78.7006 -35.3395 0.0000 1650400912523 2293513.2500 -0.2004
-7.8125 79.1794 -36.4088 0.0000 1650400912552 2293541.0000 -0.2004
-7.8975 78.9180 -37.1297 0.0000 1650400912581 2293572.7500 -0.2000
-7.9913 79.2101 -38.1979 0.0000 1650400912610 2293599.0000 -0.1999
-7.9830 79.1637 -38.6799 0.0000 1650400912639 2293628.0000 -0.2002
-7.9374 79.1210 -39.7003 0.0000 1650400912668 2293657.0000 -0.2004
-7.7696 78.8856 -40.1816 0.0000 1650400912697 2293686.0000 -0.2004
-8.0177 78.9050 -40.5041 0.0000 1650400912726 2293715.0000 -0.2004
-7.8942 78.9958 -41.1696 0.0000 1650400912755 2293744.0000 -0.2004
-8.0365 78.9683 -41.2886 0.0000 1650400912784 2293773.0000 -0.2004
-8.0253 78.8502 -41.2255 0.0000 1650400912812 2293802.0000 -0.2004
-8.0057 78.8180 -41.2501 0.0000 1650400912841 2293830.7500 -0.2004
-8.0629 78.6863 -40.7830 0.0000 1650400912870 2293859.7500 -0.2005
-7.9082 78.1349 -40.4598 0.0000 1650400912899 2293888.7500 -0.2009
-7.8412 78.3008 -40.0656 0.0000 1650400912928 2293917.7500 -0.2009
-8.0953 78.2755 -39.4810 0.0000 1650400912957 2293946.5000 -0.2009
-7.7852 78.0314 -38.6587 0.0000 1650400912987 2293975.5000 -0.2009
-7.6359 78.1409 -38.1421 0.0000 1650400913016 2294006.0000 -0.2009
-7.7067 77.9632 -36.9621 0.0000 1650400913045 2294034.7500 -0.2009
-7.0470 77.5009 -36.4869 0.0000 1650400913073 2294062.5000 -0.2009
-7.4304 77.8778 -35.1605 0.0000 1650400913103 2294091.5000 -0.2010
-7.1572 77.8232 -34.5120 0.0000 1650400913131 2294120.5000 -0.2013
-7.1880 77.8506 -33.6119 0.0000 1650400913160 2294149.5000 -0.2013
-6.9280 77.8297 -33.0415 0.0000 1650400913189 2294178.5000 -0.2013
-7.4154 78.1491 -32.3908 0.0000 1650400913218 2294207.5000 -0.2013
-7.3089 78.2179 -32.0750 0.0000 1650400913247 2294238.0000 -0.2013
-7.3112 78.0882 -31.6714 0.0000 1650400913276 2294268.0000 -0.2013
-7.5079 78.5550 -31.7661 0.0000 1650400913305 2294294.5000 -0.2010
-7.4782 78.7335 -31.7654 0.0000 1650400913334 2294323.5000 -0.2009
-7.6794 78.7300 -31.9581 0.0000 1650400913364 2294353.7500 -0.2009
-7.5490 78.9458 -32.2247 0.0000 1650400913392 2294381.5000 -0.2009
-7.2827 78.7194 -32.6780 0.0000 1650400913421 2294410.5000 -0.2005
-7.3931 78.5427 -33.2559 0.0000 1650400913450 2294439.5000 -0.2004
-7.5592 78.5719 -34.0105 0.0000 1650400913479 2294468.5000 -0.2004
-7.7611 79.0070 -34.7929 0.0000 1650400913508 2294497.5000 -0.2004
-7.9876 78.9283 -35.5825 0.0000 1650400913537 2294526.2500 -0.2004
-7.9920 79.2392 -36.5873 0.0000 1650400913566 2294555.2500 -0.2004
-8.1245 79.0118 -37.4178 0.0000 1650400913595 2294584.2500 -0.2004
-7.9824 79.1393 -38.3079 0.0000 1650400913624 2294612.7500 -0.2004
-8.0606 78.9671 -38.9356 0.0000 1650400913652 2294642.0000 -0.2004
-8.1759 79.0956 -39.8738 0.0000 1650400913682 2294671.0000 -0.2004
-8.0560 79.1547 -40.1732 0.0000 1650400913710 2294700.0000 -0.2004
-7.9963 78.8731 -40.7409 0.0000 1650400913740 2294729.0000 -0.2004
-8.0703 79.1755 -41.1390 0.0000 1650400913769 2294758.0000 -0.2005
-7.9763 79.0366 -41.3130 0.0000 1650400913798 2294788.0000 -0.2009
-8.0912 78.9716 -41.2281 0.0000 1650400913827 2294816.0000 -0.2009
-8.0889 78.8684 -41.0772 0.0000 1650400913856 2294845.0000 -0.2009
-7.9279 78.5223 -40.6905 0.0000 1650400913885 2294874.0000 -0.2009
-7.8912 78.2876 -40.2181 0.0000 1650400913914 2294903.0000 -0.2009
-7.7349 78.2105 -39.8908 0.0000 1650400913943 2294931.7500 -0.2009
-7.9316 78.0685 -39.2391 0.0000 1650400913971 2294960.7500 -0.2009
-7.6485 78.1758 -38.5592 0.0000 1650400914000 2294989.7500 -0.2009
-7.4249 77.8630 -37.9506 0.0000 1650400914029 2295019.7500 -0.2009
-7.3849 77.7637 -36.8746 0.0000 1650400914058 2295048.7500 -0.2009
-7.3198 77.7852 -36.0165 0.0000 1650400914087 2295076.5000 -0.2009
-7.3212 77.7091 -35.0029 0.0000 1650400914116 2295106.7500 -0.2009
-7.1264 77.9206 -34.3158 0.0000 1650400914146 2295134.5000 -0.2009
-7.2019 77.9373 -33.6044 0.0000 1650400914175 2295163.5000 -0.2009
-7.0282 78.0077 -32.9336 0.0000 1650400914204 2295192.5000 -0.2009
-7.4617 78.4205 -32.3251 0.0000 1650400914232 2295221.5000 -0.2009
-7.2997 78.1701 -31.9631 0.0000 1650400914262 2295250.5000 -0.2009
-7.2265 78.2169 -31.9002 0.0000 1650400914290 2295279.5000 -0.2009
-7.5124 78.5040 -31.8690 0.0000 1650400914319 2295308.5000 -0.2005
-7.4905 78.6572 -31.7396 0.0000 1650400914348 2295337.5000 -0.2004
-7.7879 78.6593 -31.7908 0.0000 1650400914377 2295366.5000 -0.2004
-7.4442 78.6974 -32.4369 0.0000 1650400914406 2295395.5000 -0.2004
-7.3572 78.6769 -32.8582 0.0000 1650400914435 2295424.5000 -0.2004
-7.5631 78.5940 -33.4537 0.0000 1650400914464 2295453.5000 -0.2004
-7.6017 78.8031 -34.1441 0.0000 1650400914493 2295482.5000 -0.2004
-7.8507 78.8938 -35.0806 0.0000 1650400914522 2295512.7500 -0.2004
-7.9233 78.9605 -35.9765 0.0000 1650400914551 2295541.7500 -0.2004
-7.9431 79.1102 -36.8030 0.0000 1650400914581 2295569.0000 -0.2009
-8.0077 79.0792 -37.8086 0.0000 1650400914609 2295598.5000 -0.2009
-7.8345 79.0228 -38.5519 0.0000 1650400914638 2295627.2500 -0.2009
-7.9873 78.9912 -39.2698 0.0000 1650400914667 2295656.2500 -0.2009
-7.9451 79.1771 -40.0045 0.0000 1650400914696 2295685.2500 -0.2013
-8.0287 79.0126 -40.3508 0.0000 1650400914725 2295714.2500 -0.2013
-8.0145 79.0343 -40.8843 0.0000 1650400914754 2295743.0000 -0.2013
-8.2299 79.2621 -41.1280 0.0000 1650400914783 2295772.0000 -0.2013
-8.0199 78.9803 -41.1949 0.0000 1650400914812 2295805.2500 -0.2013
-7.9296 78.8126 -41.4365 0.0000 1650400914841 2295829.7500 -0.2013
-7.8089 78.5516 -41.0615 0.0000 1650400914869 2295859.0000 -0.2013
-7.8364 78.2946 -40.6261 0.0000 1650400914898 2295889.0000 -0.2013
-7.8329 78.2575 -40.0962 0.0000 1650400914928 2295917.0000 -0.2009
-7.5172 78.0253 -39.8209 0.0000 1650400914957 2295946.0000 -0.2009
-8.0974 78.2109 -39.0346 0.0000 1650400914986 2295975.0000 -0.2009
-7.7238 78.2312 -38.2543 0.0000 1650400915015 2296004.0000 -0.2009
-7.5252 78.0167 -37.4990 0.0000 1650400915044 2296033.0000 -0.2009
-7.3263 77.9357 -36.6103 0.0000 1650400915073 2296061.7500 -0.2009
-7.2835 77.8788 -35.6893 0.0000 1650400915102 2296090.7500 -0.2005
-7.1458 77.8145 -34.8126 0.0000 1650400915130 2296119.7500 -0.2004
-7.4198 78.0642 -34.0130 0.0000 1650400915160 2296148.5000 -0.2004
-7.0830 77.8505 -33.3709 0.0000 1650400915188 2296177.5000 -0.2004
-7.1424 78.0337 -32.8075 0.0000 1650400915217 2296206.5000 -0.2004
-7.2430 78.2046 -32.2207 0.0000 1650400915246 2296235.5000 -0.2004
-7.0299 78.0070 -31.8621 0.0000 1650400915276 2296264.5000 -0.2004
-7.3330 78.5610 -31.8101 0.0000 1650400915305 2296293.5000 -0.2004
-7.5698 78.6985 -31.8181 0.0000 1650400915334 2296325.2500 -0.2004
-7.4994 78.5323 -31.6850 0.0000 1650400915363 2296351.0000 -0.2004
-7.6705 78.6138 -32.1615 0.0000 1650400915392 2296380.5000 -0.2004
-7.1949 78.8119 -32.7063 0.0000 1650400915421 2296409.5000 -0.2004
-7.3981 78.5727 -33.0319 0.0000 1650400915449 2296439.7500 -0.2004
-7.4310 78.3683 -33.5594 0.0000 1650400915478 2296467.5000 -0.2009
-7.3871 78.6456 -34.7186 0.0000 1650400915507 2296496.5000 -0.2009
-7.7577 78.7373 -35.2129 0.0000 1650400915536 2296525.5000 -0.2009
-7.9162 79.0318 -36.3556 0.0000 1650400915565 2296554.2500 -0.2009
-7.9872 78.9733 -37.0502 0.0000 1650400915594 2296584.7500 -0.2009
-7.8192 79.0907 -38.2032 0.0000 1650400915623 2296612.5000 -0.2009
-8.0400 79.0723 -38.6944 0.0000 1650400915652 2296643.0000 -0.2009
-8.0056 79.1406 -39.5410 0.0000 1650400915682 2296670.0000 -0.2009
-7.7686 78.9822 -40.1594 0.0000 1650400915710 2296699.5000 -0.2009
-8.0062 78.8358 -40.5725 0.0000 1650400915740 2296728.5000 -0.2009
-7.8840 78.9043 -41.1294 0.0000 1650400915768 2296757.2500 -0.2009
-7.8182 79.0621 -41.2811 0.0000 1650400915797 2296786.2500 -0.2009
-7.9283 79.0131 -41.2877 0.0000 1650400915826 2296815.2500 -0.2009
-7.9480 78.8880 -41.2865 0.0000 1650400915855 2296844.0000 -0.2009
-7.8618 78.5684 -40.9289 0.0000 1650400915884 2296873.0000 -0.2009
-8.0928 78.5352 -40.5053 0.0000 1650400915913 2296902.0000 -0.2009
-7.9905 78.5431 -40.1084 0.0000 1650400915942 2296931.0000 -0.2005
-8.0034 78.2493 -39.5019 0.0000 1650400915971 2296960.0000 -0.2004
-7.9446 78.2689 -38.7898 0.0000 1650400916000 2296989.0000 -0.2004
-7.6643 78.2604 -37.9971 0.0000 1650400916028 2297018.0000 -0.2004
-7.5627 78.0067 -37.1534 0.0000 1650400916058 2297047.0000 -0.2004
-7.1509 77.9002 -36.4089 0.0000 1650400916087 2297077.2500 -0.2004
-7.2182 77.9306 -35.4094 0.0000 1650400916116 2297107.5000 -0.2004
-7.0528 77.9397 -34.5651 0.0000 1650400916145 2297134.0000 -0.2004
-7.1605 78.0101 -33.6915 0.0000 1650400916174 2297162.7500 -0.2004
-7.0425 77.9796 -33.2258 0.0000 1650400916203 2297191.7500 -0.2004
-7.2568 78.1283 -32.4239 0.0000 1650400916232 2297220.7500 -0.2004
-7.1782 78.1165 -32.1615 0.0000 1650400916261 2297249.7500 -0.2004
-7.2546 78.2388 -31.6955 0.0000 1650400916290 2297278.5000 -0.2007
-7.3418 78.3415 -31.7205 0.0000 1650400916319 2297307.5000 -0.2009
-7.4785 78.7303 -31.6847 0.0000 1650400916347 2297339.5000 -0.2009
-7.6288 78.5649 -31.7467 0.0000 1650400916376 2297365.0000 -0.2009
-7.4768 78.5356 -32.2055 0.0000 1650400916405 2297394.5000 -0.2007
-7.1668 78.8004 -32.7712 0.0000 1650400916434 2297424.7500 -0.2011
-7.2935 78.3857 -33.2839 0.0000 1650400916463 2297452.5000 -0.2013
-7.3853 78.3670 -33.8916 0.0000 1650400916493 2297481.5000 -0.2013
-7.5967 78.8620 -34.8270 0.0000 1650400916522 2297510.5000 -0.2013
-7.9479 78.7008 -35.5820 0.0000 1650400916551 2297539.5000 -0.2013
-7.8014 78.9814 -36.6985 0.0000 1650400916580 2297568.5000 -0.2013
-8.0472 78.9169 -37.4871 0.0000 1650400916608 2297597.5000 -0.2009
-7.7949 78.9269 -38.3476 0.0000 1650400916638 2297626.5000 -0.2009
-8.0353 78.8383 -39.0239 0.0000 1650400916666 2297655.5000 -0.2009
-7.9530 79.0698 -39.8966 0.0000 1650400916695 2297684.5000 -0.2009
-7.8846 78.9695 -40.1867 0.0000 1650400916724 2297713.5000 -0.2009
-8.0771 79.1356 -40.6693 0.0000 1650400916753 2297742.5000 -0.2009
-7.9545 79.1304 -41.1764 0.0000 1650400916782 2297771.5000 -0.2005
-7.9790 79.0914 -41.2856 0.0000 1650400916811 2297800.5000 -0.2004
-7.8471 78.9599 -41.3253 0.0000 1650400916840 2297829.5000 -0.2004
-7.9311 78.8247 -41.2029 0.0000 1650400916870 2297861.0000 -0.2004
-8.3675 79.0516 -40.5846 0.0000 1650400916899 2297886.7500 -0.2004
-8.2323 78.5661 -40.2961 0.0000 1650400916927 2297916.2500 -0.2004
-8.1150 78.6824 -39.7311 0.0000 1650400916956 2297945.2500 -0.2004
-8.2029 78.3754 -39.2319 0.0000 1650400916985 2297974.0000 -0.2004
-8.2442 78.7049 -38.4520 0.0000 1650400917014 2298003.0000 -0.2004
-7.8483 78.4966 -37.7531 0.0000 1650400917043 2298032.0000 -0.2004
-7.7868 78.3334 -36.7969 0.0000 1650400917072 2298061.0000 -0.2004
-7.3742 78.0194 -35.9483 0.0000 1650400917101 2298091.5000 -0.2004
-7.3455 78.1177 -35.0812 0.0000 1650400917130 2298121.5000 -0.2004
-7.2381 78.0521 -34.2877 0.0000 1650400917159 2298148.0000 -0.2004
-7.1242 78.0234 -33.5337 0.0000 1650400917187 2298178.5000 -0.2005
-7.0017 78.0159 -32.9521 0.0000 1650400917217 2298205.7500 -0.2009
-7.2177 78.1354 -32.1558 0.0000 1650400917246 2298235.0000 -0.2009
-7.1604 78.1173 -31.9204 0.0000 1650400917275 2298264.0000 -0.2009
-7.1934 78.0972 -31.7767 0.0000 1650400917304 2298292.7500 -0.2009
-7.2358 78.2827 -31.5793 0.0000 1650400917333 2298321.7500 -0.2009
-7.3074 78.4213 -31.7055 0.0000 1650400917362 2298350.7500 -0.2009
-7.4556 78.4200 -31.9162 0.0000 1650400917391 2298379.5000 -0.2009
-7.1959 78.5759 -32.4922 0.0000 1650400917420 2298408.5000 -0.2009
-7.2246 78.6750 -32.8897 0.0000 1650400917449 2298437.5000 -0.2009
-7.4893 78.5324 -33.3940 0.0000 1650400917478 2298466.5000 -0.2009
-7.4634 78.4345 -34.3783 0.0000 1650400917506 2298495.5000 -0.2009
-7.5968 78.8725 -34.9875 0.0000 1650400917535 2298524.5000 -0.2009
-7.9561 78.8473 -36.0455 0.0000 1650400917564 2298553.5000 -0.2009
-7.8985 78.9949 -36.8269 0.0000 1650400917593 2298582.5000 -0.2009
-7.9338 78.9445 -37.8218 0.0000 1650400917622 2298613.0000 -0.2005
-7.7292 78.7886 -38.6481 0.0000 1650400917652 2298642.7500 -0.2004
-7.9158 78.9327 -39.3456 0.0000 1650400917681 2298669.5000 -0.2004
-7.9026 78.9345 -40.0843 0.0000 1650400917710 2298698.5000 -0.2004
-8.0359 78.9639 -40.3137 0.0000 1650400917739 2298727.5000 -0.2004
-7.7852 78.9344 -40.9057 0.0000 1650400917767 2298756.5000 -0.2004
-8.0431 79.0093 -41.3047 0.0000 1650400917797 2298785.5000 -0.2004
-7.9550 79.0654 -41.2706 0.0000 1650400917825 2298814.5000 -0.2004
-7.8922 78.9022 -41.2948 0.0000 1650400917854 2298843.5000 -0.2004
-8.1072 78.8861 -41.0915 0.0000 1650400917883 2298873.7500 -0.2004
-8.2050 78.6731 -40.5915 0.0000 1650400917912 2298902.2500 -0.2004
-8.3893 78.7721 -40.0011 0.0000 1650400917941 2298930.5000 -0.2004
-8.1648 78.5502 -39.5924 0.0000 1650400917970 2298962.2500 -0.2005
-8.3348 78.4755 -38.9797 0.0000 1650400917999 2298988.2500 -0.2009
-8.1051 78.6179 -38.2936 0.0000 1650400918029 2299017.2500 -0.2009
-7.8210 78.3788 -37.4003 0.0000 1650400918058 2299046.2500 -0.2009
-7.4361 78.0484 -36.6551 0.0000 1650400918086 2299075.0000 -0.2010
-7.4645 78.1246 -35.6704 0.0000 1650400918116 2299104.0000 -0.2013
-7.2150 77.8308 -34.8380 0.0000 1650400918144 2299133.0000 -0.2013
-7.3115 78.0548 -33.7990 0.0000 1650400918173 2299162.0000 -0.2013
-7.0449 77.9515 -33.4059 0.0000 1650400918202 2299191.0000 -0.2013
-7.0197 77.9796 -32.6493 0.0000 1650400918231 2299220.0000 -0.2013
-7.2570 78.1094 -32.1034 0.0000 1650400918260 2299249.0000 -0.2013
-7.0308 78.0635 -31.7985 0.0000 1650400918289 2299278.0000 -0.2013
-7.1529 78.0413 -31.6598 0.0000 1650400918318 2299307.0000 -0.2013
-7.1426 78.2980 -31.6044 0.0000 1650400918346 2299336.0000 -0.2013
-7.3396 78.4396 -31.5842 0.0000 1650400918376 2299365.0000 -0.2013
-7.3605 78.4542 -31.7655 0.0000 1650400918405 2299393.2500 -0.2010
-7.1912 78.6021 -32.4702 0.0000 1650400918434 2299424.0000 -0.2009
-7.3193 78.6570 -32.9554 0.0000 1650400918463 2299451.7500 -0.2009
-7.4741 78.4492 -33.6007 0.0000 1650400918492 2299480.7500 -0.2009
-7.5128 78.7567 -34.6824 0.0000 1650400918521 2299509.5000 -0.2009
-7.9000 78.8024 -35.1393 0.0000 1650400918550 2299538.5000 -0.2009
-7.9350 78.8623 -36.3033 0.0000 1650400918579 2299567.5000 -0.2005
-8.1023 78.8557 -37.0364 0.0000 1650400918608 2299596.5000 -0.2004
-8.0094 79.0946 -38.1858 0.0000 1650400918637 2299625.5000 -0.2005
-7.8213 78.7982 -38.7945 0.0000 1650400918665 2299655.7500 -0.2009
-7.8761 79.0021 -39.5732 0.0000 1650400918695 2299683.5000 -0.2005
-8.0380 79.1781 -40.0788 0.0000 1650400918723 2299712.5000 -0.2004
-8.1566 78.9917 -40.5503 0.0000 1650400918752 2299742.7500 -0.2005
-7.9980 79.0726 -41.0492 0.0000 1650400918781 2299770.5000 -0.2009
-7.8786 78.8615 -41.3818 0.0000 1650400918811 2299799.5000 -0.2009
-7.8706 78.9245 -41.3408 0.0000 1650400918840 2299828.5000 -0.2009
-8.1721 79.0641 -41.1885 0.0000 1650400918869 2299857.5000 -0.2009
-8.1160 78.7138 -40.9122 0.0000 1650400918898 2299886.5000 -0.2009
-8.3430 78.6566 -40.4751 0.0000 1650400918927 2299915.5000 -0.2009
-8.2815 78.6992 -39.8995 0.0000 1650400918956 2299944.5000 -0.2012
-8.3703 78.5467 -39.3529 0.0000 1650400918984 2299973.5000 -0.2012
-8.2240 78.5175 -38.7225 0.0000 1650400919013 2300002.5000 -0.2009
-7.9339 78.4703 -38.0117 0.0000 1650400919042 2300031.5000 -0.2009
-8.0023 78.4137 -37.0250 0.0000 1650400919071 2300060.5000 -0.2012
-7.2821 77.8095 -36.5130 0.0000 1650400919100 2300089.2500 -0.2013
-7.5690 78.1557 -35.3074 0.0000 1650400919129 2300118.2500 -0.2010
-7.1144 77.9730 -34.5068 0.0000 1650400919158 2300147.2500 -0.2009
-7.1885 78.0004 -33.5611 0.0000 1650400919188 2300177.0000 -0.2009
-6.8816 77.9421 -33.1761 0.0000 1650400919217 2300205.0000 -0.2009
-7.0645 77.9226 -32.4585 0.0000 1650400919245 2300234.0000 -0.2009
-7.1159 78.1175 -31.9116 0.0000 1650400919275 2300263.0000 -0.2009
-7.0369 78.0625 -31.6691 0.0000 1650400919303 2300292.0000 -0.2005
-7.1226 78.2969 -31.5910 0.0000 1650400919332 2300321.0000 -0.2004
-7.1115 78.4329 -31.6202 0.0000 1650400919361 2300350.0000 -0.2004
-7.2930 78.5442 -31.6813 0.0000 1650400919390 2300379.0000 -0.2004
-7.2471 78.3025 -32.1683 0.0000 1650400919419 2300409.2500 -0.2004
-7.1424 78.8372 -32.7012 0.0000 1650400919448 2300439.5000 -0.2004
-7.5458 78.7444 -33.1397 0.0000 1650400919477 2300466.0000 -0.2000
-7.6859 78.5438 -33.8667 0.0000 1650400919506 2300494.5000 -0.1999
-7.6613 78.8622 -34.8250 0.0000 1650400919535 2300523.7500 -0.2000
-7.8717 78.5603 -35.6553 0.0000 1650400919564 2300552.7500 -0.2004
-7.8072 78.9406 -36.5853 0.0000 1650400919593 2300581.7500 -0.2004
-8.0809 78.8157 -37.4037 0.0000 1650400919622 2300610.5000 -0.2004
-7.8836 79.0557 -38.2788 0.0000 1650400919651 2300639.5000 -0.2004
-8.0880 78.7833 -39.0457 0.0000 1650400919680 2300668.2500 -0.2004
-7.8298 78.9255 -39.8607 0.0000 1650400919709 2300697.5000 -0.2004
-7.8223 78.8182 -40.3435 0.0000 1650400919738 2300726.5000 -0.2004
-7.9200 78.8131 -40.7768 0.0000 1650400919767 2300755.5000 -0.2004
-7.8355 78.8611 -41.3328 0.0000 1650400919796 2300784.5000 -0.2009
-7.9276 78.9267 -41.3512 0.0000 1650400919824 2300813.5000 -0.2009
-8.1321 79.0051 -41.2458 0.0000 1650400919854 2300842.5000 -0.2009
-8.1421 78.9270 -41.1613 0.0000 1650400919882 2300871.5000 -0.2009
-8.5358 79.0005 -40.5068 0.0000 1650400919911 2300900.5000 -0.2009
-8.2785 78.6665 -40.2588 0.0000 1650400919940 2300930.7500 -0.2009
-8.2594 78.5336 -39.7487 0.0000 1650400919970 2300959.7500 -0.2009
-8.4835 78.4383 -39.1958 0.0000 1650400919999 2300987.5000 -0.2009
-8.3670 78.5057 -38.4335 0.0000 1650400920028 2301016.5000 -0.2012
-7.7832 78.3289 -37.8110 0.0000 1650400920057 2301045.5000 -0.2013
-7.9202 78.2018 -36.8878 0.0000 1650400920086 2301074.5000 -0.2013
-7.4817 78.1117 -35.8935 0.0000 1650400920115 2301103.5000 -0.2013
-7.2248 77.7383 -35.1528 0.0000 1650400920143 2301132.5000 -0.2010
-7.2797 78.1331 -34.1858 0.0000 1650400920173 2301161.5000 -0.2009
-7.0659 77.8264 -33.5238 0.0000 1650400920201 2301191.2500 -0.2005
-6.7624 77.8343 -33.0019 0.0000 1650400920230 2301218.7500 -0.2004
-7.1722 78.1907 -32.3152 0.0000 1650400920259 2301248.2500 -0.2007
-7.0377 77.9798 -31.8616 0.0000 1650400920288 2301280.0000 -0.2009
-6.9610 77.8534 -31.7114 0.0000 1650400920317 2301306.0000 -0.2005
-6.9614 78.0912 -31.5595 0.0000 1650400920346 2301335.0000 -0.2004
-7.2393 78.4585 -31.6324 0.0000 1650400920376 2301364.0000 -0.2004
-7.4054 78.2982 -31.6504 0.0000 1650400920404 2301393.0000 -0.2004
-7.7579 78.7259 -32.0279 0.0000 1650400920434 2301422.0000 -0.2004
-7.2604 78.7580 -32.7987 0.0000 1650400920462 2301451.0000 -0.2004
-7.5489 78.6204 -33.2741 0.0000 1650400920491 2301480.0000 -0.2007
-7.8305 78.7025 -34.1175 0.0000 1650400920520 2301509.0000 -0.2009
-7.8971 78.8429 -34.9327 0.0000 1650400920549 2301538.0000 -0.2009
-7.7353 78.7669 -35.9783 0.0000 1650400920578 2301567.0000 -0.2009
-7.8467 78.9157 -36.8288 0.0000 1650400920607 2301596.0000 -0.2012
-7.9511 78.9576 -37.7971 0.0000 1650400920636 2301624.7500 -0.2013
-7.9278 78.9989 -38.5410 0.0000 1650400920665 2301653.7500 -0.2013
-7.9488 78.9561 -39.4026 0.0000 1650400920694 2301682.7500 -0.2013
-7.7648 78.9459 -40.0994 0.0000 1650400920723 2301716.0000 -0.2013
-7.9590 78.9237 -40.4267 0.0000 1650400920753 2301740.2500 -0.2013
-7.7868 78.8176 -41.0077 0.0000 1650400920781 2301769.5000 -0.2013
-7.8901 78.9156 -41.4259 0.0000 1650400920810 2301798.5000 -0.2013
-7.8540 78.7898 -41.3101 0.0000 1650400920839 2301827.5000 -0.2013
-8.0284 78.9339 -41.3147 0.0000 1650400920868 2301856.5000 -0.2013
-8.3208 78.9841 -40.9122 0.0000 1650400920897 2301885.5000 -0.2013
-8.4808 78.7310 -40.4871 0.0000 1650400920926 2301914.5000 -0.2013
-8.3046 78.4532 -40.0869 0.0000 1650400920955 2301944.7500 -0.2013
-8.1955 78.5108 -39.5752 0.0000 1650400920984 2301973.7500 -0.2013
-8.1409 78.1172 -39.0155 0.0000 1650400921013 2302001.5000 -0.2013
-7.9739 78.3638 -38.3049 0.0000 1650400921041 2302031.7500 -0.2013
-7.8389 78.1837 -37.5311 0.0000 1650400921070 2302059.0000 -0.2013
-7.4921 78.0591 -36.6233 0.0000 1650400921099 2302088.5000 -0.2010
-7.3492 77.8429 -35.8772 0.0000 1650400921129 2302117.5000 -0.2009
-7.0706 77.8114 -34.8102 0.0000 1650400921158 2302146.5000 -0.2009
-7.3046 77.8850 -34.0608 0.0000 1650400921187 2302175.5000 -0.2009
-7.2219 77.8428 -33.1607 0.0000 1650400921216 2302204.5000 -0.2009
-7.1380 77.9721 -32.7872 0.0000 1650400921245 2302233.5000 -0.2009
-7.0673 77.9817 -32.1447 0.0000 1650400921274 2302262.5000 -0.2009
-7.0501 78.0668 -31.7474 0.0000 1650400921302 2302291.5000 -0.2009
-7.2382 78.3012 -31.5315 0.0000 1650400921332 2302320.2500 -0.2009
-7.2340 78.4491 -31.4729 0.0000 1650400921360 2302349.2500 -0.2009
-7.4044 78.5705 -31.5516 0.0000 1650400921389 2302378.2500 -0.2012
-7.6452 78.4930 -31.7219 0.0000 1650400921418 2302407.2500 -0.2013
-7.4840 78.6851 -32.4852 0.0000 1650400921447 2302436.2500 -0.2013
-7.3818 78.7895 -32.9481 0.0000 1650400921476 2302466.2500 -0.2013
-7.6382 78.5111 -33.4863 0.0000 1650400921505 2302496.5000 -0.2013
-7.6558 78.7596 -34.5905 0.0000 1650400921535 2302523.0000 -0.2013
-7.9151 78.9835 -35.2305 0.0000 1650400921564 2302552.0000 -0.2013
-7.7597 78.9743 -36.3455 0.0000 1650400921593 2302581.0000 -0.2013
-8.1461 79.1030 -37.0058 0.0000 1650400921621 2302610.0000 -0.2013
-8.0369 79.0183 -38.1647 0.0000 1650400921651 2302639.0000 -0.2013
-7.9610 78.9496 -38.7167 0.0000 1650400921679 2302668.0000 -0.2013
-7.8521 78.8817 -39.5540 0.0000 1650400921708 2302697.0000 -0.2018
-7.6401 78.7534 -40.2365 0.0000 1650400921737 2302728.5000 -0.2018
-8.0359 78.8339 -40.4854 0.0000 1650400921766 2302756.0000 -0.2015
-7.9232 78.8299 -41.0779 0.0000 1650400921795 2302783.7500 -0.2013
-7.9806 78.9462 -41.3636 0.0000 1650400921824 2302813.7500 -0.2013
-8.0574 78.8512 -41.2425 0.0000 1650400921853 2302841.5000 -0.2013
-7.8874 78.7497 -41.3059 0.0000 1650400921882 2302870.5000 -0.2013
-8.1858 78.7612 -40.9189 0.0000 1650400921911 2302899.5000 -0.2013
-8.1650 78.5166 -40.4504 0.0000 1650400921940 2302928.5000 -0.2010
-8.2822 78.5019 -39.8925 0.0000 1650400921969 2302957.5000 -0.2009
-8.1370 78.1504 -39.5346 0.0000 1650400921998 2302986.5000 -0.2009
-8.0975 78.1026 -38.8672 0.0000 1650400922027 2303015.5000 -0.2009
-7.7876 78.3424 -38.1188 0.0000 1650400922056 2303044.5000 -0.2009
-7.8472 78.2535 -37.0550 0.0000 1650400922085 2303073.5000 -0.2009
-7.1461 77.7243 -36.5634 0.0000 1650400922114 2303102.5000 -0.2005
-7.5517 77.9711 -35.2909 0.0000 1650400922143 2303131.5000 -0.2004
-7.1217 77.8094 -34.6119 0.0000 1650400922172 2303160.5000 -0.2007
-7.2911 77.9257 -33.5748 0.0000 1650400922200 2303189.5000 -0.2009
-6.8275 77.6721 -33.1871 0.0000 1650400922230 2303218.5000 -0.2009
-7.0179 77.8256 -32.4394 0.0000 1650400922258 2303248.5000 -0.2013
-7.1010 77.9866 -32.0987 0.0000 1650400922288 2303276.0000 -0.2013
-7.1288 78.0551 -31.7326 0.0000 1650400922317 2303305.5000 -0.2013
-7.3980 78.2077 -31.6048 0.0000 1650400922346 2303334.5000 -0.2013
-7.2719 78.4755 -31.6326 0.0000 1650400922375 2303363.5000 -0.2013
-7.5627 78.5153 -31.6842 0.0000 1650400922404 2303392.5000 -0.2013
-7.7626 78.5983 -32.0400 0.0000 1650400922433 2303421.2500 -0.2013
-7.2465 78.8097 -32.7817 0.0000 1650400922462 2303450.2500 -0.2013
-7.5250 78.7422 -33.1224 0.0000 1650400922491 2303480.7500 -0.2013
-7.8251 78.5635 -33.7863 0.0000 1650400922519 2303510.7500 -0.2013
-7.6165 78.8197 -34.7501 0.0000 1650400922548 2303537.0000 -0.2013
-7.8612 78.7731 -35.5375 0.0000 1650400922577 2303567.5000 -0.2013
-8.0247 79.1149 -36.5536 0.0000 1650400922606 2303596.2500 -0.2013
-8.0887 79.0084 -37.3439 0.0000 1650400922635 2303624.0000 -0.2013
-7.7123 78.8985 -38.3896 0.0000 1650400922664 2303653.0000 -0.2013
-8.0995 78.9821 -38.9304 0.0000 1650400922694 2303682.0000 -0.2013
-7.9853 79.1304 -39.9195 0.0000 1650400922723 2303711.0000 -0.2010
-7.9258 78.8585 -40.2380 0.0000 1650400922752 2303740.0000 -0.2009
-7.9788 78.8041 -40.7057 0.0000 1650400922780 2303769.0000 -0.2009
-7.8777 78.8699 -41.2826 0.0000 1650400922810 2303798.0000 -0.2009
-7.9943 78.7937 -41.3312 0.0000 1650400922838 2303827.0000 -0.2009
-8.0474 78.9418 -41.1936 0.0000 1650400922867 2303855.7500 -0.2009
-8.1551 78.9290 -41.2365 0.0000 1650400922896 2303884.7500 -0.2005
-8.1399 78.5194 -40.6752 0.0000 1650400922925 2303913.7500 -0.2004
-8.1520 78.4346 -40.2799 0.0000 1650400922954 2303942.5000 -0.2005
-7.8233 78.1834 -39.9144 0.0000 1650400922983 2303971.5000 -0.2009
-7.8830 77.9356 -39.3422 0.0000 1650400923012 2304002.2500 -0.2005
-7.9203 78.1255 -38.5664 0.0000 1650400923041 2304032.0000 -0.2004
-7.6004 78.1523 -38.0233 0.0000 1650400923070 2304058.5000 -0.2005
-7.6898 77.9808 -36.9099 0.0000 1650400923099 2304087.5000 -0.2009
-7.0878 77.6145 -36.3500 0.0000 1650400923128 2304116.5000 -0.2009
-7.3987 77.8991 -35.0963 0.0000 1650400923157 2304145.5000 -0.2009
-7.2203 78.0382 -34.4121 0.0000 1650400923186 2304174.5000 -0.2009
-7.1642 77.8259 -33.3713 0.0000 1650400923215 2304203.5000 -0.2009
-6.7837 77.6574 -33.0800 0.0000 1650400923244 2304232.5000 -0.2009
-7.1906 77.9207 -32.2898 0.0000 1650400923273 2304262.7500 -0.2013
-7.1324 78.1803 -32.0188 0.0000 1650400923302 2304291.7500 -0.2013
-7.2203 78.1269 -31.5985 0.0000 1650400923331 2304319.5000 -0.2013
-7.4119 78.4144 -31.6267 0.0000 1650400923359 2304351.2500 -0.2013
-7.5823 78.5611 -31.5128 0.0000 1650400923389 2304377.5000 -0.2013
-7.5849 78.4863 -31.8524 0.0000 1650400923417 2304406.5000 -0.2013
-7.5553 78.7572 -32.2261 0.0000 1650400923447 2304435.5000 -0.2013
-7.6583 78.7133 -32.7657 0.0000 1650400923476 2304464.5000 -0.2013
-7.4905 78.4841 -33.2849 0.0000 1650400923505 2304493.5000 -0.2010
-7.5251 78.5693 -34.1321 0.0000 1650400923534 2304522.5000 -0.2009
-7.8970 78.9141 -34.9851 0.0000 1650400923563 2304551.2500 -0.2009
-7.7795 78.9529 -35.9088 0.0000 1650400923592 2304580.2500 -0.2009
-7.9269 79.0766 -36.7725 0.0000 1650400923621 2304609.2500 -0.2007
-8.0222 78.9921 -37.6972 0.0000 1650400923650 2304638.0000 -0.2004
-7.8166 79.0061 -38.4461 0.0000 1650400923678 2304667.0000 -0.2004
-7.9476 78.8542 -39.3029 0.0000 1650400923707 2304696.0000 -0.2004
-8.0039 79.0369 -40.0251 0.0000 1650400923736 2304725.0000 -0.2004
-7.8985 78.8842 -40.3081 0.0000 1650400923765 2304754.0000 -0.2004
-8.0490 79.0286 -40.7898 0.0000 1650400923794 2304785.5000 -0.2004
-7.8829 78.9112 -41.3036 0.0000 1650400923823 2304811.5000 -0.2004
-7.9263 78.9331 -41.3129 0.0000 1650400923853 2304841.0000 -0.2004
-8.0797 79.0279 -41.2344 0.0000 1650400923882 2304870.0000 -0.2004
-8.1068 78.5763 -41.1499 0.0000 1650400923911 2304899.0000 -0.2011
-8.0524 78.5438 -40.5450 0.0000 1650400923939 2304928.0000 -0.2010
-7.9705 78.1639 -40.2547 0.0000 1650400923969 2304956.7500 -0.2009
-7.7687 78.0816 -39.7687 0.0000 1650400923997 2304985.7500 -0.2009
-7.6897 77.7230 -39.3682 0.0000 1650400924026 2305014.7500 -0.2009
-7.8044 78.2802 -38.3426 0.0000 1650400924055 2305044.7500 -0.2009
-7.6231 78.0274 -37.7997 0.0000 1650400924084 2305072.5000 -0.2010
-7.4189 77.9674 -36.7221 0.0000 1650400924113 2305101.5000 -0.2013
-7.4717 77.8978 -35.8177 0.0000 1650400924142 2305131.7500 -0.2013
-7.0882 77.8386 -34.9075 0.0000 1650400924171 2305159.5000 -0.2013
-7.0743 77.8439 -34.0422 0.0000 1650400924200 2305188.5000 -0.2013
-7.1217 77.9842 -33.3520 0.0000 1650400924229 2305217.5000 -0.2013
-6.9769 77.9629 -32.9025 0.0000 1650400924258 2305246.5000 -0.2013
-7.0823 78.0011 -32.2933 0.0000 1650400924288 2305275.5000 -0.2010
-7.1665 78.1322 -31.9642 0.0000 1650400924316 2305304.5000 -0.2009
-7.1819 78.2684 -31.6054 0.0000 1650400924345 2305333.5000 -0.2012
-7.2568 78.4318 -31.7759 0.0000 1650400924374 2305362.5000 -0.2013
-7.6448 78.6143 -31.6638 0.0000 1650400924403 2305391.5000 -0.2010
-7.8592 78.6477 -31.8329 0.0000 1650400924432 2305420.5000 -0.2009
-7.4485 78.6906 -32.5385 0.0000 1650400924461 2305449.5000 -0.2009
-7.4371 78.5653 -33.0710 0.0000 1650400924490 2305478.5000 -0.2009
-7.5882 78.4795 -33.5751 0.0000 1650400924519 2305507.5000 -0.2009
-7.6808 78.8225 -34.5043 0.0000 1650400924548 2305538.0000 -0.2009
-7.8186 78.7212 -35.2787 0.0000 1650400924576 2305566.2500 -0.2009
-7.9071 79.1947 -36.2096 0.0000 1650400924605 2305594.5000 -0.2009
-7.9569 79.1923 -36.9387 0.0000 1650400924635 2305623.5000 -0.2009
-7.9929 79.0344 -38.1144 0.0000 1650400924664 2305652.5000 -0.2009
-7.9888 79.1493 -38.5631 0.0000 1650400924693 2305681.2500 -0.2009
-7.8913 78.9045 -39.5149 0.0000 1650400924722 2305710.2500 -0.2009
-7.8724 78.8763 -40.1030 0.0000 1650400924751 2305739.2500 -0.2010
-7.9583 78.9955 -40.4942 0.0000 1650400924780 2305768.0000 -0.2013
-8.0755 79.0494 -40.9444 0.0000 1650400924809 2305798.2500 -0.2013
-7.8673 78.8433 -41.4977 0.0000 1650400924837 2305828.5000 -0.2013
-8.1569 78.9649 -41.3370 0.0000 1650400924867 2305855.0000 -0.2013
-8.1534 78.9682 -41.1816 0.0000 1650400924895 2305885.2500 -0.2013
-7.7285 78.3781 -41.1319 0.0000 1650400924924 2305913.0000 -0.2013
-7.9869 78.2942 -40.6058 0.0000 1650400924953 2305942.0000 -0.2013
-8.1116 78.3387 -40.1778 0.0000 1650400924982 2305971.0000 -0.2013
-7.8850 78.0794 -39.5216 0.0000 1650400925011 2306000.0000 -0.2018
-7.7935 77.9445 -39.0152 0.0000 1650400925041 2306029.0000 -0.2018
-7.6661 78.2326 -38.2136 0.0000 1650400925070 2306058.0000 -0.2018
-7.5613 77.9652 -37.4017 0.0000 1650400925099 2306086.7500 -0.2018
-7.1211 77.6941 -36.5831 0.0000 1650400925128 2306115.7500 -0.2018
-7.3745 77.9304 -35.4917 0.0000 1650400925156 2306144.7500 -0.2018
-7.0211 77.9544 -34.7003 0.0000 1650400925185 2306173.5000 -0.2018
-7.2754 77.8517 -33.8401 0.0000 1650400925214 2306202.5000 -0.2018
-6.9988 77.8258 -33.2175 0.0000 1650400925243 2306231.5000 -0.2015
-7.2766 78.1914 -32.6507 0.0000 1650400925272 2306260.5000 -0.2013
-7.1424 78.1898 -32.2138 0.0000 1650400925301 2306289.5000 -0.2013
-7.1441 78.1640 -31.8868 0.0000 1650400925330 2306319.7500 -0.2013
-7.3470 78.4438 -31.7736 0.0000 1650400925359 2306350.2500 -0.2013
-7.3654 78.6060 -31.7678 0.0000 1650400925388 2306376.5000 -0.2013
-7.6478 78.7008 -31.7177 0.0000 1650400925417 2306405.5000 -0.2013
-7.6644 78.5364 -32.1160 0.0000 1650400925447 2306434.5000 -0.2009
-7.2989 78.6939 -32.8718 0.0000 1650400925475 2306463.5000 -0.2009
-7.4834 78.6399 -33.0677 0.0000 1650400925504 2306492.5000 -0.2009
-7.6488 78.4503 -33.7287 0.0000 1650400925533 2306521.5000 -0.2009
-7.5140 78.8188 -34.8589 0.0000 1650400925562 2306550.5000 -0.2013
-7.9198 78.7882 -35.3671 0.0000 1650400925591 2306583.7500 -0.2013
-7.5949 79.0340 -36.6799 0.0000 1650400925620 2306608.0000 -0.2013
-7.9176 78.8776 -37.3040 0.0000 1650400925649 2306637.5000 -0.2013
-7.9143 78.9804 -38.3309 0.0000 1650400925678 2306669.0000 -0.2013
-8.1036 78.9480 -38.8918 0.0000 1650400925707 2306695.5000 -0.2013
-7.9758 79.1516 -39.7481 0.0000 1650400925735 2306724.5000 -0.2017
-7.8119 78.9391 -40.2826 0.0000 1650400925765 2306753.5000 -0.2018
-8.1622 79.0391 -40.5020 0.0000 1650400925794 2306782.2500 -0.2018
-8.0389 79.0878 -41.0374 0.0000 1650400925823 2306811.2500 -0.2018
-7.9030 78.9079 -41.4009 0.0000 1650400925852 2306840.2500 -0.2018
-8.2288 79.0082 -41.2163 0.0000 1650400925881 2306869.2500 -0.2018
-7.9618 78.9637 -41.2234 0.0000 1650400925910 2306898.0000 -0.2018
-8.1276 78.5775 -40.8552 0.0000 1650400925939 2306927.0000 -0.2018
-8.0369 78.1962 -40.5024 0.0000 1650400925968 2306956.0000 -0.2015
-7.8316 78.2743 -40.0618 0.0000 1650400925996 2306985.0000 -0.2013
-7.9194 78.1748 -39.4885 0.0000 1650400926026 2307014.0000 -0.2013
-8.1675 78.2771 -38.6707 0.0000 1650400926054 2307043.0000 -0.2013
-7.4739 78.0901 -38.0890 0.0000 1650400926083 2307072.0000 -0.2010
-7.5045 77.8383 -37.2519 0.0000 1650400926112 2307105.2500 -0.2009
-7.2703 77.8752 -36.2683 0.0000 1650400926141 2307129.7500 -0.2009
-7.3524 77.8057 -35.2775 0.0000 1650400926170 2307159.0000 -0.2009
-7.0317 77.8733 -34.4253 0.0000 1650400926200 2307187.7500 -0.2009
-7.0913 77.8780 -33.7089 0.0000 1650400926229 2307216.7500 -0.2009
-7.1001 78.0350 -33.0982 0.0000 1650400926258 2307245.7500 -0.2009
-7.1528 78.0574 -32.5674 0.0000 1650400926287 2307274.7500 -0.2009
-7.1584 78.2475 -32.1175 0.0000 1650400926315 2307303.5000 -0.2009
-7.1936 78.2697 -31.8045 0.0000 1650400926345 2307332.2500 -0.2009
-7.3685 78.5189 -31.7708 0.0000 1650400926373 2307362.5000 -0.2009
-7.3976 78.6786 -31.7825 0.0000 1650400926402 2307390.5000 -0.2009
-7.6090 78.7346 -31.7503 0.0000 1650400926431 2307421.2500 -0.2009
-7.6200 78.5185 -32.3297 0.0000 1650400926460 2307448.2500 -0.2013
-7.3972 78.6423 -32.8830 0.0000 1650400926489 2307477.5000 -0.2013
-7.5274 78.4876 -33.3512 0.0000 1650400926518 2307506.5000 -0.2013
-7.6333 78.6519 -34.0781 0.0000 1650400926547 2307535.5000 -0.2013
-7.5658 78.8454 -34.9686 0.0000 1650400926576 2307564.5000 -0.2013
-7.9199 78.7424 -35.8623 0.0000 1650400926606 2307593.5000 -0.2013
-7.9599 79.1098 -36.7909 0.0000 1650400926634 2307622.5000 -0.2013
-8.0074 78.8855 -37.7191 0.0000 1650400926663 2307651.5000 -0.2013
-7.9589 79.0529 -38.4407 0.0000 1650400926692 2307680.5000 -0.2018
-8.1025 78.9744 -39.2067 0.0000 1650400926721 2307709.5000 -0.2018
-7.9648 79.0576 -39.9178 0.0000 1650400926750 2307738.5000 -0.2018
-7.8846 78.8952 -40.2947 0.0000 1650400926779 2307767.5000 -0.2018
-8.0266 78.8711 -40.7656 0.0000 1650400926808 2307796.5000 -0.2018
-7.8201 78.9650 -41.3378 0.0000 1650400926837 2307825.5000 -0.2018
-7.9325 78.8182 -41.3405 0.0000 1650400926866 2307855.7500 -0.2015
-8.0113 78.9032 -41.2223 0.0000 1650400926894 2307884.7500 -0.2013
-7.9548 78.6358 -41.2136 0.0000 1650400926924 2307912.2500 -0.2013
-8.1524 78.5590 -40.7968 0.0000 1650400926953 2307941.2500 -0.2013
-8.0608 78.4449 -40.2437 0.0000 1650400926982 2307970.2500 -0.2013
-7.8884 78.2042 -39.8605 0.0000 1650400927011 2307999.0000 -0.2013
-8.0464 78.0554 -39.2930 0.0000 1650400927040 2308028.0000 -0.2010
-7.9263 78.3061 -38.5076 0.0000 1650400927069 2308057.0000 -0.2009
-7.5290 77.9638 -37.9188 0.0000 1650400927098 2308086.0000 -0.2009
-7.5108 78.0737 -36.7683 0.0000 1650400927127 2308116.0000 -0.2009
-7.4794 78.0131 -35.9381 0.0000 1650400927156 2308145.2500 -0.2009
-7.1158 77.7904 -34.9741 0.0000 1650400927185 2308173.0000 -0.2009
-7.2414 77.9944 -34.1318 0.0000 1650400927213 2308201.5000 -0.2009
-7.2038 78.0854 -33.4728 0.0000 1650400927242 2308231.0000 -0.2013
-7.0545 77.9713 -32.9290 0.0000 1650400927271 2308260.0000 -0.2013
-7.2108 78.1053 -32.3886 0.0000 1650400927300 2308289.0000 -0.2013
-7.0551 78.1627 -32.1411 0.0000 1650400927329 2308317.7500 -0.2013
-7.0900 78.2929 -31.8064 0.0000 1650400927359 2308346.7500 -0.2013
-7.3736 78.4915 -31.7031 0.0000 1650400927388 2308375.7500 -0.2015
-7.4316 78.6141 -31.7680 0.0000 1650400927417 2308404.5000 -0.2018
-7.6642 78.5279 -32.0315 0.0000 1650400927446 2308433.5000 -0.2018
-7.2235 78.7290 -32.6468 0.0000 1650400927474 2308462.5000 -0.2018
-7.4008 78.6410 -33.0889 0.0000 1650400927504 2308491.5000 -0.2018
-7.4647 78.2691 -33.5358 0.0000 1650400927532 2308520.5000 -0.2018
-7.2154 78.5242 -34.6274 0.0000 1650400927561 2308549.5000 -0.2018
-7.7297 78.6951 -35.2434 0.0000 1650400927590 2308578.5000 -0.2018
-7.7476 78.9273 -36.1641 0.0000 1650400927619 2308607.5000 -0.2018
-7.9043 78.8880 -36.9815 0.0000 1650400927648 2308639.2500 -0.2015
-8.0850 79.0228 -38.0692 0.0000 1650400927677 2308665.0000 -0.2013
-7.9443 78.9283 -38.7054 0.0000 1650400927706 2308694.5000 -0.2013
-7.9564 78.9303 -39.4891 0.0000 1650400927735 2308723.5000 -0.2013
-7.9457 78.9744 -40.0792 0.0000 1650400927765 2308752.5000 -0.2013
-7.9626 78.8903 -40.5045 0.0000 1650400927793 2308781.5000 -0.2013
-7.9989 78.9445 -40.9396 0.0000 1650400927823 2308810.5000 -0.2010
-7.9586 78.9850 -41.3069 0.0000 1650400927851 2308839.5000 -0.2009
-7.9333 78.9230 -41.3298 0.0000 1650400927880 2308870.0000 -0.2009
-8.1153 78.9469 -41.2294 0.0000 1650400927909 2308899.7500 -0.2009
-8.0101 78.6309 -41.1322 0.0000 1650400927938 2308926.5000 -0.2009
-8.0262 78.4973 -40.6738 0.0000 1650400927967 2308957.0000 -0.2009
-8.1629 78.4967 -40.1607 0.0000 1650400927996 2308985.2500 -0.2009
-8.0325 78.3408 -39.6527 0.0000 1650400928025 2309013.2500 -0.2009
-7.9524 78.2143 -38.9874 0.0000 1650400928053 2309042.2500 -0.2009
-7.7433 78.3760 -38.2852 0.0000 1650400928083 2309071.2500 -0.2009
-7.7999 78.2538 -37.3862 0.0000 1650400928112 2309100.0000 -0.2009
-7.1943 77.6821 -36.7965 0.0000 1650400928141 2309129.0000 -0.2009
-7.4581 78.0274 -35.5243 0.0000 1650400928170 2309158.0000 -0.2010
-7.0817 77.7784 -34.9290 0.0000 1650400928199 2309187.0000 -0.2013
-7.2160 77.9101 -33.8629 0.0000 1650400928228 2309216.0000 -0.2013
-6.9123 77.9198 -33.3897 0.0000 1650400928257 2309245.0000 -0.2013
-7.2411 78.1170 -32.6220 0.0000 1650400928286 2309274.0000 -0.2013
-7.3172 78.1267 -32.2646 0.0000 1650400928315 2309303.0000 -0.2013
-7.0296 78.1528 -31.7797 0.0000 1650400928344 2309332.0000 -0.2013
-7.1345 78.3343 -31.8193 0.0000 1650400928372 2309361.0000 -0.2013
-7.3719 78.5347 -31.5893 0.0000 1650400928402 2309390.0000 -0.2013
-7.2259 78.5603 -31.8511 0.0000 1650400928430 2309421.0000 -0.2017
-7.6622 78.5726 -32.0228 0.0000 1650400928459 2309447.7500 -0.2018
-7.0469 78.6028 -32.8355 0.0000 1650400928488 2309476.7500 -0.2018
-7.2622 78.5579 -33.2418 0.0000 1650400928518 2309505.7500 -0.2018
-7.5224 78.1388 -33.7137 0.0000 1650400928547 2309534.5000 -0.2015
-7.4156 78.7600 -34.7680 0.0000 1650400928576 2309563.5000 -0.2013
-7.7676 78.6019 -35.4851 0.0000 1650400928605 2309592.5000 -0.2013
-7.7353 79.0062 -36.4959 0.0000 1650400928634 2309621.5000 -0.2013
-7.8176 78.7143 -37.2712 0.0000 1650400928663 2309651.7500 -0.2013
-7.8591 79.0016 -38.2696 0.0000 1650400928691 2309680.7500 -0.2013
-7.9049 78.8854 -38.8542 0.0000 1650400928720 2309708.5000 -0.2012
-7.8796 79.0354 -39.7452 0.0000 1650400928749 2309738.7500 -0.2009
-7.8409 78.9864 -40.2648 0.0000 1650400928778 2309766.5000 -0.2009
-8.0528 78.9837 -40.5061 0.0000 1650400928807 2309795.5000 -0.2009
-7.8534 79.0643 -41.1286 0.0000 1650400928836 2309824.5000 -0.2009
-7.9039 78.9330 -41.3460 0.0000 1650400928865 2309853.5000 -0.2009
-7.9211 78.8439 -41.4048 0.0000 1650400928894 2309882.5000 -0.2009
-8.0960 79.0226 -41.1881 0.0000 1650400928924 2309911.5000 -0.2009
-8.3297 78.7671 -40.8173 0.0000 1650400928952 2309940.5000 -0.2009
-8.1386 78.5087 -40.5230 0.0000 1650400928982 2309969.5000 -0.2009
-8.1311 78.5023 -39.9712 0.0000 1650400929010 2309998.5000 -0.2009
-8.1738 78.2942 -39.4840 0.0000 1650400929039 2310027.5000 -0.2013
-8.4109 78.6481 -38.5834 0.0000 1650400929068 2310056.5000 -0.2013
-7.8708 78.4447 -38.0041 0.0000 1650400929097 2310085.5000 -0.2013
-7.7605 78.1456 -37.0095 0.0000 1650400929126 2310114.2500 -0.2013
-7.4535 77.9968 -36.4137 0.0000 1650400929155 2310143.2500 -0.2018
-7.3134 77.9106 -35.2767 0.0000 1650400929184 2310173.2500 -0.2017
-7.0945 77.9939 -34.5168 0.0000 1650400929213 2310200.5000 -0.2013
-7.1814 77.9842 -33.6544 0.0000 1650400929242 2310230.0000 -0.2013
-6.8775 77.9350 -33.1874 0.0000 1650400929270 2310259.0000 -0.2017
-7.1328 78.0613 -32.4496 0.0000 1650400929300 2310288.0000 -0.2018
-7.1098 78.2848 -32.0889 0.0000 1650400929329 2310317.0000 -0.2018
-7.0263 78.0165 -31.7112 0.0000 1650400929358 2310346.0000 -0.2018
-7.1407 78.2426 -31.5715 0.0000 1650400929387 2310375.0000 -0.2018
-7.2683 78.5619 -31.6313 0.0000 1650400929416 2310404.0000 -0.2018
-7.2155 78.5481 -32.0124 0.0000 1650400929445 2310435.7500 -0.2018
-7.3424 78.4589 -32.1536 0.0000 1650400929474 2310461.7500 -0.2018
-7.0227 78.6458 -32.9648 0.0000 1650400929503 2310491.0000 -0.2015
-7.1639 78.4030 -33.3153 0.0000 1650400929531 2310521.2500 -0.2013
-7.5529 78.4280 -34.0615 0.0000 1650400929561 2310548.7500 -0.2010
-7.6282 78.7524 -34.9217 0.0000 1650400929589 2310577.7500 -0.2009
-7.8777 78.7281 -35.7958 0.0000 1650400929618 2310606.7500 -0.2009
-7.9445 78.9881 -36.7270 0.0000 1650400929648 2310635.5000 -0.2009
-7.9606 78.9178 -37.6521 0.0000 1650400929677 2310664.5000 -0.2009
-7.8235 78.9179 -38.5135 0.0000 1650400929706 2310693.5000 -0.2009
-7.9803 78.8002 -39.1979 0.0000 1650400929735 2310722.5000 -0.2009
-7.8098 78.8971 -40.0894 0.0000 1650400929764 2310751.5000 -0.2009
-7.7985 78.9273 -40.3509 0.0000 1650400929793 2310780.5000 -0.2012
-7.9485 78.8540 -40.8359 0.0000 1650400929822 2310809.5000 -0.2013
-7.8468 78.9916 -41.3158 0.0000 1650400929850 2310838.5000 -0.2013
-7.9273 78.9300 -41.3319 0.0000 1650400929880 2310867.5000 -0.2018
-8.0000 78.8662 -41.3578 0.0000 1650400929908 2310896.5000 -0.2018
-7.9530 78.8559 -41.1527 0.0000 1650400929937 2310925.5000 -0.2015
-8.2187 78.7428 -40.6872 0.0000 1650400929966 2310957.0000 -0.2013
-8.4760 78.7820 -40.1870 0.0000 1650400929995 2310983.5000 -0.2018
-8.3152 78.6455 -39.6749 0.0000 1650400930024 2311012.5000 -0.2018
-8.4362 78.5654 -39.0884 0.0000 1650400930053 2311041.5000 -0.2018
-8.5845 78.8320 -38.2298 0.0000 1650400930083 2311071.7500 -0.2018
-7.8596 78.4761 -37.6691 0.0000 1650400930111 2311099.5000 -0.2018
-7.9159 78.3423 -36.7103 0.0000 1650400930141 2311128.5000 -0.2018
-7.3690 77.9508 -35.9347 0.0000 1650400930169 2311157.5000 -0.2018
-7.4682 78.0521 -34.8499 0.0000 1650400930198 2311187.7500 -0.2018
-7.2942 78.1354 -34.0014 0.0000 1650400930227 2311216.7500 -0.2018
-7.1927 77.9485 -33.5542 0.0000 1650400930256 2311244.2500 -0.2018
-6.8582 78.0612 -32.8365 0.0000 1650400930285 2311274.5000 -0.2018
-7.0380 77.9293 -32.4146 0.0000 1650400930314 2311302.2500 -0.2018
-7.0235 78.0338 -31.9351 0.0000 1650400930343 2311331.0000 -0.2015
-7.0178 78.0073 -31.7494 0.0000 1650400930372 2311360.0000 -0.2013
-7.0886 78.4392 -31.5826 0.0000 1650400930401 2311389.0000 -0.2013
-7.4447 78.6205 -31.6982 0.0000 1650400930429 2311418.0000 -0.2013
-7.3531 78.3189 -31.9373 0.0000 1650400930460 2311447.0000 -0.2010
-7.3229 78.6789 -32.4215 0.0000 1650400930488 2311476.0000 -0.2009
-7.2325 78.5309 -33.0029 0.0000 1650400930517 2311505.0000 -0.2009
-7.4019 78.3897 -33.5320 0.0000 1650400930546 2311534.0000 -0.2009
-7.5536 78.5906 -34.4651 0.0000 1650400930575 2311563.0000 -0.2009
-7.8113 78.6893 -35.1716 0.0000 1650400930604 2311592.0000 -0.2009
-7.8017 78.6693 -36.2467 0.0000 1650400930633 2311621.0000 -0.2009
-7.7896 78.8470 -36.9608 0.0000 1650400930662 2311649.7500 -0.2013
-7.9125 78.9909 -37.9845 0.0000 1650400930691 2311678.7500 -0.2013
-7.7738 79.0067 -38.5734 0.0000 1650400930720 2311708.7500 -0.2013
-7.9510 78.8875 -39.4689 0.0000 1650400930748 2311736.0000 -0.2013
-7.6599 78.7671 -40.1481 0.0000 1650400930777 2311765.5000 -0.2018
-7.8640 78.8440 -40.4687 0.0000 1650400930806 2311794.5000 -0.2018
-7.7270 78.8702 -41.0089 0.0000 1650400930836 2311823.5000 -0.2018
-7.8564 78.9052 -41.4055 0.0000 1650400930865 2311852.5000 -0.2018
-7.9541 79.0270 -41.3237 0.0000 1650400930894 2311881.5000 -0.2018
-8.1561 79.0398 -41.2076 0.0000 1650400930923 2311910.5000 -0.2018
-8.0397 78.8456 -40.9821 0.0000 1650400930952 2311939.5000 -0.2018
-8.2724 78.6568 -40.5201 0.0000 1650400930981 2311971.0000 -0.2018
-8.2236 78.6343 -40.0105 0.0000 1650400931009 2311996.7500 -0.2018
-8.1325 78.3916 -39.6423 0.0000 1650400931039 2312026.5000 -0.2018
-8.2345 78.2677 -39.0500 0.0000 1650400931067 2312058.2500 -0.2018
-8.0444 78.5372 -38.1718 0.0000 1650400931096 2312084.5000 -0.2018
-8.0554 78.3893 -37.3926 0.0000 1650400931125 2312113.5000 -0.2015
-7.2789 77.8525 -36.5585 0.0000 1650400931154 2312142.5000 -0.2013
-7.5043 77.9955 -35.6417 0.0000 1650400931183 2312171.5000 -0.2013
-7.0857 77.9529 -34.9169 0.0000 1650400931212 2312200.5000 -0.2013
-7.5705 77.9826 -34.7855 0.0000 1650400931242 2312229.5000 -0.2013
-7.3127 78.0010 -34.8874 0.0000 1650400931271 2312258.5000 -0.2013
-7.2265 78.2244 -34.6617 0.0000 1650400931300 2312287.5000 -0.2013
-7.1550 78.2099 -34.6546 0.0000 1650400931328 2312316.5000 -0.2013
-7.3988 78.2831 -34.8468 0.0000 1650400931357 2312345.2500 -0.2013
-7.4678 78.4911 -34.5713 0.0000 1650400931386 2312374.2500 -0.2013
-7.5294 78.5825 -34.7098 0.0000 1650400931415 2312403.2500 -0.2013
-7.5641 78.3880 -34.7861 0.0000 1650400931444 2312432.2500 -0.2013
-7.5850 78.5321 -34.7460 0.0000 1650400931473 2312461.0000 -0.2013
-7.5347 78.4775 -34.8518 0.0000 1650400931502 2312491.2500 -0.2013
-7.5775 78.4525 -34.7783 0.0000 1650400931531 2312518.7500 -0.2013
-7.7306 78.6109 -34.6862 0.0000 1650400931560 2312548.0000 -0.2013
-7.4728 78.3184 -34.8500 0.0000 1650400931588 2312577.0000 -0.2013
-7.4444 78.3652 -34.8480 0.0000 1650400931618 2312606.0000 -0.2013
-7.5175 78.2766 -34.7554 0.0000 1650400931647 2312635.0000 -0.2013
-7.5610 78.3399 -34.7982 0.0000 1650400931676 2312664.0000 -0.2018
-7.4608 78.1905 -34.8064 0.0000 1650400931705 2312693.0000 -0.2018
-7.4453 78.2321 -34.7564 0.0000 1650400931734 2312725.0000 -0.2018
-7.3102 78.1863 -34.7365 0.0000 1650400931763 2312751.5000 -0.2018
-7.2729 78.0546 -34.7747 0.0000 1650400931792 2312779.7500 -0.2018
-7.4097 78.2247 -34.7044 0.0000 1650400931821 2312810.5000 -0.2018
-7.4045 78.2086 -34.6970 0.0000 1650400931850 2312837.5000 -0.2018
-7.4343 78.3402 -34.6192 0.0000 1650400931879 2312866.5000 -0.2018
-7.4090 78.2858 -34.7149 0.0000 1650400931907 2312895.5000 -0.2018
-7.4446 78.2096 -34.6732 0.0000 1650400931936 2312924.2500 -0.2018
-7.5109 78.2630 -34.6377 0.0000 1650400931965 2312953.5000 -0.2018
-7.4130 78.2281 -34.6270 0.0000 1650400931995 2312982.5000 -0.2018
