-8.3090 78.8868 -28.7438 39.4784 1650400541107 1922122.2500 -0.1960
-8.3626 78.8887 -28.6840 47.7581 1650400541136 1922151.0000 -0.1960
-8.1872 78.9406 -28.6547 42.9530 1650400541165 1922180.0000 -0.1960
-8.2985 78.8598 -28.6909 35.9110 1650400541194 1922209.0000 -0.1960
-8.2399 78.9167 -28.6847 36.6180 1650400541223 1922237.7500 -0.1960
-8.1889 78.9070 -28.7322 35.3003 1650400541252 1922271.2500 -0.1960
-8.3274 78.8300 -28.7470 33.8747 1650400541280 1922295.5000 -0.1955
-8.1879 78.8569 -28.6835 33.5515 1650400541310 1922324.7500 -0.1955
-8.2639 78.7952 -28.7315 35.1784 1650400541339 1922353.7500 -0.1955
-8.1743 78.7898 -28.8143 34.8221 1650400541368 1922382.7500 -0.1955
-8.2439 78.8620 -28.7617 31.1764 1650400541397 1922411.7500 -0.1955
-8.2101 78.7658 -28.8104 29.8713 1650400541426 1922440.7500 -0.1955
-8.2443 78.7822 -28.8099 30.1881 1650400541455 1922469.7500 -0.1955
-8.2139 78.7396 -28.8412 34.4148 1650400541484 1922499.7500 -0.1955
-8.2639 78.7592 -28.9158 29.7368 1650400541513 1922530.5000 -0.1960
-8.2021 78.7771 -28.7423 33.4052 1650400541542 1922556.7500 -0.1960
-8.3053 78.7224 -28.8596 32.7829 1650400541571 1922588.7500 -0.1957
-8.2823 78.7778 -28.6931 33.7964 1650400541599 1922614.5000 -0.1955
-8.2247 78.8367 -28.7218 33.1869 1650400541629 1922643.7500 -0.1956
-8.2571 78.7681 -28.8292 31.8132 1650400541657 1922672.7500 -0.1960
-8.2470 78.8017 -28.7353 38.4263 1650400541686 1922701.7500 -0.1957
-8.2677 78.6528 -28.7598 30.9965 1650400541715 1922730.7500 -0.1955
-8.2137 78.7210 -28.7689 48.5518 1650400541745 1922759.7500 -0.1955
-8.2663 78.7183 -28.7193 31.6953 1650400541774 1922788.7500 -0.1955
-8.1603 78.8786 -28.7035 29.9267 1650400541803 1922817.7500 -0.1955
-8.2152 78.8526 -28.7388 33.2601 1650400541832 1922846.5000 -0.1960
-8.3339 78.7103 -28.7220 31.7708 1650400541861 1922875.5000 -0.1960
-8.3497 78.7291 -28.8236 40.4764 1650400541890 1922904.2500 -0.1955
-8.3391 78.7000 -28.8577 32.7112 1650400541918 1922933.2500 -0.1955
-8.2351 78.7713 -28.7784 29.6036 1650400541947 1922962.2500 -0.1955
-8.2072 78.8286 -28.7211 33.8473 1650400541976 1922991.2500 -0.1955
-8.1839 78.7964 -28.7632 35.0205 1650400542005 1923020.0000 -0.1955
-8.2050 78.7946 -28.7901 37.7874 1650400542034 1923052.0000 -0.1955
-8.2504 78.7731 -28.7704 28.6443 1650400542063 1923078.2500 -0.1955
-8.1868 78.7660 -28.6260 31.5083 1650400542092 1923107.2500 -0.1955
-8.1624 78.7400 -28.7437 35.1255 1650400542122 1923136.2500 -0.1955
-8.1981 78.7966 -28.6847 29.8981 1650400542151 1923165.2500 -0.1955
-8.1886 78.7549 -28.7564 37.2600 1650400542179 1923194.2500 -0.1955
-8.2826 78.7351 -28.8613 27.7360 1650400542209 1923223.2500 -0.1955
-8.1988 78.6728 -28.8536 39.4481 1650400542237 1923252.0000 -0.1955
-8.2388 78.7043 -28.8123 35.6865 1650400542266 1923283.5000 -0.1955
-8.3258 78.6299 -28.7669 35.8216 1650400542295 1923309.7500 -0.1955
-8.3124 78.7881 -28.7666 33.4338 1650400542324 1923339.0000 -0.1955
-8.2447 78.7513 -28.8196 36.0175 1650400542353 1923369.0000 -0.1955
-8.2519 78.7862 -28.7957 41.4212 1650400542382 1923396.7500 -0.1955
-8.1918 78.7336 -28.7535 33.3051 1650400542411 1923425.7500 -0.1955
-8.2493 78.6325 -28.8138 29.4781 1650400542440 1923454.7500 -0.1955
-8.2358 78.7943 -28.7637 39.4395 1650400542469 1923483.7500 -0.1957
-8.1900 78.7341 -28.7485 32.1888 1650400542498 1923512.7500 -0.1960
-8.2187 78.7289 -28.7910 39.1736 1650400542527 1923541.7500 -0.1960
-8.3342 78.7327 -28.8838 31.6251 1650400542556 1923570.7500 -0.1960
-8.2710 78.7028 -28.6736 37.7251 1650400542585 1923599.7500 -0.1960
-8.2828 78.7527 -28.7624 30.3061 1650400542614 1923628.7500 -0.1960
-8.2041 78.7072 -28.7769 34.2966 1650400542643 1923657.7500 -0.1960
-8.1836 78.8297 -28.7401 36.5605 1650400542672 1923686.7500 -0.1960
-8.2892 78.7185 -28.7425 38.0933 1650400542701 1923715.7500 -0.1960
-8.2301 78.7662 -28.7801 33.9545 1650400542730 1923744.7500 -0.1960
-8.2007 78.7415 -28.7466 27.5875 1650400542758 1923773.7500 -0.1960
-8.3189 78.6997 -28.7687 25.8113 1650400542788 1923805.2500 -0.1960
-8.2536 78.6601 -28.6558 33.9694 1650400542816 1923831.2500 -0.1960
-8.2787 78.6542 -28.7383 30.5210 1650400542845 1923860.7500 -0.1955
-8.3406 78.5732 -28.8890 31.8024 1650400542874 1923889.7500 -0.1955
-8.3033 78.5757 -28.8647 41.4992 1650400542904 1923918.7500 -0.1955
-8.3335 78.6806 -28.7408 27.2189 1650400542933 1923947.5000 -0.1955
-8.2652 78.6869 -28.7418 37.0423 1650400542962 1923976.5000 -0.1950
-8.2734 78.6792 -28.8984 45.1354 1650400542991 1924005.5000 -0.1950
-8.2566 78.7018 -28.7453 31.4576 1650400543020 1924035.7500 -0.1950
-8.2573 78.7392 -28.7847 36.2374 1650400543049 1924065.7500 -0.1950
-8.2043 78.6902 -28.7243 28.8949 1650400543077 1924092.2500 -0.1950
-8.3689 78.6141 -28.8360 28.3515 1650400543107 1924121.2500 -0.1950
-8.2043 78.7620 -28.7010 31.2333 1650400543135 1924150.0000 -0.1950
-8.2941 78.6369 -28.7687 39.7509 1650400543164 1924179.2500 -0.1950
-8.2433 78.7230 -28.7251 35.3966 1650400543193 1924208.2500 -0.1955
-8.1368 78.7817 -28.6521 38.2177 1650400543222 1924237.2500 -0.1955
-8.2069 78.7526 -28.7197 40.6436 1650400543251 1924266.2500 -0.1955
-8.2204 78.7416 -28.8429 45.4740 1650400543281 1924295.2500 -0.1955
-8.2389 78.6666 -28.7945 36.7186 1650400543310 1924324.2500 -0.1957
-8.0788 78.7619 -28.6603 38.9646 1650400543338 1924353.2500 -0.1960
-8.1086 78.8651 -28.6258 30.3514 1650400543368 1924382.0000 -0.1960
-8.1433 78.8093 -28.6711 41.0138 1650400543396 1924411.0000 -0.1960
-8.1503 78.7065 -28.6789 35.4830 1650400543425 1924440.0000 -0.1960
-8.2402 78.6684 -28.7167 42.8816 1650400543454 1924468.7500 -0.1960
-8.2817 78.6632 -28.8091 40.5673 1650400543483 1924497.7500 -0.1960
-8.1544 78.7468 -28.6868 37.6772 1650400543512 1924526.7500 -0.1960
-8.2813 78.6433 -28.7899 33.5136 1650400543541 1924557.2500 -0.1960
-8.3127 78.6678 -28.8417 31.7020 1650400543570 1924584.2500 -0.1960
-8.1723 78.8185 -28.6942 38.0360 1650400543599 1924613.7500 -0.1960
-8.2285 78.6560 -28.7165 32.3185 1650400543628 1924642.7500 -0.1960
-8.1685 78.8044 -28.5719 27.1314 1650400543657 1924671.7500 -0.1960
-8.3569 78.8964 -28.0641 23.6273 1650400543687 1924700.7500 -0.1960
-8.2843 78.6990 -27.3732 26.6622 1650400543715 1924729.7500 -0.1960
-8.1743 78.5551 -27.1852 54.0308 1650400543744 1924758.7500 -0.1960
-8.2155 78.2781 -26.2824 41.9730 1650400543773 1924787.7500 -0.1960
-8.2657 78.2106 -26.0901 44.4260 1650400543802 1924819.5000 -0.1955
-8.1999 78.4198 -25.4684 40.5193 1650400543831 1924847.0000 -0.1955
-8.3678 78.4157 -24.6435 46.9190 1650400543860 1924874.7500 -0.1955
-8.1618 78.3641 -24.2333 43.4575 1650400543889 1924904.7500 -0.1955
-8.1706 78.3762 -23.3929 42.2657 1650400543918 1924932.7500 -0.1955
-8.1309 78.3801 -22.8260 32.3024 1650400543947 1924961.7500 -0.1955
-8.1222 78.4266 -22.1776 42.3519 1650400543975 1924990.7500 -0.1955
-8.1057 78.3394 -21.4993 36.1203 1650400544004 1925019.7500 -0.1955
-7.8819 78.3666 -21.3139 40.5616 1650400544033 1925048.5000 -0.1955
-7.7712 78.7011 -21.2076 34.2222 1650400544063 1925077.5000 -0.1955
-7.7917 78.6782 -21.2931 38.6285 1650400544092 1925106.5000 -0.1955
-7.8304 78.7918 -21.1079 30.1082 1650400544121 1925135.2500 -0.1955
-7.8473 78.6620 -21.3498 32.5619 1650400544150 1925164.2500 -0.1955
-7.7353 78.6840 -21.2232 35.1570 1650400544179 1925193.2500 -0.1955
-7.8586 78.7007 -21.2024 35.9615 1650400544208 1925222.2500 -0.1960
-7.7755 78.7918 -21.1714 39.0038 1650400544236 1925251.2500 -0.1960
-7.8093 78.7146 -21.0675 35.5699 1650400544266 1925280.2500 -0.1960
-7.8577 78.6509 -21.2426 38.5564 1650400544294 1925309.2500 -0.1960
-7.8615 78.6551 -21.1291 35.3369 1650400544323 1925339.5000 -0.1960
-7.9018 78.7367 -21.0928 42.3379 1650400544352 1925368.2500 -0.1960
-7.8241 78.6629 -21.0883 36.6746 1650400544381 1925396.2500 -0.1960
-7.9199 78.7556 -21.0712 36.6708 1650400544410 1925425.2500 -0.1960
-7.9079 78.7463 -21.0217 35.3718 1650400544439 1925454.2500 -0.1960
-7.9223 78.7635 -20.9744 38.7855 1650400544469 1925483.0000 -0.1960
-7.9010 78.7555 -21.0463 32.6466 1650400544498 1925512.0000 -0.1960
-7.8048 78.7895 -20.9664 35.6754 1650400544527 1925541.0000 -0.1960
-7.9074 78.7251 -20.9799 28.6594 1650400544555 1925570.0000 -0.1960
-7.8847 78.7014 -21.0401 31.9229 1650400544584 1925600.0000 -0.1955
-7.8812 78.7298 -20.9866 33.6938 1650400544613 1925627.7500 -0.1955
-7.8288 78.7588 -21.0249 37.2207 1650400544642 1925658.2500 -0.1955
-7.8101 78.8334 -20.9290 35.5798 1650400544671 1925687.0000 -0.1955
-7.8262 78.7171 -21.0130 41.1141 1650400544700 1925714.7500 -0.1955
-7.8191 78.7905 -20.9458 31.8873 1650400544729 1925743.7500 -0.1955
-7.8605 78.7376 -21.0929 27.9961 1650400544758 1925772.7500 -0.1955
-7.8641 78.7915 -21.0163 29.0692 1650400544789 1925801.7500 -0.1955
-7.8629 78.7628 -20.9934 33.5443 1650400544816 1925830.7500 -0.1955
-7.8246 78.8534 -20.8430 42.1730 1650400544846 1925859.7500 -0.1955
-7.8644 78.7209 -20.9473 41.0743 1650400544874 1925888.7500 -0.1955
-7.9441 78.7810 -21.0459 42.9273 1650400544903 1925917.7500 -0.1955
-7.9036 78.8432 -20.9601 30.3283 1650400544932 1925946.7500 -0.1955
-7.9875 78.7296 -21.0048 34.2736 1650400544961 1925975.7500 -0.1955
-7.9189 78.7601 -21.0013 31.1706 1650400544990 1926004.7500 -0.1955
-8.0370 78.5624 -21.0811 37.2763 1650400545019 1926033.7500 -0.1955
-7.9035 78.7443 -21.0466 30.1330 1650400545048 1926062.7500 -0.1956
-7.9816 78.7729 -21.0262 39.8972 1650400545077 1926093.0000 -0.1960
-7.9798 78.7316 -20.9767 33.4107 1650400545106 1926121.2500 -0.1960
-8.0192 78.7115 -21.1350 26.7265 1650400545134 1926149.7500 -0.1960
-8.0465 78.6914 -21.0039 30.4219 1650400545164 1926178.5000 -0.1960
-8.0316 78.6212 -21.0990 29.9316 1650400545192 1926207.5000 -0.1960
-8.0437 78.6713 -20.9577 38.4159 1650400545222 1926236.2500 -0.1960
-7.9599 78.6482 -21.0127 33.2939 1650400545251 1926265.0000 -0.1960
-8.0066 78.6486 -21.0400 38.5675 1650400545280 1926294.2500 -0.1958
-8.0159 78.6551 -21.0001 38.0502 1650400545309 1926323.2500 -0.1955
-7.9898 78.5534 -21.0558 40.5351 1650400545338 1926353.5000 -0.1955
-7.9604 78.5900 -21.5295 40.4659 1650400545367 1926384.0000 -0.1960
-7.7107 78.6106 -22.2629 55.3463 1650400545396 1926410.2500 -0.1960
-7.8401 78.4849 -22.8456 51.3939 1650400545425 1926440.5000 -0.1955
-7.8849 78.4084 -23.7301 47.4420 1650400545453 1926468.2500 -0.1955
-7.4361 78.8145 -24.1731 38.9139 1650400545482 1926497.2500 -0.1955
-7.8295 78.3604 -24.9430 34.6987 1650400545511 1926526.2500 -0.1955
-7.9375 78.3318 -25.5196 38.7672 1650400545540 1926555.2500 -0.1955
-7.6451 78.5144 -26.0998 31.1761 1650400545569 1926584.2500 -0.1955
-8.0036 78.1277 -27.0207 39.2083 1650400545598 1926613.0000 -0.1955
-7.8710 78.4535 -27.5252 32.6254 1650400545628 1926642.0000 -0.1955
-7.8742 78.5469 -28.2027 34.8593 1650400545657 1926671.0000 -0.1960
-8.1437 78.0684 -29.0568 30.6501 1650400545686 1926699.7500 -0.1960
-7.7903 78.5933 -29.4692 30.5865 1650400545714 1926728.7500 -0.1962
-8.0763 78.4677 -30.3320 38.2002 1650400545744 1926757.7500 -0.1955
-8.0909 78.3642 -30.9288 26.9685 1650400545772 1926786.7500 -0.1957
-7.9657 78.6102 -31.5059 38.8441 1650400545801 1926815.7500 -0.1960
-8.3116 78.2263 -32.3074 27.3476 1650400545830 1926844.7500 -0.1960
-7.9187 78.7342 -32.6855 31.2928 1650400545859 1926874.7500 -0.1960
-8.1401 78.5615 -33.5336 27.8616 1650400545888 1926902.5000 -0.1960
-8.1961 78.4517 -34.0921 27.6755 1650400545917 1926931.7500 -0.1960
-7.9103 78.6489 -34.5498 42.8091 1650400545946 1926960.7500 -0.1960
-7.9793 78.5481 -35.3928 30.3890 1650400545975 1926989.7500 -0.1960
-8.1373 78.4621 -35.9279 27.4346 1650400546004 1927018.7500 -0.1960
-7.9755 78.7271 -36.3982 32.1663 1650400546033 1927047.7500 -0.1960
-7.9093 78.4984 -37.0548 28.1934 1650400546062 1927076.7500 -0.1960
-8.1062 78.4150 -37.7006 27.7160 1650400546091 1927105.7500 -0.1960
-7.9550 78.5605 -38.3712 29.1777 1650400546120 1927138.7500 -0.1960
-8.1560 78.3022 -38.9135 36.6939 1650400546149 1927163.2500 -0.1960
-7.8759 78.4343 -39.2944 32.2081 1650400546178 1927192.7500 -0.1960
-8.1031 78.3897 -39.7308 27.2472 1650400546207 1927224.5000 -0.1960
-8.0139 78.5252 -40.2078 26.4965 1650400546236 1927250.7500 -0.1960
-8.3214 78.3069 -40.9440 25.3998 1650400546265 1927279.7500 -0.1960
-8.0024 78.2298 -41.0813 26.8208 1650400546293 1927308.5000 -0.1960
-7.9821 78.4914 -41.3187 34.5497 1650400546323 1927337.5000 -0.1955
-8.0310 78.4545 -41.7551 31.8515 1650400546351 1927366.2500 -0.1955
-7.9036 78.5158 -42.1283 33.5764 1650400546381 1927395.2500 -0.1955
-8.1976 78.1193 -42.5217 24.0942 1650400546410 1927424.2500 -0.1955
-8.4485 77.9379 -42.7907 26.6515 1650400546439 1927453.2500 -0.1955
-8.2596 78.0463 -42.8847 25.1507 1650400546468 1927482.2500 -0.1955
-8.2451 78.1813 -43.0594 23.5873 1650400546497 1927511.2500 -0.1955
-8.0774 78.6241 -43.0350 31.7558 1650400546526 1927540.2500 -0.1955
-8.0975 78.5277 -43.0987 32.6654 1650400546555 1927569.2500 -0.1955
-8.1714 78.5630 -43.2888 37.3297 1650400546584 1927598.2500 -0.1955
-8.0259 78.5244 -43.4296 36.9523 1650400546612 1927627.2500 -0.1955
-8.0817 78.5894 -43.4740 35.4158 1650400546641 1927658.7500 -0.1955
-7.9978 78.5943 -43.3242 35.8388 1650400546670 1927685.0000 -0.1957
-8.0333 78.4698 -43.4311 37.5363 1650400546699 1927714.0000 -0.1960
-8.0628 78.5317 -43.5426 30.1627 1650400546728 1927743.0000 -0.1960
-8.0432 78.6728 -43.4333 35.1847 1650400546757 1927772.0000 -0.1960
-8.0352 78.5075 -43.4243 39.4319 1650400546787 1927800.7500 -0.1960
-8.0869 78.5739 -43.2414 34.0288 1650400546816 1927829.7500 -0.1960
-7.8940 78.7900 -42.9253 27.3640 1650400546845 1927858.7500 -0.1961
-7.8750 78.8077 -42.6725 26.2281 1650400546873 1927887.7500 -0.1965
-7.8289 78.9054 -42.5035 29.2377 1650400546903 1927918.0000 -0.1965
-7.9513 78.7124 -42.5101 26.0284 1650400546931 1927945.7500 -0.1960
-7.8662 78.6264 -42.4292 34.6834 1650400546960 1927977.7500 -0.1959
-7.9485 78.5005 -42.0024 33.0876 1650400546989 1928003.5000 -0.1960
-7.9184 78.5510 -41.7306 43.8388 1650400547018 1928032.7500 -0.1960
-8.1320 78.2978 -41.5235 32.4369 1650400547047 1928061.7500 -0.1960
-7.9732 78.5374 -41.1230 35.3446 1650400547076 1928090.7500 -0.1960
-7.8189 78.6333 -40.6635 31.3288 1650400547105 1928119.7500 -0.1960
-7.8912 78.4049 -40.3065 37.9081 1650400547134 1928148.7500 -0.1960
-7.7177 78.6032 -39.8475 48.8112 1650400547163 1928177.7500 -0.1960
-7.9129 78.6358 -39.4611 37.7960 1650400547192 1928206.7500 -0.1960
-7.7867 78.6975 -38.9583 34.3160 1650400547222 1928235.7500 -0.1955
-7.8129 78.6606 -38.3995 50.5119 1650400547250 1928264.7500 -0.1955
-7.7470 78.7003 -37.8601 42.1442 1650400547279 1928293.7500 -0.1955
-7.8654 78.6895 -37.3502 36.2141 1650400547308 1928322.7500 -0.1955
-7.8957 78.6664 -36.8489 36.3977 1650400547337 1928351.7500 -0.1955
-7.9305 78.7118 -36.3093 41.4055 1650400547366 1928380.7500 -0.1955
-7.7820 78.8864 -35.5261 29.6342 1650400547395 1928409.0000 -0.1955
-8.0601 78.6927 -34.9790 38.6436 1650400547424 1928441.5000 -0.1955
-7.9284 78.8806 -34.3454 36.2242 1650400547453 1928467.2500 -0.1957
-8.1177 78.7765 -33.8553 30.7731 1650400547482 1928496.2500 -0.1960
-8.0200 78.7677 -33.1607 36.7067 1650400547510 1928525.2500 -0.1960
-8.0048 78.8292 -32.6139 38.6784 1650400547540 1928554.2500 -0.1960
-8.1661 78.7228 -31.8958 36.2261 1650400547569 1928583.2500 -0.1960
-8.0350 78.7699 -31.2866 44.5593 1650400547598 1928612.2500 -0.1960
-7.8892 78.8027 -30.6975 37.7774 1650400547627 1928641.2500 -0.1960
-8.1124 78.8526 -29.8766 37.1473 1650400547656 1928673.0000 -0.1965
-8.0233 78.8556 -29.2128 38.2119 1650400547685 1928699.0000 -0.1965
-7.9864 78.6759 -28.5162 30.0024 1650400547714 1928728.2500 -0.1965
-7.9714 78.7757 -27.7846 40.0867 1650400547743 1928758.5000 -0.1965
-8.0385 78.8019 -27.1061 42.0696 1650400547771 1928786.2500 -0.1960
-7.9923 78.6591 -26.3854 28.8372 1650400547801 1928815.0000 -0.1960
-7.8905 78.7496 -25.7673 37.9443 1650400547829 1928844.0000 -0.1965
-7.9673 78.8680 -25.0423 33.2146 1650400547858 1928873.0000 -0.1965
-8.0114 78.5946 -24.4712 34.7026 1650400547887 1928902.0000 -0.1960
-7.7887 78.8638 -23.7206 38.8791 1650400547916 1928930.7500 -0.1960
-7.9327 78.6825 -23.0447 30.7318 1650400547946 1928959.7500 -0.1960
-7.8325 78.6541 -22.5097 37.0889 1650400547975 1928988.7500 -0.1960
-7.8635 78.7214 -22.0150 36.3353 1650400548004 1929017.7500 -0.1960
-7.9792 78.7316 -21.2193 32.9874 1650400548033 1929046.7500 -0.1960
-7.7509 78.5274 -21.2148 30.1485 1650400548062 1929075.7500 -0.1960
-7.7336 78.6374 -21.1984 33.3724 1650400548090 1929104.7500 -0.1960
-7.7467 78.5327 -21.2630 34.2763 1650400548119 1929133.7500 -0.1957
-7.7593 78.4794 -21.2088 29.2148 1650400548148 1929162.7500 -0.1955
-7.7642 78.7492 -21.0801 25.5579 1650400548177 1929194.5000 -0.1955
-7.7984 78.7226 -21.1869 29.8167 1650400548206 1929220.5000 -0.1955
-7.7297 78.6433 -21.2085 36.7414 1650400548235 1929249.7500 -0.1955
-7.7866 78.6938 -21.2857 34.9302 1650400548264 1929278.7500 -0.1955
-7.8557 78.8538 -21.0796 30.2381 1650400548293 1929307.7500 -0.1955
-7.8989 78.7106 -21.2289 35.8454 1650400548322 1929336.7500 -0.1955
-7.7397 78.7502 -21.1455 35.6822 1650400548351 1929365.7500 -0.1957
-7.7862 78.8235 -21.0629 28.2519 1650400548381 1929394.7500 -0.1960
-7.7025 78.8176 -21.0973 27.3258 1650400548409 1929425.0000 -0.1960
-7.7327 78.7865 -21.1049 39.9782 1650400548438 1929454.7500 -0.1960
-7.7811 78.7625 -21.1175 35.2966 1650400548467 1929481.7500 -0.1961
-7.6228 78.8490 -21.0051 38.3261 1650400548496 1929510.5000 -0.1965
-7.7586 78.8710 -21.1592 39.7511 1650400548525 1929539.2500 -0.1965
-7.7426 78.8943 -21.0979 38.4261 1650400548554 1929568.5000 -0.1965
-7.7404 78.9603 -21.0181 29.9508 1650400548583 1929597.2500 -0.1965
-7.5837 78.9961 -20.9424 34.1843 1650400548612 1929626.2500 -0.1965
-7.8090 78.9420 -20.9806 39.3818 1650400548641 1929655.2500 -0.1965
-7.7801 78.9276 -20.9664 39.8652 1650400548669 1929684.2500 -0.1965
-7.6185 78.9257 -20.9227 35.5958 1650400548699 1929713.2500 -0.1965
-7.6344 78.9357 -20.8845 35.8012 1650400548728 1929742.2500 -0.1965
-7.7249 78.8554 -21.0249 34.9812 1650400548757 1929771.2500 -0.1965
-7.6296 78.8660 -20.9756 41.9366 1650400548786 1929800.2500 -0.1960
-7.7229 78.8718 -20.9561 39.8837 1650400548815 1929829.2500 -0.1960
-7.6800 78.9051 -20.9710 30.3036 1650400548844 1929858.2500 -0.1965
-7.6523 78.8953 -20.9971 40.4897 1650400548873 1929887.2500 -0.1965
-7.7555 78.7692 -21.0382 33.3961 1650400548902 1929916.0000 -0.1960
-7.7169 78.8377 -20.9802 32.4839 1650400548930 1929946.5000 -0.1960
-7.7480 78.8392 -20.9497 34.2623 1650400548960 1929976.5000 -0.1960
-7.6561 78.9235 -21.0450 31.2999 1650400548988 1930003.0000 -0.1960
-7.5993 78.8778 -20.9285 31.1339 1650400549017 1930032.0000 -0.1963
-7.7345 78.7609 -20.9759 37.4772 1650400549046 1930060.7500 -0.1960
-7.7855 78.8826 -20.9348 40.3688 1650400549075 1930089.7500 -0.1960
-7.8331 78.8592 -20.9946 31.8262 1650400549104 1930118.7500 -0.1960
-7.7378 78.7974 -20.9698 27.7569 1650400549134 1930147.7500 -0.1960
-7.8358 78.8047 -21.0061 35.8809 1650400549163 1930176.7500 -0.1960
-7.6532 78.7497 -21.0475 34.6042 1650400549192 1930208.5000 -0.1960
-7.7669 78.6648 -21.0366 34.2709 1650400549221 1930234.2500 -0.1960
-7.6975 78.8009 -20.9901 34.3253 1650400549249 1930263.7500 -0.1961
-7.8160 78.7401 -20.9661 33.8112 1650400549279 1930295.2500 -0.1965
-7.7984 78.6997 -21.1016 39.5854 1650400549307 1930321.7500 -0.1965
-7.6944 78.6950 -20.9493 35.7004 1650400549336 1930350.7500 -0.1965
-7.6650 78.7219 -21.0859 37.5313 1650400549365 1930379.7500 -0.1965
-7.9708 78.4422 -21.9688 34.6027 1650400549394 1930408.7500 -0.1965
-7.6078 78.6481 -22.3895 53.9020 1650400549423 1930437.7500 -0.1965
-7.8862 78.5058 -23.0747 40.3785 1650400549452 1930466.7500 -0.1960
-7.7243 78.7324 -23.8598 32.2954 1650400549481 1930495.7500 -0.1961
-7.3386 78.9435 -24.2271 32.7161 1650400549510 1930524.7500 -0.1965
-7.9211 78.4716 -25.0911 32.8885 1650400549540 1930553.7500 -0.1965
-7.8565 78.5719 -25.7632 36.0221 1650400549568 1930582.7500 -0.1960
-7.7054 78.6347 -26.2424 30.9874 1650400549597 1930611.7500 -0.1960
-8.1097 78.3355 -27.1242 26.9513 1650400549626 1930640.5000 -0.1960
-7.6278 78.7392 -27.5937 37.0935 1650400549655 1930669.5000 -0.1960
-7.9095 78.3785 -28.3751 27.2743 1650400549684 1930698.2500 -0.1960
-8.0117 78.3697 -29.0592 30.2997 1650400549713 1930730.0000 -0.1960
-7.8057 78.6304 -29.6483 43.3227 1650400549742 1930757.2500 -0.1960
-8.1575 78.2513 -30.6403 25.6011 1650400549771 1930785.2500 -0.1960
-7.8876 78.7385 -30.9981 36.4153 1650400549800 1930815.5000 -0.1955
-7.9969 78.6631 -31.7390 35.6504 1650400549828 1930843.2500 -0.1955
-8.2551 78.4483 -32.5028 29.3492 1650400549858 1930872.2500 -0.1955
-7.9105 78.9089 -32.8753 41.9058 1650400549887 1930901.2500 -0.1955
-8.1602 78.4779 -33.7600 34.2244 1650400549916 1930930.2500 -0.1955
-8.1452 78.4780 -34.3042 32.2860 1650400549945 1930959.2500 -0.1955
-7.9564 78.6625 -34.8965 41.3161 1650400549974 1930989.0000 -0.1955
-8.1019 78.4801 -35.5970 28.4757 1650400550003 1931017.2500 -0.1955
-8.0722 78.5433 -35.9464 19.7075 1650400550032 1931047.5000 -0.1955
-8.0321 78.6134 -36.6745 35.1174 1650400550061 1931074.2500 -0.1955
-8.1284 78.4625 -37.4395 27.5057 1650400550090 1931104.0000 -0.1960
-8.1129 78.3615 -37.8288 23.6668 1650400550119 1931133.0000 -0.1960
-8.1230 78.6367 -38.3015 35.4548 1650400550147 1931161.7500 -0.1960
-8.3895 78.3405 -39.1876 26.9702 1650400550176 1931190.7500 -0.1960
-8.1828 78.2742 -39.4941 22.0143 1650400550205 1931219.7500 -0.1960
-8.2073 78.5090 -39.8736 30.5111 1650400550234 1931248.7500 -0.1960
-8.2120 78.4830 -40.3948 32.6799 1650400550263 1931277.7500 -0.1960
-8.3825 78.1998 -41.0313 30.4679 1650400550293 1931306.7500 -0.1960
-8.3364 78.2274 -41.3090 29.1595 1650400550322 1931335.7500 -0.1960
-7.9233 78.4657 -41.3351 25.6077 1650400550351 1931364.7500 -0.1960
-7.9896 78.5648 -41.8232 29.5599 1650400550380 1931393.7500 -0.1960
-8.0510 78.4401 -42.2370 36.1440 1650400550408 1931422.7500 -0.1960
-8.0361 78.2073 -42.4541 29.8979 1650400550438 1931451.7500 -0.1960
-8.2557 77.8700 -42.8204 22.0445 1650400550466 1931482.2500 -0.1960
-8.2038 78.0942 -42.9208 28.2344 1650400550495 1931510.5000 -0.1960
-8.0519 78.4643 -43.0135 33.2456 1650400550524 1931538.7500 -0.1955
-8.0547 78.4246 -43.1488 32.2508 1650400550553 1931567.7500 -0.1955
-8.0079 78.4484 -43.2536 27.4452 1650400550582 1931596.7500 -0.1955
-7.9902 78.6738 -43.2345 45.5919 1650400550611 1931625.7500 -0.1955
-8.2402 78.4118 -43.5233 36.1148 1650400550640 1931654.7500 -0.1955
-7.9643 78.4924 -43.4845 33.6343 1650400550669 1931683.7500 -0.1955
-8.0239 78.3338 -43.4988 38.0745 1650400550699 1931712.7500 -0.1955
-8.0083 78.5153 -43.4741 45.1260 1650400550727 1931742.2500 -0.1955
-7.9896 78.5961 -43.4953 29.8099 1650400550757 1931773.5000 -0.1957
-8.0398 78.5726 -43.5168 32.5030 1650400550785 1931799.5000 -0.1960
-7.9645 78.6162 -43.3228 31.2205 1650400550814 1931829.5000 -0.1958
-7.9420 78.7402 -43.1537 34.8777 1650400550843 1931857.2500 -0.1955
-7.9166 78.8555 -42.8442 31.6806 1650400550872 1931886.2500 -0.1957
-7.9403 78.8771 -42.6345 27.6910 1650400550901 1931915.2500 -0.1960
-7.9061 78.8253 -42.4720 27.2455 1650400550930 1931944.2500 -0.1960
-7.8771 78.7049 -42.3896 20.4345 1650400550959 1931973.2500 -0.1960
-8.1333 78.4855 -42.3408 25.4044 1650400550987 1932002.2500 -0.1960
-7.9489 78.7568 -41.8485 37.5307 1650400551017 1932031.2500 -0.1960
-8.1060 78.5920 -41.6819 50.1798 1650400551046 1932060.2500 -0.1960
-7.8948 78.7428 -41.2406 37.3010 1650400551075 1932089.2500 -0.1960
-8.0657 78.5513 -41.0820 27.4879 1650400551104 1932118.2500 -0.1960
-8.0313 78.5766 -40.7338 32.1991 1650400551133 1932147.2500 -0.1965
-8.0658 78.5231 -40.2507 41.0731 1650400551162 1932176.0000 -0.1965
-7.9533 78.7222 -39.7822 43.9066 1650400551191 1932205.0000 -0.1965
-7.9964 78.6194 -39.5148 37.4595 1650400551220 1932234.0000 -0.1965
-7.8836 78.7741 -38.7874 38.5179 1650400551249 1932264.2500 -0.1960
-8.1777 78.5805 -38.4535 39.6447 1650400551278 1932293.0000 -0.1960
-7.9328 78.5944 -37.7743 37.9356 1650400551306 1932320.7500 -0.1960
-7.9799 78.8091 -37.2277 32.6412 1650400551336 1932349.7500 -0.1960
-8.0847 78.7146 -36.6613 42.9686 1650400551364 1932378.7500 -0.1955
-8.1084 78.6381 -36.1694 44.0311 1650400551393 1932407.7500 -0.1955
-8.0899 78.7120 -35.5239 34.3573 1650400551422 1932436.7500 -0.1955
-8.0920 78.8050 -34.8223 33.1272 1650400551452 1932465.7500 -0.1955
-7.9944 78.8084 -34.3215 32.3669 1650400551481 1932494.7500 -0.1950
-8.1125 78.9463 -33.5624 28.5811 1650400551510 1932526.5000 -0.1950
-8.2698 78.8819 -32.9583 47.3699 1650400551539 1932552.5000 -0.1952
-7.9972 78.9934 -32.2828 38.5408 1650400551568 1932581.7500 -0.1955
-7.9245 78.9404 -31.6189 30.2507 1650400551597 1932613.5000 -0.1955
-8.0224 78.9227 -31.0798 33.4081 1650400551625 1932639.7500 -0.1955
-8.0251 78.8035 -30.3474 37.6898 1650400551654 1932668.7500 -0.1955
-8.0837 78.7585 -29.6838 35.0489 1650400551683 1932697.7500 -0.1955
-8.0166 78.9041 -28.9792 32.1435 1650400551712 1932726.7500 -0.1955
-8.1567 78.7290 -28.2291 40.0127 1650400551741 1932755.7500 -0.1955
-7.9161 78.9076 -27.5304 27.9781 1650400551770 1932784.7500 -0.1957
-8.0241 78.8409 -26.9638 31.9351 1650400551799 1932813.7500 -0.1960
-8.0950 78.6661 -26.2127 31.8270 1650400551828 1932842.7500 -0.1960
-7.9768 78.8848 -25.5813 43.4325 1650400551858 1932871.5000 -0.1960
-8.0043 78.6129 -24.8912 28.2391 1650400551886 1932900.5000 -0.1960
-8.0728 78.7256 -24.2324 38.7717 1650400551916 1932929.2500 -0.1960
-7.9398 78.8798 -23.5451 36.7923 1650400551944 1932958.2500 -0.1960
-7.9126 78.6764 -22.7862 37.6616 1650400551973 1932987.2500 -0.1960
-7.8503 78.6889 -22.3137 43.2422 1650400552002 1933016.2500 -0.1960
-7.8822 78.7423 -21.6511 38.0341 1650400552031 1933047.7500 -0.1960
-7.9035 78.5854 -21.1487 27.5271 1650400552060 1933074.0000 -0.1960
-7.8280 78.5582 -21.1702 30.9670 1650400552089 1933103.2500 -0.1960
-7.8138 78.6605 -21.2543 32.7744 1650400552118 1933132.2500 -0.1960
-7.9202 78.7776 -21.2719 33.8837 1650400552147 1933161.2500 -0.1960
-8.0295 78.7670 -21.1125 33.3446 1650400552176 1933190.2500 -0.1960
-8.0319 78.7056 -21.1608 31.0818 1650400552205 1933219.2500 -0.1955
-8.0376 78.7202 -21.2429 28.8754 1650400552234 1933248.2500 -0.1955
-7.8779 78.7731 -21.1362 39.8880 1650400552263 1933276.7500 -0.1955
-7.9997 78.7775 -21.1139 36.8987 1650400552292 1933307.0000 -0.1955
-7.9026 78.7936 -21.2259 39.5647 1650400552321 1933335.0000 -0.1955
-7.9048 78.8704 -21.1017 38.9581 1650400552350 1933365.2500 -0.1955
-7.8788 78.8724 -21.0829 37.7843 1650400552379 1933392.5000 -0.1955
-7.8736 78.9491 -21.0991 42.7069 1650400552408 1933421.7500 -0.1955
-7.8651 78.9673 -21.0826 32.1072 1650400552437 1933450.7500 -0.1955
-7.8508 78.9124 -21.0264 40.3110 1650400552465 1933479.7500 -0.1955
-7.8125 78.8787 -20.9573 33.6156 1650400552495 1933508.7500 -0.1955
-7.7634 78.9108 -20.9813 34.5467 1650400552523 1933537.7500 -0.1955
-7.7869 78.9568 -21.0228 26.2759 1650400552552 1933566.7500 -0.1957
-7.7332 78.9913 -20.9717 31.2003 1650400552581 1933595.7500 -0.1960
-7.8361 78.9386 -20.9549 30.8784 1650400552611 1933624.7500 -0.1960
-7.7579 78.9626 -20.9166 30.2515 1650400552640 1933653.7500 -0.1960
-7.6252 79.0540 -20.9222 40.0478 1650400552669 1933682.7500 -0.1960
-7.8223 78.9277 -21.0315 29.0357 1650400552698 1933711.7500 -0.1960
-7.7836 79.0223 -20.9229 38.4295 1650400552727 1933740.7500 -0.1960
-7.7015 78.8625 -20.9548 30.9392 1650400552756 1933769.7500 -0.1960
-7.6932 78.9006 -20.9247 34.2844 1650400552784 1933799.7500 -0.1960
-7.7373 78.9243 -20.8794 33.0477 1650400552813 1933827.2500 -0.1960
-7.6985 78.8896 -20.9997 33.9379 1650400552842 1933856.7500 -0.1960
-7.7657 79.0329 -20.9336 36.9607 1650400552871 1933885.7500 -0.1960
-7.7953 78.9477 -20.9688 38.2753 1650400552900 1933914.7500 -0.1960
-7.6663 78.9575 -20.9083 35.1096 1650400552929 1933943.7500 -0.1960
-7.7095 78.9861 -20.9495 33.5469 1650400552958 1933972.5000 -0.1960
-7.6858 78.7979 -20.9571 36.8719 1650400552987 1934001.5000 -0.1955
-7.7374 79.0240 -20.8591 36.7221 1650400553017 1934030.5000 -0.1955
-7.6957 78.9845 -20.8809 31.1830 1650400553045 1934060.5000 -0.1955
-7.7607 78.8733 -20.9637 33.7552 1650400553075 1934089.7500 -0.1955
-7.6256 79.0035 -20.8756 44.8088 1650400553103 1934117.2500 -0.1955
-7.6715 78.9646 -20.9080 37.5087 1650400553132 1934147.5000 -0.1955
-7.6662 78.8743 -20.9455 41.5766 1650400553161 1934175.2500 -0.1955
-7.7895 78.9475 -20.9052 36.2063 1650400553190 1934204.2500 -0.1955
-7.7194 78.9315 -20.9271 39.0126 1650400553219 1934233.2500 -0.1956
-7.6289 78.8739 -20.9601 32.2050 1650400553248 1934262.2500 -0.1955
-7.6905 78.8877 -20.8708 37.5991 1650400553277 1934291.2500 -0.1955
-7.6701 78.8976 -20.9282 44.3996 1650400553306 1934320.2500 -0.1955
-7.7520 78.9422 -20.9248 36.9267 1650400553335 1934349.2500 -0.1955
-7.6831 78.9229 -20.8168 36.4080 1650400553364 1934378.2500 -0.1955
-7.6230 78.7660 -21.1180 36.9687 1650400553394 1934407.0000 -0.1955
-7.7092 78.7031 -21.9435 38.2944 1650400553422 1934436.0000 -0.1955
-7.5561 78.8770 -22.3939 54.1408 1650400553451 1934465.0000 -0.1956
-7.8736 78.5855 -23.2166 43.6969 1650400553480 1934493.7500 -0.1960
-7.6152 78.8501 -23.8534 44.1689 1650400553509 1934522.7500 -0.1960
-7.4289 78.8433 -24.4694 34.8093 1650400553538 1934551.7500 -0.1960
-7.9211 78.5458 -25.2760 41.9497 1650400553567 1934582.0000 -0.1960
-7.6283 78.6741 -25.8705 39.4416 1650400553596 1934609.5000 -0.1960
-7.7923 78.6569 -26.4800 40.3404 1650400553624 1934638.7500 -0.1960
-7.8301 78.4710 -27.2606 34.3334 1650400553654 1934667.7500 -0.1960
-7.6961 78.7583 -27.7665 32.8311 1650400553682 1934696.7500 -0.1960
-8.0592 78.2614 -28.7171 30.7315 1650400553711 1934725.7500 -0.1960
-7.8350 78.6206 -29.1886 27.4982 1650400553740 1934754.7500 -0.1960
-7.9104 78.6685 -29.9210 41.3113 1650400553770 1934783.7500 -0.1960
-8.2711 78.3937 -30.6883 23.9570 1650400553799 1934812.7500 -0.1960
-7.8316 78.7740 -31.2430 34.7339 1650400553828 1934844.0000 -0.1960
-8.1819 78.4176 -32.0059 32.4827 1650400553857 1934870.7500 -0.1960
-8.1310 78.5601 -32.5431 29.9895 1650400553886 1934901.2500 -0.1960
-8.0166 78.6816 -33.2142 35.8493 1650400553915 1934928.5000 -0.1960
-8.2739 78.3138 -34.0460 25.7767 1650400553943 1934957.7500 -0.1955
-7.9656 78.6224 -34.3521 28.1723 1650400553973 1934986.7500 -0.1955
-8.0649 78.6225 -35.1125 41.4484 1650400554001 1935015.7500 -0.1955
-8.1843 78.4343 -35.7968 25.4909 1650400554030 1935044.7500 -0.1955
-8.0335 78.4938 -36.1582 31.4272 1650400554059 1935073.5000 -0.1950
-8.0306 78.6559 -36.7595 37.6418 1650400554088 1935102.5000 -0.1950
-8.2604 78.3791 -37.5796 28.3136 1650400554117 1935131.5000 -0.1951
-8.0389 78.6478 -37.8687 30.8587 1650400554146 1935160.2500 -0.1955
-8.0457 78.5960 -38.6277 33.8674 1650400554176 1935189.2500 -0.1950
-8.1759 78.2026 -39.3602 37.4506 1650400554205 1935218.2500 -0.1950
-8.1181 78.3557 -39.6214 33.3461 1650400554234 1935247.2500 -0.1951
-8.1708 78.5549 -39.9832 28.7214 1650400554262 1935276.2500 -0.1955
-8.0645 78.5059 -40.6022 35.5177 1650400554291 1935305.2500 -0.1960
-8.2543 78.4054 -41.1296 26.8232 1650400554320 1935335.7500 -0.1960
-8.1805 78.3447 -41.3208 22.9187 1650400554349 1935365.7500 -0.1958
-7.9738 78.3347 -41.5294 27.7752 1650400554378 1935392.2500 -0.1955
-7.8774 78.6108 -41.8353 36.2662 1650400554407 1935421.2500 -0.1955
-8.3517 78.3119 -42.4168 23.4929 1650400554436 1935450.2500 -0.1960
-8.1447 78.2039 -42.6695 43.0166 1650400554465 1935479.2500 -0.1960
-8.3063 78.1907 -42.9671 28.1502 1650400554494 1935508.0000 -0.1960
-7.9759 78.2701 -42.8658 32.6867 1650400554523 1935537.0000 -0.1960
-8.0995 78.2488 -43.1263 27.6566 1650400554553 1935566.0000 -0.1955
-8.1427 78.7015 -43.0771 32.5807 1650400554581 1935596.2500 -0.1955
-8.0298 78.3973 -43.2637 37.2609 1650400554610 1935625.0000 -0.1955
-8.0806 78.7035 -43.3632 39.2320 1650400554639 1935652.7500 -0.1955
-7.9472 78.4685 -43.4841 40.2982 1650400554668 1935684.7500 -0.1955
-8.0895 78.6783 -43.4592 37.8117 1650400554697 1935710.7500 -0.1955
-7.9895 78.5666 -43.4617 25.7817 1650400554726 1935739.7500 -0.1950
-7.9951 78.5144 -43.4995 28.0798 1650400554755 1935768.7500 -0.1950
-8.0781 78.5144 -43.6647 40.4156 1650400554784 1935797.7500 -0.1950
-7.8922 78.6793 -43.4078 40.9809 1650400554813 1935826.7500 -0.1950
-7.9282 78.8057 -43.2442 41.2571 1650400554841 1935855.7500 -0.1950
-7.8814 78.6231 -43.0204 32.0478 1650400554870 1935884.7500 -0.1950
-7.8718 78.9327 -42.7886 24.2213 1650400554899 1935913.7500 -0.1945
-7.7927 78.8582 -42.6104 25.2527 1650400554929 1935942.7500 -0.1945
-7.9154 78.9029 -42.4864 31.6361 1650400554958 1935971.7500 -0.1950
-7.8466 78.7256 -42.2669 32.4356 1650400554987 1936000.7500 -0.1950
-8.0423 78.6794 -42.0436 25.9733 1650400555016 1936029.7500 -0.1950
-7.9610 78.7251 -41.6870 48.5346 1650400555045 1936058.7500 -0.1950
-8.0331 78.5936 -41.4524 60.6822 1650400555074 1936087.7500 -0.1950
-8.0693 78.6507 -41.0293 30.1984 1650400555102 1936118.0000 -0.1950
-7.8794 78.6374 -40.7748 33.6822 1650400555132 1936145.0000 -0.1951
-7.9506 78.5530 -40.4214 28.2582 1650400555160 1936174.7500 -0.1955
-8.0042 78.5244 -40.0526 46.7655 1650400555189 1936203.5000 -0.1955
-8.0749 78.5502 -39.6501 39.4857 1650400555218 1936232.5000 -0.1955
-7.9376 78.5939 -39.2315 40.5680 1650400555247 1936261.2500 -0.1955
-7.9872 78.6055 -38.7067 36.8206 1650400555276 1936290.2500 -0.1955
-8.0699 78.5698 -38.2385 32.7563 1650400555305 1936319.2500 -0.1955
-8.1103 78.7657 -37.6336 38.1155 1650400555334 1936348.2500 -0.1960
-7.9253 78.7146 -36.9619 42.4060 1650400555364 1936379.5000 -0.1958
-7.9557 78.7152 -36.3724 48.0691 1650400555393 1936406.2500 -0.1955
-7.9808 78.8113 -35.8561 41.5693 1650400555421 1936435.2500 -0.1955
-8.2635 78.5504 -35.3480 32.2450 1650400555451 1936465.2500 -0.1960
-8.1498 78.7394 -34.6418 35.5958 1650400555479 1936493.2500 -0.1958
-8.0740 78.7342 -34.1177 39.3138 1650400555508 1936522.2500 -0.1955
-8.2376 78.8206 -33.3589 34.6826 1650400555537 1936551.2500 -0.1955
-8.0651 78.9115 -32.7858 42.8434 1650400555566 1936580.2500 -0.1955
-8.1777 78.7277 -32.1868 33.9254 1650400555595 1936609.0000 -0.1955
-8.1299 78.7649 -31.4294 37.9970 1650400555624 1936638.0000 -0.1955
-8.0224 78.8677 -30.8580 37.5927 1650400555653 1936667.0000 -0.1955
-8.1842 78.6952 -30.0703 39.4209 1650400555681 1936696.0000 -0.1950
-8.0851 78.8327 -29.3621 48.7302 1650400555711 1936724.7500 -0.1950
-8.1697 78.7962 -28.8493 36.3366 1650400555740 1936753.7500 -0.1955
-8.1627 78.6602 -28.0266 34.2733 1650400555770 1936782.7500 -0.1955
-8.0847 78.9164 -27.4182 32.4973 1650400555798 1936811.7500 -0.1950
-8.2112 78.7924 -26.7803 36.1309 1650400555827 1936840.7500 -0.1950
-8.0526 78.6361 -26.0297 35.1433 1650400555856 1936871.2500 -0.1955
-8.0130 78.8638 -25.3417 37.0109 1650400555885 1936899.5000 -0.1955
-8.1624 78.5370 -24.7798 34.1144 1650400555914 1936927.7500 -0.1955
-8.0013 78.8166 -24.0769 39.7907 1650400555943 1936956.7500 -0.1955
-7.8674 78.7571 -23.3588 38.3029 1650400555972 1936985.7500 -0.1955
-7.9154 78.6517 -22.6139 35.6098 1650400556000 1937014.7500 -0.1955
-7.8937 78.8072 -21.9596 38.5861 1650400556030 1937043.7500 -0.1956
-7.7987 78.7625 -21.4142 38.9375 1650400556058 1937072.7500 -0.1960
-7.8751 78.5953 -21.1131 30.6829 1650400556087 1937101.7500 -0.1960
-7.7615 78.6016 -21.1388 34.9003 1650400556117 1937131.7500 -0.1960
-7.7296 78.7608 -21.1326 30.5550 1650400556146 1937162.5000 -0.1961
-7.8039 78.7140 -21.0581 33.4062 1650400556175 1937188.7500 -0.1965
-7.8436 78.7974 -21.0864 33.6657 1650400556204 1937218.7500 -0.1965
-7.9679 78.8533 -21.1131 32.4083 1650400556233 1937246.7500 -0.1965
-7.8737 78.8458 -21.1163 33.5810 1650400556262 1937275.7500 -0.1965
-7.8569 78.8143 -21.0586 36.3395 1650400556291 1937304.5000 -0.1965
-7.8345 78.6823 -21.1234 39.3454 1650400556319 1937333.5000 -0.1965
-7.9112 78.8129 -20.9878 35.5562 1650400556348 1937362.5000 -0.1965
-7.7923 78.8111 -21.0954 36.6043 1650400556377 1937391.2500 -0.1965
-7.8849 78.8962 -21.0814 34.7995 1650400556406 1937420.2500 -0.1960
-7.8400 78.8559 -21.1174 39.4341 1650400556435 1937449.2500 -0.1960
-7.8207 78.8232 -21.0528 47.2637 1650400556464 1937478.2500 -0.1960
-7.7802 78.9053 -21.0465 37.3595 1650400556493 1937507.2500 -0.1960
-7.6648 78.9676 -21.0134 41.4170 1650400556523 1937536.2500 -0.1955
-7.7633 78.9144 -21.0074 33.8237 1650400556552 1937565.2500 -0.1955
-7.6873 78.8774 -21.0298 42.7309 1650400556580 1937594.2500 -0.1955
-7.8007 78.9550 -20.9166 30.8973 1650400556610 1937623.2500 -0.1955
-7.7125 79.0914 -20.9682 36.0529 1650400556638 1937653.5000 -0.1955
-7.7859 78.8718 -21.0213 43.8574 1650400556667 1937682.2500 -0.1955
-7.7791 79.0134 -20.9382 38.9707 1650400556696 1937710.2500 -0.1950
-7.6559 79.0360 -20.8183 31.8729 1650400556725 1937739.0000 -0.1950
-7.7054 79.0252 -20.9060 34.7375 1650400556754 1937768.0000 -0.1952
-7.6789 79.0985 -20.7912 39.8405 1650400556783 1937797.0000 -0.1955
-7.6764 79.0394 -20.8566 39.1958 1650400556812 1937825.7500 -0.1955
-7.6208 79.0427 -20.9518 36.2961 1650400556841 1937854.7500 -0.1955
-7.6660 79.0433 -20.8395 37.4790 1650400556870 1937883.7500 -0.1957
-7.6555 78.9846 -20.9136 38.0993 1650400556899 1937915.5000 -0.1960
-7.6222 79.0023 -20.9009 30.7759 1650400556928 1937941.5000 -0.1960
-7.5948 79.0867 -20.7753 35.3649 1650400556957 1937970.7500 -0.1960
-7.6317 79.0598 -20.8629 34.1978 1650400556986 1938002.5000 -0.1960
-7.6113 79.0541 -20.8383 32.3840 1650400557015 1938028.7500 -0.1960
-7.7610 79.0261 -20.9066 42.3656 1650400557044 1938057.7500 -0.1960
-7.7196 79.1026 -20.8023 34.2334 1650400557073 1938086.7500 -0.1960
-7.5440 79.1273 -20.7841 37.6449 1650400557102 1938115.7500 -0.1960
-7.6449 79.0208 -20.8729 34.9800 1650400557131 1938144.7500 -0.1960
-7.7320 78.9667 -20.9237 38.8908 1650400557159 1938173.7500 -0.1960
-7.7380 78.9368 -20.9265 39.1030 1650400557189 1938202.7500 -0.1960
-7.6426 78.9711 -20.9280 40.5219 1650400557217 1938231.7500 -0.1960
-7.7213 78.9155 -20.8559 43.2661 1650400557246 1938260.7500 -0.1960
-7.6450 78.8481 -20.8795 41.1193 1650400557276 1938289.7500 -0.1960
-7.6514 78.9527 -20.8649 35.7924 1650400557305 1938318.7500 -0.1955
-7.5900 78.8946 -20.7832 37.5585 1650400557334 1938347.7500 -0.1955
-7.6385 78.9300 -20.8888 42.5279 1650400557363 1938376.7500 -0.1955
-7.7417 78.9082 -20.8197 34.7208 1650400557392 1938405.7500 -0.1955
-7.7479 78.7638 -21.2467 41.8256 1650400557421 1938437.0000 -0.1955
-7.7652 78.8009 -21.9684 44.9683 1650400557450 1938463.2500 -0.1955
-7.5475 78.8621 -22.4872 56.8630 1650400557478 1938492.2500 -0.1955
-8.0085 78.6086 -23.4664 41.6127 1650400557508 1938521.2500 -0.1955
-7.5324 79.0422 -24.0124 51.2316 1650400557536 1938550.2500 -0.1955
-7.6078 78.7866 -24.5709 39.9846 1650400557565 1938579.2500 -0.1955
-8.0029 78.5009 -25.4354 41.1801 1650400557594 1938608.2500 -0.1955
-7.5243 78.8731 -25.9321 33.1562 1650400557623 1938637.2500 -0.1955
-7.9262 78.5697 -26.7153 32.4413 1650400557652 1938669.2500 -0.1957
-7.9511 78.4569 -27.3969 27.0321 1650400557682 1938696.2500 -0.1960
-7.7160 78.8169 -27.8737 35.2827 1650400557711 1938724.2500 -0.1960
-8.1132 78.4255 -28.8180 28.5866 1650400557740 1938753.2500 -0.1960
-7.6741 78.6675 -29.2037 33.6756 1650400557769 1938782.0000 -0.1960
-8.0470 78.5079 -30.1886 36.0308 1650400557797 1938811.2500 -0.1960
-8.1201 78.4447 -30.7222 21.6018 1650400557826 1938840.0000 -0.1960
-7.7720 78.8924 -31.1665 35.3089 1650400557855 1938869.0000 -0.1960
-8.2024 78.3786 -32.2387 30.3824 1650400557884 1938898.0000 -0.1961
-7.9579 78.6477 -32.5645 34.5759 1650400557913 1938927.0000 -0.1965
-8.0800 78.5581 -33.3682 29.9438 1650400557942 1938955.7500 -0.1965
-8.3163 78.4383 -34.0873 28.6487 1650400557971 1938984.7500 -0.1965
-7.9092 78.7810 -34.4656 29.3837 1650400558000 1939013.7500 -0.1965
-7.9872 78.7314 -35.1089 33.0130 1650400558029 1939042.7500 -0.1965
-8.2523 78.4987 -35.9242 22.7822 1650400558058 1939071.7500 -0.1965
-8.0033 78.7669 -36.2760 32.6260 1650400558088 1939100.7500 -0.1965
-8.0494 78.5888 -36.9629 39.9931 1650400558116 1939129.7500 -0.1965
-8.2884 78.3624 -37.7096 27.7005 1650400558145 1939158.7500 -0.1965
-7.9935 78.6676 -38.0071 40.9368 1650400558174 1939188.7500 -0.1965
-8.1228 78.6296 -38.7085 32.5649 1650400558203 1939219.5000 -0.1960
-8.3442 78.3239 -39.5143 29.7819 1650400558232 1939245.7500 -0.1960
-7.9902 78.5536 -39.7405 31.1363 1650400558261 1939274.7500 -0.1960
-7.9858 78.7017 -40.1504 36.0916 1650400558290 1939303.7500 -0.1960
-8.0646 78.4430 -40.6913 27.4530 1650400558319 1939332.7500 -0.1957
-8.1948 78.1414 -41.3152 30.3654 1650400558348 1939361.7500 -0.1955
-8.2360 78.4385 -41.3183 28.7394 1650400558376 1939390.7500 -0.1960
-8.0641 78.4598 -41.6103 28.4523 1650400558405 1939419.7500 -0.1960
-8.0815 78.5760 -42.0864 27.1245 1650400558435 1939451.2500 -0.1957
-8.0572 78.0803 -42.4088 29.4929 1650400558464 1939479.0000 -0.1955
-8.0330 78.4536 -42.6763 26.8737 1650400558493 1939506.7500 -0.1960
-8.3041 78.2737 -43.0930 25.2814 1650400558522 1939537.0000 -0.1960
-7.8949 78.4741 -42.9481 31.6554 1650400558551 1939564.5000 -0.1960
-8.0737 78.4357 -43.1417 37.1675 1650400558580 1939593.5000 -0.1960
-7.8659 78.3878 -43.1422 25.6563 1650400558609 1939622.2500 -0.1960
-7.8917 78.6263 -43.1338 41.7572 1650400558637 1939651.2500 -0.1960
-8.1087 78.5688 -43.4527 32.8187 1650400558667 1939680.2500 -0.1960
-8.0011 78.5023 -43.5739 28.9725 1650400558695 1939709.2500 -0.1960
-8.0659 78.5977 -43.5286 40.7720 1650400558724 1939738.2500 -0.1960
-8.1148 78.4877 -43.5706 35.8132 1650400558753 1939767.2500 -0.1960
-7.9813 78.6306 -43.4889 36.0216 1650400558782 1939796.2500 -0.1960
-8.0849 78.6719 -43.4486 39.8708 1650400558811 1939825.2500 -0.1960
-8.1268 78.5066 -43.5292 30.5521 1650400558841 1939854.2500 -0.1960
-8.0895 78.6882 -43.2502 29.4797 1650400558870 1939883.2500 -0.1960
-7.8394 78.7778 -42.9398 35.8126 1650400558899 1939912.2500 -0.1960
-8.0044 78.9790 -42.6788 24.2767 1650400558928 1939941.2500 -0.1960
-7.9090 78.7982 -42.5363 21.6239 1650400558956 1939972.5000 -0.1960
-7.8626 78.8991 -42.3576 35.5405 1650400558986 1939998.7500 -0.1955
-7.9160 78.7099 -42.2684 27.0885 1650400559014 1940028.0000 -0.1955
-8.1242 78.6504 -41.9837 35.5462 1650400559043 1940056.7500 -0.1955
-8.0429 78.6724 -41.7814 35.8917 1650400559072 1940085.7500 -0.1955
-8.1330 78.5862 -41.3626 28.1255 1650400559101 1940114.7500 -0.1955
-8.0304 78.5831 -41.1467 22.4217 1650400559130 1940143.7500 -0.1955
-8.2186 78.6441 -40.7421 30.7665 1650400559159 1940172.7500 -0.1955
-8.2342 78.5310 -40.3853 44.7389 1650400559188 1940203.2500 -0.1955
-8.1369 78.5057 -40.0632 35.5374 1650400559217 1940231.5000 -0.1954
-8.1237 78.6435 -39.5651 46.6868 1650400559247 1940259.7500 -0.1950
-8.2239 78.5145 -39.1514 34.3508 1650400559275 1940290.2500 -0.1950
-7.9662 78.6331 -38.5204 38.1309 1650400559304 1940319.0000 -0.1950
-8.0326 78.6333 -38.0497 40.4826 1650400559333 1940346.7500 -0.1950
-8.1606 78.5221 -37.6896 29.0512 1650400559362 1940375.7500 -0.1950
-8.1577 78.6143 -36.9550 35.9306 1650400559391 1940404.7500 -0.1955
-8.3443 78.5649 -36.3497 30.9747 1650400559420 1940433.7500 -0.1955
-8.0512 78.9879 -35.5239 33.4678 1650400559449 1940462.7500 -0.1955
-8.3397 78.5992 -35.2122 33.6114 1650400559478 1940491.7500 -0.1955
-8.0369 78.8863 -34.4859 37.5922 1650400559507 1940520.7500 -0.1955
-8.1621 78.8807 -33.9661 37.0209 1650400559535 1940549.7500 -0.1955
-8.2841 78.7565 -33.3328 37.5662 1650400559565 1940578.7500 -0.1955
-8.1425 78.7462 -32.7202 43.9583 1650400559594 1940607.7500 -0.1955
-8.1180 78.8267 -32.0536 32.2798 1650400559623 1940636.7500 -0.1955
-8.1292 78.8150 -31.3328 46.1302 1650400559651 1940665.5000 -0.1955
-8.0430 78.7595 -30.7639 41.2330 1650400559681 1940694.5000 -0.1955
-8.1681 78.6495 -30.0520 31.0583 1650400559710 1940724.7500 -0.1955
-7.9784 78.6532 -29.2983 40.0558 1650400559739 1940753.0000 -0.1955
-8.1716 78.7115 -28.5588 37.5658 1650400559768 1940781.2500 -0.1955
-8.1333 78.6947 -27.7594 31.3565 1650400559797 1940810.2500 -0.1955
-8.0773 78.7117 -27.1651 46.0685 1650400559826 1940839.2500 -0.1950
-8.1887 78.5541 -26.5107 31.3172 1650400559854 1940868.2500 -0.1950
-8.2542 78.6552 -25.8762 38.7686 1650400559883 1940897.2500 -0.1950
-8.1326 78.7591 -25.1900 37.3025 1650400559912 1940926.2500 -0.1950
-8.1150 78.3890 -24.4859 27.3840 1650400559941 1940955.2500 -0.1950
-8.0687 78.6981 -23.9581 32.7809 1650400559970 1940985.5000 -0.1950
-8.1287 78.6345 -23.2886 30.8689 1650400559999 1941014.2500 -0.1945
-8.1071 78.5620 -22.6085 35.4328 1650400560029 1941042.2500 -0.1945
-7.8499 78.7392 -21.9238 35.1950 1650400560058 1941072.5000 -0.1950
-8.0482 78.4281 -21.4520 36.8388 1650400560087 1941100.0000 -0.1950
-7.9843 78.5063 -21.1441 32.7276 1650400560115 1941129.0000 -0.1950
-7.7927 78.5492 -21.1236 32.3837 1650400560145 1941158.0000 -0.1950
-7.8850 78.6844 -21.1400 28.8944 1650400560173 1941186.7500 -0.1950
-7.9482 78.7065 -21.0947 34.8129 1650400560202 1941215.7500 -0.1950
-7.8319 78.7078 -21.2019 29.7698 1650400560231 1941244.7500 -0.1951
-7.7686 78.8203 -21.0878 34.3566 1650400560260 1941273.7500 -0.1955
-7.9620 78.7072 -21.1124 32.8366 1650400560289 1941302.7500 -0.1955
-7.8960 78.6860 -21.0771 42.0765 1650400560318 1941331.7500 -0.1955
-7.9885 78.7242 -21.0839 34.1096 1650400560347 1941360.7500 -0.1955
-7.9618 78.6860 -21.1453 37.9412 1650400560376 1941389.7500 -0.1955
-7.8611 78.7583 -21.0125 36.0799 1650400560406 1941418.7500 -0.1955
-8.0689 78.7494 -20.9601 36.3326 1650400560434 1941447.7500 -0.1955
-7.9185 78.8972 -20.9321 34.9064 1650400560463 1941476.7500 -0.1955
-7.8614 78.8689 -20.9620 32.8690 1650400560492 1941507.0000 -0.1955
-7.9300 78.9693 -20.9925 32.8735 1650400560521 1941536.0000 -0.1955
-7.8627 78.8164 -20.9324 36.7445 1650400560550 1941563.7500 -0.1955
-7.7772 78.8886 -20.9498 42.6762 1650400560579 1941592.7500 -0.1955
-7.8302 78.9549 -20.9269 37.7104 1650400560608 1941621.5000 -0.1955
-7.8922 79.0116 -20.7859 38.5644 1650400560637 1941650.7500 -0.1955
-7.7727 78.9020 -20.9453 40.7101 1650400560666 1941679.7500 -0.1950
-7.8168 79.0003 -20.8983 37.1066 1650400560694 1941708.7500 -0.1950
-7.8237 78.9092 -20.8753 39.2079 1650400560724 1941737.7500 -0.1950
-7.7888 78.8622 -20.9353 28.3502 1650400560752 1941769.0000 -0.1950
-7.8656 79.0182 -20.8517 36.5852 1650400560782 1941795.5000 -0.1950
-7.8840 78.9402 -20.9061 31.3177 1650400560811 1941824.5000 -0.1950
-7.8640 78.9551 -20.8258 38.4060 1650400560840 1941853.0000 -0.1945
-7.8277 78.8628 -20.8896 34.0451 1650400560869 1941882.2500 -0.1945
-7.8507 78.9064 -20.8050 32.1724 1650400560898 1941911.2500 -0.1950
-7.8057 78.9657 -20.7990 36.5825 1650400560927 1941940.2500 -0.1950
-7.7649 78.9890 -20.8046 39.5887 1650400560956 1941969.2500 -0.1950
-7.7882 78.9353 -20.7985 37.1524 1650400560985 1941998.2500 -0.1950
-7.9000 78.9314 -20.7482 41.0713 1650400561013 1942027.2500 -0.1950
-7.8125 78.9186 -20.8221 38.4175 1650400561043 1942056.2500 -0.1950
-7.8342 78.8827 -20.8127 37.8215 1650400561071 1942085.2500 -0.1952
-7.8251 78.9094 -20.7561 41.2671 1650400561100 1942114.2500 -0.1955
-7.9518 78.9755 -20.8289 44.1517 1650400561129 1942143.2500 -0.1955
-7.7645 78.9551 -20.8020 33.6159 1650400561159 1942172.2500 -0.1955
-7.8205 78.9167 -20.8321 34.2871 1650400561188 1942201.0000 -0.1955
-7.7738 78.8971 -20.7786 39.1058 1650400561217 1942230.0000 -0.1955
-7.8114 78.9134 -20.7581 41.3528 1650400561246 1942260.5000 -0.1955
-7.7996 78.8212 -20.9222 44.6859 1650400561274 1942289.0000 -0.1955
-7.8533 78.8396 -20.7452 41.0356 1650400561304 1942316.7500 -0.1955
-7.7486 78.8028 -20.7978 37.9197 1650400561332 1942345.7500 -0.1955
-7.9143 78.9241 -20.8140 47.0432 1650400561361 1942374.7500 -0.1955
-7.8322 78.8868 -20.8044 42.6169 1650400561390 1942403.7500 -0.1955
-7.6759 78.8345 -20.8831 30.9248 1650400561419 1942432.7500 -0.1955
-7.7575 78.9004 -21.4189 51.2903 1650400561448 1942461.7500 -0.1955
-7.7497 78.9576 -22.0972 47.7568 1650400561477 1942490.7500 -0.1955
-7.7909 78.7882 -22.5505 61.6931 1650400561506 1942520.7500 -0.1955
-7.8234 78.5691 -23.5261 43.5200 1650400561535 1942551.5000 -0.1955
-7.6046 78.9028 -24.0943 52.6893 1650400561564 1942577.7500 -0.1950
-7.7981 78.6164 -24.7875 37.9871 1650400561593 1942607.7500 -0.1950
-7.9652 78.5329 -25.6144 38.5260 1650400561623 1942635.7500 -0.1950
-7.6803 78.7213 -26.0588 34.3434 1650400561651 1942664.7500 -0.1950
-7.8791 78.4601 -26.8246 37.4572 1650400561680 1942693.7500 -0.1950
-7.8018 78.6803 -27.3658 40.2991 1650400561709 1942722.7500 -0.1950
-7.8003 78.6172 -28.1020 34.8507 1650400561738 1942751.7500 -0.1950
-8.1045 78.5308 -28.9912 29.6546 1650400561767 1942780.7500 -0.1950
-7.6682 78.7755 -29.2861 34.6472 1650400561796 1942809.7500 -0.1950
-8.1568 78.4537 -30.3957 29.9257 1650400561825 1942838.7500 -0.1950
-7.9095 78.5467 -30.8318 29.0060 1650400561854 1942867.7500 -0.1952
-7.8545 78.7827 -31.4637 43.0089 1650400561883 1942896.5000 -0.1955
-8.2424 78.4327 -32.3609 28.0169 1650400561911 1942925.5000 -0.1955
-8.0055 78.7190 -32.6983 34.3005 1650400561941 1942954.2500 -0.1955
-7.9833 78.7421 -33.4157 41.9640 1650400561970 1942983.2500 -0.1955
-8.3388 78.4479 -34.2343 24.5330 1650400561999 1943012.2500 -0.1955
-7.9308 78.7582 -34.7322 40.8894 1650400562028 1943042.5000 -0.1955
-8.0751 78.5795 -35.4306 29.3425 1650400562057 1943071.5000 -0.1955
-8.0856 78.6369 -35.8791 25.2820 1650400562086 1943099.2500 -0.1957
-7.9573 78.7201 -36.5126 31.6664 1650400562115 1943128.2500 -0.1960
-8.0136 78.5768 -37.1894 31.1752 1650400562144 1943157.2500 -0.1958
-8.2433 78.5397 -37.7582 19.9528 1650400562172 1943186.2500 -0.1955
-7.9216 78.5553 -38.1973 31.2427 1650400562202 1943215.2500 -0.1955
-8.0090 78.6138 -38.8060 36.6808 1650400562230 1943244.2500 -0.1960
-8.1891 78.3332 -39.4950 20.7188 1650400562259 1943273.2500 -0.1960
-7.8882 78.4790 -39.6902 29.5060 1650400562288 1943306.2500 -0.1955
-7.9892 78.5593 -40.3073 30.9334 1650400562318 1943330.7500 -0.1955
-7.9728 78.2796 -40.8037 24.8381 1650400562347 1943360.0000 -0.1955
-7.9926 78.3598 -41.1023 29.9502 1650400562376 1943391.5000 -0.1955
-8.0976 78.3022 -41.4460 24.9772 1650400562405 1943419.0000 -0.1950
-7.7684 78.4717 -41.5276 31.2975 1650400562434 1943446.7500 -0.1950
-8.0801 78.4897 -42.2937 30.1515 1650400562463 1943475.7500 -0.1955
-8.0318 78.4975 -42.5330 36.8818 1650400562491 1943504.7500 -0.1955
-8.0436 78.2726 -42.7211 28.1550 1650400562520 1943533.7500 -0.1955
-8.2384 78.0802 -43.0468 24.0273 1650400562549 1943562.7500 -0.1955
-7.9904 78.6762 -42.9155 37.6574 1650400562578 1943591.7500 -0.1950
-8.0358 78.3263 -43.1711 35.3396 1650400562607 1943620.7500 -0.1950
-8.1314 78.5991 -43.2040 37.0393 1650400562636 1943649.7500 -0.1950
-8.1019 78.4186 -43.3671 30.6675 1650400562665 1943678.7500 -0.1950
-7.9232 78.5164 -43.3401 36.0011 1650400562694 1943707.7500 -0.1950
-8.0686 78.5907 -43.4670 38.5447 1650400562724 1943736.7500 -0.1950
-7.9887 78.5647 -43.5073 24.4797 1650400562752 1943765.7500 -0.1950
-8.1503 78.4327 -43.5451 40.1425 1650400562782 1943794.7500 -0.1950
-8.0560 78.5150 -43.4856 31.9796 1650400562810 1943827.7500 -0.1950
-8.0302 78.6219 -43.4873 31.1411 1650400562839 1943852.2500 -0.1955
-8.0660 78.6029 -43.4722 29.8467 1650400562868 1943881.7500 -0.1955
-7.9332 78.5727 -43.3301 24.4375 1650400562897 1943910.7500 -0.1955
-7.8261 78.7552 -42.9687 25.3827 1650400562926 1943939.7500 -0.1955
-7.9505 78.9267 -42.6782 30.7035 1650400562955 1943968.7500 -0.1955
-7.8835 78.9642 -42.3047 19.5628 1650400562984 1943997.5000 -0.1955
-7.8676 78.9312 -42.3220 29.8157 1650400563013 1944026.5000 -0.1955
-7.9102 78.7119 -42.1899 30.5226 1650400563042 1944058.2500 -0.1955
-8.0653 78.5888 -41.9723 28.3099 1650400563070 1944085.2500 -0.1950
-8.1628 78.6120 -41.7396 41.5949 1650400563100 1944113.2500 -0.1950
-7.9156 78.6239 -41.3236 32.9488 1650400563129 1944142.2500 -0.1950
-8.0042 78.5742 -41.0085 34.2951 1650400563158 1944171.0000 -0.1950
-8.1837 78.5435 -40.7672 24.7439 1650400563187 1944200.2500 -0.1950
-8.0531 78.5899 -40.2143 35.2558 1650400563216 1944229.2500 -0.1950
-8.0439 78.5112 -39.8867 41.8332 1650400563245 1944258.2500 -0.1950
-8.0836 78.6564 -39.4476 34.8579 1650400563274 1944287.2500 -0.1950
-8.1040 78.6201 -38.9803 38.1187 1650400563303 1944316.2500 -0.1950
-8.2204 78.5022 -38.5038 37.6683 1650400563331 1944345.2500 -0.1950
-8.1996 78.3685 -38.0627 37.8738 1650400563361 1944374.2500 -0.1950
-8.0858 78.7364 -37.2707 40.3248 1650400563389 1944403.2500 -0.1950
-8.1084 78.7074 -36.6744 34.0673 1650400563418 1944432.0000 -0.1950
-8.1457 78.6499 -36.2996 39.2917 1650400563447 1944461.0000 -0.1950
-8.2017 78.6825 -35.7277 28.6111 1650400563477 1944490.0000 -0.1945
-8.1473 78.8252 -34.9214 36.1439 1650400563506 1944518.7500 -0.1945
-8.1727 78.7355 -34.4814 31.3597 1650400563535 1944547.7500 -0.1947
-8.1449 78.8608 -33.7147 33.8252 1650400563564 1944576.5000 -0.1950
-8.3017 78.8122 -33.1225 39.0351 1650400563593 1944605.5000 -0.1950
-8.2121 78.8126 -32.6224 40.0694 1650400563622 1944634.7500 -0.1950
-8.1863 78.7311 -31.8398 30.8374 1650400563650 1944663.7500 -0.1950
-8.2031 78.7471 -31.2542 42.7200 1650400563680 1944692.7500 -0.1950
-8.0404 78.9331 -30.3888 37.6014 1650400563708 1944721.7500 -0.1950
-8.0102 78.8304 -29.7690 41.1600 1650400563737 1944750.7500 -0.1950
-7.9573 78.8169 -29.1287 38.3182 1650400563766 1944779.7500 -0.1950
-8.1616 78.6282 -28.4615 31.4072 1650400563795 1944808.7500 -0.1950
-7.9921 78.6811 -27.7133 34.3083 1650400563824 1944840.5000 -0.1950
-7.8363 78.7507 -27.1057 37.3833 1650400563853 1944868.0000 -0.1950
-8.1236 78.5124 -26.3593 26.5037 1650400563882 1944895.7500 -0.1950
-7.9978 78.6853 -25.7107 35.6706 1650400563912 1944924.5000 -0.1950
-7.8420 78.6242 -25.0707 33.3078 1650400563941 1944953.7500 -0.1950
-8.1030 78.4331 -24.4473 34.1133 1650400563969 1944982.7500 -0.1950
-8.0891 78.5822 -23.8072 30.9077 1650400563998 1945011.7500 -0.1950
-8.1458 78.4871 -23.1035 32.2451 1650400564027 1945040.7500 -0.1950
-7.9443 78.6028 -22.4252 28.5785 1650400564056 1945069.7500 -0.1950
-8.0488 78.7149 -21.8103 28.7999 1650400564085 1945098.5000 -0.1950
-8.0291 78.5775 -21.3031 27.9741 1650400564114 1945127.5000 -0.1950
-7.9285 78.5143 -21.2070 35.0302 1650400564143 1945156.5000 -0.1945
-7.9264 78.6806 -21.1976 26.7345 1650400564172 1945185.2500 -0.1945
-8.0582 78.7816 -21.1597 29.8571 1650400564201 1945214.2500 -0.1945
-7.9427 78.6646 -21.2360 29.6947 1650400564229 1945243.2500 -0.1945
-7.9380 78.7731 -21.0407 34.2827 1650400564259 1945272.2500 -0.1945
-8.0107 78.7999 -21.0443 34.9737 1650400564288 1945301.2500 -0.1945
-8.0486 78.6782 -21.1937 42.1842 1650400564317 1945330.2500 -0.1946
-7.9401 78.8159 -21.0261 32.5652 1650400564346 1945362.0000 -0.1950
-7.9830 78.7473 -21.1487 32.2501 1650400564375 1945388.0000 -0.1945
-8.0657 78.7399 -21.1664 27.5200 1650400564404 1945417.2500 -0.1945
-7.9557 78.8509 -21.0338 34.0016 1650400564433 1945447.7500 -0.1946
-8.0183 78.8029 -20.9907 33.5870 1650400564462 1945475.0000 -0.1950
-8.0348 78.7853 -21.0540 32.8051 1650400564491 1945504.2500 -0.1950
-7.9042 78.8460 -21.0574 38.5987 1650400564520 1945533.0000 -0.1950
-7.9706 78.7852 -21.0378 34.0818 1650400564548 1945562.0000 -0.1950
-7.8861 78.8924 -21.0027 37.0292 1650400564577 1945592.5000 -0.1950
-7.9623 78.7880 -21.1016 37.4455 1650400564606 1945619.2500 -0.1950
-7.9546 78.8512 -20.9107 34.6898 1650400564636 1945648.7500 -0.1950
-7.9122 78.7877 -20.9071 32.9652 1650400564665 1945679.2500 -0.1950
-7.8846 78.8338 -20.9158 38.7151 1650400564694 1945708.0000 -0.1950
-7.9600 79.0536 -20.7370 39.9993 1650400564723 1945735.7500 -0.1950
-7.8709 78.8352 -20.8297 35.0594 1650400564752 1945764.7500 -0.1950
-7.8939 78.8222 -20.9402 36.2956 1650400564781 1945793.7500 -0.1950
-7.7769 78.9195 -20.8641 35.4141 1650400564809 1945822.7500 -0.1950
-7.8411 78.8383 -20.9138 43.0986 1650400564839 1945851.7500 -0.1950
-7.8624 78.9337 -20.8189 30.8217 1650400564867 1945880.7500 -0.1950
-7.7969 78.8434 -20.9240 43.9201 1650400564896 1945909.7500 -0.1950
-7.7601 78.7595 -20.9446 37.2535 1650400564925 1945938.7500 -0.1945
-7.8338 78.8063 -20.8795 33.4133 1650400564954 1945967.7500 -0.1945
-7.7821 78.8399 -20.9245 38.2854 1650400564983 1945996.7500 -0.1945
-7.6839 78.7447 -20.9048 39.6075 1650400565012 1946025.7500 -0.1945
-7.8095 78.7953 -20.9380 36.0147 1650400565041 1946054.7500 -0.1945
-7.8231 78.8655 -20.8308 31.3761 1650400565071 1946083.7500 -0.1945
-7.8588 78.7553 -20.9435 28.4539 1650400565100 1946112.7500 -0.1945
-7.7348 78.9154 -20.9252 39.4647 1650400565128 1946143.7500 -0.1945
-7.8178 78.8984 -20.8310 29.9008 1650400565157 1946170.7500 -0.1940
-7.7580 78.8366 -20.9212 38.0109 1650400565186 1946199.7500 -0.1940
-7.7469 78.8583 -20.8940 43.2455 1650400565215 1946228.5000 -0.1940
-7.9210 78.8395 -20.9144 39.0621 1650400565244 1946257.5000 -0.1940
-7.6801 78.8979 -20.7944 35.1831 1650400565273 1946286.2500 -0.1945
-7.8832 78.8314 -20.9893 37.1277 1650400565302 1946315.2500 -0.1945
-7.8047 78.7698 -20.9756 30.8566 1650400565331 1946344.2500 -0.1944
-7.7992 78.7052 -20.9150 34.9670 1650400565360 1946376.0000 -0.1940
-7.8026 78.8512 -20.9053 30.6511 1650400565388 1946401.7500 -0.1945
-7.8282 78.8544 -20.8801 41.0712 1650400565418 1946431.2500 -0.1945
-7.7921 78.6338 -21.0770 37.1831 1650400565447 1946461.2500 -0.1945
-8.0306 78.6423 -21.7470 29.9437 1650400565476 1946489.2500 -0.1945
-7.6383 78.8502 -22.2825 42.0773 1650400565505 1946518.2500 -0.1945
-7.8176 78.5399 -22.7852 41.4981 1650400565534 1946547.2500 -0.1945
-7.7891 78.5521 -23.7914 45.7551 1650400565563 1946576.2500 -0.1945
-7.4266 78.9449 -24.2532 41.7129 1650400565592 1946605.2500 -0.1945
-7.7811 78.5397 -24.9253 35.1421 1650400565621 1946634.0000 -0.1945
-7.8401 78.5421 -25.6847 40.7891 1650400565650 1946663.0000 -0.1945
-7.5869 78.7628 -26.1837 41.5244 1650400565679 1946692.0000 -0.1944
-8.0416 78.4678 -26.9578 33.2300 1650400565707 1946721.0000 -0.1940
-7.8069 78.7864 -27.5748 42.8606 1650400565737 1946749.7500 -0.1940
-7.9309 78.6384 -28.3184 28.4467 1650400565765 1946778.7500 -0.1940
-8.0155 78.5159 -29.0500 31.3334 1650400565794 1946807.7500 -0.1940
-7.8245 78.7253 -29.6038 28.6911 1650400565823 1946836.7500 -0.1935
-7.9953 78.3664 -30.4474 33.5581 1650400565853 1946865.7500 -0.1935
-7.8677 78.6626 -30.9463 32.2320 1650400565882 1946897.5000 -0.1940
-7.9156 78.6624 -31.6526 30.0129 1650400565911 1946923.5000 -0.1940
-8.1256 78.3950 -32.4483 29.0047 1650400565940 1946952.7500 -0.1950
-7.8676 78.7292 -32.8359 41.2850 1650400565969 1946981.7500 -0.1960
-8.0437 78.4785 -33.7488 27.4834 1650400565998 1947010.7500 -0.1974
-8.0213 78.5719 -34.1424 32.3445 1650400566026 1947039.7500 -0.1974
-8.0275 78.6035 -34.8116 28.7980 1650400566055 1947068.7500 -0.1979
-8.1321 78.4887 -35.4914 25.8316 1650400566084 1947097.7500 -0.1984
-8.1086 78.4887 -36.0586 34.9249 1650400566113 1947126.7500 -0.1989
-7.9474 78.6677 -36.6202 36.4243 1650400566142 1947159.7500 -0.1989
-8.1177 78.5627 -37.2959 31.1027 1650400566171 1947184.2500 -0.1991
-8.0012 78.4978 -37.7521 30.7171 1650400566200 1947213.7500 -0.1994
-7.9717 78.6502 -38.3862 36.8700 1650400566230 1947242.5000 -0.1995
-8.0686 78.4647 -38.9872 27.3391 1650400566259 1947271.7500 -0.1999
-8.1996 78.4475 -39.6221 32.5696 1650400566287 1947302.0000 -0.1999
-7.9365 78.5873 -39.8952 32.1552 1650400566317 1947329.7500 -0.1999
-8.0893 78.5246 -40.4591 31.4207 1650400566345 1947358.5000 -0.1999
-8.1011 78.2016 -40.9430 20.1369 1650400566374 1947387.5000 -0.1999
-8.1365 78.2765 -41.3714 29.6897 1650400566403 1947416.2500 -0.1999
-8.0878 78.4746 -41.5573 29.2454 1650400566432 1947445.2500 -0.1999
-8.0283 78.5149 -41.8753 34.9358 1650400566461 1947474.2500 -0.1999
-8.0682 78.4645 -42.1010 29.5538 1650400566490 1947503.2500 -0.1999
-8.2627 78.2677 -42.6857 31.0431 1650400566519 1947532.2500 -0.1999
-7.8298 78.4034 -42.7016 33.9489 1650400566548 1947561.2500 -0.1999
-8.2159 78.3291 -43.0566 20.3232 1650400566577 1947590.2500 -0.1998
-7.8558 78.3085 -43.0143 26.3691 1650400566606 1947619.2500 -0.1994
-7.9041 78.4194 -43.0893 36.9757 1650400566635 1947648.2500 -0.1994
-8.0378 78.4485 -43.3583 22.8656 1650400566664 1947679.5000 -0.1994
-7.9251 78.6030 -43.4465 36.2054 1650400566693 1947706.2500 -0.1994
-7.9704 78.4761 -43.5786 36.5009 1650400566722 1947735.2500 -0.1994
-7.9980 78.6886 -43.4887 34.7002 1650400566751 1947764.0000 -0.1994
-8.0058 78.5566 -43.4521 37.3561 1650400566780 1947793.0000 -0.1994
-7.9916 78.5368 -43.5404 28.8039 1650400566809 1947822.0000 -0.1994
-7.9568 78.5309 -43.5450 37.3672 1650400566838 1947850.7500 -0.1994
-7.9861 78.6139 -43.5622 27.1340 1650400566866 1947879.7500 -0.1994
-7.9994 78.6632 -43.4148 33.5950 1650400566896 1947910.2500 -0.1994
-7.9327 78.5713 -43.1211 36.0684 1650400566924 1947940.5000 -0.1994
-7.8530 78.7666 -42.8088 31.5523 1650400566953 1947966.7500 -0.1994
-7.9453 78.9423 -42.6575 28.6470 1650400566983 1947997.2500 -0.1994
-7.8030 78.9498 -42.4851 30.1660 1650400567012 1948024.7500 -0.1995
-7.8727 78.8529 -42.3530 31.2762 1650400567041 1948053.7500 -0.1999
-7.9143 78.7067 -42.1368 30.2992 1650400567070 1948082.7500 -0.1999
-7.9690 78.6155 -41.9862 37.9101 1650400567099 1948111.7500 -0.1999
-8.1855 78.4402 -41.7459 41.8754 1650400567128 1948140.7500 -0.1999
-8.0268 78.5589 -41.2499 32.9318 1650400567157 1948169.7500 -0.1999
-8.1925 78.6049 -40.9493 24.8033 1650400567185 1948198.7500 -0.1999
-7.9995 78.4889 -40.6589 37.0981 1650400567214 1948229.0000 -0.1999
-8.1391 78.4630 -40.2167 33.0113 1650400567243 1948256.7500 -0.1999
-8.1090 78.4912 -39.9123 36.3827 1650400567272 1948285.7500 -0.1999
-8.0089 78.5984 -39.3683 39.0478 1650400567301 1948314.7500 -0.1999
-8.1120 78.4391 -38.8190 33.7971 1650400567330 1948343.7500 -0.1994
-8.1180 78.4954 -38.3191 40.4315 1650400567359 1948372.7500 -0.1994
-7.9517 78.6905 -37.6676 37.4771 1650400567389 1948401.7500 -0.1994
-8.1382 78.4848 -37.2261 25.5809 1650400567418 1948431.7500 -0.1994
-8.1552 78.7692 -36.5865 33.1651 1650400567446 1948462.5000 -0.1994
-8.1264 78.6598 -36.1347 39.9291 1650400567476 1948488.5000 -0.1994
-8.0432 79.0004 -35.3640 36.6372 1650400567504 1948517.5000 -0.1994
-8.2314 78.7525 -34.8644 41.2601 1650400567533 1948546.2500 -0.1994
-8.1279 78.8848 -34.2808 41.0411 1650400567562 1948575.2500 -0.1989
-8.1708 78.8105 -33.6487 33.8274 1650400567591 1948604.2500 -0.1989
-8.2493 78.8567 -32.9807 44.7155 1650400567620 1948633.2500 -0.1989
-8.1403 78.8899 -32.3706 46.8741 1650400567649 1948662.2500 -0.1989
-8.1700 78.8285 -31.6980 33.4766 1650400567678 1948693.7500 -0.1989
-8.0705 78.8346 -30.9388 40.3581 1650400567707 1948720.0000 -0.1989
-8.1100 78.8290 -30.3481 28.9948 1650400567736 1948749.2500 -0.1989
-8.0742 78.8182 -29.6149 35.7995 1650400567765 1948779.0000 -0.1989
-7.9417 78.7679 -29.0350 34.7022 1650400567795 1948807.2500 -0.1989
-8.1688 78.6601 -28.2765 31.3774 1650400567823 1948836.2500 -0.1989
-7.9830 78.6430 -27.6709 39.1985 1650400567852 1948865.0000 -0.1991
-7.9902 78.7513 -26.9598 33.8135 1650400567881 1948894.0000 -0.1994
-7.8930 78.5722 -26.2423 32.9523 1650400567910 1948923.0000 -0.1994
-7.8784 78.8807 -25.5456 34.1005 1650400567939 1948952.0000 -0.1994
-8.0698 78.5167 -24.9789 29.3661 1650400567968 1948980.7500 -0.1994
-7.9459 78.6207 -24.2901 39.7822 1650400567997 1949009.7500 -0.1994
-7.8459 78.6354 -23.7101 39.0300 1650400568026 1949038.7500 -0.1994
-7.6936 78.6790 -22.9375 31.6400 1650400568055 1949067.7500 -0.1994
-7.7494 78.6440 -22.3761 35.7556 1650400568083 1949096.7500 -0.1994
-7.7197 78.8254 -21.5900 34.1950 1650400568112 1949125.7500 -0.1994
-7.8959 78.5548 -21.1217 35.2763 1650400568142 1949154.7500 -0.1994
-7.8288 78.5246 -21.2410 42.7008 1650400568171 1949183.7500 -0.1994
-7.7353 78.6345 -21.1940 37.5961 1650400568200 1949213.5000 -0.1994
-7.9070 78.6775 -21.1883 30.7613 1650400568229 1949241.5000 -0.1994
-7.9618 78.6797 -21.0307 28.5037 1650400568258 1949270.7500 -0.1994
-7.9094 78.7704 -21.1084 29.5045 1650400568287 1949299.7500 -0.1989
-7.9264 78.7897 -21.1673 28.9071 1650400568316 1949328.7500 -0.1989
-7.9618 78.7000 -21.1940 39.2907 1650400568344 1949357.7500 -0.1989
-8.0036 78.7251 -21.1319 32.3411 1650400568374 1949386.7500 -0.1989
-7.9209 78.7688 -21.0600 37.8918 1650400568402 1949415.7500 -0.1984
-7.8612 78.8069 -21.0922 28.6002 1650400568432 1949446.0000 -0.1984
-7.9624 78.7723 -20.9979 34.8635 1650400568460 1949474.5000 -0.1984
-7.9051 78.9086 -21.0262 33.7385 1650400568489 1949502.7500 -0.1984
-7.8293 78.8700 -20.9301 27.5170 1650400568518 1949531.7500 -0.1984
-7.8433 78.7560 -21.0064 34.3582 1650400568548 1949560.2500 -0.1984
-7.8023 78.9185 -20.9370 31.3995 1650400568577 1949589.5000 -0.1989
-7.8130 78.9291 -20.9142 33.4276 1650400568606 1949618.5000 -0.1989
-7.8496 78.7510 -20.9654 41.7536 1650400568635 1949647.2500 -0.1989
-7.6706 78.8523 -20.9373 31.7592 1650400568663 1949676.2500 -0.1989
-7.6791 78.8363 -20.9934 35.1098 1650400568692 1949705.2500 -0.1989
-7.7065 78.8119 -20.9194 35.7677 1650400568721 1949734.2500 -0.1989
-7.7566 78.7902 -20.9236 41.7128 1650400568750 1949763.2500 -0.1989
-7.7464 78.8366 -21.0824 34.1692 1650400568779 1949792.2500 -0.1989
-7.6680 78.8557 -20.9872 29.5360 1650400568808 1949821.2500 -0.1989
-7.7479 78.9227 -20.7820 37.0662 1650400568837 1949850.2500 -0.1994
-7.6957 78.8646 -20.8967 27.8399 1650400568866 1949879.2500 -0.1994
-7.7704 78.7534 -20.9501 39.6283 1650400568895 1949908.2500 -0.1994
-7.6954 78.7367 -20.9914 31.3321 1650400568924 1949937.2500 -0.1994
-7.6258 78.7393 -20.9038 31.4192 1650400568954 1949967.5000 -0.1994
-7.7750 78.7238 -21.0360 36.9629 1650400568982 1949996.0000 -0.1994
-7.7100 78.7628 -21.0122 32.0778 1650400569011 1950024.0000 -0.1994
-7.7616 78.7467 -20.9789 32.9034 1650400569040 1950053.0000 -0.1994
-7.6087 78.7299 -20.9507 36.7629 1650400569069 1950081.7500 -0.1994
-7.6857 78.7808 -20.9249 31.6506 1650400569098 1950110.7500 -0.1994
-7.7190 78.8247 -20.8798 34.8772 1650400569127 1950139.7500 -0.1994
-7.6855 78.8470 -20.9298 33.1836 1650400569156 1950168.7500 -0.1994
-7.6440 78.7838 -20.9122 26.6043 1650400569185 1950197.7500 -0.1989
-7.7652 78.7753 -20.9548 34.2988 1650400569214 1950226.5000 -0.1989
-7.6520 78.8865 -20.9201 30.4230 1650400569242 1950257.0000 -0.1989
-7.7574 78.8347 -20.8947 28.3228 1650400569272 1950284.7500 -0.1989
-7.6481 78.7588 -20.8708 33.5644 1650400569300 1950315.0000 -0.1989
-7.7651 78.6568 -20.9770 33.3377 1650400569330 1950342.7500 -0.1989
-7.7679 78.5979 -20.9693 35.2145 1650400569359 1950371.7500 -0.1989
-7.6823 78.5328 -20.8937 34.5590 1650400569388 1950400.7500 -0.1989
-7.6065 78.6973 -20.8744 39.2680 1650400569417 1950429.7500 -0.1989
-7.6652 78.6928 -20.9134 33.8955 1650400569446 1950458.7500 -0.1989
-7.4989 78.6316 -21.1739 36.1553 1650400569475 1950487.7500 -0.1994
-7.7282 78.4401 -21.8114 39.5563 1650400569504 1950516.7500 -0.1994
-7.4543 78.8009 -22.3070 45.4833 1650400569533 1950545.7500 -0.1994
-7.6537 78.6407 -23.0365 42.3214 1650400569561 1950574.7500 -0.1994
-7.6573 78.6162 -23.8284 41.2211 1650400569590 1950603.7500 -0.1994
-7.4208 78.7491 -24.2922 35.8399 1650400569619 1950632.7500 -0.1994
-7.9396 78.3486 -25.1932 37.8354 1650400569648 1950661.7500 -0.1994
-7.6685 78.7239 -25.7343 48.9483 1650400569677 1950690.5000 -0.1994
-7.7073 78.6104 -26.2947 34.7308 1650400569706 1950719.5000 -0.1994
-7.9754 78.4705 -27.1713 37.2189 1650400569736 1950751.0000 -0.1994
-7.5650 78.8314 -27.6539 41.4343 1650400569765 1950776.7500 -0.1994
-8.0447 78.4445 -28.5626 34.1507 1650400569794 1950806.2500 -0.1994
-7.9318 78.6790 -29.0822 32.0793 1650400569822 1950835.2500 -0.1994
-7.6863 78.7505 -29.6423 33.3583 1650400569852 1950864.2500 -0.1994
-8.1626 78.3566 -30.6543 24.9506 1650400569880 1950893.2500 -0.1993
-7.6936 78.8368 -30.9615 35.9083 1650400569909 1950922.2500 -0.1989
-8.1723 78.5118 -31.9691 25.8889 1650400569938 1950951.2500 -0.1989
-8.0913 78.5491 -32.5309 27.8448 1650400569967 1950981.7500 -0.1989
-7.9362 78.7788 -33.1317 38.9888 1650400569996 1951011.7500 -0.1989
-8.1844 78.4991 -33.8828 28.0898 1650400570025 1951038.2500 -0.1984
-8.0377 78.6644 -34.4060 29.6512 1650400570054 1951068.7500 -0.1984
-8.0017 78.7676 -34.9710 41.3217 1650400570083 1951097.0000 -0.1984
-8.2796 78.4847 -35.7929 33.1602 1650400570113 1951125.0000 -0.1984
-7.9824 78.7030 -36.1364 28.1592 1650400570141 1951154.0000 -0.1984
-7.9012 78.6379 -36.8481 36.9535 1650400570170 1951183.0000 -0.1984
-8.1698 78.4598 -37.5679 27.5391 1650400570199 1951211.7500 -0.1984
-7.9295 78.6121 -37.9327 26.1731 1650400570228 1951240.7500 -0.1984
-7.8843 78.8020 -38.3421 33.6177 1650400570257 1951269.7500 -0.1984
-8.1463 78.3550 -39.2793 25.9130 1650400570286 1951298.7500 -0.1984
-8.0525 78.5688 -39.6008 27.8727 1650400570315 1951327.7500 -0.1984
-7.8896 78.5171 -39.9131 27.4211 1650400570344 1951356.7500 -0.1984
-8.0103 78.5763 -40.5346 33.7456 1650400570373 1951385.7500 -0.1989
-8.1303 78.3184 -41.1015 27.0099 1650400570401 1951414.7500 -0.1989
-7.9404 78.3282 -41.2652 32.8427 1650400570431 1951443.7500 -0.1989
-8.2075 78.2777 -41.6121 30.9802 1650400570459 1951472.7500 -0.1989
-8.0555 78.4546 -41.9158 32.7970 1650400570489 1951503.2500 -0.1991
-8.0637 78.4070 -42.3817 28.4679 1650400570518 1951529.7500 -0.1994
-7.9404 78.5288 -42.4257 27.8577 1650400570547 1951559.7500 -0.1993
-8.2352 78.2916 -42.8619 25.5927 1650400570576 1951588.7500 -0.1989
-8.0087 78.0762 -42.9041 25.4194 1650400570605 1951617.7500 -0.1989
-7.9255 78.2723 -42.9898 36.2841 1650400570634 1951646.7500 -0.1994
-7.9542 78.4798 -43.0861 29.3849 1650400570663 1951675.7500 -0.1994
-7.8622 78.4108 -43.2654 34.0144 1650400570692 1951704.7500 -0.1994
-8.0298 78.4766 -43.3335 28.0724 1650400570720 1951733.7500 -0.1994
-8.0108 78.4317 -43.5096 32.6556 1650400570749 1951765.2500 -0.1994
-8.2425 78.4589 -43.5068 33.9766 1650400570778 1951793.0000 -0.1994
-7.9898 78.6520 -43.4648 29.8386 1650400570807 1951820.5000 -0.1994
-8.1120 78.5679 -43.5422 25.6298 1650400570836 1951852.0000 -0.1994
-8.0349 78.5286 -43.5170 32.4042 1650400570866 1951878.2500 -0.1994
-8.1180 78.6192 -43.4605 35.5998 1650400570895 1951907.2500 -0.1994
-7.9555 78.7042 -43.3533 48.0075 1650400570924 1951936.2500 -0.1989
-7.9387 78.7764 -43.1143 26.2182 1650400570953 1951965.2500 -0.1989
-7.9385 78.8666 -42.8173 25.4126 1650400570981 1951994.2500 -0.1989
