-8.1141 79.0320 -28.6089 48.5612 1650400901657 2282647.0000 -0.1990
-8.1341 78.9840 -28.6096 36.2689 1650400901686 2282675.7500 -0.1989
-8.1401 79.0072 -28.6735 34.9524 1650400901715 2282704.2500 -0.1989
-8.0840 78.9935 -28.6967 34.4750 1650400901744 2282733.2500 -0.1989
-8.2036 78.9980 -28.6661 39.2117 1650400901773 2282762.7500 -0.1989
-8.1087 79.0555 -28.6717 41.8291 1650400901802 2282791.0000 -0.1989
-8.1551 78.9243 -28.7119 37.5763 1650400901831 2282820.5000 -0.1989
-8.1404 78.9822 -28.7091 28.2148 1650400901860 2282849.5000 -0.1989
-8.1192 78.9786 -28.7395 56.9593 1650400901888 2282878.5000 -0.1990
-8.1529 78.9463 -28.6297 42.1416 1650400901918 2282907.5000 -0.1994
-8.0937 79.0444 -28.6550 33.9107 1650400901946 2282936.5000 -0.1994
-8.0636 78.9198 -28.6560 33.2883 1650400901975 2282965.5000 -0.1999
-8.0469 78.9894 -28.6401 39.2885 1650400902004 2282994.5000 -0.1999
-8.2495 78.8227 -28.8397 35.0858 1650400902033 2283023.5000 -0.1999
-8.0985 78.9697 -28.5930 39.1344 1650400902062 2283052.5000 -0.1999
-8.0248 79.0004 -28.6208 36.5024 1650400902092 2283081.5000 -0.1999
-8.2554 78.7894 -28.7708 33.5740 1650400902121 2283110.5000 -0.1999
-8.1506 78.9218 -28.6518 35.0344 1650400902150 2283139.5000 -0.1999
-8.1610 78.8731 -28.6883 40.0377 1650400902179 2283168.5000 -0.1999
-8.1354 78.9698 -28.5962 37.0518 1650400902207 2283197.5000 -0.1999
-8.1583 78.8365 -28.7026 33.2570 1650400902237 2283227.7500 -0.1999
-8.2000 78.8918 -28.6782 36.0083 1650400902265 2283256.2500 -0.1999
-8.2356 78.8101 -28.7780 41.3799 1650400902294 2283284.5000 -0.1999
-8.2753 78.7804 -28.6985 40.2575 1650400902323 2283313.5000 -0.1999
-8.2361 78.7856 -28.7363 38.4650 1650400902352 2283342.5000 -0.1999
-8.2663 78.7912 -28.7793 35.5548 1650400902381 2283371.2500 -0.1995
-8.2049 78.8679 -28.7566 39.9679 1650400902410 2283400.2500 -0.1994
-8.1812 78.8771 -28.7182 30.1122 1650400902439 2283429.2500 -0.1994
-8.2062 78.7804 -28.8190 39.7362 1650400902468 2283458.2500 -0.1994
-8.1722 78.8443 -28.6373 31.3757 1650400902498 2283488.0000 -0.1990
-8.2530 78.8322 -28.7271 32.4116 1650400902526 2283516.0000 -0.1989
-8.1790 78.8862 -28.6762 38.7055 1650400902555 2283545.0000 -0.1989
-8.2113 78.9250 -28.7504 46.6020 1650400902584 2283573.5000 -0.1989
-8.1773 78.9450 -28.7089 31.3062 1650400902613 2283603.0000 -0.1993
-8.1515 78.9619 -28.6971 29.9487 1650400902642 2283632.0000 -0.1994
-8.1877 78.9001 -28.7251 38.4144 1650400902671 2283661.0000 -0.1994
-8.1252 78.9813 -28.6812 44.2864 1650400902700 2283690.0000 -0.1994
-8.1505 78.8664 -28.6895 37.4168 1650400902729 2283719.0000 -0.1994
-8.0824 78.9829 -28.7153 36.0583 1650400902758 2283748.0000 -0.1994
-8.2248 78.9472 -28.7185 40.7650 1650400902786 2283777.0000 -0.1995
-8.1336 78.9808 -28.6437 36.0147 1650400902816 2283805.7500 -0.1999
-8.1329 78.9482 -28.6386 40.1292 1650400902845 2283834.7500 -0.1999
-8.1409 78.9488 -28.5908 37.2602 1650400902874 2283863.7500 -0.1999
-8.2136 78.8161 -28.7715 39.6183 1650400902903 2283892.7500 -0.1999
-8.0325 78.9257 -28.6315 30.9146 1650400902932 2283921.5000 -0.1999
-8.1312 78.8423 -28.6471 37.1455 1650400902961 2283950.5000 -0.1999
-8.1331 78.8806 -28.6204 34.2850 1650400902990 2283979.5000 -0.1999
-8.1224 78.9421 -28.6542 42.2191 1650400903019 2284011.2500 -0.1999
-8.2243 78.8302 -28.7118 30.7193 1650400903048 2284037.5000 -0.1999
-8.1639 78.8541 -28.6236 42.7902 1650400903077 2284066.5000 -0.1999
-8.2636 78.8413 -28.6627 40.5851 1650400903105 2284095.5000 -0.1999
-8.2787 78.7429 -28.7848 53.5979 1650400903134 2284124.5000 -0.1999
-8.1917 78.8281 -28.6657 37.3909 1650400903163 2284153.5000 -0.1999
-8.2461 78.7808 -28.6856 34.9741 1650400903192 2284182.5000 -0.1999
-8.2846 78.7367 -28.6373 45.0118 1650400903221 2284211.5000 -0.1995
-8.2559 78.7883 -28.6414 29.3814 1650400903251 2284241.7500 -0.1994
-8.2638 78.7432 -28.7556 38.3391 1650400903280 2284270.7500 -0.1994
-8.1463 78.8553 -28.6604 37.2154 1650400903309 2284298.5000 -0.1994
-8.1828 78.7877 -28.7807 41.4391 1650400903338 2284328.7500 -0.1994
-8.1904 78.7840 -28.6572 37.1868 1650400903366 2284356.5000 -0.1994
-8.2455 78.8528 -28.6669 32.8115 1650400903396 2284385.5000 -0.1994
-8.2189 78.8365 -28.7255 43.2446 1650400903424 2284414.5000 -0.1994
-8.2764 78.7483 -28.6607 29.1445 1650400903453 2284443.5000 -0.1994
-8.2307 78.9203 -28.6805 49.9299 1650400903482 2284472.5000 -0.1994
-8.2038 78.8206 -28.6480 36.3236 1650400903511 2284501.2500 -0.1994
-8.1539 78.9779 -28.6302 29.8559 1650400903540 2284530.2500 -0.1994
-8.2874 78.8444 -28.7270 37.5642 1650400903569 2284559.2500 -0.1994
-8.0734 78.9261 -28.5761 52.1979 1650400903598 2284588.0000 -0.1994
-8.0365 79.0047 -28.5554 34.8560 1650400903627 2284617.0000 -0.1994
-8.0982 78.9505 -28.5815 36.8445 1650400903657 2284646.0000 -0.1998
-8.0799 78.8937 -28.7140 50.1617 1650400903685 2284675.0000 -0.1999
-8.0221 79.0422 -28.4988 29.2552 1650400903714 2284704.0000 -0.1999
-8.1714 78.9431 -28.6828 37.5848 1650400903743 2284733.0000 -0.1999
-8.1290 78.9147 -28.5452 29.4496 1650400903772 2284763.0000 -0.1999
-8.0478 78.9020 -28.5919 38.1132 1650400903801 2284792.2500 -0.1999
-8.1212 78.9089 -28.7063 29.5800 1650400903830 2284820.0000 -0.1999
-8.2293 78.8206 -28.6648 41.3635 1650400903859 2284849.0000 -0.1999
-8.1972 78.7513 -28.6388 36.3731 1650400903888 2284878.0000 -0.1999
-8.1489 78.7484 -28.6824 40.5005 1650400903917 2284906.7500 -0.1999
-8.2010 78.8615 -28.5526 38.5556 1650400903945 2284935.7500 -0.1995
-8.1915 78.8324 -28.6966 33.0897 1650400903975 2284964.7500 -0.1994
-8.1104 78.7320 -28.7603 45.3603 1650400904004 2284993.7500 -0.1994
-8.2960 78.3134 -27.7231 22.2281 1650400904033 2285027.0000 -0.1994
-7.9239 78.5621 -26.6170 53.1955 1650400904062 2285051.2500 -0.1994
-7.9841 78.2737 -26.0380 48.7712 1650400904091 2285080.5000 -0.1994
-8.0909 78.3022 -25.7083 43.8528 1650400904120 2285109.5000 -0.1994
-8.1680 78.1582 -25.2371 56.8885 1650400904149 2285138.5000 -0.1994
-8.2053 78.0527 -24.6209 36.5408 1650400904178 2285167.5000 -0.1994
-7.8121 78.3229 -24.2882 47.1801 1650400904207 2285196.5000 -0.1994
-7.9022 78.3328 -24.2200 50.9536 1650400904236 2285225.5000 -0.1994
-7.9631 78.4309 -24.0559 36.8114 1650400904264 2285254.5000 -0.1994
-7.9313 78.4914 -24.0578 34.0229 1650400904294 2285283.5000 -0.1990
-7.8117 78.9961 -24.1568 40.1385 1650400904322 2285312.5000 -0.1989
-8.2227 78.7001 -24.4953 36.3399 1650400904351 2285341.5000 -0.1990
-8.3571 78.3286 -25.1918 28.7101 1650400904380 2285370.5000 -0.1994
-7.9863 78.7772 -25.6436 45.4521 1650400904410 2285399.5000 -0.1998
-8.1051 78.5662 -26.4617 42.8749 1650400904439 2285428.5000 -0.1999
-8.1212 78.6750 -27.3689 35.4241 1650400904468 2285457.5000 -0.1999
-8.0812 78.5900 -28.3056 36.4131 1650400904497 2285486.5000 -0.1999
-8.1060 78.8953 -29.0617 35.5684 1650400904525 2285515.5000 -0.1999
-8.1734 78.6002 -30.0553 30.1852 1650400904555 2285548.2500 -0.1999
-8.0880 78.7802 -30.7777 34.9078 1650400904583 2285573.0000 -0.1999
-8.0576 78.6369 -31.5833 29.8793 1650400904612 2285602.5000 -0.1999
-8.3154 78.5266 -32.2452 27.8638 1650400904641 2285631.2500 -0.1999
-8.0090 78.7916 -32.6272 37.2716 1650400904670 2285660.2500 -0.1999
-8.0798 78.6997 -33.2552 29.8971 1650400904699 2285689.2500 -0.1999
-8.3237 78.2640 -33.7096 30.6665 1650400904728 2285718.0000 -0.1999
-8.2491 78.4849 -33.7082 22.5580 1650400904757 2285747.0000 -0.1999
-8.1084 78.4734 -33.5031 23.8310 1650400904786 2285777.2500 -0.1999
-8.1485 78.4084 -33.3597 26.5698 1650400904816 2285807.5000 -0.1999
-7.8193 78.9367 -32.7743 24.4795 1650400904844 2285834.0000 -0.1995
-7.9884 78.6837 -32.5342 35.0099 1650400904874 2285863.0000 -0.1994
-8.0910 78.5462 -32.0179 37.1234 1650400904902 2285891.7500 -0.1990
-8.1455 78.3785 -31.4016 44.8550 1650400904931 2285921.0000 -0.1989
-8.0089 78.3537 -30.7393 36.9281 1650400904960 2285950.0000 -0.1989
-8.0553 78.1553 -29.8464 35.7226 1650400904989 2285979.0000 -0.1989
-7.9510 78.3160 -29.0062 33.6343 1650400905018 2286008.0000 -0.1985
-8.0417 78.3636 -27.9637 35.2306 1650400905047 2286036.7500 -0.1984
-7.9432 78.4977 -27.3469 33.7031 1650400905076 2286065.7500 -0.1984
-7.9991 78.5180 -26.3658 26.6460 1650400905105 2286094.7500 -0.1984
-7.8174 78.6043 -25.7005 34.0454 1650400905134 2286123.5000 -0.1985
-8.1462 78.3660 -25.2408 27.4349 1650400905162 2286152.5000 -0.1984
-7.9091 78.4725 -24.6572 34.7727 1650400905192 2286181.5000 -0.1988
-7.8238 78.5969 -24.2349 30.6557 1650400905221 2286210.5000 -0.1989
-7.6342 78.7193 -24.0076 29.1134 1650400905250 2286239.5000 -0.1989
-7.8466 78.5793 -24.0499 33.5446 1650400905279 2286268.5000 -0.1989
-7.8077 78.6246 -24.0963 32.8078 1650400905308 2286298.7500 -0.1989
-7.9095 78.8978 -24.3720 32.5689 1650400905337 2286329.2500 -0.1989
-8.3719 78.6136 -24.9401 33.9198 1650400905366 2286355.5000 -0.1989
-8.4101 78.6462 -25.4031 28.9394 1650400905395 2286384.5000 -0.1994
-8.0516 79.0322 -25.9523 43.8069 1650400905423 2286413.5000 -0.1994
-8.4180 78.3961 -26.9002 35.4562 1650400905453 2286442.5000 -0.1994
-8.0472 78.9193 -27.6609 30.3111 1650400905481 2286471.5000 -0.1994
-8.6239 78.4530 -28.7692 30.6383 1650400905510 2286500.5000 -0.1994
-7.9604 79.0693 -29.3235 33.9400 1650400905539 2286529.5000 -0.1994
-8.4980 78.4341 -30.4899 22.4439 1650400905568 2286562.7500 -0.1998
-8.1292 78.8810 -31.0083 36.0680 1650400905598 2286587.0000 -0.1999
-8.2108 78.5590 -31.8524 32.8204 1650400905627 2286616.5000 -0.1994
-8.2170 78.6048 -32.4361 24.2997 1650400905656 2286646.7500 -0.1994
-7.9784 78.9519 -32.7453 26.9786 1650400905685 2286674.5000 -0.1994
-8.1113 78.7422 -33.3916 35.3948 1650400905714 2286703.5000 -0.1994
-8.2577 78.3361 -33.6121 24.8063 1650400905742 2286732.2500 -0.1990
-8.1869 78.5715 -33.6397 29.5395 1650400905771 2286761.2500 -0.1989
-8.3447 78.5080 -33.4446 25.2424 1650400905800 2286790.2500 -0.1989
-8.1331 78.5580 -33.2026 28.9776 1650400905829 2286819.0000 -0.1989
-7.9664 78.7183 -32.7088 35.9607 1650400905858 2286848.0000 -0.1989
-7.8409 78.8463 -32.1900 27.5886 1650400905887 2286877.0000 -0.1989
-8.0848 78.5014 -31.6617 25.0584 1650400905916 2286906.0000 -0.1985
-7.9774 78.4901 -31.0805 43.6542 1650400905945 2286935.0000 -0.1984
-8.0307 78.3119 -30.3629 34.1724 1650400905975 2286964.0000 -0.1988
-7.8607 78.3320 -29.5024 37.9244 1650400906003 2286993.0000 -0.1989
-8.0057 78.1354 -28.8154 34.3283 1650400906033 2287022.0000 -0.1989
-7.8875 78.5448 -27.7417 36.1390 1650400906061 2287051.0000 -0.1989
-8.0498 78.2877 -27.1005 27.9617 1650400906090 2287082.7500 -0.1989
-7.8746 78.4168 -26.0808 40.2483 1650400906119 2287108.7500 -0.1989
-7.9322 78.2356 -25.6873 35.4689 1650400906148 2287137.7500 -0.1989
-8.0295 78.3840 -24.9463 25.3338 1650400906177 2287166.7500 -0.1994
-7.9005 78.3486 -24.4764 32.3939 1650400906206 2287195.7500 -0.1994
-7.7547 78.4780 -24.1499 30.5641 1650400906235 2287224.7500 -0.1994
-7.5842 78.6008 -23.9309 34.0550 1650400906264 2287253.5000 -0.1994
-7.7596 78.5512 -24.0818 29.9907 1650400906293 2287282.5000 -0.1994
-7.7573 78.8778 -24.0212 33.5894 1650400906321 2287311.5000 -0.1994
-7.8381 78.7649 -24.4646 31.8185 1650400906351 2287343.0000 -0.1994
-8.4636 78.3750 -25.2479 22.7347 1650400906380 2287369.5000 -0.1994
-8.1402 78.9256 -25.3952 24.0292 1650400906409 2287400.0000 -0.1994
-8.1156 78.9471 -26.0907 26.9472 1650400906438 2287427.0000 -0.1994
-8.3698 78.5266 -27.0496 42.8760 1650400906467 2287456.5000 -0.1994
-8.0269 78.9767 -27.8589 43.1117 1650400906496 2287485.5000 -0.1994
-8.3724 78.5429 -28.9755 30.8168 1650400906525 2287514.5000 -0.1994
-7.9547 78.9972 -29.6527 27.9373 1650400906554 2287543.5000 -0.1994
-8.2785 78.6975 -30.5240 23.0955 1650400906582 2287572.5000 -0.1998
-7.9657 79.0397 -31.1866 41.4573 1650400906612 2287601.5000 -0.1999
-8.2631 78.5234 -32.1376 27.7920 1650400906640 2287630.5000 -0.1995
-8.0650 78.8175 -32.5480 35.8541 1650400906669 2287659.5000 -0.1994
-7.9986 78.9824 -32.8752 30.3158 1650400906698 2287688.5000 -0.1994
-8.3102 78.6002 -33.6929 27.6237 1650400906728 2287717.5000 -0.1994
-8.1715 78.6470 -33.4794 30.2345 1650400906757 2287746.5000 -0.1990
-8.1115 78.7122 -33.4889 25.5737 1650400906786 2287775.5000 -0.1989
-8.1025 78.6608 -33.4151 28.7821 1650400906815 2287804.5000 -0.1993
-8.0731 78.7149 -32.9233 21.6163 1650400906844 2287834.7500 -0.1994
-7.8283 78.9067 -32.3223 38.8839 1650400906873 2287863.2500 -0.1994
-7.9217 78.8301 -31.9611 30.5097 1650400906901 2287891.2500 -0.1994
-8.1879 78.3001 -31.6542 25.6514 1650400906931 2287920.2500 -0.1994
-8.0574 78.5994 -30.7588 30.6477 1650400906959 2287949.0000 -0.1994
-8.1912 77.9840 -30.0757 30.4269 1650400906988 2287978.0000 -0.1998
-7.9037 78.2586 -29.1781 35.5617 1650400907017 2288007.0000 -0.1999
-8.0769 78.1320 -28.3640 28.0434 1650400907046 2288036.0000 -0.1999
-7.8166 78.3513 -27.4713 34.2631 1650400907075 2288065.0000 -0.1999
-8.1484 78.1274 -26.7143 28.8240 1650400907104 2288095.0000 -0.1999
-7.8670 78.3718 -25.9036 39.5113 1650400907134 2288124.2500 -0.1999
-7.9482 78.2653 -25.3922 30.9008 1650400907163 2288152.0000 -0.1999
-7.8827 78.3962 -24.5289 24.8905 1650400907192 2288183.7500 -0.1999
-7.7773 78.5045 -24.2415 36.3162 1650400907220 2288210.0000 -0.1999
-7.7682 78.6840 -24.1063 30.1603 1650400907249 2288239.0000 -0.1999
-7.6420 78.7712 -23.8246 28.6184 1650400907278 2288267.7500 -0.1999
-7.7764 78.8044 -23.7914 33.4294 1650400907307 2288296.7500 -0.1999
-7.6614 79.0567 -24.1424 30.2412 1650400907336 2288325.7500 -0.1999
-8.0255 78.6905 -24.5440 28.5687 1650400907365 2288354.5000 -0.1995
-8.3580 78.5776 -25.1535 24.6621 1650400907394 2288383.5000 -0.1994
-7.9602 79.1537 -25.5043 37.6933 1650400907423 2288412.5000 -0.1994
-7.9284 78.9180 -26.2634 40.5615 1650400907452 2288441.5000 -0.1994
-8.0536 78.9619 -27.1151 28.4053 1650400907480 2288470.5000 -0.1990
-8.0828 78.8480 -28.0266 33.9952 1650400907511 2288499.5000 -0.1989
-8.1466 78.9845 -28.9955 35.6244 1650400907539 2288528.5000 -0.1989
-8.1761 78.6895 -29.9662 29.3093 1650400907568 2288557.5000 -0.1989
-8.0933 78.7621 -30.7251 28.8078 1650400907597 2288586.5000 -0.1989
-8.1527 78.8378 -31.4519 28.1316 1650400907626 2288616.7500 -0.1989
-8.2430 78.5623 -32.2654 27.0196 1650400907655 2288645.7500 -0.1989
-7.8269 79.0459 -32.5452 34.2235 1650400907684 2288673.5000 -0.1989
-8.0757 78.8908 -33.0206 28.7097 1650400907713 2288702.5000 -0.1993
-8.2229 78.6373 -33.5402 33.8297 1650400907742 2288731.5000 -0.1994
-8.1137 78.5107 -33.6475 32.2039 1650400907771 2288760.5000 -0.1994
-7.9522 78.6492 -33.4751 23.4959 1650400907799 2288789.5000 -0.1994
-8.0567 78.5669 -33.3621 23.9872 1650400907828 2288818.5000 -0.1994
-7.9598 78.8414 -32.7624 34.7246 1650400907857 2288849.0000 -0.1999
-7.8988 78.8820 -32.1186 39.2977 1650400907887 2288877.2500 -0.1999
-8.0338 78.7158 -31.8030 25.8203 1650400907916 2288905.5000 -0.1999
-8.0954 78.4078 -31.2274 23.4953 1650400907945 2288936.0000 -0.1999
-8.1255 78.4504 -30.3620 28.4526 1650400907974 2288964.2500 -0.1999
-8.0026 78.1907 -29.7393 29.3004 1650400908003 2288992.2500 -0.1999
-7.9708 78.1968 -28.9070 31.9211 1650400908032 2289021.2500 -0.1999
-7.9732 78.1640 -27.9551 29.9304 1650400908060 2289050.0000 -0.1999
-7.7789 78.3263 -27.2033 34.7699 1650400908090 2289079.0000 -0.2004
-7.9046 78.3114 -26.2981 28.9976 1650400908118 2289108.0000 -0.2004
-7.7839 78.3932 -25.7403 35.5499 1650400908147 2289137.0000 -0.2004
-8.0176 78.3448 -25.1075 23.4363 1650400908176 2289166.0000 -0.2004
-7.8397 78.4199 -24.4969 23.2860 1650400908205 2289195.0000 -0.1999
-7.7687 78.5527 -24.0002 36.2758 1650400908234 2289224.0000 -0.1999
-7.7221 78.6629 -23.9485 30.4077 1650400908263 2289253.0000 -0.1999
-7.7354 78.8120 -23.8002 36.7611 1650400908293 2289282.0000 -0.1999
-7.7497 78.8099 -23.8989 29.9263 1650400908322 2289311.0000 -0.1995
-7.8827 79.1624 -24.0598 26.0450 1650400908351 2289340.0000 -0.1994
-7.9831 78.8215 -24.6103 34.9402 1650400908379 2289370.5000 -0.1994
-8.2355 78.7420 -25.0370 30.3354 1650400908409 2289396.7500 -0.1994
-7.8477 79.1499 -25.6506 40.5555 1650400908437 2289426.7500 -0.1994
-8.3539 78.4725 -26.7091 30.0073 1650400908466 2289455.7500 -0.1994
-7.8510 79.0572 -27.3393 31.0936 1650400908495 2289484.5000 -0.1994
-8.3649 78.5731 -28.5028 33.3133 1650400908524 2289513.5000 -0.1994
-7.9156 79.0511 -29.2478 27.8717 1650400908553 2289542.5000 -0.1994
-8.4009 78.5078 -30.3700 30.9094 1650400908582 2289571.5000 -0.1994
-8.0545 78.9377 -30.9594 32.4299 1650400908611 2289600.5000 -0.1994
-8.2293 78.8299 -31.7851 37.3224 1650400908640 2289629.2500 -0.1994
-8.0705 78.8766 -32.3387 27.0349 1650400908669 2289658.0000 -0.1994
-7.9866 78.9764 -32.7296 37.7713 1650400908698 2289687.5000 -0.1994
-8.0878 78.7941 -33.2889 29.7287 1650400908727 2289717.7500 -0.1994
-8.0633 78.5520 -33.6577 32.8501 1650400908756 2289745.5000 -0.1998
-8.1412 78.5771 -33.5036 31.3554 1650400908785 2289774.5000 -0.1999
-7.9348 78.6409 -33.4083 26.6830 1650400908814 2289803.5000 -0.1999
-8.0370 78.6646 -33.0839 25.5499 1650400908843 2289832.5000 -0.1999
-7.9444 78.8320 -32.5920 31.3153 1650400908872 2289861.5000 -0.2002
-7.9613 78.8228 -32.1416 30.8774 1650400908901 2289890.5000 -0.2004
-8.0570 78.4100 -31.7670 28.9488 1650400908930 2289919.5000 -0.2004
-8.0074 78.4317 -31.0655 37.7853 1650400908958 2289948.5000 -0.2004
-8.0115 78.2414 -30.2778 33.1650 1650400908988 2289977.5000 -0.2004
-7.8939 78.2266 -29.4949 23.6304 1650400909016 2290006.5000 -0.2004
-7.9826 78.1258 -28.7297 30.5912 1650400909045 2290035.5000 -0.2000
-7.8713 78.2174 -27.6772 31.4969 1650400909074 2290064.2500 -0.1999
-7.8853 78.3108 -26.9598 30.7918 1650400909104 2290093.2500 -0.1999
-7.9471 78.2400 -26.0713 25.9387 1650400909133 2290122.2500 -0.1999
-7.6636 78.4810 -25.2890 40.8222 1650400909162 2290152.2500 -0.1999
-8.1083 78.1698 -24.8227 22.8624 1650400909191 2290181.2500 -0.1999
-7.7224 78.4657 -24.2911 36.0061 1650400909220 2290209.0000 -0.1995
-7.6258 78.6321 -23.9660 29.2330 1650400909249 2290238.0000 -0.1994
-7.7369 78.6094 -23.7787 29.8343 1650400909277 2290267.0000 -0.1994
-7.8827 78.7524 -23.9180 28.4672 1650400909306 2290296.0000 -0.1994
-7.8116 78.8675 -23.9564 31.7577 1650400909335 2290325.0000 -0.1994
-7.8753 78.8334 -24.2092 27.6868 1650400909364 2290354.0000 -0.1994
-8.2907 78.5757 -24.8436 37.5287 1650400909393 2290383.0000 -0.1994
-8.1152 78.9061 -25.3029 28.9122 1650400909422 2290414.7500 -0.1994
-7.7991 78.9571 -25.7808 35.8103 1650400909451 2290440.7500 -0.1995
-8.3793 78.4812 -26.8924 30.4620 1650400909481 2290470.0000 -0.1999
-8.0180 78.9661 -27.6277 31.6918 1650400909510 2290500.0000 -0.1999
-8.2899 78.6313 -28.7716 30.7229 1650400909538 2290527.7500 -0.1999
-8.0309 78.9871 -29.4816 28.1286 1650400909568 2290556.7500 -0.2000
-8.3197 78.6062 -30.5179 35.0698 1650400909596 2290585.5000 -0.2004
-7.9741 78.9975 -31.1556 33.6080 1650400909625 2290614.5000 -0.2004
-8.4129 78.6322 -32.2035 44.6367 1650400909654 2290643.5000 -0.2004
-8.0041 78.8275 -32.4702 29.8373 1650400909683 2290672.5000 -0.2004
-7.9505 79.0006 -32.9808 42.8218 1650400909712 2290701.5000 -0.2004
-8.0706 78.7196 -33.4324 32.2180 1650400909741 2290730.5000 -0.2004
-8.1569 78.5463 -33.5559 40.6120 1650400909770 2290759.5000 -0.2004
-8.1429 78.5423 -33.5870 30.5581 1650400909799 2290788.5000 -0.2004
-8.0383 78.6075 -33.3298 26.3914 1650400909828 2290817.5000 -0.2004
-8.0341 78.6770 -32.9946 24.6759 1650400909857 2290846.5000 -0.2004
-7.9302 78.7917 -32.4675 30.8511 1650400909886 2290875.5000 -0.2000
-8.0034 78.7684 -32.0430 28.4246 1650400909915 2290904.5000 -0.1999
-8.0656 78.3276 -31.5354 34.3175 1650400909944 2290937.7500 -0.1999
-7.8816 78.4694 -30.7636 34.0523 1650400909973 2290962.0000 -0.1999
-8.0143 78.1009 -30.1512 34.2394 1650400910002 2290991.5000 -0.1995
-7.9526 78.4245 -29.1393 37.3857 1650400910031 2291020.5000 -0.1994
-7.9471 77.9937 -28.4367 27.5250 1650400910060 2291049.5000 -0.1994
-7.8114 78.3425 -27.4809 34.7933 1650400910089 2291078.5000 -0.1994
-8.0752 78.2204 -26.7183 24.9682 1650400910117 2291107.5000 -0.1994
-7.7913 78.4714 -25.8374 25.4682 1650400910147 2291136.5000 -0.1994
-7.7554 78.3890 -25.1928 30.6691 1650400910175 2291165.2500 -0.1994
-7.9983 78.3268 -24.6700 19.2532 1650400910204 2291197.0000 -0.1994
-7.6590 78.4446 -24.1182 31.7927 1650400910234 2291223.2500 -0.1994
-7.6728 78.7641 -23.9901 27.9439 1650400910263 2291255.2500 -0.1994
-7.5269 78.8129 -23.8096 37.0098 1650400910292 2291280.7500 -0.1998
-7.7455 78.8431 -23.7819 27.7948 1650400910321 2291310.0000 -0.1999
-7.7788 79.1029 -23.8652 29.9474 1650400910350 2291339.0000 -0.1999
-8.0417 78.8714 -24.2497 30.3001 1650400910379 2291368.0000 -0.1999
-8.3729 78.4632 -24.9602 25.3336 1650400910408 2291397.0000 -0.2002
-7.9678 78.9399 -25.4659 37.6704 1650400910436 2291426.0000 -0.2004
-8.1085 78.6590 -26.2066 30.7242 1650400910466 2291455.0000 -0.2004
-8.1759 78.8580 -27.0635 37.1855 1650400910494 2291484.0000 -0.1999
-8.0532 78.8295 -28.0425 27.8323 1650400910523 2291513.0000 -0.1999
-8.1098 78.8046 -28.8303 29.3687 1650400910552 2291542.0000 -0.2002
-8.2803 78.7362 -29.8721 27.7822 1650400910581 2291571.0000 -0.2004
-8.1176 78.8717 -30.6904 27.0451 1650400910610 2291599.7500 -0.2004
-8.0089 79.0083 -31.3624 30.9106 1650400910640 2291628.7500 -0.2004
-8.3672 78.6343 -32.2470 25.2376 1650400910669 2291657.7500 -0.2004
-7.9762 78.9193 -32.4620 29.9924 1650400910698 2291687.7500 -0.2004
-8.0019 78.8162 -32.9837 33.3416 1650400910727 2291718.2500 -0.2004
-8.1525 78.5665 -33.5545 27.1515 1650400910755 2291744.5000 -0.2004
-8.0855 78.6102 -33.4897 31.8586 1650400910784 2291773.5000 -0.2000
-8.1325 78.5699 -33.4791 30.2280 1650400910813 2291802.5000 -0.1999
-8.1406 78.3939 -33.4680 32.2254 1650400910842 2291831.5000 -0.1999
-8.0661 78.7213 -32.8075 34.0065 1650400910871 2291860.5000 -0.1999
-7.8547 78.6992 -32.4054 41.7024 1650400910900 2291889.5000 -0.1999
-7.9721 78.5641 -31.9462 34.6789 1650400910929 2291918.5000 -0.1999
-7.9516 78.4857 -31.3751 33.4381 1650400910958 2291950.2500 -0.1999
-7.8128 78.4040 -30.5991 36.1831 1650400910987 2291976.0000 -0.1999
-8.1156 78.1025 -29.9430 32.9115 1650400911016 2292005.5000 -0.1995
-7.8027 78.4222 -28.9950 39.6535 1650400911046 2292035.7500 -0.1994
-8.0900 78.1320 -28.1629 31.1037 1650400911074 2292063.5000 -0.1998
-7.7716 78.5506 -27.0497 32.0831 1650400911103 2292092.5000 -0.1999
-7.9330 78.1594 -26.4353 28.8071 1650400911132 2292121.5000 -0.1999
-7.6656 78.4896 -25.5844 36.3015 1650400911161 2292150.5000 -0.1999
-8.0335 78.0916 -25.1547 27.9356 1650400911190 2292179.5000 -0.2002
-7.8059 78.4639 -24.4003 24.0001 1650400911219 2292208.5000 -0.2004
-7.8297 78.3733 -24.1160 29.5910 1650400911248 2292237.5000 -0.2004
-7.8159 78.6968 -23.9243 25.7835 1650400911277 2292266.5000 -0.2004
-7.6466 78.6781 -23.8852 31.2320 1650400911306 2292295.2500 -0.2004
-7.8263 78.8268 -23.8368 35.8266 1650400911334 2292324.2500 -0.2004
-7.7995 79.1890 -23.9951 32.9139 1650400911363 2292353.2500 -0.2004
-8.5068 78.4595 -24.8089 30.6662 1650400911393 2292382.2500 -0.2004
-8.1924 78.5265 -25.0733 29.8925 1650400911422 2292411.0000 -0.2004
-7.9463 78.9057 -25.6707 41.4865 1650400911451 2292440.0000 -0.2007
-8.3918 78.5740 -26.7111 29.3994 1650400911480 2292471.7500 -0.2009
-7.9850 78.9942 -27.3068 33.6947 1650400911509 2292497.7500 -0.2009
-8.3169 78.6389 -28.3548 32.9965 1650400911538 2292527.0000 -0.2009
-8.0189 78.9992 -29.1323 29.8139 1650400911567 2292556.0000 -0.2009
-8.4180 78.5980 -30.1453 30.1835 1650400911595 2292585.0000 -0.2009
-7.9890 79.0032 -30.8793 32.6321 1650400911625 2292614.0000 -0.2004
-8.1047 78.8142 -31.6896 24.9334 1650400911653 2292643.0000 -0.2004
-8.2254 78.6371 -32.3810 24.7247 1650400911682 2292672.0000 -0.2004
-7.9901 78.8212 -32.6849 33.0394 1650400911711 2292702.5000 -0.2004
-7.9662 78.8370 -33.2845 27.1072 1650400911740 2292732.0000 -0.2004
-8.1733 78.4529 -33.5573 24.8555 1650400911769 2292758.7500 -0.2004
-8.0655 78.5690 -33.4952 37.0949 1650400911798 2292787.7500 -0.2000
-8.1951 78.4647 -33.4931 26.3513 1650400911828 2292816.2500 -0.1999
-8.1193 78.5440 -33.2394 23.2617 1650400911857 2292845.5000 -0.1999
-7.8750 78.6110 -32.8014 27.8831 1650400911886 2292874.5000 -0.1999
-7.8858 78.5329 -32.2842 34.0832 1650400911914 2292903.5000 -0.1999
-8.0449 78.4148 -31.8574 28.2931 1650400911943 2292932.5000 -0.1999
-7.9145 78.4606 -31.1701 37.1669 1650400911972 2292961.5000 -0.1999
-8.0104 78.3058 -30.3983 42.5442 1650400912001 2292990.5000 -0.1999
-7.8263 78.4726 -29.4798 31.8167 1650400912030 2293019.5000 -0.1999
-7.8466 78.1855 -28.8510 35.7182 1650400912059 2293048.5000 -0.2004
-7.8717 78.2932 -27.7844 29.8878 1650400912088 2293077.5000 -0.2004
-7.9610 78.2542 -27.1037 35.5318 1650400912117 2293106.5000 -0.2004
-8.0219 78.3312 -26.0739 31.4915 1650400912146 2293135.5000 -0.2004
-7.7377 78.5308 -25.4476 36.9748 1650400912175 2293164.5000 -0.2004
-8.0843 78.2452 -24.9443 23.9195 1650400912205 2293193.5000 -0.2005
-7.8865 78.4646 -24.2880 26.6804 1650400912233 2293224.0000 -0.2009
-7.6790 78.6478 -23.9846 33.7434 1650400912262 2293252.0000 -0.2009
-7.9248 78.7049 -23.8734 29.9615 1650400912291 2293280.5000 -0.2009
-7.8961 78.7530 -23.9278 23.1732 1650400912320 2293309.5000 -0.2009
-7.8776 78.8088 -24.0901 26.1597 1650400912349 2293338.5000 -0.2009
-8.1314 78.8851 -24.2187 24.9328 1650400912378 2293367.5000 -0.2009
-8.3650 78.4594 -24.9755 37.6945 1650400912407 2293396.5000 -0.2009
-7.9320 78.6635 -25.2420 28.4707 1650400912436 2293425.2500 -0.2009
-7.8141 78.9865 -25.7906 29.1251 1650400912465 2293454.2500 -0.2005
-8.4632 78.5565 -26.9285 26.3775 1650400912493 2293486.2500 -0.2004
-7.7944 79.0268 -27.5695 43.0297 1650400912523 2293513.2500 -0.2004
-8.5230 78.4676 -28.7011 31.3198 1650400912552 2293541.0000 -0.2004
-7.9751 78.9110 -29.3751 34.9223 1650400912581 2293572.7500 -0.2000
-8.4766 78.5350 -30.4641 28.4225 1650400912610 2293599.0000 -0.1999
-7.8987 79.1043 -30.9218 26.8881 1650400912639 2293628.0000 -0.2002
-8.3184 78.4979 -31.9715 28.9935 1650400912668 2293657.0000 -0.2004
-8.1377 78.7174 -32.4340 31.0941 1650400912697 2293686.0000 -0.2004
-7.9472 78.8756 -32.7501 37.0011 1650400912726 2293715.0000 -0.2004
-8.1905 78.6008 -33.4145 28.5774 1650400912755 2293744.0000 -0.2004
-8.1941 78.4180 -33.5527 22.6781 1650400912784 2293773.0000 -0.2004
-8.2287 78.4703 -33.4598 29.8161 1650400912812 2293802.0000 -0.2004
-8.1305 78.6373 -33.4902 25.0724 1650400912841 2293830.7500 -0.2004
-8.0203 78.5853 -33.0182 30.6427 1650400912870 2293859.7500 -0.2005
-7.9202 78.5002 -32.7002 33.2276 1650400912899 2293888.7500 -0.2009
-7.9618 78.5361 -32.3097 35.1696 1650400912928 2293917.7500 -0.2009
-8.0767 78.3241 -31.7205 38.0885 1650400912957 2293946.5000 -0.2009
-7.8161 78.5531 -30.8968 46.7159 1650400912987 2293975.5000 -0.2009
-8.1678 77.9288 -30.4122 28.8471 1650400913016 2294006.0000 -0.2009
-7.7942 78.5345 -29.2319 43.4279 1650400913045 2294034.7500 -0.2009
-8.2286 77.9038 -28.8111 31.7629 1650400913073 2294062.5000 -0.2009
-7.9612 78.5940 -27.4426 31.9046 1650400913103 2294091.5000 -0.2010
-8.2734 78.1872 -26.8191 24.5037 1650400913131 2294120.5000 -0.2013
-7.7829 78.5595 -25.8867 30.6665 1650400913160 2294149.5000 -0.2013
-7.8050 78.3682 -25.3297 36.9640 1650400913189 2294178.5000 -0.2013
-7.8534 78.4483 -24.6327 29.6776 1650400913218 2294207.5000 -0.2013
-7.8256 78.4375 -24.3158 34.7897 1650400913247 2294238.0000 -0.2013
-7.7151 78.6346 -23.9209 32.6242 1650400913276 2294268.0000 -0.2013
-7.8070 78.6995 -23.9996 35.2834 1650400913305 2294294.5000 -0.2010
-7.7293 78.7920 -23.9868 33.8872 1650400913334 2294323.5000 -0.2009
-7.9703 78.9499 -24.1960 29.9986 1650400913364 2294353.7500 -0.2009
-8.0133 78.9463 -24.4698 36.2523 1650400913392 2294381.5000 -0.2009
-8.3369 78.5709 -24.9781 26.5153 1650400913421 2294410.5000 -0.2005
-7.9750 78.8893 -25.5043 37.8311 1650400913450 2294439.5000 -0.2004
-8.0434 78.8922 -26.2550 38.4756 1650400913479 2294468.5000 -0.2004
-8.1374 78.7609 -27.0466 35.9204 1650400913508 2294497.5000 -0.2004
-7.9082 78.9529 -27.8216 33.6705 1650400913537 2294526.2500 -0.2004
-8.2133 78.7576 -28.8333 31.4922 1650400913566 2294555.2500 -0.2004
-8.0517 78.7883 -29.6675 28.4080 1650400913595 2294584.2500 -0.2004
-8.2668 78.7380 -30.5593 27.5672 1650400913624 2294612.7500 -0.2004
-7.9447 79.0616 -31.1518 32.1591 1650400913652 2294642.0000 -0.2004
-8.3512 78.5177 -32.1378 25.7936 1650400913682 2294671.0000 -0.2004
-7.9549 78.8422 -32.4267 28.9412 1650400913710 2294700.0000 -0.2004
-7.9740 78.7749 -32.9839 36.4326 1650400913740 2294729.0000 -0.2004
-8.1620 78.6590 -33.3956 31.4147 1650400913769 2294758.0000 -0.2005
-8.2742 78.5501 -33.5477 26.5657 1650400913798 2294788.0000 -0.2009
-8.1380 78.5867 -33.4726 25.3212 1650400913827 2294816.0000 -0.2009
-8.1088 78.7341 -33.3140 28.9202 1650400913856 2294845.0000 -0.2009
-8.0703 78.7404 -32.9258 31.9296 1650400913885 2294874.0000 -0.2009
-7.8547 78.7478 -32.4693 36.9366 1650400913914 2294903.0000 -0.2009
-7.9053 78.5174 -32.1415 38.6832 1650400913943 2294931.7500 -0.2009
-7.9800 78.4431 -31.4879 27.6190 1650400913971 2294960.7500 -0.2009
-7.8415 78.4371 -30.7859 44.5047 1650400914000 2294989.7500 -0.2009
-8.1349 78.1526 -30.2294 31.5422 1650400914029 2295019.7500 -0.2009
-7.8174 78.5392 -29.1492 33.7247 1650400914058 2295048.7500 -0.2009
-8.0827 78.2637 -28.2990 32.4486 1650400914087 2295076.5000 -0.2009
-7.8083 78.6204 -27.2923 38.2967 1650400914116 2295106.7500 -0.2009
-8.0937 78.2732 -26.6104 29.0551 1650400914146 2295134.5000 -0.2009
-7.8854 78.4927 -25.8748 32.0113 1650400914175 2295163.5000 -0.2009
-7.9268 78.4257 -25.2173 31.7629 1650400914204 2295192.5000 -0.2009
-7.9588 78.5440 -24.5681 29.3048 1650400914232 2295221.5000 -0.2009
-7.7863 78.5178 -24.2077 30.3195 1650400914262 2295250.5000 -0.2009
-7.7570 78.6942 -24.1507 36.0577 1650400914290 2295279.5000 -0.2009
-7.9361 78.7431 -24.1064 34.7202 1650400914319 2295308.5000 -0.2005
-7.8436 78.9648 -23.9744 28.0081 1650400914348 2295337.5000 -0.2004
-7.9353 79.1336 -24.0404 25.5587 1650400914377 2295366.5000 -0.2004
-8.1959 78.6399 -24.6917 35.0718 1650400914406 2295395.5000 -0.2004
-8.3174 78.4989 -25.1471 38.2137 1650400914435 2295424.5000 -0.2004
-8.0161 78.9439 -25.7120 31.9208 1650400914464 2295453.5000 -0.2004
-8.1197 78.8349 -26.3809 35.9398 1650400914493 2295482.5000 -0.2004
-7.9912 78.8971 -27.3157 28.9822 1650400914522 2295512.7500 -0.2004
-8.2243 78.7495 -28.2114 25.4540 1650400914551 2295541.7500 -0.2004
-8.0776 78.9252 -29.0482 29.7587 1650400914581 2295569.0000 -0.2009
-8.3861 78.6293 -30.0539 35.5007 1650400914609 2295598.5000 -0.2009
-8.0469 78.9219 -30.8001 25.2874 1650400914638 2295627.2500 -0.2009
-8.0466 78.7720 -31.5199 34.9719 1650400914667 2295656.2500 -0.2009
-8.2743 78.5996 -32.2495 22.5246 1650400914696 2295685.2500 -0.2013
-7.9099 78.8237 -32.5945 38.4006 1650400914725 2295714.2500 -0.2013
-8.1765 78.7727 -33.1328 34.2393 1650400914754 2295743.0000 -0.2013
-8.2830 78.6032 -33.3987 25.9181 1650400914783 2295772.0000 -0.2013
-8.1873 78.7459 -33.4467 24.0586 1650400914812 2295805.2500 -0.2013
-8.4456 78.4769 -33.7047 25.4060 1650400914841 2295829.7500 -0.2013
-8.1827 78.5814 -33.3124 32.4037 1650400914869 2295859.0000 -0.2013
-7.9729 78.7144 -32.8621 32.8907 1650400914898 2295889.0000 -0.2013
-7.8690 78.7107 -32.3489 31.9517 1650400914928 2295917.0000 -0.2009
-8.0589 78.4388 -32.0919 30.3502 1650400914957 2295946.0000 -0.2009
-8.0349 78.5239 -31.2699 39.2568 1650400914986 2295975.0000 -0.2009
-7.9193 78.3673 -30.4962 36.9177 1650400915015 2296004.0000 -0.2009
-8.0625 78.2803 -29.7680 35.1550 1650400915044 2296033.0000 -0.2009
-7.9106 78.4290 -28.8660 33.6356 1650400915073 2296061.7500 -0.2009
-7.9014 78.4470 -27.9554 35.8257 1650400915102 2296090.7500 -0.2005
-7.8565 78.5277 -27.0949 31.5610 1650400915130 2296119.7500 -0.2004
-8.0910 78.3379 -26.2785 30.5642 1650400915160 2296148.5000 -0.2004
-7.8166 78.6121 -25.6629 34.1700 1650400915188 2296177.5000 -0.2004
-8.0981 78.4585 -25.1013 27.8402 1650400915217 2296206.5000 -0.2004
-7.8792 78.5773 -24.4826 35.7072 1650400915246 2296235.5000 -0.2004
-7.8038 78.6920 -24.1546 37.5270 1650400915276 2296264.5000 -0.2004
-7.7306 78.8601 -24.0530 38.6576 1650400915305 2296293.5000 -0.2004
-7.9196 78.8705 -24.0552 29.7945 1650400915334 2296325.2500 -0.2004
-7.8077 79.0373 -23.9379 45.2954 1650400915363 2296351.0000 -0.2004
-8.0488 78.9592 -24.4008 43.6079 1650400915392 2296380.5000 -0.2004
-8.3241 78.6356 -25.0120 37.4023 1650400915421 2296409.5000 -0.2004
-8.2868 78.8079 -25.3146 38.3018 1650400915449 2296439.7500 -0.2004
-7.7778 79.1766 -25.8321 33.9854 1650400915478 2296467.5000 -0.2009
-8.3483 78.5158 -26.9986 41.1070 1650400915507 2296496.5000 -0.2009
-7.7579 79.1829 -27.4625 32.9767 1650400915536 2296525.5000 -0.2009
-8.3669 78.5866 -28.6192 34.0511 1650400915565 2296554.2500 -0.2009
-7.9227 79.0704 -29.2870 38.6568 1650400915594 2296584.7500 -0.2009
-8.3892 78.5645 -30.4607 30.2678 1650400915623 2296612.5000 -0.2009
-7.8899 79.0481 -30.9430 37.9009 1650400915652 2296643.0000 -0.2009
-8.2738 78.5959 -31.7807 37.2837 1650400915682 2296670.0000 -0.2009
-8.0793 78.6916 -32.3849 31.1305 1650400915710 2296699.5000 -0.2009
-8.0363 78.8128 -32.8141 36.6284 1650400915740 2296728.5000 -0.2009
-8.1022 78.6908 -33.3840 31.6380 1650400915768 2296757.2500 -0.2009
-8.1690 78.4533 -33.5594 21.9220 1650400915797 2296786.2500 -0.2009
-8.1688 78.5872 -33.5424 31.2098 1650400915826 2296815.2500 -0.2009
-8.1604 78.5642 -33.5088 29.3035 1650400915855 2296844.0000 -0.2009
-8.1311 78.5905 -33.1747 26.3084 1650400915884 2296873.0000 -0.2009
-7.9308 78.7899 -32.7452 32.3545 1650400915913 2296902.0000 -0.2009
-8.0555 78.7035 -32.3532 36.9929 1650400915942 2296931.0000 -0.2005
-8.0286 78.5091 -31.7548 31.8269 1650400915971 2296960.0000 -0.2004
-8.0655 78.5544 -31.0353 39.6660 1650400916000 2296989.0000 -0.2004
-8.0067 78.4339 -30.2522 32.1060 1650400916028 2297018.0000 -0.2004
-7.9346 78.5618 -29.3966 33.2657 1650400916058 2297047.0000 -0.2004
-8.0249 78.3530 -28.6870 36.9607 1650400916087 2297077.2500 -0.2004
-8.0146 78.5287 -27.6960 24.8619 1650400916116 2297107.5000 -0.2004
-7.9927 78.4335 -26.8561 31.1058 1650400916145 2297134.0000 -0.2004
-7.8151 78.6749 -25.9656 38.7714 1650400916174 2297162.7500 -0.2004
-7.8099 78.4935 -25.5014 38.9173 1650400916203 2297191.7500 -0.2004
-7.8116 78.6752 -24.6827 27.8772 1650400916232 2297220.7500 -0.2004
-7.8032 78.5212 -24.4213 30.8399 1650400916261 2297249.7500 -0.2004
-7.6816 78.7968 -23.9391 37.4935 1650400916290 2297278.5000 -0.2007
-7.6573 78.9512 -23.9812 37.0296 1650400916319 2297307.5000 -0.2009
-7.7518 78.9203 -23.9209 29.3628 1650400916347 2297339.5000 -0.2009
-7.8493 79.0609 -23.9879 32.5589 1650400916376 2297365.0000 -0.2009
-7.8823 79.0446 -24.4509 42.4454 1650400916405 2297394.5000 -0.2007
-8.3832 78.6356 -25.0896 37.7761 1650400916434 2297424.7500 -0.2011
-8.0584 79.0371 -25.5712 26.0429 1650400916463 2297452.5000 -0.2013
-7.8413 79.0466 -26.1613 37.3089 1650400916493 2297481.5000 -0.2013
-8.2423 78.7613 -27.0788 34.5668 1650400916522 2297510.5000 -0.2013
-7.8983 79.0266 -27.8188 34.0317 1650400916551 2297539.5000 -0.2013
-8.2702 78.7414 -28.9404 33.3469 1650400916580 2297568.5000 -0.2013
-8.0968 78.9236 -29.7281 33.4977 1650400916608 2297597.5000 -0.2009
-8.0979 78.5782 -30.5871 25.9033 1650400916638 2297626.5000 -0.2009
-8.0597 78.8214 -31.2661 28.2582 1650400916666 2297655.5000 -0.2009
-8.4395 78.4874 -32.1669 29.8774 1650400916695 2297684.5000 -0.2009
-8.0441 78.7971 -32.4328 41.5277 1650400916724 2297713.5000 -0.2009
-7.9913 78.8687 -32.8912 34.9364 1650400916753 2297742.5000 -0.2009
-8.2828 78.6445 -33.4406 36.1577 1650400916782 2297771.5000 -0.2005
-8.1964 78.4645 -33.5606 32.3030 1650400916811 2297800.5000 -0.2004
-8.2027 78.5268 -33.5659 29.6551 1650400916840 2297829.5000 -0.2004
-8.0599 78.6526 -33.4468 27.7997 1650400916870 2297861.0000 -0.2004
-8.0302 78.8208 -32.8323 29.5749 1650400916899 2297886.7500 -0.2004
-7.9503 78.8227 -32.5405 30.6482 1650400916927 2297916.2500 -0.2004
-7.8792 78.7977 -31.9748 36.1821 1650400916956 2297945.2500 -0.2004
-8.0758 78.3749 -31.4726 31.6146 1650400916985 2297974.0000 -0.2004
-7.9834 78.6247 -30.6984 38.5392 1650400917014 2298003.0000 -0.2004
-7.9522 78.3754 -30.0054 27.6053 1650400917043 2298032.0000 -0.2004
-7.8305 78.7364 -29.0228 36.8312 1650400917072 2298061.0000 -0.2004
-7.9521 78.3494 -28.2100 43.8766 1650400917101 2298091.5000 -0.2004
-7.8582 78.6798 -27.3382 39.9389 1650400917130 2298121.5000 -0.2004
-8.0270 78.3535 -26.5624 29.3096 1650400917159 2298148.0000 -0.2004
-7.7188 78.6467 -25.7974 39.7582 1650400917187 2298178.5000 -0.2005
-7.9888 78.4974 -25.2528 33.1233 1650400917217 2298205.7500 -0.2009
-7.7855 78.7657 -24.4400 26.9708 1650400917246 2298235.0000 -0.2009
-7.7336 78.6687 -24.1843 29.5716 1650400917275 2298264.0000 -0.2009
-7.7565 78.7696 -24.0467 44.9765 1650400917304 2298292.7500 -0.2009
-7.5299 78.9740 -23.8403 39.1083 1650400917333 2298321.7500 -0.2009
-7.6994 78.9632 -23.9625 33.1974 1650400917362 2298350.7500 -0.2009
-7.8764 79.0729 -24.1922 38.9756 1650400917391 2298379.5000 -0.2009
-8.2422 78.7894 -24.7866 33.6216 1650400917420 2298408.5000 -0.2009
-8.4148 78.7015 -25.2022 31.2688 1650400917449 2298437.5000 -0.2009
-8.0181 79.2045 -25.6726 44.4205 1650400917478 2298466.5000 -0.2009
-8.2763 78.7157 -26.6470 35.1856 1650400917506 2298495.5000 -0.2009
-8.0653 79.0070 -27.2384 40.3438 1650400917535 2298524.5000 -0.2009
-8.2343 78.6900 -28.2743 35.6926 1650400917564 2298553.5000 -0.2009
-8.0766 78.8613 -29.0564 48.5792 1650400917593 2298582.5000 -0.2009
-8.1843 78.7049 -30.0633 33.0914 1650400917622 2298613.0000 -0.2005
-8.1669 78.7631 -30.9066 31.2972 1650400917652 2298642.7500 -0.2004
-8.0778 78.6816 -31.5930 33.1603 1650400917681 2298669.5000 -0.2004
-8.2710 78.5228 -32.3412 27.6332 1650400917710 2298698.5000 -0.2004
-8.0542 78.9469 -32.5617 33.7537 1650400917739 2298727.5000 -0.2004
-8.0432 78.7525 -33.1436 37.7196 1650400917767 2298756.5000 -0.2004
-8.2196 78.5312 -33.5479 26.2226 1650400917797 2298785.5000 -0.2004
-8.2354 78.4786 -33.5203 28.0732 1650400917825 2298814.5000 -0.2004
-8.2734 78.6774 -33.5215 29.8303 1650400917854 2298843.5000 -0.2004
-8.1721 78.4914 -33.3453 29.3947 1650400917883 2298873.7500 -0.2004
-7.9990 78.8231 -32.8326 28.1403 1650400917912 2298902.2500 -0.2004
-7.8558 78.9842 -32.2627 33.9129 1650400917941 2298930.5000 -0.2004
-8.0490 78.7682 -31.8482 31.6357 1650400917970 2298962.2500 -0.2005
-8.0275 78.4914 -31.2293 37.6157 1650400917999 2298988.2500 -0.2009
-7.9940 78.4421 -30.5378 32.6547 1650400918029 2299017.2500 -0.2009
-8.0101 78.3318 -29.6559 35.9384 1650400918058 2299046.2500 -0.2009
-7.8281 78.4921 -28.8911 40.5590 1650400918086 2299075.0000 -0.2010
-7.8599 78.4662 -27.9191 49.8716 1650400918116 2299104.0000 -0.2013
-7.8651 78.5422 -27.1194 34.3948 1650400918144 2299133.0000 -0.2013
-7.8401 78.5508 -26.0599 33.7167 1650400918173 2299162.0000 -0.2013
-7.7997 78.5624 -25.6892 39.9535 1650400918202 2299191.0000 -0.2013
-7.8752 78.5213 -24.9381 27.5816 1650400918231 2299220.0000 -0.2013
-7.8092 78.6730 -24.3663 28.1819 1650400918260 2299249.0000 -0.2013
-7.6355 78.7462 -24.0710 34.2368 1650400918289 2299278.0000 -0.2013
-7.6739 78.8192 -23.9390 28.2323 1650400918318 2299307.0000 -0.2013
-7.7147 79.0530 -23.8854 24.5870 1650400918346 2299336.0000 -0.2013
-7.7831 79.1843 -23.8514 34.4443 1650400918376 2299365.0000 -0.2013
-7.6833 79.2406 -24.0508 31.2200 1650400918405 2299393.2500 -0.2010
-8.2277 78.8304 -24.7725 34.8595 1650400918434 2299424.0000 -0.2009
-8.3384 78.9153 -25.2595 30.9915 1650400918463 2299451.7500 -0.2009
-7.9203 79.1670 -25.8835 38.6808 1650400918492 2299480.7500 -0.2009
-8.4825 78.3503 -26.9798 41.2357 1650400918521 2299509.5000 -0.2009
-7.7316 79.1648 -27.3864 41.4669 1650400918550 2299538.5000 -0.2009
-8.3381 78.5582 -28.5518 34.8452 1650400918579 2299567.5000 -0.2005
-7.8737 79.0509 -29.2837 28.7058 1650400918608 2299596.5000 -0.2004
-8.3925 78.4936 -30.4369 30.8599 1650400918637 2299625.5000 -0.2005
-8.0582 79.0058 -31.0528 31.3764 1650400918665 2299655.7500 -0.2009
-8.2076 78.6642 -31.8110 34.4371 1650400918695 2299683.5000 -0.2005
-8.1641 78.7532 -32.3332 27.1694 1650400918723 2299712.5000 -0.2004
-8.0890 78.8422 -32.7948 31.6075 1650400918752 2299742.7500 -0.2005
-8.0248 78.7671 -33.3037 35.9309 1650400918781 2299770.5000 -0.2009
-8.2020 78.4761 -33.6374 29.4448 1650400918811 2299799.5000 -0.2009
-8.2771 78.5782 -33.6048 33.1830 1650400918840 2299828.5000 -0.2009
-8.2392 78.5931 -33.4238 34.9372 1650400918869 2299857.5000 -0.2009
-8.1052 78.6373 -33.1498 26.7864 1650400918898 2299886.5000 -0.2009
-7.9833 78.7301 -32.7037 24.5628 1650400918927 2299915.5000 -0.2009
-7.8819 78.8220 -32.1568 30.0377 1650400918956 2299944.5000 -0.2012
-7.9355 78.6182 -31.6122 27.7672 1650400918984 2299973.5000 -0.2012
-7.8423 78.5291 -30.9775 34.8660 1650400919013 2300002.5000 -0.2009
-8.0424 78.2932 -30.2691 38.4571 1650400919042 2300031.5000 -0.2009
-7.8333 78.4781 -29.2537 33.8297 1650400919071 2300060.5000 -0.2012
-8.1652 77.9744 -28.7797 32.9269 1650400919100 2300089.2500 -0.2013
-7.9098 78.5362 -27.5570 31.0311 1650400919129 2300118.2500 -0.2010
-7.8732 78.4271 -26.7716 30.9496 1650400919158 2300147.2500 -0.2009
-7.7277 78.5784 -25.8290 34.6063 1650400919188 2300177.0000 -0.2009
-7.7241 78.4993 -25.4624 40.1825 1650400919217 2300205.0000 -0.2009
-7.8028 78.4759 -24.7519 25.1252 1650400919245 2300234.0000 -0.2009
-7.6547 78.6825 -24.1721 28.0557 1650400919275 2300263.0000 -0.2009
-7.6503 78.8086 -23.9462 42.5893 1650400919303 2300292.0000 -0.2005
-7.6472 78.9112 -23.8517 36.9835 1650400919332 2300321.0000 -0.2004
-7.7360 78.8972 -23.8787 31.3741 1650400919361 2300350.0000 -0.2004
-7.7356 79.0809 -23.9399 39.1256 1650400919390 2300379.0000 -0.2004
-7.7543 78.8236 -24.4206 29.8010 1650400919419 2300409.2500 -0.2004
-8.4571 78.7834 -25.0443 37.5356 1650400919448 2300439.5000 -0.2004
-8.0996 78.8785 -25.3959 34.3508 1650400919477 2300466.0000 -0.2000
-7.8771 78.9555 -26.1061 48.0012 1650400919506 2300494.5000 -0.1999
-8.2872 78.5360 -27.0955 29.2707 1650400919535 2300523.7500 -0.2000
-7.9865 78.8421 -27.8879 38.2789 1650400919564 2300552.7500 -0.2004
-8.1857 78.6155 -28.8265 35.5838 1650400919593 2300581.7500 -0.2004
-8.0908 78.8617 -29.6446 34.9028 1650400919622 2300610.5000 -0.2004
-8.1334 78.5849 -30.5354 31.2254 1650400919651 2300639.5000 -0.2004
-8.1079 79.0185 -31.2953 43.7631 1650400919680 2300668.2500 -0.2004
-8.4438 78.5112 -32.1066 31.7850 1650400919709 2300697.5000 -0.2004
-8.0380 78.8449 -32.5938 31.2399 1650400919738 2300726.5000 -0.2004
-7.9995 78.8376 -32.9932 35.1249 1650400919767 2300755.5000 -0.2004
-8.2591 78.6348 -33.5721 34.8657 1650400919796 2300784.5000 -0.2009
-8.2522 78.5193 -33.6116 32.7033 1650400919824 2300813.5000 -0.2009
-8.2560 78.5942 -33.4996 33.8593 1650400919854 2300842.5000 -0.2009
-8.1524 78.4946 -33.4099 24.9224 1650400919882 2300871.5000 -0.2009
-7.9906 78.9189 -32.7574 26.4325 1650400919911 2300900.5000 -0.2009
-7.9999 78.8390 -32.5041 32.7863 1650400919940 2300930.7500 -0.2009
-7.9296 78.7669 -31.9981 30.1936 1650400919970 2300959.7500 -0.2009
-8.0687 78.3901 -31.4471 31.8380 1650400919999 2300987.5000 -0.2009
-8.0000 78.5215 -30.6816 39.5155 1650400920028 2301016.5000 -0.2012
-7.9913 78.2374 -30.0692 29.0098 1650400920057 2301045.5000 -0.2013
-7.9518 78.4472 -29.1358 33.2615 1650400920086 2301074.5000 -0.2013
-7.9090 78.2377 -28.1471 29.5033 1650400920115 2301103.5000 -0.2013
-7.8201 78.4481 -27.4277 34.9966 1650400920143 2301132.5000 -0.2010
-7.8872 78.3613 -26.4454 29.0558 1650400920173 2301161.5000 -0.2009
-7.7433 78.5551 -25.7988 34.1131 1650400920201 2301191.2500 -0.2005
-7.8321 78.3893 -25.3192 33.5071 1650400920230 2301218.7500 -0.2004
-7.7838 78.4374 -24.5647 36.4344 1650400920259 2301248.2500 -0.2007
-7.6462 78.6138 -24.1313 32.8510 1650400920288 2301280.0000 -0.2009
-7.6676 78.6791 -24.0036 30.3382 1650400920317 2301306.0000 -0.2005
-7.6684 78.7987 -23.8452 25.3483 1650400920346 2301335.0000 -0.2004
-7.7997 78.8726 -23.8843 35.8324 1650400920376 2301364.0000 -0.2004
-7.7492 79.2198 -23.9368 38.0944 1650400920404 2301393.0000 -0.2004
-7.9360 78.8671 -24.2688 34.7387 1650400920434 2301422.0000 -0.2004
-8.4527 78.5844 -25.1320 24.1924 1650400920462 2301451.0000 -0.2004
-7.9751 79.0270 -25.5393 34.2247 1650400920491 2301480.0000 -0.2007
-8.1095 78.7722 -26.3556 34.8941 1650400920520 2301509.0000 -0.2009
-7.9585 78.9174 -27.1649 37.3557 1650400920549 2301538.0000 -0.2009
-8.1228 78.6945 -28.2102 47.8222 1650400920578 2301567.0000 -0.2009
-8.0625 78.9274 -29.0528 29.6437 1650400920607 2301596.0000 -0.2012
-8.2367 78.6008 -30.0522 34.4998 1650400920636 2301624.7500 -0.2013
-8.1442 78.9377 -30.7766 30.8712 1650400920665 2301653.7500 -0.2013
-8.1449 78.8042 -31.6470 39.5722 1650400920694 2301682.7500 -0.2013
-8.4262 78.6358 -32.3696 27.7323 1650400920723 2301716.0000 -0.2013
-7.9803 78.9661 -32.6703 31.2529 1650400920753 2301740.2500 -0.2013
-8.0235 78.7980 -33.2542 33.5034 1650400920781 2301769.5000 -0.2013
-8.3515 78.5532 -33.6650 33.5741 1650400920810 2301798.5000 -0.2013
-8.2579 78.5741 -33.5632 24.7042 1650400920839 2301827.5000 -0.2013
-8.1578 78.6291 -33.5699 28.4604 1650400920868 2301856.5000 -0.2013
-8.1122 78.5965 -33.1617 32.1271 1650400920897 2301885.5000 -0.2013
-7.9803 78.8485 -32.7410 25.1384 1650400920926 2301914.5000 -0.2013
-7.7498 78.8694 -32.3562 35.1112 1650400920955 2301944.7500 -0.2013
-7.9560 78.6706 -31.8241 31.7805 1650400920984 2301973.7500 -0.2013
-7.9006 78.5354 -31.2721 36.1297 1650400921013 2302001.5000 -0.2013
-7.9296 78.4153 -30.5438 37.7015 1650400921041 2302031.7500 -0.2013
-8.0831 78.1185 -29.7851 32.4503 1650400921070 2302059.0000 -0.2013
-7.7764 78.4122 -28.8543 43.9593 1650400921099 2302088.5000 -0.2010
-7.9642 78.0923 -28.1237 27.7213 1650400921129 2302117.5000 -0.2009
-7.7417 78.5103 -27.0872 28.5688 1650400921158 2302146.5000 -0.2009
-8.0408 78.2483 -26.3305 27.9511 1650400921187 2302175.5000 -0.2009
-7.6519 78.6418 -25.4333 34.0655 1650400921216 2302204.5000 -0.2009
-8.1172 78.1958 -25.0747 22.6930 1650400921245 2302233.5000 -0.2009
-7.6313 78.5079 -24.4053 34.9486 1650400921274 2302262.5000 -0.2009
-7.5155 78.5679 -23.9993 34.4868 1650400921302 2302291.5000 -0.2009
-7.5762 78.8828 -23.7861 34.4429 1650400921332 2302320.2500 -0.2009
-7.4659 79.0130 -23.7268 32.0581 1650400921360 2302349.2500 -0.2009
-7.8084 78.9383 -23.8070 31.6964 1650400921389 2302378.2500 -0.2012
-7.6035 79.1267 -23.9817 29.7275 1650400921418 2302407.2500 -0.2013
-8.3283 78.6463 -24.7634 29.8472 1650400921447 2302436.2500 -0.2013
-8.1781 78.7045 -25.2335 31.5248 1650400921476 2302466.2500 -0.2013
-7.7480 79.0690 -25.7470 37.3170 1650400921505 2302496.5000 -0.2013
-8.4449 78.5429 -26.8583 32.9855 1650400921535 2302523.0000 -0.2013
-7.8675 79.0728 -27.4679 44.0370 1650400921564 2302552.0000 -0.2013
-8.3914 78.5537 -28.6206 31.8637 1650400921593 2302581.0000 -0.2013
-8.0073 79.0429 -29.2482 32.5183 1650400921621 2302610.0000 -0.2013
-8.3646 78.4852 -30.4085 27.2768 1650400921651 2302639.0000 -0.2013
-7.9968 79.0410 -30.9658 32.6444 1650400921679 2302668.0000 -0.2013
-8.2163 78.6831 -31.7970 42.5163 1650400921708 2302697.0000 -0.2018
-8.2533 78.6752 -32.4721 22.7512 1650400921737 2302728.5000 -0.2018
-8.0376 78.9314 -32.7282 27.5682 1650400921766 2302756.0000 -0.2015
-8.0992 78.7610 -33.3247 33.3731 1650400921795 2302783.7500 -0.2013
-8.2449 78.3897 -33.6172 26.9507 1650400921824 2302813.7500 -0.2013
-8.1289 78.4966 -33.4952 25.7653 1650400921853 2302841.5000 -0.2013
-8.1320 78.5497 -33.5525 26.6182 1650400921882 2302870.5000 -0.2013
-8.1557 78.4828 -33.1547 27.7698 1650400921911 2302899.5000 -0.2013
-8.0054 78.6836 -32.6933 35.6502 1650400921940 2302928.5000 -0.2010
-7.9290 78.7847 -32.1497 27.1617 1650400921969 2302957.5000 -0.2009
-7.9678 78.4618 -31.7915 28.3290 1650400921998 2302986.5000 -0.2009
-7.9719 78.4275 -31.0987 38.6433 1650400922027 2303015.5000 -0.2009
-8.0984 78.2054 -30.3752 29.3317 1650400922056 2303044.5000 -0.2009
-7.8369 78.4630 -29.3148 39.6538 1650400922085 2303073.5000 -0.2009
-7.9504 78.0153 -28.8273 31.6987 1650400922114 2303102.5000 -0.2005
-7.8287 78.5509 -27.5589 39.6412 1650400922143 2303131.5000 -0.2004
-7.9915 78.1982 -26.8851 25.9650 1650400922172 2303160.5000 -0.2007
-7.6757 78.5568 -25.8385 31.6755 1650400922200 2303189.5000 -0.2009
-7.6589 78.4649 -25.4963 36.3581 1650400922230 2303218.5000 -0.2009
-7.6869 78.4215 -24.7302 30.8612 1650400922258 2303248.5000 -0.2013
-7.5745 78.3845 -24.3434 28.5673 1650400922288 2303276.0000 -0.2013
-7.5401 78.7179 -23.9903 37.1905 1650400922317 2303305.5000 -0.2013
-7.6873 78.7373 -23.8536 31.1769 1650400922346 2303334.5000 -0.2013
-7.7132 78.8657 -23.8776 29.8196 1650400922375 2303363.5000 -0.2013
-7.5686 78.9521 -23.9198 27.2852 1650400922404 2303392.5000 -0.2013
-7.9322 78.7907 -24.2847 33.8904 1650400922433 2303421.2500 -0.2013
-8.4625 78.4321 -25.1114 29.1211 1650400922462 2303450.2500 -0.2013
-8.0445 78.7405 -25.3648 37.6852 1650400922491 2303480.7500 -0.2013
-7.9461 78.9821 -26.0309 39.4677 1650400922519 2303510.7500 -0.2013
-8.2612 78.5269 -27.0079 36.6340 1650400922548 2303537.0000 -0.2013
-7.9232 79.0751 -27.7867 30.0466 1650400922577 2303567.5000 -0.2013
-8.3024 78.6884 -28.7950 28.5156 1650400922606 2303596.2500 -0.2013
-7.9958 79.0205 -29.5900 42.1948 1650400922635 2303624.0000 -0.2013
-8.3114 78.5806 -30.6411 28.2814 1650400922664 2303653.0000 -0.2013
-7.9835 78.9366 -31.1695 27.3659 1650400922694 2303682.0000 -0.2013
-8.4939 78.4661 -32.1878 33.1927 1650400922723 2303711.0000 -0.2010
-8.0547 78.8461 -32.4843 28.3491 1650400922752 2303740.0000 -0.2009
-8.0932 78.9264 -32.9482 30.9088 1650400922780 2303769.0000 -0.2009
-8.2090 78.5445 -33.5094 31.6848 1650400922810 2303798.0000 -0.2009
-8.2474 78.4049 -33.5856 32.3129 1650400922838 2303827.0000 -0.2009
-8.1353 78.6235 -33.4387 23.3384 1650400922867 2303855.7500 -0.2009
-8.2071 78.4644 -33.4849 27.8674 1650400922896 2303884.7500 -0.2005
-7.9287 78.7472 -32.9257 26.7722 1650400922925 2303913.7500 -0.2004
-7.8514 78.7284 -32.5280 25.5075 1650400922954 2303942.5000 -0.2005
-7.8918 78.6607 -32.1767 34.1397 1650400922983 2303971.5000 -0.2009
-8.0085 78.4028 -31.5909 22.2252 1650400923012 2304002.2500 -0.2005
-7.8238 78.4575 -30.7992 38.8984 1650400923041 2304032.0000 -0.2004
-8.1475 77.9636 -30.2775 33.2895 1650400923070 2304058.5000 -0.2005
-7.8194 78.5647 -29.1476 34.7785 1650400923099 2304087.5000 -0.2009
-8.1788 77.7783 -28.6452 26.5882 1650400923128 2304116.5000 -0.2009
-7.7318 78.5630 -27.3475 43.1347 1650400923157 2304145.5000 -0.2009
-8.1998 78.0190 -26.6978 23.2656 1650400923186 2304174.5000 -0.2009
-7.6694 78.6888 -25.6553 37.9726 1650400923215 2304203.5000 -0.2009
-7.7606 78.3057 -25.3903 29.8344 1650400923244 2304232.5000 -0.2009
-7.7813 78.4528 -24.5575 27.4141 1650400923273 2304262.7500 -0.2013
-7.6360 78.4937 -24.2627 36.1534 1650400923302 2304291.7500 -0.2013
-7.5146 78.6710 -23.8501 33.8833 1650400923331 2304319.5000 -0.2013
-7.6362 78.7379 -23.8729 26.9905 1650400923359 2304351.2500 -0.2013
-7.6630 78.9785 -23.7484 35.8718 1650400923389 2304377.5000 -0.2013
-7.7790 79.1548 -24.1235 33.3362 1650400923417 2304406.5000 -0.2013
-7.9568 78.8560 -24.4687 32.9208 1650400923447 2304435.5000 -0.2013
-8.3625 78.4439 -25.0343 39.4117 1650400923476 2304464.5000 -0.2013
-7.9006 78.8707 -25.5228 43.5925 1650400923505 2304493.5000 -0.2010
-8.0771 78.9009 -26.3751 42.0416 1650400923534 2304522.5000 -0.2009
-8.0221 78.8083 -27.2253 34.3866 1650400923563 2304551.2500 -0.2009
-8.2021 78.8628 -28.1451 39.8264 1650400923592 2304580.2500 -0.2009
-8.1427 78.9787 -28.9958 26.5472 1650400923621 2304609.2500 -0.2007
-8.2487 78.7573 -29.9424 30.1047 1650400923650 2304638.0000 -0.2004
-8.1222 78.8549 -30.6889 30.7883 1650400923678 2304667.0000 -0.2004
-8.0831 78.9325 -31.5488 29.4497 1650400923707 2304696.0000 -0.2004
-8.4009 78.6055 -32.2818 23.4734 1650400923736 2304725.0000 -0.2004
-8.0611 78.8514 -32.5560 29.6129 1650400923765 2304754.0000 -0.2004
-8.0615 78.8596 -33.0305 35.3081 1650400923794 2304785.5000 -0.2004
-8.1384 78.5731 -33.5497 37.8569 1650400923823 2304811.5000 -0.2004
-8.3240 78.5635 -33.5667 28.5863 1650400923853 2304841.0000 -0.2004
-8.1892 78.4956 -33.4719 26.4241 1650400923882 2304870.0000 -0.2004
-8.1135 78.4916 -33.3840 27.9894 1650400923911 2304899.0000 -0.2011
-7.9002 78.7468 -32.7867 33.9517 1650400923939 2304928.0000 -0.2010
-7.7657 78.6867 -32.5158 34.0215 1650400923969 2304956.7500 -0.2009
-7.8794 78.5490 -32.0184 35.5078 1650400923997 2304985.7500 -0.2009
-8.0775 78.2138 -31.6210 27.5520 1650400924026 2305014.7500 -0.2009
-7.8561 78.4387 -30.5865 37.8380 1650400924055 2305044.7500 -0.2009
-8.1438 77.9815 -30.0572 26.1992 1650400924084 2305072.5000 -0.2010
-7.8095 78.4289 -28.9776 39.9682 1650400924113 2305101.5000 -0.2013
-7.9753 78.2047 -28.0684 29.1348 1650400924142 2305131.7500 -0.2013
-7.6888 78.5469 -27.1811 27.2400 1650400924171 2305159.5000 -0.2013
-7.9656 78.3087 -26.3485 27.2832 1650400924200 2305188.5000 -0.2013
-7.6559 78.6634 -25.6231 35.4687 1650400924229 2305217.5000 -0.2013
-7.8486 78.3407 -25.1840 22.5716 1650400924258 2305246.5000 -0.2013
-7.8155 78.5124 -24.5656 29.4658 1650400924288 2305275.5000 -0.2010
-7.6701 78.5565 -24.2043 32.8434 1650400924316 2305304.5000 -0.2009
-7.6183 78.7901 -23.8626 37.1425 1650400924345 2305333.5000 -0.2012
-7.8914 78.8088 -24.0297 24.8836 1650400924374 2305362.5000 -0.2013
-7.6937 78.9477 -23.8946 31.1376 1650400924403 2305391.5000 -0.2010
-7.8265 79.1973 -24.0966 35.5352 1650400924432 2305420.5000 -0.2009
-8.1102 78.6959 -24.7858 31.9589 1650400924461 2305449.5000 -0.2009
-8.2257 78.4437 -25.3389 26.0938 1650400924490 2305478.5000 -0.2009
-7.8244 78.9057 -25.8249 35.4479 1650400924519 2305507.5000 -0.2009
-8.3627 78.5632 -26.7645 29.7350 1650400924548 2305538.0000 -0.2009
-7.8310 79.0752 -27.5192 35.7384 1650400924576 2305566.2500 -0.2009
-8.3371 78.6058 -28.4692 32.4211 1650400924605 2305594.5000 -0.2009
-7.9017 79.1394 -29.1777 34.9271 1650400924635 2305623.5000 -0.2009
-8.3925 78.5229 -30.3596 30.3574 1650400924664 2305652.5000 -0.2009
-7.9934 79.1294 -30.8060 28.3365 1650400924693 2305681.2500 -0.2009
-8.1258 78.6812 -31.7659 29.0732 1650400924722 2305710.2500 -0.2009
-8.2487 78.6287 -32.3584 28.9109 1650400924751 2305739.2500 -0.2010
-8.1214 78.7730 -32.7432 30.9241 1650400924780 2305768.0000 -0.2013
-8.2189 78.6744 -33.1942 34.8369 1650400924809 2305798.2500 -0.2013
-8.3397 78.3118 -33.7556 26.9980 1650400924837 2305828.5000 -0.2013
-8.2419 78.5182 -33.5897 26.8829 1650400924867 2305855.0000 -0.2013
-8.1728 78.5127 -33.4346 23.4747 1650400924895 2305885.2500 -0.2013
-8.1385 78.4697 -33.3681 31.2219 1650400924924 2305913.0000 -0.2013
-7.9507 78.6289 -32.8376 33.8542 1650400924953 2305942.0000 -0.2013
-7.9210 78.6836 -32.4265 37.1237 1650400924982 2305971.0000 -0.2013
-7.9694 78.5801 -31.7708 29.6943 1650400925011 2306000.0000 -0.2018
-7.9903 78.3806 -31.2740 34.1572 1650400925041 2306029.0000 -0.2018
-7.9973 78.2172 -30.4595 36.3318 1650400925070 2306058.0000 -0.2018
-8.0006 78.3153 -29.6560 37.0586 1650400925099 2306086.7500 -0.2018
-7.9251 78.1973 -28.8548 30.5908 1650400925128 2306115.7500 -0.2018
-7.8578 78.4064 -27.7414 40.7186 1650400925156 2306144.7500 -0.2018
-7.8515 78.4139 -26.9642 31.2228 1650400925185 2306173.5000 -0.2018
-7.8743 78.4357 -26.1115 27.8502 1650400925214 2306202.5000 -0.2018
-7.7316 78.4635 -25.4978 35.8243 1650400925243 2306231.5000 -0.2015
-7.9835 78.3491 -24.9025 27.3310 1650400925272 2306260.5000 -0.2013
-7.7481 78.5165 -24.4604 32.3392 1650400925301 2306289.5000 -0.2013
-7.7434 78.6194 -24.1361 27.4926 1650400925330 2306319.7500 -0.2013
-7.5862 78.8110 -24.0072 32.1634 1650400925359 2306350.2500 -0.2013
-7.7484 78.7784 -24.0052 34.3100 1650400925388 2306376.5000 -0.2013
-7.6136 79.1520 -23.9527 29.4789 1650400925417 2306405.5000 -0.2013
-8.1204 78.9245 -24.3732 33.7141 1650400925447 2306434.5000 -0.2009
-8.5522 78.3094 -25.2006 36.8911 1650400925475 2306463.5000 -0.2009
-8.1155 78.6875 -25.3221 41.9145 1650400925504 2306492.5000 -0.2009
-7.8333 79.0479 -25.9784 39.5727 1650400925533 2306521.5000 -0.2009
-8.2804 78.5169 -27.1202 30.7180 1650400925562 2306550.5000 -0.2013
-7.7253 79.2861 -27.6288 27.8955 1650400925591 2306583.7500 -0.2013
-8.3627 78.5022 -28.9561 30.7519 1650400925620 2306608.0000 -0.2013
-7.9495 78.9547 -29.5390 31.0257 1650400925649 2306637.5000 -0.2013
-8.3306 78.5309 -30.5818 27.1932 1650400925678 2306669.0000 -0.2013
-7.9223 79.0363 -31.1366 40.0149 1650400925707 2306695.5000 -0.2013
-8.4334 78.5300 -32.0061 32.7434 1650400925735 2306724.5000 -0.2017
-8.1188 78.7320 -32.5325 29.8790 1650400925765 2306753.5000 -0.2018
-7.9490 78.8183 -32.7468 28.1692 1650400925794 2306782.2500 -0.2018
-8.1136 78.7058 -33.2830 36.1622 1650400925823 2306811.2500 -0.2018
-8.1710 78.4870 -33.6569 20.6890 1650400925852 2306840.2500 -0.2018
-8.1888 78.6248 -33.4454 31.9523 1650400925881 2306869.2500 -0.2018
-8.1654 78.5034 -33.4739 26.4315 1650400925910 2306898.0000 -0.2018
-8.0633 78.6276 -33.0851 29.2304 1650400925939 2306927.0000 -0.2018
-7.9296 78.7122 -32.7511 28.4823 1650400925968 2306956.0000 -0.2015
-7.8752 78.7393 -32.3223 34.2505 1650400925996 2306985.0000 -0.2013
-8.1008 78.3149 -31.7339 27.5135 1650400926026 2307014.0000 -0.2013
-7.9476 78.4974 -30.9010 31.4742 1650400926054 2307043.0000 -0.2013
-8.0038 78.1467 -30.3504 33.2801 1650400926083 2307072.0000 -0.2010
-7.8919 78.2782 -29.4946 30.6797 1650400926112 2307105.2500 -0.2009
-7.9370 78.1121 -28.5189 25.5979 1650400926141 2307129.7500 -0.2009
-7.7510 78.4801 -27.5332 33.6983 1650400926170 2307159.0000 -0.2009
-8.0483 78.3873 -26.7284 28.2125 1650400926200 2307187.7500 -0.2009
-7.7663 78.4435 -25.9748 36.7673 1650400926229 2307216.7500 -0.2009
-7.8269 78.4968 -25.3682 31.4079 1650400926258 2307245.7500 -0.2009
-7.8781 78.3097 -24.8182 27.9892 1650400926287 2307274.7500 -0.2009
-7.6489 78.5827 -24.3603 38.5700 1650400926315 2307303.5000 -0.2009
-7.7621 78.7035 -24.0501 31.7900 1650400926345 2307332.2500 -0.2009
-7.7806 78.8236 -24.0050 38.4209 1650400926373 2307362.5000 -0.2009
-7.6815 78.9035 -24.0130 31.9324 1650400926402 2307390.5000 -0.2009
-7.5078 79.3106 -24.0055 34.0793 1650400926431 2307421.2500 -0.2009
-8.1138 78.6626 -24.5766 40.6801 1650400926460 2307448.2500 -0.2013
-8.4025 78.5232 -25.1724 30.5855 1650400926489 2307477.5000 -0.2013
-7.9557 78.8520 -25.5969 33.3590 1650400926518 2307506.5000 -0.2013
-7.9654 78.9424 -26.3177 39.3474 1650400926547 2307535.5000 -0.2013
-7.9827 78.8605 -27.2137 29.8491 1650400926576 2307564.5000 -0.2013
-8.0363 78.7897 -28.0853 27.8781 1650400926606 2307593.5000 -0.2013
-8.2431 78.8347 -29.0232 30.1437 1650400926634 2307622.5000 -0.2013
-8.2146 78.8126 -29.9662 29.6601 1650400926663 2307651.5000 -0.2013
-8.2081 78.8456 -30.6832 33.3132 1650400926692 2307680.5000 -0.2018
-8.0817 78.8697 -31.4516 32.9800 1650400926721 2307709.5000 -0.2018
-8.3875 78.5504 -32.1791 27.1047 1650400926750 2307738.5000 -0.2018
-8.1554 78.8746 -32.5428 31.5241 1650400926779 2307767.5000 -0.2018
-8.0433 78.8907 -32.9847 42.1095 1650400926808 2307796.5000 -0.2018
-8.2266 78.6025 -33.5923 28.4821 1650400926837 2307825.5000 -0.2018
-8.2671 78.4886 -33.5859 27.4192 1650400926866 2307855.7500 -0.2015
-8.1526 78.6523 -33.4627 28.3538 1650400926894 2307884.7500 -0.2013
-8.2201 78.4225 -33.4549 26.7209 1650400926924 2307912.2500 -0.2013
-8.1110 78.6520 -33.0315 34.1462 1650400926953 2307941.2500 -0.2013
-7.8759 78.8133 -32.4906 37.5359 1650400926982 2307970.2500 -0.2013
-7.8507 78.5999 -32.1097 32.3185 1650400927011 2307999.0000 -0.2013
-8.1478 78.3652 -31.5455 27.9610 1650400927040 2308028.0000 -0.2010
-7.9283 78.3767 -30.7330 31.5061 1650400927069 2308057.0000 -0.2009
-8.2170 78.0047 -30.1868 24.4834 1650400927098 2308086.0000 -0.2009
-7.7924 78.4649 -28.9924 35.6862 1650400927127 2308116.0000 -0.2009
-8.0674 78.1759 -28.2006 28.5177 1650400927156 2308145.2500 -0.2009
-7.7911 78.5613 -27.2582 33.9868 1650400927185 2308173.0000 -0.2009
-8.0815 78.3506 -26.4091 23.8447 1650400927213 2308201.5000 -0.2009
-7.6440 78.5902 -25.7267 36.5551 1650400927242 2308231.0000 -0.2013
-7.9637 78.3280 -25.2114 22.3156 1650400927271 2308260.0000 -0.2013
-7.8982 78.5061 -24.6589 32.9625 1650400927300 2308289.0000 -0.2013
-7.8032 78.6351 -24.4082 41.4266 1650400927329 2308317.7500 -0.2013
-7.5749 78.8253 -24.0616 40.3940 1650400927359 2308346.7500 -0.2013
-7.7112 78.9083 -23.9469 29.9932 1650400927388 2308375.7500 -0.2015
-7.6834 78.9146 -24.0111 31.2437 1650400927417 2308404.5000 -0.2018
-7.7018 78.9761 -24.2720 30.3781 1650400927446 2308433.5000 -0.2018
-8.3700 78.5207 -24.9509 27.5818 1650400927474 2308462.5000 -0.2018
-8.3236 78.5492 -25.3648 35.3702 1650400927504 2308491.5000 -0.2018
-7.8011 79.1201 -25.8089 42.7822 1650400927532 2308520.5000 -0.2018
-8.3101 78.6211 -26.9213 43.1591 1650400927561 2308549.5000 -0.2018
-7.8145 79.1060 -27.4744 39.0882 1650400927590 2308578.5000 -0.2018
-8.2013 78.6428 -28.4210 32.3817 1650400927619 2308607.5000 -0.2018
-7.9651 79.1379 -29.2237 28.6229 1650400927648 2308639.2500 -0.2015
-8.4813 78.4594 -30.3154 30.3622 1650400927677 2308665.0000 -0.2013
-7.9260 78.9513 -30.9493 23.4732 1650400927706 2308694.5000 -0.2013
-8.1706 78.7357 -31.7133 41.1219 1650400927735 2308723.5000 -0.2013
-8.2315 78.5837 -32.3125 25.6736 1650400927765 2308752.5000 -0.2013
-7.9886 78.9412 -32.7467 40.1759 1650400927793 2308781.5000 -0.2013
-8.1466 78.8175 -33.1912 39.2193 1650400927823 2308810.5000 -0.2010
-8.2606 78.5418 -33.5441 27.3754 1650400927851 2308839.5000 -0.2009
-8.1054 78.5721 -33.5791 25.7357 1650400927880 2308870.0000 -0.2009
-8.2596 78.6238 -33.4597 27.3008 1650400927909 2308899.7500 -0.2009
-8.1539 78.5671 -33.3630 21.6716 1650400927938 2308926.5000 -0.2009
-7.9325 78.7456 -32.9099 34.9225 1650400927967 2308957.0000 -0.2009
-7.9425 78.8275 -32.4163 35.1934 1650400927996 2308985.2500 -0.2009
-7.9708 78.5348 -31.9046 27.4549 1650400928025 2309013.2500 -0.2009
-7.8623 78.4888 -31.2209 37.4904 1650400928053 2309042.2500 -0.2009
-7.9794 78.3164 -30.5224 35.3854 1650400928083 2309071.2500 -0.2009
-7.8797 78.4131 -29.5879 33.9544 1650400928112 2309100.0000 -0.2009
-8.0455 78.1441 -29.0691 34.1472 1650400928141 2309129.0000 -0.2009
-7.9790 78.4610 -27.7788 25.2963 1650400928170 2309158.0000 -0.2010
-8.0266 78.2368 -27.2197 35.1725 1650400928199 2309187.0000 -0.2013
-7.8601 78.5245 -26.1420 31.8244 1650400928228 2309216.0000 -0.2013
-7.7777 78.4094 -25.6701 39.8474 1650400928257 2309245.0000 -0.2013
-7.8869 78.5267 -24.8797 29.2960 1650400928286 2309274.0000 -0.2013
-7.8647 78.4308 -24.5036 39.7444 1650400928315 2309303.0000 -0.2013
-7.6594 78.7915 -24.0499 33.1147 1650400928344 2309332.0000 -0.2013
-7.6809 78.7423 -24.0708 34.7795 1650400928372 2309361.0000 -0.2013
-7.6625 79.0172 -23.8419 33.5071 1650400928402 2309390.0000 -0.2013
-7.7905 79.0462 -24.0998 24.5075 1650400928430 2309421.0000 -0.2017
-7.6495 79.1391 -24.2874 34.9084 1650400928459 2309447.7500 -0.2018
-8.4496 78.4613 -25.1765 28.7307 1650400928488 2309476.7500 -0.2018
-8.0673 78.6307 -25.5073 28.4058 1650400928518 2309505.7500 -0.2018
-7.8793 78.8823 -25.9780 35.8653 1650400928547 2309534.5000 -0.2015
-8.1917 78.5919 -27.0307 39.5584 1650400928576 2309563.5000 -0.2013
-7.9259 79.0668 -27.7355 33.2385 1650400928605 2309592.5000 -0.2013
-8.3404 78.5668 -28.7537 30.2819 1650400928634 2309621.5000 -0.2013
-7.6751 79.0493 -29.5191 36.0713 1650400928663 2309651.7500 -0.2013
-8.2981 78.5857 -30.5125 29.7564 1650400928691 2309680.7500 -0.2013
-7.8651 79.0237 -31.1005 31.9770 1650400928720 2309708.5000 -0.2012
-8.2620 78.6782 -31.9812 36.2845 1650400928749 2309738.7500 -0.2009
-8.1278 78.7927 -32.5135 25.8067 1650400928778 2309766.5000 -0.2009
-7.9645 79.0681 -32.7544 33.9667 1650400928807 2309795.5000 -0.2009
-8.1262 78.6794 -33.3753 32.4087 1650400928836 2309824.5000 -0.2009
-8.1402 78.5082 -33.5781 28.9537 1650400928865 2309853.5000 -0.2009
-8.3078 78.3618 -33.6615 27.0353 1650400928894 2309882.5000 -0.2009
-8.0789 78.6339 -33.4406 24.7511 1650400928924 2309911.5000 -0.2009
-8.1391 78.6937 -33.0619 35.5311 1650400928952 2309940.5000 -0.2009
-7.9339 78.7396 -32.7655 26.8833 1650400928982 2309969.5000 -0.2009
-7.8507 78.9219 -32.2313 24.8362 1650400929010 2309998.5000 -0.2009
-8.0955 78.5095 -31.7404 34.7486 1650400929039 2310027.5000 -0.2013
-7.9803 78.6437 -30.8373 33.4823 1650400929068 2310056.5000 -0.2013
-8.2869 78.0430 -30.2977 27.3240 1650400929097 2310085.5000 -0.2013
-7.8154 78.5309 -29.2301 33.9019 1650400929126 2310114.2500 -0.2013
-8.2825 77.9320 -28.6782 25.8587 1650400929155 2310143.2500 -0.2018
-7.8421 78.4499 -27.5347 41.3089 1650400929184 2310173.2500 -0.2017
-8.1716 78.3007 -26.8196 19.7604 1650400929213 2310200.5000 -0.2013
-7.7761 78.5443 -25.9165 36.3903 1650400929242 2310230.0000 -0.2013
-7.7429 78.5356 -25.4753 26.3704 1650400929270 2310259.0000 -0.2017
-7.8651 78.4831 -24.7187 26.1496 1650400929300 2310288.0000 -0.2018
-7.8095 78.5602 -24.3472 29.8626 1650400929329 2310317.0000 -0.2018
-7.4419 78.8652 -23.9841 32.4733 1650400929358 2310346.0000 -0.2018
-7.5043 79.0282 -23.8370 39.9009 1650400929387 2310375.0000 -0.2018
-7.6662 78.9255 -23.8787 33.2460 1650400929416 2310404.0000 -0.2018
-7.7642 78.8925 -24.2645 26.8618 1650400929445 2310435.7500 -0.2018
-7.8207 79.0172 -24.4177 40.6601 1650400929474 2310461.7500 -0.2018
-8.4284 78.4115 -25.3154 30.6452 1650400929503 2310491.0000 -0.2015
-7.8336 79.0559 -25.5908 35.6866 1650400929531 2310521.2500 -0.2013
-8.0098 78.8354 -26.3062 27.8666 1650400929561 2310548.7500 -0.2010
-8.1349 78.7901 -27.1616 36.5484 1650400929589 2310577.7500 -0.2009
-8.0589 78.9078 -28.0227 31.9696 1650400929618 2310606.7500 -0.2009
-8.1304 78.8851 -28.9546 23.9819 1650400929648 2310635.5000 -0.2009
-8.1638 78.8505 -29.8932 31.5186 1650400929677 2310664.5000 -0.2009
-8.1438 78.7993 -30.7396 24.9971 1650400929706 2310693.5000 -0.2009
-8.0122 78.8937 -31.4390 30.0760 1650400929735 2310722.5000 -0.2009
-8.4502 78.5440 -32.3410 26.7971 1650400929764 2310751.5000 -0.2009
-8.0543 78.9550 -32.5998 27.8998 1650400929793 2310780.5000 -0.2012
-8.0940 78.8285 -33.0869 38.7346 1650400929822 2310809.5000 -0.2013
-8.1645 78.6493 -33.5468 36.4459 1650400929850 2310838.5000 -0.2013
-8.2989 78.3944 -33.6058 26.7821 1650400929880 2310867.5000 -0.2018
-8.2633 78.5061 -33.6088 27.0809 1650400929908 2310896.5000 -0.2018
-8.1935 78.5481 -33.4045 24.3636 1650400929937 2310925.5000 -0.2015
-8.1084 78.7608 -32.9287 31.0221 1650400929966 2310957.0000 -0.2013
-7.9304 78.8681 -32.4426 33.1817 1650400929995 2310983.5000 -0.2018
-7.8062 78.7642 -31.9330 32.8119 1650400930024 2311012.5000 -0.2018
-8.1126 78.5678 -31.3423 21.7325 1650400930053 2311041.5000 -0.2018
-8.0236 78.4530 -30.4993 29.0538 1650400930083 2311071.7500 -0.2018
-8.0824 78.1634 -29.9251 31.0771 1650400930111 2311099.5000 -0.2018
-7.8068 78.4787 -28.9601 41.3109 1650400930141 2311128.5000 -0.2018
-8.0827 78.2767 -28.1946 29.2641 1650400930169 2311157.5000 -0.2018
-7.7687 78.5348 -27.0955 34.0142 1650400930198 2311187.7500 -0.2018
-7.8361 78.5132 -26.2574 29.1771 1650400930227 2311216.7500 -0.2018
-7.7963 78.3791 -25.8115 28.2490 1650400930256 2311244.2500 -0.2018
-7.7754 78.5415 -25.1342 26.1428 1650400930285 2311274.5000 -0.2018
-8.0213 78.3851 -24.7127 27.4161 1650400930314 2311302.2500 -0.2018
-7.6087 78.5465 -24.1954 37.8528 1650400930343 2311331.0000 -0.2015
-7.5934 78.6925 -24.0221 31.8969 1650400930372 2311360.0000 -0.2013
-7.4613 78.9692 -23.8318 31.9232 1650400930401 2311389.0000 -0.2013
-7.7422 78.9274 -23.9348 23.9596 1650400930429 2311418.0000 -0.2013
-7.5930 78.9417 -24.1999 28.6588 1650400930460 2311447.0000 -0.2010
-8.0536 78.8521 -24.6786 30.8097 1650400930488 2311476.0000 -0.2009
-8.3667 78.5271 -25.3094 34.4852 1650400930517 2311505.0000 -0.2009
-7.7838 78.9749 -25.7955 41.9848 1650400930546 2311534.0000 -0.2009
-8.3226 78.5072 -26.7209 43.5622 1650400930575 2311563.0000 -0.2009
-7.9015 78.9692 -27.4112 41.1769 1650400930604 2311592.0000 -0.2009
-8.3299 78.5932 -28.4857 37.5689 1650400930633 2311621.0000 -0.2009
-7.9852 79.0947 -29.1891 30.0085 1650400930662 2311649.7500 -0.2013
-8.2657 78.5852 -30.2239 30.7489 1650400930691 2311678.7500 -0.2013
-7.9608 78.9658 -30.7946 32.4948 1650400930720 2311708.7500 -0.2013
-8.2213 78.8431 -31.7134 34.4486 1650400930748 2311736.0000 -0.2013
-8.2673 78.5956 -32.3939 25.9592 1650400930777 2311765.5000 -0.2018
-8.0186 78.9473 -32.7153 30.2411 1650400930806 2311794.5000 -0.2018
-7.9871 78.7864 -33.2581 33.8307 1650400930836 2311823.5000 -0.2018
-8.2503 78.5697 -33.6436 29.9685 1650400930865 2311852.5000 -0.2018
-8.3620 78.4021 -33.5974 28.1584 1650400930894 2311881.5000 -0.2018
-8.3134 78.5363 -33.4477 29.5431 1650400930923 2311910.5000 -0.2018
-8.2323 78.5873 -33.2028 20.9979 1650400930952 2311939.5000 -0.2018
-7.9950 78.7995 -32.7623 23.7825 1650400930981 2311971.0000 -0.2018
-7.8468 78.9023 -32.2672 34.9302 1650400931009 2311996.7500 -0.2018
-8.1148 78.5212 -31.8893 31.2450 1650400931039 2312026.5000 -0.2018
-8.2095 78.3299 -31.2927 31.4316 1650400931067 2312058.2500 -0.2018
-7.9359 78.3663 -30.4208 38.4447 1650400931096 2312084.5000 -0.2018
-8.0074 78.1210 -29.6476 37.6181 1650400931125 2312113.5000 -0.2015
-7.8367 78.2812 -28.8014 36.0484 1650400931154 2312142.5000 -0.2013
-7.9516 78.2610 -27.8864 30.4464 1650400931183 2312171.5000 -0.2013
-7.8430 78.5824 -27.1858 39.6998 1650400931212 2312200.5000 -0.2013
-7.8835 78.6200 -27.0422 32.7354 1650400931242 2312229.5000 -0.2013
-7.9663 78.5356 -27.1516 28.0212 1650400931271 2312258.5000 -0.2013
-7.7837 78.8611 -26.9405 20.2992 1650400931300 2312287.5000 -0.2013
-7.9306 78.8922 -26.9472 31.4120 1650400931328 2312316.5000 -0.2013
-8.2361 78.7354 -27.1283 24.0828 1650400931357 2312345.2500 -0.2013
-8.1753 78.8927 -26.8390 28.0666 1650400931386 2312374.2500 -0.2013
-8.1598 78.9074 -26.9786 36.9291 1650400931415 2312403.2500 -0.2013
-8.2474 78.8254 -27.0691 32.5720 1650400931444 2312432.2500 -0.2013
-8.3338 78.6892 -27.0078 29.0093 1650400931473 2312461.0000 -0.2013
-8.1849 78.7569 -27.1144 32.4225 1650400931502 2312491.2500 -0.2013
-8.2196 78.6504 -27.0357 33.3017 1650400931531 2312518.7500 -0.2013
-8.2246 78.8165 -26.9361 32.9194 1650400931560 2312548.0000 -0.2013
-8.1058 78.7957 -27.1148 33.1934 1650400931588 2312577.0000 -0.2013
-8.1991 78.6613 -27.1211 32.5808 1650400931618 2312606.0000 -0.2013
-8.1250 78.7581 -27.0217 33.3186 1650400931647 2312635.0000 -0.2013
-8.1104 78.7972 -27.0553 34.1739 1650400931676 2312664.0000 -0.2018
-8.0982 78.6930 -27.0676 37.3637 1650400931705 2312693.0000 -0.2018
-7.9962 78.7646 -27.0170 35.1675 1650400931734 2312725.0000 -0.2018
-7.9987 78.7701 -27.0114 36.6381 1650400931763 2312751.5000 -0.2018
-7.9059 78.7491 -27.0448 32.3659 1650400931792 2312779.7500 -0.2018
-8.0458 78.6513 -26.9680 34.1414 1650400931821 2312810.5000 -0.2018
-7.9518 78.7716 -26.9572 31.9159 1650400931850 2312837.5000 -0.2018
-7.9641 78.8288 -26.8772 38.0638 1650400931879 2312866.5000 -0.2018
-8.0135 78.8559 -26.9796 40.1268 1650400931907 2312895.5000 -0.2018
-8.0722 78.6730 -26.9350 32.1357 1650400931936 2312924.2500 -0.2018
-7.9784 78.8699 -26.8868 39.9564 1650400931965 2312953.5000 -0.2018
-8.0100 78.7856 -26.8903 38.0122 1650400931995 2312982.5000 -0.2018
