-24.9131 80.3319 -31.0142 0.0000 1650410875377 300039.5000 -0.2009
-24.9131 80.3319 -31.0142 0.0000 1650410875406 300068.5000 -0.2009
-25.1673 80.5861 -31.2684 0.0000 1650410875435 300097.5000 -0.2005
-25.9299 81.3488 -30.5058 0.0000 1650410875463 300126.5000 -0.2004
-24.9131 80.3319 -31.0142 0.0000 1650410875493 300155.2500 -0.2004
-24.9131 80.3319 -31.0142 0.0000 1650410875521 300185.5000 -0.2004
-24.9131 80.3319 -31.0142 0.0000 1650410875551 300213.5000 -0.2004
-25.9299 81.3488 -30.5058 0.0000 1650410875580 300242.5000 -0.2004
-25.1673 80.5861 -31.2684 0.0000 1650410875609 300271.5000 -0.2004
-25.1673 80.5861 -31.2684 0.0000 1650410875638 300300.5000 -0.2004
-25.1673 80.5861 -31.2684 0.0000 1650410875667 300329.5000 -0.2004
-25.1673 80.5861 -31.2684 0.0000 1650410875696 300358.5000 -0.2004
-25.4215 80.3319 -31.5226 0.0000 1650410875724 300387.5000 -0.2004
-25.1673 80.5861 -31.2684 0.0000 1650410875754 300416.2500 -0.2004
-25.4215 80.3319 -31.0142 0.0000 1650410875782 300445.0000 -0.2004
-25.1673 80.5861 -31.2684 0.0000 1650410875811 300474.5000 -0.2009
-25.1673 80.5861 -31.2684 0.0000 1650410875840 300503.2500 -0.2012
-25.1673 80.5861 -31.2684 0.0000 1650410875869 300532.2500 -0.2013
-24.9131 80.3319 -31.5226 0.0000 1650410875898 300561.2500 -0.2013
-25.1673 80.5861 -31.2684 0.0000 1650410875927 300590.2500 -0.2013
-25.1673 80.5861 -31.2684 0.0000 1650410875957 300619.2500 -0.2013
-25.1673 80.5861 -31.2684 0.0000 1650410875986 300648.0000 -0.2013
-25.1673 80.5861 -31.2684 0.0000 1650410876015 300677.0000 -0.2013
-25.4215 80.3319 -31.0142 0.0000 1650410876043 300706.0000 -0.2013
-25.1673 80.0777 -30.7600 0.0000 1650410876073 300735.0000 -0.2013
-25.4215 80.3319 -31.0142 0.0000 1650410876101 300764.0000 -0.2013
-25.1673 80.5861 -31.2684 0.0000 1650410876130 300793.0000 -0.2013
-25.4215 80.3319 -31.0142 0.0000 1650410876159 300822.0000 -0.2013
-24.9131 80.3319 -31.0142 0.0000 1650410876188 300851.0000 -0.2013
-25.1673 80.5861 -31.2684 0.0000 1650410876217 300880.0000 -0.2010
-24.9131 80.3319 -31.0142 0.0000 1650410876246 300909.0000 -0.2009
-25.1673 80.5861 -31.2684 0.0000 1650410876276 300939.2500 -0.2009
-25.1673 80.5861 -30.7600 0.0000 1650410876304 300966.5000 -0.2009
-25.1673 80.5861 -31.2684 0.0000 1650410876334 300995.7500 -0.2009
-24.9131 80.3319 -31.0142 0.0000 1650410876362 301024.7500 -0.2009
-24.9131 80.3319 -31.0142 0.0000 1650410876391 301053.5000 -0.2005
-24.9131 80.3319 -31.0142 0.0000 1650410876420 301082.5000 -0.2004
-25.1673 80.0777 -30.7600 0.0000 1650410876449 301111.5000 -0.2004
-24.9131 80.3319 -31.0142 0.0000 1650410876478 301140.5000 -0.2004
-25.1673 80.5861 -31.2684 0.0000 1650410876507 301171.2500 -0.2004
-25.1673 80.5861 -31.2684 0.0000 1650410876536 301199.5000 -0.2004
-25.1673 80.5861 -31.2684 0.0000 1650410876565 301227.5000 -0.2004
-25.1673 80.5861 -31.2684 0.0000 1650410876594 301258.0000 -0.2009
-25.4215 80.3319 -31.5226 0.0000 1650410876622 301285.0000 -0.2009
-25.1673 80.5861 -31.2684 0.0000 1650410876652 301314.5000 -0.2009
-25.1673 80.5861 -31.2684 0.0000 1650410876680 301343.5000 -0.2009
-25.1673 80.5861 -31.2684 0.0000 1650410876710 301372.5000 -0.2009
-25.1673 80.5861 -31.2684 0.0000 1650410876739 301401.5000 -0.2009
-25.1673 80.5861 -31.2684 0.0000 1650410876768 301430.5000 -0.2009
-25.1673 80.5861 -31.2684 0.0000 1650410876797 301459.5000 -0.2009
-25.1673 80.5861 -31.2684 0.0000 1650410876826 301488.5000 -0.2009
-25.1673 80.5861 -31.2684 0.0000 1650410876855 301517.5000 -0.2009
-25.1673 80.5861 -31.2684 0.0000 1650410876884 301546.5000 -0.2009
-25.1673 80.5861 -31.2684 0.0000 1650410876913 301575.5000 -0.2009
-25.1673 80.5861 -31.2684 0.0000 1650410876941 301604.5000 -0.2009
-24.9131 80.3319 -31.0142 0.0000 1650410876970 301633.5000 -0.2009
-25.1673 80.0777 -30.7600 0.0000 1650410876999 301662.2500 -0.2009
-25.4215 80.3319 -31.0142 0.0000 1650410877028 301692.7500 -0.2009
-25.1673 80.5861 -31.2684 0.0000 1650410877057 301719.5000 -0.2009
-25.1673 80.0777 -30.7600 0.0000 1650410877086 301749.0000 -0.2009
-25.6757 80.5861 -31.7769 0.0000 1650410877116 301778.0000 -0.2005
-24.9131 79.8235 -29.9974 0.0000 1650410877145 301807.0000 -0.2004
-24.6588 79.5693 -28.7263 0.0000 1650410877174 301836.0000 -0.2004
-25.4215 80.8403 -27.4552 0.0000 1650410877202 301865.0000 -0.2004
-24.9131 80.3319 -26.9468 0.0000 1650410877232 301894.0000 -0.2004
-25.9299 81.3488 -26.9468 0.0000 1650410877260 301923.0000 -0.2004
-25.6757 81.0946 -26.6926 0.0000 1650410877289 301953.0000 -0.2004
-24.6588 81.0946 -25.1673 0.0000 1650410877318 301980.5000 -0.2004
-23.3878 79.3150 -26.9468 0.0000 1650410877347 302010.0000 -0.2004
-22.8793 78.8066 -27.4552 0.0000 1650410877376 302038.5000 -0.2004
-23.8962 79.3150 -26.9468 0.0000 1650410877405 302067.7500 -0.2004
-24.1504 79.5693 -27.2010 0.0000 1650410877434 302096.7500 -0.2004
-25.4215 80.8403 -26.9468 0.0000 1650410877463 302125.7500 -0.2004
-25.6757 80.0777 -27.2010 0.0000 1650410877492 302154.7500 -0.2009
-25.1673 80.5861 -27.7094 0.0000 1650410877521 302183.5000 -0.2009
-25.6757 80.5861 -28.2179 0.0000 1650410877551 302212.5000 -0.2009
-22.3709 78.2982 -32.0311 0.0000 1650410877579 302241.5000 -0.2009
-24.4046 79.3150 -31.0142 0.0000 1650410877608 302270.5000 -0.2009
-24.1504 79.5693 -32.2853 0.0000 1650410877637 302299.5000 -0.2009
-24.4046 79.3150 -33.0479 0.0000 1650410877666 302328.5000 -0.2012
-23.8962 79.3150 -34.0648 0.0000 1650410877695 302357.5000 -0.2013
-24.9131 79.3150 -34.5732 0.0000 1650410877724 302386.5000 -0.2013
11.6939 43.2165 -71.6886 0.0000 1650410877753 302415.5000 -0.2013
-25.9299 80.3319 -34.5732 0.0000 1650410877782 302444.5000 -0.2010
-26.1841 80.0777 -35.3359 0.0000 1650410877811 302473.5000 -0.2009
-26.4383 80.3319 -36.0985 0.0000 1650410877839 302501.7500 -0.2007
-25.6757 80.0777 -35.8443 0.0000 1650410877869 302531.5000 -0.2009
-26.1841 80.5861 -36.3527 0.0000 1650410877898 302560.5000 -0.2009
-26.1841 80.0777 -35.8443 0.0000 1650410877927 302589.5000 -0.2009
-26.4383 79.8235 -35.0817 0.0000 1650410877956 302618.5000 -0.2005
-25.6757 80.0777 -34.3190 0.0000 1650410877985 302647.5000 -0.2004
-25.9299 80.3319 -34.5732 0.0000 1650410878014 302676.5000 -0.2004
-25.6757 80.0777 -33.8106 0.0000 1650410878043 302707.0000 -0.2004
-25.6757 80.0777 -31.7769 0.0000 1650410878072 302735.2500 -0.2000
-25.1673 80.5861 -30.7600 0.0000 1650410878100 302763.2500 -0.1999
-25.1673 79.5693 -30.7600 0.0000 1650410878130 302792.2500 -0.2002
-23.1336 78.5524 -31.7769 0.0000 1650410878158 302822.2500 -0.2004
-22.8793 78.2982 -30.5058 0.0000 1650410878187 302850.2500 -0.2004
-22.3709 77.7898 -30.5058 0.0000 1650410878216 302879.0000 -0.2004
-25.1673 81.0946 -26.6926 0.0000 1650410878245 302908.0000 -0.2004
-25.9299 81.3488 -26.4383 0.0000 1650410878274 302937.0000 -0.2004
-26.1841 81.6030 -26.1841 0.0000 1650410878304 302966.0000 -0.2005
-26.1841 81.0946 -25.6757 0.0000 1650410878333 302995.0000 -0.2009
-25.9299 80.8403 -25.4215 0.0000 1650410878362 303024.0000 -0.2009
-26.1841 81.6030 -25.6757 0.0000 1650410878391 303053.0000 -0.2013
-23.3878 78.2982 -27.4552 0.0000 1650410878419 303082.0000 -0.2013
-25.1673 81.0946 -27.2010 0.0000 1650410878448 303111.0000 -0.2013
-26.1841 81.0946 -27.2010 0.0000 1650410878477 303140.0000 -0.2013
-25.4215 80.8403 -27.4552 0.0000 1650410878506 303169.0000 -0.2013
-23.8962 79.8235 -28.9805 0.0000 1650410878535 303197.7500 -0.2013
-26.4383 80.8403 -28.9805 0.0000 1650410878564 303226.7500 -0.2010
-24.1504 79.5693 -30.2516 0.0000 1650410878593 303254.7500 -0.2009
-24.4046 79.8235 -31.5226 0.0000 1650410878622 303284.5000 -0.2013
-24.4046 79.3150 -32.5395 0.0000 1650410878651 303313.5000 -0.2013
-26.1841 80.5861 -32.7937 0.0000 1650410878680 303342.5000 -0.2010
-24.1504 79.5693 -34.3190 0.0000 1650410878710 303371.5000 -0.2009
-26.1841 80.0777 -33.8106 0.0000 1650410878738 303400.5000 -0.2012
-25.6757 80.5861 -34.3190 0.0000 1650410878767 303429.5000 -0.2013
-25.9299 80.3319 -34.5732 0.0000 1650410878796 303458.5000 -0.2010
-25.9299 79.8235 -35.5901 0.0000 1650410878825 303487.2500 -0.2009
-25.9299 80.3319 -36.0985 0.0000 1650410878854 303516.0000 -0.2005
-25.4215 79.8235 -36.0985 0.0000 1650410878883 303545.5000 -0.2004
-25.9299 80.3319 -36.0985 0.0000 1650410878912 303575.7500 -0.2004
-25.6757 80.5861 -35.3359 0.0000 1650410878941 303603.5000 -0.2004
-25.6757 80.0777 -34.8274 0.0000 1650410878970 303632.5000 -0.2004
-25.4215 80.3319 -34.5732 0.0000 1650410878998 303661.5000 -0.2004
-24.6588 79.5693 -34.3190 0.0000 1650410879027 303690.5000 -0.2004
-24.6588 79.5693 -32.7937 0.0000 1650410879057 303719.5000 -0.2004
-23.8962 79.3150 -33.0479 0.0000 1650410879086 303748.5000 -0.2004
-25.6757 80.0777 -30.2516 0.0000 1650410879114 303777.5000 -0.2004
-25.6757 80.5861 -29.7431 0.0000 1650410879144 303806.5000 -0.2007
-25.4215 80.8403 -28.4721 0.0000 1650410879173 303835.5000 -0.2009
-25.4215 80.8403 -27.9636 0.0000 1650410879202 303864.5000 -0.2009
-25.6757 80.5861 -27.7094 0.0000 1650410879231 303893.2500 -0.2009
-25.4215 80.8403 -26.4383 0.0000 1650410879259 303922.2500 -0.2009
-25.4215 80.8403 -25.9299 0.0000 1650410879289 303951.2500 -0.2009
-24.9131 80.8403 -26.4383 0.0000 1650410879317 303980.0000 -0.2010
-25.6757 81.0946 -26.1841 0.0000 1650410879346 304010.2500 -0.2013
-25.1673 80.5861 -25.6757 0.0000 1650410879375 304039.2500 -0.2013
-25.6757 81.0946 -25.1673 0.0000 1650410879404 304066.5000 -0.2013
-26.4383 81.8572 -25.9299 0.0000 1650410879433 304096.0000 -0.2013
-25.6757 80.5861 -26.6926 0.0000 1650410879463 304125.0000 -0.2017
-25.9299 81.3488 -26.9468 0.0000 1650410879492 304154.0000 -0.2018
-25.6757 81.0946 -27.2010 0.0000 1650410879521 304183.0000 -0.2015
-25.1673 80.0777 -29.2347 0.0000 1650410879550 304212.0000 -0.2013
-24.9131 79.8235 -31.0142 0.0000 1650410879578 304241.0000 -0.2013
-24.6588 79.5693 -30.7600 0.0000 1650410879608 304274.0000 -0.2013
-24.9131 79.3150 -32.0311 0.0000 1650410879636 304298.5000 -0.2013
-24.9131 79.3150 -32.5395 0.0000 1650410879665 304327.7500 -0.2013
-24.1504 79.5693 -33.8106 0.0000 1650410879694 304356.0000 -0.2010
-24.4046 79.3150 -34.0648 0.0000 1650410879723 304385.7500 -0.2009
-25.6757 80.5861 -33.8106 0.0000 1650410879752 304414.5000 -0.2011
-25.6757 80.5861 -34.8274 0.0000 1650410879781 304443.5000 -0.2009
-25.6757 80.0777 -34.8274 0.0000 1650410879810 304472.5000 -0.2009
-26.4383 80.3319 -36.0985 0.0000 1650410879839 304501.5000 -0.2009
-26.1841 79.5693 -35.3359 0.0000 1650410879869 304530.5000 -0.2009
-25.4215 79.8235 -36.0985 0.0000 1650410879897 304559.5000 -0.2009
-26.1841 79.5693 -35.3359 0.0000 1650410879926 304588.5000 -0.2009
-25.9299 80.3319 -35.0817 0.0000 1650410879955 304617.5000 -0.2009
-26.4383 80.3319 -34.5732 0.0000 1650410879984 304646.5000 -0.2010
-26.4383 80.8403 -34.0648 0.0000 1650410880013 304675.5000 -0.2013
-26.1841 81.0946 -33.3022 0.0000 1650410880042 304704.5000 -0.2013
-25.6757 79.5693 -32.2853 0.0000 1650410880071 304733.5000 -0.2013
-23.6420 79.0608 -32.7937 0.0000 1650410880100 304762.5000 -0.2013
-25.6757 80.0777 -29.7431 0.0000 1650410880129 304794.2500 -0.2013
-25.4215 80.3319 -29.4889 0.0000 1650410880157 304820.0000 -0.2013
-25.4215 80.8403 -28.4721 0.0000 1650410880187 304849.5000 -0.2013
-26.1841 81.0946 -28.2179 0.0000 1650410880217 304878.5000 -0.2013
-25.6757 80.5861 -26.6926 0.0000 1650410880245 304907.5000 -0.2018
-25.4215 80.8403 -25.9299 0.0000 1650410880274 304936.5000 -0.2018
-25.4215 80.8403 -26.4383 0.0000 1650410880303 304965.5000 -0.2015
-24.9131 79.8235 -25.4215 0.0000 1650410880332 304994.0000 -0.2013
-25.1673 80.5861 -25.6757 0.0000 1650410880361 305023.0000 -0.2013
-25.9299 80.8403 -24.9131 0.0000 1650410880390 305052.0000 -0.2013
-26.6926 81.6030 -25.1673 0.0000 1650410880419 305081.2500 -0.2013
-26.4383 81.3488 -25.4215 0.0000 1650410880448 305111.5000 -0.2013
-25.4215 80.8403 -26.9468 0.0000 1650410880476 305138.7500 -0.2010
-25.9299 81.3488 -27.9636 0.0000 1650410880505 305168.0000 -0.2009
-25.6757 81.0946 -27.2010 0.0000 1650410880534 305197.0000 -0.2005
-25.1673 79.5693 -29.7431 0.0000 1650410880563 305226.0000 -0.2004
-23.8962 79.8235 -30.5058 0.0000 1650410880592 305255.0000 -0.2004
-24.6588 79.5693 -30.7600 0.0000 1650410880622 305284.0000 -0.2004
-24.9131 80.3319 -31.0142 0.0000 1650410880651 305313.0000 -0.2004
-24.4046 79.3150 -32.5395 0.0000 1650410880680 305342.0000 -0.2004
-25.1673 80.5861 -32.7937 0.0000 1650410880709 305371.0000 -0.2004
-24.6588 79.0608 -34.3190 0.0000 1650410880737 305400.0000 -0.2004
-25.6757 80.5861 -34.3190 0.0000 1650410880767 305428.7500 -0.2005
-26.4383 80.8403 -34.5732 0.0000 1650410880795 305457.7500 -0.2004
-26.4383 80.8403 -35.0817 0.0000 1650410880824 305486.7500 -0.2004
-25.6757 80.0777 -35.8443 0.0000 1650410880853 305515.5000 -0.2004
-25.6757 80.0777 -35.3359 0.0000 1650410880882 305544.2500 -0.2004
-25.4215 80.3319 -35.5901 0.0000 1650410880911 305574.5000 -0.2009
-25.6757 80.5861 -35.3359 0.0000 1650410880940 305602.5000 -0.2005
-26.1841 80.0777 -34.8274 0.0000 1650410880969 305631.5000 -0.2007
-26.1841 80.0777 -33.8106 0.0000 1650410880998 305660.5000 -0.2009
-25.9299 80.3319 -34.5732 0.0000 1650410881028 305689.5000 -0.2009
-24.6588 80.0777 -33.3022 0.0000 1650410881056 305718.5000 -0.2009
-25.9299 80.3319 -31.5226 0.0000 1650410881085 305747.5000 -0.2009
-23.6420 79.0608 -32.2853 0.0000 1650410881114 305776.5000 -0.2009
-25.1673 80.5861 -29.7431 0.0000 1650410881143 305805.2500 -0.2009
-25.4215 80.3319 -28.9805 0.0000 1650410881172 305834.0000 -0.2009
-25.9299 80.8403 -28.4721 0.0000 1650410881201 305863.5000 -0.2009
-25.4215 80.8403 -27.4552 0.0000 1650410881230 305892.2500 -0.2009
-25.4215 80.8403 -26.9468 0.0000 1650410881259 305921.0000 -0.2005
-25.9299 81.3488 -26.4383 0.0000 1650410881288 305950.5000 -0.2004
-25.6757 80.5861 -26.1841 0.0000 1650410881316 305979.5000 -0.2004
-25.6757 80.5861 -25.1673 0.0000 1650410881346 306008.5000 -0.2004
-25.1673 80.5861 -26.1841 0.0000 1650410881374 306037.5000 -0.2000
-25.4215 80.8403 -25.4215 0.0000 1650410881403 306066.5000 -0.1999
-22.1167 77.5355 -28.7263 0.0000 1650410881433 306095.5000 -0.1999
-25.6757 80.5861 -26.6926 0.0000 1650410881462 306124.2500 -0.1999
-25.6757 80.5861 -26.6926 0.0000 1650410881491 306153.2500 -0.1999
-26.4383 81.8572 -27.4552 0.0000 1650410881520 306182.2500 -0.1999
-25.4215 80.8403 -27.4552 0.0000 1650410881549 306211.0000 -0.1999
-26.1841 81.0946 -29.2347 0.0000 1650410881578 306240.0000 -0.1999
-24.1504 79.5693 -30.2516 0.0000 1650410881607 306269.0000 -0.1999
-25.4215 80.3319 -29.9974 0.0000 1650410881635 306298.0000 -0.1999
-24.1504 79.5693 -32.2853 0.0000 1650410881665 306328.2500 -0.1999
-24.4046 79.3150 -33.0479 0.0000 1650410881693 306355.7500 -0.2004
-25.9299 81.3488 -32.5395 0.0000 1650410881722 306385.0000 -0.2004
-26.6926 81.0946 -33.3022 0.0000 1650410881751 306414.0000 -0.2004
-25.6757 80.5861 -34.8274 0.0000 1650410881781 306443.0000 -0.2004
-26.1841 80.5861 -34.3190 0.0000 1650410881810 306472.0000 -0.2004
-25.6757 80.0777 -35.3359 0.0000 1650410881839 306501.0000 -0.2004
-25.9299 80.3319 -36.0985 0.0000 1650410881868 306529.7500 -0.2004
-25.4215 80.3319 -35.5901 0.0000 1650410881897 306558.7500 -0.2004
-26.1841 80.5861 -35.8443 0.0000 1650410881926 306587.2500 -0.2009
-25.9299 80.3319 -36.0985 0.0000 1650410881954 306616.7500 -0.2009
-25.4215 79.8235 -34.5732 0.0000 1650410881983 306645.5000 -0.2009
-25.9299 80.3319 -34.0648 0.0000 1650410882012 306674.2500 -0.2009
-25.6757 80.5861 -34.3190 0.0000 1650410882041 306703.5000 -0.2004
-25.1673 80.0777 -32.7937 0.0000 1650410882070 306732.5000 -0.2004
-24.1504 79.0608 -33.3022 0.0000 1650410882099 306761.5000 -0.2004
-25.6757 80.5861 -30.2516 0.0000 1650410882128 306790.5000 -0.2004
-25.4215 80.8403 -29.9974 0.0000 1650410882157 306820.7500 -0.2004
-25.4215 80.8403 -28.4721 0.0000 1650410882187 306848.5000 -0.2004
-24.6588 80.0777 -28.7263 0.0000 1650410882215 306877.5000 -0.2000
-25.1673 81.0946 -26.6926 0.0000 1650410882245 306906.5000 -0.1999
-25.1673 80.0777 -27.2010 0.0000 1650410882273 306935.5000 -0.1999
-26.1841 81.0946 -26.1841 0.0000 1650410882302 306964.5000 -0.1999
-25.9299 81.3488 -25.9299 0.0000 1650410882331 306993.5000 -0.1999
-26.4383 80.8403 -25.9299 0.0000 1650410882360 307022.5000 -0.1999
-25.6757 81.0946 -25.1673 0.0000 1650410882389 307051.5000 -0.1999
-26.1841 81.6030 -25.6757 0.0000 1650410882418 307080.5000 -0.1999
-26.1841 81.6030 -25.6757 0.0000 1650410882447 307108.5000 -0.1999
-26.1841 80.0777 -27.2010 0.0000 1650410882476 307138.5000 -0.1999
-25.9299 80.8403 -26.9468 0.0000 1650410882505 307167.5000 -0.1999
-25.6757 81.0946 -27.2010 0.0000 1650410882533 307196.5000 -0.1999
-24.6588 80.0777 -29.2347 0.0000 1650410882563 307225.2500 -0.1999
-24.4046 79.3150 -29.9974 0.0000 1650410882592 307254.2500 -0.2004
-24.4046 79.3150 -30.5058 0.0000 1650410882621 307283.2500 -0.2004
-26.1841 81.0946 -31.2684 0.0000 1650410882650 307312.2500 -0.2004
-24.6588 79.0608 -31.7769 0.0000 1650410882679 307340.5000 -0.2004
-25.4215 80.3319 -32.5395 0.0000 1650410882708 307371.2500 -0.2004
-24.1504 79.5693 -34.3190 0.0000 1650410882737 307399.0000 -0.2004
-26.1841 80.0777 -33.8106 0.0000 1650410882766 307427.5000 -0.2004
-26.1841 81.0946 -34.3190 0.0000 1650410882794 307457.0000 -0.2004
-26.4383 80.3319 -34.5732 0.0000 1650410882824 307486.0000 -0.2004
-26.4383 80.3319 -36.0985 0.0000 1650410882852 307515.0000 -0.2004
-25.6757 80.0777 -35.8443 0.0000 1650410882881 307544.0000 -0.2004
-25.6757 80.0777 -35.8443 0.0000 1650410882910 307573.0000 -0.2004
-26.4383 80.3319 -36.0985 0.0000 1650410882940 307602.0000 -0.2004
-25.6757 80.5861 -35.3359 0.0000 1650410882969 307631.0000 -0.2004
-26.1841 80.0777 -34.3190 0.0000 1650410882998 307659.7500 -0.2000
-25.1673 79.5693 -34.3190 0.0000 1650410883027 307688.7500 -0.1999
-24.9131 79.8235 -33.5564 0.0000 1650410883056 307717.7500 -0.1999
-25.6757 79.5693 -31.7769 0.0000 1650410883085 307746.5000 -0.1999
-23.8962 78.8066 -33.0479 0.0000 1650410883113 307775.5000 -0.1999
-24.9131 80.3319 -30.5058 0.0000 1650410883142 307804.5000 -0.1999
-25.6757 80.5861 -29.7431 0.0000 1650410883171 307833.5000 -0.1999
-25.4215 80.3319 -27.9636 0.0000 1650410883200 307862.2500 -0.1999
-25.6757 80.5861 -27.7094 0.0000 1650410883229 307891.0000 -0.1999
-25.4215 80.8403 -26.4383 0.0000 1650410883258 307920.5000 -0.1999
-25.6757 80.5861 -26.6926 0.0000 1650410883287 307949.5000 -0.1998
-25.4215 80.8403 -25.4215 0.0000 1650410883316 307978.5000 -0.1994
-25.9299 80.3319 -25.4215 0.0000 1650410883346 308007.5000 -0.1994
-25.9299 81.3488 -25.4215 0.0000 1650410883374 308036.5000 -0.1999
-26.4383 81.3488 -25.4215 0.0000 1650410883404 308065.5000 -0.2000
-25.6757 81.0946 -25.1673 0.0000 1650410883432 308094.5000 -0.2004
-25.6757 79.5693 -26.1841 0.0000 1650410883461 308122.5000 -0.2004
-25.9299 80.3319 -26.9468 0.0000 1650410883490 308152.5000 -0.2004
-26.4383 81.3488 -27.4552 0.0000 1650410883519 308181.5000 -0.2004
-25.1673 80.5861 -27.7094 0.0000 1650410883548 308211.2500 -0.2004
-24.6588 79.5693 -28.7263 0.0000 1650410883577 308239.5000 -0.2004
-23.8962 79.8235 -30.5058 0.0000 1650410883606 308268.5000 -0.2004
-24.4046 79.8235 -31.0142 0.0000 1650410883635 308297.5000 -0.2004
-24.1504 79.5693 -32.2853 0.0000 1650410883664 308326.5000 -0.2004
-24.6588 79.5693 -32.7937 0.0000 1650410883692 308355.2500 -0.2004
-24.1504 79.5693 -33.8106 0.0000 1650410883722 308384.2500 -0.2004
-24.4046 79.3150 -34.0648 0.0000 1650410883751 308413.2500 -0.2004
-25.9299 80.8403 -35.0817 0.0000 1650410883780 308442.0000 -0.2004
-25.6757 80.0777 -34.8274 0.0000 1650410883809 308471.0000 -0.2004
-25.6757 80.0777 -34.8274 0.0000 1650410883838 308500.0000 -0.2000
-26.4383 79.8235 -35.5901 0.0000 1650410883867 308529.0000 -0.1999
-25.9299 79.8235 -35.5901 0.0000 1650410883896 308558.0000 -0.1999
-25.6757 80.0777 -35.8443 0.0000 1650410883925 308587.0000 -0.1999
-25.9299 79.8235 -35.5901 0.0000 1650410883954 308617.5000 -0.1995
-25.9299 80.3319 -35.0817 0.0000 1650410883983 308646.0000 -0.1994
-25.9299 80.3319 -34.5732 0.0000 1650410884011 308674.0000 -0.1994
-25.1673 80.0777 -33.8106 0.0000 1650410884040 308703.0000 -0.1994
-24.9131 79.8235 -33.5564 0.0000 1650410884069 308732.0000 -0.1994
-25.9299 80.3319 -31.5226 0.0000 1650410884099 308760.7500 -0.1994
-23.8962 78.8066 -32.5395 0.0000 1650410884128 308789.7500 -0.1994
-25.4215 80.8403 -29.9974 0.0000 1650410884157 308818.7500 -0.1994
-25.4215 80.3319 -28.9805 0.0000 1650410884186 308847.7500 -0.1995
-25.4215 80.3319 -27.9636 0.0000 1650410884215 308876.0000 -0.1999
-25.4215 80.8403 -27.4552 0.0000 1650410884244 308905.0000 -0.1999
-26.6926 81.0946 -26.6926 0.0000 1650410884272 308934.5000 -0.1999
-25.4215 80.8403 -25.9299 0.0000 1650410884302 308963.2500 -0.2000
-25.9299 81.3488 -25.9299 0.0000 1650410884330 308992.5000 -0.2004
-26.1841 81.6030 -25.1673 0.0000 1650410884359 309021.5000 -0.2004
-25.6757 81.0946 -25.1673 0.0000 1650410884388 309050.5000 -0.2004
-26.1841 81.6030 -25.6757 0.0000 1650410884417 309079.5000 -0.2005
-25.1673 80.5861 -26.6926 0.0000 1650410884446 309108.5000 -0.2009
-25.1673 80.5861 -26.6926 0.0000 1650410884475 309137.5000 -0.2009
-25.9299 80.8403 -26.4383 0.0000 1650410884504 309166.5000 -0.2005
-26.4383 81.3488 -27.4552 0.0000 1650410884534 309195.5000 -0.2004
-25.1673 80.5861 -27.7094 0.0000 1650410884563 309224.5000 -0.2004
-26.1841 81.0946 -27.7094 0.0000 1650410884591 309253.5000 -0.2004
-24.1504 79.5693 -30.7600 0.0000 1650410884620 309282.5000 -0.2000
-24.4046 79.3150 -31.0142 0.0000 1650410884649 309311.5000 -0.1999
-24.1504 79.5693 -32.2853 0.0000 1650410884678 309340.5000 -0.2002
-24.6588 79.5693 -33.3022 0.0000 1650410884707 309369.5000 -0.2004
-24.4046 79.3150 -34.0648 0.0000 1650410884736 309399.7500 -0.2000
-26.4383 80.3319 -33.5564 0.0000 1650410884765 309427.0000 -0.1999
-26.1841 81.0946 -34.3190 0.0000 1650410884794 309456.2500 -0.1999
-26.4383 80.8403 -34.0648 0.0000 1650410884823 309485.2500 -0.1999
-25.9299 80.3319 -35.0817 0.0000 1650410884852 309514.2500 -0.1999
-25.4215 80.3319 -35.5901 0.0000 1650410884881 309543.2500 -0.1999
-26.1841 80.5861 -36.3527 0.0000 1650410884910 309572.0000 -0.1999
-26.1841 80.5861 -36.3527 0.0000 1650410884939 309601.0000 -0.1999
-25.6757 80.5861 -35.3359 0.0000 1650410884968 309630.0000 -0.1999
-25.6757 79.5693 -34.3190 0.0000 1650410884997 309661.5000 -0.1999
-25.4215 80.8403 -35.0817 0.0000 1650410885026 309687.7500 -0.1999
-25.4215 79.8235 -34.0648 0.0000 1650410885055 309717.0000 -0.1999
-25.4215 79.8235 -32.5395 0.0000 1650410885084 309746.7500 -0.1999
-25.9299 80.3319 -31.5226 0.0000 1650410885113 309775.0000 -0.1999
-25.4215 80.8403 -30.5058 0.0000 1650410885142 309804.0000 -0.1999
-25.6757 80.5861 -29.7431 0.0000 1650410885170 309833.0000 -0.1999
-25.1673 80.5861 -28.7263 0.0000 1650410885199 309861.7500 -0.2000
-22.8793 78.2982 -31.5226 0.0000 1650410885228 309890.7500 -0.2004
-24.6588 80.5861 -27.2010 0.0000 1650410885258 309919.7500 -0.2004
-25.6757 80.5861 -26.1841 0.0000 1650410885286 309948.7500 -0.2004
-26.1841 81.6030 -26.6926 0.0000 1650410885316 309977.5000 -0.2004
-25.9299 81.3488 -25.9299 0.0000 1650410885345 310006.5000 -0.2004
-26.1841 81.0946 -25.6757 0.0000 1650410885374 310035.5000 -0.2004
-26.4383 81.3488 -25.4215 0.0000 1650410885403 310064.5000 -0.2004
-26.1841 81.6030 -25.6757 0.0000 1650410885431 310093.5000 -0.2004
-25.6757 81.0946 -26.1841 0.0000 1650410885461 310122.5000 -0.2004
-25.6757 80.5861 -26.1841 0.0000 1650410885489 310151.5000 -0.2004
-26.1841 81.0946 -27.2010 0.0000 1650410885518 310182.0000 -0.2000
-26.1841 81.6030 -27.7094 0.0000 1650410885547 310209.0000 -0.1999
-24.9131 80.8403 -27.9636 0.0000 1650410885576 310238.5000 -0.1999
-22.6251 77.5355 -31.7769 0.0000 1650410885605 310267.5000 -0.1999
-24.9131 78.8066 -29.9974 0.0000 1650410885634 310296.5000 -0.1999
-24.6588 79.0608 -31.2684 0.0000 1650410885663 310325.5000 -0.1999
-24.1504 79.5693 -32.2853 0.0000 1650410885693 310354.5000 -0.1995
-24.6588 79.0608 -33.3022 0.0000 1650410885722 310383.5000 -0.1994
-24.6588 79.0608 -33.8106 0.0000 1650410885750 310412.2500 -0.1994
-26.1841 80.0777 -33.8106 0.0000 1650410885780 310441.2500 -0.1994
-26.1841 81.0946 -34.3190 0.0000 1650410885808 310470.5000 -0.1994
-26.4383 80.8403 -34.0648 0.0000 1650410885837 310499.5000 -0.1994
-25.9299 80.3319 -35.0817 0.0000 1650410885866 310528.0000 -0.1994
-26.1841 80.5861 -35.8443 0.0000 1650410885895 310557.2500 -0.1994
-25.6757 80.0777 -35.8443 0.0000 1650410885924 310586.2500 -0.1998
-26.1841 80.5861 -36.3527 0.0000 1650410885953 310615.2500 -0.1999
-26.4383 79.8235 -35.5901 0.0000 1650410885982 310644.2500 -0.1999
-26.9468 80.8403 -34.0648 0.0000 1650410886011 310673.0000 -0.1999
-26.1841 80.5861 -34.3190 0.0000 1650410886040 310702.0000 -0.1999
-25.6757 80.0777 -33.8106 0.0000 1650410886069 310731.0000 -0.2002
-25.4215 79.3150 -32.0311 0.0000 1650410886098 310760.0000 -0.2004
-24.1504 79.0608 -33.3022 0.0000 1650410886127 310789.0000 -0.2004
-25.1673 80.5861 -30.2516 0.0000 1650410886156 310818.0000 -0.2004
-25.4215 80.8403 -29.4889 0.0000 1650410886185 310847.0000 -0.2004
-25.4215 80.3319 -28.4721 0.0000 1650410886214 310876.0000 -0.2004
-25.4215 80.8403 -27.9636 0.0000 1650410886243 310905.0000 -0.2004
-25.6757 81.0946 -27.2010 0.0000 1650410886272 310933.7500 -0.2004
-25.6757 81.0946 -26.6926 0.0000 1650410886301 310963.7500 -0.2004
-25.9299 81.3488 -25.9299 0.0000 1650410886329 310991.7500 -0.2004
-25.6757 80.5861 -26.1841 0.0000 1650410886359 311020.7500 -0.2004
-26.1841 81.6030 -25.6757 0.0000 1650410886387 311049.7500 -0.2004
-26.1841 81.6030 -25.6757 0.0000 1650410886416 311078.5000 -0.2004
-23.1336 77.5355 -28.7263 0.0000 1650410886446 311107.5000 -0.2004
-25.4215 80.8403 -26.4383 0.0000 1650410886475 311136.5000 -0.2000
-26.4383 80.8403 -26.4383 0.0000 1650410886504 311165.5000 -0.1999
-26.1841 81.0946 -27.2010 0.0000 1650410886533 311194.0000 -0.1999
-25.6757 81.0946 -27.2010 0.0000 1650410886562 311224.7500 -0.1999
-25.1673 79.5693 -29.2347 0.0000 1650410886591 311252.5000 -0.1999
-23.8962 79.3150 -31.0142 0.0000 1650410886620 311281.2500 -0.1999
-24.4046 79.3150 -30.5058 0.0000 1650410886648 311310.5000 -0.1999
-24.1504 79.5693 -31.7769 0.0000 1650410886677 311339.5000 -0.1999
-24.6588 79.5693 -32.7937 0.0000 1650410886706 311368.5000 -0.1999
-24.1504 79.5693 -33.8106 0.0000 1650410886735 311397.5000 -0.1999
-24.6588 79.0608 -34.3190 0.0000 1650410886764 311426.5000 -0.1999
-25.6757 80.0777 -34.3190 0.0000 1650410886793 311455.5000 -0.1999
-26.1841 80.5861 -34.3190 0.0000 1650410886822 311484.5000 -0.2002
-26.4383 80.8403 -34.0648 0.0000 1650410886852 311513.5000 -0.2004
-26.1841 80.5861 -35.8443 0.0000 1650410886881 311542.5000 -0.2004
-25.6757 80.5861 -35.8443 0.0000 1650410886909 311571.5000 -0.2004
-25.9299 80.3319 -36.6069 0.0000 1650410886939 311600.5000 -0.2004
-26.6926 80.0777 -34.8274 0.0000 1650410886967 311629.5000 -0.2004
-25.6757 80.5861 -35.3359 0.0000 1650410886996 311658.5000 -0.2004
-25.6757 80.0777 -34.8274 0.0000 1650410887025 311687.2500 -0.2004
-25.9299 80.3319 -34.0648 0.0000 1650410887054 311715.7500 -0.2004
-25.6757 80.5861 -32.7937 0.0000 1650410887083 311744.7500 -0.2004
-25.9299 79.8235 -31.5226 0.0000 1650410887112 311774.0000 -0.2004
-25.6757 80.5861 -30.7600 0.0000 1650410887141 311803.0000 -0.2004
-25.6757 80.0777 -31.2684 0.0000 1650410887170 311832.0000 -0.2004
-25.4215 80.8403 -29.4889 0.0000 1650410887199 311861.0000 -0.2004
-25.4215 80.3319 -27.9636 0.0000 1650410887228 311890.0000 -0.2004
-25.4215 80.8403 -27.4552 0.0000 1650410887258 311919.0000 -0.2000
-25.9299 81.3488 -27.4552 0.0000 1650410887286 311948.0000 -0.1999
-25.9299 81.3488 -26.4383 0.0000 1650410887315 311976.0000 -0.1995
-25.9299 81.3488 -25.9299 0.0000 1650410887344 312006.0000 -0.1994
-26.4383 81.3488 -25.4215 0.0000 1650410887373 312035.0000 -0.1994
-26.1841 81.0946 -25.1673 0.0000 1650410887402 312063.7500 -0.1994
-26.1841 81.6030 -25.6757 0.0000 1650410887431 312092.7500 -0.1994
-26.1841 81.0946 -25.1673 0.0000 1650410887460 312121.7500 -0.1994
-25.6757 80.5861 -26.6926 0.0000 1650410887488 312150.7500 -0.1994
-26.1841 81.6030 -26.1841 0.0000 1650410887518 312179.7500 -0.1994
-26.4383 81.8572 -27.4552 0.0000 1650410887546 312208.5000 -0.1994
-25.6757 81.0946 -27.2010 0.0000 1650410887575 312237.5000 -0.1994
-24.6588 79.5693 -29.2347 0.0000 1650410887605 312266.5000 -0.1994
-24.1504 79.5693 -30.7600 0.0000 1650410887634 312295.5000 -0.1994
-25.1673 79.0608 -31.2684 0.0000 1650410887663 312324.5000 -0.1994
-23.8962 79.3150 -32.0311 0.0000 1650410887692 312353.5000 -0.1999
-24.6588 79.5693 -32.7937 0.0000 1650410887721 312382.5000 -0.1999
-23.8962 79.3150 -34.0648 0.0000 1650410887750 312411.5000 -0.1999
-24.4046 79.3150 -34.0648 0.0000 1650410887779 312440.5000 -0.1999
-22.8793 77.2813 -37.6238 0.0000 1650410887807 312469.2500 -0.1999
-1.2711 55.6731 -59.2321 0.0000 1650410887836 312497.5000 -0.1999
-26.4383 80.3319 -35.0817 0.0000 1650410887865 312527.5000 -0.1999
-26.1841 80.5861 -36.3527 0.0000 1650410887894 312556.5000 -0.1999
-25.4215 79.8235 -36.0985 0.0000 1650410887923 312585.5000 -0.1999
-25.9299 80.3319 -36.6069 0.0000 1650410887952 312614.5000 -0.1999
-26.4383 80.3319 -36.0985 0.0000 1650410887981 312643.5000 -0.1999
-26.6926 79.5693 -35.3359 0.0000 1650410888010 312672.5000 -0.1999
-26.1841 80.5861 -33.8106 0.0000 1650410888040 312701.5000 -0.1994
-25.6757 80.5861 -33.3022 0.0000 1650410888069 312730.2500 -0.1994
-25.9299 81.3488 -33.0479 0.0000 1650410888098 312758.5000 -0.1990
-25.6757 80.5861 -31.7769 0.0000 1650410888126 312788.2500 -0.1989
-24.9131 80.3319 -31.0142 0.0000 1650410888155 312816.7500 -0.1989
-25.6757 80.5861 -29.7431 0.0000 1650410888184 312846.2500 -0.1989
-25.4215 80.8403 -28.4721 0.0000 1650410888213 312875.2500 -0.1989
-25.6757 80.5861 -29.2347 0.0000 1650410888242 312904.0000 -0.1989
-25.6757 81.0946 -27.7094 0.0000 1650410888271 312933.0000 -0.1989
-25.6757 81.0946 -26.6926 0.0000 1650410888300 312962.0000 -0.1989
-24.1504 79.5693 -28.2179 0.0000 1650410888329 312991.0000 -0.1989
-25.9299 81.3488 -25.9299 0.0000 1650410888358 313020.0000 -0.1989
-25.6757 81.0946 -25.6757 0.0000 1650410888387 313049.0000 -0.1989
-26.1841 81.6030 -25.6757 0.0000 1650410888416 313078.0000 -0.1989
-25.9299 80.8403 -24.9131 0.0000 1650410888445 313107.0000 -0.1989
-25.1673 80.5861 -26.6926 0.0000 1650410888474 313136.0000 -0.1994
-25.9299 80.3319 -26.9468 0.0000 1650410888503 313165.0000 -0.1994
-25.9299 80.8403 -26.9468 0.0000 1650410888532 313193.7500 -0.1994
-25.6757 81.0946 -27.2010 0.0000 1650410888561 313222.7500 -0.1994
-24.4046 79.3150 -28.9805 0.0000 1650410888590 313251.2500 -0.1994
-24.6588 79.5693 -29.7431 0.0000 1650410888619 313280.5000 -0.1994
-23.8962 79.8235 -30.5058 0.0000 1650410888648 313309.5000 -0.1994
-25.4215 79.8235 -32.0311 0.0000 1650410888677 313338.5000 -0.1994
-24.4046 79.3150 -32.0311 0.0000 1650410888705 313367.5000 -0.1994
-24.4046 79.3150 -33.0479 0.0000 1650410888734 313396.5000 -0.1994
-24.1504 79.5693 -34.3190 0.0000 1650410888764 313425.5000 -0.1990
-25.1673 79.0608 -34.8274 0.0000 1650410888793 313454.5000 -0.1989
-25.6757 80.5861 -34.8274 0.0000 1650410888822 313483.5000 -0.1989
-26.4383 80.8403 -34.5732 0.0000 1650410888851 313513.5000 -0.1989
-25.9299 80.3319 -35.0817 0.0000 1650410888880 313541.5000 -0.1989
-26.1841 80.5861 -36.3527 0.0000 1650410888909 313570.5000 -0.1989
-26.1841 79.5693 -35.8443 0.0000 1650410888938 313599.2500 -0.1989
-25.6757 80.0777 -35.8443 0.0000 1650410888966 313628.5000 -0.1989
-25.6757 80.5861 -35.3359 0.0000 1650410888996 313657.5000 -0.1985
-26.1841 79.0608 -34.8274 0.0000 1650410889024 313686.5000 -0.1984
-25.9299 80.3319 -34.0648 0.0000 1650410889053 313715.5000 -0.1984
-25.6757 80.0777 -34.3190 0.0000 1650410889082 313744.5000 -0.1984
-24.9131 79.8235 -32.5395 0.0000 1650410889112 313773.5000 -0.1984
-24.1504 79.0608 -33.3022 0.0000 1650410889140 313802.5000 -0.1984
-25.6757 80.0777 -29.7431 0.0000 1650410889169 313831.5000 -0.1984
-25.6757 80.5861 -29.7431 0.0000 1650410889199 313860.5000 -0.1984
-25.4215 80.8403 -28.4721 0.0000 1650410889228 313889.5000 -0.1980
-25.4215 80.8403 -27.9636 0.0000 1650410889257 313918.2500 -0.1979
-25.1673 80.5861 -26.6926 0.0000 1650410889285 313947.2500 -0.1980
-24.9131 80.3319 -26.9468 0.0000 1650410889315 313976.2500 -0.1984
-26.4383 81.3488 -25.9299 0.0000 1650410889343 314005.0000 -0.1984
-26.4383 80.8403 -25.4215 0.0000 1650410889372 314033.5000 -0.1984
-26.4383 81.3488 -25.4215 0.0000 1650410889401 314063.0000 -0.1985
-25.4215 81.3488 -25.9299 0.0000 1650410889430 314092.0000 -0.1989
-26.1841 81.6030 -25.6757 0.0000 1650410889459 314121.0000 -0.1989
-23.1336 78.5524 -28.2179 0.0000 1650410889488 314150.0000 -0.1984
-25.6757 80.5861 -26.6926 0.0000 1650410889517 314179.0000 -0.1985
-26.4383 81.3488 -26.4383 0.0000 1650410889546 314208.0000 -0.1989
-26.1841 81.6030 -27.7094 0.0000 1650410889576 314237.0000 -0.1989
-24.4046 80.3319 -29.4889 0.0000 1650410889604 314265.7500 -0.1989
-24.6588 80.0777 -30.7600 0.0000 1650410889633 314295.0000 -0.1989
-24.6588 79.5693 -30.7600 0.0000 1650410889662 314323.7500 -0.1989
-24.6588 79.0608 -32.2853 0.0000 1650410889691 314352.5000 -0.1989
-24.4046 79.3150 -32.5395 0.0000 1650410889720 314381.7500 -0.1989
-24.4046 79.8235 -34.0648 0.0000 1650410889749 314410.7500 -0.1989
-24.6588 79.0608 -34.3190 0.0000 1650410889778 314439.5000 -0.1985
12.9650 40.9286 -73.4681 0.0000 1650410889807 314468.5000 -0.1984
-25.4215 80.3319 -34.5732 0.0000 1650410889836 314497.5000 -0.1984
-25.9299 80.3319 -35.0817 0.0000 1650410889864 314526.5000 -0.1984
-26.1841 80.5861 -35.8443 0.0000 1650410889894 314555.5000 -0.1984
-25.4215 80.3319 -35.5901 0.0000 1650410889923 314584.5000 -0.1984
-25.6757 80.0777 -35.8443 0.0000 1650410889952 314613.5000 -0.1984
-25.6757 80.0777 -35.8443 0.0000 1650410889981 314642.5000 -0.1984
-25.9299 80.3319 -35.5901 0.0000 1650410890010 314671.5000 -0.1984
-25.9299 79.8235 -34.0648 0.0000 1650410890039 314700.5000 -0.1984
-26.1841 80.5861 -34.3190 0.0000 1650410890068 314729.5000 -0.1984
-25.9299 80.8403 -33.5564 0.0000 1650410890097 314758.5000 -0.1984
-26.1841 80.0777 -31.2684 0.0000 1650410890126 314787.0000 -0.1984
-23.6420 79.0608 -32.7937 0.0000 1650410890155 314816.2500 -0.1984
-25.6757 79.5693 -30.2516 0.0000 1650410890183 314845.5000 -0.1984
-25.4215 80.8403 -29.4889 0.0000 1650410890212 314874.5000 -0.1989
-25.6757 80.0777 -27.7094 0.0000 1650410890241 314903.5000 -0.1989
-25.6757 80.5861 -27.7094 0.0000 1650410890270 314932.5000 -0.1989
-25.1673 81.0946 -26.6926 0.0000 1650410890299 314961.5000 -0.1989
-25.9299 81.3488 -26.4383 0.0000 1650410890329 314990.5000 -0.1989
-25.9299 81.3488 -25.9299 0.0000 1650410890358 315019.2500 -0.1989
-26.1841 80.5861 -24.6588 0.0000 1650410890387 315049.5000 -0.1989
-25.6757 81.6030 -25.6757 0.0000 1650410890416 315076.7500 -0.1989
-26.4383 81.3488 -25.4215 0.0000 1650410890444 315106.2500 -0.1989
-25.9299 80.8403 -24.9131 0.0000 1650410890474 315134.5000 -0.1989
-25.4215 80.3319 -26.9468 0.0000 1650410890502 315164.0000 -0.1989
-25.9299 80.8403 -26.4383 0.0000 1650410890531 315193.0000 -0.1989
-26.1841 81.0946 -27.7094 0.0000 1650410890560 315222.0000 -0.1989
-25.6757 81.0946 -27.2010 0.0000 1650410890589 315251.0000 -0.1989
-26.4383 81.3488 -27.9636 0.0000 1650410890618 315280.0000 -0.1989
-23.8962 79.8235 -30.5058 0.0000 1650410890647 315309.0000 -0.1989
-24.4046 79.3150 -31.0142 0.0000 1650410890676 315338.0000 -0.1985
-24.1504 79.5693 -32.2853 0.0000 1650410890705 315367.0000 -0.1984
-24.6588 79.5693 -32.7937 0.0000 1650410890734 315396.0000 -0.1984
-24.1504 79.0608 -33.8106 0.0000 1650410890763 315425.0000 -0.1984
-25.9299 80.3319 -33.5564 0.0000 1650410890792 315453.7500 -0.1984
3.8132 51.0972 -64.3164 0.0000 1650410890821 315482.7500 -0.1984
-26.4383 80.8403 -34.0648 0.0000 1650410890850 315511.7500 -0.1984
-25.4215 80.3319 -35.0817 0.0000 1650410890879 315540.5000 -0.1984
-26.1841 80.5861 -36.3527 0.0000 1650410890908 315570.5000 -0.1984
-25.4215 80.3319 -35.5901 0.0000 1650410890937 315598.2500 -0.1984
-25.6757 80.5861 -36.3527 0.0000 1650410890966 315627.5000 -0.1984
-25.9299 80.3319 -36.0985 0.0000 1650410890995 315656.5000 -0.1984
-26.6926 79.5693 -35.3359 0.0000 1650410891023 315685.5000 -0.1988
-26.4383 80.3319 -34.0648 0.0000 1650410891053 315714.5000 -0.1989
-25.6757 80.0777 -34.3190 0.0000 1650410891081 315743.5000 -0.1989
-25.1673 79.5693 -32.7937 0.0000 1650410891111 315772.5000 -0.1989
-25.9299 80.3319 -31.5226 0.0000 1650410891140 315804.5000 -0.1989
-23.6420 79.0608 -32.2853 0.0000 1650410891169 315829.7500 -0.1989
-25.1673 80.5861 -30.2516 0.0000 1650410891198 315859.5000 -0.1989
-25.1673 80.5861 -28.7263 0.0000 1650410891227 315890.0000 -0.1994
-25.1673 80.5861 -29.2347 0.0000 1650410891256 315917.0000 -0.1994
-25.4215 80.8403 -27.4552 0.0000 1650410891285 315946.5000 -0.1994
-25.1673 81.0946 -26.6926 0.0000 1650410891314 315975.5000 -0.1994
-25.6757 81.0946 -26.1841 0.0000 1650410891342 316004.5000 -0.1989
-25.9299 81.3488 -25.9299 0.0000 1650410891372 316033.5000 -0.1989
-25.9299 80.8403 -25.4215 0.0000 1650410891400 316062.5000 -0.1989
-25.4215 81.3488 -25.9299 0.0000 1650410891429 316091.5000 -0.1989
-25.6757 81.0946 -25.1673 0.0000 1650410891458 316120.5000 -0.1989
-25.4215 80.8403 -26.4383 0.0000 1650410891488 316149.2500 -0.1989
-25.4215 80.8403 -26.9468 0.0000 1650410891517 316178.2500 -0.1985
-25.6757 81.0946 -26.6926 0.0000 1650410891546 316207.2500 -0.1984
-25.4215 80.8403 -27.4552 0.0000 1650410891575 316236.0000 -0.1984
-24.1504 79.5693 -28.7263 0.0000 1650410891603 316265.0000 -0.1984
-24.6588 79.0608 -29.7431 0.0000 1650410891633 316294.0000 -0.1980
-23.8962 79.8235 -30.5058 0.0000 1650410891661 316322.7500 -0.1979
-24.4046 79.3150 -31.5226 0.0000 1650410891690 316352.7500 -0.1979
-24.1504 79.5693 -32.2853 0.0000 1650410891719 316381.0000 -0.1979
-24.6588 79.0608 -33.3022 0.0000 1650410891748 316410.0000 -0.1979
-24.1504 79.5693 -34.3190 0.0000 1650410891777 316439.0000 -0.1979
-26.1841 80.0777 -33.8106 0.0000 1650410891806 316468.0000 -0.1979
-25.6757 80.5861 -34.8274 0.0000 1650410891835 316497.0000 -0.1979
-26.4383 80.8403 -34.0648 0.0000 1650410891864 316526.0000 -0.1979
-25.9299 79.8235 -35.0817 0.0000 1650410891893 316554.7500 -0.1979
-25.6757 80.0777 -35.8443 0.0000 1650410891922 316583.0000 -0.1980
-25.4215 80.3319 -35.5901 0.0000 1650410891952 316614.0000 -0.1984
-25.4215 80.8403 -36.0985 0.0000 1650410891980 316641.7500 -0.1984
-25.6757 80.5861 -35.3359 0.0000 1650410892009 316670.5000 -0.1984
-26.4383 80.3319 -34.5732 0.0000 1650410892038 316699.5000 -0.1984
-25.9299 80.8403 -34.5732 0.0000 1650410892067 316728.5000 -0.1984
-25.9299 80.3319 -34.5732 0.0000 1650410892096 316757.5000 -0.1984
-25.1673 79.5693 -32.2853 0.0000 1650410892125 316786.5000 -0.1984
-25.9299 80.3319 -31.5226 0.0000 1650410892154 316815.5000 -0.1984
-25.4215 80.3319 -30.5058 0.0000 1650410892183 316844.5000 -0.1984
-25.6757 80.5861 -29.7431 0.0000 1650410892212 316873.5000 -0.1984
-25.4215 80.8403 -28.4721 0.0000 1650410892240 316902.5000 -0.1984
-25.1673 81.0946 -27.7094 0.0000 1650410892270 316931.5000 -0.1984
-25.1673 81.0946 -26.6926 0.0000 1650410892299 316960.5000 -0.1984
-25.4215 80.8403 -26.4383 0.0000 1650410892328 316989.5000 -0.1984
-25.4215 80.8403 -25.4215 0.0000 1650410892357 317018.5000 -0.1980
-25.6757 80.5861 -25.1673 0.0000 1650410892386 317047.5000 -0.1979
-25.4215 80.8403 -25.4215 0.0000 1650410892415 317076.5000 -0.1979
-26.4383 81.3488 -25.9299 0.0000 1650410892444 317105.2500 -0.1979
-26.1841 81.6030 -25.6757 0.0000 1650410892473 317134.0000 -0.1976
-26.1841 81.6030 -25.6757 0.0000 1650410892501 317163.5000 -0.1974
-25.9299 80.3319 -26.9468 0.0000 1650410892531 317192.5000 -0.1978
-25.9299 80.8403 -26.9468 0.0000 1650410892559 317221.5000 -0.1979
-25.6757 81.0946 -27.2010 0.0000 1650410892588 317250.2500 -0.1979
-25.6757 81.0946 -28.7263 0.0000 1650410892617 317279.2500 -0.1979
-25.1673 79.5693 -30.7600 0.0000 1650410892647 317308.2500 -0.1979
-24.6588 79.0608 -30.7600 0.0000 1650410892676 317338.5000 -0.1979
-24.6588 79.0608 -31.2684 0.0000 1650410892704 317367.0000 -0.1979
-24.4046 79.3150 -32.0311 0.0000 1650410892734 317395.0000 -0.1979
-25.1673 80.5861 -32.7937 0.0000 1650410892763 317424.0000 -0.1979
-24.4046 79.3150 -34.0648 0.0000 1650410892792 317452.7500 -0.1984
-25.9299 80.3319 -34.0648 0.0000 1650410892820 317482.0000 -0.1984
-25.9299 80.8403 -34.5732 0.0000 1650410892849 317511.0000 -0.1984
-25.9299 80.3319 -34.5732 0.0000 1650410892878 317540.0000 -0.1984
-25.9299 80.3319 -35.0817 0.0000 1650410892907 317569.0000 -0.1989
-26.1841 80.5861 -35.3359 0.0000 1650410892936 317598.0000 -0.1989
-26.1841 80.5861 -36.3527 0.0000 1650410892965 317627.0000 -0.1989
-25.9299 80.3319 -36.0985 0.0000 1650410892994 317655.7500 -0.1989
-25.9299 80.3319 -35.0817 0.0000 1650410893023 317684.7500 -0.1984
-26.4383 80.3319 -34.5732 0.0000 1650410893053 317713.7500 -0.1984
-25.4215 80.3319 -34.5732 0.0000 1650410893081 317742.7500 -0.1984
-24.9131 79.8235 -33.5564 0.0000 1650410893111 317771.5000 -0.1984
-25.4215 79.3150 -32.0311 0.0000 1650410893139 317800.5000 -0.1984
-24.1504 79.0608 -32.7937 0.0000 1650410893168 317829.5000 -0.1984
-25.4215 79.8235 -29.9974 0.0000 1650410893197 317858.5000 -0.1980
-23.8962 79.3150 -31.0142 0.0000 1650410893226 317888.5000 -0.1979
-25.6757 80.5861 -28.2179 0.0000 1650410893255 317916.5000 -0.1979
-25.4215 80.8403 -27.4552 0.0000 1650410893284 317945.5000 -0.1979
-25.6757 80.5861 -26.1841 0.0000 1650410893313 317974.5000 -0.1979
-25.9299 80.8403 -26.9468 0.0000 1650410893342 318003.5000 -0.1979
-25.6757 81.0946 -25.6757 0.0000 1650410893371 318032.5000 -0.1979
-25.9299 80.8403 -25.9299 0.0000 1650410893399 318061.5000 -0.1979
-25.6757 81.6030 -25.1673 0.0000 1650410893429 318090.5000 -0.1979
-25.9299 81.3488 -25.4215 0.0000 1650410893458 318119.2500 -0.1979
-26.1841 81.6030 -25.6757 0.0000 1650410893487 318149.7500 -0.1979
-24.9131 79.8235 -26.9468 0.0000 1650410893516 318177.5000 -0.1979
-25.6757 80.5861 -26.6926 0.0000 1650410893545 318206.0000 -0.1979
-26.9468 81.3488 -26.9468 0.0000 1650410893574 318235.5000 -0.1984
-25.1673 80.5861 -27.7094 0.0000 1650410893603 318264.5000 -0.1984
-26.1841 80.5861 -28.7263 0.0000 1650410893632 318293.5000 -0.1984
-23.8962 79.8235 -30.5058 0.0000 1650410893660 318322.5000 -0.1984
-24.4046 79.3150 -31.0142 0.0000 1650410893690 318351.5000 -0.1984
-24.1504 79.5693 -32.2853 0.0000 1650410893718 318380.2500 -0.1984
-24.4046 79.3150 -32.5395 0.0000 1650410893747 318409.2500 -0.1984
-24.1504 79.5693 -33.8106 0.0000 1650410893776 318438.2500 -0.1984
-26.6926 81.0946 -33.3022 0.0000 1650410893805 318467.0000 -0.1989
-25.4215 80.3319 -34.5732 0.0000 1650410893834 318496.0000 -0.1989
-26.1841 80.5861 -34.3190 0.0000 1650410893864 318525.0000 -0.1985
-26.6926 81.0946 -34.3190 0.0000 1650410893893 318554.0000 -0.1984
-25.9299 80.3319 -36.0985 0.0000 1650410893922 318583.0000 -0.1979
-25.6757 80.0777 -35.8443 0.0000 1650410893951 318612.0000 -0.1979
-25.4215 80.3319 -35.5901 0.0000 1650410893979 318640.5000 -0.1979
-26.4383 79.8235 -35.5901 0.0000 1650410894009 318671.2500 -0.1979
-26.1841 80.0777 -34.8274 0.0000 1650410894037 318699.0000 -0.1979
-25.9299 79.8235 -34.0648 0.0000 1650410894066 318728.0000 -0.1979
-25.6757 80.5861 -34.3190 0.0000 1650410894095 318757.0000 -0.1979
-25.4215 80.3319 -34.0648 0.0000 1650410894124 318785.7500 -0.1979
-25.1673 80.0777 -32.2853 0.0000 1650410894153 318814.7500 -0.1978
-23.6420 79.0608 -32.2853 0.0000 1650410894182 318843.7500 -0.1974
-25.4215 80.3319 -29.9974 0.0000 1650410894211 318872.7500 -0.1978
-23.6420 78.5524 -30.7600 0.0000 1650410894241 318902.5000 -0.1979
-25.6757 81.0946 -28.2179 0.0000 1650410894270 318930.5000 -0.1978
-25.9299 80.3319 -26.9468 0.0000 1650410894298 318959.5000 -0.1974
-25.1673 81.0946 -26.6926 0.0000 1650410894327 318989.7500 -0.1978
-25.9299 81.3488 -26.4383 0.0000 1650410894356 319017.5000 -0.1979
-24.9131 80.8403 -26.4383 0.0000 1650410894385 319046.5000 -0.1979
-25.6757 80.5861 -26.1841 0.0000 1650410894414 319075.5000 -0.1979
-25.9299 81.3488 -25.4215 0.0000 1650410894443 319104.5000 -0.1979
-26.1841 81.6030 -25.6757 0.0000 1650410894472 319133.5000 -0.1979
-26.1841 81.6030 -25.6757 0.0000 1650410894501 319162.5000 -0.1980
-25.6757 80.5861 -26.6926 0.0000 1650410894530 319191.5000 -0.1984
-25.9299 80.8403 -26.9468 0.0000 1650410894558 319220.5000 -0.1984
-25.9299 81.3488 -27.9636 0.0000 1650410894588 319249.5000 -0.1984
-24.6588 80.0777 -29.2347 0.0000 1650410894617 319278.5000 -0.1984
-24.1504 79.5693 -29.7431 0.0000 1650410894646 319307.5000 -0.1984
-23.8962 79.8235 -30.5058 0.0000 1650410894675 319336.5000 -0.1984
-24.6588 79.0608 -31.2684 0.0000 1650410894704 319365.5000 -0.1984
-24.1504 79.5693 -32.2853 0.0000 1650410894733 319394.5000 -0.1984
-24.4046 79.3150 -33.0479 0.0000 1650410894762 319424.7500 -0.1984
-23.8962 79.3150 -34.0648 0.0000 1650410894791 319452.5000 -0.1984
-25.9299 80.3319 -34.5732 0.0000 1650410894820 319481.2500 -0.1980
-25.4215 80.3319 -34.5732 0.0000 1650410894849 319510.2500 -0.1979
-26.1841 80.5861 -34.3190 0.0000 1650410894877 319539.2500 -0.1979
-25.4215 80.3319 -35.0817 0.0000 1650410894906 319568.2500 -0.1979
-26.1841 81.0946 -35.8443 0.0000 1650410894935 319597.0000 -0.1979
-26.4383 80.3319 -35.5901 0.0000 1650410894964 319626.0000 -0.1979
-25.6757 80.0777 -35.8443 0.0000 1650410894993 319654.7500 -0.1979
-26.1841 80.0777 -35.8443 0.0000 1650410895023 319683.2500 -0.1979
-26.4383 80.3319 -34.5732 0.0000 1650410895052 319713.0000 -0.1979
-25.6757 80.5861 -34.3190 0.0000 1650410895081 319741.7500 -0.1979
-25.9299 80.3319 -34.5732 0.0000 1650410895110 319771.0000 -0.1979
-24.9131 79.8235 -32.5395 0.0000 1650410895138 319800.0000 -0.1979
-24.1504 79.0608 -33.3022 0.0000 1650410895168 319829.0000 -0.1979
-25.1673 80.0777 -31.2684 0.0000 1650410895196 319858.0000 -0.1979
-25.6757 80.5861 -29.7431 0.0000 1650410895225 319886.7500 -0.1979
-25.1673 80.5861 -28.7263 0.0000 1650410895254 319915.7500 -0.1979
-24.9131 80.8403 -27.4552 0.0000 1650410895283 319944.7500 -0.1980
-24.9131 80.8403 -26.9468 0.0000 1650410895312 319973.7500 -0.1984
-25.1673 80.0777 -27.2010 0.0000 1650410895341 320002.5000 -0.1984
-25.1673 80.5861 -27.2010 0.0000 1650410895370 320031.5000 -0.1984
-25.9299 81.3488 -25.9299 0.0000 1650410895399 320060.5000 -0.1984
-26.1841 81.6030 -25.6757 0.0000 1650410895429 320089.5000 -0.1984
-25.4215 81.3488 -24.9131 0.0000 1650410895457 320118.5000 -0.1984
-26.1841 81.6030 -25.6757 0.0000 1650410895487 320147.5000 -0.1988
-25.4215 80.8403 -26.4383 0.0000 1650410895515 320176.0000 -0.1989
-25.6757 80.5861 -26.6926 0.0000 1650410895544 320206.5000 -0.1989
-25.9299 80.8403 -26.9468 0.0000 1650410895573 320234.5000 -0.1989
-25.4215 80.8403 -27.4552 0.0000 1650410895602 320263.5000 -0.1989
-24.9131 79.8235 -28.9805 0.0000 1650410895631 320292.5000 -0.1989
-26.4383 80.8403 -28.4721 0.0000 1650410895660 320321.5000 -0.1985
-24.4046 79.3150 -31.0142 0.0000 1650410895689 320350.5000 -0.1984
-24.4046 79.3150 -31.5226 0.0000 1650410895717 320379.5000 -0.1984
-24.6588 79.0608 -31.7769 0.0000 1650410895747 320408.5000 -0.1984
-24.1504 79.5693 -33.8106 0.0000 1650410895776 320439.7500 -0.1980
-24.4046 79.3150 -34.0648 0.0000 1650410895805 320466.0000 -0.1979
-25.9299 80.3319 -33.5564 0.0000 1650410895834 320495.5000 -0.1979
-25.6757 81.0946 -34.8274 0.0000 1650410895863 320523.7500 -0.1979
-26.4383 80.8403 -34.5732 0.0000 1650410895892 320553.0000 -0.1979
-25.6757 80.0777 -35.3359 0.0000 1650410895921 320582.5000 -0.1979
-26.1841 80.5861 -36.3527 0.0000 1650410895950 320611.2500 -0.1980
-25.9299 79.3150 -35.5901 0.0000 1650410895979 320640.2500 -0.1979
-26.1841 80.5861 -36.3527 0.0000 1650410896008 320669.2500 -0.1979
-26.1841 80.0777 -34.8274 0.0000 1650410896036 320698.0000 -0.1979
-26.4383 80.3319 -34.5732 0.0000 1650410896066 320727.0000 -0.1979
-26.1841 80.5861 -33.8106 0.0000 1650410896094 320756.0000 -0.1984
-24.9131 79.8235 -33.5564 0.0000 1650410896123 320785.0000 -0.1984
-25.4215 79.3150 -32.0311 0.0000 1650410896152 320814.0000 -0.1984
-23.8962 78.8066 -33.0479 0.0000 1650410896182 320843.0000 -0.1984
-25.6757 80.5861 -30.2516 0.0000 1650410896211 320872.0000 -0.1989
-23.8962 78.8066 -31.0142 0.0000 1650410896240 320901.0000 -0.1989
-25.6757 80.5861 -28.2179 0.0000 1650410896269 320930.0000 -0.1989
-25.4215 80.8403 -27.4552 0.0000 1650410896298 320958.5000 -0.1989
-25.9299 81.3488 -26.9468 0.0000 1650410896327 320987.7500 -0.1984
-25.4215 80.8403 -26.4383 0.0000 1650410896355 321016.7500 -0.1984
-25.1673 80.5861 -26.1841 0.0000 1650410896384 321045.7500 -0.1984
-25.9299 80.3319 -24.9131 0.0000 1650410896413 321074.7500 -0.1984
-25.1673 81.0946 -25.1673 0.0000 1650410896442 321103.5000 -0.1984
-25.1673 80.5861 -25.6757 0.0000 1650410896471 321132.5000 -0.1984
-23.3878 78.8066 -28.4721 0.0000 1650410896500 321161.5000 -0.1980
-25.4215 80.8403 -26.9468 0.0000 1650410896529 321190.2500 -0.1979
-25.9299 80.8403 -26.4383 0.0000 1650410896558 321219.0000 -0.1979
-26.1841 81.0946 -27.7094 0.0000 1650410896587 321248.5000 -0.1979
-25.6757 81.0946 -27.2010 0.0000 1650410896616 321277.5000 -0.1976
-24.9131 79.8235 -28.9805 0.0000 1650410896646 321306.0000 -0.1974
-23.8962 79.8235 -30.5058 0.0000 1650410896674 321335.5000 -0.1974
-24.6588 79.5693 -30.7600 0.0000 1650410896703 321364.5000 -0.1974
-23.8962 79.3150 -32.0311 0.0000 1650410896732 321393.5000 -0.1974
-24.9131 79.3150 -32.5395 0.0000 1650410896761 321422.5000 -0.1974
-24.1504 79.5693 -33.8106 0.0000 1650410896790 321451.5000 -0.1974
-24.6588 79.0608 -34.3190 0.0000 1650410896819 321480.0000 -0.1974
-25.4215 80.3319 -34.5732 0.0000 1650410896848 321509.5000 -0.1974
-25.4215 80.3319 -34.5732 0.0000 1650410896877 321538.5000 -0.1974
-25.6757 80.5861 -34.8274 0.0000 1650410896906 321567.5000 -0.1978
-26.1841 80.0777 -35.8443 0.0000 1650410896934 321596.5000 -0.1979
-26.9468 80.8403 -35.0817 0.0000 1650410896964 321625.5000 -0.1979
-25.9299 80.3319 -36.0985 0.0000 1650410896993 321654.5000 -0.1979
-26.1841 80.0777 -35.8443 0.0000 1650410897022 321683.5000 -0.1979
-26.1841 80.0777 -34.8274 0.0000 1650410897051 321712.0000 -0.1979
-26.1841 80.5861 -34.8274 0.0000 1650410897080 321741.0000 -0.1979
-25.1673 80.0777 -34.3190 0.0000 1650410897109 321770.2500 -0.1979
-26.1841 80.0777 -32.7937 0.0000 1650410897138 321799.2500 -0.1979
-25.6757 80.5861 -31.7769 0.0000 1650410897167 321828.0000 -0.1983
-23.8962 78.8066 -32.5395 0.0000 1650410897195 321857.0000 -0.1984
-25.6757 80.0777 -29.7431 0.0000 1650410897225 321886.0000 -0.1984
-25.4215 80.3319 -28.9805 0.0000 1650410897253 321915.0000 -0.1984
-25.9299 80.8403 -27.9636 0.0000 1650410897282 321944.0000 -0.1984
-25.6757 81.0946 -27.7094 0.0000 1650410897311 321972.5000 -0.1984
-25.1673 81.0946 -26.6926 0.0000 1650410897341 322001.7500 -0.1984
-25.6757 81.0946 -26.1841 0.0000 1650410897370 322031.0000 -0.1984
-25.9299 81.3488 -25.9299 0.0000 1650410897399 322059.5000 -0.1980
-25.9299 80.8403 -25.4215 0.0000 1650410897428 322089.0000 -0.1979
-25.4215 81.3488 -24.9131 0.0000 1650410897457 322117.7500 -0.1979
-25.9299 81.3488 -25.9299 0.0000 1650410897486 322146.7500 -0.1979
-26.1841 81.0946 -25.1673 0.0000 1650410897514 322175.7500 -0.1979
-26.1841 81.0946 -25.1673 0.0000 1650410897544 322204.7500 -0.1979
-25.9299 80.8403 -26.4383 0.0000 1650410897572 322233.5000 -0.1976
-26.1841 81.0946 -27.7094 0.0000 1650410897601 322262.5000 -0.1974
-25.1673 80.5861 -27.7094 0.0000 1650410897630 322291.5000 -0.1974
-23.1336 77.5355 -31.2684 0.0000 1650410897659 322320.5000 -0.1974
-23.8962 79.8235 -30.5058 0.0000 1650410897688 322349.5000 -0.1974
-24.4046 79.3150 -31.0142 0.0000 1650410897717 322378.2500 -0.1974
-24.1504 79.5693 -32.2853 0.0000 1650410897746 322407.5000 -0.1974
-24.4046 79.3150 -33.0479 0.0000 1650410897776 322436.5000 -0.1979
-23.8962 79.3150 -34.0648 0.0000 1650410897805 322465.5000 -0.1979
-24.9131 79.3150 -34.5732 0.0000 1650410897833 322494.2500 -0.1979
-24.4046 79.3150 -35.5901 0.0000 1650410897862 322523.0000 -0.1979
-26.4383 80.3319 -34.0648 0.0000 1650410897891 322552.5000 -0.1979
-25.4215 80.3319 -35.0817 0.0000 1650410897920 322581.5000 -0.1979
-26.4383 80.3319 -36.0985 0.0000 1650410897949 322610.5000 -0.1979
-25.9299 80.3319 -36.0985 0.0000 1650410897978 322639.5000 -0.1979
-26.1841 80.5861 -36.3527 0.0000 1650410898007 322668.5000 -0.1984
-26.1841 79.5693 -35.3359 0.0000 1650410898036 322697.5000 -0.1984
-26.4383 80.3319 -33.5564 0.0000 1650410898065 322728.0000 -0.1984
-25.9299 80.3319 -33.5564 0.0000 1650410898093 322756.2500 -0.1984
-25.1673 80.0777 -34.3190 0.0000 1650410898123 322784.5000 -0.1984
-24.9131 79.8235 -32.5395 0.0000 1650410898152 322813.2500 -0.1984
-25.6757 80.5861 -31.7769 0.0000 1650410898181 322843.2500 -0.1980
-24.9131 80.3319 -31.0142 0.0000 1650410898210 322871.2500 -0.1979
-25.6757 80.5861 -30.2516 0.0000 1650410898239 322900.2500 -0.1979
-25.4215 80.8403 -28.4721 0.0000 1650410898268 322929.0000 -0.1979
-26.1841 81.0946 -28.7263 0.0000 1650410898297 322958.0000 -0.1979
-24.9131 80.8403 -26.9468 0.0000 1650410898326 322987.0000 -0.1979
-25.1673 80.5861 -27.2010 0.0000 1650410898355 323016.0000 -0.1976
-25.4215 80.8403 -27.4552 0.0000 1650410898384 323045.0000 -0.1974
-26.4383 80.8403 -25.4215 0.0000 1650410898412 323074.0000 -0.1978
-26.1841 81.6030 -25.6757 0.0000 1650410898441 323103.0000 -0.1979
-23.6420 78.5524 -28.2179 0.0000 1650410898470 323132.0000 -0.1979
-26.1841 81.6030 -25.1673 0.0000 1650410898500 323161.0000 -0.1979
-25.9299 81.3488 -25.4215 0.0000 1650410898529 323190.0000 -0.1979
-26.4383 80.3319 -26.9468 0.0000 1650410898558 323219.0000 -0.1979
-26.4383 80.8403 -27.4552 0.0000 1650410898587 323247.7500 -0.1979
-25.6757 81.0946 -27.2010 0.0000 1650410898616 323275.7500 -0.1979
-24.6588 80.0777 -29.2347 0.0000 1650410898645 323305.7500 -0.1979
-24.6588 79.0608 -29.7431 0.0000 1650410898673 323334.5000 -0.1984
-24.1504 79.5693 -30.2516 0.0000 1650410898703 323363.5000 -0.1984
-24.6588 79.0608 -31.2684 0.0000 1650410898731 323392.5000 -0.1984
-24.1504 79.5693 -32.2853 0.0000 1650410898760 323421.5000 -0.1984
-24.6588 79.0608 -33.3022 0.0000 1650410898789 323450.5000 -0.1984
-25.6757 80.5861 -32.2853 0.0000 1650410898818 323479.5000 -0.1985
-25.1673 79.0608 -34.8274 0.0000 1650410898847 323508.2500 -0.1989
-25.6757 80.5861 -34.8274 0.0000 1650410898876 323538.7500 -0.1989
-26.4383 80.8403 -34.0648 0.0000 1650410898905 323566.5000 -0.1989
-25.9299 80.8403 -35.5901 0.0000 1650410898935 323595.2500 -0.1989
-25.9299 80.3319 -36.0985 0.0000 1650410898964 323624.5000 -0.1989
-26.1841 80.5861 -36.3527 0.0000 1650410898992 323653.5000 -0.1989
-26.1841 80.5861 -36.3527 0.0000 1650410899021 323682.5000 -0.1984
-25.9299 80.3319 -35.0817 0.0000 1650410899050 323711.5000 -0.1984
-25.6757 79.5693 -34.3190 0.0000 1650410899079 323740.5000 -0.1984
-25.6757 80.0777 -34.3190 0.0000 1650410899108 323769.5000 -0.1984
-24.9131 79.8235 -33.5564 0.0000 1650410899137 323798.5000 -0.1980
-24.9131 79.8235 -32.5395 0.0000 1650410899166 323827.5000 -0.1979
-25.6757 80.5861 -31.7769 0.0000 1650410899195 323856.5000 -0.1979
-25.6757 80.5861 -30.2516 0.0000 1650410899224 323885.5000 -0.1979
-25.6757 80.5861 -29.7431 0.0000 1650410899253 323914.5000 -0.1979
-25.6757 80.5861 -28.2179 0.0000 1650410899282 323943.2500 -0.1979
-25.4215 80.8403 -27.9636 0.0000 1650410899311 323972.2500 -0.1979
-25.6757 80.5861 -27.2010 0.0000 1650410899340 324001.2500 -0.1979
-24.9131 80.3319 -26.9468 0.0000 1650410899369 324029.7500 -0.1979
-25.9299 81.3488 -25.9299 0.0000 1650410899398 324060.2500 -0.1979
-26.4383 80.8403 -25.4215 0.0000 1650410899427 324088.0000 -0.1979
-25.4215 81.3488 -24.9131 0.0000 1650410899456 324117.0000 -0.1979
-25.6757 81.0946 -26.1841 0.0000 1650410899485 324146.0000 -0.1979
-25.4215 81.3488 -24.9131 0.0000 1650410899514 324175.0000 -0.1979
-23.1336 78.5524 -28.7263 0.0000 1650410899543 324204.0000 -0.1979
-25.6757 80.5861 -26.6926 0.0000 1650410899571 324233.0000 -0.1979
-26.6926 81.6030 -26.6926 0.0000 1650410899601 324262.0000 -0.1980
-25.6757 81.0946 -27.2010 0.0000 1650410899629 324290.5000 -0.1984
-24.6588 79.5693 -28.7263 0.0000 1650410899659 324319.7500 -0.1984
-23.8962 79.8235 -30.5058 0.0000 1650410899687 324348.7500 -0.1984
-25.4215 78.8066 -30.5058 0.0000 1650410899717 324379.0000 -0.1984
-23.8962 79.3150 -32.0311 0.0000 1650410899746 324406.7500 -0.1984
-24.6588 79.0608 -31.7769 0.0000 1650410899775 324435.7500 -0.1984
-25.1673 80.5861 -32.7937 0.0000 1650410899804 324464.5000 -0.1980
-26.4383 80.8403 -32.0311 0.0000 1650410899833 324493.5000 -0.1979
-25.6757 80.5861 -33.8106 0.0000 1650410899862 324522.5000 -0.1983
-25.1673 80.5861 -34.8274 0.0000 1650410899890 324551.5000 -0.1984
-26.6926 81.0946 -34.3190 0.0000 1650410899919 324580.5000 -0.1980
-25.9299 80.8403 -35.5901 0.0000 1650410899948 324609.5000 -0.1979
-26.6926 80.0777 -35.8443 0.0000 1650410899977 324638.5000 -0.1979
-26.4383 79.8235 -35.5901 0.0000 1650410900006 324667.5000 -0.1979
-25.6757 79.5693 -35.8443 0.0000 1650410900035 324696.5000 -0.1976
-25.6757 80.5861 -35.3359 0.0000 1650410900064 324725.5000 -0.1974
-26.6926 80.5861 -33.8106 0.0000 1650410900094 324754.5000 -0.1974
-25.9299 80.3319 -34.0648 0.0000 1650410900123 324783.5000 -0.1974
-25.6757 80.5861 -32.7937 0.0000 1650410900151 324813.5000 -0.1974
-25.4215 79.8235 -32.0311 0.0000 1650410900181 324841.5000 -0.1974
-25.4215 80.3319 -31.0142 0.0000 1650410900209 324870.5000 -0.1974
-25.4215 80.3319 -29.9974 0.0000 1650410900238 324899.5000 -0.1974
-25.1673 81.0946 -29.2347 0.0000 1650410900267 324928.5000 -0.1976
-26.1841 80.0777 -28.2179 0.0000 1650410900296 324957.5000 -0.1979
-25.4215 80.8403 -27.4552 0.0000 1650410900325 324986.5000 -0.1979
-26.4383 80.8403 -26.4383 0.0000 1650410900354 325015.5000 -0.1979
-25.1673 80.5861 -27.2010 0.0000 1650410900383 325044.0000 -0.1979
-26.1841 81.6030 -26.1841 0.0000 1650410900412 325074.0000 -0.1979
-25.6757 81.0946 -25.6757 0.0000 1650410900441 325102.2500 -0.1979
-26.1841 81.6030 -25.6757 0.0000 1650410900470 325131.0000 -0.1979
-26.4383 81.3488 -25.9299 0.0000 1650410900499 325160.0000 -0.1979
-25.6757 81.0946 -25.1673 0.0000 1650410900528 325189.0000 -0.1979
-24.4046 80.3319 -26.4383 0.0000 1650410900557 325218.0000 -0.1979
-25.9299 80.8403 -26.4383 0.0000 1650410900586 325247.0000 -0.1979
-26.1841 81.6030 -27.7094 0.0000 1650410900615 325276.0000 -0.1979
-25.6757 81.0946 -27.2010 0.0000 1650410900644 325305.0000 -0.1979
-25.6757 80.5861 -28.2179 0.0000 1650410900673 325334.0000 -0.1979
-23.8962 79.8235 -30.5058 0.0000 1650410900702 325363.0000 -0.1979
-24.6588 79.5693 -30.7600 0.0000 1650410900730 325392.0000 -0.1979
-24.1504 79.5693 -32.2853 0.0000 1650410900760 325421.0000 -0.1976
-24.9131 79.3150 -32.5395 0.0000 1650410900788 325450.0000 -0.1974
-25.4215 80.8403 -33.0479 0.0000 1650410900817 325478.7500 -0.1974
-25.9299 80.3319 -33.5564 0.0000 1650410900847 325507.7500 -0.1974
-25.4215 80.3319 -34.5732 0.0000 1650410900876 325536.7500 -0.1974
-25.9299 80.3319 -34.5732 0.0000 1650410900905 325565.2500 -0.1974
-26.1841 80.0777 -34.8274 0.0000 1650410900934 325594.2500 -0.1974
-25.9299 80.3319 -35.0817 0.0000 1650410900963 325623.5000 -0.1974
-25.9299 80.3319 -36.6069 0.0000 1650410900992 325652.5000 -0.1974
-26.4383 80.8403 -36.0985 0.0000 1650410901021 325681.5000 -0.1974
-25.6757 80.5861 -35.3359 0.0000 1650410901049 325710.5000 -0.1974
-26.1841 80.0777 -34.8274 0.0000 1650410901078 325739.5000 -0.1974
-25.6757 80.5861 -34.8274 0.0000 1650410901107 325768.5000 -0.1974
-25.6757 79.5693 -34.3190 0.0000 1650410901136 325797.5000 -0.1974
-25.4215 80.3319 -32.0311 0.0000 1650410901165 325827.7500 -0.1974
-26.4383 80.3319 -32.5395 0.0000 1650410901195 325855.0000 -0.1974
-24.9131 80.3319 -31.0142 0.0000 1650410901223 325884.5000 -0.1978
-25.4215 80.3319 -29.9974 0.0000 1650410901253 325913.0000 -0.1979
-25.4215 80.8403 -28.4721 0.0000 1650410901282 325942.5000 -0.1979
-24.9131 79.8235 -28.9805 0.0000 1650410901310 325971.5000 -0.1979
-25.6757 81.0946 -27.7094 0.0000 1650410901340 326000.5000 -0.1979
-24.6588 80.5861 -27.2010 0.0000 1650410901368 326029.5000 -0.1983
-25.9299 81.8572 -26.4383 0.0000 1650410901397 326058.5000 -0.1984
-26.1841 81.6030 -26.1841 0.0000 1650410901426 326087.5000 -0.1984
-25.9299 80.8403 -25.4215 0.0000 1650410901455 326116.5000 -0.1984
-25.9299 81.3488 -25.4215 0.0000 1650410901484 326145.5000 -0.1980
-24.6588 80.5861 -25.6757 0.0000 1650410901513 326174.2500 -0.1979
-26.1841 81.6030 -25.6757 0.0000 1650410901542 326203.2500 -0.1984
-26.6926 80.5861 -26.6926 0.0000 1650410901571 326232.2500 -0.1984
-25.6757 81.0946 -26.6926 0.0000 1650410901600 326261.0000 -0.1980
-26.1841 81.6030 -27.7094 0.0000 1650410901629 326289.7500 -0.1979
-24.4046 79.3150 -28.4721 0.0000 1650410901659 326319.0000 -0.1979
-26.6926 81.6030 -28.7263 0.0000 1650410901687 326347.5000 -0.1979
-23.8962 79.8235 -30.5058 0.0000 1650410901716 326376.7500 -0.1976
-25.4215 80.8403 -30.5058 0.0000 1650410901745 326406.0000 -0.1974
-24.4046 79.3150 -32.0311 0.0000 1650410901774 326435.0000 -0.1974
-25.6757 80.0777 -32.2853 0.0000 1650410901803 326464.0000 -0.1974
-24.1504 79.5693 -34.3190 0.0000 1650410901832 326493.0000 -0.1974
-25.9299 80.3319 -33.5564 0.0000 1650410901861 326522.0000 -0.1974
-25.6757 80.5861 -34.8274 0.0000 1650410901890 326551.0000 -0.1974
-26.4383 80.8403 -34.0648 0.0000 1650410901919 326581.5000 -0.1974
-25.9299 80.3319 -35.5901 0.0000 1650410901947 326608.0000 -0.1974
-25.9299 80.3319 -36.0985 0.0000 1650410901976 326637.7500 -0.1974
-25.6757 80.0777 -35.8443 0.0000 1650410902006 326668.5000 -0.1978
-26.4383 80.3319 -36.0985 0.0000 1650410902035 326695.2500 -0.1979
-26.4383 79.8235 -35.5901 0.0000 1650410902064 326724.5000 -0.1979
-26.4383 80.3319 -34.5732 0.0000 1650410902093 326753.5000 -0.1979
-25.9299 80.3319 -34.0648 0.0000 1650410902122 326782.5000 -0.1979
-25.6757 80.0777 -34.3190 0.0000 1650410902151 326811.5000 -0.1979
-24.9131 79.8235 -32.5395 0.0000 1650410902180 326840.5000 -0.1979
-23.8962 79.3150 -33.0479 0.0000 1650410902208 326869.5000 -0.1979
-25.9299 80.3319 -29.9974 0.0000 1650410902238 326898.5000 -0.1979
-25.4215 80.8403 -29.4889 0.0000 1650410902266 326927.5000 -0.1979
-25.1673 80.5861 -28.7263 0.0000 1650410902295 326956.5000 -0.1979
-24.6588 80.0777 -28.7263 0.0000 1650410902324 326985.5000 -0.1979
-25.1673 80.5861 -26.6926 0.0000 1650410902353 327014.5000 -0.1979
-25.1673 80.0777 -27.2010 0.0000 1650410902382 327043.5000 -0.1979
-25.6757 81.0946 -26.1841 0.0000 1650410902411 327072.5000 -0.1979
-25.9299 81.3488 -25.9299 0.0000 1650410902441 327101.2500 -0.1979
-26.1841 81.0946 -25.6757 0.0000 1650410902470 327130.5000 -0.1979
-26.1841 81.6030 -25.6757 0.0000 1650410902499 327159.5000 -0.1976
-26.1841 81.6030 -25.6757 0.0000 1650410902527 327188.5000 -0.1974
-25.1673 80.5861 -26.6926 0.0000 1650410902556 327217.5000 -0.1974
-25.9299 80.8403 -26.4383 0.0000 1650410902585 327246.5000 -0.1974
-26.1841 81.0946 -26.6926 0.0000 1650410902614 327275.2500 -0.1971
-25.6757 81.0946 -27.2010 0.0000 1650410902643 327304.2500 -0.1969
-24.9131 79.8235 -28.9805 0.0000 1650410902672 327333.2500 -0.1969
-26.1841 81.0946 -29.2347 0.0000 1650410902701 327363.5000 -0.1969
-24.9131 79.3150 -31.0142 0.0000 1650410902730 327390.5000 -0.1969
-24.9131 79.3150 -31.5226 0.0000 1650410902759 327420.0000 -0.1969
-24.6588 79.0608 -31.7769 0.0000 1650410902788 327448.5000 -0.1971
-24.1504 79.5693 -33.8106 0.0000 1650410902818 327478.0000 -0.1974
-24.6588 79.0608 -33.8106 0.0000 1650410902846 327507.0000 -0.1974
-25.6757 80.5861 -33.8106 0.0000 1650410902875 327536.0000 -0.1974
-25.1673 80.5861 -34.8274 0.0000 1650410902904 327565.0000 -0.1976
-26.4383 80.8403 -34.0648 0.0000 1650410902933 327594.0000 -0.1979
-26.1841 80.0777 -35.8443 0.0000 1650410902962 327623.0000 -0.1979
-25.6757 80.0777 -35.8443 0.0000 1650410902991 327652.0000 -0.1974
-26.6926 81.0946 -35.8443 0.0000 1650410903020 327681.0000 -0.1976
-25.6757 81.0946 -35.8443 0.0000 1650410903049 327709.7500 -0.1979
-25.9299 80.3319 -35.0817 0.0000 1650410903078 327738.7500 -0.1979
-25.9299 80.3319 -34.5732 0.0000 1650410903106 327767.7500 -0.1979
-25.4215 79.8235 -34.0648 0.0000 1650410903135 327796.5000 -0.1979
-25.4215 80.3319 -34.0648 0.0000 1650410903164 327825.5000 -0.1979
-25.4215 79.3150 -32.0311 0.0000 1650410903194 327854.5000 -0.1979
-24.1504 78.5524 -32.7937 0.0000 1650410903223 327883.0000 -0.1979
-25.4215 80.3319 -29.9974 0.0000 1650410903252 327912.2500 -0.1979
-24.1504 79.0608 -31.2684 0.0000 1650410903281 327941.5000 -0.1976
-25.6757 80.0777 -28.7263 0.0000 1650410903310 327970.5000 -0.1974
-25.9299 80.8403 -27.9636 0.0000 1650410903339 327999.5000 -0.1974
-25.4215 80.8403 -26.4383 0.0000 1650410903367 328028.5000 -0.1974
-25.1673 80.5861 -27.2010 0.0000 1650410903397 328057.5000 -0.1974
-25.6757 81.0946 -25.6757 0.0000 1650410903425 328086.5000 -0.1974
-25.4215 81.3488 -25.9299 0.0000 1650410903454 328115.5000 -0.1974
-25.6757 81.0946 -25.1673 0.0000 1650410903483 328143.5000 -0.1974
-23.3878 78.8066 -28.4721 0.0000 1650410903512 328173.5000 -0.1971
-23.1336 78.5524 -28.7263 0.0000 1650410903541 328202.5000 -0.1969
-24.9131 79.8235 -26.4383 0.0000 1650410903570 328232.2500 -0.1969
-25.9299 80.8403 -26.4383 0.0000 1650410903600 328260.5000 -0.1969
-26.4383 80.8403 -27.4552 0.0000 1650410903629 328289.5000 -0.1973
-25.6757 81.0946 -27.2010 0.0000 1650410903658 328318.5000 -0.1974
-25.6757 80.5861 -28.2179 0.0000 1650410903686 328347.5000 -0.1974
-25.9299 81.8572 -28.4721 0.0000 1650410903716 328376.5000 -0.1974
-25.1673 79.0608 -31.2684 0.0000 1650410903744 328405.2500 -0.1974
-24.1504 79.5693 -32.2853 0.0000 1650410903773 328434.2500 -0.1974
-24.9131 79.3150 -33.0479 0.0000 1650410903802 328463.2500 -0.1976
-25.1673 80.5861 -32.7937 0.0000 1650410903831 328492.0000 -0.1979
-24.6588 79.0608 -34.3190 0.0000 1650410903860 328521.0000 -0.1979
-25.4215 80.3319 -34.5732 0.0000 1650410903889 328550.0000 -0.1979
-25.9299 80.3319 -34.5732 0.0000 1650410903918 328579.0000 -0.1979
-25.9299 80.3319 -35.0817 0.0000 1650410903947 328608.0000 -0.1979
-26.1841 80.5861 -35.8443 0.0000 1650410903977 328637.0000 -0.1979
-25.4215 80.3319 -35.5901 0.0000 1650410904005 328665.0000 -0.1979
-26.1841 80.5861 -36.3527 0.0000 1650410904034 328695.0000 -0.1979
-26.4383 80.3319 -36.0985 0.0000 1650410904063 328724.0000 -0.1979
-26.1841 80.0777 -34.8274 0.0000 1650410904092 328753.0000 -0.1979
-25.4215 80.3319 -34.5732 0.0000 1650410904121 328782.0000 -0.1979
-25.6757 80.0777 -34.3190 0.0000 1650410904150 328810.7500 -0.1979
-24.6588 79.5693 -33.3022 0.0000 1650410904179 328839.7500 -0.1976
-25.9299 80.3319 -31.5226 0.0000 1650410904208 328868.7500 -0.1974
-23.8962 79.3150 -32.0311 0.0000 1650410904237 328898.7500 -0.1974
-25.4215 80.8403 -29.9974 0.0000 1650410904265 328927.7500 -0.1974
-23.6420 79.0608 -30.2516 0.0000 1650410904295 328955.5000 -0.1971
-24.4046 80.3319 -28.4721 0.0000 1650410904324 328984.2500 -0.1969
-25.6757 81.0946 -27.7094 0.0000 1650410904353 329013.5000 -0.1969
-24.9131 80.8403 -26.9468 0.0000 1650410904382 329042.5000 -0.1969
-25.9299 81.3488 -26.9468 0.0000 1650410904411 329071.5000 -0.1973
-25.9299 81.3488 -25.9299 0.0000 1650410904440 329100.5000 -0.1974
-25.6757 81.0946 -25.6757 0.0000 1650410904469 329129.5000 -0.1974
-25.6757 81.0946 -26.1841 0.0000 1650410904498 329158.5000 -0.1974
-25.6757 81.0946 -25.1673 0.0000 1650410904527 329187.5000 -0.1974
-25.9299 80.8403 -25.9299 0.0000 1650410904556 329216.5000 -0.1974
-23.3878 78.2982 -28.9805 0.0000 1650410904584 329245.5000 -0.1976
-25.9299 80.8403 -26.9468 0.0000 1650410904613 329274.5000 -0.1979
-25.9299 80.8403 -26.9468 0.0000 1650410904642 329303.5000 -0.1979
-25.1673 80.5861 -27.7094 0.0000 1650410904671 329332.5000 -0.1979
-24.4046 78.8066 -29.9974 0.0000 1650410904700 329361.5000 -0.1979
-24.1504 79.5693 -30.2516 0.0000 1650410904729 329390.5000 -0.1979
-24.4046 79.3150 -31.0142 0.0000 1650410904758 329419.2500 -0.1979
-24.1504 79.5693 -32.2853 0.0000 1650410904788 329447.5000 -0.1979
-24.4046 79.3150 -33.5564 0.0000 1650410904817 329477.5000 -0.1979
-24.1504 79.5693 -34.3190 0.0000 1650410904845 329506.2500 -0.1979
-26.1841 80.5861 -33.8106 0.0000 1650410904875 329535.2500 -0.1979
-25.4215 80.3319 -34.5732 0.0000 1650410904903 329564.2500 -0.1983
-25.9299 80.3319 -34.5732 0.0000 1650410904932 329593.2500 -0.1984
-25.9299 80.3319 -35.0817 0.0000 1650410904961 329622.0000 -0.1980
-26.1841 80.5861 -36.3527 0.0000 1650410904990 329651.0000 -0.1979
-25.9299 80.3319 -36.6069 0.0000 1650410904997 329658.0000 -0.1979
