-25.1673 79.0608 -39.4033 0.0000 1650410541384 1005078.7500 -0.1962
-24.9131 78.8066 -39.6575 0.0000 1650410541413 1005107.7500 -0.1960
-25.1673 79.0608 -39.4033 0.0000 1650410541442 1005136.7500 -0.1960
-25.1673 79.0608 -39.4033 0.0000 1650410541471 1005165.7500 -0.1960
-25.1673 79.0608 -39.4033 0.0000 1650410541500 1005194.7500 -0.1960
-25.1673 79.0608 -39.4033 0.0000 1650410541529 1005223.7500 -0.1960
-24.9131 78.8066 -39.6575 0.0000 1650410541558 1005252.7500 -0.1960
-25.1673 79.0608 -39.4033 0.0000 1650410541586 1005283.0000 -0.1960
-25.4215 79.3150 -39.1491 0.0000 1650410541616 1005310.7500 -0.1960
-24.9131 78.8066 -39.6575 0.0000 1650410541645 1005339.7500 -0.1960
-24.9131 78.8066 -39.6575 0.0000 1650410541674 1005368.7500 -0.1960
-25.1673 78.5524 -39.4033 0.0000 1650410541702 1005397.5000 -0.1965
-25.1673 79.0608 -39.4033 0.0000 1650410541732 1005426.5000 -0.1965
-24.9131 78.8066 -39.6575 0.0000 1650410541761 1005455.5000 -0.1965
-25.9299 79.8235 -38.6407 0.0000 1650410541790 1005484.2500 -0.1965
-24.9131 78.8066 -39.6575 0.0000 1650410541819 1005514.5000 -0.1965
-25.6757 80.0777 -38.8949 0.0000 1650410541847 1005541.7500 -0.1965
-25.6757 79.0608 -38.8949 0.0000 1650410541877 1005571.2500 -0.1968
-25.1673 79.0608 -39.4033 0.0000 1650410541905 1005600.0000 -0.1969
-25.9299 79.8235 -38.6407 0.0000 1650410541934 1005629.2500 -0.1969
-25.1673 79.0608 -39.4033 0.0000 1650410541963 1005658.2500 -0.1969
-24.9131 78.8066 -39.6575 0.0000 1650410541992 1005687.2500 -0.1969
-25.1673 79.0608 -39.4033 0.0000 1650410542021 1005716.2500 -0.1969
-24.9131 78.8066 -39.6575 0.0000 1650410542050 1005745.2500 -0.1969
-25.4215 79.3150 -39.1491 0.0000 1650410542080 1005774.2500 -0.1969
-24.9131 78.8066 -39.6575 0.0000 1650410542109 1005803.2500 -0.1969
-24.9131 78.8066 -39.6575 0.0000 1650410542138 1005832.2500 -0.1969
-25.1673 79.0608 -39.4033 0.0000 1650410542166 1005861.2500 -0.1969
-25.1673 79.0608 -39.4033 0.0000 1650410542195 1005890.2500 -0.1969
-24.9131 78.8066 -39.6575 0.0000 1650410542224 1005919.2500 -0.1967
-24.9131 78.8066 -39.6575 0.0000 1650410542253 1005948.2500 -0.1965
-24.9131 78.8066 -39.6575 0.0000 1650410542282 1005977.2500 -0.1965
-24.9131 78.8066 -39.6575 0.0000 1650410542311 1006006.2500 -0.1965
-24.9131 78.8066 -39.6575 0.0000 1650410542340 1006034.7500 -0.1965
-24.9131 78.8066 -39.6575 0.0000 1650410542369 1006063.2500 -0.1965
-25.1673 79.0608 -39.4033 0.0000 1650410542398 1006093.0000 -0.1965
-24.9131 78.8066 -39.6575 0.0000 1650410542427 1006122.0000 -0.1965
-24.9131 78.8066 -39.6575 0.0000 1650410542456 1006151.0000 -0.1965
-25.1673 78.5524 -39.4033 0.0000 1650410542485 1006179.7500 -0.1965
-24.9131 78.8066 -39.6575 0.0000 1650410542514 1006208.7500 -0.1965
-24.9131 78.8066 -39.6575 0.0000 1650410542543 1006237.7500 -0.1968
-24.9131 78.8066 -39.6575 0.0000 1650410542572 1006266.7500 -0.1969
-24.9131 78.8066 -39.6575 0.0000 1650410542601 1006296.2500 -0.1974
-24.9131 78.8066 -39.6575 0.0000 1650410542630 1006324.7500 -0.1974
-24.9131 78.8066 -39.6575 0.0000 1650410542659 1006353.7500 -0.1974
-24.9131 78.8066 -39.6575 0.0000 1650410542688 1006384.0000 -0.1974
-25.1673 79.0608 -39.4033 0.0000 1650410542717 1006411.7500 -0.1974
-25.1673 79.0608 -39.4033 0.0000 1650410542745 1006440.7500 -0.1974
-24.9131 78.8066 -39.6575 0.0000 1650410542775 1006469.7500 -0.1978
-24.9131 78.8066 -39.6575 0.0000 1650410542803 1006498.7500 -0.1979
-24.9131 79.3150 -39.6575 0.0000 1650410542833 1006527.5000 -0.1977
-25.4215 78.8066 -39.1491 0.0000 1650410542861 1006556.5000 -0.1974
-24.9131 78.8066 -39.6575 0.0000 1650410542891 1006585.2500 -0.1977
-25.1673 79.0608 -39.4033 0.0000 1650410542920 1006614.2500 -0.1979
-25.1673 79.0608 -39.4033 0.0000 1650410542949 1006643.2500 -0.1979
-24.9131 78.8066 -39.6575 0.0000 1650410542978 1006672.2500 -0.1979
-24.9131 78.8066 -39.6575 0.0000 1650410543006 1006701.2500 -0.1977
-24.9131 78.8066 -39.6575 0.0000 1650410543036 1006730.2500 -0.1974
-25.1673 79.0608 -39.4033 0.0000 1650410543064 1006759.2500 -0.1974
-24.9131 78.8066 -39.6575 0.0000 1650410543093 1006788.2500 -0.1974
-25.1673 79.0608 -39.4033 0.0000 1650410543122 1006816.5000 -0.1974
-24.9131 78.8066 -39.6575 0.0000 1650410543151 1006846.2500 -0.1969
-25.9299 79.8235 -38.1322 0.0000 1650410543180 1006875.2500 -0.1969
-25.9299 79.3150 -37.6238 0.0000 1650410543209 1006904.2500 -0.1969
-24.9131 79.8235 -37.1154 0.0000 1650410543238 1006933.2500 -0.1969
-24.4046 79.8235 -36.6069 0.0000 1650410543268 1006962.2500 -0.1974
-25.1673 78.5524 -35.8443 0.0000 1650410543297 1006991.2500 -0.1974
-24.4046 79.3150 -35.0817 0.0000 1650410543325 1007020.2500 -0.1974
-24.4046 78.8066 -34.5732 0.0000 1650410543355 1007049.7500 -0.1974
-24.1504 79.5693 -34.3190 0.0000 1650410543383 1007077.7500 -0.1974
-24.4046 79.8235 -33.5564 0.0000 1650410543412 1007107.2500 -0.1974
-24.1504 79.5693 -32.7937 0.0000 1650410543441 1007136.2500 -0.1974
-24.6588 80.0777 -32.2853 0.0000 1650410543470 1007165.2500 -0.1974
-23.8962 79.8235 -31.5226 0.0000 1650410543499 1007194.0000 -0.1979
-23.6420 80.0777 -31.7769 0.0000 1650410543528 1007223.0000 -0.1979
-23.6420 80.5861 -32.2853 0.0000 1650410543557 1007252.0000 -0.1979
-23.6420 81.0946 -32.2853 0.0000 1650410543586 1007280.7500 -0.1979
-23.6420 81.0946 -32.2853 0.0000 1650410543615 1007309.7500 -0.1979
-23.3878 80.8403 -32.5395 0.0000 1650410543644 1007338.7500 -0.1979
-23.3878 80.8403 -32.0311 0.0000 1650410543673 1007367.7500 -0.1979
-23.8962 80.8403 -32.5395 0.0000 1650410543702 1007396.7500 -0.1979
-23.6420 80.5861 -31.7769 0.0000 1650410543731 1007425.7500 -0.1979
-23.6420 80.5861 -32.2853 0.0000 1650410543760 1007454.7500 -0.1979
-23.6420 80.5861 -32.2853 0.0000 1650410543789 1007483.7500 -0.1977
-23.6420 80.5861 -32.2853 0.0000 1650410543818 1007512.7500 -0.1974
-23.8962 80.8403 -32.0311 0.0000 1650410543847 1007541.7500 -0.1974
-23.3878 80.8403 -32.0311 0.0000 1650410543876 1007572.0000 -0.1974
-23.6420 80.5861 -32.2853 0.0000 1650410543904 1007601.0000 -0.1972
-23.3878 80.8403 -32.5395 0.0000 1650410543934 1007628.5000 -0.1969
-23.6420 80.5861 -32.2853 0.0000 1650410543962 1007657.5000 -0.1969
-23.8962 80.3319 -32.0311 0.0000 1650410543991 1007686.5000 -0.1969
-24.1504 80.5861 -31.7769 0.0000 1650410544021 1007715.2500 -0.1969
-23.1336 80.5861 -31.7769 0.0000 1650410544050 1007744.2500 -0.1969
-23.3878 80.8403 -32.5395 0.0000 1650410544079 1007773.2500 -0.1969
-23.6420 81.0946 -31.7769 0.0000 1650410544108 1007802.2500 -0.1969
-23.6420 80.5861 -32.2853 0.0000 1650410544137 1007830.7500 -0.1969
-23.6420 80.5861 -32.2853 0.0000 1650410544166 1007860.0000 -0.1974
-23.3878 80.3319 -32.0311 0.0000 1650410544195 1007889.2500 -0.1974
-24.1504 81.0946 -31.7769 0.0000 1650410544223 1007919.2500 -0.1974
-23.6420 80.5861 -32.2853 0.0000 1650410544252 1007947.2500 -0.1974
-23.1336 80.5861 -32.2853 0.0000 1650410544281 1007976.2500 -0.1974
-23.8962 80.3319 -32.0311 0.0000 1650410544310 1008005.2500 -0.1974
-24.1504 81.0946 -32.2853 0.0000 1650410544339 1008034.2500 -0.1977
-23.6420 80.5861 -32.2853 0.0000 1650410544368 1008063.2500 -0.1979
-23.3878 80.8403 -32.0311 0.0000 1650410544398 1008092.2500 -0.1979
-23.8962 80.8403 -32.5395 0.0000 1650410544427 1008121.2500 -0.1979
-23.3878 80.8403 -32.5395 0.0000 1650410544456 1008150.2500 -0.1979
-24.1504 81.0946 -32.7937 0.0000 1650410544484 1008179.2500 -0.1979
-23.8962 81.3488 -32.5395 0.0000 1650410544514 1008208.2500 -0.1979
-23.6420 80.5861 -32.2853 0.0000 1650410544542 1008237.2500 -0.1979
-23.8962 80.8403 -32.5395 0.0000 1650410544571 1008266.2500 -0.1979
-23.8962 81.3488 -33.0479 0.0000 1650410544600 1008295.0000 -0.1979
-23.6420 80.5861 -32.2853 0.0000 1650410544629 1008324.0000 -0.1977
-23.3878 80.8403 -32.0311 0.0000 1650410544658 1008352.0000 -0.1974
-23.6420 81.0946 -32.2853 0.0000 1650410544687 1008381.7500 -0.1974
-23.3878 80.8403 -32.5395 0.0000 1650410544716 1008410.7500 -0.1974
-23.8962 80.8403 -32.0311 0.0000 1650410544745 1008439.7500 -0.1972
-23.6420 80.5861 -32.2853 0.0000 1650410544774 1008468.7500 -0.1969
-23.6420 80.5861 -32.2853 0.0000 1650410544803 1008497.7500 -0.1969
-23.3878 80.8403 -32.5395 0.0000 1650410544833 1008526.7500 -0.1969
-23.6420 80.5861 -32.2853 0.0000 1650410544861 1008555.7500 -0.1967
-23.8962 80.3319 -32.0311 0.0000 1650410544890 1008584.2500 -0.1965
-24.6588 79.0608 -31.7769 0.0000 1650410544919 1008616.5000 -0.1965
-23.8962 79.3150 -34.0648 0.0000 1650410544948 1008642.7500 -0.1965
-23.1336 80.0777 -33.8106 0.0000 1650410544977 1008671.2500 -0.1965
-23.1336 80.5861 -35.8443 0.0000 1650410545006 1008700.2500 -0.1965
-24.4046 79.3150 -36.0985 0.0000 1650410545035 1008729.5000 -0.1965
-24.4046 79.3150 -36.0985 0.0000 1650410545063 1008758.5000 -0.1968
-23.8962 80.3319 -37.1154 0.0000 1650410545093 1008787.5000 -0.1969
-24.6588 79.5693 -38.3864 0.0000 1650410545121 1008816.2500 -0.1969
-23.8962 79.3150 -37.6238 0.0000 1650410545150 1008845.2500 -0.1969
-24.1504 80.0777 -38.8949 0.0000 1650410545180 1008874.2500 -0.1973
-24.1504 79.5693 -39.4033 0.0000 1650410545209 1008903.2500 -0.1974
-24.4046 79.8235 -40.6744 0.0000 1650410545238 1008932.2500 -0.1974
-24.9131 78.8066 -41.1828 0.0000 1650410545267 1008961.2500 -0.1974
-23.8962 79.3150 -41.1828 0.0000 1650410545296 1008990.2500 -0.1974
-21.6083 77.0271 -44.4876 0.0000 1650410545325 1009019.2500 -0.1974
-23.8962 79.3150 -42.7081 0.0000 1650410545354 1009048.2500 -0.1974
-20.8456 75.7560 -47.7924 0.0000 1650410545382 1009077.2500 -0.1974
-23.8962 79.8235 -44.2334 0.0000 1650410545412 1009106.0000 -0.1974
-13.2192 68.1296 -55.9273 0.0000 1650410545440 1009134.5000 -0.1974
-24.1504 79.0608 -45.5045 0.0000 1650410545469 1009164.2500 -0.1972
-25.1673 78.5524 -46.5213 0.0000 1650410545498 1009193.2500 -0.1969
-24.4046 79.3150 -46.2671 0.0000 1650410545527 1009222.2500 -0.1969
-23.8962 79.3150 -47.2840 0.0000 1650410545556 1009251.2500 -0.1969
-24.4046 79.3150 -47.2840 0.0000 1650410545586 1009280.2500 -0.1967
-25.4215 78.2982 -48.8093 0.0000 1650410545615 1009309.2500 -0.1965
-24.1504 79.5693 -48.5550 0.0000 1650410545644 1009338.2500 -0.1965
-19.8288 74.7392 -53.8936 0.0000 1650410545673 1009368.2500 -0.1965
-17.7950 70.6717 -57.9610 0.0000 1650410545701 1009396.0000 -0.1962
-24.1504 79.5693 -50.0803 0.0000 1650410545730 1009425.0000 -0.1960
-24.1504 78.5524 -50.5888 0.0000 1650410545759 1009453.2500 -0.1960
-24.6588 79.0608 -51.0972 0.0000 1650410545788 1009483.0000 -0.1960
-24.9131 78.8066 -51.3514 0.0000 1650410545817 1009511.7500 -0.1960
-25.1673 79.0608 -53.1309 0.0000 1650410545846 1009540.7500 -0.1963
-24.1504 79.0608 -52.6225 0.0000 1650410545875 1009569.7500 -0.1965
-24.4046 78.8066 -52.8767 0.0000 1650410545904 1009598.7500 -0.1965
-23.8962 78.8066 -52.8767 0.0000 1650410545933 1009627.7500 -0.1965
-25.1673 78.5524 -54.1478 0.0000 1650410545962 1009656.7500 -0.1968
-22.6251 77.0271 -55.1646 0.0000 1650410545992 1009685.7500 -0.1967
-21.6083 76.0103 -56.6899 0.0000 1650410546020 1009714.7500 -0.1965
-15.7613 70.1633 -62.0284 0.0000 1650410546049 1009743.7500 -0.1965
-22.3709 77.2813 -55.4188 0.0000 1650410546078 1009772.7500 -0.1968
-20.8456 75.7560 -57.9610 0.0000 1650410546107 1009801.7500 -0.1969
-24.4046 78.8066 -54.4020 0.0000 1650410546136 1009830.7500 -0.1969
-24.6588 79.0608 -54.6562 0.0000 1650410546165 1009859.5000 -0.1969
-24.4046 79.3150 -54.4020 0.0000 1650410546194 1009889.5000 -0.1969
-24.4046 78.8066 -54.4020 0.0000 1650410546223 1009917.0000 -0.1969
-24.1504 79.0608 -54.1478 0.0000 1650410546252 1009946.2500 -0.1969
-24.1504 79.0608 -54.1478 0.0000 1650410546280 1009975.2500 -0.1969
-22.3709 76.2645 -56.4357 0.0000 1650410546310 1010004.2500 -0.1969
-22.3709 77.2813 -55.9273 0.0000 1650410546339 1010033.2500 -0.1969
-22.3709 77.2813 -56.4357 0.0000 1650410546368 1010062.2500 -0.1967
-22.8793 76.7729 -54.9104 0.0000 1650410546397 1010091.2500 -0.1965
-20.5914 73.9765 -57.7068 0.0000 1650410546426 1010120.2500 -0.1965
-24.4046 78.2982 -52.8767 0.0000 1650410546455 1010150.0000 -0.1965
-21.8625 76.2645 -54.9104 0.0000 1650410546484 1010178.2500 -0.1965
-21.6083 76.5187 -54.6562 0.0000 1650410546513 1010207.2500 -0.1965
-20.5914 74.4850 -56.1815 0.0000 1650410546541 1010236.0000 -0.1965
-18.3035 72.1970 -57.9610 0.0000 1650410546571 1010265.2500 -0.1965
-24.4046 78.8066 -50.8430 0.0000 1650410546599 1010294.2500 -0.1965
-14.7445 68.6380 -60.5031 0.0000 1650410546628 1010323.2500 -0.1965
-21.3541 76.7729 -52.3683 0.0000 1650410546657 1010352.2500 -0.1965
-23.3878 79.8235 -50.8430 0.0000 1650410546687 1010381.2500 -0.1965
-24.1504 79.0608 -49.0635 0.0000 1650410546715 1010410.2500 -0.1965
-24.1504 79.0608 -49.0635 0.0000 1650410546745 1010439.2500 -0.1965
-24.4046 78.8066 -48.8093 0.0000 1650410546774 1010468.2500 -0.1967
-24.1504 78.5524 -47.5382 0.0000 1650410546803 1010497.2500 -0.1969
-24.1504 79.0608 -47.0298 0.0000 1650410546832 1010526.0000 -0.1969
-23.3878 79.3150 -46.7755 0.0000 1650410546860 1010555.0000 -0.1973
-24.6588 78.5524 -46.5213 0.0000 1650410546890 1010584.0000 -0.1974
-24.1504 79.0608 -44.9960 0.0000 1650410546918 1010613.0000 -0.1974
-24.1504 79.5693 -45.5045 0.0000 1650410546947 1010641.7500 -0.1974
-24.1504 79.0608 -43.9792 0.0000 1650410546976 1010670.2500 -0.1978
-23.8962 78.8066 -43.7250 0.0000 1650410547005 1010699.7500 -0.1979
-23.3878 79.8235 -43.2165 0.0000 1650410547034 1010728.7500 -0.1979
-24.1504 79.0608 -41.9455 0.0000 1650410547063 1010757.7500 -0.1979
-24.1504 79.5693 -41.9455 0.0000 1650410547092 1010786.7500 -0.1979
-24.1504 79.0608 -40.4202 0.0000 1650410547121 1010815.7500 -0.1979
-24.6588 79.0608 -40.4202 0.0000 1650410547151 1010844.7500 -0.1979
-24.1504 80.0777 -39.9117 0.0000 1650410547179 1010873.7500 -0.1979
-23.8962 79.3150 -38.6407 0.0000 1650410547208 1010902.5000 -0.1979
-24.1504 79.0608 -38.3864 0.0000 1650410547237 1010933.0000 -0.1979
-23.8962 80.3319 -38.1322 0.0000 1650410547266 1010960.5000 -0.1977
-24.4046 80.3319 -37.1154 0.0000 1650410547295 1010990.7500 -0.1974
-23.8962 79.3150 -36.0985 0.0000 1650410547324 1011018.5000 -0.1974
-24.1504 80.0777 -35.3359 0.0000 1650410547353 1011047.2500 -0.1974
-23.8962 79.8235 -34.5732 0.0000 1650410547382 1011076.2500 -0.1972
-24.4046 79.3150 -34.0648 0.0000 1650410547411 1011105.2500 -0.1969
-24.4046 79.8235 -33.5564 0.0000 1650410547439 1011134.2500 -0.1969
-23.8962 80.3319 -34.0648 0.0000 1650410547469 1011163.2500 -0.1974
-23.8962 79.3150 -32.0311 0.0000 1650410547498 1011192.2500 -0.1972
-24.1504 80.0777 -31.7769 0.0000 1650410547527 1011221.2500 -0.1969
-22.8793 80.3319 -32.0311 0.0000 1650410547556 1011250.2500 -0.1969
-22.8793 79.8235 -32.0311 0.0000 1650410547585 1011279.2500 -0.1974
-23.6420 81.0946 -31.7769 0.0000 1650410547614 1011308.2500 -0.1974
-23.6420 80.5861 -32.2853 0.0000 1650410547643 1011337.2500 -0.1974
-23.3878 80.8403 -32.0311 0.0000 1650410547672 1011366.2500 -0.1974
-23.6420 80.5861 -32.2853 0.0000 1650410547701 1011395.2500 -0.1979
-23.1336 80.5861 -31.7769 0.0000 1650410547730 1011423.5000 -0.1979
-23.6420 80.5861 -32.2853 0.0000 1650410547758 1011454.2500 -0.1979
-23.3878 81.3488 -32.0311 0.0000 1650410547787 1011482.2500 -0.1979
-24.1504 81.0946 -32.2853 0.0000 1650410547816 1011511.2500 -0.1979
-24.1504 81.6030 -33.3022 0.0000 1650410547845 1011540.2500 -0.1979
-24.1504 81.6030 -32.2853 0.0000 1650410547874 1011569.2500 -0.1979
-23.3878 81.3488 -32.0311 0.0000 1650410547904 1011598.2500 -0.1979
-23.6420 80.5861 -32.2853 0.0000 1650410547933 1011627.2500 -0.1979
-23.8962 81.3488 -32.5395 0.0000 1650410547962 1011656.0000 -0.1979
-23.6420 81.0946 -31.7769 0.0000 1650410547991 1011684.5000 -0.1976
-23.6420 80.5861 -32.2853 0.0000 1650410548019 1011714.0000 -0.1974
-23.8962 81.3488 -32.0311 0.0000 1650410548049 1011742.7500 -0.1974
-24.4046 80.8403 -32.5395 0.0000 1650410548077 1011773.0000 -0.1974
-23.6420 80.5861 -32.2853 0.0000 1650410548106 1011800.7500 -0.1974
-23.6420 81.0946 -31.7769 0.0000 1650410548135 1011829.7500 -0.1974
-23.6420 80.5861 -32.2853 0.0000 1650410548164 1011858.7500 -0.1972
-23.3878 80.8403 -32.0311 0.0000 1650410548193 1011887.7500 -0.1969
-23.3878 80.8403 -32.5395 0.0000 1650410548222 1011916.7500 -0.1969
-23.6420 80.5861 -32.2853 0.0000 1650410548251 1011945.7500 -0.1969
-23.6420 81.0946 -31.7769 0.0000 1650410548280 1011974.7500 -0.1967
-23.6420 80.5861 -32.2853 0.0000 1650410548310 1012003.7500 -0.1965
-23.6420 80.5861 -32.2853 0.0000 1650410548338 1012032.7500 -0.1965
-23.3878 80.8403 -32.0311 0.0000 1650410548367 1012061.7500 -0.1965
-23.8962 80.8403 -33.0479 0.0000 1650410548396 1012090.5000 -0.1965
-23.6420 80.5861 -32.2853 0.0000 1650410548425 1012119.5000 -0.1965
-23.3878 80.8403 -32.0311 0.0000 1650410548454 1012148.5000 -0.1965
-23.3878 80.8403 -32.5395 0.0000 1650410548483 1012177.2500 -0.1969
-24.1504 80.5861 -32.2853 0.0000 1650410548512 1012205.5000 -0.1969
-23.6420 80.5861 -32.2853 0.0000 1650410548541 1012235.2500 -0.1972
-23.6420 81.0946 -32.2853 0.0000 1650410548570 1012264.2500 -0.1974
-23.3878 80.8403 -32.5395 0.0000 1650410548598 1012293.2500 -0.1974
-23.3878 80.8403 -32.0311 0.0000 1650410548628 1012323.7500 -0.1974
-23.8962 80.8403 -32.0311 0.0000 1650410548657 1012351.0000 -0.1974
-23.3878 80.3319 -32.0311 0.0000 1650410548686 1012380.2500 -0.1974
-24.1504 81.0946 -32.7937 0.0000 1650410548715 1012409.2500 -0.1974
-23.6420 80.5861 -32.2853 0.0000 1650410548744 1012438.0000 -0.1974
-23.3878 80.8403 -32.0311 0.0000 1650410548773 1012466.7500 -0.1974
-23.6420 80.5861 -32.2853 0.0000 1650410548802 1012496.2500 -0.1974
-23.3878 80.8403 -31.5226 0.0000 1650410548831 1012525.0000 -0.1974
-23.1336 81.0946 -32.2853 0.0000 1650410548860 1012554.2500 -0.1974
-23.3878 80.8403 -32.5395 0.0000 1650410548889 1012583.2500 -0.1972
-23.8962 80.3319 -32.0311 0.0000 1650410548917 1012612.2500 -0.1969
-24.4046 79.3150 -33.0479 0.0000 1650410548947 1012641.2500 -0.1969
-24.1504 79.5693 -34.3190 0.0000 1650410548975 1012670.2500 -0.1969
-23.6420 80.0777 -34.3190 0.0000 1650410549004 1012699.2500 -0.1969
-23.6420 80.0777 -35.8443 0.0000 1650410549033 1012728.2500 -0.1969
-24.4046 79.3150 -36.0985 0.0000 1650410549063 1012757.0000 -0.1967
-23.8962 79.8235 -36.0985 0.0000 1650410549092 1012786.0000 -0.1965
-23.8962 80.3319 -37.1154 0.0000 1650410549121 1012815.0000 -0.1965
-23.8962 79.8235 -37.6238 0.0000 1650410549150 1012843.7500 -0.1969
-23.8962 80.3319 -38.1322 0.0000 1650410549179 1012872.7500 -0.1967
-24.9131 79.3150 -39.6575 0.0000 1650410549208 1012901.7500 -0.1965
-23.8962 79.3150 -39.1491 0.0000 1650410549236 1012930.7500 -0.1965
-23.6420 79.5693 -40.4202 0.0000 1650410549265 1012961.0000 -0.1969
-25.1673 79.0608 -39.9117 0.0000 1650410549294 1012990.0000 -0.1969
-23.8962 79.8235 -41.6912 0.0000 1650410549323 1013017.7500 -0.1969
-24.1504 79.5693 -42.4539 0.0000 1650410549352 1013046.7500 -0.1969
-24.1504 79.5693 -42.4539 0.0000 1650410549381 1013075.7500 -0.1974
-23.8962 79.8235 -43.7250 0.0000 1650410549410 1013104.7500 -0.1974
-24.4046 79.3150 -44.2334 0.0000 1650410549439 1013133.7500 -0.1974
-24.9131 79.3150 -44.7418 0.0000 1650410549469 1013162.7500 -0.1974
-25.4215 80.3319 -46.7755 0.0000 1650410549497 1013191.5000 -0.1974
-24.1504 79.5693 -45.5045 0.0000 1650410549527 1013223.2500 -0.1974
-24.1504 80.0777 -47.0298 0.0000 1650410549555 1013248.7500 -0.1974
-23.6420 79.5693 -47.0298 0.0000 1650410549584 1013278.2500 -0.1974
-22.8793 77.2813 -49.8261 0.0000 1650410549613 1013307.0000 -0.1974
-24.6588 79.0608 -48.0466 0.0000 1650410549642 1013336.2500 -0.1974
-24.4046 79.3150 -48.8093 0.0000 1650410549671 1013365.2500 -0.1974
-23.8962 79.3150 -48.8093 0.0000 1650410549700 1013394.2500 -0.1974
-12.7107 67.1127 -61.5200 0.0000 1650410549729 1013423.2500 -0.1974
-24.4046 79.8235 -50.3345 0.0000 1650410549758 1013452.2500 -0.1974
-21.3541 76.2645 -53.3851 0.0000 1650410549787 1013481.2500 -0.1972
-21.0998 76.0103 -54.6562 0.0000 1650410549815 1013510.2500 -0.1969
-25.6757 78.0440 -52.1141 0.0000 1650410549845 1013539.2500 -0.1969
-24.6588 79.0608 -53.1309 0.0000 1650410549874 1013568.2500 -0.1969
-24.6588 78.5524 -52.6225 0.0000 1650410549903 1013597.2500 -0.1969
-24.1504 79.0608 -52.6225 0.0000 1650410549932 1013626.2500 -0.1969
-22.1167 76.5187 -54.6562 0.0000 1650410549961 1013655.2500 -0.1967
-25.4215 78.2982 -53.8936 0.0000 1650410549990 1013684.2500 -0.1965
-24.6588 79.0608 -53.1309 0.0000 1650410550019 1013713.2500 -0.1965
-24.6588 78.5524 -53.6393 0.0000 1650410550048 1013744.7500 -0.1965
-24.1504 79.0608 -54.1478 0.0000 1650410550076 1013771.0000 -0.1967
-24.1504 79.0608 -54.1478 0.0000 1650410550106 1013800.2500 -0.1969
-24.6588 79.5693 -54.1478 0.0000 1650410550134 1013829.2500 -0.1969
-24.4046 79.3150 -54.4020 0.0000 1650410550163 1013858.0000 -0.1969
-24.4046 79.3150 -54.4020 0.0000 1650410550193 1013887.0000 -0.1972
-24.6588 78.5524 -54.1478 0.0000 1650410550222 1013916.0000 -0.1974
-24.4046 79.3150 -54.4020 0.0000 1650410550251 1013945.0000 -0.1974
-24.1504 79.0608 -54.1478 0.0000 1650410550280 1013973.2500 -0.1974
-24.6588 78.5524 -54.1478 0.0000 1650410550309 1014002.2500 -0.1974
-22.1167 76.5187 -56.1815 0.0000 1650410550338 1014031.7500 -0.1974
-19.3203 74.2307 -58.9779 0.0000 1650410550367 1014060.2500 -0.1974
-21.6083 75.5018 -57.1984 0.0000 1650410550395 1014089.5000 -0.1974
-18.8119 72.7055 -58.9779 0.0000 1650410550425 1014118.7500 -0.1974
-16.0155 69.4007 -62.2826 0.0000 1650410550453 1014147.7500 -0.1974
-24.4046 78.2982 -52.8767 0.0000 1650410550482 1014176.7500 -0.1974
-20.3372 74.7392 -56.4357 0.0000 1650410550511 1014205.7500 -0.1974
-22.1167 77.0271 -53.6393 0.0000 1650410550540 1014234.7500 -0.1974
-21.3541 75.2476 -55.9273 0.0000 1650410550569 1014263.7500 -0.1974
-24.6588 78.5524 -51.6056 0.0000 1650410550598 1014292.7500 -0.1974
-24.4046 78.8066 -50.8430 0.0000 1650410550628 1014321.5000 -0.1974
-24.6588 79.0608 -50.0803 0.0000 1650410550656 1014350.5000 -0.1974
-23.8962 79.3150 -50.3345 0.0000 1650410550686 1014379.2500 -0.1972
-23.1336 80.0777 -50.5888 0.0000 1650410550714 1014408.2500 -0.1969
-24.1504 78.5524 -49.5719 0.0000 1650410550743 1014437.2500 -0.1969
-23.8962 78.8066 -48.8093 0.0000 1650410550772 1014466.2500 -0.1969
-23.3878 79.8235 -48.8093 0.0000 1650410550801 1014495.0000 -0.1969
-24.1504 78.5524 -47.5382 0.0000 1650410550830 1014525.5000 -0.1969
-24.4046 79.3150 -47.2840 0.0000 1650410550859 1014553.2500 -0.1969
-23.6420 79.5693 -47.0298 0.0000 1650410550888 1014582.2500 -0.1969
-23.6420 79.0608 -45.5045 0.0000 1650410550917 1014611.2500 -0.1969
-24.4046 78.8066 -45.2503 0.0000 1650410550946 1014640.2500 -0.1969
-23.6420 79.5693 -44.4876 0.0000 1650410550974 1014669.2500 -0.1972
-24.4046 78.8066 -44.2334 0.0000 1650410551004 1014698.2500 -0.1974
-23.8962 79.3150 -43.2165 0.0000 1650410551033 1014727.2500 -0.1974
-24.1504 79.0608 -42.4539 0.0000 1650410551062 1014759.0000 -0.1974
-24.1504 79.0608 -41.9455 0.0000 1650410551091 1014785.0000 -0.1977
-23.8962 79.3150 -41.1828 0.0000 1650410551120 1014814.2500 -0.1979
-24.1504 79.5693 -40.4202 0.0000 1650410551149 1014844.0000 -0.1979
-24.4046 78.8066 -40.1660 0.0000 1650410551178 1014872.2500 -0.1979
-23.3878 80.8403 -40.6744 0.0000 1650410551207 1014901.2500 -0.1979
-24.4046 79.3150 -38.6407 0.0000 1650410551236 1014930.2500 -0.1979
-24.1504 80.0777 -37.8780 0.0000 1650410551265 1014959.2500 -0.1979
-24.4046 79.3150 -37.1154 0.0000 1650410551293 1014988.0000 -0.1983
-24.1504 79.0608 -36.8612 0.0000 1650410551322 1015017.0000 -0.1984
-23.1336 80.5861 -37.3696 0.0000 1650410551351 1015046.0000 -0.1984
-23.8962 79.3150 -35.0817 0.0000 1650410551380 1015074.7500 -0.1984
-24.1504 79.5693 -34.8274 0.0000 1650410551410 1015103.7500 -0.1980
-24.1504 79.5693 -33.8106 0.0000 1650410551439 1015132.7500 -0.1979
-25.1673 79.5693 -33.8106 0.0000 1650410551468 1015161.7500 -0.1979
-23.8962 80.3319 -33.0479 0.0000 1650410551497 1015190.7500 -0.1979
-24.4046 79.8235 -32.0311 0.0000 1650410551526 1015219.7500 -0.1979
-24.4046 79.8235 -31.5226 0.0000 1650410551554 1015248.7500 -0.1979
-23.1336 80.0777 -31.7769 0.0000 1650410551584 1015278.5000 -0.1977
-23.3878 80.8403 -32.5395 0.0000 1650410551612 1015306.5000 -0.1974
-23.6420 80.5861 -32.2853 0.0000 1650410551641 1015335.7500 -0.1974
-23.6420 80.5861 -31.7769 0.0000 1650410551670 1015364.7500 -0.1974
-23.3878 80.8403 -32.0311 0.0000 1650410551699 1015393.7500 -0.1974
-23.6420 81.6030 -32.7937 0.0000 1650410551728 1015422.7500 -0.1974
-23.6420 81.0946 -32.7937 0.0000 1650410551758 1015451.5000 -0.1974
-23.8962 80.3319 -31.5226 0.0000 1650410551786 1015480.5000 -0.1974
-23.3878 80.8403 -32.0311 0.0000 1650410551816 1015510.7500 -0.1974
-23.8962 80.8403 -32.0311 0.0000 1650410551845 1015537.5000 -0.1978
-23.6420 80.5861 -32.2853 0.0000 1650410551873 1015567.2500 -0.1979
-23.3878 81.3488 -32.5395 0.0000 1650410551902 1015597.7500 -0.1979
-23.1336 81.0946 -32.2853 0.0000 1650410551931 1015625.0000 -0.1979
-23.6420 80.5861 -31.7769 0.0000 1650410551960 1015654.2500 -0.1979
-23.3878 80.8403 -32.0311 0.0000 1650410551989 1015683.2500 -0.1979
-23.3878 80.3319 -32.5395 0.0000 1650410552018 1015712.2500 -0.1979
-23.6420 80.5861 -31.7769 0.0000 1650410552047 1015741.2500 -0.1979
-23.3878 80.3319 -32.0311 0.0000 1650410552076 1015770.2500 -0.1979
-23.3878 81.3488 -32.0311 0.0000 1650410552105 1015799.2500 -0.1979
-23.6420 81.0946 -31.7769 0.0000 1650410552133 1015828.2500 -0.1982
-23.6420 80.5861 -32.2853 0.0000 1650410552164 1015857.2500 -0.1984
-23.6420 80.5861 -32.2853 0.0000 1650410552192 1015886.2500 -0.1984
-23.3878 80.8403 -32.0311 0.0000 1650410552221 1015915.2500 -0.1984
-23.3878 80.8403 -32.0311 0.0000 1650410552250 1015944.2500 -0.1984
-23.8962 80.8403 -32.0311 0.0000 1650410552279 1015973.2500 -0.1984
-23.8962 80.8403 -31.5226 0.0000 1650410552308 1016002.2500 -0.1984
-23.3878 80.8403 -32.0311 0.0000 1650410552337 1016031.2500 -0.1984
-23.1336 81.0946 -32.2853 0.0000 1650410552366 1016060.7500 -0.1984
-23.6420 80.5861 -32.2853 0.0000 1650410552395 1016089.0000 -0.1984
-23.3878 80.8403 -32.0311 0.0000 1650410552424 1016118.0000 -0.1982
-23.3878 80.8403 -32.0311 0.0000 1650410552452 1016147.0000 -0.1979
-23.3878 80.8403 -32.0311 0.0000 1650410552481 1016176.0000 -0.1979
-23.3878 80.8403 -32.5395 0.0000 1650410552510 1016204.7500 -0.1979
-23.6420 80.5861 -32.2853 0.0000 1650410552540 1016233.7500 -0.1979
-23.8962 81.3488 -32.5395 0.0000 1650410552569 1016262.7500 -0.1979
-23.3878 80.8403 -32.5395 0.0000 1650410552598 1016291.5000 -0.1979
-23.6420 80.5861 -31.7769 0.0000 1650410552627 1016322.0000 -0.1979
-23.3878 80.3319 -32.0311 0.0000 1650410552656 1016349.7500 -0.1979
-23.3878 80.8403 -32.5395 0.0000 1650410552685 1016378.0000 -0.1979
-22.8793 80.8403 -32.0311 0.0000 1650410552713 1016407.7500 -0.1979
-23.1336 81.0946 -32.2853 0.0000 1650410552743 1016436.7500 -0.1983
-23.6420 80.5861 -32.2853 0.0000 1650410552771 1016465.7500 -0.1984
-23.3878 80.8403 -32.0311 0.0000 1650410552800 1016494.7500 -0.1984
-23.3878 80.8403 -32.0311 0.0000 1650410552829 1016523.7500 -0.1984
-23.6420 80.5861 -32.2853 0.0000 1650410552858 1016552.5000 -0.1984
-23.6420 80.5861 -31.7769 0.0000 1650410552887 1016581.5000 -0.1984
-23.8962 80.3319 -32.0311 0.0000 1650410552916 1016610.2500 -0.1984
-24.1504 80.5861 -31.7769 0.0000 1650410552945 1016639.2500 -0.1984
-24.9131 78.8066 -32.5395 0.0000 1650410552975 1016668.2500 -0.1984
-23.8962 79.3150 -34.5732 0.0000 1650410553004 1016697.2500 -0.1984
-23.6420 80.0777 -34.3190 0.0000 1650410553032 1016726.2500 -0.1984
-24.1504 79.5693 -35.3359 0.0000 1650410553062 1016755.2500 -0.1984
-24.4046 79.3150 -36.0985 0.0000 1650410553090 1016784.2500 -0.1984
-24.4046 79.3150 -36.0985 0.0000 1650410553119 1016814.5000 -0.1984
-24.6588 79.5693 -37.8780 0.0000 1650410553148 1016841.5000 -0.1984
-24.1504 79.5693 -37.3696 0.0000 1650410553177 1016871.2500 -0.1984
-24.6588 79.0608 -38.3864 0.0000 1650410553206 1016900.2500 -0.1982
-24.4046 78.8066 -39.6575 0.0000 1650410553235 1016929.2500 -0.1979
-23.8962 79.3150 -39.6575 0.0000 1650410553264 1016958.2500 -0.1979
-23.8962 79.8235 -40.6744 0.0000 1650410553293 1016987.2500 -0.1979
-23.8962 79.3150 -40.6744 0.0000 1650410553322 1017016.2500 -0.1979
-20.0830 76.5187 -45.5045 0.0000 1650410553351 1017045.2500 -0.1979
-24.1504 79.5693 -42.4539 0.0000 1650410553380 1017073.7500 -0.1979
-18.0493 72.9597 -49.0635 0.0000 1650410553409 1017103.2500 -0.1979
-24.1504 79.5693 -44.4876 0.0000 1650410553438 1017133.7500 -0.1979
-24.1504 79.5693 -44.4876 0.0000 1650410553467 1017160.5000 -0.1979
-24.4046 79.3150 -44.7418 0.0000 1650410553496 1017190.0000 -0.1979
-24.4046 79.3150 -45.7587 0.0000 1650410553525 1017219.0000 -0.1979
-19.0661 73.9765 -51.6056 0.0000 1650410553554 1017248.0000 -0.1979
-23.8962 79.8235 -46.7755 0.0000 1650410553583 1017277.0000 -0.1979
-18.3035 74.2307 -52.3683 0.0000 1650410553611 1017305.7500 -0.1979
-21.3541 76.7729 -50.8430 0.0000 1650410553641 1017334.7500 -0.1983
-24.1504 79.0608 -48.0466 0.0000 1650410553669 1017363.7500 -0.1984
-24.1504 79.5693 -48.5550 0.0000 1650410553698 1017392.7500 -0.1984
-22.6251 77.5355 -51.0972 0.0000 1650410553727 1017421.7500 -0.1984
-24.6588 79.0608 -49.5719 0.0000 1650410553757 1017450.7500 -0.1984
-24.1504 79.5693 -50.5888 0.0000 1650410553786 1017479.7500 -0.1984
-24.1504 79.0608 -50.5888 0.0000 1650410553815 1017508.7500 -0.1984
-24.4046 79.3150 -51.3514 0.0000 1650410553844 1017537.7500 -0.1984
-21.8625 74.7392 -55.9273 0.0000 1650410553873 1017566.7500 -0.1984
-24.4046 78.8066 -52.3683 0.0000 1650410553902 1017596.2500 -0.1984
-24.4046 78.8066 -52.8767 0.0000 1650410553930 1017624.7500 -0.1984
-23.8962 78.8066 -52.3683 0.0000 1650410553959 1017653.5000 -0.1984
-23.6420 78.5524 -52.6225 0.0000 1650410553988 1017682.5000 -0.1984
-21.0998 76.5187 -56.1815 0.0000 1650410554017 1017711.5000 -0.1984
-24.6588 79.0608 -53.6393 0.0000 1650410554046 1017740.2500 -0.1984
-28.9805 83.8909 -49.8261 0.0000 1650410554075 1017769.2500 -0.1984
-24.1504 79.0608 -54.1478 0.0000 1650410554104 1017798.2500 -0.1982
-12.7107 67.6212 -65.5874 0.0000 1650410554134 1017827.0000 -0.1979
-24.4046 79.3150 -54.4020 0.0000 1650410554163 1017856.0000 -0.1979
-24.1504 79.0608 -54.1478 0.0000 1650410554191 1017885.2500 -0.1979
-24.4046 78.8066 -53.8936 0.0000 1650410554221 1017914.0000 -0.1979
-29.2347 83.6367 -49.0635 0.0000 1650410554249 1017943.2500 -0.1974
-24.6588 79.0608 -54.1478 0.0000 1650410554278 1017972.2500 -0.1977
-24.6588 79.0608 -54.6562 0.0000 1650410554307 1018001.2500 -0.1979
-24.9131 78.8066 -54.4020 0.0000 1650410554336 1018030.2500 -0.1979
-19.8288 74.2307 -58.4694 0.0000 1650410554365 1018059.2500 -0.1980
-20.8456 75.2476 -57.4526 0.0000 1650410554394 1018088.2500 -0.1979
-16.7782 70.6717 -61.5200 0.0000 1650410554423 1018117.2500 -0.1979
-21.6083 76.0103 -55.6731 0.0000 1650410554452 1018146.2500 -0.1979
-29.7431 83.1283 -48.5550 0.0000 1650410554481 1018175.2500 -0.1983
-17.5408 71.9428 -59.2321 0.0000 1650410554510 1018204.2500 -0.1984
-21.8625 76.2645 -54.9104 0.0000 1650410554540 1018233.2500 -0.1984
-19.3203 74.2307 -56.9441 0.0000 1650410554568 1018262.2500 -0.1984
-22.8793 77.2813 -53.8936 0.0000 1650410554597 1018291.2500 -0.1984
-20.8456 75.2476 -54.9104 0.0000 1650410554626 1018320.2500 -0.1984
-24.1504 78.5524 -50.5888 0.0000 1650410554655 1018348.7500 -0.1984
-24.4046 79.3150 -50.3345 0.0000 1650410554684 1018379.0000 -0.1984
-24.4046 78.8066 -50.8430 0.0000 1650410554713 1018406.7500 -0.1984
-16.2698 71.1802 -57.4526 0.0000 1650410554742 1018435.7500 -0.1984
-24.1504 79.0608 -49.0635 0.0000 1650410554770 1018464.7500 -0.1984
-23.8962 78.8066 -48.8093 0.0000 1650410554800 1018493.7500 -0.1984
-23.8962 78.8066 -47.7924 0.0000 1650410554828 1018522.7500 -0.1982
-24.1504 78.5524 -47.5382 0.0000 1650410554857 1018551.7500 -0.1979
-23.3878 78.8066 -47.2840 0.0000 1650410554887 1018580.7500 -0.1979
-23.1336 80.0777 -47.0298 0.0000 1650410554916 1018612.5000 -0.1979
-23.8962 78.8066 -45.7587 0.0000 1650410554945 1018638.5000 -0.1979
-23.8962 79.3150 -45.2503 0.0000 1650410554974 1018667.7500 -0.1979
-23.8962 80.8403 -44.2334 0.0000 1650410555003 1018696.5000 -0.1979
-24.1504 79.0608 -43.9792 0.0000 1650410555032 1018725.7500 -0.1979
-23.8962 79.3150 -43.2165 0.0000 1650410555061 1018754.5000 -0.1979
-24.4046 79.3150 -42.1997 0.0000 1650410555089 1018783.5000 -0.1979
-24.1504 79.5693 -41.4370 0.0000 1650410555119 1018812.5000 -0.1979
-24.6588 79.0608 -40.9286 0.0000 1650410555147 1018841.2500 -0.1979
-24.1504 79.5693 -40.4202 0.0000 1650410555176 1018870.2500 -0.1979
-24.4046 79.3150 -40.1660 0.0000 1650410555205 1018899.2500 -0.1979
-24.4046 78.8066 -38.6407 0.0000 1650410555234 1018928.2500 -0.1979
-24.1504 79.5693 -38.3864 0.0000 1650410555263 1018957.2500 -0.1983
-24.6588 78.5524 -37.8780 0.0000 1650410555293 1018986.2500 -0.1984
-23.6420 79.5693 -36.8612 0.0000 1650410555322 1019015.2500 -0.1984
-24.1504 79.5693 -36.3527 0.0000 1650410555351 1019044.2500 -0.1984
-23.8962 79.8235 -36.0985 0.0000 1650410555380 1019073.2500 -0.1988
-24.6588 80.0777 -35.3359 0.0000 1650410555408 1019102.2500 -0.1989
-24.4046 79.8235 -34.5732 0.0000 1650410555437 1019130.7500 -0.1989
-24.4046 79.3150 -34.0648 0.0000 1650410555466 1019160.0000 -0.1989
-24.4046 80.3319 -33.0479 0.0000 1650410555495 1019189.2500 -0.1989
-23.1336 80.5861 -33.8106 0.0000 1650410555524 1019218.2500 -0.1989
-24.1504 80.0777 -31.7769 0.0000 1650410555553 1019247.2500 -0.1987
-24.1504 80.0777 -31.7769 0.0000 1650410555582 1019276.2500 -0.1984
-23.6420 80.5861 -32.2853 0.0000 1650410555611 1019305.2500 -0.1984
-23.3878 80.8403 -32.0311 0.0000 1650410555640 1019334.2500 -0.1984
-23.1336 81.0946 -32.2853 0.0000 1650410555669 1019363.0000 -0.1984
-23.8962 80.3319 -32.0311 0.0000 1650410555699 1019393.0000 -0.1984
-23.3878 80.8403 -32.0311 0.0000 1650410555727 1019421.2500 -0.1984
-23.6420 80.5861 -31.7769 0.0000 1650410555756 1019449.7500 -0.1984
-23.6420 81.0946 -31.7769 0.0000 1650410555785 1019478.7500 -0.1982
-23.6420 80.5861 -32.2853 0.0000 1650410555814 1019508.0000 -0.1979
-23.6420 81.0946 -31.7769 0.0000 1650410555843 1019536.7500 -0.1979
-23.6420 80.5861 -32.2853 0.0000 1650410555872 1019565.7500 -0.1979
-23.8962 80.3319 -32.0311 0.0000 1650410555901 1019594.7500 -0.1977
-23.6420 80.5861 -32.2853 0.0000 1650410555930 1019623.7500 -0.1974
-23.3878 80.8403 -32.0311 0.0000 1650410555959 1019652.7500 -0.1974
-23.8962 80.8403 -31.5226 0.0000 1650410555987 1019681.7500 -0.1974
-23.3878 80.8403 -32.0311 0.0000 1650410556016 1019710.7500 -0.1974
-23.3878 80.8403 -32.0311 0.0000 1650410556046 1019739.7500 -0.1974
-23.6420 81.0946 -31.7769 0.0000 1650410556075 1019768.7500 -0.1977
-23.1336 81.0946 -32.2853 0.0000 1650410556104 1019797.7500 -0.1979
-23.3878 80.8403 -32.0311 0.0000 1650410556133 1019826.7500 -0.1979
-23.3878 80.8403 -32.0311 0.0000 1650410556162 1019855.7500 -0.1979
-23.6420 80.5861 -32.2853 0.0000 1650410556191 1019884.0000 -0.1982
-24.1504 81.0946 -32.2853 0.0000 1650410556220 1019914.7500 -0.1984
-23.6420 80.5861 -31.7769 0.0000 1650410556248 1019942.2500 -0.1984
-23.3878 80.8403 -32.0311 0.0000 1650410556278 1019971.2500 -0.1984
-23.8962 80.3319 -32.0311 0.0000 1650410556306 1020000.2500 -0.1984
-23.6420 81.0946 -31.7769 0.0000 1650410556335 1020029.2500 -0.1984
-23.3878 80.3319 -32.0311 0.0000 1650410556364 1020058.2500 -0.1984
-23.3878 80.8403 -32.0311 0.0000 1650410556394 1020087.2500 -0.1984
-23.6420 80.5861 -32.2853 0.0000 1650410556422 1020116.2500 -0.1984
-23.1336 81.0946 -32.2853 0.0000 1650410556451 1020146.5000 -0.1984
-22.8793 80.8403 -32.0311 0.0000 1650410556481 1020174.2500 -0.1984
-23.3878 80.8403 -32.5395 0.0000 1650410556510 1020203.2500 -0.1984
-23.6420 81.0946 -31.7769 0.0000 1650410556539 1020233.5000 -0.1984
-23.8962 80.8403 -32.0311 0.0000 1650410556567 1020261.2500 -0.1982
-23.6420 80.5861 -32.2853 0.0000 1650410556597 1020290.2500 -0.1979
-23.6420 80.5861 -32.2853 0.0000 1650410556625 1020319.2500 -0.1979
-23.8962 80.3319 -32.5395 0.0000 1650410556654 1020348.2500 -0.1979
-23.6420 80.5861 -32.2853 0.0000 1650410556683 1020377.2500 -0.1979
-24.1504 81.0946 -32.7937 0.0000 1650410556712 1020406.2500 -0.1979
-23.3878 80.8403 -32.5395 0.0000 1650410556741 1020435.2500 -0.1977
-23.8962 81.3488 -32.5395 0.0000 1650410556770 1020464.2500 -0.1974
-23.6420 81.0946 -32.2853 0.0000 1650410556799 1020493.2500 -0.1974
-23.6420 80.5861 -32.2853 0.0000 1650410556828 1020522.2500 -0.1974
-23.3878 80.8403 -32.0311 0.0000 1650410556858 1020551.0000 -0.1974
-23.6420 81.0946 -32.2853 0.0000 1650410556886 1020580.0000 -0.1974
-23.3878 80.3319 -32.0311 0.0000 1650410556915 1020609.0000 -0.1974
-23.8962 80.3319 -32.0311 0.0000 1650410556944 1020638.0000 -0.1974
-23.6420 80.0777 -32.2853 0.0000 1650410556973 1020666.5000 -0.1974
-24.1504 79.5693 -33.3022 0.0000 1650410557002 1020695.5000 -0.1979
-24.4046 79.8235 -34.5732 0.0000 1650410557031 1020724.7500 -0.1979
-23.8962 79.8235 -34.5732 0.0000 1650410557060 1020753.7500 -0.1979
-24.1504 80.0777 -35.3359 0.0000 1650410557089 1020782.7500 -0.1979
-24.1504 79.5693 -35.8443 0.0000 1650410557118 1020811.7500 -0.1979
-24.1504 79.5693 -36.3527 0.0000 1650410557146 1020840.7500 -0.1979
-24.6588 79.5693 -37.8780 0.0000 1650410557176 1020869.7500 -0.1979
-24.1504 79.5693 -37.8780 0.0000 1650410557204 1020900.2500 -0.1979
-23.8962 79.8235 -38.6407 0.0000 1650410557234 1020928.2500 -0.1979
-24.9131 79.3150 -39.6575 0.0000 1650410557263 1020956.7500 -0.1979
-24.4046 79.8235 -39.6575 0.0000 1650410557292 1020985.5000 -0.1979
-24.9131 79.3150 -39.6575 0.0000 1650410557321 1021014.2500 -0.1979
-24.4046 79.8235 -40.6744 0.0000 1650410557350 1021043.5000 -0.1977
-24.6588 79.5693 -41.9455 0.0000 1650410557379 1021072.2500 -0.1974
-24.4046 79.8235 -42.7081 0.0000 1650410557408 1021101.2500 -0.1974
-22.6251 77.5355 -44.9960 0.0000 1650410557437 1021130.2500 -0.1974
-23.6420 79.5693 -43.4707 0.0000 1650410557465 1021159.2500 -0.1974
-24.1504 79.5693 -44.4876 0.0000 1650410557494 1021188.2500 -0.1974
-23.8962 79.3150 -45.2503 0.0000 1650410557523 1021217.2500 -0.1974
-24.6588 78.5524 -46.5213 0.0000 1650410557552 1021246.2500 -0.1974
-21.0998 76.0103 -49.5719 0.0000 1650410557581 1021275.2500 -0.1974
-24.1504 79.5693 -47.0298 0.0000 1650410557611 1021304.2500 -0.1974
-24.6588 79.5693 -47.0298 0.0000 1650410557640 1021333.2500 -0.1974
-21.8625 74.7392 -51.8598 0.0000 1650410557669 1021362.2500 -0.1974
-18.3035 74.2307 -54.4020 0.0000 1650410557698 1021391.2500 -0.1974
-24.4046 78.8066 -49.3177 0.0000 1650410557726 1021420.2500 -0.1974
-11.6939 66.6043 -62.5369 0.0000 1650410557756 1021448.7500 -0.1974
-25.4215 78.2982 -50.3345 0.0000 1650410557784 1021478.2500 -0.1974
-23.8962 79.3150 -50.3345 0.0000 1650410557813 1021507.2500 -0.1974
-25.1673 78.5524 -52.1141 0.0000 1650410557842 1021536.2500 -0.1974
-19.3203 74.2307 -56.4357 0.0000 1650410557871 1021565.2500 -0.1974
-25.4215 78.2982 -52.3683 0.0000 1650410557900 1021594.2500 -0.1979
-24.4046 78.8066 -52.8767 0.0000 1650410557929 1021623.2500 -0.1979
-24.1504 79.0608 -52.6225 0.0000 1650410557958 1021652.2500 -0.1979
-24.4046 78.8066 -52.3683 0.0000 1650410557987 1021680.7500 -0.1979
-24.4046 78.8066 -52.8767 0.0000 1650410558017 1021709.2500 -0.1979
-21.3541 75.7560 -56.4357 0.0000 1650410558045 1021739.0000 -0.1979
-21.6083 75.5018 -56.6899 0.0000 1650410558074 1021768.7500 -0.1979
-22.3709 77.2813 -55.9273 0.0000 1650410558103 1021796.7500 -0.1979
-24.9131 78.8066 -53.3851 0.0000 1650410558132 1021825.7500 -0.1979
-24.4046 79.3150 -53.8936 0.0000 1650410558161 1021854.7500 -0.1979
-24.6588 79.0608 -54.6562 0.0000 1650410558190 1021883.7500 -0.1977
-24.6588 79.0608 -54.6562 0.0000 1650410558219 1021912.7500 -0.1974
-24.4046 79.3150 -54.4020 0.0000 1650410558248 1021941.7500 -0.1974
-24.6588 79.0608 -54.1478 0.0000 1650410558277 1021970.7500 -0.1974
-21.6083 76.5187 -56.6899 0.0000 1650410558305 1021999.7500 -0.1974
-24.6588 79.0608 -54.1478 0.0000 1650410558335 1022028.7500 -0.1974
-21.0998 75.5018 -57.7068 0.0000 1650410558364 1022057.7500 -0.1972
-24.9131 79.3150 -53.8936 0.0000 1650410558393 1022086.7500 -0.1969
-24.9131 79.3150 -53.8936 0.0000 1650410558422 1022115.5000 -0.1969
-24.9131 78.8066 -53.3851 0.0000 1650410558451 1022144.5000 -0.1969
-22.1167 76.0103 -56.1815 0.0000 1650410558480 1022173.2500 -0.1969
-14.4902 68.8922 -62.2826 0.0000 1650410558509 1022202.0000 -0.1969
-14.9987 68.8922 -62.2826 0.0000 1650410558538 1022230.7500 -0.1969
-18.3035 73.2139 -57.9610 0.0000 1650410558567 1022260.2500 -0.1974
-21.0998 75.5018 -55.1646 0.0000 1650410558596 1022289.2500 -0.1972
-21.3541 75.2476 -56.4357 0.0000 1650410558624 1022318.2500 -0.1969
-24.9131 78.8066 -51.8598 0.0000 1650410558654 1022347.2500 -0.1969
-24.1504 78.5524 -50.5888 0.0000 1650410558682 1022376.2500 -0.1974
-24.4046 79.3150 -49.8261 0.0000 1650410558711 1022405.2500 -0.1974
-23.8962 79.3150 -50.3345 0.0000 1650410558740 1022435.7500 -0.1974
-24.1504 78.5524 -49.5719 0.0000 1650410558770 1022462.2500 -0.1974
-23.6420 78.5524 -49.0635 0.0000 1650410558799 1022492.2500 -0.1979
-24.1504 79.0608 -48.5550 0.0000 1650410558828 1022521.2500 -0.1979
-22.8793 79.8235 -48.8093 0.0000 1650410558857 1022549.5000 -0.1979
-24.1504 79.0608 -47.0298 0.0000 1650410558885 1022579.2500 -0.1979
-23.3878 78.8066 -47.2840 0.0000 1650410558915 1022608.2500 -0.1979
-23.8962 79.3150 -46.2671 0.0000 1650410558943 1022637.2500 -0.1979
-24.6588 79.5693 -45.5045 0.0000 1650410558972 1022666.2500 -0.1979
-23.8962 78.8066 -45.7587 0.0000 1650410559001 1022695.2500 -0.1979
-23.1336 80.0777 -44.9960 0.0000 1650410559030 1022724.2500 -0.1979
-24.4046 78.8066 -43.7250 0.0000 1650410559059 1022753.2500 -0.1979
-24.1504 79.5693 -43.4707 0.0000 1650410559088 1022782.0000 -0.1979
-24.1504 79.0608 -41.9455 0.0000 1650410559117 1022811.0000 -0.1979
-24.6588 79.0608 -41.9455 0.0000 1650410559146 1022840.0000 -0.1977
-23.6420 79.5693 -41.4370 0.0000 1650410559175 1022868.7500 -0.1974
-24.6588 79.0608 -40.9286 0.0000 1650410559204 1022897.7500 -0.1974
-24.4046 79.3150 -40.1660 0.0000 1650410559234 1022926.7500 -0.1974
-24.9131 79.3150 -39.1491 0.0000 1650410559262 1022955.7500 -0.1972
-24.4046 79.3150 -38.6407 0.0000 1650410559291 1022985.2500 -0.1969
-24.4046 79.8235 -38.1322 0.0000 1650410559320 1023013.7500 -0.1969
-24.4046 79.8235 -37.6238 0.0000 1650410559349 1023042.7500 -0.1974
-24.4046 79.8235 -36.6069 0.0000 1650410559378 1023071.7500 -0.1974
-24.1504 79.5693 -35.8443 0.0000 1650410559407 1023100.7500 -0.1974
-24.4046 80.3319 -35.0817 0.0000 1650410559436 1023129.7500 -0.1974
-24.6588 79.5693 -34.3190 0.0000 1650410559465 1023158.7500 -0.1979
-24.4046 79.8235 -33.5564 0.0000 1650410559494 1023187.7500 -0.1979
-24.6588 80.0777 -33.3022 0.0000 1650410559522 1023215.7500 -0.1979
-23.3878 80.8403 -33.5564 0.0000 1650410559552 1023246.7500 -0.1979
-23.8962 79.8235 -32.0311 0.0000 1650410559581 1023274.5000 -0.1979
-24.1504 80.0777 -31.7769 0.0000 1650410559610 1023304.5000 -0.1979
-23.1336 80.5861 -31.7769 0.0000 1650410559639 1023332.2500 -0.1982
-23.6420 80.5861 -32.2853 0.0000 1650410559668 1023361.2500 -0.1984
-23.6420 80.5861 -32.2853 0.0000 1650410559697 1023390.2500 -0.1984
-23.3878 80.8403 -32.0311 0.0000 1650410559726 1023419.2500 -0.1984
-23.6420 80.5861 -32.2853 0.0000 1650410559755 1023448.2500 -0.1987
-23.3878 80.8403 -32.0311 0.0000 1650410559783 1023477.2500 -0.1989
-23.3878 80.3319 -32.0311 0.0000 1650410559813 1023506.2500 -0.1985
-23.6420 80.5861 -32.2853 0.0000 1650410559841 1023535.2500 -0.1984
-23.3878 80.8403 -32.0311 0.0000 1650410559870 1023564.2500 -0.1987
-23.6420 80.5861 -32.2853 0.0000 1650410559899 1023593.2500 -0.1989
-23.3878 80.8403 -32.0311 0.0000 1650410559929 1023622.2500 -0.1987
-23.6420 80.5861 -32.2853 0.0000 1650410559958 1023651.2500 -0.1984
-23.3878 80.8403 -32.0311 0.0000 1650410559987 1023680.2500 -0.1984
-23.3878 81.3488 -32.0311 0.0000 1650410560016 1023709.2500 -0.1984
-23.3878 80.8403 -32.0311 0.0000 1650410560045 1023737.5000 -0.1984
-23.6420 81.0946 -31.7769 0.0000 1650410560074 1023768.2500 -0.1984
-23.6420 80.5861 -32.2853 0.0000 1650410560102 1023796.2500 -0.1982
-23.8962 80.8403 -32.0311 0.0000 1650410560131 1023825.2500 -0.1979
-23.3878 80.8403 -32.0311 0.0000 1650410560160 1023854.2500 -0.1982
-23.3878 80.8403 -32.0311 0.0000 1650410560189 1023883.2500 -0.1984
-23.6420 81.0946 -31.7769 0.0000 1650410560218 1023912.0000 -0.1984
-23.6420 80.5861 -32.2853 0.0000 1650410560247 1023941.0000 -0.1985
-23.8962 80.8403 -32.5395 0.0000 1650410560276 1023970.0000 -0.1984
-23.6420 80.5861 -31.7769 0.0000 1650410560305 1023999.5000 -0.1984
-23.3878 80.8403 -32.0311 0.0000 1650410560334 1024027.5000 -0.1984
-23.3878 80.8403 -32.0311 0.0000 1650410560363 1024056.7500 -0.1984
-24.1504 81.0946 -32.2853 0.0000 1650410560393 1024088.5000 -0.1987
-23.6420 80.5861 -32.2853 0.0000 1650410560421 1024114.7500 -0.1989
-23.6420 80.5861 -32.2853 0.0000 1650410560450 1024143.7500 -0.1989
-23.6420 80.5861 -32.2853 0.0000 1650410560479 1024172.7500 -0.1985
-23.8962 81.3488 -32.0311 0.0000 1650410560508 1024201.7500 -0.1984
-23.6420 80.5861 -32.2853 0.0000 1650410560537 1024230.7500 -0.1987
-23.1336 81.0946 -32.2853 0.0000 1650410560566 1024259.7500 -0.1989
-23.8962 80.8403 -32.0311 0.0000 1650410560595 1024288.7500 -0.1989
-23.8962 81.3488 -33.0479 0.0000 1650410560624 1024317.7500 -0.1989
-24.1504 81.0946 -32.7937 0.0000 1650410560653 1024346.5000 -0.1989
-23.6420 81.0946 -31.7769 0.0000 1650410560682 1024375.5000 -0.1989
-23.8962 80.8403 -32.0311 0.0000 1650410560712 1024404.2500 -0.1985
-23.6420 80.5861 -32.2853 0.0000 1650410560740 1024433.2500 -0.1984
-23.6420 80.5861 -32.2853 0.0000 1650410560769 1024462.2500 -0.1984
-24.4046 80.8403 -32.0311 0.0000 1650410560798 1024491.2500 -0.1984
-24.1504 81.0946 -32.7937 0.0000 1650410560827 1024521.5000 -0.1984
-23.3878 80.8403 -32.0311 0.0000 1650410560856 1024549.0000 -0.1984
-23.3878 80.8403 -32.0311 0.0000 1650410560885 1024578.2500 -0.1984
-23.3878 80.8403 -32.5395 0.0000 1650410560914 1024607.2500 -0.1984
-23.3878 80.3319 -32.0311 0.0000 1650410560942 1024636.2500 -0.1982
-23.8962 80.3319 -32.0311 0.0000 1650410560972 1024665.2500 -0.1979
-23.8962 79.8235 -32.5395 0.0000 1650410561000 1024694.2500 -0.1979
-24.1504 79.5693 -33.3022 0.0000 1650410561029 1024723.2500 -0.1979
-24.4046 79.8235 -34.5732 0.0000 1650410561058 1024752.0000 -0.1979
-23.8962 79.8235 -34.5732 0.0000 1650410561087 1024782.5000 -0.1979
-24.1504 79.5693 -35.3359 0.0000 1650410561116 1024810.2500 -0.1979
-24.4046 79.8235 -36.0985 0.0000 1650410561146 1024839.2500 -0.1979
-24.4046 79.8235 -36.6069 0.0000 1650410561175 1024868.2500 -0.1982
-24.1504 79.0608 -37.8780 0.0000 1650410561204 1024897.2500 -0.1984
-24.1504 80.0777 -37.8780 0.0000 1650410561233 1024926.2500 -0.1984
-23.8962 79.8235 -38.6407 0.0000 1650410561261 1024955.2500 -0.1984
-23.8962 79.8235 -38.6407 0.0000 1650410561291 1024984.2500 -0.1984
-23.6420 80.0777 -39.9117 0.0000 1650410561319 1025013.0000 -0.1984
-24.4046 79.8235 -40.6744 0.0000 1650410561348 1025042.0000 -0.1984
-24.4046 79.3150 -41.1828 0.0000 1650410561377 1025071.0000 -0.1984
-13.2192 68.1296 -53.3851 0.0000 1650410561406 1025099.7500 -0.1984
-24.9131 78.8066 -43.2165 0.0000 1650410561435 1025128.7500 -0.1984
-17.2866 72.1970 -49.8261 0.0000 1650410561464 1025157.7500 -0.1984
-24.1504 79.5693 -43.9792 0.0000 1650410561493 1025186.7500 -0.1984
-24.4046 79.3150 -44.2334 0.0000 1650410561523 1025215.7500 -0.1984
-24.1504 79.5693 -44.9960 0.0000 1650410561552 1025244.7500 -0.1984
-24.6588 79.5693 -46.0129 0.0000 1650410561580 1025273.2500 -0.1984
-24.4046 79.3150 -45.7587 0.0000 1650410561609 1025303.7500 -0.1984
-24.1504 79.5693 -47.0298 0.0000 1650410561638 1025331.7500 -0.1984
-23.8962 79.3150 -47.2840 0.0000 1650410561667 1025360.7500 -0.1982
-31.0142 85.4162 -41.6912 0.0000 1650410561696 1025389.7500 -0.1979
-23.6420 79.5693 -48.5550 0.0000 1650410561725 1025418.7500 -0.1979
-24.4046 79.3150 -49.3177 0.0000 1650410561754 1025447.5000 -0.1979
-20.0830 74.9934 -53.6393 0.0000 1650410561783 1025476.5000 -0.1977
-24.6588 79.0608 -49.5719 0.0000 1650410561812 1025505.5000 -0.1974
-24.1504 79.0608 -51.0972 0.0000 1650410561840 1025535.5000 -0.1974
-18.0493 72.9597 -57.1984 0.0000 1650410561870 1025563.0000 -0.1974
-21.6083 76.5187 -53.6393 0.0000 1650410561899 1025592.2500 -0.1977
-25.6757 78.5524 -52.6225 0.0000 1650410561928 1025621.2500 -0.1979
-24.4046 78.8066 -52.8767 0.0000 1650410561957 1025650.2500 -0.1977
-24.6588 78.5524 -52.6225 0.0000 1650410561986 1025679.2500 -0.1974
-23.8962 78.8066 -52.3683 0.0000 1650410562015 1025708.2500 -0.1974
-24.9131 77.7898 -53.3851 0.0000 1650410562044 1025737.2500 -0.1978
-24.9131 78.2982 -53.8936 0.0000 1650410562073 1025766.2500 -0.1982
-15.2529 69.1465 -63.0453 0.0000 1650410562102 1025795.2500 -0.1984
-18.5577 72.4512 -59.7405 0.0000 1650410562131 1025824.2500 -0.1984
-19.5745 74.4850 -58.2152 0.0000 1650410562159 1025853.2500 -0.1984
-24.6588 79.0608 -53.6393 0.0000 1650410562188 1025882.2500 -0.1984
-24.1504 79.0608 -54.1478 0.0000 1650410562217 1025911.2500 -0.1984
-24.1504 79.0608 -54.1478 0.0000 1650410562246 1025940.2500 -0.1984
-24.1504 79.0608 -54.1478 0.0000 1650410562275 1025969.2500 -0.1984
-24.1504 79.0608 -54.1478 0.0000 1650410562305 1025998.2500 -0.1984
-24.9131 78.8066 -54.4020 0.0000 1650410562334 1026027.2500 -0.1984
-24.4046 78.8066 -54.4020 0.0000 1650410562363 1026056.2500 -0.1984
-20.5914 74.9934 -58.2152 0.0000 1650410562392 1026085.0000 -0.1984
-19.8288 74.7392 -58.4694 0.0000 1650410562420 1026114.0000 -0.1984
-22.3709 76.7729 -55.9273 0.0000 1650410562450 1026143.0000 -0.1982
-22.8793 76.7729 -55.4188 0.0000 1650410562478 1026172.0000 -0.1979
-21.8625 76.2645 -55.4188 0.0000 1650410562507 1026201.0000 -0.1979
-16.2698 69.6549 -62.0284 0.0000 1650410562536 1026229.7500 -0.1979
-24.6588 79.0608 -52.1141 0.0000 1650410562565 1026258.7500 -0.1977
-24.6588 79.5693 -51.6056 0.0000 1650410562594 1026287.7500 -0.1974
-22.3709 77.2813 -53.8936 0.0000 1650410562623 1026316.0000 -0.1974
-23.6420 77.0271 -54.6562 0.0000 1650410562652 1026345.7500 -0.1974
-23.8962 79.3150 -50.8430 0.0000 1650410562682 1026374.7500 -0.1972
-24.1504 78.5524 -50.5888 0.0000 1650410562711 1026403.5000 -0.1969
-24.4046 79.3150 -49.8261 0.0000 1650410562739 1026432.7500 -0.1969
-23.6420 79.0608 -50.0803 0.0000 1650410562769 1026461.7500 -0.1969
-24.1504 79.0608 -49.5719 0.0000 1650410562797 1026490.7500 -0.1969
-23.8962 78.8066 -49.3177 0.0000 1650410562826 1026519.7500 -0.1969
-24.1504 79.0608 -48.5550 0.0000 1650410562855 1026548.7500 -0.1969
-24.1504 78.5524 -47.5382 0.0000 1650410562884 1026577.5000 -0.1974
-24.4046 78.8066 -47.2840 0.0000 1650410562913 1026606.5000 -0.1974
-23.6420 79.0608 -47.0298 0.0000 1650410562942 1026635.2500 -0.1974
-23.3878 79.8235 -46.7755 0.0000 1650410562971 1026664.2500 -0.1974
-23.8962 78.8066 -45.7587 0.0000 1650410562999 1026693.2500 -0.1974
-24.1504 79.5693 -45.5045 0.0000 1650410563029 1026722.2500 -0.1974
-23.8962 80.8403 -44.2334 0.0000 1650410563058 1026751.2500 -0.1978
-24.4046 78.8066 -44.2334 0.0000 1650410563087 1026780.2500 -0.1979
-23.8962 79.3150 -43.2165 0.0000 1650410563116 1026810.7500 -0.1979
-24.1504 79.0608 -41.9455 0.0000 1650410563145 1026839.0000 -0.1979
-24.6588 79.0608 -41.9455 0.0000 1650410563174 1026867.2500 -0.1979
-23.6420 80.0777 -41.9455 0.0000 1650410563203 1026896.2500 -0.1979
-24.4046 79.3150 -40.1660 0.0000 1650410563232 1026925.2500 -0.1979
-24.6588 79.0608 -39.9117 0.0000 1650410563261 1026954.2500 -0.1979
-25.4215 79.8235 -37.6238 0.0000 1650410563290 1026982.7500 -0.1976
-24.1504 79.5693 -38.3864 0.0000 1650410563318 1027012.2500 -0.1974
-24.4046 79.3150 -37.1154 0.0000 1650410563348 1027041.2500 -0.1974
-23.6420 79.5693 -36.8612 0.0000 1650410563376 1027072.5000 -0.1974
-23.6420 79.5693 -36.3527 0.0000 1650410563405 1027100.2500 -0.1974
-24.6588 79.5693 -35.8443 0.0000 1650410563434 1027128.2500 -0.1974
-24.1504 80.0777 -35.3359 0.0000 1650410563464 1027157.0000 -0.1974
-24.4046 79.8235 -34.5732 0.0000 1650410563493 1027186.2500 -0.1974
-25.1673 80.5861 -34.3190 0.0000 1650410563522 1027215.2500 -0.1974
-23.8962 79.3150 -33.0479 0.0000 1650410563551 1027244.0000 -0.1969
-24.6588 79.5693 -32.2853 0.0000 1650410563580 1027273.0000 -0.1969
-24.4046 79.8235 -32.0311 0.0000 1650410563609 1027302.0000 -0.1969
-24.1504 80.0777 -31.7769 0.0000 1650410563637 1027330.7500 -0.1969
-23.8962 80.3319 -32.5395 0.0000 1650410563666 1027359.7500 -0.1969
-24.1504 80.0777 -31.7769 0.0000 1650410563695 1027388.7500 -0.1972
-23.3878 80.8403 -32.5395 0.0000 1650410563724 1027417.7500 -0.1974
-23.6420 80.5861 -32.2853 0.0000 1650410563753 1027446.7500 -0.1974
-23.6420 80.5861 -32.2853 0.0000 1650410563782 1027475.7500 -0.1974
-23.6420 81.0946 -31.7769 0.0000 1650410563811 1027504.7500 -0.1974
-22.8793 80.8403 -32.5395 0.0000 1650410563841 1027533.7500 -0.1977
-23.6420 80.5861 -32.2853 0.0000 1650410563870 1027562.7500 -0.1979
-23.6420 80.5861 -32.2853 0.0000 1650410563898 1027593.0000 -0.1979
-23.3878 80.3319 -32.0311 0.0000 1650410563928 1027620.2500 -0.1979
-23.8962 80.8403 -32.0311 0.0000 1650410563956 1027649.7500 -0.1979
-23.3878 80.8403 -32.0311 0.0000 1650410563985 1027678.5000 -0.1979
-23.3878 80.8403 -32.0311 0.0000 1650410564014 1027707.5000 -0.1979
-23.1336 81.0946 -32.2853 0.0000 1650410564043 1027736.5000 -0.1979
-23.3878 80.8403 -32.0311 0.0000 1650410564072 1027765.2500 -0.1979
-23.6420 80.5861 -32.2853 0.0000 1650410564101 1027794.2500 -0.1979
-23.1336 81.0946 -32.2853 0.0000 1650410564130 1027823.2500 -0.1979
-23.3878 80.8403 -32.0311 0.0000 1650410564159 1027851.7500 -0.1979
-23.8962 80.8403 -32.0311 0.0000 1650410564188 1027881.2500 -0.1977
-23.6420 80.5861 -32.2853 0.0000 1650410564217 1027910.0000 -0.1974
-23.3878 80.8403 -32.0311 0.0000 1650410564246 1027940.2500 -0.1974
-23.6420 81.0946 -32.2853 0.0000 1650410564275 1027968.2500 -0.1974
-23.6420 81.0946 -31.7769 0.0000 1650410564304 1027997.2500 -0.1974
-23.6420 80.5861 -32.2853 0.0000 1650410564333 1028026.2500 -0.1974
-23.6420 80.0777 -31.7769 0.0000 1650410564362 1028055.2500 -0.1972
-23.3878 80.8403 -32.0311 0.0000 1650410564391 1028084.2500 -0.1969
-23.8962 80.8403 -32.5395 0.0000 1650410564420 1028113.2500 -0.1969
-23.6420 81.0946 -31.7769 0.0000 1650410564449 1028142.2500 -0.1969
-23.8962 80.8403 -32.0311 0.0000 1650410564477 1028171.2500 -0.1969
-23.6420 80.5861 -32.2853 0.0000 1650410564507 1028200.2500 -0.1969
-23.8962 80.8403 -32.0311 0.0000 1650410564535 1028229.2500 -0.1969
-23.6420 80.5861 -32.2853 0.0000 1650410564565 1028258.2500 -0.1969
-23.6420 80.5861 -32.2853 0.0000 1650410564594 1028287.2500 -0.1972
-23.6420 81.0946 -32.2853 0.0000 1650410564623 1028316.2500 -0.1974
-23.1336 81.0946 -32.2853 0.0000 1650410564652 514195.7500 -0.1974
-24.1504 80.0777 -32.2853 0.0000 1650410564681 74.5000 -0.1969
-24.4046 80.8403 -31.5226 0.0000 1650410564710 104.0000 -0.1969
-23.6420 80.5861 -32.2853 0.0000 1650410564739 132.7500 -0.1972
-23.3878 80.8403 -32.0311 0.0000 1650410564768 161.7500 -0.1974
-23.8962 80.8403 -32.0311 0.0000 1650410564796 190.7500 -0.1974
-23.3878 80.3319 -32.0311 0.0000 1650410564826 219.7500 -0.1974
-24.1504 81.0946 -31.7769 0.0000 1650410564854 146.7500 -0.1974
-23.3878 80.8403 -32.0311 0.0000 1650410564883 73.7500 -0.1974
-23.3878 80.8403 -32.0311 0.0000 1650410564912 102.2500 -0.1971
-24.1504 81.0946 -31.7769 0.0000 1650410564941 133.0000 -0.1969
-22.8793 80.8403 -32.0311 0.0000 1650410564970 160.7500 -0.1969
-24.1504 80.5861 -32.2853 0.0000 1650410565000 189.2500 -0.1969
-23.8962 79.8235 -32.5395 0.0000 1650410565029 218.7500 -0.1967
-24.1504 79.0608 -33.8106 0.0000 1650410565057 146.7500 -0.1965
-23.8962 80.3319 -34.0648 0.0000 1650410565087 74.5000 -0.1965
-24.1504 79.5693 -34.3190 0.0000 1650410565115 103.0000 -0.1965
-24.1504 80.0777 -35.3359 0.0000 1650410565144 132.5000 -0.1965
-24.4046 79.8235 -36.0985 0.0000 1650410565173 161.2500 -0.1965
-23.8962 80.3319 -36.6069 0.0000 1650410565202 190.2500 -0.1965
-24.4046 79.3150 -38.1322 0.0000 1650410565231 219.2500 -0.1965
-23.8962 79.3150 -37.6238 0.0000 1650410565260 147.2500 -0.1965
-23.8962 79.8235 -38.6407 0.0000 1650410565289 75.2500 -0.1965
-24.1504 79.5693 -38.8949 0.0000 1650410565318 104.2500 -0.1965
-23.8962 79.3150 -39.1491 0.0000 1650410565347 133.2500 -0.1965
-24.4046 79.8235 -40.1660 0.0000 1650410565376 162.2500 -0.1965
-24.4046 79.3150 -41.1828 0.0000 1650410565406 191.2500 -0.1965
-23.6420 80.0777 -41.9455 0.0000 1650410565434 220.0000 -0.1965
-24.1504 79.5693 -42.4539 0.0000 1650410565463 146.7500 -0.1968
-23.8962 79.8235 -43.2165 0.0000 1650410565492 74.2500 -0.1969
-24.4046 79.8235 -44.2334 0.0000 1650410565521 103.2500 -0.1969
-22.3709 77.7898 -46.2671 0.0000 1650410565550 132.2500 -0.1969
-24.1504 79.5693 -44.9960 0.0000 1650410565579 161.2500 -0.1973
-23.8962 79.3150 -45.7587 0.0000 1650410565608 190.2500 -0.1974
-21.0998 76.0103 -49.0635 0.0000 1650410565637 219.2500 -0.1974
-23.6420 79.5693 -47.0298 0.0000 1650410565666 147.2500 -0.1974
-23.8962 79.3150 -47.7924 0.0000 1650410565694 74.5000 -0.1974
-24.4046 79.3150 -47.7924 0.0000 1650410565723 104.0000 -0.1974
-23.8962 79.8235 -48.8093 0.0000 1650410565753 133.2500 -0.1974
-20.8456 75.2476 -52.8767 0.0000 1650410565782 163.0000 -0.1974
-23.3878 76.2645 -52.3683 0.0000 1650410565811 191.0000 -0.1974
-22.1167 76.5187 -52.6225 0.0000 1650410565840 220.0000 -0.1974
-23.8962 79.3150 -50.8430 0.0000 1650410565869 147.2500 -0.1972
-21.0998 76.0103 -53.6393 0.0000 1650410565898 74.7500 -0.1969
-17.7950 72.7055 -57.4526 0.0000 1650410565927 103.7500 -0.1969
-25.4215 78.2982 -52.3683 0.0000 1650410565955 132.7500 -0.1969
-24.9131 78.8066 -52.8767 0.0000 1650410565985 161.7500 -0.1969
-24.4046 78.8066 -52.8767 0.0000 1650410566013 190.7500 -0.1969
-24.1504 79.0608 -52.6225 0.0000 1650410566042 219.5000 -0.1967
-20.5914 75.5018 -56.6899 0.0000 1650410566071 147.2500 -0.1965
-23.6420 76.5187 -55.6731 0.0000 1650410566101 74.7500 -0.1965
-21.6083 75.5018 -56.6899 0.0000 1650410566129 103.7500 -0.1965
-20.0830 74.9934 -58.2152 0.0000 1650410566158 132.7500 -0.1965
-22.1167 77.0271 -56.1815 0.0000 1650410566188 161.7500 -0.1965
-24.4046 79.3150 -54.4020 0.0000 1650410566217 191.5000 -0.1965
-24.4046 79.3150 -53.8936 0.0000 1650410566246 219.2500 -0.1968
-28.4721 83.3825 -49.8261 0.0000 1650410566274 147.2500 -0.1969
-24.6588 79.0608 -54.6562 0.0000 1650410566303 75.2500 -0.1969
-24.4046 79.3150 -54.4020 0.0000 1650410566332 104.2500 -0.1969
-24.1504 79.0608 -54.1478 0.0000 1650410566362 133.2500 -0.1969
-24.1504 79.0608 -54.1478 0.0000 1650410566390 162.2500 -0.1969
-22.8793 76.7729 -55.9273 0.0000 1650410566419 191.2500 -0.1969
-22.1167 76.5187 -56.1815 0.0000 1650410566448 220.0000 -0.1969
-24.6588 79.0608 -53.6393 0.0000 1650410566477 97.5000 -0.1973
-22.8793 76.7729 -55.4188 0.0000 1650410566506 74.2500 -0.1974
-21.6083 75.5018 -56.6899 0.0000 1650410566535 103.0000 -0.1972
-24.9131 78.2982 -53.3851 0.0000 1650410566565 132.0000 -0.1969
-24.6588 79.0608 -52.1141 0.0000 1650410566593 161.2500 -0.1969
-16.5240 71.4344 -59.7405 0.0000 1650410566622 190.2500 -0.1969
-19.3203 74.2307 -56.9441 0.0000 1650410566651 219.2500 -0.1969
-18.3035 72.7055 -57.9610 0.0000 1650410566680 146.7500 -0.1969
-24.4046 78.8066 -50.8430 0.0000 1650410566709 74.2500 -0.1966
-24.1504 78.5524 -50.5888 0.0000 1650410566738 103.2500 -0.1965
-23.8962 78.8066 -50.3345 0.0000 1650410566767 132.2500 -0.1965
-23.8962 79.3150 -50.3345 0.0000 1650410566796 161.2500 -0.1965
-23.8962 78.8066 -49.3177 0.0000 1650410566825 190.2500 -0.1965
-20.3372 75.2476 -52.3683 0.0000 1650410566853 219.2500 -0.1965
-23.6420 79.5693 -48.5550 0.0000 1650410566883 146.7500 -0.1965
-23.8962 78.8066 -47.2840 0.0000 1650410566912 74.0000 -0.1965
-24.1504 78.5524 -47.5382 0.0000 1650410566941 103.0000 -0.1965
-23.6420 79.0608 -47.0298 0.0000 1650410566970 131.7500 -0.1965
-23.8962 79.3150 -46.2671 0.0000 1650410566999 163.5000 -0.1965
-24.9131 79.3150 -45.2503 0.0000 1650410567028 189.7500 -0.1965
-24.1504 79.5693 -45.5045 0.0000 1650410567057 218.7500 -0.1965
-23.1336 80.0777 -44.9960 0.0000 1650410567086 146.7500 -0.1969
-25.1673 80.0777 -42.9623 0.0000 1650410567114 74.7500 -0.1969
-23.6420 79.5693 -43.4707 0.0000 1650410567144 103.7500 -0.1969
-24.1504 79.0608 -41.9455 0.0000 1650410567172 132.7500 -0.1969
-24.4046 79.3150 -41.6912 0.0000 1650410567201 161.7500 -0.1969
-24.4046 78.8066 -40.6744 0.0000 1650410567230 192.0000 -0.1969
-24.4046 79.3150 -39.6575 0.0000 1650410567260 221.0000 -0.1969
-23.8962 79.3150 -40.1660 0.0000 1650410567288 147.2500 -0.1969
-24.4046 79.3150 -39.1491 0.0000 1650410567318 75.7500 -0.1969
-24.6588 79.5693 -38.3864 0.0000 1650410567347 103.5000 -0.1969
-24.4046 79.3150 -37.1154 0.0000 1650410567376 132.5000 -0.1966
-23.8962 79.8235 -36.6069 0.0000 1650410567405 161.2500 -0.1965
-24.1504 80.0777 -36.8612 0.0000 1650410567433 190.2500 -0.1965
-24.1504 79.5693 -35.8443 0.0000 1650410567463 219.2500 -0.1965
-24.6588 80.0777 -35.3359 0.0000 1650410567491 147.2500 -0.1965
-24.6588 79.5693 -34.3190 0.0000 1650410567520 75.2500 -0.1965
-24.1504 80.0777 -33.8106 0.0000 1650410567549 104.2500 -0.1962
-24.9131 80.3319 -33.0479 0.0000 1650410567578 133.2500 -0.1960
-24.1504 79.5693 -32.2853 0.0000 1650410567607 162.2500 -0.1960
-24.4046 79.8235 -32.0311 0.0000 1650410567636 191.2500 -0.1960
-24.1504 80.5861 -31.7769 0.0000 1650410567665 220.2500 -0.1960
-23.3878 80.3319 -32.5395 0.0000 1650410567694 147.7500 -0.1960
-22.8793 80.8403 -32.0311 0.0000 1650410567724 75.2500 -0.1957
-23.1336 81.0946 -32.2853 0.0000 1650410567752 107.0000 -0.1955
-23.6420 80.5861 -31.7769 0.0000 1650410567781 133.0000 -0.1955
-23.6420 81.0946 -31.7769 0.0000 1650410567810 162.2500 -0.1955
-23.6420 80.5861 -32.2853 0.0000 1650410567839 191.2500 -0.1955
-23.6420 80.5861 -32.2853 0.0000 1650410567868 220.2500 -0.1955
-23.3878 80.3319 -32.0311 0.0000 1650410567897 147.7500 -0.1955
-23.6420 81.0946 -32.2853 0.0000 1650410567926 75.2500 -0.1955
-23.6420 80.5861 -31.2684 0.0000 1650410567955 104.2500 -0.1955
-24.1504 81.0946 -32.2853 0.0000 1650410567984 133.2500 -0.1955
-23.6420 81.0946 -31.7769 0.0000 1650410568012 161.2500 -0.1955
-23.6420 80.5861 -32.2853 0.0000 1650410568042 191.0000 -0.1955
-23.6420 81.0946 -31.7769 0.0000 1650410568071 220.0000 -0.1955
-23.6420 80.5861 -32.2853 0.0000 1650410568100 147.0000 -0.1960
-23.6420 80.5861 -32.2853 0.0000 1650410568129 74.7500 -0.1960
-23.3878 80.8403 -32.0311 0.0000 1650410568158 103.7500 -0.1956
-23.8962 81.3488 -31.5226 0.0000 1650410568187 132.7500 -0.1955
-24.6588 80.0777 -32.2853 0.0000 1650410568216 161.7500 -0.1960
-23.3878 80.8403 -32.0311 0.0000 1650410568245 190.7500 -0.1960
-23.6420 80.5861 -32.2853 0.0000 1650410568274 219.7500 -0.1960
-24.1504 81.0946 -31.7769 0.0000 1650410568303 147.2500 -0.1960
-24.4046 80.8403 -31.5226 0.0000 1650410568331 74.7500 -0.1960
-23.3878 80.8403 -32.0311 0.0000 1650410568360 103.7500 -0.1960
-24.1504 80.5861 -32.2853 0.0000 1650410568389 132.7500 -0.1957
-23.6420 81.0946 -31.7769 0.0000 1650410568418 161.7500 -0.1955
-23.3878 80.8403 -32.0311 0.0000 1650410568447 190.5000 -0.1955
-24.1504 80.5861 -31.7769 0.0000 1650410568477 219.5000 -0.1955
-23.6420 80.5861 -32.2853 0.0000 1650410568506 248.0000 -0.1955
-23.3878 80.8403 -32.0311 0.0000 1650410568535 104.0000 -0.1955
-23.3878 80.8403 -32.0311 0.0000 1650410568564 74.2500 -0.1952
-23.3878 80.8403 -32.0311 0.0000 1650410568592 103.2500 -0.1950
-23.6420 80.5861 -31.7769 0.0000 1650410568622 132.2500 -0.1950
-24.1504 80.5861 -32.2853 0.0000 1650410568650 161.2500 -0.1950
-23.8962 81.3488 -31.5226 0.0000 1650410568679 190.2500 -0.1950
-23.6420 80.5861 -32.2853 0.0000 1650410568708 219.2500 -0.1950
-23.6420 80.5861 -32.2853 0.0000 1650410568737 146.7500 -0.1950
-23.8962 80.8403 -32.0311 0.0000 1650410568766 77.0000 -0.1955
-23.6420 81.0946 -32.2853 0.0000 1650410568795 104.2500 -0.1952
-23.8962 80.8403 -32.0311 0.0000 1650410568824 132.2500 -0.1950
-23.6420 80.5861 -32.2853 0.0000 1650410568853 162.2500 -0.1950
-23.8962 81.3488 -32.0311 0.0000 1650410568883 190.2500 -0.1955
-23.3878 80.3319 -32.0311 0.0000 1650410568911 219.2500 -0.1955
-23.6420 81.0946 -32.2853 0.0000 1650410568941 147.2500 -0.1958
-23.3878 80.8403 -32.5395 0.0000 1650410568969 75.2500 -0.1960
-23.6420 80.5861 -32.2853 0.0000 1650410568998 104.2500 -0.1960
-24.1504 80.5861 -32.2853 0.0000 1650410569027 133.2500 -0.1960
-24.6588 80.5861 -31.7769 0.0000 1650410569056 162.2500 -0.1960
-23.8962 79.8235 -34.0648 0.0000 1650410569085 191.2500 -0.1960
-23.8962 80.3319 -34.0648 0.0000 1650410569114 220.0000 -0.1960
-23.8962 79.8235 -34.5732 0.0000 1650410569143 147.7500 -0.1960
-24.6588 79.5693 -35.8443 0.0000 1650410569172 75.0000 -0.1957
-23.8962 79.8235 -35.5901 0.0000 1650410569201 104.0000 -0.1955
-23.8962 79.8235 -36.6069 0.0000 1650410569230 132.7500 -0.1955
-24.4046 79.3150 -38.1322 0.0000 1650410569259 161.7500 -0.1955
-24.4046 79.8235 -37.6238 0.0000 1650410569288 192.0000 -0.1955
-23.8962 79.8235 -39.1491 0.0000 1650410569317 221.0000 -0.1955
-23.8962 79.8235 -39.1491 0.0000 1650410569346 147.2500 -0.1952
-24.1504 79.5693 -40.4202 0.0000 1650410569375 74.7500 -0.1950
-24.4046 79.8235 -40.6744 0.0000 1650410569404 103.7500 -0.1950
-24.1504 79.5693 -41.4370 0.0000 1650410569433 132.7500 -0.1950
-21.3541 77.2813 -45.2503 0.0000 1650410569462 161.7500 -0.1947
-24.1504 79.5693 -42.4539 0.0000 1650410569490 190.7500 -0.1945
-24.1504 80.0777 -43.4707 0.0000 1650410569520 219.7500 -0.1945
-24.4046 79.8235 -43.7250 0.0000 1650410569548 148.5000 -0.1945
-25.4215 79.8235 -43.7250 0.0000 1650410569577 75.5000 -0.1947
-24.6588 79.5693 -45.5045 0.0000 1650410569606 104.5000 -0.1950
-22.8793 76.2645 -49.3177 0.0000 1650410569636 133.0000 -0.1950
-20.8456 75.7560 -49.8261 0.0000 1650410569665 162.2500 -0.1950
-24.1504 79.5693 -47.0298 0.0000 1650410569694 191.2500 -0.1950
-24.1504 79.5693 -47.5382 0.0000 1650410569723 220.2500 -0.1950
-24.9131 79.3150 -47.7924 0.0000 1650410569752 147.2500 -0.1950
-23.8962 79.8235 -48.8093 0.0000 1650410569781 74.2500 -0.1954
-24.4046 79.3150 -49.3177 0.0000 1650410569809 103.2500 -0.1955
-24.6588 79.0608 -49.5719 0.0000 1650410569838 132.2500 -0.1952
-23.8962 79.3150 -50.3345 0.0000 1650410569867 161.2500 -0.1950
-24.4046 78.8066 -50.8430 0.0000 1650410569896 190.2500 -0.1954
-22.6251 77.5355 -53.1309 0.0000 1650410569925 219.2500 -0.1955
-20.8456 75.7560 -54.4020 0.0000 1650410569954 146.7500 -0.1955
-25.6757 78.5524 -52.6225 0.0000 1650410569983 74.2500 -0.1955
-24.6588 79.0608 -52.6225 0.0000 1650410570012 103.2500 -0.1955
-24.4046 78.2982 -52.8767 0.0000 1650410570042 132.2500 -0.1955
-19.8288 74.7392 -56.9441 0.0000 1650410570070 161.0000 -0.1952
-25.4215 78.2982 -53.8936 0.0000 1650410570100 190.2500 -0.1950
-25.1673 78.5524 -54.1478 0.0000 1650410570128 219.2500 -0.1950
-19.3203 73.2139 -58.9779 0.0000 1650410570157 147.2500 -0.1950
-16.0155 70.9260 -62.2826 0.0000 1650410570186 75.2500 -0.1950
-21.0998 75.5018 -56.6899 0.0000 1650410570215 104.2500 -0.1950
-24.4046 78.8066 -53.8936 0.0000 1650410570244 133.0000 -0.1950
-24.1504 79.0608 -54.1478 0.0000 1650410570273 162.0000 -0.1950
-24.6588 79.0608 -54.1478 0.0000 1650410570302 190.7500 -0.1950
-24.6588 79.0608 -54.1478 0.0000 1650410570331 221.0000 -0.1950
-24.4046 78.8066 -53.8936 0.0000 1650410570360 147.2500 -0.1950
-24.4046 79.3150 -54.4020 0.0000 1650410570389 74.2500 -0.1950
-24.6588 78.5524 -54.1478 0.0000 1650410570418 103.7500 -0.1950
-24.6588 78.5524 -54.1478 0.0000 1650410570447 132.7500 -0.1950
-19.8288 74.2307 -58.4694 0.0000 1650410570476 161.7500 -0.1950
-21.6083 76.5187 -56.6899 0.0000 1650410570505 190.7500 -0.1950
-20.3372 73.7223 -58.4694 0.0000 1650410570534 219.7500 -0.1950
-19.0661 73.4681 -58.2152 0.0000 1650410570563 147.2500 -0.1950
-22.8793 76.7729 -54.9104 0.0000 1650410570592 74.7500 -0.1950
-14.7445 69.6549 -61.5200 0.0000 1650410570621 103.7500 -0.1952
-24.1504 79.0608 -52.1141 0.0000 1650410570649 132.7500 -0.1955
-24.4046 79.3150 -52.3683 0.0000 1650410570679 161.5000 -0.1955
-21.6083 75.5018 -54.6562 0.0000 1650410570707 190.5000 -0.1955
-24.6588 78.5524 -51.0972 0.0000 1650410570736 219.2500 -0.1955
-24.6588 79.0608 -50.0803 0.0000 1650410570765 146.7500 -0.1955
-24.1504 79.5693 -50.0803 0.0000 1650410570795 74.2500 -0.1955
-23.8962 79.3150 -50.3345 0.0000 1650410570824 103.0000 -0.1955
-24.1504 79.0608 -49.0635 0.0000 1650410570853 132.0000 -0.1955
-23.8962 78.8066 -48.8093 0.0000 1650410570882 161.2500 -0.1955
-23.8962 79.3150 -48.3008 0.0000 1650410570911 190.2500 -0.1955
-24.6588 78.0440 -48.0466 0.0000 1650410570940 219.2500 -0.1955
-24.1504 79.0608 -47.0298 0.0000 1650410570968 146.7500 -0.1952
-23.3878 79.3150 -46.7755 0.0000 1650410570998 74.2500 -0.1950
-23.3878 79.3150 -46.7755 0.0000 1650410571005 81.5000 -0.1950
