-7.6214 78.4315 -29.1905 0.0000 1650400322639 1703645.0000 -0.1969
-7.5081 78.3005 -29.3889 0.0000 1650400322693 1703699.0000 -0.1965
-7.6675 78.2416 -29.0977 0.0000 1650400322747 1703753.0000 -0.1969
-7.4996 78.3139 -28.9688 0.0000 1650400322801 1703807.0000 -0.1965
-7.5810 78.3196 -29.0689 0.0000 1650400322856 1703861.0000 -0.1965
-7.5659 78.2903 -28.9084 0.0000 1650400322908 1703915.0000 -0.1965
-7.5343 78.4101 -28.8158 0.0000 1650400322962 1703969.0000 -0.1960
-7.5845 78.3650 -28.7795 0.0000 1650400323016 1704023.0000 -0.1965
-7.6647 78.3226 -28.5434 0.0000 1650400323070 1704077.0000 -0.1965
-7.6734 78.4157 -28.5679 0.0000 1650400323124 1704131.0000 -0.1965
-7.9058 78.3845 -28.5765 0.0000 1650400323178 1704185.0000 -0.1965
-7.7470 78.2440 -28.8057 0.0000 1650400323232 1704239.0000 -0.1965
-7.6166 78.2723 -28.7255 0.0000 1650400323287 1704293.0000 -0.1969
-7.7299 78.1797 -28.8979 0.0000 1650400323341 1704347.0000 -0.1969
-7.7611 78.4197 -28.8731 0.0000 1650400323395 1704400.0000 -0.1965
-7.7784 78.3982 -28.9184 0.0000 1650400323449 1704454.0000 -0.1965
-7.7059 78.1904 -28.8385 0.0000 1650400323501 1704508.0000 -0.1965
-7.8192 78.2200 -28.6702 0.0000 1650400323555 1704562.0000 -0.1965
-7.7315 78.3630 -28.9075 0.0000 1650400323609 1704616.0000 -0.1965
-7.6893 78.2654 -28.6868 0.0000 1650400323664 1704670.0000 -0.1969
-7.6205 78.5274 -28.7461 0.0000 1650400323718 1704724.0000 -0.1965
-7.9393 78.3913 -28.6553 0.0000 1650400323772 1704778.0000 -0.1965
-7.7173 78.3136 -28.9035 0.0000 1650400323826 1704832.0000 -0.1965
-7.8352 78.2592 -28.9374 0.0000 1650400323880 1704886.0000 -0.1965
-7.6361 78.4064 -28.8145 0.0000 1650400323934 1704940.0000 -0.1965
-7.8564 78.3799 -28.7140 0.0000 1650400323988 1704994.0000 -0.1960
-7.5316 78.3583 -28.6282 0.0000 1650400324043 1705048.0000 -0.1965
-7.7940 78.2900 -28.7157 0.0000 1650400324097 1705102.0000 -0.1965
-7.8077 78.2792 -28.7497 0.0000 1650400324149 1705156.0000 -0.1965
-7.6271 78.3157 -28.8444 0.0000 1650400324203 1705210.0000 -0.1965
-7.6690 78.4693 -29.0111 0.0000 1650400324257 1705264.0000 -0.1965
-7.8217 78.2491 -28.9209 0.0000 1650400324311 1705318.0000 -0.1965
-7.7537 78.2613 -29.1248 0.0000 1650400324365 1705372.0000 -0.1965
-7.8643 78.3689 -29.0473 0.0000 1650400324419 1705426.0000 -0.1965
-7.8070 78.2679 -28.9000 0.0000 1650400324474 1705480.0000 -0.1965
-7.6425 78.4734 -28.9530 0.0000 1650400324528 1705534.0000 -0.1960
-7.8756 78.4265 -28.9110 0.0000 1650400324582 1705588.0000 -0.1960
-7.8521 78.3608 -28.6962 0.0000 1650400324636 1705642.0000 -0.1960
-7.7163 78.4182 -28.6950 0.0000 1650400324690 1705696.0000 -0.1960
-7.7375 78.2914 -28.5519 0.0000 1650400324742 1705749.0000 -0.1965
-7.6960 78.2864 -28.4764 0.0000 1650400324796 1705803.0000 -0.1960
-7.6071 78.4526 -28.6421 0.0000 1650400324851 1705857.0000 -0.1960
-7.8267 78.3532 -28.9725 0.0000 1650400324905 1705911.0000 -0.1965
-7.7355 78.3604 -28.5666 0.0000 1650400324959 1705965.0000 -0.1965
-7.6403 78.3620 -28.7196 0.0000 1650400325013 1706019.0000 -0.1960
-7.6759 78.3632 -28.7207 0.0000 1650400325067 1706073.0000 -0.1960
-7.6550 78.3484 -28.7601 0.0000 1650400325121 1706127.0000 -0.1955
-7.7168 78.3779 -28.7538 0.0000 1650400325175 1706181.0000 -0.1960
-7.7551 78.4032 -28.7118 0.0000 1650400325230 1706235.0000 -0.1960
-7.8100 78.2461 -28.8196 0.0000 1650400325284 1706289.0000 -0.1960
-7.9096 78.3059 -29.0087 0.0000 1650400325336 1706343.0000 -0.1960
-7.7155 78.4087 -28.6743 0.0000 1650400325390 1706397.0000 -0.1960
-7.6043 78.2007 -28.6880 0.0000 1650400325444 1706451.0000 -0.1960
-8.2055 78.3248 -27.1373 0.0000 1650400325498 1706505.0000 -0.1960
-8.6772 78.3728 -26.1595 0.0000 1650400325552 1706559.0000 -0.1960
-8.0557 78.3874 -24.9007 0.0000 1650400325607 1706613.0000 -0.1960
-8.5115 78.2265 -23.1920 0.0000 1650400325661 1706667.0000 -0.1960
-7.7142 78.5769 -22.5761 0.0000 1650400325715 1706721.0000 -0.1960
-8.2291 78.1395 -21.7002 0.0000 1650400325769 1706775.0000 -0.1960
-7.9902 78.5086 -20.6285 0.0000 1650400325823 1706829.0000 -0.1960
-7.6410 78.4004 -21.2154 0.0000 1650400325877 1706883.0000 -0.1960
-7.5833 78.4088 -21.3411 0.0000 1650400325931 1706937.0000 -0.1960
-7.6875 78.1634 -21.1987 0.0000 1650400325984 1706991.0000 -0.1960
-7.5171 78.1543 -21.4810 0.0000 1650400326038 1707045.0000 -0.1960
-7.5146 78.2449 -21.4788 0.0000 1650400326092 1707099.0000 -0.1955
-7.1789 78.0440 -21.4832 0.0000 1650400326146 1707152.0000 -0.1955
-7.4661 78.2156 -21.4168 0.0000 1650400326200 1707206.0000 -0.1955
-7.3045 78.1283 -21.6004 0.0000 1650400326254 1707260.0000 -0.1960
-7.3855 78.2198 -21.4428 0.0000 1650400326308 1707314.0000 -0.1960
-7.3418 78.1761 -21.3996 0.0000 1650400326363 1707368.0000 -0.1960
-7.3070 78.2123 -21.4337 0.0000 1650400326417 1707422.0000 -0.1960
-7.3476 78.0196 -21.3081 0.0000 1650400326471 1707476.0000 -0.1960
-7.4190 78.2448 -21.4889 0.0000 1650400326525 1707530.0000 -0.1965
-7.6028 78.1866 -21.3989 0.0000 1650400326577 1707584.0000 -0.1965
-7.3051 78.2839 -21.4214 0.0000 1650400326631 1707638.0000 -0.1960
-7.4032 78.1834 -21.4378 0.0000 1650400326685 1707692.0000 -0.1960
-7.4752 78.2584 -21.4106 0.0000 1650400326740 1707746.0000 -0.1960
-7.1543 78.2051 -21.4016 0.0000 1650400326794 1707800.0000 -0.1960
-7.3504 78.1668 -21.0991 0.0000 1650400326848 1707854.0000 -0.1960
-7.4590 78.2868 -21.0561 0.0000 1650400326902 1707908.0000 -0.1960
-7.4692 78.2046 -21.2386 0.0000 1650400326956 1707962.0000 -0.1955
-7.2222 78.2187 -21.0475 0.0000 1650400327010 1708016.0000 -0.1960
-7.3932 78.1803 -21.2368 0.0000 1650400327064 1708070.0000 -0.1960
-7.3558 77.8816 -21.3683 0.0000 1650400327118 1708124.0000 -0.1955
-8.0932 78.8690 -22.2295 0.0000 1650400327173 1708178.0000 -0.1955
-8.1839 77.9410 -22.1248 0.0000 1650400327225 1708232.0000 -0.1955
-8.0977 78.5745 -24.0171 0.0000 1650400327279 1708286.0000 -0.1955
-8.5035 78.4709 -24.3664 0.0000 1650400327333 1708340.0000 -0.1955
-8.1820 78.1188 -26.6721 0.0000 1650400327387 1708394.0000 -0.1960
-7.2619 78.3714 -27.8774 0.0000 1650400327441 1708447.0000 -0.1960
-7.6147 78.5279 -28.6669 0.0000 1650400327495 1708501.0000 -0.1960
-8.7749 77.9902 -30.2923 0.0000 1650400327550 1708555.0000 -0.1960
-8.2207 78.4875 -30.7842 0.0000 1650400327604 1708609.0000 -0.1960
-7.4042 78.2640 -32.1491 0.0000 1650400327658 1708663.0000 -0.1960
-8.3587 78.2135 -33.1376 0.0000 1650400327712 1708717.0000 -0.1955
-8.4380 78.4021 -34.9695 0.0000 1650400327766 1708771.0000 -0.1955
-7.6216 78.4999 -36.2338 0.0000 1650400327818 1708825.0000 -0.1960
-8.4932 78.3225 -36.7187 0.0000 1650400327872 1708879.0000 -0.1960
-8.4242 78.3566 -38.0681 0.0000 1650400327927 1708933.0000 -0.1965
-8.6130 78.4424 -39.1759 0.0000 1650400327981 1708987.0000 -0.1965
-8.2085 78.3221 -40.0727 0.0000 1650400328035 1709041.0000 -0.1955
-8.4215 78.2915 -40.8652 0.0000 1650400328089 1709095.0000 -0.1960
-8.1603 78.1356 -40.8306 0.0000 1650400328143 1709149.0000 -0.1960
-8.0697 78.3095 -41.7564 0.0000 1650400328197 1709203.0000 -0.1960
-8.3551 78.2664 -41.9365 0.0000 1650400328251 1709257.0000 -0.1960
-8.2703 78.3261 -42.3171 0.0000 1650400328306 1709311.0000 -0.1955
-8.1814 78.2724 -42.6733 0.0000 1650400328360 1709365.0000 -0.1955
-8.2017 78.2081 -43.1747 0.0000 1650400328414 1709419.0000 -0.1955
-8.3521 78.6321 -42.9147 0.0000 1650400328466 1709473.0000 -0.1960
-8.1463 78.4618 -43.5416 0.0000 1650400328520 1709527.0000 -0.1960
-8.3015 78.3766 -43.6020 0.0000 1650400328574 1709581.0000 -0.1955
-8.1738 78.3350 -43.4661 0.0000 1650400328628 1709635.0000 -0.1960
-8.3460 78.2600 -42.7984 0.0000 1650400328683 1709689.0000 -0.1960
-8.5028 78.1442 -42.8035 0.0000 1650400328737 1709743.0000 -0.1955
-8.1846 78.1177 -41.7716 0.0000 1650400328791 1709797.0000 -0.1960
-8.6044 78.0906 -41.4543 0.0000 1650400328845 1709850.0000 -0.1955
-8.4015 78.1005 -40.3595 0.0000 1650400328899 1709904.0000 -0.1960
-8.1937 78.2323 -39.6627 0.0000 1650400328953 1709958.0000 -0.1960
-8.4427 78.1685 -38.6665 0.0000 1650400329007 1710012.0000 -0.1965
-8.5512 78.2581 -37.7912 0.0000 1650400329059 1710066.0000 -0.1960
-8.5873 78.3804 -36.4574 0.0000 1650400329114 1710120.0000 -0.1960
-8.1328 78.5582 -35.6942 0.0000 1650400329168 1710174.0000 -0.1960
-8.3495 78.3346 -34.4008 0.0000 1650400329222 1710228.0000 -0.1960
-8.3666 78.3383 -33.2474 0.0000 1650400329276 1710282.0000 -0.1960
-8.5517 78.1771 -31.8621 0.0000 1650400329330 1710336.0000 -0.1955
-7.5327 78.6790 -29.9779 0.0000 1650400329384 1710390.0000 -0.1955
-8.4785 78.4936 -28.5782 0.0000 1650400329438 1710444.0000 -0.1955
-8.1526 78.4781 -28.2427 0.0000 1650400329493 1710498.0000 -0.1955
-8.0225 78.3546 -27.1742 0.0000 1650400329547 1710552.0000 -0.1960
-8.2715 78.1403 -25.7371 0.0000 1650400329601 1710606.0000 -0.1955
-7.5014 77.6561 -24.0977 0.0000 1650400329653 1710660.0000 -0.1955
-8.3163 78.7136 -22.8957 0.0000 1650400329707 1710714.0000 -0.1960
-7.7044 78.2452 -21.6640 0.0000 1650400329761 1710768.0000 -0.1960
-7.9253 78.2474 -20.8517 0.0000 1650400329815 1710822.0000 -0.1955
-8.0855 78.4699 -21.2554 0.0000 1650400329870 1710876.0000 -0.1955
-7.7957 78.3125 -21.0274 0.0000 1650400329924 1710930.0000 -0.1955
-7.5367 78.3341 -21.3791 0.0000 1650400329978 1710984.0000 -0.1955
-7.5128 78.1116 -21.3312 0.0000 1650400330032 1711038.0000 -0.1960
-7.2831 78.1845 -21.2762 0.0000 1650400330086 1711092.0000 -0.1960
-7.4726 78.2341 -21.2948 0.0000 1650400330140 1711146.0000 -0.1960
-7.3346 78.3394 -21.2750 0.0000 1650400330194 1711199.0000 -0.1960
-7.4491 78.3587 -21.1560 0.0000 1650400330248 1711253.0000 -0.1960
-7.4126 78.1932 -21.2794 0.0000 1650400330301 1711307.0000 -0.1960
-7.5207 78.3674 -21.2937 0.0000 1650400330355 1711361.0000 -0.1960
-7.3794 78.1112 -21.2193 0.0000 1650400330409 1711415.0000 -0.1955
-7.6419 78.1141 -21.0547 0.0000 1650400330463 1711469.0000 -0.1955
-7.4531 78.3383 -21.2573 0.0000 1650400330517 1711523.0000 -0.1955
-7.5575 78.1031 -21.0832 0.0000 1650400330571 1711577.0000 -0.1955
-7.2706 78.1976 -21.3689 0.0000 1650400330625 1711631.0000 -0.1960
-7.3769 78.1271 -21.2828 0.0000 1650400330680 1711685.0000 -0.1955
-7.3298 78.2283 -21.3175 0.0000 1650400330734 1711739.0000 -0.1955
-7.3359 78.2848 -21.3561 0.0000 1650400330788 1711793.0000 -0.1955
-7.3418 78.1895 -21.6653 0.0000 1650400330842 1711847.0000 -0.1955
-7.0396 78.2406 -21.2545 0.0000 1650400330894 1711901.0000 -0.1955
-7.4522 78.3467 -21.3359 0.0000 1650400330948 1711955.0000 -0.1950
-7.3841 78.2800 -21.3240 0.0000 1650400331002 1712009.0000 -0.1950
-7.0894 78.1437 -21.4660 0.0000 1650400331057 1712063.0000 -0.1950
-7.2132 78.1730 -21.4251 0.0000 1650400331111 1712117.0000 -0.1955
-7.5540 78.3982 -21.1645 0.0000 1650400331165 1712171.0000 -0.1955
-7.5032 78.8189 -21.9484 0.0000 1650400331219 1712225.0000 -0.1955
-7.6999 78.7949 -23.2379 0.0000 1650400331273 1712279.0000 -0.1955
-8.5461 78.4343 -24.8393 0.0000 1650400331327 1712333.0000 -0.1955
-7.8697 78.2622 -26.0727 0.0000 1650400331381 1712387.0000 -0.1955
-7.8613 78.5548 -27.4133 0.0000 1650400331436 1712441.0000 -0.1955
-7.6864 78.4678 -28.1269 0.0000 1650400331490 1712495.0000 -0.1955
-7.8848 78.4529 -29.0088 0.0000 1650400331542 1712548.0000 -0.1955
-8.3091 78.4613 -30.8019 0.0000 1650400331596 1712602.0000 -0.1955
-8.0829 78.5725 -32.1321 0.0000 1650400331650 1712656.0000 -0.1955
-8.5400 77.9485 -33.0393 0.0000 1650400331704 1712710.0000 -0.1955
-8.1300 78.2970 -33.7989 0.0000 1650400331758 1712764.0000 -0.1955
-8.2743 78.3866 -35.1806 0.0000 1650400331813 1712818.0000 -0.1955
-8.8747 78.3462 -36.6921 0.0000 1650400331867 1712872.0000 -0.1960
-7.8280 78.3719 -38.1748 0.0000 1650400331921 1712926.0000 -0.1955
-8.1828 78.4149 -39.1915 0.0000 1650400331975 1712980.0000 -0.1955
-8.5288 77.2744 -39.3429 0.0000 1650400332029 1713034.0000 -0.1955
-7.1442 78.3369 -39.5266 0.0000 1650400332083 1713088.0000 -0.1955
-8.3721 77.9107 -40.3357 0.0000 1650400332135 1713142.0000 -0.1950
-7.5596 78.0533 -40.9401 0.0000 1650400332189 1713196.0000 -0.1955
-8.5601 78.0033 -42.1464 0.0000 1650400332244 1713250.0000 -0.1955
-8.4898 78.2673 -42.9384 0.0000 1650400332298 1713304.0000 -0.1950
-7.7998 78.2527 -42.7163 0.0000 1650400332352 1713358.0000 -0.1955
-7.8849 78.3669 -43.7210 0.0000 1650400332406 1713412.0000 -0.1955
-8.2087 78.3396 -43.7542 0.0000 1650400332460 1713466.0000 -0.1955
-8.1428 78.3890 -43.7389 0.0000 1650400332514 1713520.0000 -0.1950
-8.1847 78.4106 -43.1126 0.0000 1650400332569 1713574.0000 -0.1950
-8.3409 78.5294 -43.1263 0.0000 1650400332623 1713628.0000 -0.1950
-8.4631 78.4035 -42.4830 0.0000 1650400332677 1713682.0000 -0.1950
-8.2577 78.2306 -42.3360 0.0000 1650400332729 1713736.0000 -0.1950
-8.4552 78.1018 -42.0923 0.0000 1650400332783 1713790.0000 -0.1955
-8.4453 77.9369 -41.8142 0.0000 1650400332837 1713844.0000 -0.1950
-8.5195 78.2287 -40.9072 0.0000 1650400332891 1713897.0000 -0.1950
-8.1399 78.0897 -39.7083 0.0000 1650400332945 1713951.0000 -0.1955
-8.8213 78.1036 -39.0591 0.0000 1650400333000 1714005.0000 -0.1950
-7.9890 78.3232 -38.4888 0.0000 1650400333054 1714059.0000 -0.1950
-7.9359 78.4212 -37.3609 0.0000 1650400333108 1714113.0000 -0.1950
-8.3326 78.4216 -36.4203 0.0000 1650400333162 1714167.0000 -0.1950
-8.1427 78.4780 -35.4233 0.0000 1650400333216 1714221.0000 -0.1950
-8.6138 78.4190 -33.9459 0.0000 1650400333270 1714275.0000 -0.1950
-7.7971 78.5788 -33.0243 0.0000 1650400333324 1714329.0000 -0.1955
-8.0789 78.0001 -31.0347 0.0000 1650400333377 1714383.0000 -0.1950
-7.9874 78.4573 -30.5232 0.0000 1650400333431 1714437.0000 -0.1950
-8.3043 78.5407 -28.8304 0.0000 1650400333485 1714491.0000 -0.1950
-8.4035 78.4127 -27.6785 0.0000 1650400333539 1714545.0000 -0.1950
-7.8457 78.5232 -26.4713 0.0000 1650400333593 1714599.0000 -0.1950
-8.2048 78.3994 -24.8691 0.0000 1650400333647 1714653.0000 -0.1950
-8.2397 78.3693 -23.6781 0.0000 1650400333701 1714707.0000 -0.1950
-8.4632 77.9451 -22.6300 0.0000 1650400333755 1714761.0000 -0.1950
-7.9995 78.4415 -21.2452 0.0000 1650400333810 1714815.0000 -0.1950
-7.9304 78.4486 -21.0678 0.0000 1650400333864 1714869.0000 -0.1955
-8.0088 78.0640 -21.3634 0.0000 1650400333918 1714923.0000 -0.1950
-7.5501 78.2841 -21.1471 0.0000 1650400333970 1714977.0000 -0.1950
-7.3623 78.2037 -21.4133 0.0000 1650400334024 1715031.0000 -0.1950
-7.2854 78.3316 -21.5936 0.0000 1650400334078 1715085.0000 -0.1950
-7.3470 78.3871 -21.5217 0.0000 1650400334132 1715139.0000 -0.1955
-7.3484 78.3800 -21.2780 0.0000 1650400334187 1715193.0000 -0.1950
-7.4922 78.0621 -21.5048 0.0000 1650400334241 1715246.0000 -0.1950
-7.4231 78.3736 -21.3770 0.0000 1650400334295 1715300.0000 -0.1950
-7.3952 78.1815 -21.2796 0.0000 1650400334349 1715354.0000 -0.1955
-7.2749 78.2152 -21.3028 0.0000 1650400334403 1715408.0000 -0.1955
-7.4109 78.1642 -21.3894 0.0000 1650400334457 1715462.0000 -0.1950
-7.4345 78.3237 -21.4443 0.0000 1650400334511 1715516.0000 -0.1950
-7.3170 78.2086 -21.6539 0.0000 1650400334566 1715570.0000 -0.1950
-7.3632 78.2397 -21.6361 0.0000 1650400334618 1715624.0000 -0.1950
-7.4008 78.3768 -21.6865 0.0000 1650400334672 1715678.0000 -0.1950
-7.4489 78.2470 -21.7169 0.0000 1650400334726 1715732.0000 -0.1950
-7.5457 78.2344 -21.5926 0.0000 1650400334780 1715786.0000 -0.1950
-7.5923 78.1681 -21.4010 0.0000 1650400334834 1715840.0000 -0.1950
-7.4858 78.2796 -21.4969 0.0000 1650400334888 1715894.0000 -0.1955
-7.4778 78.2216 -21.5472 0.0000 1650400334943 1715948.0000 -0.1955
-7.4549 78.1850 -21.4333 0.0000 1650400334997 1716002.0000 -0.1950
-7.3713 78.2541 -21.5057 0.0000 1650400335051 1716056.0000 -0.1955
-7.2470 78.4262 -21.6939 0.0000 1650400335105 1716110.0000 -0.1955
-7.1392 78.0825 -21.5726 0.0000 1650400335159 1716164.0000 -0.1955
-7.9182 78.7546 -21.2308 0.0000 1650400335211 1716218.0000 -0.1955
-8.0708 78.2362 -22.4204 0.0000 1650400335265 1716272.0000 -0.1950
-7.5580 78.5533 -23.8271 0.0000 1650400335320 1716326.0000 -0.1955
-7.7171 78.5445 -25.1523 0.0000 1650400335374 1716380.0000 -0.1955
-8.5286 78.4095 -26.6392 0.0000 1650400335428 1716434.0000 -0.1960
-8.6596 78.5378 -27.8149 0.0000 1650400335482 1716488.0000 -0.1960
-7.9790 78.6313 -29.4139 0.0000 1650400335536 1716542.0000 -0.1955
-8.7723 78.2392 -30.7276 0.0000 1650400335590 1716595.0000 -0.1960
-8.0250 78.5187 -31.8220 0.0000 1650400335644 1716649.0000 -0.1960
-8.2283 78.3459 -32.4278 0.0000 1650400335699 1716703.0000 -0.1955
-7.8661 78.4883 -34.2309 0.0000 1650400335753 1716757.0000 -0.1957
-8.1781 78.0353 -34.5614 0.0000 1650400335807 1716811.0000 -0.1955
-8.3946 77.9525 -36.5163 0.0000 1650400335859 1716865.0000 -0.1955
-8.4801 78.4521 -37.2958 0.0000 1650400335913 1716919.0000 -0.1955
-8.3441 78.3511 -38.2464 0.0000 1650400335967 1716973.0000 -0.1960
-8.5928 78.2671 -38.5499 0.0000 1650400336021 1717027.0000 -0.1960
-7.8147 78.2189 -39.4418 0.0000 1650400336076 1717081.0000 -0.1960
-8.3150 77.5372 -40.8858 0.0000 1650400336130 1717135.0000 -0.1960
-7.4739 78.3884 -40.6970 0.0000 1650400336184 1717189.0000 -0.1965
-8.4292 78.2250 -42.5508 0.0000 1650400336238 1717243.0000 -0.1965
-8.5447 78.2028 -41.9007 0.0000 1650400336292 1717297.0000 -0.1960
-7.9857 77.8541 -42.5381 0.0000 1650400336346 1717351.0000 -0.1960
-8.1708 78.3988 -43.8523 0.0000 1650400336400 1717405.0000 -0.1960
-8.1504 78.3092 -43.3564 0.0000 1650400336453 1717459.0000 -0.1965
-8.0577 78.5400 -43.4510 0.0000 1650400336506 1717513.0000 -0.1969
-8.2651 78.1979 -43.7691 0.0000 1650400336561 1717567.0000 -0.1969
-8.0021 78.3931 -43.5106 0.0000 1650400336615 1717621.0000 -0.1969
-8.0368 78.4125 -42.9441 0.0000 1650400336669 1717675.0000 -0.1979
-8.3506 78.2262 -42.1358 0.0000 1650400336723 1717729.0000 -0.1979
-8.0275 78.1799 -42.7457 0.0000 1650400336777 1717783.0000 -0.1979
-8.0446 78.2979 -41.7805 0.0000 1650400336831 1717837.0000 -0.1979
-8.3932 78.2602 -41.8143 0.0000 1650400336886 1717891.0000 -0.1974
-8.4889 78.0498 -40.6677 0.0000 1650400336940 1717945.0000 -0.1974
-8.4100 78.1920 -39.4338 0.0000 1650400336994 1717998.0000 -0.1979
-8.5136 78.1834 -38.5736 0.0000 1650400337048 1718052.0000 -0.1984
-8.5314 78.4203 -37.9539 0.0000 1650400337100 1718106.0000 -0.1979
-8.6448 78.2771 -36.8467 0.0000 1650400337154 1718160.0000 -0.1979
-8.3951 78.3509 -35.9323 0.0000 1650400337208 1718214.0000 -0.1979
-7.9979 78.4662 -34.1509 0.0000 1650400337263 1718268.0000 -0.1984
-7.3108 78.0535 -32.3338 0.0000 1650400337317 1718322.0000 -0.1979
-8.0409 78.4268 -32.1811 0.0000 1650400337371 1718376.0000 -0.1979
-8.2643 78.5231 -30.7415 0.0000 1650400337425 1718430.0000 -0.1979
-8.4976 78.5043 -29.7103 0.0000 1650400337479 1718484.0000 -0.1979
-8.4565 78.4340 -28.5458 0.0000 1650400337533 1718538.0000 -0.1979
-7.8875 78.5875 -26.8078 0.0000 1650400337587 1718592.0000 -0.1979
-7.9441 78.6734 -25.9059 0.0000 1650400337642 1718646.0000 -0.1979
-8.0347 78.4288 -23.9229 0.0000 1650400337694 1718700.0000 -0.1979
-7.9890 78.4174 -23.1464 0.0000 1650400337748 1718754.0000 -0.1979
-7.8673 78.6116 -21.8768 0.0000 1650400337802 1718808.0000 -0.1979
-7.0415 77.4171 -20.4005 0.0000 1650400337856 1718862.0000 -0.1979
-7.5981 78.4681 -20.0406 0.0000 1650400337910 1718916.0000 -0.1979
-7.5843 78.3022 -21.4665 0.0000 1650400337964 1718970.0000 -0.1974
-7.5788 78.3361 -21.4567 0.0000 1650400338018 1719024.0000 -0.1974
-7.6135 78.1716 -21.6377 0.0000 1650400338073 1719078.0000 -0.1979
-7.4364 78.1484 -21.5823 0.0000 1650400338127 1719132.0000 -0.1979
-7.4268 78.3058 -21.6040 0.0000 1650400338181 1719186.0000 -0.1979
-7.1773 78.1671 -21.5905 0.0000 1650400338235 1719240.0000 -0.1974
-7.4600 78.3091 -21.6976 0.0000 1650400338287 1719294.0000 -0.1979
-7.3564 78.0861 -21.4971 0.0000 1650400338341 1719347.0000 -0.1974
-7.3783 77.8912 -21.5833 0.0000 1650400338395 1719401.0000 -0.1974
-7.4922 78.1703 -21.3072 0.0000 1650400338450 1719455.0000 -0.1974
-7.6621 78.2860 -21.6082 0.0000 1650400338504 1719509.0000 -0.1974
-7.4673 78.2317 -21.3245 0.0000 1650400338558 1719563.0000 -0.1974
-7.3168 78.2029 -21.5455 0.0000 1650400338612 1719617.0000 -0.1979
-7.4153 78.0461 -21.5574 0.0000 1650400338666 1719671.0000 -0.1979
-7.2334 78.2178 -21.7078 0.0000 1650400338720 1719725.0000 -0.1974
-7.1847 78.2814 -21.6011 0.0000 1650400338774 1719779.0000 -0.1974
-7.4288 78.3204 -21.5826 0.0000 1650400338829 1719833.0000 -0.1979
-7.4823 78.3242 -21.5300 0.0000 1650400338883 1719887.0000 -0.1979
-7.2936 78.1651 -21.4283 0.0000 1650400338935 1719941.0000 -0.1974
-7.3055 78.1901 -21.5185 0.0000 1650400338989 1719995.0000 -0.1974
-7.3700 78.2425 -21.4988 0.0000 1650400339043 1720049.0000 -0.1974
-7.2121 78.1887 -21.3600 0.0000 1650400339097 1720103.0000 -0.1974
-7.4471 78.1708 -21.5477 0.0000 1650400339151 1720157.0000 -0.1979
-7.6775 78.5075 -21.4889 0.0000 1650400339206 1720211.0000 -0.1979
-7.9176 78.5740 -22.7099 0.0000 1650400339260 1720265.0000 -0.1979
-7.7416 78.5557 -23.4461 0.0000 1650400339314 1720319.0000 -0.1979
-8.1789 78.4607 -24.0537 0.0000 1650400339368 1720373.0000 -0.1979
-7.8425 78.4283 -26.0752 0.0000 1650400339422 1720427.0000 -0.1979
-7.9803 78.4245 -27.4026 0.0000 1650400339476 1720481.0000 -0.1979
-8.1251 78.4284 -28.5101 0.0000 1650400339528 1720535.0000 -0.1974
-8.5508 78.2113 -29.7361 0.0000 1650400339582 1720589.0000 -0.1979
-8.1664 78.5516 -31.0794 0.0000 1650400339637 1720643.0000 -0.1974
-8.1621 78.4784 -32.5949 0.0000 1650400339691 1720696.0000 -0.1979
-8.7658 78.4183 -33.4587 0.0000 1650400339745 1720750.0000 -0.1979
-8.0080 78.3932 -34.8379 0.0000 1650400339799 1720804.0000 -0.1979
-7.8433 78.1082 -35.5269 0.0000 1650400339853 1720858.0000 -0.1979
-8.1860 78.3521 -35.9329 0.0000 1650400339907 1720912.0000 -0.1979
-8.0144 78.2362 -37.6357 0.0000 1650400339961 1720966.0000 -0.1984
-8.2785 78.4223 -38.9035 0.0000 1650400340016 1721020.0000 -0.1979
-8.5004 77.7576 -39.1230 0.0000 1650400340070 1721074.0000 -0.1979
-7.9118 78.3248 -39.7389 0.0000 1650400340124 1721128.0000 -0.1979
-8.4276 77.5796 -40.4095 0.0000 1650400340176 1721182.0000 -0.1974
-8.4888 77.5239 -41.5813 0.0000 1650400340230 1721236.0000 -0.1979
-8.5572 78.3072 -41.9130 0.0000 1650400340284 1721290.0000 -0.1979
-7.6360 78.1637 -43.3211 0.0000 1650400340338 1721344.0000 -0.1979
-8.2878 78.2714 -42.2999 0.0000 1650400340393 1721398.0000 -0.1979
-8.4329 78.2804 -42.4808 0.0000 1650400340447 1721452.0000 -0.1984
-8.5670 78.5431 -43.4225 0.0000 1650400340501 1721506.0000 -0.1979
-8.1826 78.3904 -43.6525 0.0000 1650400340555 1721560.0000 -0.1979
-8.2300 78.3814 -43.8593 0.0000 1650400340609 1721614.0000 -0.1979
-8.2081 78.3669 -42.8139 0.0000 1650400340663 1721668.0000 -0.1979
-8.4410 78.3365 -43.0077 0.0000 1650400340717 1721722.0000 -0.1979
-8.1360 78.2282 -42.2434 0.0000 1650400340770 1721776.0000 -0.1984
-8.0158 78.2171 -42.3126 0.0000 1650400340824 1721830.0000 -0.1984
-7.9561 78.1652 -41.6989 0.0000 1650400340878 1721884.0000 -0.1979
-8.2647 78.0602 -40.9078 0.0000 1650400340932 1721938.0000 -0.1979
-8.3167 78.2430 -40.1522 0.0000 1650400340986 1721992.0000 -0.1984
-8.5759 78.1262 -39.7751 0.0000 1650400341040 1722045.0000 -0.1979
-8.3657 78.2421 -38.1049 0.0000 1650400341094 1722099.0000 -0.1979
-8.5397 78.3139 -37.6272 0.0000 1650400341149 1722153.0000 -0.1979
-8.3632 78.1343 -36.2519 0.0000 1650400341203 1722207.0000 -0.1979
-8.8332 78.1771 -35.2579 0.0000 1650400341257 1722261.0000 -0.1979
-8.7255 78.5154 -33.2308 0.0000 1650400341311 1722315.0000 -0.1984
-7.6498 78.4078 -31.9335 0.0000 1650400341365 1722369.0000 -0.1984
-8.0588 78.6286 -31.2826 0.0000 1650400341417 1722423.0000 -0.1979
-8.4508 78.3945 -30.3350 0.0000 1650400341471 1722477.0000 -0.1979
-8.1332 78.5381 -28.8301 0.0000 1650400341526 1722531.0000 -0.1979
-8.2625 78.1350 -27.7632 0.0000 1650400341580 1722585.0000 -0.1979
-7.8580 78.4328 -26.2574 0.0000 1650400341634 1722639.0000 -0.1974
-8.1317 78.4022 -25.2970 0.0000 1650400341688 1722693.0000 -0.1974
-7.8124 78.4367 -23.8555 0.0000 1650400341742 1722747.0000 -0.1974
-7.7589 78.2009 -22.5963 0.0000 1650400341796 1722801.0000 -0.1979
-7.6316 78.3616 -21.4388 0.0000 1650400341850 1722855.0000 -0.1979
-8.0097 78.3860 -21.1299 0.0000 1650400341904 1722909.0000 -0.1979
-7.8345 78.2010 -21.3223 0.0000 1650400341959 1722963.0000 -0.1979
-7.4501 78.3584 -21.1906 0.0000 1650400342011 1723017.0000 -0.1979
-7.6511 78.2696 -21.3135 0.0000 1650400342065 1723071.0000 -0.1979
-7.5116 78.0628 -21.4766 0.0000 1650400342119 1723125.0000 -0.1979
-7.5230 78.0932 -21.5163 0.0000 1650400342173 1723179.0000 -0.1979
-7.5464 78.1224 -21.4760 0.0000 1650400342227 1723233.0000 -0.1974
-7.6780 78.0607 -21.1489 0.0000 1650400342281 1723287.0000 -0.1974
-7.6063 78.1739 -21.4037 0.0000 1650400342336 1723341.0000 -0.1979
-7.4360 78.0152 -21.4773 0.0000 1650400342390 1723394.0000 -0.1979
-7.3371 78.0500 -21.4810 0.0000 1650400342444 1723448.0000 -0.1979
-7.6139 78.2439 -21.4385 0.0000 1650400342498 1723502.0000 -0.1974
-7.5017 78.1866 -21.2871 0.0000 1650400342552 1723556.0000 -0.1979
-7.4254 78.0972 -21.1897 0.0000 1650400342606 1723610.0000 -0.1979
-7.3929 78.0636 -21.5283 0.0000 1650400342658 1723664.0000 -0.1979
-7.4127 78.0100 -21.4232 0.0000 1650400342713 1723718.0000 -0.1979
-7.3103 78.1495 -21.2477 0.0000 1650400342767 1723772.0000 -0.1974
-7.4868 78.0396 -21.4172 0.0000 1650400342821 1723826.0000 -0.1974
-7.5343 78.0914 -21.4482 0.0000 1650400342875 1723880.0000 -0.1974
-7.3590 78.0562 -21.5805 0.0000 1650400342929 1723934.0000 -0.1979
-7.3116 78.2377 -21.1977 0.0000 1650400342983 1723988.0000 -0.1979
-7.5247 78.1015 -21.2495 0.0000 1650400343037 1724042.0000 -0.1974
-7.5660 78.0950 -21.4659 0.0000 1650400343092 1724096.0000 -0.1979
-7.3464 78.0709 -21.5094 0.0000 1650400343146 1724150.0000 -0.1984
-7.4805 77.9301 -21.3154 0.0000 1650400343200 1724204.0000 -0.1979
-7.7665 78.6884 -21.5810 0.0000 1650400343252 1724258.0000 -0.1979
-7.5173 78.6281 -22.7591 0.0000 1650400343306 1724312.0000 -0.1974
-8.1030 78.1347 -24.0681 0.0000 1650400343360 1724366.0000 -0.1979
-7.8584 78.4375 -25.1825 0.0000 1650400343414 1724420.0000 -0.1979
-8.5402 78.3793 -26.5658 0.0000 1650400343468 1724474.0000 -0.1979
-8.6671 78.3974 -27.8545 0.0000 1650400343523 1724528.0000 -0.1979
-8.3476 78.3363 -29.2731 0.0000 1650400343577 1724582.0000 -0.1974
-8.0115 78.3975 -30.5895 0.0000 1650400343631 1724636.0000 -0.1979
-8.0871 78.4163 -31.9806 0.0000 1650400343685 1724690.0000 -0.1979
-8.2634 78.4845 -32.9875 0.0000 1650400343739 1724743.0000 -0.1979
-7.9110 78.4071 -34.1681 0.0000 1650400343793 1724797.0000 -0.1974
-8.2310 77.7472 -35.5091 0.0000 1650400343845 1724851.0000 -0.1974
-7.6802 78.1317 -35.5488 0.0000 1650400343900 1724905.0000 -0.1974
-8.0605 78.3314 -37.7485 0.0000 1650400343954 1724959.0000 -0.1974
-8.4040 78.2285 -38.5267 0.0000 1650400344008 1725013.0000 -0.1979
-8.3926 78.4424 -39.2893 0.0000 1650400344062 1725067.0000 -0.1979
-8.4407 78.1640 -39.8990 0.0000 1650400344116 1725121.0000 -0.1974
-7.9073 78.3473 -40.2473 0.0000 1650400344170 1725175.0000 -0.1974
-7.6614 78.1548 -41.3223 0.0000 1650400344224 1725229.0000 -0.1979
-8.6383 77.6943 -42.0893 0.0000 1650400344279 1725283.0000 -0.1974
-8.2039 78.4036 -42.7990 0.0000 1650400344333 1725337.0000 -0.1974
-7.6965 77.9478 -42.4208 0.0000 1650400344387 1725391.0000 -0.1974
-8.1691 78.1305 -43.5753 0.0000 1650400344441 1725445.0000 -0.1974
-8.3948 78.3918 -42.9332 0.0000 1650400344493 1725499.0000 -0.1979
-8.0134 78.2039 -43.0670 0.0000 1650400344547 1725553.0000 -0.1979
-8.1976 78.6173 -43.5579 0.0000 1650400344601 1725607.0000 -0.1979
-8.1335 78.4224 -43.3836 0.0000 1650400344656 1725661.0000 -0.1974
-8.3399 78.3917 -42.5790 0.0000 1650400344710 1725715.0000 -0.1979
-8.2912 78.1270 -43.1596 0.0000 1650400344764 1725769.0000 -0.1979
-8.3619 78.0808 -42.3309 0.0000 1650400344818 1725823.0000 -0.1979
-8.3049 77.9689 -41.3494 0.0000 1650400344872 1725877.0000 -0.1974
-7.9110 78.1944 -40.9525 0.0000 1650400344926 1725931.0000 -0.1974
-8.4761 77.9407 -40.0190 0.0000 1650400344980 1725985.0000 -0.1974
-8.2377 78.1393 -39.6273 0.0000 1650400345035 1726039.0000 -0.1974
-8.6366 78.2729 -39.1164 0.0000 1650400345087 1726092.0000 -0.1979
-8.7197 78.2744 -37.5708 0.0000 1650400345141 1726146.0000 -0.1979
-8.5422 78.1873 -37.2088 0.0000 1650400345195 1726200.0000 -0.1974
-8.4323 78.1073 -35.6570 0.0000 1650400345249 1726254.0000 -0.1979
-8.6468 78.3755 -34.7455 0.0000 1650400345303 1726308.0000 -0.1979
-8.4580 78.4207 -32.5020 0.0000 1650400345357 1726362.0000 -0.1979
-8.5498 78.4731 -32.0294 0.0000 1650400345412 1726416.0000 -0.1974
-7.8088 78.1815 -30.7534 0.0000 1650400345466 1726470.0000 -0.1974
-8.4116 78.4936 -29.7672 0.0000 1650400345520 1726524.0000 -0.1974
-8.3117 78.4750 -28.3816 0.0000 1650400345574 1726578.0000 -0.1974
-8.0597 78.4669 -27.0026 0.0000 1650400345628 1726632.0000 -0.1979
-8.3092 78.5241 -25.7310 0.0000 1650400345682 1726686.0000 -0.1974
-7.9802 78.3164 -24.4360 0.0000 1650400345734 1726740.0000 -0.1974
-7.7143 78.4724 -23.3868 0.0000 1650400345788 1726794.0000 -0.1979
-8.0489 78.1374 -21.9670 0.0000 1650400345843 1726848.0000 -0.1979
-8.3065 78.1282 -20.8723 0.0000 1650400345897 1726902.0000 -0.1974
-7.7167 78.3189 -20.4010 0.0000 1650400345951 1726956.0000 -0.1974
-7.6646 78.5167 -20.8983 0.0000 1650400346005 1727010.0000 -0.1974
-7.5181 78.4013 -21.0978 0.0000 1650400346059 1727064.0000 -0.1974
-7.6114 78.2278 -21.5088 0.0000 1650400346113 1727118.0000 -0.1979
-7.5680 78.1994 -21.4490 0.0000 1650400346168 1727172.0000 -0.1979
-7.8068 78.2984 -21.3572 0.0000 1650400346222 1727226.0000 -0.1979
-7.5904 78.2644 -21.1928 0.0000 1650400346276 1727280.0000 -0.1974
-7.3786 78.2888 -21.2288 0.0000 1650400346328 1727334.0000 -0.1974
-7.7056 78.2016 -21.1946 0.0000 1650400346382 1727388.0000 -0.1979
-7.3167 78.0966 -21.3873 0.0000 1650400346436 1727442.0000 -0.1979
-7.2642 78.1909 -21.1927 0.0000 1650400346490 1727495.0000 -0.1974
-7.5186 78.3148 -21.3013 0.0000 1650400346544 1727549.0000 -0.1974
-7.6088 78.1852 -21.2215 0.0000 1650400346599 1727603.0000 -0.1974
-7.2971 78.2666 -21.3222 0.0000 1650400346653 1727657.0000 -0.1974
-7.3408 78.1126 -21.3880 0.0000 1650400346707 1727711.0000 -0.1974
-7.5349 78.2492 -21.4437 0.0000 1650400346761 1727765.0000 -0.1974
-7.4251 78.2511 -21.5143 0.0000 1650400346815 1727819.0000 -0.1974
-7.4986 78.1839 -21.2665 0.0000 1650400346869 1727873.0000 -0.1979
-7.5614 78.3246 -21.3583 0.0000 1650400346923 1727927.0000 -0.1979
-7.3646 78.1760 -21.2532 0.0000 1650400346976 1727981.0000 -0.1979
-7.5086 78.1819 -21.2959 0.0000 1650400347030 1728035.0000 -0.1974
-7.5382 78.2508 -21.3015 0.0000 1650400347084 1728089.0000 -0.1974
-7.4496 78.3476 -21.3266 0.0000 1650400347138 1728143.0000 -0.1974
-7.4385 78.1110 -21.2539 0.0000 1650400347192 1728197.0000 -0.1979
-7.6375 78.6652 -21.2047 0.0000 1650400347246 1728251.0000 -0.1979
-7.9094 78.7677 -22.4872 0.0000 1650400347300 1728305.0000 -0.1974
-8.0775 78.3112 -23.4794 0.0000 1650400347354 1728359.0000 -0.1974
-7.9799 78.3874 -23.9520 0.0000 1650400347409 1728413.0000 -0.1979
-7.8074 78.4534 -25.7011 0.0000 1650400347463 1728467.0000 -0.1979
-8.2933 78.3548 -27.2214 0.0000 1650400347517 1728521.0000 -0.1979
-8.3264 78.4893 -28.6627 0.0000 1650400347569 1728575.0000 -0.1974
-8.0790 78.4833 -29.7407 0.0000 1650400347623 1728629.0000 -0.1974
-8.3026 78.3256 -31.1245 0.0000 1650400347677 1728683.0000 -0.1974
-8.3090 78.4975 -32.4859 0.0000 1650400347731 1728737.0000 -0.1979
-8.3369 78.3806 -33.5583 0.0000 1650400347786 1728791.0000 -0.1979
-8.6042 78.1314 -34.7757 0.0000 1650400347840 1728844.0000 -0.1979
-8.0379 78.4602 -35.3957 0.0000 1650400347894 1728898.0000 -0.1979
-7.7928 78.4367 -36.2472 0.0000 1650400347948 1728952.0000 -0.1979
-7.9067 78.4151 -37.9007 0.0000 1650400348002 1729006.0000 -0.1979
-8.1497 78.2768 -39.0307 0.0000 1650400348056 1729060.0000 -0.1979
-8.5704 78.2974 -39.7925 0.0000 1650400348111 1729114.0000 -0.1974
-8.5677 77.9832 -40.3547 0.0000 1650400348165 1729168.0000 -0.1974
-8.2269 78.2545 -40.5835 0.0000 1650400348217 1729222.0000 -0.1974
-8.0827 78.2754 -41.5322 0.0000 1650400348271 1729276.0000 -0.1979
-8.4762 78.2593 -41.6515 0.0000 1650400348325 1729330.0000 -0.1979
-7.9788 78.2142 -41.7903 0.0000 1650400348379 1729384.0000 -0.1974
-8.0852 77.9076 -43.6015 0.0000 1650400348433 1729438.0000 -0.1974
-8.0536 78.2645 -43.1588 0.0000 1650400348487 1729492.0000 -0.1974
-8.3456 78.3027 -43.2777 0.0000 1650400348542 1729546.0000 -0.1974
-8.2946 78.2397 -43.1128 0.0000 1650400348596 1729600.0000 -0.1969
-8.3474 78.3822 -43.1201 0.0000 1650400348650 1729654.0000 -0.1969
-8.2843 78.5189 -42.7803 0.0000 1650400348704 1729708.0000 -0.1974
-8.1930 78.4163 -42.7056 0.0000 1650400348758 1729762.0000 -0.1969
-8.2376 78.3838 -42.6615 0.0000 1650400348810 1729816.0000 -0.1974
-8.3151 78.2340 -42.1678 0.0000 1650400348864 1729870.0000 -0.1974
-8.1083 78.2219 -41.0975 0.0000 1650400348919 1729924.0000 -0.1969
-8.3818 77.9313 -41.0040 0.0000 1650400348973 1729978.0000 -0.1974
-8.1228 78.1685 -39.9092 0.0000 1650400349027 1730032.0000 -0.1974
-8.5029 78.0530 -39.5333 0.0000 1650400349081 1730086.0000 -0.1974
-8.2913 78.2389 -38.3268 0.0000 1650400349135 1730140.0000 -0.1974
-8.1497 78.3143 -37.8179 0.0000 1650400349189 1730193.0000 -0.1974
-8.7830 78.4591 -36.5523 0.0000 1650400349243 1730247.0000 -0.1969
-8.4341 78.4770 -35.3610 0.0000 1650400349297 1730301.0000 -0.1969
-8.4319 78.5258 -34.2661 0.0000 1650400349352 1730355.0000 -0.1974
-8.3773 78.2940 -32.1787 0.0000 1650400349404 1730409.0000 -0.1974
-8.5116 78.4052 -31.7258 0.0000 1650400349458 1730463.0000 -0.1974
-8.4246 78.5786 -30.3652 0.0000 1650400349512 1730517.0000 -0.1969
-8.1833 78.4385 -29.3031 0.0000 1650400349566 1730571.0000 -0.1974
-7.9362 78.5131 -27.9582 0.0000 1650400349620 1730625.0000 -0.1974
-8.1022 78.4239 -26.5385 0.0000 1650400349674 1730679.0000 -0.1969
-8.0651 78.4363 -25.3908 0.0000 1650400349729 1730733.0000 -0.1969
-7.9666 78.4011 -23.9932 0.0000 1650400349783 1730787.0000 -0.1969
-7.8761 78.4051 -23.0565 0.0000 1650400349837 1730841.0000 -0.1969
-7.7501 78.3838 -21.3299 0.0000 1650400349891 1730895.0000 -0.1974
-7.8666 78.4905 -20.9449 0.0000 1650400349945 1730949.0000 -0.1974
-7.9410 78.6004 -21.1305 0.0000 1650400349999 1731003.0000 -0.1969
-7.5552 78.4749 -21.2228 0.0000 1650400350051 1731057.0000 -0.1969
-7.5738 78.3886 -21.2725 0.0000 1650400350106 1731111.0000 -0.1974
-7.6045 78.3628 -21.4746 0.0000 1650400350160 1731165.0000 -0.1974
-7.5268 78.3245 -21.5591 0.0000 1650400350214 1731219.0000 -0.1974
-7.6765 78.3939 -21.3126 0.0000 1650400350268 1731273.0000 -0.1969
-7.5908 78.3333 -21.3838 0.0000 1650400350322 1731327.0000 -0.1969
-7.6552 78.2734 -21.4031 0.0000 1650400350378 1731381.0000 -0.1969
-7.4505 78.2517 -21.3289 0.0000 1650400350430 1731435.0000 -0.1974
-7.6139 78.2060 -21.3289 0.0000 1650400350485 1731489.0000 -0.1974
-7.5937 78.1471 -21.1825 0.0000 1650400350539 1731542.0000 -0.1969
-7.6976 78.2262 -21.4400 0.0000 1650400350593 1731596.0000 -0.1969
-7.5900 78.3529 -21.2894 0.0000 1650400350645 1731650.0000 -0.1969
-7.4016 78.2071 -21.3571 0.0000 1650400350699 1731704.0000 -0.1969
-7.4503 78.2826 -21.2676 0.0000 1650400350753 1731758.0000 -0.1969
-7.4581 78.2590 -21.1976 0.0000 1650400350807 1731812.0000 -0.1969
-7.4980 78.3173 -21.3326 0.0000 1650400350862 1731866.0000 -0.1969
-7.6091 78.2728 -21.3505 0.0000 1650400350916 1731920.0000 -0.1969
-7.3242 78.1249 -21.4988 0.0000 1650400350970 1731974.0000 -0.1974
-7.3946 78.2901 -21.2857 0.0000 1650400351024 1732028.0000 -0.1974
-7.4388 78.0039 -21.4537 0.0000 1650400351078 1732082.0000 -0.1969
-7.5239 78.2160 -21.2193 0.0000 1650400351132 1732136.0000 -0.1974
-7.3800 78.2824 -21.7467 0.0000 1650400351186 1732190.0000 -0.1974
-7.4337 78.3859 -21.3893 0.0000 1650400351241 1732244.0000 -0.1974
-7.6575 78.8444 -21.6561 0.0000 1650400351293 1732298.0000 -0.1969
-8.2819 78.6543 -22.5314 0.0000 1650400351347 1732352.0000 -0.1969
-8.1026 78.3681 -23.9008 0.0000 1650400351401 1732406.0000 -0.1969
-7.9823 78.3845 -25.2145 0.0000 1650400351455 1732460.0000 -0.1969
-8.5176 78.3784 -26.4756 0.0000 1650400351509 1732514.0000 -0.1974
-8.0022 78.4565 -27.7128 0.0000 1650400351563 1732568.0000 -0.1974
-8.3562 78.3988 -29.1318 0.0000 1650400351617 1732622.0000 -0.1969
-8.2401 78.4302 -30.3846 0.0000 1650400351672 1732676.0000 -0.1969
-8.3039 78.4827 -31.4571 0.0000 1650400351726 1732730.0000 -0.1969
-8.2987 78.4757 -32.9398 0.0000 1650400351780 1732784.0000 -0.1965
-8.2807 78.3097 -34.0384 0.0000 1650400351834 1732838.0000 -0.1965
-8.5782 78.2845 -35.3277 0.0000 1650400351886 1732891.0000 -0.1965
-8.1329 78.4916 -36.3294 0.0000 1650400351940 1732945.0000 -0.1965
-8.3869 78.3061 -37.2850 0.0000 1650400351994 1732999.0000 -0.1965
-7.9763 78.2215 -37.4460 0.0000 1650400352049 1733053.0000 -0.1969
-8.4642 78.3734 -38.6909 0.0000 1650400352103 1733107.0000 -0.1969
-8.2062 78.2931 -39.5736 0.0000 1650400352157 1733161.0000 -0.1965
-7.8857 77.8266 -39.9833 0.0000 1650400352211 1733215.0000 -0.1969
-8.1876 78.0838 -41.4803 0.0000 1650400352265 1733269.0000 -0.1969
-8.3949 78.3066 -42.1525 0.0000 1650400352319 1733323.0000 -0.1969
-8.3110 78.2961 -41.4864 0.0000 1650400352373 1733377.0000 -0.1965
-8.5057 78.2268 -42.2996 0.0000 1650400352428 1733431.0000 -0.1965
-8.6197 78.1879 -42.8221 0.0000 1650400352480 1733485.0000 -0.1965
-8.4822 78.3663 -43.2747 0.0000 1650400352534 1733539.0000 -0.1965
-8.2848 78.2413 -42.7806 0.0000 1650400352588 1733593.0000 -0.1969
-8.4159 78.5280 -43.5741 0.0000 1650400352642 1733647.0000 -0.1969
-8.2513 78.3354 -43.6454 0.0000 1650400352696 1733701.0000 -0.1965
-8.4536 78.5064 -43.1087 0.0000 1650400352750 1733755.0000 -0.1969
-8.2047 78.2689 -42.2805 0.0000 1650400352805 1733809.0000 -0.1969
-8.3376 78.0215 -42.3390 0.0000 1650400352859 1733863.0000 -0.1969
-8.2898 78.3246 -41.9098 0.0000 1650400352913 1733917.0000 -0.1965
-8.2520 78.1604 -41.5140 0.0000 1650400352967 1733971.0000 -0.1960
