44.5799 -59.2654 -29.2715 31.4428 1690733658917 128.2500 -0.2331
44.7896 -59.2264 -29.4996 27.6935 1690733658949 161.0000 -0.2331
45.5864 -58.7363 -29.3446 45.7028 1690733658982 193.7500 -0.2353
46.4019 -57.5584 -28.7865 24.5334 1690733659016 226.2500 -0.2360
47.0784 -56.7012 -27.1756 18.1899 1690733659048 260.2500 -0.2353
47.5644 -57.1687 -27.8110 25.8760 1690733659080 292.0000 -0.2328
47.7535 -56.6495 -28.2532 39.9005 1690733659114 324.5000 -0.2306
47.7593 -56.3652 -28.5316 42.6428 1690733659146 357.0000 -0.2306
48.5044 -55.9880 -28.3441 33.9389 1690733659178 390.0000 -0.2259
49.2596 -55.6403 -27.9342 42.9216 1690733659212 422.5000 -0.2243
49.0222 -54.9899 -27.9694 39.0278 1690733659244 455.0000 -0.2209
48.2989 -55.1344 -28.1318 36.9487 1690733659276 488.0000 -0.2133
48.6713 -54.7301 -28.5831 41.5768 1690733659309 520.7500 -0.2092
48.4948 -54.8840 -28.2605 31.3855 1690733659342 554.2500 -0.2055
47.5419 -55.9029 -28.9404 35.7600 1690733659374 586.0000 -0.2002
46.7595 -57.2584 -29.1262 28.1311 1690733659407 618.5000 -0.1955
45.8768 -57.8683 -29.1901 30.5625 1690733659440 650.7500 -0.1955
45.2871 -58.5501 -28.9646 35.3189 1690733659473 684.0000 -0.1872
44.7574 -59.0117 -28.8804 33.0310 1690733659505 716.7500 -0.1872
44.3376 -59.5381 -28.8569 33.5336 1690733659539 567.2500 -0.1794
43.8560 -59.9845 -28.7421 40.5492 1690733659571 54.0000 -0.1794
44.0099 -59.8177 -28.9826 38.9031 1690733659603 87.0000 -0.1725
44.2104 -59.4850 -29.3167 31.9023 1690733659636 119.2500 -0.1706
44.1522 -59.7488 -29.9601 34.5438 1690733659669 152.0000 -0.1686
45.0360 -59.3382 -29.9986 48.6740 1690733659701 185.0000 -0.1657
46.1680 -58.2789 -29.0320 25.1679 1690733659748 217.5000 -0.1647
46.6561 -56.8648 -27.2709 21.4387 1690733659769 250.0000 -0.1584
47.7172 -57.3466 -27.8395 22.9937 1690733659800 283.0000 -0.1584
47.5931 -56.9536 -28.0476 31.2170 1690733659832 315.2500 -0.1584
47.5889 -56.8357 -28.4088 42.9071 1690733659866 347.7500 -0.1510
47.8266 -56.5293 -28.4713 32.0286 1690733659898 381.0000 -0.1485
48.7393 -56.2004 -27.9275 49.7286 1690733659930 413.7500 -0.1447
49.3248 -55.5536 -27.6466 33.6301 1690733659963 446.0000 -0.1437
48.3945 -55.5038 -28.3439 39.4270 1690733659996 479.0000 -0.1430
48.2679 -55.8266 -28.5344 38.6781 1690733660028 511.7500 -0.1408
48.4620 -55.4223 -28.1238 44.6941 1690733660061 544.2500 -0.1359
47.7997 -55.9549 -28.5340 35.5347 1690733660094 577.0000 -0.1359
46.9691 -57.1181 -28.8430 37.7094 1690733660126 611.5000 -0.1260
46.0208 -58.0193 -28.9531 34.6925 1690733660159 643.2500 -0.1227
45.3393 -58.5611 -29.1617 29.2769 1690733660193 675.0000 -0.1186
44.5234 -59.3453 -29.0772 36.8791 1690733660225 707.5000 -0.1061
43.9702 -60.0176 -28.8409 30.9701 1690733660257 561.2500 -0.0880
43.5174 -60.4113 -28.7971 38.5790 1690733660291 56.0000 -0.0839
43.4710 -60.8374 -28.6375 37.9152 1690733660323 89.0000 -0.0714
43.4305 -60.7611 -28.8107 35.1454 1690733660355 121.5000 -0.0586
43.4351 -60.7922 -29.1612 37.1735 1690733660388 154.0000 -0.0543
43.3879 -60.5660 -29.6672 36.5516 1690733660421 187.0000 -0.0426
44.6462 -60.4539 -29.1281 38.8451 1690733660453 219.7500 -0.0387
45.3541 -59.6087 -27.9942 23.5402 1690733660485 252.0000 -0.0309
46.3445 -59.1039 -27.4608 24.0195 1690733660519 285.0000 -0.0167
46.3261 -58.4185 -27.8566 31.7069 1690733660552 317.7500 -0.0104
46.3899 -58.4866 -28.3618 44.9322 1690733660584 350.2500 -0.0035
46.3846 -58.2692 -28.7107 37.8180 1690733660618 383.0000 0.0033
46.6354 -58.5802 -28.4436 37.1314 1690733660650 416.7500 0.0109
47.4826 -58.6614 -27.7755 42.3483 1690733660682 448.2500 0.0184
47.4602 -58.1287 -27.6053 34.5652 1690733660715 481.0000 0.0212
46.6759 -58.3719 -28.1231 39.2781 1690733660751 514.0000 0.0297
46.8262 -58.2995 -28.1297 32.8946 1690733660781 546.2500 0.0297
46.7859 -58.1779 -28.2359 31.3836 1690733660812 579.0000 0.0374
46.0770 -58.5727 -28.5030 29.9762 1690733660846 612.0000 0.0438
45.3248 -59.6817 -28.5128 31.3233 1690733660878 644.5000 0.0477
44.4773 -60.6353 -28.4832 33.2653 1690733660910 677.0000 0.0498
43.5502 -61.0915 -28.7331 36.6545 1690733660945 709.5000 0.0579
43.1678 -61.6414 -28.7606 38.4263 1690733660977 742.2500 0.0634
42.7073 -62.1137 -28.4953 39.0926 1690733661009 48.0000 0.0634
42.4816 -62.5154 -28.5115 27.9603 1690733661042 82.5000 0.0670
42.5810 -62.4699 -28.5292 30.2371 1690733661075 113.7500 0.0686
42.6748 -62.1107 -28.4001 38.8506 1690733661107 146.0000 0.0697
42.1144 -62.1105 -28.3731 33.1504 1690733661139 179.0000 0.0685
42.1008 -62.5404 -28.8248 36.5586 1690733661173 211.7500 0.0609
43.6491 -62.1364 -28.2363 22.2877 1690733661205 244.2500 0.0492
44.3593 -61.5153 -26.8853 28.3507 1690733661237 277.0000 0.0492
45.2725 -60.6758 -26.9158 20.2483 1690733661271 309.7500 0.0389
45.1232 -60.1062 -27.8799 31.3273 1690733661303 342.2500 0.0287
44.8794 -59.6394 -28.0282 34.8441 1690733661335 375.0000 0.0067
44.9783 -59.4719 -28.4981 30.3609 1690733661369 408.0000 -0.0112
45.7383 -59.6220 -28.1763 25.4360 1690733661402 440.2500 -0.0172
46.8094 -59.2919 -27.4029 38.6772 1690733661434 474.7500 -0.0297
46.7112 -58.8189 -27.0118 34.3492 1690733661467 505.2500 -0.0421
45.9569 -59.0185 -27.4523 27.6787 1690733661500 538.5000 -0.0476
46.7553 -58.5021 -27.5406 29.9800 1690733661532 571.0000 -0.0641
46.3547 -57.8296 -28.0294 30.6025 1690733661564 604.0000 -0.0861
45.8278 -58.2859 -28.5189 38.8505 1690733661598 636.5000 -0.0861
45.4649 -59.0385 -28.7157 35.0367 1690733661630 669.0000 -0.1085
45.0463 -59.7176 -28.4599 26.3318 1690733661662 702.0000 -0.1186
44.5735 -60.1850 -28.5299 27.7861 1690733661696 734.7500 -0.1286
44.2196 -60.4959 -28.4463 31.4544 1690733661728 767.2500 -0.1425
43.8486 -60.8224 -28.3973 29.7708 1690733661761 225.7500 -0.1471
44.0118 -60.9352 -28.4295 30.6290 1690733661794 67.7500 -0.1596
44.7700 -60.6962 -27.9576 33.8403 1690733661827 102.2500 -0.1637
44.8312 -60.0859 -28.0848 31.3866 1690733661859 132.7500 -0.1711
44.4770 -59.8924 -28.5407 39.5493 1690733661891 166.0000 -0.1784
44.9938 -59.4285 -28.8795 34.3155 1690733661925 198.2500 -0.1872
46.1323 -58.7650 -28.4368 32.2274 1690733661957 231.0000 -0.1924
46.6368 -56.8972 -27.7667 20.3587 1690733661989 264.0000 -0.1994
47.1035 -56.9705 -27.6468 19.4863 1690733662023 296.5000 -0.1994
46.8273 -56.9640 -28.3676 30.4140 1690733662055 329.0000 -0.2067
46.9746 -56.6096 -28.2876 28.8814 1690733662087 362.0000 -0.2092
47.9041 -56.2941 -28.3788 41.5630 1690733662120 394.5000 -0.2199
48.5690 -56.0440 -28.3006 30.8081 1690733662154 427.0000 -0.2210
48.7615 -55.0568 -28.0732 28.3335 1690733662186 460.0000 -0.2243
47.8072 -55.0936 -28.5717 32.6617 1690733662218 492.7500 -0.2253
48.2698 -55.4529 -28.6257 32.4944 1690733662252 524.7500 -0.2282
48.2972 -54.9688 -28.4095 24.4724 1690733662284 557.7500 -0.2287
47.5047 -55.6885 -29.2652 27.0605 1690733662316 590.7500 -0.2302
46.6133 -56.9015 -29.4956 32.4684 1690733662350 623.2500 -0.2311
46.0576 -57.8815 -29.3008 39.4067 1690733662382 656.0000 -0.2321
45.6088 -58.4926 -28.8878 35.5772 1690733662414 689.0000 -0.2310
45.0324 -59.1266 -28.8010 35.1959 1690733662447 721.2500 -0.2292
44.6507 -59.4342 -28.8071 37.0530 1690733662480 754.0000 -0.2277
44.4532 -59.6145 -28.7862 32.4778 1690733662513 226.7500 -0.2277
44.3644 -59.7593 -28.8181 33.5439 1690733662545 74.0000 -0.2233
44.4921 -59.2950 -29.0713 26.1048 1690733662579 106.5000 -0.2189
44.6352 -59.3157 -29.6688 28.3165 1690733662611 138.0000 -0.2175
45.0575 -59.0050 -29.6469 40.6583 1690733662643 171.7500 -0.2165
46.4236 -58.3762 -29.4150 36.6830 1690733662677 203.0000 -0.2155
46.9606 -57.0025 -27.8307 20.6449 1690733662709 236.0000 -0.2150
47.4534 -56.7438 -27.7944 24.5997 1690733662741 268.5000 -0.2132
47.5649 -56.5773 -28.2424 35.0746 1690733662774 301.0000 -0.2092
47.5981 -56.6396 -28.2095 33.7695 1690733662807 334.0000 -0.2092
48.0406 -56.1614 -28.4345 43.6029 1690733662839 366.7500 -0.2082
49.0993 -55.8419 -28.0288 54.6718 1690733662872 399.0000 -0.2043
49.3583 -55.0075 -28.1007 41.7171 1690733662906 432.0000 -0.2033
48.5979 -54.7751 -28.2863 35.3296 1690733662938 464.7500 -0.2026
48.5375 -55.0111 -28.6993 33.3270 1690733662970 497.2500 -0.2004
48.7856 -54.6519 -28.1923 36.3297 1690733663004 530.0000 -0.1991
48.1951 -55.4583 -28.5399 30.1127 1690733663036 563.0000 -0.1979
47.2757 -56.6147 -28.7898 33.9389 1690733663068 594.7500 -0.1984
46.4045 -57.6166 -28.9666 25.8926 1690733663101 628.0000 -0.1984
45.6519 -58.1183 -29.1273 35.3559 1690733663134 661.0000 -0.1984
45.1195 -58.7793 -28.8643 41.3673 1690733663166 693.5000 -0.1984
44.5540 -59.3558 -28.8985 38.4782 1690733663199 726.0000 -0.1979
44.2986 -59.6136 -28.8810 36.4412 1690733663232 42.0000 -0.1984
44.0548 -59.7400 -28.9561 31.8352 1690733663264 74.5000 -0.1989
44.3592 -59.4558 -29.2461 35.1160 1690733663297 107.0000 -0.1991
44.3802 -59.1870 -29.8969 34.6022 1690733663331 140.0000 -0.1999
44.6934 -59.1665 -30.1768 41.2154 1690733663363 173.5000 -0.1984
46.0051 -58.6952 -29.6317 45.2845 1690733663395 204.7500 -0.1972
46.7014 -57.4646 -28.1290 26.0653 1690733663428 238.0000 -0.1935
47.9056 -56.7637 -27.6281 17.0611 1690733663462 270.0000 -0.1935
47.7747 -56.7683 -28.2209 26.8919 1690733663497 303.2500 -0.1842
47.6594 -56.6235 -28.4251 40.5278 1690733663528 336.0000 -0.1725
47.9943 -56.1630 -28.6058 39.3375 1690733663559 369.0000 -0.1686
48.5545 -56.1915 -28.3298 39.5898 1690733663592 401.2500 -0.1596
49.2310 -55.6406 -28.2708 41.4063 1690733663624 434.0000 -0.1505
48.7633 -55.3146 -28.1788 30.3417 1690733663658 467.0000 -0.1405
48.3066 -55.4352 -28.7054 38.4012 1690733663690 499.5000 -0.1245
48.5029 -55.2161 -28.5015 46.2625 1690733663722 532.0000 -0.1066
47.9042 -55.6117 -28.5204 32.7101 1690733663755 565.0000 -0.1066
47.0025 -56.8004 -29.0474 32.0833 1690733663788 597.5000 -0.0872
46.2491 -57.9755 -28.9573 32.4737 1690733663820 630.0000 -0.0757
45.3996 -58.6614 -28.9317 36.5016 1690733663853 663.0000 -0.0607
44.7065 -59.2246 -28.9646 39.7781 1690733663886 694.5000 -0.0607
44.0764 -60.0392 -28.7957 29.8241 1690733663918 550.2500 -0.0497
43.5252 -60.6602 -28.7216 32.5468 1690733663950 50.0000 -0.0460
43.2193 -61.0230 -28.6670 37.1914 1690733663984 82.7500 -0.0314
43.2593 -61.2152 -28.6252 43.1413 1690733664016 115.0000 -0.0211
43.2282 -60.8024 -29.0386 30.6290 1690733664048 148.0000 -0.0177
42.9459 -60.9410 -29.6328 35.5135 1690733664083 180.7500 -0.0053
43.9178 -60.6302 -29.3958 30.3250 1690733664115 213.2500 -0.0011
44.7165 -59.8671 -28.1963 18.7753 1690733664147 246.0000 0.0050
44.4864 -60.0486 -28.1095 18.8697 1690733664155 253.7500 0.0081
