-13.4719 75.3720 -36.5586 0.0000 1650405935537 1331253.0000 -0.1984
-13.4357 75.3821 -36.7358 0.0000 1650405935591 1331307.0000 -0.1984
-13.3458 75.5744 -36.6242 0.0000 1650405935645 1331361.0000 -0.1984
-13.4722 75.8553 -36.6197 0.0000 1650405935699 1331415.0000 -0.1979
-13.2602 76.0774 -36.6799 0.0000 1650405935753 1331468.0000 -0.1984
-13.6016 76.0210 -36.6529 0.0000 1650405935807 1331522.0000 -0.1984
-13.7656 75.8942 -36.3556 0.0000 1650405935861 1331576.0000 -0.1984
-13.5462 76.0021 -36.4472 0.0000 1650405935916 1331630.0000 -0.1989
-13.3642 76.0787 -36.6739 0.0000 1650405935968 1331684.0000 -0.1984
-13.3619 75.9135 -36.5910 0.0000 1650405936022 1331738.0000 -0.1984
-13.3597 75.8309 -36.5470 0.0000 1650405936076 1331792.0000 -0.1989
-13.4877 75.9168 -36.5484 0.0000 1650405936130 1331846.0000 -0.1989
-13.4579 75.6821 -36.6865 0.0000 1650405936184 1331900.0000 -0.1984
-13.5837 75.6468 -36.7434 0.0000 1650405936238 1331954.0000 -0.1984
-13.8176 75.6211 -36.6437 0.0000 1650405936292 1332008.0000 -0.1984
-13.6523 75.7502 -36.7305 0.0000 1650405936347 1332062.0000 -0.1984
-13.6778 75.6322 -36.7237 0.0000 1650405936401 1332116.0000 -0.1984
-13.6125 75.7499 -36.7216 0.0000 1650405936455 1332170.0000 -0.1989
-13.6125 75.8995 -36.6642 0.0000 1650405936509 1332224.0000 -0.1984
-13.8267 75.9063 -36.7618 0.0000 1650405936563 1332278.0000 -0.1984
-13.7088 75.8941 -36.6002 0.0000 1650405936615 1332332.0000 -0.1984
-13.6130 75.9506 -36.6131 0.0000 1650405936669 1332386.0000 -0.1984
-13.6159 76.1447 -36.6595 0.0000 1650405936724 1332440.0000 -0.1984
-13.6069 76.1433 -36.5934 0.0000 1650405936778 1332494.0000 -0.1979
-13.6940 75.9505 -36.5502 0.0000 1650405936832 1332548.0000 -0.1984
-13.7682 75.9813 -36.5371 0.0000 1650405936886 1332602.0000 -0.1984
-13.3095 75.9534 -36.5605 0.0000 1650405936940 1332656.0000 -0.1989
-13.4714 75.6009 -36.6053 0.0000 1650405936994 1332710.0000 -0.1989
-13.4473 75.7958 -36.3746 0.0000 1650405937049 1332764.0000 -0.1984
-13.5531 75.6595 -36.6481 0.0000 1650405937103 1332817.0000 -0.1984
-13.4668 75.5354 -36.5481 0.0000 1650405937157 1332871.0000 -0.1984
-13.7822 75.6724 -36.5469 0.0000 1650405937209 1332925.0000 -0.1984
-13.6683 75.6088 -36.6624 0.0000 1650405937263 1332979.0000 -0.1984
-13.6319 75.7626 -36.5940 0.0000 1650405937317 1333033.0000 -0.1979
-13.5095 75.6728 -36.6003 0.0000 1650405937371 1333087.0000 -0.1984
-13.6978 75.5601 -36.4862 0.0000 1650405937426 1333141.0000 -0.1984
-13.3651 75.6694 -36.6589 0.0000 1650405937480 1333195.0000 -0.1989
-13.6249 75.7814 -36.6135 0.0000 1650405937534 1333249.0000 -0.1989
-13.5227 75.6279 -36.5808 0.0000 1650405937588 1333303.0000 -0.1989
-13.5333 75.4962 -36.5765 0.0000 1650405937642 1333357.0000 -0.1989
-13.5061 75.4740 -36.4729 0.0000 1650405937696 1333411.0000 -0.1994
-13.4953 75.6506 -36.4580 0.0000 1650405937750 1333465.0000 -0.1989
-13.3597 75.7080 -36.4752 0.0000 1650405937804 1333519.0000 -0.1989
-13.3852 75.9611 -36.6938 0.0000 1650405937857 1333573.0000 -0.1984
-13.4742 75.7306 -36.5539 0.0000 1650405937911 1333627.0000 -0.1989
-13.5810 75.8592 -36.5445 0.0000 1650405937965 1333681.0000 -0.1989
-13.6939 75.4497 -36.6271 0.0000 1650405938019 1333735.0000 -0.1989
-13.8156 75.6200 -36.5662 0.0000 1650405938073 1333789.0000 -0.1994
-13.5987 75.5978 -36.7301 0.0000 1650405938127 1333843.0000 -0.1989
-12.7239 75.9378 -35.5872 0.0000 1650405938181 1333897.0000 -0.1989
-12.5475 76.4858 -34.3878 0.0000 1650405938235 1333951.0000 -0.1989
-12.7656 76.2183 -33.3305 0.0000 1650405938290 1334005.0000 -0.1989
-13.1235 76.2245 -32.2172 0.0000 1650405938344 1334059.0000 -0.1989
-13.6431 76.3095 -31.6547 0.0000 1650405938398 1334113.0000 -0.1984
-13.8579 76.2045 -31.2855 0.0000 1650405938450 1334166.0000 -0.1984
-12.9732 76.3451 -32.1053 0.0000 1650405938504 1334220.0000 -0.1984
-12.9652 75.7078 -33.5175 0.0000 1650405938558 1334274.0000 -0.1989
-13.1418 75.6803 -35.0763 0.0000 1650405938612 1334328.0000 -0.1989
-13.0151 75.6612 -36.7881 0.0000 1650405938667 1334382.0000 -0.1984
-12.8828 75.4424 -38.4093 0.0000 1650405938721 1334436.0000 -0.1989
-12.8868 75.6316 -39.6626 0.0000 1650405938775 1334490.0000 -0.1989
-13.1142 75.0944 -40.8656 0.0000 1650405938829 1334544.0000 -0.1989
-14.9246 75.2870 -41.1866 0.0000 1650405938883 1334598.0000 -0.1989
-13.4700 75.9779 -41.2347 0.0000 1650405938937 1334652.0000 -0.1989
-13.1223 75.8913 -40.5352 0.0000 1650405938992 1334706.0000 -0.1984
-13.0528 75.8721 -39.9277 0.0000 1650405939045 1334760.0000 -0.1984
-13.2718 76.1768 -38.8037 0.0000 1650405939098 1334814.0000 -0.1989
-13.1631 76.1745 -37.2315 0.0000 1650405939152 1334868.0000 -0.1989
-13.2382 76.1883 -35.3723 0.0000 1650405939206 1334922.0000 -0.1984
-13.2190 76.1339 -33.9154 0.0000 1650405939260 1334976.0000 -0.1989
-13.2347 76.0630 -32.7429 0.0000 1650405939314 1335030.0000 -0.1989
-13.3448 75.6724 -31.5314 0.0000 1650405939369 1335084.0000 -0.1984
-13.4237 75.7093 -31.0642 0.0000 1650405939423 1335138.0000 -0.1984
-13.4536 76.3695 -31.6549 0.0000 1650405939477 1335192.0000 -0.1984
-13.1420 76.0758 -32.6842 0.0000 1650405939531 1335246.0000 -0.1984
-12.9891 76.0084 -34.0342 0.0000 1650405939585 1335300.0000 -0.1984
-13.1921 75.9081 -35.6198 0.0000 1650405939639 1335354.0000 -0.1989
-13.0452 75.3836 -37.4646 0.0000 1650405939691 1335408.0000 -0.1989
-13.2008 75.4493 -38.5179 0.0000 1650405939745 1335462.0000 -0.1984
-13.3785 75.1284 -40.0161 0.0000 1650405939800 1335515.0000 -0.1984
-13.2803 75.0867 -41.1937 0.0000 1650405939854 1335569.0000 -0.1989
-13.5142 75.4667 -41.5237 0.0000 1650405939908 1335623.0000 -0.1979
-14.4019 76.2262 -41.3524 0.0000 1650405939962 1335677.0000 -0.1979
-13.0408 75.8225 -40.7369 0.0000 1650405940016 1335731.0000 -0.1984
-13.1478 76.0396 -39.7620 0.0000 1650405940070 1335785.0000 -0.1979
-13.2093 76.1279 -38.3262 0.0000 1650405940124 1335839.0000 -0.1984
-13.0604 76.0287 -36.5073 0.0000 1650405940178 1335893.0000 -0.1984
-13.3716 76.1862 -34.9779 0.0000 1650405940233 1335947.0000 -0.1984
-13.3495 75.8108 -33.3656 0.0000 1650405940285 1336001.0000 -0.1979
-13.7523 75.8963 -32.2207 0.0000 1650405940339 1336055.0000 -0.1984
-13.7389 75.7301 -31.3121 0.0000 1650405940393 1336109.0000 -0.1984
-15.5731 76.1177 -30.7326 0.0000 1650405940447 1336163.0000 -0.1984
-13.2416 76.5433 -32.1912 0.0000 1650405940501 1336217.0000 -0.1984
-13.0702 75.9184 -32.9978 0.0000 1650405940555 1336271.0000 -0.1984
-12.8924 75.9399 -34.6517 0.0000 1650405940610 1336325.0000 -0.1984
-12.8313 75.5580 -36.3110 0.0000 1650405940664 1336379.0000 -0.1984
-13.1182 75.5871 -37.8733 0.0000 1650405940718 1336433.0000 -0.1984
-13.1101 75.4095 -39.3833 0.0000 1650405940772 1336487.0000 -0.1984
-13.2570 75.1684 -40.5318 0.0000 1650405940826 1336541.0000 -0.1979
-13.3708 75.3178 -41.3888 0.0000 1650405940880 1336595.0000 -0.1984
-13.4462 75.5597 -41.2922 0.0000 1650405940933 1336649.0000 -0.1984
-13.6380 76.0046 -40.9508 0.0000 1650405940986 1336703.0000 -0.1974
-13.1166 75.8018 -40.1696 0.0000 1650405941041 1336757.0000 -0.1974
-13.1239 76.0925 -39.2346 0.0000 1650405941095 1336811.0000 -0.1974
-13.0237 76.0171 -37.7513 0.0000 1650405941149 1336864.0000 -0.1974
-13.1679 76.1447 -35.9720 0.0000 1650405941203 1336918.0000 -0.1974
-13.1767 75.9912 -34.2635 0.0000 1650405941257 1336972.0000 -0.1979
-13.6185 75.8316 -32.7843 0.0000 1650405941312 1337026.0000 -0.1979
-13.4367 75.7263 -31.7406 0.0000 1650405941366 1337080.0000 -0.1974
-15.7130 76.1442 -30.7901 0.0000 1650405941420 1337134.0000 -0.1979
-15.5223 76.2059 -30.7898 0.0000 1650405941474 1337188.0000 -0.1979
-13.3295 76.1329 -32.6424 0.0000 1650405941526 1337242.0000 -0.1979
-13.1205 75.8789 -33.7345 0.0000 1650405941580 1337296.0000 -0.1974
-12.8125 75.8072 -34.9559 0.0000 1650405941634 1337350.0000 -0.1974
-13.0113 75.5317 -36.8896 0.0000 1650405941688 1337404.0000 -0.1974
-12.7099 75.3897 -38.6325 0.0000 1650405941743 1337458.0000 -0.1979
-13.0310 75.3006 -39.9966 0.0000 1650405941797 1337512.0000 -0.1979
-13.2394 75.1177 -40.9400 0.0000 1650405941851 1337566.0000 -0.1974
-13.8497 75.3019 -41.2204 0.0000 1650405941905 1337620.0000 -0.1974
-13.8289 75.6898 -41.3186 0.0000 1650405941959 1337674.0000 -0.1979
-13.4050 75.9891 -41.0140 0.0000 1650405942013 1337728.0000 -0.1979
-13.1080 75.9100 -39.9579 0.0000 1650405942067 1337782.0000 -0.1969
-13.1040 76.1634 -38.6357 0.0000 1650405942121 1337836.0000 -0.1969
-13.1760 75.9549 -37.0281 0.0000 1650405942174 1337890.0000 -0.1969
-13.2075 76.0685 -35.3189 0.0000 1650405942228 1337944.0000 -0.1969
-13.2016 76.0535 -33.7890 0.0000 1650405942282 1337998.0000 -0.1974
-13.6395 76.0691 -32.3877 0.0000 1650405942336 1338052.0000 -0.1979
-13.8042 75.9363 -31.3501 0.0000 1650405942390 1338106.0000 -0.1974
-16.2419 76.3025 -30.7775 0.0000 1650405942444 1338160.0000 -0.1974
-13.1958 76.0403 -31.1036 0.0000 1650405942498 1338214.0000 -0.1974
-13.2481 76.1914 -32.5978 0.0000 1650405942552 1338267.0000 -0.1979
-12.7550 75.9622 -33.9636 0.0000 1650405942607 1338321.0000 -0.1969
-13.0365 75.8662 -35.8578 0.0000 1650405942661 1338375.0000 -0.1969
-12.8025 75.4274 -37.5867 0.0000 1650405942715 1338429.0000 -0.1969
-13.0545 75.2272 -39.0520 0.0000 1650405942767 1338483.0000 -0.1969
-13.0210 75.4413 -40.3448 0.0000 1650405942821 1338537.0000 -0.1974
-13.3964 75.0839 -41.1461 0.0000 1650405942875 1338591.0000 -0.1974
-13.5828 75.3152 -41.5974 0.0000 1650405942929 1338645.0000 -0.1974
-13.6819 75.9204 -41.2831 0.0000 1650405942984 1338699.0000 -0.1974
-13.0941 75.9836 -40.5115 0.0000 1650405943038 1338753.0000 -0.1979
-13.0889 76.0376 -39.6196 0.0000 1650405943092 1338807.0000 -0.1979
-13.1123 76.0620 -38.2440 0.0000 1650405943146 1338861.0000 -0.1979
-13.0913 76.0477 -36.4213 0.0000 1650405943200 1338915.0000 -0.1974
-13.2371 75.9516 -34.6015 0.0000 1650405943255 1338969.0000 -0.1974
-13.6979 76.0394 -33.2686 0.0000 1650405943309 1339023.0000 -0.1974
-13.4546 76.0437 -32.0652 0.0000 1650405943363 1339077.0000 -0.1974
-15.7057 75.8754 -30.8300 0.0000 1650405943415 1339131.0000 -0.1974
-13.7638 75.7246 -31.1562 0.0000 1650405943469 1339185.0000 -0.1974
-13.1118 76.0764 -32.2609 0.0000 1650405943523 1339239.0000 -0.1969
-13.7437 75.8094 -33.2324 0.0000 1650405943577 1339293.0000 -0.1974
-13.0546 75.8652 -34.9720 0.0000 1650405943631 1339347.0000 -0.1974
-12.9535 75.6221 -36.5969 0.0000 1650405943686 1339401.0000 -0.1969
-13.1750 75.4883 -38.1040 0.0000 1650405943740 1339455.0000 -0.1969
-15.5044 75.4144 -38.8325 0.0000 1650405943794 1339509.0000 -0.1969
-13.6543 75.4141 -40.6254 0.0000 1650405943848 1339563.0000 -0.1969
-15.2859 75.3623 -40.9728 0.0000 1650405943902 1339616.0000 -0.1969
-13.7311 75.4378 -41.2255 0.0000 1650405943956 1339670.0000 -0.1969
-13.2971 76.0549 -40.9282 0.0000 1650405944008 1339724.0000 -0.1969
-13.1270 75.9545 -40.1577 0.0000 1650405944062 1339778.0000 -0.1965
-13.1188 76.1498 -39.0099 0.0000 1650405944117 1339832.0000 -0.1969
-13.1294 76.0487 -37.5721 0.0000 1650405944171 1339886.0000 -0.1965
-13.3893 76.0474 -35.6642 0.0000 1650405944225 1339940.0000 -0.1960
-13.5632 75.8518 -34.0709 0.0000 1650405944279 1339994.0000 -0.1960
-13.2368 75.8903 -32.7043 0.0000 1650405944333 1340048.0000 -0.1965
-13.5733 75.9162 -31.6046 0.0000 1650405944387 1340102.0000 -0.1965
-13.4721 76.0441 -31.1114 0.0000 1650405944442 1340156.0000 -0.1969
-15.8494 75.9329 -31.1176 0.0000 1650405944496 1340210.0000 -0.1969
-13.1720 75.9982 -32.6996 0.0000 1650405944550 1340264.0000 -0.1965
-13.0358 75.8094 -33.6155 0.0000 1650405944604 1340318.0000 -0.1965
-12.9008 75.4757 -35.4686 0.0000 1650405944656 1340372.0000 -0.1965
-12.9665 75.5959 -37.0746 0.0000 1650405944710 1340426.0000 -0.1965
-12.9339 75.3692 -38.7406 0.0000 1650405944764 1340480.0000 -0.1965
-13.0152 75.2633 -40.0617 0.0000 1650405944819 1340534.0000 -0.1960
-13.7478 75.3315 -40.8274 0.0000 1650405944873 1340588.0000 -0.1960
-14.9902 75.2594 -41.1221 0.0000 1650405944927 1340642.0000 -0.1960
-13.7554 75.7342 -41.2896 0.0000 1650405944981 1340696.0000 -0.1965
-13.1454 76.2016 -41.0024 0.0000 1650405945035 1340750.0000 -0.1965
-13.2489 76.0915 -39.7425 0.0000 1650405945089 1340804.0000 -0.1960
-13.1948 76.0088 -38.3673 0.0000 1650405945143 1340858.0000 -0.1960
-13.2435 76.2329 -36.9861 0.0000 1650405945197 1340912.0000 -0.1965
-13.2709 75.9541 -35.1648 0.0000 1650405945250 1340965.0000 -0.1960
-13.3289 76.0992 -33.5002 0.0000 1650405945304 1341019.0000 -0.1960
-13.3003 75.9404 -32.2819 0.0000 1650405945358 1341073.0000 -0.1960
-13.8279 75.8559 -31.5132 0.0000 1650405945412 1341127.0000 -0.1960
-15.8127 75.7848 -30.9730 0.0000 1650405945466 1341181.0000 -0.1960
-13.2745 76.0897 -32.0506 0.0000 1650405945520 1341235.0000 -0.1960
-12.9209 75.9442 -32.9983 0.0000 1650405945574 1341289.0000 -0.1965
-13.0343 75.7807 -34.1266 0.0000 1650405945628 1341343.0000 -0.1960
-13.2708 75.6574 -35.8195 0.0000 1650405945683 1341397.0000 -0.1960
-12.7948 75.5097 -37.6844 0.0000 1650405945737 1341451.0000 -0.1965
-12.8698 75.5072 -39.2785 0.0000 1650405945791 1341505.0000 -0.1960
-13.0494 75.2535 -40.5387 0.0000 1650405945843 1341559.0000 -0.1955
-13.2952 75.2386 -41.4532 0.0000 1650405945897 1341613.0000 -0.1955
-13.2497 75.4465 -41.4229 0.0000 1650405945951 1341667.0000 -0.1955
-13.5774 76.1489 -41.1469 0.0000 1650405946005 1341721.0000 -0.1955
-13.1431 76.1186 -40.2436 0.0000 1650405946060 1341775.0000 -0.1960
-13.1393 75.9898 -39.3559 0.0000 1650405946114 1341829.0000 -0.1965
-13.2618 76.0391 -37.8464 0.0000 1650405946168 1341883.0000 -0.1960
-13.1967 76.0353 -36.1572 0.0000 1650405946222 1341937.0000 -0.1960
-13.2506 75.7836 -34.4477 0.0000 1650405946276 1341991.0000 -0.1960
-13.5472 75.8055 -33.0836 0.0000 1650405946330 1342045.0000 -0.1960
-13.7490 76.0770 -31.9074 0.0000 1650405946385 1342099.0000 -0.1955
-16.0806 76.1804 -30.8553 0.0000 1650405946438 1342153.0000 -0.1955
-15.6491 75.9670 -30.7054 0.0000 1650405946491 1342207.0000 -0.1955
-13.2918 76.1793 -32.2877 0.0000 1650405946545 1342261.0000 -0.1955
-12.7029 75.9784 -33.3961 0.0000 1650405946599 1342314.0000 -0.1965
-13.2088 75.5862 -34.9110 0.0000 1650405946653 1342368.0000 -0.1965
-12.8073 75.5838 -36.6176 0.0000 1650405946707 1342422.0000 -0.1960
-12.8363 75.2565 -38.4288 0.0000 1650405946762 1342476.0000 -0.1965
-13.2447 75.1346 -39.7449 0.0000 1650405946816 1342530.0000 -0.1960
-13.6067 75.2219 -40.7538 0.0000 1650405946870 1342584.0000 -0.1965
-13.2013 75.0946 -41.4111 0.0000 1650405946924 1342638.0000 -0.1965
-13.6317 75.5725 -41.4643 0.0000 1650405946978 1342692.0000 -0.1960
-13.2352 76.1662 -41.0120 0.0000 1650405947032 1342746.0000 -0.1960
-13.2907 75.9972 -39.9366 0.0000 1650405947084 1342800.0000 -0.1960
-13.3771 76.1221 -38.9137 0.0000 1650405947138 1342854.0000 -0.1965
-13.3422 76.0918 -37.3605 0.0000 1650405947193 1342908.0000 -0.1960
-13.2508 76.0063 -35.5323 0.0000 1650405947247 1342962.0000 -0.1955
-13.4950 75.8857 -33.8938 0.0000 1650405947301 1343016.0000 -0.1960
-13.6612 75.9626 -32.6208 0.0000 1650405947355 1343070.0000 -0.1965
-15.7699 75.8054 -31.1071 0.0000 1650405947409 1343124.0000 -0.1965
-16.0021 76.1524 -30.7294 0.0000 1650405947463 1343178.0000 -0.1960
-15.7374 76.2462 -31.2572 0.0000 1650405947517 1343232.0000 -0.1960
-13.1683 75.8791 -32.8079 0.0000 1650405947571 1343286.0000 -0.1960
-12.9526 75.8603 -34.0287 0.0000 1650405947626 1343340.0000 -0.1960
-12.8276 75.6066 -35.6527 0.0000 1650405947680 1343394.0000 -0.1965
-12.8484 75.5313 -37.0505 0.0000 1650405947732 1343448.0000 -0.1965
-13.2437 75.2040 -38.7927 0.0000 1650405947786 1343502.0000 -0.1960
-13.2069 74.9884 -40.2522 0.0000 1650405947840 1343556.0000 -0.1965
-13.3062 75.0601 -41.1036 0.0000 1650405947894 1343610.0000 -0.1965
-13.1219 75.5178 -41.1560 0.0000 1650405947948 1343663.0000 -0.1960
-13.7860 75.6846 -41.4472 0.0000 1650405948002 1343717.0000 -0.1960
-13.1378 76.1792 -40.5864 0.0000 1650405948057 1343771.0000 -0.1960
-13.2717 76.0416 -39.6551 0.0000 1650405948111 1343825.0000 -0.1960
-13.4083 76.1447 -38.2587 0.0000 1650405948165 1343879.0000 -0.1960
-13.2788 75.9933 -36.6644 0.0000 1650405948219 1343933.0000 -0.1965
-13.3590 75.9053 -34.6989 0.0000 1650405948273 1343987.0000 -0.1965
-13.2914 76.0062 -33.2497 0.0000 1650405948326 1344041.0000 -0.1960
-13.6579 75.8594 -32.1599 0.0000 1650405948380 1344095.0000 -0.1965
-15.4312 75.8863 -30.9305 0.0000 1650405948434 1344149.0000 -0.1965
-14.0429 76.0198 -31.2981 0.0000 1650405948488 1344203.0000 -0.1960
-13.1056 76.3216 -31.9672 0.0000 1650405948542 1344257.0000 -0.1960
-13.1981 75.5828 -33.0796 0.0000 1650405948596 1344311.0000 -0.1960
-13.1924 75.4938 -34.6420 0.0000 1650405948650 1344365.0000 -0.1960
-12.9549 75.5684 -36.1371 0.0000 1650405948705 1344419.0000 -0.1965
-12.7329 75.4341 -37.9345 0.0000 1650405948759 1344473.0000 -0.1965
-12.8159 75.5310 -39.3953 0.0000 1650405948813 1344527.0000 -0.1965
-12.9057 74.9369 -40.4757 0.0000 1650405948867 1344581.0000 -0.1960
-13.4546 75.2576 -41.3870 0.0000 1650405948921 1344635.0000 -0.1965
-13.2254 75.3336 -41.6497 0.0000 1650405948973 1344689.0000 -0.1969
-13.3521 76.1294 -40.9485 0.0000 1650405949027 1344743.0000 -0.1965
-13.3452 76.1081 -40.2870 0.0000 1650405949081 1344797.0000 -0.1965
-13.1497 76.1486 -39.2086 0.0000 1650405949136 1344851.0000 -0.1965
-13.3752 75.9764 -37.6503 0.0000 1650405949190 1344905.0000 -0.1969
-13.3246 76.0354 -36.0412 0.0000 1650405949244 1344959.0000 -0.1969
-13.3380 76.0780 -34.1674 0.0000 1650405949298 1345012.0000 -0.1974
-13.5925 75.8296 -32.9068 0.0000 1650405949352 1345066.0000 -0.1974
-13.7277 75.7928 -31.7667 0.0000 1650405949406 1345120.0000 -0.1969
-15.8809 76.2615 -30.7450 0.0000 1650405949460 1345174.0000 -0.1974
-14.0444 76.4391 -31.1438 0.0000 1650405949514 1345228.0000 -0.1974
-13.0924 76.0506 -32.4808 0.0000 1650405949567 1345282.0000 -0.1969
-12.8024 75.7750 -33.4668 0.0000 1650405949621 1345336.0000 -0.1969
-13.2416 75.8324 -34.8259 0.0000 1650405949675 1345390.0000 -0.1969
-12.8385 75.5913 -36.8547 0.0000 1650405949729 1345444.0000 -0.1969
-12.8676 75.4329 -38.3893 0.0000 1650405949783 1345498.0000 -0.1969
-12.8793 75.3128 -39.9029 0.0000 1650405949837 1345552.0000 -0.1969
-13.1099 75.0837 -40.8313 0.0000 1650405949891 1345606.0000 -0.1969
-15.4722 75.4822 -41.0361 0.0000 1650405949946 1345660.0000 -0.1965
-13.6868 75.5111 -41.3386 0.0000 1650405950000 1345714.0000 -0.1969
-13.2757 76.0636 -40.7182 0.0000 1650405950054 1345768.0000 -0.1969
-13.2083 76.0369 -39.9811 0.0000 1650405950108 1345822.0000 -0.1969
-13.1957 75.9413 -38.6437 0.0000 1650405950162 1345876.0000 -0.1965
-13.2809 76.0512 -36.9069 0.0000 1650405950214 1345930.0000 -0.1969
-13.2165 75.9395 -35.2797 0.0000 1650405950269 1345984.0000 -0.1969
-13.1620 75.8182 -33.6521 0.0000 1650405950323 1346038.0000 -0.1969
-13.7131 75.9593 -32.4213 0.0000 1650405950377 1346092.0000 -0.1969
-13.9324 75.8218 -31.2751 0.0000 1650405950431 1346146.0000 -0.1969
-15.8469 76.0780 -30.9285 0.0000 1650405950485 1346200.0000 -0.1965
-15.3680 76.4617 -31.4049 0.0000 1650405950539 1346254.0000 -0.1969
-13.3751 75.5605 -32.9064 0.0000 1650405950593 1346308.0000 -0.1969
-12.6604 76.0994 -34.3125 0.0000 1650405950648 1346362.0000 -0.1969
-13.2251 75.7257 -35.8001 0.0000 1650405950702 1346415.0000 -0.1965
-12.9683 75.2597 -37.5214 0.0000 1650405950756 1346469.0000 -0.1965
-12.9136 75.3835 -38.9260 0.0000 1650405950808 1346523.0000 -0.1965
-13.3003 75.2621 -40.2635 0.0000 1650405950862 1346577.0000 -0.1969
-13.3480 75.0498 -41.2955 0.0000 1650405950916 1346631.0000 -0.1969
-13.0428 75.5538 -41.5069 0.0000 1650405950970 1346685.0000 -0.1965
-14.0609 76.0510 -41.3887 0.0000 1650405951024 1346739.0000 -0.1965
-13.2117 76.1412 -40.3750 0.0000 1650405951079 1346793.0000 -0.1965
-13.2682 76.0869 -39.6035 0.0000 1650405951133 1346847.0000 -0.1965
-13.2235 75.9759 -37.9206 0.0000 1650405951187 1346901.0000 -0.1960
-13.2819 76.0371 -36.3546 0.0000 1650405951241 1346955.0000 -0.1960
-13.1355 76.0127 -34.5939 0.0000 1650405951295 1347009.0000 -0.1960
-13.7418 75.7677 -33.1190 0.0000 1650405951349 1347063.0000 -0.1960
-13.5126 75.8379 -31.9960 0.0000 1650405951401 1347117.0000 -0.1965
-15.7856 76.0997 -30.7990 0.0000 1650405951455 1347171.0000 -0.1969
-15.7015 76.5911 -30.9366 0.0000 1650405951510 1347225.0000 -0.1965
-12.9647 76.0933 -31.9372 0.0000 1650405951564 1347279.0000 -0.1965
-13.1327 75.9548 -33.2151 0.0000 1650405951618 1347333.0000 -0.1969
-12.9322 75.9281 -34.7955 0.0000 1650405951672 1347387.0000 -0.1965
-12.8738 75.6575 -36.4743 0.0000 1650405951726 1347441.0000 -0.1960
-12.9104 75.4816 -38.0083 0.0000 1650405951780 1347495.0000 -0.1960
-12.8923 75.4726 -39.6009 0.0000 1650405951834 1347549.0000 -0.1960
-13.1820 75.1970 -40.7958 0.0000 1650405951889 1347603.0000 -0.1960
-13.3963 75.1308 -41.5856 0.0000 1650405951943 1347657.0000 -0.1965
-13.7158 75.5846 -41.4813 0.0000 1650405951997 1347711.0000 -0.1969
-13.0656 76.1363 -40.6727 0.0000 1650405952049 1347764.0000 -0.1965
-13.6160 75.7702 -40.3314 0.0000 1650405952103 1347818.0000 -0.1965
-13.2674 76.0829 -39.1042 0.0000 1650405952157 1347872.0000 -0.1969
-13.3289 76.0301 -37.4654 0.0000 1650405952212 1347926.0000 -0.1965
-13.2298 75.9410 -35.6782 0.0000 1650405952265 1347980.0000 -0.1969
-13.2474 75.8310 -34.1016 0.0000 1650405952320 1348034.0000 -0.1965
-13.6849 75.7659 -32.6079 0.0000 1650405952374 1348088.0000 -0.1965
-15.5014 75.9743 -31.2729 0.0000 1650405952428 1348142.0000 -0.1965
-15.5888 76.1995 -30.7510 0.0000 1650405952482 1348196.0000 -0.1969
-13.5656 76.0804 -31.5467 0.0000 1650405952536 1348250.0000 -0.1969
-12.8993 75.9474 -32.3077 0.0000 1650405952591 1348304.0000 -0.1965
-12.8633 75.9054 -33.8706 0.0000 1650405952643 1348358.0000 -0.1969
-12.8123 75.9387 -35.4572 0.0000 1650405952697 1348412.0000 -0.1969
-13.0671 75.6366 -37.1716 0.0000 1650405952752 1348466.0000 -0.1965
-12.8246 75.3138 -38.8510 0.0000 1650405952805 1348520.0000 -0.1965
-13.0861 75.5482 -40.1486 0.0000 1650405952859 1348574.0000 -0.1965
-13.2150 75.1233 -40.9125 0.0000 1650405952913 1348628.0000 -0.1965
-13.1048 75.3521 -41.4173 0.0000 1650405952967 1348682.0000 -0.1965
-13.7817 75.6761 -41.3922 0.0000 1650405953022 1348736.0000 -0.1965
-13.2550 76.0029 -40.8323 0.0000 1650405953076 1348790.0000 -0.1969
-13.3351 75.9936 -39.7241 0.0000 1650405953130 1348844.0000 -0.1965
-13.1737 76.1332 -38.5342 0.0000 1650405953184 1348898.0000 -0.1965
-13.3213 76.0426 -36.8150 0.0000 1650405953238 1348952.0000 -0.1969
-13.2188 75.8315 -35.1226 0.0000 1650405953290 1349006.0000 -0.1965
-13.6586 75.9908 -33.3649 0.0000 1650405953344 1349060.0000 -0.1965
-13.8224 75.8393 -32.3484 0.0000 1650405953398 1349113.0000 -0.1965
-15.7058 76.0303 -30.8463 0.0000 1650405953453 1349167.0000 -0.1965
-15.8382 76.1361 -30.7649 0.0000 1650405953507 1349221.0000 -0.1965
-13.1335 76.0237 -31.7209 0.0000 1650405953561 1349275.0000 -0.1969
-13.0211 75.9488 -32.9965 0.0000 1650405953615 1349329.0000 -0.1969
-12.7697 76.0099 -34.4578 0.0000 1650405953669 1349383.0000 -0.1965
-12.9263 75.8169 -35.8899 0.0000 1650405953723 1349437.0000 -0.1965
-12.7110 75.3765 -37.6520 0.0000 1650405953777 1349491.0000 -0.1969
-12.9729 75.1758 -39.1964 0.0000 1650405953832 1349545.0000 -0.1969
-13.3147 75.4860 -40.4534 0.0000 1650405953884 1349599.0000 -0.1965
-13.5779 75.3201 -41.2016 0.0000 1650405953938 1349653.0000 -0.1965
-13.4170 75.2535 -41.3350 0.0000 1650405953992 1349707.0000 -0.1965
-13.5515 75.9911 -41.2528 0.0000 1650405954046 1349761.0000 -0.1969
-13.1361 75.9182 -40.3549 0.0000 1650405954100 1349815.0000 -0.1969
-13.1250 76.1400 -39.3363 0.0000 1650405954155 1349869.0000 -0.1974
-13.1470 75.9273 -37.8712 0.0000 1650405954209 1349923.0000 -0.1969
-13.1549 76.1302 -36.1629 0.0000 1650405954263 1349977.0000 -0.1969
-13.2694 75.9909 -34.4349 0.0000 1650405954317 1350031.0000 -0.1974
-13.4158 75.8378 -33.0738 0.0000 1650405954371 1350085.0000 -0.1969
-14.1194 75.9490 -31.8228 0.0000 1650405954425 1350139.0000 -0.1969
-15.7624 76.0790 -30.7438 0.0000 1650405954477 1350193.0000 -0.1969
-14.3460 76.0387 -31.1852 0.0000 1650405954532 1350247.0000 -0.1969
-12.8887 76.1446 -31.9254 0.0000 1650405954586 1350301.0000 -0.1969
-12.9644 76.1074 -33.4636 0.0000 1650405954640 1350355.0000 -0.1974
-13.0956 75.8178 -34.9010 0.0000 1650405954694 1350409.0000 -0.1974
-12.7005 75.5219 -36.6734 0.0000 1650405954748 1350462.0000 -0.1969
-12.8321 75.3995 -38.3910 0.0000 1650405954802 1350516.0000 -0.1974
-13.3789 75.3623 -39.6375 0.0000 1650405954856 1350570.0000 -0.1974
-13.3327 75.3487 -40.8418 0.0000 1650405954910 1350624.0000 -0.1974
-15.4218 75.3849 -40.9332 0.0000 1650405954965 1350678.0000 -0.1974
-13.4231 75.6545 -41.4449 0.0000 1650405955019 1350732.0000 -0.1974
-13.1972 76.0115 -40.7398 0.0000 1650405955073 1350786.0000 -0.1974
-13.1587 76.0285 -40.0840 0.0000 1650405955125 1350840.0000 -0.1974
-13.1649 76.2344 -38.9330 0.0000 1650405955179 1350894.0000 -0.1979
-12.9768 75.9693 -37.3098 0.0000 1650405955233 1350948.0000 -0.1979
-13.3532 76.0612 -35.3841 0.0000 1650405955287 1351002.0000 -0.1974
-13.1877 75.9494 -33.8207 0.0000 1650405955341 1351056.0000 -0.1979
-13.8070 75.8448 -32.3870 0.0000 1650405955396 1351110.0000 -0.1979
-13.5704 75.6679 -31.4592 0.0000 1650405955450 1351164.0000 -0.1979
-16.1485 76.2963 -30.4806 0.0000 1650405955504 1351218.0000 -0.1979
-13.3762 76.0721 -31.1640 0.0000 1650405955558 1351272.0000 -0.1974
-12.9770 76.2351 -32.5121 0.0000 1650405955612 1351326.0000 -0.1974
-13.1665 75.9587 -33.8389 0.0000 1650405955666 1351380.0000 -0.1974
-12.9383 75.7992 -35.7062 0.0000 1650405955720 1351434.0000 -0.1979
-12.8781 75.6451 -37.2911 0.0000 1650405955773 1351488.0000 -0.1979
-12.8186 75.7406 -38.8956 0.0000 1650405955827 1351542.0000 -0.1979
-13.0454 75.2935 -40.0995 0.0000 1650405955881 1351596.0000 -0.1979
-13.3559 75.4257 -41.1280 0.0000 1650405955935 1351650.0000 -0.1979
-13.1633 75.2345 -41.5742 0.0000 1650405955989 1351704.0000 -0.1974
-13.6558 76.0639 -41.3562 0.0000 1650405956043 1351758.0000 -0.1974
-13.0302 76.1781 -40.6059 0.0000 1650405956098 1351811.0000 -0.1974
-13.2453 76.0458 -39.6738 0.0000 1650405956151 1351865.0000 -0.1974
-13.0632 76.0390 -38.2354 0.0000 1650405956206 1351919.0000 -0.1974
-13.1957 75.9511 -36.5820 0.0000 1650405956260 1351973.0000 -0.1979
-13.2616 75.9068 -34.8828 0.0000 1650405956314 1352027.0000 -0.1979
-13.5038 75.8862 -33.2752 0.0000 1650405956366 1352081.0000 -0.1974
-13.2179 75.9867 -32.1060 0.0000 1650405956420 1352135.0000 -0.1979
-15.5077 75.8487 -30.9880 0.0000 1650405956474 1352189.0000 -0.1979
-14.2126 75.6755 -31.1393 0.0000 1650405956529 1352243.0000 -0.1979
-13.1636 76.1793 -31.9719 0.0000 1650405956583 1352297.0000 -0.1974
-13.3828 76.0251 -33.2143 0.0000 1650405956637 1352351.0000 -0.1974
-12.7752 75.9134 -34.4746 0.0000 1650405956691 1352405.0000 -0.1974
-13.0961 75.7275 -36.1792 0.0000 1650405956745 1352459.0000 -0.1974
-12.7187 75.4578 -37.8637 0.0000 1650405956799 1352513.0000 -0.1979
-13.0851 75.3528 -39.5168 0.0000 1650405956853 1352567.0000 -0.1979
-13.1254 75.2398 -40.5098 0.0000 1650405956908 1352621.0000 -0.1974
-13.2738 75.1086 -41.3235 0.0000 1650405956960 1352675.0000 -0.1979
-13.3559 75.4984 -41.5158 0.0000 1650405957014 1352729.0000 -0.1979
-13.3275 76.0710 -40.9406 0.0000 1650405957068 1352783.0000 -0.1974
-13.1023 75.7859 -40.4328 0.0000 1650405957122 1352837.0000 -0.1974
-13.2074 76.0919 -39.1884 0.0000 1650405957176 1352891.0000 -0.1974
-13.1288 75.9894 -37.7778 0.0000 1650405957230 1352945.0000 -0.1974
-13.2192 76.0705 -35.9246 0.0000 1650405957284 1352999.0000 -0.1974
-13.5430 75.9637 -34.2057 0.0000 1650405957339 1353053.0000 -0.1979
-13.5315 75.7940 -32.8309 0.0000 1650405957393 1353107.0000 -0.1979
-13.4779 75.8294 -31.8172 0.0000 1650405957447 1353160.0000 -0.1974
-16.0684 76.3027 -30.8095 0.0000 1650405957501 1353214.0000 -0.1979
-15.1953 76.2724 -30.8572 0.0000 1650405957555 1353268.0000 -0.1979
-13.1084 75.9177 -32.5444 0.0000 1650405957607 1353322.0000 -0.1979
-13.0891 75.9870 -33.6018 0.0000 1650405957661 1353376.0000 -0.1974
-12.8938 75.8308 -35.3109 0.0000 1650405957716 1353430.0000 -0.1969
-12.8295 75.5866 -37.0115 0.0000 1650405957770 1353484.0000 -0.1969
-12.8514 75.4339 -38.5086 0.0000 1650405957824 1353538.0000 -0.1974
-13.1854 75.2467 -39.6400 0.0000 1650405957878 1353592.0000 -0.1974
-13.2286 75.3481 -40.9777 0.0000 1650405957932 1353646.0000 -0.1974
-13.7311 75.4050 -41.4500 0.0000 1650405957986 1353700.0000 -0.1974
-13.4601 75.5783 -41.4204 0.0000 1650405958041 1353754.0000 -0.1974
-13.1839 76.0840 -41.0644 0.0000 1650405958094 1353808.0000 -0.1974
-13.2038 76.0087 -39.9423 0.0000 1650405958149 1353862.0000 -0.1974
-13.1756 76.0514 -38.7075 0.0000 1650405958201 1353916.0000 -0.1969
-13.1220 75.9648 -37.1414 0.0000 1650405958255 1353970.0000 -0.1969
-13.3556 76.0964 -35.1942 0.0000 1650405958309 1354024.0000 -0.1969
-13.1977 75.9887 -33.6723 0.0000 1650405958363 1354078.0000 -0.1969
-13.6199 75.7777 -32.4863 0.0000 1650405958417 1354132.0000 -0.1974
-14.0709 75.8666 -31.3443 0.0000 1650405958472 1354186.0000 -0.1974
-13.9002 75.5108 -31.2476 0.0000 1650405958526 1354240.0000 -0.1969
-15.7525 76.4215 -30.9039 0.0000 1650405958580 1354294.0000 -0.1974
-12.7596 76.1106 -32.7674 0.0000 1650405958634 1354348.0000 -0.1974
-12.8468 75.7844 -34.2404 0.0000 1650405958688 1354402.0000 -0.1969
-12.8614 75.6072 -35.8224 0.0000 1650405958742 1354456.0000 -0.1969
-13.1837 75.8459 -37.5635 0.0000 1650405958796 1354510.0000 -0.1969
-13.0494 75.3824 -38.9948 0.0000 1650405958849 1354563.0000 -0.1969
-13.2699 75.1700 -40.3340 0.0000 1650405958903 1354617.0000 -0.1974
-13.2374 75.1323 -41.1009 0.0000 1650405958957 1354671.0000 -0.1974
-13.5612 75.2646 -41.4895 0.0000 1650405959011 1354725.0000 -0.1974
-13.6788 76.0507 -41.3980 0.0000 1650405959065 1354779.0000 -0.1969
-13.0632 76.1288 -40.6100 0.0000 1650405959119 1354833.0000 -0.1974
-13.0560 76.0803 -39.5984 0.0000 1650405959173 1354887.0000 -0.1979
-13.1694 75.9458 -37.9138 0.0000 1650405959227 1354941.0000 -0.1979
-13.2424 76.1038 -36.5150 0.0000 1650405959282 1354995.0000 -0.1974
-13.1732 75.8906 -34.7560 0.0000 1650405959336 1355049.0000 -0.1974
-13.4618 76.0128 -33.2235 0.0000 1650405959390 1355103.0000 -0.1974
-13.5423 75.9663 -32.0028 0.0000 1650405959442 1355157.0000 -0.1974
-15.4501 75.8054 -30.8656 0.0000 1650405959496 1355211.0000 -0.1974
-15.6030 76.2310 -30.8447 0.0000 1650405959550 1355265.0000 -0.1974
-13.5302 76.2327 -32.2801 0.0000 1650405959604 1355319.0000 -0.1974
-13.1043 75.9244 -33.3855 0.0000 1650405959659 1355373.0000 -0.1974
-13.2827 75.7437 -34.7229 0.0000 1650405959713 1355427.0000 -0.1974
-13.1786 75.6436 -36.4153 0.0000 1650405959767 1355481.0000 -0.1969
-13.0016 75.5170 -37.9524 0.0000 1650405959821 1355535.0000 -0.1969
-13.1033 75.2905 -39.5606 0.0000 1650405959875 1355589.0000 -0.1969
-13.0021 75.0045 -40.6387 0.0000 1650405959929 1355643.0000 -0.1969
-13.5865 75.2433 -41.4280 0.0000 1650405959984 1355697.0000 -0.1974
-13.8676 75.4614 -41.3955 0.0000 1650405960036 1355751.0000 -0.1974
-13.3658 76.1637 -40.8789 0.0000 1650405960090 1355805.0000 -0.1974
-13.1039 75.9256 -40.2858 0.0000 1650405960144 1355859.0000 -0.1974
-13.0837 76.0215 -39.0738 0.0000 1650405960198 1355912.0000 -0.1974
-13.2110 76.0658 -37.6607 0.0000 1650405960252 1355966.0000 -0.1974
-13.2909 76.0219 -35.7510 0.0000 1650405960306 1356020.0000 -0.1969
-13.5222 75.8666 -34.0409 0.0000 1650405960361 1356074.0000 -0.1969
-13.4149 76.1485 -32.6188 0.0000 1650405960415 1356128.0000 -0.1969
-13.8378 75.8173 -31.7245 0.0000 1650405960469 1356182.0000 -0.1969
-16.0568 75.8869 -30.5828 0.0000 1650405960523 1356236.0000 -0.1974
-15.8063 76.7052 -30.9090 0.0000 1650405960577 1356290.0000 -0.1974
-13.2023 75.9845 -32.3863 0.0000 1650405960631 1356344.0000 -0.1974
-13.0964 76.0979 -33.5337 0.0000 1650405960683 1356398.0000 -0.1974
-13.0950 75.7551 -35.4991 0.0000 1650405960737 1356452.0000 -0.1979
-12.8123 75.5839 -37.0221 0.0000 1650405960792 1356506.0000 -0.1979
-12.8864 75.3214 -38.6441 0.0000 1650405960846 1356560.0000 -0.1979
-13.0612 75.2712 -39.8630 0.0000 1650405960900 1356614.0000 -0.1974
-13.3362 75.0395 -40.9484 0.0000 1650405960954 1356668.0000 -0.1974
-15.2312 75.4817 -41.1411 0.0000 1650405961008 1356722.0000 -0.1974
-13.6687 75.6191 -41.4010 0.0000 1650405961062 1356776.0000 -0.1979
-13.2484 76.1041 -40.9407 0.0000 1650405961116 1356830.0000 -0.1979
-12.8594 76.0112 -39.8732 0.0000 1650405961170 1356884.0000 -0.1979
-12.9806 75.9569 -38.5755 0.0000 1650405961225 1356938.0000 -0.1979
-13.1308 75.9367 -36.8600 0.0000 1650405961277 1356992.0000 -0.1984
-13.2544 75.9425 -35.2055 0.0000 1650405961331 1357046.0000 -0.1984
-13.3230 75.7907 -33.4612 0.0000 1650405961385 1357100.0000 -0.1979
-13.8373 75.9028 -32.2944 0.0000 1650405961439 1357154.0000 -0.1979
-15.6208 75.7351 -30.9601 0.0000 1650405961493 1357208.0000 -0.1979
-15.8423 75.7926 -30.8122 0.0000 1650405961547 1357261.0000 -0.1979
-13.5196 76.2729 -31.6463 0.0000 1650405961602 1357315.0000 -0.1984
-13.1222 76.0498 -32.7881 0.0000 1650405961656 1357369.0000 -0.1984
-12.9874 75.8879 -34.4633 0.0000 1650405961710 1357423.0000 -0.1984
-12.9327 75.7858 -36.0835 0.0000 1650405961764 1357477.0000 -0.1984
-12.9779 75.6438 -37.5978 0.0000 1650405961818 1357531.0000 -0.1989
-12.9117 75.3709 -39.2480 0.0000 1650405961872 1357585.0000 -0.1984
-13.1470 75.1112 -40.2950 0.0000 1650405961925 1357639.0000 -0.1984
-13.6996 75.1248 -41.1250 0.0000 1650405961979 1357693.0000 -0.1979
-13.4466 75.2458 -41.5009 0.0000 1650405962033 1357747.0000 -0.1979
-13.5715 76.1568 -41.2761 0.0000 1650405962087 1357801.0000 -0.1984
-13.1054 76.0232 -40.3925 0.0000 1650405962141 1357855.0000 -0.1984
-13.0587 76.2490 -39.4589 0.0000 1650405962195 1357909.0000 -0.1989
-13.2044 76.0629 -37.9292 0.0000 1650405962249 1357963.0000 -0.1984
-13.0593 76.0332 -36.2330 0.0000 1650405962304 1358017.0000 -0.1984
-13.2446 75.8712 -34.4248 0.0000 1650405962358 1358071.0000 -0.1984
-13.5907 75.7925 -32.9777 0.0000 1650405962412 1358125.0000 -0.1984
-13.7130 75.8607 -31.9184 0.0000 1650405962466 1358179.0000 -0.1984
-15.8233 75.8165 -30.8531 0.0000 1650405962518 1358233.0000 -0.1984
-14.4739 76.3348 -31.1756 0.0000 1650405962572 1358287.0000 -0.1979
-13.1022 76.2294 -31.9600 0.0000 1650405962626 1358341.0000 -0.1979
-13.0099 76.1423 -33.3680 0.0000 1650405962680 1358395.0000 -0.1984
-12.9326 75.7726 -35.1217 0.0000 1650405962735 1358449.0000 -0.1984
-13.3008 75.7165 -36.5901 0.0000 1650405962789 1358503.0000 -0.1979
-13.2356 75.4460 -38.2767 0.0000 1650405962843 1358557.0000 -0.1984
-13.1295 75.4304 -39.7781 0.0000 1650405962897 1358610.0000 -0.1984
-13.2694 75.0762 -40.8180 0.0000 1650405962951 1358664.0000 -0.1984
-13.7294 75.1754 -41.4944 0.0000 1650405963005 1358718.0000 -0.1984
-13.7935 75.4523 -41.5172 0.0000 1650405963059 1358772.0000 -0.1979
-13.4538 76.1863 -41.1248 0.0000 1650405963113 1358826.0000 -0.1979
-13.3077 76.0379 -40.1122 0.0000 1650405963166 1358880.0000 -0.1984
-13.3165 75.9719 -38.9170 0.0000 1650405963220 1358934.0000 -0.1984
-13.2517 75.9919 -37.2805 0.0000 1650405963274 1358988.0000 -0.1984
-13.2454 76.0059 -35.4479 0.0000 1650405963328 1359042.0000 -0.1984
-13.3945 75.9352 -33.8897 0.0000 1650405963382 1359096.0000 -0.1989
-13.6388 75.7511 -32.5831 0.0000 1650405963436 1359150.0000 -0.1989
-13.7819 75.6818 -31.5638 0.0000 1650405963490 1359204.0000 -0.1984
-16.0768 75.8948 -30.8302 0.0000 1650405963545 1359258.0000 -0.1989
-13.8077 76.2093 -31.6786 0.0000 1650405963599 1359312.0000 -0.1984
-13.2264 76.2343 -32.7772 0.0000 1650405963653 1359366.0000 -0.1984
-13.0146 76.0592 -34.1140 0.0000 1650405963707 1359420.0000 -0.1984
-13.0977 75.7966 -35.5974 0.0000 1650405963759 1359474.0000 -0.1989
-12.9590 75.4552 -37.2377 0.0000 1650405963813 1359528.0000 -0.1989
-12.9289 75.1395 -38.8352 0.0000 1650405963868 1359582.0000 -0.1979
-13.2294 75.4177 -40.2314 0.0000 1650405963921 1359636.0000 -0.1984
-13.3585 75.3386 -40.9691 0.0000 1650405963976 1359690.0000 -0.1984
-13.5311 75.3882 -41.6196 0.0000 1650405964030 1359744.0000 -0.1984
-13.7060 75.8009 -41.2277 0.0000 1650405964084 1359798.0000 -0.1984
-13.1041 75.9832 -40.7844 0.0000 1650405964138 1359852.0000 -0.1979
-13.1705 76.0350 -39.9285 0.0000 1650405964192 1359906.0000 -0.1979
-13.0561 75.9757 -38.3004 0.0000 1650405964247 1359959.0000 -0.1979
-13.2301 76.1100 -36.7133 0.0000 1650405964301 1360013.0000 -0.1984
-13.1078 76.0290 -35.0264 0.0000 1650405964353 1360067.0000 -0.1984
-13.3568 75.8812 -33.3671 0.0000 1650405964407 1360121.0000 -0.1979
-13.2241 75.7268 -32.2172 0.0000 1650405964461 1360175.0000 -0.1984
-14.8664 75.7908 -30.9133 0.0000 1650405964515 1360229.0000 -0.1984
-15.5183 76.1806 -30.9381 0.0000 1650405964569 1360283.0000 -0.1979
-13.2123 76.0705 -31.9831 0.0000 1650405964623 1360337.0000 -0.1979
-13.3368 75.9997 -33.0641 0.0000 1650405964678 1360391.0000 -0.1979
-12.7488 76.0599 -34.7169 0.0000 1650405964732 1360445.0000 -0.1979
-12.9403 75.5975 -36.4166 0.0000 1650405964786 1360499.0000 -0.1984
-13.0325 75.5171 -38.1004 0.0000 1650405964840 1360553.0000 -0.1984
-13.1343 75.4013 -39.4114 0.0000 1650405964894 1360607.0000 -0.1984
-13.1727 75.2841 -40.5694 0.0000 1650405964948 1360661.0000 -0.1979
-13.4768 75.5028 -41.2420 0.0000 1650405965000 1360715.0000 -0.1984
-15.0876 75.7305 -41.0683 0.0000 1650405965054 1360769.0000 -0.1984
-13.3720 75.9904 -41.0472 0.0000 1650405965109 1360823.0000 -0.1984
-13.2386 75.9465 -40.2958 0.0000 1650405965163 1360877.0000 -0.1984
-13.1359 75.9419 -39.1770 0.0000 1650405965217 1360931.0000 -0.1979
-13.0531 76.0194 -37.6578 0.0000 1650405965271 1360985.0000 -0.1979
-13.2311 75.7623 -36.0112 0.0000 1650405965325 1361039.0000 -0.1979
-13.3378 75.8908 -34.2040 0.0000 1650405965379 1361093.0000 -0.1979
-13.4862 75.7101 -32.6875 0.0000 1650405965433 1361147.0000 -0.1979
-13.8661 75.7507 -31.7645 0.0000 1650405965488 1361201.0000 -0.1974
-16.0051 75.9718 -30.7448 0.0000 1650405965542 1361255.0000 -0.1979
-15.1259 76.1754 -30.9182 0.0000 1650405965594 1361308.0000 -0.1974
-13.2066 76.0153 -32.1016 0.0000 1650405965648 1361362.0000 -0.1974
-13.0870 76.0720 -33.6432 0.0000 1650405965702 1361416.0000 -0.1974
-12.8004 75.8684 -35.2889 0.0000 1650405965756 1361470.0000 -0.1974
-12.9254 75.8470 -36.8017 0.0000 1650405965811 1361524.0000 -0.1974
-12.9455 75.4297 -38.3557 0.0000 1650405965864 1361578.0000 -0.1974
-13.2529 75.3521 -39.8634 0.0000 1650405965919 1361632.0000 -0.1979
-13.6596 75.3750 -40.7705 0.0000 1650405965973 1361686.0000 -0.1974
