-12.4877 77.4149 -29.1690 23.3691 1650406224474 1620193.5000 -0.2009
-12.4894 77.3353 -29.2511 37.4628 1650406224503 1620222.7500 -0.2009
-12.5393 77.4297 -29.1772 40.6265 1650406224532 1620252.2500 -0.2009
-12.5144 77.3281 -29.3426 35.9847 1650406224561 1620280.7500 -0.2009
-12.5254 77.3751 -29.3186 27.1289 1650406224590 1620309.7500 -0.2009
-12.5124 77.4410 -29.2469 37.6509 1650406224619 1620338.0000 -0.2009
-12.5834 77.4190 -29.3233 32.9162 1650406224648 1620367.7500 -0.2009
-12.5163 77.3808 -29.3853 45.6995 1650406224677 1620396.5000 -0.2009
-12.7100 77.5156 -29.2908 24.4871 1650406224706 1620425.5000 -0.2009
-12.5542 77.3288 -29.4375 47.4873 1650406224735 1620454.2500 -0.2009
-12.5497 77.3748 -29.4275 41.8549 1650406224764 1620483.2500 -0.2009
-12.5511 77.3778 -29.4326 41.2013 1650406224793 1620512.2500 -0.2009
-12.5971 77.3949 -29.4670 33.8283 1650406224822 1620541.2500 -0.2009
-12.6036 77.3854 -29.4262 29.5527 1650406224851 1620570.2500 -0.2009
-12.4845 77.4085 -29.4517 39.5102 1650406224880 1620599.2500 -0.2004
-12.6054 77.3469 -29.3989 34.0534 1650406224909 1620628.2500 -0.2004
-12.4955 77.3756 -29.4579 30.1896 1650406224938 1620657.2500 -0.2004
-12.5171 77.3868 -29.3199 33.6669 1650406224967 1620686.2500 -0.2004
-12.4511 77.3761 -29.3912 42.2496 1650406224996 1620715.2500 -0.1999
-12.5399 77.4079 -29.3391 37.4432 1650406225024 1620745.7500 -0.1999
-12.4989 77.3558 -29.3279 46.1964 1650406225054 1620773.5000 -0.2004
-12.5384 77.3945 -29.3968 29.2539 1650406225083 1620802.0000 -0.2004
-12.4461 77.2857 -29.2751 42.2430 1650406225112 1620831.0000 -0.2004
-12.5239 77.4370 -29.2285 44.4636 1650406225140 1620860.0000 -0.2004
-12.4394 77.3423 -29.3331 42.5619 1650406225170 1620888.7500 -0.2004
-12.4992 77.4547 -29.2744 33.3000 1650406225199 1620917.7500 -0.2004
-12.4330 77.3416 -29.1971 37.6736 1650406225228 1620946.7500 -0.2004
-12.5130 77.4182 -29.2624 38.4328 1650406225257 1620975.7500 -0.2004
-12.5184 77.5053 -29.1457 38.2668 1650406225285 1621006.2500 -0.2004
-12.4319 77.3472 -29.2221 28.6281 1650406225315 1621033.5000 -0.2004
-12.4348 77.3417 -29.2942 41.1829 1650406225343 1621062.7500 -0.2009
-12.3456 77.3389 -29.2399 36.8979 1650406225372 1621092.7500 -0.2009
-12.5308 77.3898 -29.1190 37.7775 1650406225401 1621122.0000 -0.2009
-12.4209 77.3043 -29.2190 33.9091 1650406225430 1621149.7500 -0.2009
-12.4592 77.3967 -29.1908 27.7043 1650406225459 1621178.7500 -0.2009
-12.4325 77.3036 -29.2250 44.5661 1650406225488 1621207.7500 -0.2009
-12.4617 77.3789 -29.2106 41.0940 1650406225517 1621236.7500 -0.2009
-12.5066 77.3948 -29.2536 29.1280 1650406225547 1621265.7500 -0.2009
-12.4886 77.3419 -29.3151 41.0522 1650406225576 1621294.7500 -0.2009
-12.4254 77.2843 -29.2727 46.2158 1650406225604 1621323.7500 -0.2009
-12.5111 77.3815 -29.2583 34.8730 1650406225634 1621352.7500 -0.2009
-12.5494 77.3579 -29.3001 47.8720 1650406225662 1621381.7500 -0.2009
-12.4792 77.2792 -29.4018 28.5663 1650406225691 1621410.7500 -0.2009
-12.5618 77.3703 -29.3467 36.7437 1650406225720 1621439.7500 -0.2004
-12.5488 77.4194 -29.3628 40.9228 1650406225749 1621468.7500 -0.2004
-12.5012 77.3691 -29.5167 44.3809 1650406225778 1621497.5000 -0.2004
-12.5111 77.3164 -29.4890 43.0210 1650406225807 1621526.2500 -0.2004
-12.5495 77.2820 -29.4278 44.7958 1650406225836 1621557.0000 -0.2004
-12.4846 77.4399 -29.3823 51.4200 1650406225865 1621584.2500 -0.2004
-12.4521 77.3146 -29.3659 51.3953 1650406225894 1621613.2500 -0.2004
-12.4689 77.3776 -29.4194 40.0984 1650406225923 1621642.2500 -0.2004
-12.5686 77.3977 -29.3408 39.5297 1650406225952 1621671.2500 -0.2004
-12.4619 77.4360 -29.3607 41.1631 1650406225981 1621700.2500 -0.2004
-12.4525 77.3681 -29.3120 45.7835 1650406226010 1621729.2500 -0.2004
-12.4729 77.4665 -29.2547 34.4570 1650406226039 1621758.2500 -0.2004
-12.4385 77.3346 -29.3180 35.5721 1650406226068 1621788.0000 -0.2004
-12.4371 77.3514 -29.2902 35.4083 1650406226097 1621816.0000 -0.2004
-12.4452 77.3017 -29.2847 35.5693 1650406226126 1621845.2500 -0.2009
-12.4320 77.3397 -29.2474 37.2032 1650406226155 1621873.7500 -0.2009
-12.4130 77.4165 -29.1295 35.1269 1650406226183 1621903.2500 -0.2009
-12.3918 77.3767 -29.1904 43.7482 1650406226213 1621932.0000 -0.2009
-12.4714 77.3147 -29.1946 38.3885 1650406226241 1621961.0000 -0.1999
-12.4723 77.3207 -29.2058 42.5411 1650406226271 1621990.0000 -0.2009
-12.5754 77.5103 -29.4599 45.6291 1650406226299 1622018.7500 -0.2009
-11.9065 76.4082 -29.0648 46.5570 1650406226329 1622047.7500 -0.2009
-12.0904 76.8990 -28.2711 41.4430 1650406226358 1622076.7500 -0.2009
-11.7606 77.4175 -27.0059 34.1250 1650406226387 1622105.7500 -0.2009
-11.8395 77.3438 -26.6702 29.8646 1650406226416 1622134.7500 -0.2009
-11.9505 77.2288 -25.8292 35.9653 1650406226445 1622163.7500 -0.2009
-12.0682 77.5964 -25.1609 35.4758 1650406226474 1622192.7500 -0.2009
-11.8290 77.9905 -24.5509 28.7123 1650406226502 1622221.7500 -0.2009
-11.9848 78.2054 -24.1875 24.1106 1650406226531 1622250.7500 -0.2007
-11.8691 78.3960 -24.2436 29.0632 1650406226560 1622279.7500 -0.2004
-11.7073 78.0955 -24.4069 26.1695 1650406226589 1622308.0000 -0.2004
-11.7815 77.5865 -24.9807 27.6303 1650406226618 1622337.5000 -0.2004
-11.7839 77.4748 -25.2012 20.1638 1650406226647 1622366.7500 -0.2004
-12.0092 77.1827 -25.6952 22.7474 1650406226676 1622395.7500 -0.1999
-12.1967 77.2838 -26.4077 24.8029 1650406226705 1622424.7500 -0.1999
-11.7066 77.5469 -27.0901 21.2837 1650406226735 1622453.7500 -0.1999
-11.8877 77.4441 -27.9956 33.7210 1650406226763 1622482.7500 -0.1999
-11.5488 77.6395 -28.9939 23.5515 1650406226793 1622511.7500 -0.1999
-11.7570 77.5630 -29.8138 37.6668 1650406226821 1622540.2500 -0.1999
-11.6249 77.7281 -30.8200 20.4357 1650406226850 1622571.0000 -0.2004
-11.7160 77.5821 -31.6344 24.3347 1650406226879 1622598.5000 -0.2004
-11.9686 77.8089 -32.3505 14.5568 1650406226908 1622628.5000 -0.2004
-12.0031 77.5811 -33.0060 25.0162 1650406226937 1622656.2500 -0.2004
-11.9417 77.5977 -33.5442 25.2464 1650406226966 1622685.2500 -0.2004
-11.8786 77.8179 -34.1727 23.8487 1650406226995 1622714.2500 -0.2004
-11.9876 77.4652 -34.4042 22.6458 1650406227024 1622743.2500 -0.2004
-12.1586 77.6164 -34.2763 31.5714 1650406227053 1622772.2500 -0.2004
-12.1649 77.4973 -34.2019 26.0255 1650406227082 1622801.2500 -0.2005
-12.1958 77.6530 -34.0135 18.9092 1650406227112 1622830.2500 -0.2009
-12.2206 77.9420 -33.5140 19.5259 1650406227140 1622859.2500 -0.2009
-12.2155 77.7908 -33.2039 22.1198 1650406227169 1622888.2500 -0.2009
-12.0002 77.5201 -32.8908 23.7416 1650406227198 1622917.2500 -0.2009
-12.0325 77.5711 -32.3241 35.0365 1650406227227 1622946.2500 -0.2009
-12.4263 77.8411 -31.2275 21.4248 1650406227256 1622975.2500 -0.2009
-11.8364 77.9047 -30.2952 24.5067 1650406227285 1623004.2500 -0.2009
-12.1510 77.5816 -29.5450 23.1718 1650406227314 1623033.0000 -0.2009
-11.8603 77.8657 -28.3756 28.4097 1650406227342 1623061.7500 -0.2009
-12.2288 77.6323 -27.7137 25.3829 1650406227372 1623092.0000 -0.2009
-12.0844 77.9375 -26.6158 26.2345 1650406227400 1623119.7500 -0.2009
-12.0706 77.6852 -26.2312 25.2351 1650406227430 1623148.7500 -0.2009
-11.9083 77.9448 -25.2694 22.3856 1650406227459 1623177.7500 -0.2004
-12.2732 78.2166 -24.4780 23.3163 1650406227488 1623206.7500 -0.2004
-12.1313 77.9917 -24.5174 19.2948 1650406227517 1623235.7500 -0.2004
-11.7980 78.2568 -24.2354 25.0089 1650406227546 1623264.7500 -0.2004
-11.8799 78.4275 -24.1968 24.4391 1650406227575 1623293.7500 -0.2004
-11.7145 78.0149 -24.4719 21.7543 1650406227604 1623322.2500 -0.2004
-11.6584 77.4826 -24.9402 18.5035 1650406227633 1623351.5000 -0.2004
-12.0602 77.5453 -25.0865 30.8468 1650406227661 1623380.7500 -0.2004
-12.1553 77.2374 -25.7094 35.9596 1650406227691 1623409.5000 -0.2004
-11.9422 77.2410 -26.4805 23.4308 1650406227719 1623438.7500 -0.2004
-11.6489 77.4439 -27.1700 21.5377 1650406227748 1623467.7500 -0.2004
-11.8394 77.2117 -28.3811 29.3316 1650406227777 1623496.7500 -0.2004
-11.6777 77.7073 -29.2446 28.0875 1650406227807 1623525.7500 -0.2004
-11.6484 77.3745 -30.4752 27.6629 1650406227835 1623554.7500 -0.2004
-11.7428 77.7429 -30.9633 26.1375 1650406227864 1623583.7500 -0.2004
-11.8334 77.6340 -31.8191 20.9169 1650406227894 1623612.7500 -0.2009
-11.8701 77.7392 -32.4923 24.0660 1650406227923 1623641.7500 -0.2009
-11.9953 77.6588 -33.1005 31.2863 1650406227952 1623670.7500 -0.2009
-11.9410 77.5996 -33.7808 27.2211 1650406227980 1623699.7500 -0.2009
-11.9519 77.8294 -34.0806 22.5918 1650406228009 1623728.5000 -0.2009
-12.0222 77.5009 -34.3605 29.7755 1650406228038 1623757.5000 -0.2009
-12.1335 77.5133 -34.3723 24.7979 1650406228067 1623786.2500 -0.2004
-12.3221 77.6834 -34.2190 19.3968 1650406228096 1623815.2500 -0.2004
-12.3076 77.8125 -33.9338 25.4983 1650406228125 1623845.0000 -0.2009
-12.1246 77.8722 -33.4704 18.2818 1650406228154 1623873.0000 -0.2009
-12.2463 77.7281 -33.0734 22.8740 1650406228183 1623902.2500 -0.2004
-12.0957 77.5916 -32.7733 27.9207 1650406228212 1623931.2500 -0.2004
-12.3343 77.8087 -31.9661 27.9710 1650406228241 1623960.2500 -0.2004
-12.2528 77.5988 -31.1422 21.5629 1650406228271 1623989.2500 -0.2004
-12.0578 77.7106 -29.9237 28.6299 1650406228299 1624018.2500 -0.1999
-12.3271 77.5923 -29.2156 32.1887 1650406228328 1624047.2500 -0.1999
-11.9737 77.7845 -27.9480 21.9804 1650406228357 1624077.7500 -0.1994
-12.1373 77.5257 -27.4154 23.1425 1650406228386 1624104.2500 -0.1994
-12.2100 77.7703 -26.5053 25.9685 1650406228415 1624134.0000 -0.1994
-12.2209 77.8584 -25.8238 24.2236 1650406228444 1624164.5000 -0.1994
-11.8465 77.8879 -25.1375 27.9899 1650406228473 1624191.7500 -0.1996
-12.0643 77.7828 -24.8568 22.0785 1650406228502 1624221.0000 -0.1999
-12.2439 78.1247 -24.2074 30.0865 1650406228531 1624249.7500 -0.1999
-12.0503 78.3670 -24.6797 22.0475 1650406228559 1624278.7500 -0.1999
-11.8252 78.2211 -24.3315 20.4564 1650406228589 1624307.7500 -0.2001
-11.6494 78.0497 -24.3795 20.1068 1650406228618 1624336.7500 -0.2004
-11.9477 77.3620 -24.8787 18.5982 1650406228647 1624365.7500 -0.2004
-11.9168 77.2665 -25.4852 26.2987 1650406228676 1624394.7500 -0.2004
-11.9066 77.1156 -26.2366 30.8612 1650406228705 1624423.7500 -0.2006
-11.7114 77.3974 -26.4029 18.8395 1650406228734 1624452.7500 -0.2009
-12.0101 77.1702 -27.6538 30.2689 1650406228763 1624481.7500 -0.2009
-11.7613 77.2902 -28.6853 30.6227 1650406228792 1624510.7500 -0.2009
-11.6976 77.5412 -29.5378 23.4599 1650406228820 1624539.7500 -0.2009
-11.7026 77.5456 -30.7120 18.8394 1650406228850 1624568.7500 -0.2009
-11.8474 77.5850 -31.3274 25.5289 1650406228878 1624597.7500 -0.2009
-11.8717 77.6616 -32.2259 18.5082 1650406228907 1624626.2500 -0.2009
-11.9134 77.6949 -32.6960 26.1620 1650406228936 1624655.7500 -0.2004
-12.0506 77.6086 -33.3307 26.2799 1650406228966 1624684.7500 -0.2009
-11.9449 77.5997 -33.9549 23.4571 1650406228994 1624713.7500 -0.2009
-11.9104 77.6744 -34.3050 23.0655 1650406229023 1624742.7500 -0.2009
-12.0839 77.5271 -34.4885 27.3170 1650406229052 1624771.7500 -0.2009
-12.1810 77.6030 -34.2277 22.8699 1650406229082 1624800.7500 -0.2004
-12.1951 77.7002 -34.2009 24.0964 1650406229111 1624829.5000 -0.2004
-12.1718 77.8665 -33.7842 22.3249 1650406229139 1624858.2500 -0.2004
-12.4596 78.0371 -33.3710 19.9561 1650406229169 1624887.0000 -0.2004
-12.2388 77.5853 -33.1773 27.2620 1650406229197 1624916.2500 -0.1999
-12.0072 77.7213 -32.5836 21.6357 1650406229226 1624946.2500 -0.1999
-12.1379 77.6493 -31.7492 21.9116 1650406229255 1624974.2500 -0.2004
-11.8995 77.5497 -31.0438 25.5741 1650406229284 1625003.2500 -0.2004
-12.1186 77.7015 -29.6956 25.6981 1650406229313 1625032.2500 -0.2004
-11.8581 77.7745 -28.7042 21.1381 1650406229342 1625061.2500 -0.2004
-12.2603 77.7220 -27.8571 22.7415 1650406229371 1625090.2500 -0.2004
-11.8691 77.8828 -26.9494 28.2325 1650406229400 1625119.2500 -0.2004
-12.1259 77.7410 -26.3874 25.6613 1650406229430 1625148.2500 -0.2004
-12.2670 78.0323 -25.4062 26.1183 1650406229458 1625177.2500 -0.2004
-12.2116 77.6845 -25.3044 25.2536 1650406229487 1625206.2500 -0.2006
-12.2688 77.9003 -24.4273 28.5314 1650406229516 1625235.2500 -0.2013
-11.9633 78.2435 -24.0776 27.8754 1650406229545 1625264.0000 -0.2009
-12.0170 78.1598 -24.1393 18.7292 1650406229574 1625293.0000 -0.2009
-12.1133 78.3378 -24.5926 24.6152 1650406229603 1625322.0000 -0.2009
-11.9905 77.4552 -24.8616 27.7873 1650406229632 1625350.7500 -0.2009
-11.7871 77.2449 -25.1712 23.1050 1650406229661 1625381.0000 -0.2009
-12.1429 77.1840 -25.6024 23.6438 1650406229690 1625408.2500 -0.2009
-11.8449 76.9674 -26.3874 15.8712 1650406229718 1625437.7500 -0.2009
-11.8160 77.2173 -27.0192 22.1229 1650406229748 1625466.7500 -0.2009
-11.8519 77.1661 -28.0564 26.3549 1650406229777 1625495.7500 -0.2009
-11.5481 77.4589 -28.8650 24.6182 1650406229806 1625524.7500 -0.2009
-11.8367 77.4661 -29.8143 24.6420 1650406229835 1625553.7500 -0.2009
-11.7759 77.4901 -30.7350 18.2775 1650406229864 1625582.7500 -0.2009
-12.0022 77.4697 -31.5142 25.3564 1650406229893 1625611.7500 -0.2009
-11.7238 77.6268 -32.3878 27.8955 1650406229922 1625640.0000 -0.2004
-11.9838 77.6286 -33.0214 17.6659 1650406229951 1625669.7500 -0.2004
-12.0571 77.6144 -33.6526 23.6240 1650406229980 1625698.7500 -0.2004
-11.9501 77.6828 -34.0317 27.6775 1650406230009 1625729.0000 -0.2004
-11.9894 77.6622 -34.3441 31.4268 1650406230037 1625756.7500 -0.1999
-12.0850 77.4098 -34.3591 27.9419 1650406230066 1625785.7500 -0.1999
-12.1710 77.5908 -34.2264 16.9083 1650406230095 1625814.7500 -0.1999
-12.2134 77.8202 -34.0149 28.1629 1650406230125 1625843.7500 -0.1999
-12.1431 77.8734 -33.5974 25.7125 1650406230153 1625872.7500 -0.1999
-12.0409 77.6591 -33.3454 19.0387 1650406230183 1625901.7500 -0.1999
-11.9580 77.5642 -32.9959 20.0522 1650406230212 1625930.7500 -0.1999
-11.9644 77.5786 -32.4133 25.1106 1650406230241 1625959.5000 -0.1999
-12.0789 77.5508 -31.4510 23.3663 1650406230270 1625988.5000 -0.2000
-11.6933 77.7488 -30.5378 24.4959 1650406230298 1626017.2500 -0.2004
-12.1229 77.5968 -29.5644 23.0041 1650406230328 1626046.2500 -0.2009
-11.7947 77.9179 -28.3443 20.1306 1650406230356 1626075.2500 -0.2009
-12.2758 77.6725 -27.7335 22.2720 1650406230385 1626104.2500 -0.2009
-11.8763 77.9085 -26.6770 29.5698 1650406230414 1626134.7500 -0.2009
-12.0749 77.7040 -26.1788 21.1311 1650406230443 1626161.5000 -0.2009
-12.1174 77.4849 -25.8080 22.4621 1650406230472 1626191.2500 -0.2009
-12.2429 77.8103 -24.9878 27.9788 1650406230501 1626220.2500 -0.2010
-12.1244 77.6928 -24.5375 21.2719 1650406230530 1626249.2500 -0.2013
-12.2885 77.7753 -24.4561 22.4285 1650406230559 1626278.2500 -0.2013
-12.0868 78.0994 -24.0320 29.0839 1650406230589 1626307.2500 -0.2013
-11.9328 77.4861 -24.5443 18.8098 1650406230617 1626336.2500 -0.2013
-11.9262 77.2315 -24.7817 27.6150 1650406230646 1626365.0000 -0.2013
-11.8415 77.2793 -25.2624 15.9779 1650406230675 1626393.5000 -0.2013
-12.1327 77.0663 -25.6059 23.8462 1650406230704 1626423.7500 -0.2013
-11.9467 77.0813 -26.6717 25.9559 1650406230733 1626452.0000 -0.2013
-11.6163 77.1649 -27.2205 25.8212 1650406230762 1626482.2500 -0.2009
-11.7260 77.1121 -28.4744 26.2228 1650406230791 1626509.7500 -0.2009
-11.6426 77.6159 -29.1890 25.9683 1650406230820 1626538.7500 -0.2009
-11.7477 77.2852 -30.1321 20.7320 1650406230849 1626567.7500 -0.2009
-11.7837 77.7048 -30.9369 19.8304 1650406230877 1626596.7500 -0.2004
-12.0267 77.6237 -31.7954 25.3757 1650406230907 1626625.7500 -0.2004
-11.8080 77.5462 -32.5772 18.6561 1650406230936 1626654.7500 -0.2004
-12.1537 77.5668 -33.2094 25.1534 1650406230965 1626683.7500 -0.2004
-11.9074 77.5912 -33.7115 22.6194 1650406230994 1626712.7500 -0.2004
-11.9253 77.6832 -34.0709 22.6858 1650406231023 1626741.7500 -0.2004
-12.1140 77.5289 -34.4765 24.4296 1650406231052 1626770.7500 -0.2004
-12.0825 77.4510 -34.2935 26.3558 1650406231081 1626799.7500 -0.2004
-12.1107 77.5929 -34.3743 22.1476 1650406231110 1626828.7500 -0.2004
-12.2205 77.6846 -34.1251 22.6169 1650406231139 1626857.7500 -0.2004
-12.2082 77.8680 -33.5100 18.7239 1650406231168 1626886.7500 -0.2005
-12.1394 77.6000 -33.2181 20.9048 1650406231196 1626915.2500 -0.2009
-11.9952 77.5786 -32.8216 28.0118 1650406231226 1626944.5000 -0.2009
-11.9372 77.6932 -31.9965 26.3009 1650406231254 1626973.7500 -0.2009
-12.1244 77.5263 -31.2664 28.9297 1650406231284 1627002.7500 -0.2010
-11.7984 77.7036 -30.1211 30.0515 1650406231312 1627031.7500 -0.2013
-12.0008 77.2871 -29.4669 20.9565 1650406231342 1627060.5000 -0.2013
-11.9271 77.7708 -28.0692 21.5262 1650406231370 1627089.0000 -0.2013
-12.0490 77.5739 -27.6045 21.2942 1650406231400 1627118.5000 -0.2013
-12.0176 77.8102 -26.5447 20.7170 1650406231429 1627147.2500 -0.2013
-12.1074 77.6439 -26.0539 20.5954 1650406231458 1627180.2500 -0.2013
-11.9187 77.9117 -25.1606 34.5138 1650406231487 1627205.0000 -0.2013
-12.0981 77.7321 -24.7478 25.4844 1650406231515 1627234.2500 -0.2013
-11.9796 77.6213 -24.5386 18.9241 1650406231544 1627264.2500 -0.2013
-11.6496 77.9947 -24.2843 20.7009 1650406231573 1627292.2500 -0.2013
-11.7938 77.8447 -24.2045 17.6716 1650406231602 1627321.2500 -0.2009
-11.7956 77.2700 -24.6959 21.2824 1650406231631 1627350.2500 -0.2009
-12.1461 77.3394 -24.8468 14.3181 1650406231660 1627379.2500 -0.2009
-12.0058 77.1393 -25.3002 27.3542 1650406231689 1627408.2500 -0.2009
-12.0053 76.9728 -25.8184 32.4963 1650406231718 1627437.2500 -0.2004
-11.8121 77.1802 -26.6961 23.7112 1650406231748 1627466.2500 -0.2004
-11.7985 77.2884 -27.5920 20.6962 1650406231776 1627495.0000 -0.2009
-11.6808 77.4345 -28.6270 28.0227 1650406231806 1627524.0000 -0.2009
-11.5162 77.5904 -29.5149 22.5747 1650406231834 1627553.0000 -0.2004
-11.6700 77.4977 -30.4967 21.9703 1650406231863 1627581.7500 -0.2004
-11.7976 77.6993 -31.1965 23.2838 1650406231892 1627610.7500 -0.2004
-11.9018 77.5860 -32.0955 18.1445 1650406231921 1627639.7500 -0.2004
-11.8221 77.6849 -32.7028 21.1054 1650406231950 1627668.7500 -0.2004
-12.0867 77.5948 -33.2483 29.8185 1650406231979 1627699.0000 -0.2004
-11.8918 77.5536 -33.9352 20.4398 1650406232008 1627726.5000 -0.2006
-11.9154 77.6284 -34.3031 21.6964 1650406232037 1627755.7500 -0.2009
-12.1029 77.5612 -34.3087 26.7656 1650406232066 1627784.7500 -0.2009
-12.0886 77.5460 -34.2749 23.8379 1650406232095 1627813.7500 -0.2009
-12.1475 77.5586 -34.3055 21.9156 1650406232124 1627842.7500 -0.2011
-12.2233 77.8092 -33.6738 19.0270 1650406232153 1627871.7500 -0.2013
-12.2561 77.8378 -33.2933 20.4083 1650406232182 1627900.7500 -0.2013
-12.0214 77.5701 -33.0228 15.7249 1650406232211 1627929.2500 -0.2013
-12.0610 77.5782 -32.6533 22.8076 1650406232240 1627958.2500 -0.2013
-11.9984 77.4793 -31.8062 25.1246 1650406232269 1627987.7500 -0.2013
-11.9039 77.4482 -30.9577 30.1558 1650406232298 1628016.2500 -0.2013
-11.8326 77.7891 -29.8254 28.8592 1650406232327 1628045.2500 -0.2013
-11.8468 77.8491 -28.7810 30.8216 1650406232355 1628074.7500 -0.2013
-11.8810 77.7683 -27.8503 21.5321 1650406232385 1628103.7500 -0.2009
-11.9652 77.8960 -26.9657 29.5255 1650406232413 1628132.7500 -0.2009
-11.9833 77.7401 -26.3573 37.1379 1650406232442 1628161.7500 -0.2009
-11.9829 77.7785 -25.6818 30.3087 1650406232471 1628190.5000 -0.2009
-11.9457 77.8836 -25.0658 25.0758 1650406232501 1628219.5000 -0.2009
-12.0612 77.7186 -24.7052 20.3268 1650406232530 1628248.2500 -0.2009
-11.9557 77.7022 -24.4369 25.9917 1650406232559 1628277.2500 -0.2006
-11.9784 77.9731 -24.0616 18.0510 1650406232588 1628306.2500 -0.2004
-11.8196 77.6464 -24.1660 12.8394 1650406232617 1628335.2500 -0.2004
-11.9502 77.2508 -24.7344 22.3404 1650406232646 1628364.2500 -0.2004
-11.7613 77.3725 -24.9594 24.5093 1650406232674 1628393.2500 -0.2004
-11.7093 77.0975 -25.6073 23.4690 1650406232703 1628422.2500 -0.2004
-12.0892 76.9369 -26.2184 22.7914 1650406232732 1628452.5000 -0.2004
-11.6709 77.4384 -26.9281 16.9129 1650406232761 1628480.0000 -0.2004
-11.9433 77.3321 -27.8105 27.7068 1650406232790 1628509.2500 -0.2004
-11.6252 77.5709 -28.8467 29.4471 1650406232819 1628538.2500 -0.2004
-11.7109 77.5061 -29.7609 25.3327 1650406232848 1628567.2500 -0.2009
-11.7562 77.6924 -30.6240 18.0621 1650406232877 1628596.0000 -0.2009
-11.9399 77.5879 -31.4318 27.9459 1650406232906 1628625.0000 -0.2009
-11.7500 77.7519 -32.3520 16.0422 1650406232935 1628654.0000 -0.2009
-11.8714 77.6200 -32.8816 28.9481 1650406232965 1628683.0000 -0.2009
-12.1125 77.5969 -33.5676 27.6171 1650406232993 1628711.5000 -0.2009
-11.9524 77.6904 -34.1075 23.8540 1650406233022 1628740.5000 -0.2009
-12.0702 77.6627 -34.2613 30.3375 1650406233051 1628769.7500 -0.2009
-12.1732 77.4703 -34.3261 18.5332 1650406233080 1628798.5000 -0.2009
-12.1036 77.5219 -34.3241 21.7414 1650406233109 1628827.7500 -0.2009
-12.3246 77.7446 -34.0808 28.2509 1650406233138 1628856.7500 -0.2009
-12.0065 77.8760 -33.6016 21.2952 1650406233167 1628885.7500 -0.2009
-12.0794 77.7374 -33.2730 27.6041 1650406233196 1628914.7500 -0.2009
-12.0729 77.6073 -32.7745 24.7542 1650406233225 1628943.7500 -0.2009
-11.9012 77.5614 -32.4762 22.0003 1650406233254 1628972.7500 -0.2009
-12.1894 77.6838 -31.4227 21.0722 1650406233283 1629001.7500 -0.2009
-11.9117 77.8307 -30.6709 30.2108 1650406233312 1629030.7500 -0.2009
-12.0586 77.5704 -29.5201 29.3672 1650406233341 1629059.7500 -0.2009
-11.7613 77.9219 -28.4992 22.8021 1650406233370 1629088.7500 -0.2009
-12.1048 77.5834 -27.7949 29.6292 1650406233399 1629117.7500 -0.2004
-11.7841 77.8574 -26.8889 25.5665 1650406233428 1629146.7500 -0.2004
-12.0620 77.8425 -26.0964 25.0480 1650406233457 1629175.7500 -0.2004
-11.8636 77.9887 -25.5029 18.7964 1650406233486 1629204.7500 -0.1999
-12.0304 77.6958 -25.1103 28.7510 1650406233514 1629234.7500 -0.1999
-12.0677 77.6772 -24.7111 23.1888 1650406233544 1629262.2500 -0.1999
-11.6579 78.0492 -24.2777 26.3174 1650406233572 1629291.5000 -0.1999
-11.7992 77.8814 -24.2002 20.6405 1650406233601 1629320.5000 -0.1999
-11.7319 77.6937 -24.2895 21.6294 1650406233631 1629349.5000 -0.1999
-11.9158 77.4993 -24.7366 25.3886 1650406233660 1629378.2500 -0.1999
-12.0149 77.4018 -25.0613 24.5743 1650406233688 1629407.2500 -0.2001
-12.1239 77.1203 -25.4758 26.5417 1650406233718 1629436.2500 -0.2004
-11.9504 77.1340 -26.4324 19.5039 1650406233747 1629465.2500 -0.2004
-11.6495 77.4766 -27.2203 16.9854 1650406233776 1629496.7500 -0.2004
-11.7875 77.1666 -28.2780 26.9532 1650406233805 1629523.2500 -0.2004
-11.6489 77.6448 -28.9698 24.6793 1650406233833 1629553.7500 -0.2004
-11.6827 77.4980 -30.1133 20.8404 1650406233863 1629581.0000 -0.2004
-11.8131 77.7708 -30.9013 22.6037 1650406233891 1629610.2500 -0.2004
-11.8820 77.5766 -31.7176 27.3231 1650406233920 1629639.2500 -0.2005
-11.7782 77.7489 -32.4470 21.3184 1650406233949 1629668.2500 -0.2009
-12.1638 77.6121 -33.0515 24.1876 1650406233978 1629697.2500 -0.2009
-12.0561 77.6837 -33.6565 21.2907 1650406234007 1629726.0000 -0.2009
-11.9528 77.6470 -34.1013 29.1705 1650406234036 1629755.0000 -0.2009
-11.9539 77.7156 -34.4184 23.5208 1650406234065 1629784.0000 -0.2009
-12.0791 77.5075 -34.3794 24.6421 1650406234095 1629812.5000 -0.2009
-12.2686 77.7640 -34.1915 30.0662 1650406234124 1629841.7500 -0.2004
-12.2275 77.6513 -34.0717 18.5882 1650406234152 1629870.7500 -0.2004
-12.1435 77.6463 -33.5280 19.3242 1650406234181 1629899.7500 -0.2004
-11.9816 77.6895 -33.3119 20.8756 1650406234210 1629928.7500 -0.2004
-12.0840 77.6733 -32.6330 25.3757 1650406234239 1629957.7500 -0.1999
-12.0476 77.5122 -32.1254 21.9873 1650406234268 1629988.2500 -0.1999
-12.1920 77.5236 -31.3146 30.8794 1650406234297 1630015.5000 -0.1999
-11.9354 77.5673 -30.3506 20.6932 1650406234326 1630044.7500 -0.1999
-12.1174 77.4360 -29.4454 27.2041 1650406234355 1630073.7500 -0.1999
-12.0365 77.9004 -28.0900 25.4543 1650406234384 1630102.7500 -0.1999
-12.1185 77.6984 -27.6666 23.4833 1650406234413 1630131.7500 -0.1999
-12.0122 77.8131 -26.4915 23.1444 1650406234442 1630160.7500 -0.1999
-12.1183 77.6497 -25.9221 25.7011 1650406234471 1630189.7500 -0.2001
-11.6501 77.9247 -25.4200 30.5457 1650406234500 1630218.7500 -0.2004
-11.8874 77.6196 -24.9385 26.5707 1650406234529 1630250.5000 -0.2004
-11.9837 77.8397 -24.3672 26.0148 1650406234558 1630277.5000 -0.2004
-11.6912 78.0549 -24.2498 20.2068 1650406234587 1630305.7500 -0.2004
-11.6427 77.9592 -24.2628 22.1693 1650406234616 1630334.7500 -0.2004
-11.9172 77.5140 -24.3894 22.3750 1650406234645 1630363.2500 -0.2004
-11.7270 77.6350 -24.8837 18.6768 1650406234674 1630392.7500 -0.2009
-11.7365 77.3857 -25.3682 31.0652 1650406234703 1630421.5000 -0.2009
-12.1367 76.9941 -25.9547 28.5885 1650406234731 1630450.5000 -0.2009
-12.0024 77.2986 -26.6901 24.7828 1650406234760 1630479.2500 -0.2009
-11.5375 77.4974 -27.4982 26.0266 1650406234789 1630508.2500 -0.2009
-11.4570 77.1993 -28.7083 23.4797 1650406234819 1630537.2500 -0.2009
-11.6266 77.8019 -29.3621 19.1129 1650406234848 1630566.2500 -0.2009
-11.7328 77.5953 -30.3990 22.9366 1650406234877 1630595.2500 -0.2009
-11.6102 77.7009 -31.1575 25.1254 1650406234906 1630624.2500 -0.2009
-11.7773 77.6105 -32.0407 15.6520 1650406234935 1630653.2500 -0.2009
-11.7408 77.6739 -32.6821 19.7522 1650406234964 1630682.2500 -0.2009
-12.0792 77.5160 -33.3461 29.5080 1650406234992 1630711.2500 -0.2009
-11.8978 77.5273 -33.9005 22.0965 1650406235022 1630740.2500 -0.2009
-11.9930 77.6033 -34.1899 22.4277 1650406235050 1630770.5000 -0.2009
-12.0672 77.4620 -34.4724 25.7665 1650406235079 1630799.0000 -0.2004
-12.1641 77.6688 -34.2814 28.9094 1650406235108 1630827.0000 -0.2004
-12.2267 77.7569 -34.2205 20.6731 1650406235137 1630856.0000 -0.2004
-12.1493 77.8202 -33.8538 22.6210 1650406235166 1630885.0000 -0.2004
-12.1454 77.9648 -33.3583 15.4208 1650406235195 1630913.7500 -0.2004
-11.8775 77.5933 -33.1631 24.1459 1650406235224 1630942.7500 -0.2004
-12.1223 77.6205 -32.6085 29.4891 1650406235254 1630971.7500 -0.2001
-12.2580 77.5575 -31.7986 26.5043 1650406235283 1631000.7500 -0.1999
-11.9800 78.1144 -30.6663 26.7081 1650406235311 1631032.5000 -0.2004
-12.2263 77.6375 -29.8208 26.8773 1650406235341 1631058.5000 -0.2004
-11.8944 77.6480 -28.9681 29.3140 1650406235369 1631087.7500 -0.2004
-12.1809 77.9411 -27.9128 29.4910 1650406235398 1631116.5000 -0.2004
-11.9586 77.7547 -27.1234 24.7287 1650406235427 1631145.7500 -0.2004
-12.0961 77.7424 -26.3302 25.2390 1650406235456 1631174.7500 -0.2004
-12.1853 77.7658 -25.7510 22.2984 1650406235485 1631203.7500 -0.2005
-11.9833 77.8253 -25.1295 28.1554 1650406235514 1631232.7500 -0.2009
-12.2924 77.9141 -24.3657 24.8795 1650406235543 1631261.7500 -0.2009
-11.8909 77.6273 -24.3254 24.6352 1650406235572 1631290.7500 -0.2009
-11.5557 78.0291 -24.3590 18.8968 1650406235601 1631319.7500 -0.2009
-11.6350 77.8419 -24.3179 20.9997 1650406235630 1631348.7500 -0.2009
-11.7407 77.4795 -24.6322 17.7678 1650406235659 1631377.7500 -0.2009
-11.9384 77.6812 -24.8127 19.0629 1650406235688 1631406.7500 -0.2009
-11.8024 77.4739 -25.3695 20.0566 1650406235717 1631435.7500 -0.2009
-12.0439 77.0704 -26.4069 21.0806 1650406235746 1631464.7500 -0.2009
-11.7242 77.4021 -26.9460 20.9991 1650406235775 1631493.7500 -0.2009
-11.7685 77.4035 -27.8767 22.1684 1650406235804 1631522.5000 -0.2009
-11.6570 77.6719 -28.7417 20.8502 1650406235833 1631552.7500 -0.2009
-11.6907 77.6369 -29.5706 26.2446 1650406235862 1631580.0000 -0.2004
-11.6772 77.8227 -30.6235 20.0906 1650406235890 1631609.2500 -0.2004
-11.8503 77.5964 -31.4055 19.1227 1650406235920 1631638.2500 -0.2004
-11.8003 77.7539 -32.1798 20.6222 1650406235948 1631667.2500 -0.2004
-11.8343 77.8244 -32.8809 26.0765 1650406235978 1631696.2500 -0.1999
-12.0173 77.6153 -33.5013 21.6132 1650406236006 1631725.2500 -0.1999
-11.8795 77.7774 -33.9640 23.7429 1650406236036 1631754.2500 -0.1999
-11.8522 77.6472 -34.2788 22.2760 1650406236065 1631784.7500 -0.1999
-12.1222 77.7081 -34.4113 23.7940 1650406236094 1631814.7500 -0.1999
-12.1226 77.6122 -34.1816 33.7998 1650406236123 1631841.2500 -0.1999
-12.1543 77.7780 -34.1172 20.8285 1650406236152 1631870.2500 -0.2000
-11.9631 77.7433 -33.7245 18.8203 1650406236181 1631898.5000 -0.2004
-12.0727 77.6097 -33.3755 19.4099 1650406236209 1631928.2500 -0.2004
-12.2648 77.5721 -32.8621 29.5515 1650406236238 1631957.0000 -0.2004
-12.1690 77.5170 -32.4678 23.7189 1650406236267 1631986.0000 -0.2004
-12.3156 77.5210 -31.5305 22.6492 1650406236296 1632015.0000 -0.2004
-11.9865 77.8726 -30.4986 26.8210 1650406236325 1632043.7500 -0.2009
-12.2202 77.6664 -29.4925 24.8749 1650406236355 1632072.7500 -0.2009
-11.9339 77.8870 -28.6702 31.0652 1650406236383 1632101.7500 -0.2009
-12.2453 77.6892 -27.7118 26.3933 1650406236413 1632130.7500 -0.2009
-11.7179 77.8702 -26.9447 25.7832 1650406236442 1632159.7500 -0.2009
-12.1884 77.6684 -26.1992 24.1967 1650406236470 1632188.7500 -0.2009
-12.0366 77.9599 -25.5389 26.9162 1650406236500 1632217.7500 -0.2009
-12.1022 77.6983 -25.0914 26.2205 1650406236528 1632246.7500 -0.2009
-11.9907 77.8699 -24.4951 27.8635 1650406236557 1632275.7500 -0.2009
-11.7278 77.9973 -24.2075 27.1273 1650406236586 1632304.7500 -0.2009
-11.6311 78.0091 -24.2561 26.1556 1650406236615 1632336.0000 -0.2009
-11.8477 77.6012 -24.4316 19.0784 1650406236644 1632362.7500 -0.2009
-11.5540 77.8665 -24.5142 16.5532 1650406236673 1632391.7500 -0.2009
-11.8166 77.3905 -24.9944 20.8827 1650406236702 1632420.7500 -0.2009
-12.2442 77.1772 -25.5521 24.1634 1650406236731 1632449.7500 -0.2009
-12.0468 77.3385 -26.3102 21.8739 1650406236760 1632478.7500 -0.2004
-11.7494 77.4900 -27.0291 25.3413 1650406236789 1632507.7500 -0.2004
-11.7363 77.4179 -28.1412 25.2033 1650406236818 1632536.7500 -0.2009
-11.4810 77.7190 -29.0214 26.8383 1650406236847 1632565.5000 -0.2009
-11.6490 77.5923 -30.0181 28.5782 1650406236876 1632594.5000 -0.2004
-11.7276 77.8593 -30.7301 20.0303 1650406236905 1632623.5000 -0.2004
-11.8660 77.6115 -31.6539 23.7936 1650406236934 1632655.0000 -0.2004
-11.8467 77.7128 -32.3147 16.1046 1650406236963 1632681.5000 -0.2004
-11.9389 77.5235 -32.9573 21.4024 1650406236992 1632710.2500 -0.2004
-11.8982 77.6398 -33.6558 22.0176 1650406237021 1632739.2500 -0.2004
-11.9274 77.6474 -34.0939 20.0545 1650406237049 1632768.2500 -0.2004
-11.9305 77.5345 -34.4665 22.1508 1650406237079 1632797.2500 -0.2004
-12.1976 77.5041 -34.3435 26.5571 1650406237107 1632826.2500 -0.2006
-12.2507 77.5564 -34.3253 22.2619 1650406237137 1632855.2500 -0.2009
-12.0228 77.7315 -34.0407 29.4851 1650406237166 1632884.2500 -0.2009
-12.0461 77.6921 -33.6274 24.1898 1650406237195 1632913.2500 -0.2009
-11.9568 77.6600 -33.3893 28.5323 1650406237224 1632942.2500 -0.2011
-12.1098 77.6434 -32.7164 28.2294 1650406237253 1632971.2500 -0.2013
-12.0772 77.3313 -32.1396 23.6350 1650406237282 1633000.2500 -0.2013
-12.2799 77.6655 -31.2849 29.6311 1650406237311 1633029.2500 -0.2013
-12.1325 77.6563 -30.1966 28.9235 1650406237340 1633058.0000 -0.2013
-12.3004 77.6010 -29.3738 34.5972 1650406237368 1633089.5000 -0.2013
-12.0359 77.8192 -28.1035 26.1837 1650406237398 1633117.0000 -0.2013
-12.2172 77.6342 -27.5146 26.6826 1650406237426 1633144.7500 -0.2013
-11.9875 77.8872 -26.5259 20.6803 1650406237455 1633173.7500 -0.2013
-12.2358 77.6711 -25.9764 18.8679 1650406237484 1633202.7500 -0.2009
-11.9113 78.0197 -25.2708 22.7607 1650406237513 1633231.7500 -0.2009
-12.1257 77.7142 -24.8723 26.7696 1650406237542 1633260.7500 -0.2009
-12.1285 77.8773 -24.4338 19.0204 1650406237571 1633289.7500 -0.2009
-11.8909 78.1997 -24.3027 28.3717 1650406237601 1633318.7500 -0.2004
-11.9231 77.9478 -24.1630 12.8921 1650406237629 1633348.5000 -0.2004
-11.7770 77.7626 -24.2728 25.0660 1650406237659 1633376.5000 -0.2004
-11.7976 77.6633 -24.5847 23.9377 1650406237687 1633405.7500 -0.2004
-12.0931 77.4212 -25.1957 20.7867 1650406237716 1633436.0000 -0.2004
-12.2679 77.0833 -25.7681 23.4438 1650406237745 1633463.7500 -0.2004
-11.8881 77.2855 -26.5597 25.3904 1650406237774 1633492.7500 -0.2004
-11.7337 77.4483 -27.3301 28.7892 1650406237803 1633521.7500 -0.2004
-11.5641 77.4729 -28.4928 33.0644 1650406237832 1633550.7500 -0.2004
-11.4978 77.7379 -29.3380 18.7503 1650406237861 1633579.7500 -0.2004
-11.6597 77.5552 -30.2772 18.8404 1650406237890 1633608.7500 -0.2004
-11.5837 77.7473 -31.0732 21.5624 1650406237919 1633637.7500 -0.2004
-11.8239 77.6060 -31.9563 19.6984 1650406237948 1633666.7500 -0.2005
-11.9939 77.7695 -32.4327 15.2133 1650406237978 1633696.7500 -0.2009
-11.9509 77.5043 -33.1984 24.7855 1650406238006 1633724.7500 -0.2009
-11.9025 77.6904 -33.8106 22.8690 1650406238035 1633753.5000 -0.2009
-11.8789 77.6127 -34.1575 17.9663 1650406238064 1633782.5000 -0.2010
-11.9636 77.4869 -34.5827 15.8351 1650406238093 1633811.2500 -0.2013
-12.1359 77.8331 -34.5982 20.6447 1650406238122 1633840.2500 -0.2011
-12.1125 77.6797 -34.4067 27.7991 1650406238151 1633870.0000 -0.2009
-12.0063 77.6617 -34.0039 21.5678 1650406238180 1633898.2500 -0.2009
-12.0839 77.8435 -33.5158 23.0068 1650406238209 1633927.2500 -0.2009
-12.0589 77.7011 -33.1854 18.3042 1650406238238 1633956.2500 -0.2009
-12.1070 77.5244 -32.6715 27.2832 1650406238266 1633985.2500 -0.2009
-12.1691 77.6094 -31.7413 28.3178 1650406238296 1634014.2500 -0.2009
-12.2576 77.5682 -30.9945 21.7476 1650406238325 1634043.2500 -0.2009
-12.2181 77.6151 -29.9637 26.1370 1650406238354 1634072.2500 -0.2009
-12.2601 77.6088 -29.0134 27.5602 1650406238383 1634101.0000 -0.2009
-12.2116 77.7313 -27.9557 33.7753 1650406238412 1634131.0000 -0.2009
-12.1970 77.6550 -27.1334 24.3523 1650406238441 1634159.2500 -0.2004
-12.3181 77.8021 -26.1398 19.3241 1650406238470 1634189.5000 -0.2004
-12.0939 77.8532 -25.7201 26.4444 1650406238499 1634216.7500 -0.1999
-12.0966 77.8318 -25.1327 20.7580 1650406238527 1634246.0000 -0.1999
-12.2680 77.7397 -24.7595 19.6150 1650406238557 1634274.7500 -0.1999
-12.2306 77.7853 -24.1911 24.7030 1650406238585 1634303.7500 -0.1999
-11.8945 78.2441 -24.1838 22.6774 1650406238614 1634332.7500 -0.1999
-12.0526 78.1324 -24.1352 24.3163 1650406238643 1634361.7500 -0.1999
-12.0421 77.8569 -24.2253 23.5840 1650406238673 1634390.7500 -0.1999
-12.0845 77.6488 -24.6397 21.4788 1650406238701 1634419.7500 -0.1999
-11.8033 77.2714 -25.3338 29.3915 1650406238730 1634448.7500 -0.1999
-11.9860 77.0901 -26.0785 23.2425 1650406238759 1634477.7500 -0.1999
-11.6590 77.5077 -26.4360 26.7188 1650406238789 1634506.7500 -0.2001
-11.6102 77.2690 -27.8430 19.8139 1650406238818 1634535.7500 -0.2004
-11.5967 77.4864 -28.7530 24.6146 1650406238846 1634564.7500 -0.2004
-11.4848 77.6222 -29.6521 28.3250 1650406238875 1634593.7500 -0.2004
-11.6266 77.5399 -30.5479 26.0955 1650406238904 1634623.7500 -0.2004
-11.7081 77.4938 -31.2971 31.5907 1650406238933 1634651.2500 -0.2004
-11.8062 77.5971 -32.1391 20.0321 1650406238962 1634680.7500 -0.2004
-11.7096 77.6434 -32.8738 24.2657 1650406238991 1634709.7500 -0.2004
-11.9445 77.5491 -33.3208 27.8269 1650406239020 1634738.7500 -0.2004
-11.9253 77.6918 -33.8537 22.3266 1650406239049 1634767.7500 -0.2004
-11.8444 77.6335 -34.3541 20.3755 1650406239078 1634796.7500 -0.2004
-12.0939 77.4545 -34.3843 27.9517 1650406239107 1634825.7500 -0.2004
-12.2328 77.6209 -34.3854 28.0098 1650406239137 1634854.7500 -0.2004
-12.2505 77.7388 -34.0670 23.3584 1650406239165 1634884.5000 -0.2004
-12.2110 77.8656 -33.7106 21.5484 1650406239194 1634912.2500 -0.2004
-12.0776 77.7783 -33.4565 21.8922 1650406239223 1634941.2500 -0.2004
-12.0970 77.6887 -33.0151 23.6864 1650406239252 1634969.5000 -0.2004
-11.9660 77.5963 -32.6049 22.9709 1650406239281 1634999.2500 -0.1999
-12.2637 77.6725 -31.6295 17.8832 1650406239310 1635028.2500 -0.1999
-12.3315 77.6622 -30.6333 27.6890 1650406239339 1635057.2500 -0.1999
-12.4633 77.6794 -29.4454 32.0651 1650406239368 1635086.2500 -0.1999
-12.1027 77.8050 -28.4997 21.2130 1650406239397 1635115.2500 -0.1999
-12.3732 77.6990 -27.7106 32.9685 1650406239425 1635144.2500 -0.1999
-11.9808 77.8264 -26.8036 21.4773 1650406239455 1635173.2500 -0.1999
-12.2868 77.7200 -26.0989 28.5567 1650406239484 1635202.2500 -0.1999
-11.9027 78.0274 -25.6127 23.9272 1650406239513 1635231.2500 -0.1999
-12.0321 77.8539 -25.0051 21.8951 1650406239542 1635260.2500 -0.1999
-12.3101 77.8308 -24.4262 28.6319 1650406239571 1635289.0000 -0.1996
-11.9711 78.0323 -24.1120 23.9287 1650406239600 1635318.0000 -0.1994
-11.9266 78.1270 -24.2947 24.0544 1650406239629 1635347.0000 -0.1999
-12.2677 78.2678 -24.0522 25.5913 1650406239658 1635375.7500 -0.1999
-11.7468 77.7584 -24.4347 20.9242 1650406239687 1635407.5000 -0.1999
-11.9788 77.5410 -24.7872 24.4626 1650406239716 1635433.5000 -0.1999
-12.0376 77.1152 -25.5230 24.2600 1650406239744 1635462.7500 -0.1999
-11.9002 77.0076 -26.2779 27.9643 1650406239773 1635491.7500 -0.2004
-11.6962 77.4065 -26.7733 23.7932 1650406239802 1635520.7500 -0.2004
-11.8507 77.2765 -27.9163 30.8821 1650406239831 1635549.7500 -0.2004
-11.4797 77.6203 -28.9363 26.0908 1650406239860 1635578.7500 -0.2004
-11.7928 77.6360 -29.8642 21.7729 1650406239890 1635607.7500 -0.2004
-11.7375 77.7967 -30.6989 17.1937 1650406239919 1635638.2500 -0.2004
-11.8814 77.5805 -31.5483 29.7329 1650406239948 1635666.7500 -0.2004
-11.7239 77.6495 -32.4030 17.3505 1650406239977 1635694.7500 -0.2004
-11.9894 77.5826 -32.9936 25.3748 1650406240005 1635723.7500 -0.2004
-11.9671 77.6010 -33.5215 24.2978 1650406240035 1635752.2500 -0.2004
-11.9199 77.6803 -34.2080 21.9240 1650406240063 1635781.7500 -0.2004
-11.9729 77.6195 -34.5127 28.4371 1650406240092 1635810.7500 -0.2004
-12.1590 77.4680 -34.3624 29.0587 1650406240121 1635839.7500 -0.2004
-12.0725 77.5504 -34.3690 19.5414 1650406240150 1635868.7500 -0.2004
-12.2832 77.7375 -34.0530 23.8813 1650406240179 1635897.7500 -0.1999
-12.2860 77.8339 -33.6260 21.3474 1650406240208 1635926.7500 -0.1999
-12.1757 77.8440 -33.3330 26.7196 1650406240237 1635955.7500 -0.1999
-12.0119 77.7008 -32.8966 29.1690 1650406240266 1635984.5000 -0.1999
-12.1207 77.5215 -32.2959 25.0540 1650406240295 1636013.5000 -0.1999
-12.2627 77.5431 -31.4344 25.5172 1650406240324 1636042.2500 -0.1999
-11.9611 77.5612 -30.5433 26.3939 1650406240353 1636071.2500 -0.1999
-12.5146 77.7046 -29.3421 26.8193 1650406240382 1636100.2500 -0.1999
-12.0608 77.9473 -28.2126 26.4331 1650406240411 1636129.2500 -0.1999
-12.2451 77.5954 -27.5906 28.3349 1650406240440 1636158.2500 -0.1999
-12.0121 77.9146 -26.5269 22.4115 1650406240469 1636188.5000 -0.2000
-12.1061 77.5821 -26.0294 25.6599 1650406240498 1636216.2500 -0.2004
-11.9519 78.0754 -25.3570 24.9832 1650406240527 1636245.2500 -0.2004
-12.2808 77.6872 -24.8146 30.3596 1650406240556 1636274.2500 -0.2004
-12.2425 77.7759 -24.3915 33.5669 1650406240584 1636303.2500 -0.2004
-12.0146 78.1523 -24.1595 24.9714 1650406240614 1636332.2500 -0.2004
-11.8597 78.0586 -24.2819 14.5006 1650406240643 1636361.2500 -0.2004
-12.0596 77.7786 -24.1901 18.6470 1650406240672 1636390.0000 -0.2004
-11.8627 77.7466 -24.3970 22.5023 1650406240701 1636420.0000 -0.2004
-11.9733 77.3743 -24.9531 25.7114 1650406240730 1636447.2500 -0.2004
-12.4328 76.9550 -25.4999 25.0954 1650406240759 1636477.0000 -0.2004
-11.9193 77.0743 -26.3679 22.0240 1650406240788 1636507.0000 -0.2004
-11.5222 77.3587 -27.3598 30.2034 1650406240817 1636534.7500 -0.2004
-11.7469 77.2724 -28.4099 28.6908 1650406240846 1636563.7500 -0.2004
-11.5618 77.6872 -29.1972 24.7241 1650406240875 1636592.7500 -0.2004
-11.7445 77.4590 -30.2035 25.1154 1650406240903 1636621.7500 -0.1999
-11.6603 77.6443 -30.9885 24.7438 1650406240932 1636650.7500 -0.1999
-11.9951 77.6812 -31.8180 25.7818 1650406240961 1636681.0000 -0.1999
-11.8886 77.6884 -32.4544 18.6812 1650406240991 1636708.7500 -0.1999
-12.0645 77.5622 -33.2211 37.6865 1650406241019 1636737.7500 -0.1994
-11.8041 77.7372 -33.7779 24.7694 1650406241049 1636766.7500 -0.1994
-11.9675 77.7321 -34.0877 32.0256 1650406241078 1636795.7500 -0.1994
-12.0861 77.5343 -34.5254 34.7670 1650406241107 1636824.7500 -0.1994
-12.2077 77.5404 -34.2172 30.1865 1650406241136 1636853.7500 -0.1989
-12.2340 77.6011 -34.2684 29.2521 1650406241164 1636882.7500 -0.1989
-12.3568 77.8361 -34.0617 21.2209 1650406241194 1636911.7500 -0.1989
-12.2929 77.9470 -33.4622 25.6951 1650406241222 1636941.7500 -0.1989
-12.1942 77.8068 -33.0910 22.2005 1650406241251 1636969.0000 -0.1989
-12.1882 77.7237 -32.6876 25.6002 1650406241280 1636998.7500 -0.1989
-12.3582 77.7755 -31.9399 30.1821 1650406241309 1637027.7500 -0.1994
-12.3364 77.5846 -31.1806 24.5964 1650406241338 1637056.7500 -0.1994
-12.1626 77.6480 -30.1676 28.0517 1650406241367 1637085.5000 -0.1994
-12.3031 77.5703 -29.2780 25.7137 1650406241396 1637114.5000 -0.1994
-12.1678 77.8802 -27.9530 27.8173 1650406241425 1637143.5000 -0.1999
-12.3755 77.4366 -27.4003 28.7374 1650406241454 1637172.2500 -0.1999
-12.0387 77.7839 -26.2967 22.2130 1650406241483 1637202.2500 -0.1999
-12.0995 77.6519 -25.8632 15.8262 1650406241513 1637230.2500 -0.1999
-11.9112 77.9354 -25.2117 22.9517 1650406241541 1637259.2500 -0.1999
-12.0962 77.6717 -24.7242 26.6373 1650406241570 1637287.5000 -0.1999
-11.8380 77.7419 -24.4097 27.5020 1650406241599 1637317.2500 -0.1999
-11.8327 78.0174 -24.2394 24.2743 1650406241628 1637346.2500 -0.1999
-11.8442 77.9633 -24.2066 23.9148 1650406241657 1637375.2500 -0.1999
-12.0202 77.7792 -24.1219 23.1399 1650406241686 1637404.2500 -0.1999
-11.9848 77.4901 -24.7127 27.2670 1650406241715 1637433.2500 -0.1999
-11.9294 77.2541 -25.3596 22.5365 1650406241744 1637462.2500 -0.1999
-12.0326 76.8890 -25.9877 25.9925 1650406241773 1637491.2500 -0.1999
-11.5306 77.4830 -26.6233 23.7748 1650406241801 1637520.0000 -0.1994
-11.8370 77.1834 -27.5723 26.8273 1650406241831 1637549.0000 -0.1994
-11.5455 77.4181 -28.6771 26.4907 1650406241860 1637578.0000 -0.1994
-11.5474 77.4651 -29.5534 24.5048 1650406241889 1637606.5000 -0.1994
-11.7589 77.6908 -30.5232 22.3992 1650406241918 1637635.7500 -0.1989
-11.9676 77.7238 -31.1873 23.5949 1650406241947 1637664.7500 -0.1989
-11.8968 77.6356 -32.0033 19.4650 1650406241976 1637693.7500 -0.1989
-11.8752 77.7820 -32.8333 23.8660 1650406242005 1637722.0000 -0.1989
-12.0663 77.5773 -33.2276 26.6742 1650406242034 1637751.7500 -0.1984
-11.7914 77.6534 -34.0571 23.8930 1650406242062 1637780.7500 -0.1984
-12.0664 77.6358 -34.1871 27.1127 1650406242092 1637809.7500 -0.1987
-12.1151 77.4185 -34.4515 22.8895 1650406242120 1637838.7500 -0.1989
-12.1887 77.6154 -34.4531 30.2450 1650406242149 1637867.7500 -0.1989
-12.2024 77.6105 -34.4508 27.4315 1650406242178 1637896.7500 -0.1989
-12.3351 77.8196 -33.8017 23.5650 1650406242208 1637925.7500 -0.1991
-12.2643 77.8939 -33.3216 22.4246 1650406242236 1637954.0000 -0.1994
-12.2408 77.8211 -33.0264 26.3306 1650406242265 1637983.5000 -0.1994
-12.1306 77.6275 -32.5899 22.9234 1650406242295 1638012.7500 -0.1994
-12.2720 77.7362 -31.6298 24.4316 1650406242324 1638042.7500 -0.1994
-11.9191 77.8119 -30.6548 22.9731 1650406242353 1638070.7500 -0.1994
-12.3177 77.6603 -29.6856 41.6492 1650406242381 1638099.7500 -0.1994
-11.9859 77.8957 -28.7019 30.1460 1650406242410 1638128.7500 -0.1994
-12.3130 77.6909 -27.8265 27.3034 1650406242439 1638157.7500 -0.1994
-11.9578 78.1397 -27.0164 24.2141 1650406242468 1638186.7500 -0.1994
-12.1795 77.5774 -26.1708 29.0511 1650406242497 1638215.5000 -0.1994
-11.8771 78.0143 -25.6180 26.4064 1650406242526 1638244.5000 -0.1994
-12.0858 77.7034 -25.0158 23.0696 1650406242555 1638273.2500 -0.1994
-12.0243 78.0072 -24.5333 20.2681 1650406242584 1638302.2500 -0.1994
-11.9031 77.9691 -24.2118 20.5800 1650406242613 1638331.2500 -0.1994
-11.8277 78.0493 -24.2751 23.5706 1650406242642 1638360.2500 -0.1994
-11.7573 78.0699 -24.3990 19.7064 1650406242672 1638389.2500 -0.1994
-11.7597 77.7311 -24.3322 22.3239 1650406242700 1638418.2500 -0.1989
-11.9352 77.4051 -24.7394 19.5008 1650406242729 1638447.2500 -0.1989
-12.1274 77.0819 -25.3890 22.0050 1650406242758 1638479.0000 -0.1989
-12.0410 76.9941 -26.0384 22.0540 1650406242787 1638506.2500 -0.1989
-11.6149 77.2795 -27.0264 22.6571 1650406242816 1638534.2500 -0.1989
-11.6923 77.3348 -28.0632 26.4166 1650406242845 1638563.2500 -0.1989
-11.4624 77.4705 -29.0367 23.2220 1650406242874 1638592.2500 -0.1987
-11.7871 77.5986 -29.8992 24.4931 1650406242903 1638621.0000 -0.1984
-11.8291 77.7614 -30.7117 17.7522 1650406242932 1638650.0000 -0.1984
-11.8855 77.5633 -31.5555 20.7765 1650406242961 1638679.0000 -0.1984
-11.8356 77.8117 -32.3918 23.0184 1650406242990 1638707.7500 -0.1987
-11.9086 77.6475 -33.0669 20.3471 1650406243019 1638737.7500 -0.1989
-12.0850 77.6571 -33.5325 25.7437 1650406243048 1638765.7500 -0.1989
-11.8870 77.6151 -34.0132 26.2483 1650406243077 1638794.7500 -0.1989
-11.8945 77.5096 -34.4284 22.7354 1650406243106 1638825.0000 -0.1989
-12.2399 77.4350 -34.4670 26.3164 1650406243135 1638852.7500 -0.1989
-12.2864 77.5370 -34.3136 30.4777 1650406243164 1638881.7500 -0.1989
-12.0956 77.7198 -34.1534 20.7032 1650406243193 1638910.7500 -0.1994
-12.1906 77.9340 -33.5856 20.7945 1650406243221 1638939.7500 -0.1994
-12.3110 77.8975 -33.2445 24.9561 1650406243251 1638968.7500 -0.1994
-12.1870 77.7110 -32.7355 28.9426 1650406243279 1638997.7500 -0.1994
-12.2065 77.7392 -32.2790 29.4373 1650406243308 1639026.7500 -0.1994
-12.4175 77.5417 -31.5053 23.1890 1650406243337 1639055.7500 -0.1994
-12.2666 77.6362 -30.4925 28.7722 1650406243367 1639084.7500 -0.1994
-12.3276 77.5948 -29.3929 31.5096 1650406243395 1639113.7500 -0.1994
-12.0175 77.9079 -28.2849 25.4075 1650406243425 1639142.7500 -0.1994
-12.2334 77.5816 -27.6537 19.8133 1650406243454 1639171.7500 -0.1994
-11.7586 78.0412 -26.7542 20.2567 1650406243483 1639200.7500 -0.1989
-12.1362 77.5820 -26.0851 20.3121 1650406243512 1639229.7500 -0.1989
-11.8839 78.0434 -25.4445 19.2064 1650406243540 1639259.5000 -0.1984
-12.0673 77.7142 -25.0124 17.3080 1650406243570 1639287.7500 -0.1984
-11.9057 77.6953 -24.4797 21.2639 1650406243598 1639316.5000 -0.1984
-11.7884 78.1162 -24.1541 26.3935 1650406243627 1639345.5000 -0.1984
-11.8615 78.0246 -24.4231 16.7308 1650406243656 1639374.5000 -0.1984
-11.7612 77.7599 -24.2671 20.2773 1650406243685 1639403.2500 -0.1984
-11.9699 77.8216 -24.4023 17.9974 1650406243714 1639432.2500 -0.1984
-11.9558 77.3270 -25.2189 29.3885 1650406243743 1639461.2500 -0.1984
-12.0317 77.0115 -25.7560 27.1933 1650406243772 1639491.5000 -0.1984
-12.0400 77.1528 -26.5030 20.1073 1650406243802 1639518.5000 -0.1984
-11.6052 77.4330 -27.2622 30.0327 1650406243831 1639548.2500 -0.1984
-11.6634 77.4742 -28.3329 23.2198 1650406243859 1639577.0000 -0.1984
-11.6231 77.8167 -29.1383 23.7278 1650406243888 1639606.0000 -0.1987
-11.8919 77.5780 -30.1758 27.8146 1650406243917 1639635.2500 -0.1989
-11.8178 77.7392 -31.0108 20.1567 1650406243946 1639664.2500 -0.1989
-11.9207 77.5607 -31.8686 19.8099 1650406243975 1639693.2500 -0.1989
-11.7896 77.7286 -32.5518 26.9956 1650406244004 1639722.2500 -0.1991
-12.0084 77.5081 -33.1351 27.8702 1650406244033 1639751.0000 -0.1994
-11.9489 77.6159 -33.7394 22.7655 1650406244062 1639780.0000 -0.1994
-11.8850 77.6814 -34.1954 22.5197 1650406244091 1639809.0000 -0.1994
-11.9822 77.6157 -34.4700 22.1810 1650406244120 1639837.7500 -0.1991
-12.2428 77.4059 -34.3846 26.3481 1650406244149 1639866.7500 -0.1994
-12.2867 77.5518 -34.2667 23.5319 1650406244178 1639895.7500 -0.1994
-12.4760 77.7254 -33.9229 28.5735 1650406244207 1639924.7500 -0.1989
-12.1893 77.9179 -33.4800 29.7631 1650406244236 1639953.7500 -0.1989
-12.2899 77.7920 -33.1393 24.8444 1650406244265 1639982.7500 -0.1989
-12.1546 77.6802 -32.6357 18.8915 1650406244294 1640011.7500 -0.1989
-12.2386 77.6751 -32.0296 27.4198 1650406244323 1640040.2500 -0.1989
-12.1901 77.6084 -31.2343 28.1020 1650406244352 1640069.7500 -0.1989
-12.1587 77.7905 -30.1561 24.1937 1650406244381 1640098.7500 -0.1989
-12.1815 77.5898 -29.4653 24.1861 1650406244410 1640127.7500 -0.1989
-12.0954 77.7369 -28.1260 23.6073 1650406244438 1640156.7500 -0.1984
-12.1416 77.5779 -27.4549 24.5703 1650406244467 1640185.7500 -0.1984
-11.9316 77.9606 -26.3904 20.1464 1650406244496 1640214.7500 -0.1984
-11.9167 77.7963 -26.0007 21.2980 1650406244526 1640243.7500 -0.1984
-11.7651 77.7540 -25.3452 24.2620 1650406244554 1640273.7500 -0.1983
-11.9771 77.6950 -24.9154 25.3302 1650406244584 1640301.2500 -0.1979
-11.8229 77.7844 -24.4567 23.1782 1650406244613 1640330.7500 -0.1979
-11.9691 78.2496 -24.1093 19.3730 1650406244642 1640359.5000 -0.1979
-12.1168 77.9877 -24.1107 23.6785 1650406244671 1640388.7500 -0.1980
-11.8343 77.8876 -24.2877 25.0540 1650406244699 1640417.7500 -0.1984
-12.2461 77.6149 -24.6357 22.9132 1650406244729 1640446.5000 -0.1984
-11.8494 77.3719 -25.2448 23.8736 1650406244757 1640475.5000 -0.1984
-12.3325 77.0398 -25.6864 23.3371 1650406244786 1640504.2500 -0.1984
-11.8771 77.1946 -26.8263 25.8818 1650406244815 1640533.2500 -0.1984
-11.7661 77.5267 -27.6322 25.4967 1650406244844 1640562.2500 -0.1984
-11.6346 77.5399 -28.5580 26.1150 1650406244873 1640591.2500 -0.1989
-11.6408 77.8147 -29.4910 23.0471 1650406244902 1640620.2500 -0.1989
-11.8521 77.6808 -30.4533 22.6808 1650406244931 1640649.2500 -0.1989
-11.8392 77.6655 -31.1312 23.6354 1650406244961 1640678.2500 -0.1989
-11.7846 77.4660 -32.1981 30.3071 1650406244990 1640707.2500 -0.1989
-11.8496 77.7689 -32.7100 18.5758 1650406245018 1640736.2500 -0.1989
-12.2377 77.5080 -33.4328 22.9723 1650406245047 1640765.2500 -0.1989
-11.8892 77.6920 -34.0145 20.0171 1650406245076 1640796.7500 -0.1989
-11.9421 77.6857 -34.2765 25.6024 1650406245105 1640823.0000 -0.1989
-12.1895 77.4042 -34.3572 24.6481 1650406245134 1640852.0000 -0.1989
-12.1142 77.7434 -34.1716 32.4369 1650406245163 1640881.0000 -0.1984
-12.2785 77.4959 -34.2464 26.5883 1650406245192 1640910.0000 -0.1984
-12.4750 77.8794 -33.7045 26.0894 1650406245221 1640938.7500 -0.1984
-12.5113 78.0493 -33.4086 19.8541 1650406245250 1640967.7500 -0.1984
-12.3850 77.8486 -33.0318 19.4722 1650406245279 1640996.7500 -0.1984
-12.2866 77.9103 -32.4766 27.1867 1650406245308 1641027.2500 -0.1984
-12.3878 77.6205 -31.6706 26.8059 1650406245337 1641055.7500 -0.1979
-11.9585 77.9404 -30.7452 24.3691 1650406245366 1641083.7500 -0.1979
-12.1244 77.8586 -29.8041 22.9522 1650406245395 1641114.2500 -0.1979
-12.1065 77.7486 -28.7402 24.5059 1650406245424 1641141.5000 -0.1979
-12.1357 77.8488 -27.9109 30.7005 1650406245453 1641170.7500 -0.1980
-11.9560 77.9012 -27.0148 23.0746 1650406245482 1641199.7500 -0.1984
-11.8961 77.7090 -26.2307 20.7115 1650406245511 1641228.7500 -0.1984
-12.1500 77.7891 -25.6574 29.1958 1650406245540 1641257.7500 -0.1984
-11.9743 77.6749 -25.3010 22.0173 1650406245569 1641286.7500 -0.1984
-11.9853 77.8018 -24.6381 21.7901 1650406245597 1641315.7500 -0.1984
-11.8423 77.9069 -24.2525 21.2062 1650406245627 1641344.7500 -0.1989
-11.6979 78.1866 -24.3594 19.3301 1650406245655 1641373.7500 -0.1989
-11.8144 77.9148 -24.2423 18.8721 1650406245684 1641402.7500 -0.1989
-12.0318 77.9454 -24.2135 21.7543 1650406245713 1641431.7500 -0.1989
-11.9572 77.5401 -24.9051 18.9504 1650406245743 1641460.7500 -0.1989
-12.0659 77.1660 -25.4012 28.3966 1650406245772 1641489.7500 -0.1994
-12.1287 77.2194 -26.1527 23.8133 1650406245801 1641518.7500 -0.1994
-11.4924 77.4369 -27.0972 20.5927 1650406245830 1641548.7500 -0.1994
-11.7924 77.5103 -28.0027 22.5546 1650406245859 1641576.0000 -0.1994
-11.7432 77.5695 -28.8118 20.8678 1650406245888 1641605.5000 -0.1994
-11.8174 77.6666 -29.7392 30.8967 1650406245916 1641634.2500 -0.1993
-11.7718 77.6548 -30.6898 20.4323 1650406245945 1641663.2500 -0.1989
-11.9329 77.5116 -31.4870 20.9235 1650406245974 1641692.2500 -0.1989
-11.8785 77.7430 -32.3365 32.1076 1650406246003 1641721.2500 -0.1989
-11.9232 77.5944 -32.9084 27.3215 1650406246032 1641750.2500 -0.1989
-12.1219 77.5508 -33.4072 22.9005 1650406246061 1641779.2500 -0.1984
-11.9721 77.6923 -34.0290 21.5547 1650406246090 1641809.5000 -0.1984
-12.0752 77.7078 -34.2440 28.6816 1650406246120 1641838.2500 -0.1984
-12.1330 77.4981 -34.3300 23.0526 1650406246149 1641866.2500 -0.1984
-12.1459 77.7160 -34.2919 26.9986 1650406246177 1641896.5000 -0.1979
-12.2461 77.6714 -34.0567 25.9587 1650406246207 1641924.2500 -0.1979
-12.2499 78.0105 -33.6122 20.8514 1650406246235 1641953.2500 -0.1979
-12.2455 77.9126 -33.2432 21.0702 1650406246264 1641982.0000 -0.1979
-12.3911 77.9516 -32.7958 27.5731 1650406246293 1642011.0000 -0.1979
-12.1413 77.5703 -32.2834 26.2918 1650406246322 1642040.0000 -0.1979
-12.2474 77.5886 -31.4752 19.4482 1650406246351 1642068.7500 -0.1979
-11.9778 77.6894 -30.3729 23.7839 1650406246380 1642097.7500 -0.1979
-12.3507 77.5794 -29.5052 23.9100 1650406246409 1642126.7500 -0.1984
-11.9917 77.7197 -28.4824 25.6574 1650406246438 1642155.7500 -0.1984
-12.2957 77.6488 -27.6851 19.5989 1650406246467 1642184.7500 -0.1984
-11.8798 77.8872 -26.9018 26.0795 1650406246496 1642213.7500 -0.1984
-12.1081 77.8261 -26.1165 22.8350 1650406246525 1642242.7500 -0.1984
-11.7881 77.9083 -25.5397 21.2703 1650406246554 1642271.7500 -0.1984
-12.0070 77.9514 -24.9304 21.4640 1650406246583 1642300.7500 -0.1985
-12.0733 77.8881 -24.6267 21.4184 1650406246612 1642332.5000 -0.1989
-11.8573 77.9976 -24.2507 24.2395 1650406246641 1642358.2500 -0.1989
-11.6449 78.1120 -24.3256 20.9115 1650406246670 1642387.7500 -0.1989
-11.9157 77.7576 -24.2001 15.5537 1650406246699 1642416.7500 -0.1989
-11.8365 77.8447 -24.4333 23.1222 1650406246728 1642445.7500 -0.1989
-11.9329 77.4400 -24.9495 21.6289 1650406246756 1642474.7500 -0.1989
-12.0992 77.0683 -25.5451 27.0578 1650406246786 1642503.7500 -0.1989
-12.1285 77.2987 -26.3791 27.0905 1650406246814 1642532.7500 -0.1988
-11.6574 77.6687 -27.1411 22.9659 1650406246844 1642563.0000 -0.1984
-11.8875 77.5747 -28.2177 25.4263 1650406246873 1642591.0000 -0.1984
-11.6925 77.9165 -29.1881 21.4245 1650406246902 1642619.7500 -0.1984
-11.9229 77.5415 -29.9242 20.5459 1650406246931 1642649.7500 -0.1984
-11.9139 77.7377 -30.9857 22.0857 1650406246960 1642679.0000 -0.1979
-11.9014 77.5549 -31.7878 27.3137 1650406246989 1642706.5000 -0.1979
-11.7236 77.5445 -32.7265 27.8385 1650406247018 1642735.2500 -0.1979
-11.9556 77.4405 -33.0723 24.3859 1650406247047 1642764.2500 -0.1979
-11.9744 77.7285 -33.7154 23.9433 1650406247075 1642793.2500 -0.1974
-11.8198 77.5414 -34.0587 20.8859 1650406247105 1642822.2500 -0.1974
-12.0909 77.5556 -34.3969 27.1370 1650406247133 1642851.2500 -0.1979
-12.1688 77.6415 -34.3792 24.6047 1650406247162 1642880.2500 -0.1979
-12.2855 77.5982 -34.2243 23.3897 1650406247191 1642909.2500 -0.1979
-12.3332 77.8023 -33.9617 19.5352 1650406247220 1642938.2500 -0.1979
-12.2141 77.9487 -33.5145 24.2713 1650406247249 1642967.2500 -0.1979
-12.1685 77.8295 -33.2255 23.7888 1650406247278 1642996.2500 -0.1979
-12.1912 77.8286 -32.7405 23.6144 1650406247308 1643025.2500 -0.1979
-12.2250 77.7082 -32.1158 24.3176 1650406247336 1643054.2500 -0.1979
-12.3504 77.4782 -31.2665 28.5463 1650406247366 1643084.5000 -0.1980
-11.9558 77.8609 -30.2646 31.4476 1650406247394 1643111.5000 -0.1984
-12.3225 77.5293 -29.4605 17.4083 1650406247423 1643141.0000 -0.1984
-12.1030 77.7450 -28.1498 28.8501 1650406247452 1643169.7500 -0.1984
-12.2189 77.7025 -27.6245 25.6461 1650406247481 1643198.7500 -0.1984
-11.8624 77.9693 -26.5340 23.3137 1650406247510 1643227.7500 -0.1984
-12.0019 77.5645 -26.1602 21.6591 1650406247539 1643256.7500 -0.1984
-11.6453 77.9465 -25.4186 21.5109 1650406247568 1643285.7500 -0.1979
-11.9066 77.6565 -25.0392 19.5033 1650406247597 1643314.7500 -0.1979
-11.9515 77.8317 -24.4493 25.8384 1650406247626 1643343.2500 -0.1979
-11.8497 78.0345 -24.2068 21.5305 1650406247655 1643372.5000 -0.1979
-11.7306 77.9955 -24.3279 22.7995 1650406247685 1643401.7500 -0.1979
-11.8613 77.8617 -24.3099 18.2134 1650406247713 1643430.7500 -0.1979
-12.4750 77.5887 -24.6965 23.2631 1650406247742 1643459.7500 -0.1979
-12.1244 77.4295 -25.2080 26.5630 1650406247771 1643488.7500 -0.1979
-12.1169 77.1407 -25.7724 25.5694 1650406247800 1643517.7500 -0.1974
-11.8679 77.4898 -26.5243 25.8785 1650406247829 1643546.7500 -0.1974
-11.7247 77.6356 -27.4595 33.4541 1650406247858 1643575.7500 -0.1974
-11.8394 77.5214 -28.3868 32.4153 1650406247887 1643604.7500 -0.1974
-11.7607 77.8718 -29.3821 19.3790 1650406247916 1643633.7500 -0.1974
-11.8400 77.5464 -30.3776 23.1508 1650406247945 1643662.7500 -0.1974
-11.6455 77.6961 -31.1364 22.9331 1650406247973 1643691.7500 -0.1974
-12.0686 77.6087 -31.9399 23.6802 1650406248002 1643720.7500 -0.1974
-11.8846 77.9220 -32.7409 21.7291 1650406248032 1643749.7500 -0.1974
-12.0934 77.4624 -33.3314 26.2662 1650406248061 1643778.5000 -0.1974
-11.9922 77.5665 -33.7747 26.4196 1650406248090 1643807.5000 -0.1977
-11.8715 77.6346 -34.2225 20.7570 1650406248119 1643836.2500 -0.1979
-12.2060 77.5823 -34.4177 24.4286 1650406248148 1643866.5000 -0.1979
-12.1707 77.6502 -34.4046 27.9371 1650406248177 1643893.7500 -0.1979
-12.2404 77.7881 -34.2283 22.2995 1650406248206 1643923.2500 -0.1979
-12.3042 77.8558 -33.8784 22.7159 1650406248234 1643952.2500 -0.1979
-12.3060 78.0371 -33.3679 21.9602 1650406248264 1643981.2500 -0.1979
-12.3254 77.9947 -32.9743 23.6738 1650406248292 1644010.2500 -0.1979
-12.2845 77.7692 -32.5658 23.2630 1650406248321 1644039.2500 -0.1982
-12.3326 77.7286 -31.7292 30.4633 1650406248350 1644068.2500 -0.1984
-12.2378 77.5980 -30.8411 20.7805 1650406248379 1644097.2500 -0.1984
-12.0408 77.6915 -29.9819 27.9855 1650406248408 1644125.5000 -0.1984
-11.9601 77.8987 -28.8320 26.0858 1650406248437 1644155.0000 -0.1984
-12.0512 77.7479 -28.0340 24.6027 1650406248467 1644184.0000 -0.1984
-11.9780 77.8972 -27.0996 24.4611 1650406248496 1644214.0000 -0.1984
-11.9977 77.6342 -26.4372 18.6638 1650406248525 1644242.0000 -0.1979
-12.0410 77.7336 -25.9546 34.1524 1650406248553 1644271.0000 -0.1979
-11.9504 78.0195 -25.0766 24.6208 1650406248582 1644299.7500 -0.1979
-12.1545 77.7875 -24.7023 22.5050 1650406248611 1644328.7500 -0.1979
-11.8709 77.7927 -24.3586 26.9530 1650406248640 1644357.7500 -0.1979
-11.7543 78.2706 -24.2305 20.9545 1650406248669 1644386.7500 -0.1979
-11.9436 78.1927 -24.2965 22.1119 1650406248698 1644415.7500 -0.1974
-11.9784 78.0730 -24.2667 18.9005 1650406248727 1644444.7500 -0.1974
-12.0981 77.5853 -24.8883 20.0343 1650406248756 1644473.7500 -0.1974
-11.8412 77.4092 -25.3946 35.1518 1650406248785 1644502.7500 -0.1974
-12.0511 77.2883 -26.1093 34.1186 1650406248814 1644531.7500 -0.1974
-11.8574 77.5559 -26.9281 26.7052 1650406248844 1644560.7500 -0.1974
-11.6750 77.6814 -27.8820 28.7871 1650406248872 1644589.7500 -0.1974
-11.7535 77.7087 -28.7980 25.6551 1650406248901 1644618.7500 -0.1974
-11.8157 77.7261 -29.6166 24.1836 1650406248930 1644648.5000 -0.1979
-11.8256 77.6848 -30.5634 19.9139 1650406248959 1644676.7500 -0.1979
-12.0170 77.7017 -31.2900 21.3471 1650406248988 1644705.7500 -0.1979
-11.9220 77.7191 -32.2049 23.1176 1650406249017 1644734.7500 -0.1979
-11.7741 77.7548 -32.8816 26.8984 1650406249046 1644763.7500 -0.1979
-12.0362 77.4699 -33.4968 24.7235 1650406249075 1644792.7500 -0.1984
-12.0457 77.6786 -33.8215 28.9302 1650406249104 1644821.7500 -0.1984
-11.9517 77.5928 -34.2737 19.1150 1650406249132 1644850.7500 -0.1984
-12.1024 77.4958 -34.5508 29.2352 1650406249162 1644880.5000 -0.1984
-12.2550 77.6200 -34.4316 28.0132 1650406249191 1644909.7500 -0.1984
-12.3063 77.6992 -34.0534 24.0943 1650406249220 1644937.5000 -0.1984
-12.2680 77.9244 -33.6063 22.3224 1650406249249 1644967.7500 -0.1984
-12.2886 78.0847 -33.2194 19.5520 1650406249278 1644995.0000 -0.1984
-12.3931 77.8642 -32.8680 21.3648 1650406249307 1645024.2500 -0.1984
-12.2105 77.6496 -32.4444 21.6856 1650406249336 1645053.2500 -0.1984
-12.5014 77.5721 -31.4883 21.2136 1650406249365 1645082.2500 -0.1979
-11.8878 77.9631 -30.5187 31.3804 1650406249394 1645111.2500 -0.1979
-12.3787 77.7744 -29.5368 28.7697 1650406249423 1645140.2500 -0.1979
-11.8283 77.7524 -28.6361 33.8474 1650406249451 1645169.2500 -0.1979
-12.2620 77.6627 -27.8024 22.7293 1650406249480 1645198.2500 -0.1979
-11.8885 77.9576 -26.8849 22.0253 1650406249509 1645227.2500 -0.1979
-12.1159 77.6440 -26.2253 21.9020 1650406249538 1645256.2500 -0.1974
-12.0036 78.0882 -25.5176 25.7442 1650406249567 1645285.2500 -0.1974
-11.9785 77.7162 -25.1701 25.7494 1650406249596 1645314.0000 -0.1974
-11.9428 77.6676 -24.8895 22.4876 1650406249626 1645343.0000 -0.1974
-11.8493 77.9060 -24.4807 23.4929 1650406249655 1645372.0000 -0.1974
-11.8537 78.2448 -24.2417 18.7495 1650406249684 1645400.5000 -0.1974
-11.8787 78.0600 -24.2600 17.8898 1650406249712 1645429.2500 -0.1974
-12.0335 78.0122 -24.3916 18.5990 1650406249742 1645458.7500 -0.1974
-12.1295 77.6104 -24.9829 26.5891 1650406249770 1645487.7500 -0.1977
-12.1032 77.2836 -25.4107 28.0533 1650406249799 1645516.7500 -0.1979
-12.0176 77.3651 -26.4031 26.2424 1650406249828 1645545.7500 -0.1979
-11.6427 77.6149 -27.2054 22.7776 1650406249857 1645574.7500 -0.1979
-11.7710 77.4840 -28.2179 31.9304 1650406249886 1645603.7500 -0.1979
-11.7922 77.7618 -29.0492 19.8600 1650406249915 1645632.7500 -0.1979
-11.9587 77.6677 -29.9029 24.3086 1650406249944 1645664.5000 -0.1979
-11.9094 77.8466 -30.8357 22.1620 1650406249973 1645690.5000 -0.1984
-12.1048 77.6210 -31.5956 25.9269 1650406250003 1645719.7500 -0.1984
-11.8244 77.7680 -32.5860 20.9680 1650406250031 1645748.5000 -0.1984
-12.1263 77.5550 -33.0826 24.9073 1650406250060 1645777.7500 -0.1984
-12.1033 77.5751 -33.5166 24.6406 1650406250089 1645806.7500 -0.1984
-11.9116 77.6891 -34.0550 28.7997 1650406250118 1645835.7500 -0.1984
-12.0207 77.6622 -34.4391 28.8152 1650406250147 1645864.7500 -0.1984
-12.1882 77.6055 -34.3155 25.8636 1650406250176 1645893.7500 -0.1984
-12.2626 77.4576 -34.4567 20.8855 1650406250205 1645922.7500 -0.1984
-12.1460 77.6776 -34.1477 24.8761 1650406250234 1645951.7500 -0.1984
-12.2071 77.8713 -33.5831 26.0315 1650406250263 1645980.7500 -0.1979
-12.3356 77.8842 -33.0765 25.7638 1650406250291 1646009.5000 -0.1979
-12.2439 77.9178 -32.7433 29.1787 1650406250321 1646038.5000 -0.1979
-12.3296 77.7121 -32.0988 26.8491 1650406250350 1646067.2500 -0.1979
-12.3693 77.6777 -31.3438 29.8445 1650406250379 1646096.2500 -0.1979
-11.8845 77.8525 -30.3841 28.9535 1650406250408 1646125.2500 -0.1979
-12.2571 77.4923 -29.4615 28.1989 1650406250437 1646154.2500 -0.1974
-11.9650 77.5622 -28.4871 26.1425 1650406250466 1646182.5000 -0.1974
-12.2645 77.6126 -27.6018 24.2358 1650406250495 1646212.0000 -0.1974
-11.8617 77.9574 -26.7158 27.4049 1650406250524 1646241.2500 -0.1974
-12.0315 77.7026 -26.0251 24.1928 1650406250553 1646270.2500 -0.1976
-11.7824 77.9187 -25.5360 22.3997 1650406250582 1646299.2500 -0.1979
-11.8536 77.8281 -24.9733 25.3334 1650406250610 1646328.2500 -0.1979
-12.0294 77.8706 -24.5938 28.5154 1650406250639 1646357.2500 -0.1979
-12.0165 78.1802 -24.1173 17.2405 1650406250668 1646386.2500 -0.1979
-12.0587 78.1689 -24.1770 23.9694 1650406250697 1646416.5000 -0.1979
-12.0477 78.1626 -24.2368 23.1417 1650406250726 1646446.5000 -0.1984
-11.9778 77.7362 -24.7199 17.7740 1650406250756 1646473.0000 -0.1984
-12.1759 77.5874 -25.1650 29.2751 1650406250784 1646502.0000 -0.1984
-12.1937 77.2002 -25.7578 27.4179 1650406250814 1646530.5000 -0.1984
-11.8023 77.7840 -26.1748 28.5171 1650406250843 1646559.7500 -0.1984
-11.8046 77.7797 -27.3688 22.5952 1650406250871 1646588.7500 -0.1984
-11.7198 77.5577 -28.4251 27.0835 1650406250901 1646617.7500 -0.1984
-11.7883 77.9414 -29.0988 24.7869 1650406250929 1646646.7500 -0.1984
-11.7497 77.5782 -30.2729 26.2737 1650406250958 1646675.7500 -0.1984
-11.8978 77.7478 -30.9311 26.3157 1650406250987 1646704.7500 -0.1984
-12.1091 77.7463 -31.8344 21.6961 1650406251016 1646733.7500 -0.1984
-11.8967 77.8133 -32.6532 20.0940 1650406251045 1646762.7500 -0.1984
-12.1628 77.4980 -33.1248 36.8925 1650406251074 1646791.7500 -0.1984
-11.9959 77.6422 -33.9167 23.7834 1650406251103 1646820.7500 -0.1979
-11.9776 77.6237 -34.0713 26.3068 1650406251132 1646849.7500 -0.1979
-12.1453 77.6747 -34.4132 21.4571 1650406251161 1646878.7500 -0.1974
-12.2797 77.5785 -34.3405 26.2901 1650406251190 1646907.7500 -0.1974
-12.2811 77.6153 -34.3679 26.9925 1650406251220 1646936.7500 -0.1974
-12.4068 77.8216 -33.8465 19.5961 1650406251248 1646965.5000 -0.1974
-12.4254 78.1837 -33.3109 19.0898 1650406251277 1646994.7500 -0.1974
-12.2461 77.7543 -33.0434 18.4837 1650406251306 1647023.7500 -0.1974
-12.1226 77.7580 -32.5696 25.7641 1650406251335 1647052.7500 -0.1974
-12.1232 77.7009 -31.8984 26.7884 1650406251364 1647081.7500 -0.1974
-12.0856 77.5077 -31.1394 26.1240 1650406251393 1647110.5000 -0.1974
-12.1836 77.6415 -30.0859 23.1864 1650406251422 1647139.5000 -0.1974
-12.2267 77.5107 -29.2496 29.9443 1650406251450 1647168.5000 -0.1976
-12.0450 77.7248 -28.0220 23.5166 1650406251480 1647198.5000 -0.1979
-12.2612 77.7617 -27.2241 26.0682 1650406251509 1647227.2500 -0.1979
-11.9289 77.7918 -26.4548 19.1076 1650406251538 1647255.2500 -0.1979
-11.9748 77.7836 -25.8523 28.2070 1650406251567 1647287.0000 -0.1979
-11.7863 77.7557 -25.3758 22.7672 1650406251596 1647313.2500 -0.1979
-12.2464 77.7605 -24.9461 19.3508 1650406251625 1647342.2500 -0.1984
-12.1115 78.0624 -24.2840 21.5585 1650406251654 1647371.2500 -0.1984
-11.9085 78.2388 -24.1762 24.9795 1650406251683 1647400.2500 -0.1984
-11.7617 78.0067 -24.3727 19.8535 1650406251712 1647429.2500 -0.1984
-12.1685 78.0725 -24.1931 23.1508 1650406251741 1647458.2500 -0.1984
-12.0126 77.5747 -24.8185 19.5542 1650406251769 1647487.2500 -0.1984
-12.1559 77.4067 -25.4069 34.4018 1650406251799 1647516.2500 -0.1984
-12.1114 77.2241 -25.8817 29.8075 1650406251827 1647545.0000 -0.1984
-11.7288 77.9585 -26.4256 27.2673 1650406251856 1647574.0000 -0.1984
-11.7836 77.6996 -27.7837 23.4336 1650406251885 1647603.0000 -0.1979
-11.8265 77.7089 -28.6119 25.9654 1650406251915 1647631.7500 -0.1979
-11.7496 77.6960 -29.6033 30.2425 1650406251944 1647660.7500 -0.1979
-11.9804 77.7775 -30.4587 17.8077 1650406251973 1647689.7500 -0.1979
-12.0450 77.7441 -31.2282 22.1085 1650406252002 1647718.5000 -0.1979
-11.9817 77.6547 -32.2925 16.0038 1650406252031 1647749.0000 -0.1979
-11.9274 77.5936 -32.8234 30.6432 1650406252060 1647776.7500 -0.1979
-12.1367 77.5720 -33.4923 28.2767 1650406252088 1647805.7500 -0.1979
-12.2091 77.7600 -33.8595 21.4310 1650406252117 1647834.7500 -0.1974
-11.9393 77.6394 -34.3134 23.9342 1650406252146 1647863.7500 -0.1974
-12.3089 77.5493 -34.3770 23.8207 1650406252175 1647892.7500 -0.1979
-12.2852 77.6296 -34.3278 25.9469 1650406252204 1647921.7500 -0.1979
-12.3643 77.5990 -34.3129 22.3618 1650406252233 1647952.2500 -0.1979
-12.2952 77.7861 -33.7507 20.3382 1650406252262 1647979.0000 -0.1979
-12.3048 77.9578 -33.2926 24.7774 1650406252291 1648008.7500 -0.1979
-12.3320 77.8391 -32.9684 27.6103 1650406252320 1648039.0000 -0.1979
-12.3678 77.7949 -32.3131 25.0544 1650406252349 1648066.0000 -0.1980
-12.3922 77.6873 -31.5253 20.2951 1650406252379 1648095.7500 -0.1984
-12.0820 77.5945 -30.8236 33.4256 1650406252407 1648124.7500 -0.1984
-12.2525 77.6446 -29.7723 32.7150 1650406252436 1648153.7500 -0.1984
-11.7123 77.7116 -28.8286 23.0155 1650406252465 1648182.7500 -0.1984
-12.1885 77.6783 -27.8887 26.0489 1650406252494 1648211.7500 -0.1984
-11.9284 78.0491 -26.9635 23.9852 1650406252523 1648240.5000 -0.1984
-12.0806 77.7400 -26.3949 23.8435 1650406252552 1648269.5000 -0.1984
-11.9284 77.8059 -25.6709 22.4469 1650406252581 1648298.2500 -0.1985
-11.9523 77.9384 -25.0602 24.6216 1650406252610 1648327.2500 -0.1989
-11.9960 77.7139 -24.8921 25.1579 1650406252639 1648356.2500 -0.1989
-11.8665 78.1380 -24.2013 20.4822 1650406252667 1648385.2500 -0.1989
-11.7652 78.1482 -24.3700 23.5983 1650406252697 1648414.2500 -0.1988
-11.9209 77.9731 -24.2814 14.6211 1650406252726 1648443.2500 -0.1984
-11.9598 77.9506 -24.3857 18.7965 1650406252755 1648472.2500 -0.1984
-12.1670 77.6007 -25.0073 21.2457 1650406252784 1648500.5000 -0.1984
-12.1762 77.3797 -25.4764 29.7272 1650406252813 1648530.2500 -0.1984
-12.0579 77.3595 -26.2219 26.3686 1650406252842 1648559.2500 -0.1984
-11.7091 77.6017 -27.0133 25.7848 1650406252871 1648588.2500 -0.1984
-11.8267 77.5268 -28.1422 26.6429 1650406252900 1648617.2500 -0.1984
-11.7064 77.7613 -29.0066 22.0102 1650406252928 1648646.0000 -0.1984
-11.8875 77.6823 -29.8478 21.5963 1650406252958 1648675.0000 -0.1982
-11.9048 77.8356 -30.7357 23.6447 1650406252986 1648704.0000 -0.1979
-12.0752 77.6581 -31.6208 26.1906 1650406253015 1648734.5000 -0.1979
-11.9018 77.7629 -32.3540 16.5182 1650406253044 1648761.5000 -0.1979
-12.0147 77.7086 -32.9915 31.6401 1650406253074 1648790.7500 -0.1982
-12.0524 77.5186 -33.6987 20.9233 1650406253102 1648821.2500 -0.1984
-12.0203 77.7259 -34.0295 24.0141 1650406253132 1648848.7500 -0.1984
-12.0660 77.6535 -34.2900 26.5342 1650406253161 1648877.7500 -0.1984
-12.2027 77.4840 -34.4575 21.6629 1650406253190 1648906.7500 -0.1984
-12.2638 77.5790 -34.3034 23.7892 1650406253219 1648935.7500 -0.1984
-12.2364 77.7528 -34.1193 27.0186 1650406253247 1648964.7500 -0.1984
-12.3932 77.8066 -33.6891 30.0341 1650406253277 1648993.7500 -0.1984
-12.3174 77.6641 -33.2461 20.9896 1650406253305 1649022.7500 -0.1987
-12.4483 77.8148 -32.7325 22.5684 1650406253334 1649051.7500 -0.1989
-12.1804 77.6789 -32.2958 24.0108 1650406253363 1649080.7500 -0.1989
-12.3632 77.5916 -31.4747 22.3290 1650406253392 1649109.7500 -0.1989
-12.0374 77.5696 -30.5943 22.8824 1650406253421 1649138.7500 -0.1989
-12.3450 77.6673 -29.3749 19.3921 1650406253450 1649167.7500 -0.1989
-11.9722 77.8145 -28.3465 21.7387 1650406253479 1649196.7500 -0.1989
-12.1804 77.7249 -27.6184 26.0370 1650406253508 1649225.7500 -0.1989
-11.9443 77.8902 -26.6480 25.8252 1650406253537 1649254.7500 -0.1989
-12.1933 77.7929 -26.0274 19.4316 1650406253566 1649285.0000 -0.1989
-11.8563 78.0485 -25.3771 25.8038 1650406253595 1649312.7500 -0.1989
-12.1226 77.8383 -24.8878 23.8292 1650406253624 1649341.5000 -0.1989
-11.8675 77.8167 -24.6735 25.6193 1650406253653 1649370.5000 -0.1989
-11.7477 78.0976 -24.1943 19.8982 1650406253682 1649399.2500 -0.1984
-11.9525 78.0325 -24.2976 16.3783 1650406253711 1649428.2500 -0.1984
-11.8543 77.9560 -24.3022 19.3242 1650406253740 1649457.2500 -0.1984
-12.1952 78.0687 -24.2445 17.0362 1650406253769 1649486.2500 -0.1984
-12.0933 77.6087 -25.0470 25.5001 1650406253798 1649516.2500 -0.1984
-12.1892 77.2848 -25.4891 27.6900 1650406253826 1649544.0000 -0.1984
-12.0960 77.3966 -26.5944 20.4736 1650406253857 1649573.2500 -0.1982
-11.7749 77.6829 -27.4075 28.0008 1650406253885 1649601.7500 -0.1979
-11.8823 77.6341 -28.3461 23.2939 1650406253914 1649631.2500 -0.1979
-11.6652 77.8582 -29.1940 24.9546 1650406253943 1649660.2500 -0.1979
-11.8183 77.5880 -30.3474 21.9089 1650406253972 1649689.2500 -0.1982
-11.8537 77.9443 -30.8497 21.9089 1650406253994 1649711.0000 -0.1984
