15.0613 -87.3722 -56.8564 44.3372 1685220373475 375.2500 -0.0396
13.4997 -87.7154 -57.8682 43.9412 1685220373508 408.0000 -0.0270
12.4759 -88.2230 -58.2844 54.0936 1685220373540 440.7500 -0.0270
12.7259 -88.3967 -57.9751 47.8216 1685220373572 472.7500 -0.0189
12.5593 -88.2621 -58.0673 49.1159 1685220373606 506.0000 -0.0162
45.4007 -42.8655 -99.0730 46.6971 1685220373638 538.7500 -0.0060
12.0292 -89.1153 -57.8103 40.8299 1685220373670 571.5000 -0.0033
11.8089 -89.6934 -57.4326 43.8444 1685220373705 604.0000 0.0048
11.8085 -90.0575 -57.0513 49.0855 1685220373737 636.7500 0.0048
12.3590 -89.6715 -56.7875 38.2588 1685220373769 669.5000 0.0128
12.8777 -89.7338 -57.0326 31.2945 1685220373802 527.2500 0.0228
12.7762 -89.8727 -57.9983 35.3974 1685220373835 35.0000 0.0253
13.9702 -88.8163 -58.5148 35.2877 1685220373867 67.0000 0.0319
14.5977 -88.4210 -58.2378 64.4337 1685220373899 100.2500 0.0341
15.8781 -88.5975 -58.1112 56.3764 1685220373933 132.5000 0.0414
15.4237 -88.8050 -58.5392 52.5657 1685220373965 165.5000 0.0438
14.9349 -89.0780 -58.8442 66.5974 1685220373997 198.2500 0.0493
14.4554 -89.3419 -58.8580 50.9494 1685220374031 231.0000 0.0530
15.0142 -88.9254 -58.7054 42.8758 1685220374063 263.7500 0.0585
16.1226 -88.0112 -58.6189 70.7457 1685220374096 296.2500 0.0598
15.7664 -89.2096 -58.2987 51.6400 1685220374129 329.0000 0.0639
16.1822 -88.1149 -57.9856 52.2565 1685220374162 361.7500 0.0639
16.0790 -87.6915 -58.3464 32.9434 1685220374194 394.5000 0.0658
14.9719 -88.0795 -58.9755 39.2803 1685220374227 427.0000 0.0595
13.9280 -88.7035 -59.0961 48.3970 1685220374260 459.7500 0.0595
13.8123 -88.7692 -58.9346 40.6722 1685220374292 492.5000 0.0433
13.7355 -88.6679 -58.8286 51.7359 1685220374324 525.2500 0.0433
13.1305 -89.0879 -58.4432 40.1673 1685220374358 557.7500 0.0219
13.0115 -89.3784 -58.1682 40.8591 1685220374390 589.7500 0.0219
12.5687 -89.8243 -57.3270 40.1503 1685220374422 623.2500 -0.0001
12.5251 -90.1620 -56.4661 42.3366 1685220374455 655.7500 -0.0001
13.1158 -89.8195 -55.9162 32.3783 1685220374489 688.7500 -0.0241
13.3117 -89.8832 -56.2495 36.7433 1685220374521 542.0000 -0.0358
13.6401 -89.4860 -57.2017 32.6662 1685220374554 36.7500 -0.0475
14.5501 -88.1255 -57.5057 40.7912 1685220374587 69.7500 -0.0695
15.2840 -87.7570 -57.3898 68.1734 1685220374619 102.2500 -0.0695
16.6858 -87.7254 -57.1626 68.2141 1685220374651 135.0000 -0.0838
15.7520 -88.1330 -57.4145 60.4387 1685220374685 167.2500 -0.0885
15.1562 -88.3686 -57.5646 53.8546 1685220374717 200.2500 -0.1050
14.9816 -87.9959 -57.4589 50.8308 1685220374749 232.5000 -0.1105
15.7898 -87.3477 -57.1531 55.3052 1685220374783 265.7500 -0.1295
16.6783 -87.0450 -57.0515 40.3491 1685220374815 298.5000 -0.1295
15.8672 -88.2644 -56.8748 39.8501 1685220374847 331.0000 -0.1431
16.4742 -87.2858 -56.3307 31.5917 1685220374881 363.7500 -0.1554
15.8811 -86.8648 -56.9814 37.4729 1685220374914 396.5000 -0.1632
13.6662 -87.4725 -57.7507 48.6342 1685220374946 429.2500 -0.1739
12.6234 -87.8260 -57.7150 47.9030 1685220374978 461.7500 -0.1774
51.8387 -41.7210 -91.6580 54.9434 1685220375012 494.7500 -0.1901
12.3098 -87.7305 -57.6147 55.6288 1685220375044 527.2500 -0.1901
12.3176 -88.0951 -57.1665 39.3990 1685220375076 559.7500 -0.1957
11.9448 -88.6679 -56.6564 41.3529 1685220375110 592.7500 -0.2060
11.6104 -89.0725 -55.7233 29.7495 1685220375142 625.2500 -0.2106
11.6394 -89.0393 -55.4403 32.2524 1685220375174 657.7500 -0.2145
12.0315 -89.1297 -55.3789 34.2781 1685220375207 690.0000 -0.2184
11.8595 -88.9773 -56.0282 35.6231 1685220375240 723.2500 -0.2216
12.5520 -88.3616 -56.7164 40.3080 1685220375273 206.7500 -0.2263
14.0274 -87.1191 -56.6028 50.4487 1685220375305 56.7500 -0.2274
15.6875 -86.7222 -56.4059 52.1037 1685220375339 89.5000 -0.2306
15.6911 -87.4014 -56.1460 57.2264 1685220375371 122.0000 -0.2321
14.3842 -87.4589 -56.7465 56.9990 1685220375403 154.7500 -0.2336
14.0151 -87.5336 -56.5712 56.1496 1685220375437 187.5000 -0.2365
14.6759 -86.7766 -56.4467 46.9062 1685220375469 219.7500 -0.2370
15.8189 -86.0975 -56.3074 66.1483 1685220375501 252.5000 -0.2385
15.4309 -87.3799 -55.7705 36.9188 1685220375534 285.5000 -0.2388
15.3683 -86.2814 -55.6241 36.2371 1685220375567 318.0000 -0.2399
15.6563 -86.4250 -55.5798 37.4598 1685220375599 350.7500 -0.2403
13.7415 -86.6104 -56.7486 48.7473 1685220375632 383.7500 -0.2404
12.5278 -87.2597 -56.9637 46.6971 1685220375666 416.2500 -0.2397
12.0296 -87.0542 -56.9516 48.3840 1685220375698 449.0000 -0.2394
12.1174 -87.4144 -56.7839 54.9999 1685220375730 481.7500 -0.2380
11.6408 -87.7679 -56.6186 49.6575 1685220375764 514.2500 -0.2380
11.3941 -88.0984 -56.0970 42.6007 1685220375796 547.0000 -0.2350
10.9097 -88.4736 -55.8267 37.2807 1685220375828 579.7500 -0.2350
10.7791 -88.6297 -55.6383 34.1469 1685220375861 612.2500 -0.2311
10.8386 -89.1209 -55.6368 32.2328 1685220375894 645.0000 -0.2311
10.7631 -88.7100 -55.9630 30.9731 1685220375926 677.7500 -0.2243
10.8067 -88.5567 -56.5962 32.2407 1685220375959 360.5000 -0.2243
12.0426 -87.3485 -56.7007 42.3261 1685220375992 43.0000 -0.2184
13.9020 -86.5406 -56.2206 69.9062 1685220376024 75.5000 -0.2155
14.7236 -86.9170 -55.9426 54.9485 1685220376057 108.2500 -0.2126
13.6495 -87.4288 -56.4813 55.6713 1685220376091 141.2500 -0.2082
45.2147 -46.7055 -93.8365 58.4545 1685220376123 173.7500 -0.2082
13.3992 -86.9821 -56.2813 49.2924 1685220376155 206.7500 -0.2038
14.6123 -86.0377 -56.0398 61.4151 1685220376188 239.2500 -0.2038
15.3384 -86.0842 -55.8631 55.9567 1685220376221 271.7500 -0.2009
14.6567 -86.9943 -55.9371 60.4750 1685220376253 304.7500 -0.1996
14.9633 -86.2330 -55.4898 51.5409 1685220376286 337.0000 -0.1984
14.1792 -86.2910 -55.9200 54.4682 1685220376319 369.5000 -0.1978
12.4371 -86.6816 -56.5116 53.4498 1685220376351 402.7500 -0.1960
11.6522 -87.0122 -56.6894 50.3340 1685220376383 435.0000 -0.1954
11.3469 -87.3331 -56.7385 45.9230 1685220376417 468.0000 -0.1935
11.0374 -87.5626 -56.5103 45.6669 1685220376450 500.7500 -0.1913
10.6376 -87.8096 -56.4129 41.4477 1685220376482 533.5000 -0.1897
10.3774 -88.2931 -56.0090 38.2448 1685220376516 566.0000 -0.1872
10.0708 -88.3924 -55.7135 39.3486 1685220376548 598.7500 -0.1872
10.0187 -88.6314 -55.5450 38.0938 1685220376580 631.5000 -0.1833
10.2017 -88.8703 -55.9396 36.3662 1685220376613 664.2500 -0.1833
9.6793 -89.0806 -56.4403 42.1941 1685220376646 523.7500 -0.1794
10.6429 -87.8981 -56.7916 46.6870 1685220376678 37.5000 -0.1774
12.0545 -87.0913 -56.7183 53.1585 1685220376710 70.2500 -0.1755
13.9950 -86.5873 -56.1155 62.1384 1685220376744 102.7500 -0.1755
13.6599 -87.4566 -56.1651 68.4782 1685220376776 135.7500 -0.1711
12.7634 -87.1957 -56.3606 69.5126 1685220376808 167.2500 -0.1681
12.5518 -87.3246 -56.3921 53.1940 1685220376843 201.0000 -0.1681
13.2667 -86.9113 -56.4555 45.9091 1685220376875 233.7500 -0.1662
14.3481 -85.7227 -56.2550 63.2837 1685220376907 266.2500 -0.1662
14.1480 -87.1486 -55.7384 50.6920 1685220376940 299.0000 -0.1654
14.6370 -86.2550 -56.0300 47.1506 1685220376973 331.7500 -0.1620
14.6704 -85.9931 -55.8925 41.1254 1685220377005 364.2500 -0.1593
13.5179 -86.3781 -56.5935 51.3857 1685220377037 397.0000 -0.1570
12.3531 -86.9944 -56.8416 44.8947 1685220377071 429.7500 -0.1501
11.9492 -87.0024 -56.8493 49.2886 1685220377103 462.2500 -0.1416
11.8638 -87.4350 -56.9843 42.8496 1685220377135 494.7500 -0.1388
11.2645 -87.8153 -56.9981 41.4991 1685220377169 527.7500 -0.1320
10.8407 -88.2262 -56.7074 54.5825 1685220377202 560.2500 -0.1252
10.7289 -88.7213 -56.2854 50.0273 1685220377234 593.2500 -0.1215
10.2964 -89.0526 -56.0952 39.7387 1685220377267 625.7500 -0.1068
10.6026 -89.0324 -56.0237 36.0030 1685220377300 658.7500 -0.0958
10.9075 -89.0558 -56.3346 36.6401 1685220377332 691.2500 -0.0924
10.9030 -89.0970 -57.2532 28.7072 1685220377364 28.0000 -0.0822
12.4680 -87.8978 -57.5961 38.1763 1685220377398 60.7500 -0.0723
13.5167 -87.4760 -57.5832 92.0585 1685220377430 93.2500 -0.0690
14.8747 -87.5192 -57.2694 68.7938 1685220377462 126.0000 -0.0587
14.0013 -88.0489 -57.7061 59.0359 1685220377496 158.7500 -0.0553
13.7206 -87.8977 -57.9443 45.9795 1685220377528 191.2500 -0.0431
13.6450 -87.9893 -57.9876 56.7723 1685220377560 224.0000 -0.0431
50.1633 -44.5428 -93.2543 40.7568 1685220377594 256.7500 -0.0319
15.7364 -87.0197 -57.6891 49.3002 1685220377627 289.0000 -0.0319
14.8027 -88.5075 -57.5852 44.3332 1685220377659 322.0000 -0.0242
15.3947 -87.6116 -56.9439 43.3161 1685220377692 354.7500 -0.0216
15.1524 -87.2358 -57.1493 38.8476 1685220377725 387.5000 -0.0123
14.0040 -87.5382 -57.9630 44.5194 1685220377757 420.2500 -0.0074
13.4210 -88.2535 -58.1640 48.5338 1685220377789 452.7500 -0.0026
13.3659 -88.4922 -58.2327 47.3297 1685220377823 485.5000 -0.0026
12.8972 -88.6334 -58.4777 49.9769 1685220377855 518.2500 0.0072
12.5162 -88.8703 -58.1447 45.0281 1685220377887 550.7500 0.0170
12.2835 -89.3115 -57.8778 42.7924 1685220377920 582.7500 0.0170
12.1011 -89.8042 -57.5089 39.5905 1685220377953 616.2500 0.0267
12.4414 -90.3030 -57.0855 44.9335 1685220377986 648.7500 0.0267
12.9824 -89.9479 -56.9714 43.6849 1685220378019 681.7500 0.0347
13.2458 -89.9707 -57.6438 45.1254 1685220378052 363.7500 0.0407
13.3836 -89.7450 -58.4845 34.6077 1685220378084 46.0000 0.0448
14.5479 -88.7950 -58.4917 44.5549 1685220378116 78.7500 0.0448
15.4538 -88.6804 -58.2726 80.6107 1685220378150 111.2500 0.0510
16.1483 -88.8399 -58.4143 55.9310 1685220378182 144.0000 0.0590
15.7327 -88.7433 -58.8223 63.7495 1685220378214 176.7500 0.0609
15.6104 -88.6165 -59.0061 63.7495 1685220378222 185.0000 0.0609
