-6.8233 77.7792 -37.2525 0.0000 1650400541107 1922122.2500 -0.1960
-6.9435 77.9230 -37.0015 0.0000 1650400541136 1922151.0000 -0.1960
-6.9789 77.8986 -37.0783 0.0000 1650400541165 1922180.0000 -0.1960
-7.0063 77.9619 -37.0550 0.0000 1650400541194 1922209.0000 -0.1960
-7.2723 77.5991 -36.7866 0.0000 1650400541223 1922237.7500 -0.1960
-6.9100 77.9561 -37.0946 0.0000 1650400541252 1922271.2500 -0.1960
-6.8987 77.8266 -37.1068 0.0000 1650400541280 1922295.5000 -0.1955
-6.8978 77.9297 -37.1330 0.0000 1650400541310 1922324.7500 -0.1955
-6.9413 77.8666 -37.0594 0.0000 1650400541339 1922353.7500 -0.1955
-6.7613 77.8455 -37.1516 0.0000 1650400541368 1922382.7500 -0.1955
-6.8022 77.9217 -37.1633 0.0000 1650400541397 1922411.7500 -0.1955
-6.8661 77.8753 -37.1141 0.0000 1650400541426 1922440.7500 -0.1955
-6.8432 77.8724 -37.1217 0.0000 1650400541455 1922469.7500 -0.1955
-6.7055 77.8230 -37.2606 0.0000 1650400541484 1922499.7500 -0.1955
-6.6581 77.7192 -37.2393 0.0000 1650400541513 1922530.5000 -0.1960
-6.8141 77.8715 -37.1671 0.0000 1650400541542 1922556.7500 -0.1960
-6.7009 77.7808 -37.1710 0.0000 1650400541571 1922588.7500 -0.1957
-6.8885 77.8910 -37.0323 0.0000 1650400541599 1922614.5000 -0.1955
-6.8670 77.8927 -37.0167 0.0000 1650400541629 1922643.7500 -0.1956
-6.8237 77.8272 -37.1115 0.0000 1650400541657 1922672.7500 -0.1960
-6.8815 77.9211 -37.1134 0.0000 1650400541686 1922701.7500 -0.1957
-6.9917 77.8399 -37.0226 0.0000 1650400541715 1922730.7500 -0.1955
-6.8500 77.9558 -37.1813 0.0000 1650400541745 1922759.7500 -0.1955
-6.8766 77.9152 -37.0457 0.0000 1650400541774 1922788.7500 -0.1955
-6.9611 77.8631 -37.0965 0.0000 1650400541803 1922817.7500 -0.1955
-6.9227 77.9615 -37.1060 0.0000 1650400541832 1922846.5000 -0.1960
-6.9684 77.9838 -37.0911 0.0000 1650400541861 1922875.5000 -0.1960
-6.9402 77.9920 -37.1260 0.0000 1650400541890 1922904.2500 -0.1955
-6.9264 77.9423 -37.1123 0.0000 1650400541918 1922933.2500 -0.1955
-6.9595 77.9675 -37.0912 0.0000 1650400541947 1922962.2500 -0.1955
-6.9267 77.9713 -37.0605 0.0000 1650400541976 1922991.2500 -0.1955
-6.9315 77.9272 -37.1161 0.0000 1650400542005 1923020.0000 -0.1955
-6.7961 77.9524 -37.0732 0.0000 1650400542034 1923052.0000 -0.1955
-6.9072 77.8845 -37.0438 0.0000 1650400542063 1923078.2500 -0.1955
-6.8542 77.9251 -36.8862 0.0000 1650400542092 1923107.2500 -0.1955
-6.8959 77.9778 -37.0756 0.0000 1650400542122 1923136.2500 -0.1955
-6.8664 77.9107 -36.9947 0.0000 1650400542151 1923165.2500 -0.1955
-6.8618 77.8537 -37.1354 0.0000 1650400542179 1923194.2500 -0.1955
-6.8514 77.8908 -37.0947 0.0000 1650400542209 1923223.2500 -0.1955
-6.8967 77.9575 -37.0609 0.0000 1650400542237 1923252.0000 -0.1955
-6.9145 77.9970 -37.0755 0.0000 1650400542266 1923283.5000 -0.1955
-6.9427 78.0472 -37.0167 0.0000 1650400542295 1923309.7500 -0.1955
-6.9028 77.9830 -37.0883 0.0000 1650400542324 1923339.0000 -0.1955
-6.9420 77.9478 -37.1144 0.0000 1650400542353 1923369.0000 -0.1955
-6.9908 77.9558 -37.1600 0.0000 1650400542382 1923396.7500 -0.1955
-6.9564 77.9035 -37.0466 0.0000 1650400542411 1923425.7500 -0.1955
-6.9212 77.9019 -37.1345 0.0000 1650400542440 1923454.7500 -0.1955
-6.8201 77.9475 -37.1109 0.0000 1650400542469 1923483.7500 -0.1957
-6.8424 77.9661 -37.1566 0.0000 1650400542498 1923512.7500 -0.1960
-6.9109 77.8776 -37.0789 0.0000 1650400542527 1923541.7500 -0.1960
-6.8430 77.9351 -37.0674 0.0000 1650400542556 1923570.7500 -0.1960
-6.9156 78.0582 -36.9505 0.0000 1650400542585 1923599.7500 -0.1960
-6.8889 77.9641 -37.0288 0.0000 1650400542614 1923628.7500 -0.1960
-6.9722 78.0579 -36.9298 0.0000 1650400542643 1923657.7500 -0.1960
-6.9139 77.9972 -36.9443 0.0000 1650400542672 1923686.7500 -0.1960
-6.9138 77.9954 -36.9617 0.0000 1650400542701 1923715.7500 -0.1960
-6.9670 78.0311 -36.9847 0.0000 1650400542730 1923744.7500 -0.1960
-6.9975 78.0674 -36.9504 0.0000 1650400542758 1923773.7500 -0.1960
-6.9099 78.0276 -37.0398 0.0000 1650400542788 1923805.2500 -0.1960
-6.9978 78.0997 -36.9169 0.0000 1650400542816 1923831.2500 -0.1960
-7.0392 78.0805 -36.9380 0.0000 1650400542845 1923860.7500 -0.1955
-7.0547 78.0100 -37.0054 0.0000 1650400542874 1923889.7500 -0.1955
-7.0976 78.0517 -37.0083 0.0000 1650400542904 1923918.7500 -0.1955
-7.0604 78.0467 -37.0135 0.0000 1650400542933 1923947.5000 -0.1955
-7.0798 78.1209 -37.0160 0.0000 1650400542962 1923976.5000 -0.1950
-6.9539 78.0111 -37.0657 0.0000 1650400542991 1924005.5000 -0.1950
-7.0124 77.9487 -36.9960 0.0000 1650400543020 1924035.7500 -0.1950
-6.8603 78.0430 -37.0790 0.0000 1650400543049 1924065.7500 -0.1950
-7.0343 77.9909 -37.0054 0.0000 1650400543077 1924092.2500 -0.1950
-6.9982 78.0209 -37.0341 0.0000 1650400543107 1924121.2500 -0.1950
-6.9380 77.9925 -36.9767 0.0000 1650400543135 1924150.0000 -0.1950
-6.9160 78.0339 -36.9742 0.0000 1650400543164 1924179.2500 -0.1950
-6.9224 78.0592 -36.9696 0.0000 1650400543193 1924208.2500 -0.1955
-6.9637 78.0071 -36.9935 0.0000 1650400543222 1924237.2500 -0.1955
-6.9271 77.9700 -37.0474 0.0000 1650400543251 1924266.2500 -0.1955
-6.9435 77.9940 -37.0057 0.0000 1650400543281 1924295.2500 -0.1955
-6.9355 78.0086 -36.8984 0.0000 1650400543310 1924324.2500 -0.1957
-6.9148 77.9809 -36.9869 0.0000 1650400543338 1924353.2500 -0.1960
-7.1020 78.1734 -36.8571 0.0000 1650400543368 1924382.0000 -0.1960
-6.9841 78.1374 -36.9921 0.0000 1650400543396 1924411.0000 -0.1960
-7.0209 78.0911 -36.9294 0.0000 1650400543425 1924440.0000 -0.1960
-7.0391 78.1568 -36.8714 0.0000 1650400543454 1924468.7500 -0.1960
-7.0089 78.0617 -37.0017 0.0000 1650400543483 1924497.7500 -0.1960
-7.0232 78.0442 -36.9052 0.0000 1650400543512 1924526.7500 -0.1960
-6.9666 78.0301 -37.0031 0.0000 1650400543541 1924557.2500 -0.1960
-7.0602 78.0540 -36.9916 0.0000 1650400543570 1924584.2500 -0.1960
-6.9637 78.0819 -36.9845 0.0000 1650400543599 1924613.7500 -0.1960
-7.0117 78.0320 -36.9706 0.0000 1650400543628 1924642.7500 -0.1960
-7.0671 78.1572 -36.9104 0.0000 1650400543657 1924671.7500 -0.1960
-7.9692 78.8135 -36.0822 0.0000 1650400543687 1924700.7500 -0.1960
-8.6795 78.6668 -34.9553 0.0000 1650400543715 1924729.7500 -0.1960
-7.2135 77.2903 -35.6728 0.0000 1650400543744 1924758.7500 -0.1960
-7.6789 78.5481 -34.3691 0.0000 1650400543773 1924787.7500 -0.1960
-7.5948 77.9222 -33.9988 0.0000 1650400543802 1924819.5000 -0.1955
-6.8174 77.7378 -34.0365 0.0000 1650400543831 1924847.0000 -0.1955
-7.2047 77.8568 -32.8213 0.0000 1650400543860 1924874.7500 -0.1955
-7.1985 77.9355 -32.1758 0.0000 1650400543889 1924904.7500 -0.1955
-6.8245 77.9765 -31.7796 0.0000 1650400543918 1924932.7500 -0.1955
-7.1178 77.8635 -30.8180 0.0000 1650400543947 1924961.7500 -0.1955
-7.1823 77.9105 -30.2094 0.0000 1650400543975 1924990.7500 -0.1955
-6.7011 78.1962 -29.7176 0.0000 1650400544004 1925019.7500 -0.1955
-6.7799 77.7853 -29.4285 0.0000 1650400544033 1925048.5000 -0.1955
-6.6818 77.7297 -29.4949 0.0000 1650400544063 1925077.5000 -0.1955
-6.7123 77.7337 -29.5812 0.0000 1650400544092 1925106.5000 -0.1955
-6.7585 77.7964 -29.4356 0.0000 1650400544121 1925135.2500 -0.1955
-6.7542 77.9338 -29.4761 0.0000 1650400544150 1925164.2500 -0.1955
-6.9001 78.0444 -29.6197 0.0000 1650400544179 1925193.2500 -0.1955
-6.7266 78.1023 -29.2198 0.0000 1650400544208 1925222.2500 -0.1960
-6.5109 77.8396 -29.3450 0.0000 1650400544236 1925251.2500 -0.1960
-6.7611 77.9248 -29.1471 0.0000 1650400544266 1925280.2500 -0.1960
-6.7659 77.9485 -29.1547 0.0000 1650400544294 1925309.2500 -0.1960
-6.7887 77.9471 -29.2023 0.0000 1650400544323 1925339.5000 -0.1960
-6.8075 77.9486 -29.1731 0.0000 1650400544352 1925368.2500 -0.1960
-6.8751 77.8747 -28.9859 0.0000 1650400544381 1925396.2500 -0.1960
-6.8814 77.9035 -29.0725 0.0000 1650400544410 1925425.2500 -0.1960
-6.7671 77.6946 -28.9161 0.0000 1650400544439 1925454.2500 -0.1960
-6.7901 77.8410 -29.0259 0.0000 1650400544469 1925483.0000 -0.1960
-6.7904 77.7431 -29.0275 0.0000 1650400544498 1925512.0000 -0.1960
-6.3949 77.9913 -29.2468 0.0000 1650400544527 1925541.0000 -0.1960
-6.8996 77.8530 -28.9313 0.0000 1650400544555 1925570.0000 -0.1960
-6.8492 77.7462 -28.9282 0.0000 1650400544584 1925600.0000 -0.1955
-6.6583 77.6963 -28.8948 0.0000 1650400544613 1925627.7500 -0.1955
-6.7629 77.6243 -28.9283 0.0000 1650400544642 1925658.2500 -0.1955
-6.8992 77.8155 -28.9432 0.0000 1650400544671 1925687.0000 -0.1955
-6.8566 77.6441 -29.0616 0.0000 1650400544700 1925714.7500 -0.1955
-6.7615 77.7817 -28.9990 0.0000 1650400544729 1925743.7500 -0.1955
-6.4122 78.0215 -29.3167 0.0000 1650400544758 1925772.7500 -0.1955
-6.6880 77.6597 -29.0145 0.0000 1650400544789 1925801.7500 -0.1955
-6.5424 78.0643 -29.3133 0.0000 1650400544816 1925830.7500 -0.1955
-6.3756 78.0141 -29.2052 0.0000 1650400544846 1925859.7500 -0.1955
-6.7565 77.6428 -28.9379 0.0000 1650400544874 1925888.7500 -0.1955
-6.4796 77.9990 -29.3706 0.0000 1650400544903 1925917.7500 -0.1955
-6.5552 78.0857 -29.3020 0.0000 1650400544932 1925946.7500 -0.1955
-6.5496 77.9239 -29.2646 0.0000 1650400544961 1925975.7500 -0.1955
-6.4815 77.9019 -29.2747 0.0000 1650400544990 1926004.7500 -0.1955
-6.8514 77.6286 -28.9996 0.0000 1650400545019 1926033.7500 -0.1955
-6.8621 77.6300 -28.9754 0.0000 1650400545048 1926062.7500 -0.1956
-6.7602 77.6233 -28.9783 0.0000 1650400545077 1926093.0000 -0.1960
-6.7015 77.5360 -28.9390 0.0000 1650400545106 1926121.2500 -0.1960
-6.7844 77.5896 -28.9316 0.0000 1650400545134 1926149.7500 -0.1960
-6.9095 77.6540 -28.9298 0.0000 1650400545164 1926178.5000 -0.1960
-6.9161 77.6792 -28.9406 0.0000 1650400545192 1926207.5000 -0.1960
-6.8995 77.5698 -28.8258 0.0000 1650400545222 1926236.2500 -0.1960
-6.6120 78.0125 -29.0810 0.0000 1650400545251 1926265.0000 -0.1960
-6.9856 77.7857 -28.8661 0.0000 1650400545280 1926294.2500 -0.1958
-6.9797 77.7512 -28.9015 0.0000 1650400545309 1926323.2500 -0.1955
-6.8678 77.6789 -28.8441 0.0000 1650400545338 1926353.5000 -0.1955
-6.4978 77.7743 -29.5372 0.0000 1650400545367 1926384.0000 -0.1960
-6.4387 77.8760 -30.4328 0.0000 1650400545396 1926410.2500 -0.1960
-6.7150 77.6132 -31.1082 0.0000 1650400545425 1926440.5000 -0.1955
-6.0165 78.2536 -32.1858 0.0000 1650400545453 1926468.2500 -0.1955
-6.4984 77.8830 -32.5818 0.0000 1650400545482 1926497.2500 -0.1955
-6.5670 77.8685 -33.3643 0.0000 1650400545511 1926526.2500 -0.1955
-6.4662 78.3337 -34.0752 0.0000 1650400545540 1926555.2500 -0.1955
-6.9693 78.3625 -34.3452 0.0000 1650400545569 1926584.2500 -0.1955
-6.9155 77.8505 -35.2415 0.0000 1650400545598 1926613.0000 -0.1955
-6.7310 78.4293 -36.1060 0.0000 1650400545628 1926642.0000 -0.1955
-7.2887 78.5648 -36.4620 0.0000 1650400545657 1926671.0000 -0.1960
-6.9706 78.6298 -37.5809 0.0000 1650400545686 1926699.7500 -0.1960
-7.0677 78.4128 -38.0587 0.0000 1650400545714 1926728.7500 -0.1962
-7.2190 78.2975 -38.5332 0.0000 1650400545744 1926757.7500 -0.1955
-6.7495 78.2708 -39.6330 0.0000 1650400545772 1926786.7500 -0.1957
-7.3788 78.4852 -39.9004 0.0000 1650400545801 1926815.7500 -0.1960
-6.7838 78.4695 -41.0709 0.0000 1650400545830 1926844.7500 -0.1960
-7.0099 78.4491 -41.6474 0.0000 1650400545859 1926874.7500 -0.1960
-7.3970 78.4949 -42.0579 0.0000 1650400545888 1926902.5000 -0.1960
-6.8395 78.4584 -42.7368 0.0000 1650400545917 1926931.7500 -0.1960
-7.2630 78.6743 -42.9941 0.0000 1650400545946 1926960.7500 -0.1960
-7.1037 78.8754 -44.0692 0.0000 1650400545975 1926989.7500 -0.1960
-7.2488 78.7297 -44.3816 0.0000 1650400546004 1927018.7500 -0.1960
-7.5291 78.4708 -44.7092 0.0000 1650400546033 1927047.7500 -0.1960
-7.8648 79.5454 -45.0424 0.0000 1650400546062 1927076.7500 -0.1960
-7.2306 78.4724 -46.0371 0.0000 1650400546091 1927105.7500 -0.1960
-7.4723 78.5162 -46.8101 0.0000 1650400546120 1927138.7500 -0.1960
-7.2217 78.6238 -47.6268 0.0000 1650400546149 1927163.2500 -0.1960
-7.0908 78.4350 -47.9087 0.0000 1650400546178 1927192.7500 -0.1960
-7.6870 78.7714 -48.0566 0.0000 1650400546207 1927224.5000 -0.1960
-8.2570 79.2398 -47.9841 0.0000 1650400546236 1927250.7500 -0.1960
-7.5040 78.5911 -49.3496 0.0000 1650400546265 1927279.7500 -0.1960
-6.9944 78.1592 -49.8960 0.0000 1650400546293 1927308.5000 -0.1960
-7.2943 78.3062 -49.9692 0.0000 1650400546323 1927337.5000 -0.1955
-7.8433 77.9419 -50.1222 0.0000 1650400546351 1927366.2500 -0.1955
-7.5485 78.8452 -50.5611 0.0000 1650400546381 1927395.2500 -0.1955
-6.9844 78.0739 -51.3923 0.0000 1650400546410 1927424.2500 -0.1955
-7.2584 78.2863 -51.2743 0.0000 1650400546439 1927453.2500 -0.1955
-7.5754 78.3510 -51.4668 0.0000 1650400546468 1927482.2500 -0.1955
-7.3757 78.6088 -51.6670 0.0000 1650400546497 1927511.2500 -0.1955
-7.3019 78.1960 -51.8902 0.0000 1650400546526 1927540.2500 -0.1955
-8.8995 79.0120 -50.8009 0.0000 1650400546555 1927569.2500 -0.1955
-9.0741 78.9792 -50.8012 0.0000 1650400546584 1927598.2500 -0.1955
-9.0060 78.9413 -50.9646 0.0000 1650400546612 1927627.2500 -0.1955
-8.9317 78.7412 -50.9957 0.0000 1650400546641 1927658.7500 -0.1955
-8.8790 78.9719 -51.0514 0.0000 1650400546670 1927685.0000 -0.1957
-8.9831 79.0053 -51.1087 0.0000 1650400546699 1927714.0000 -0.1960
-8.2894 78.2489 -51.9571 0.0000 1650400546728 1927743.0000 -0.1960
-8.9742 78.8621 -51.1619 0.0000 1650400546757 1927772.0000 -0.1960
-8.1891 78.1657 -51.8358 0.0000 1650400546787 1927800.7500 -0.1960
-9.0435 78.6684 -50.8956 0.0000 1650400546816 1927829.7500 -0.1960
-8.9630 78.5676 -50.6857 0.0000 1650400546845 1927858.7500 -0.1961
-8.9640 78.6438 -50.3766 0.0000 1650400546873 1927887.7500 -0.1965
-7.8303 78.2531 -51.3153 0.0000 1650400546903 1927918.0000 -0.1965
-7.7781 77.8278 -51.2192 0.0000 1650400546931 1927945.7500 -0.1960
-7.8874 77.9363 -51.1389 0.0000 1650400546960 1927977.7500 -0.1959
-8.0545 78.1679 -50.5975 0.0000 1650400546989 1928003.5000 -0.1960
-8.1291 77.6912 -50.2225 0.0000 1650400547018 1928032.7500 -0.1960
-7.9664 77.4245 -49.9351 0.0000 1650400547047 1928061.7500 -0.1960
-7.5527 77.9527 -49.6790 0.0000 1650400547076 1928090.7500 -0.1960
-7.6325 77.9249 -49.3029 0.0000 1650400547105 1928119.7500 -0.1960
-7.7476 78.0427 -48.8656 0.0000 1650400547134 1928148.7500 -0.1960
-7.6975 77.5948 -48.2508 0.0000 1650400547163 1928177.7500 -0.1960
-7.9693 77.8915 -47.5197 0.0000 1650400547192 1928206.7500 -0.1960
-7.2444 77.8465 -47.6255 0.0000 1650400547222 1928235.7500 -0.1955
-7.7022 77.9500 -46.7518 0.0000 1650400547250 1928264.7500 -0.1955
-7.4187 77.7870 -46.2717 0.0000 1650400547279 1928293.7500 -0.1955
-7.3754 78.0424 -45.8703 0.0000 1650400547308 1928322.7500 -0.1955
-7.0902 78.0992 -45.2696 0.0000 1650400547337 1928351.7500 -0.1955
-7.6682 78.0852 -44.4912 0.0000 1650400547366 1928380.7500 -0.1955
-7.4186 78.2662 -44.1967 0.0000 1650400547395 1928409.0000 -0.1955
-7.3092 78.4489 -43.3911 0.0000 1650400547424 1928441.5000 -0.1955
-7.6448 78.1607 -42.4491 0.0000 1650400547453 1928467.2500 -0.1957
-7.1850 78.2271 -42.2629 0.0000 1650400547482 1928496.2500 -0.1960
-7.5647 78.1073 -41.3408 0.0000 1650400547510 1928525.2500 -0.1960
-7.5307 78.1401 -40.5637 0.0000 1650400547540 1928554.2500 -0.1960
-7.1973 78.5263 -40.3800 0.0000 1650400547569 1928583.2500 -0.1960
-7.5129 78.0758 -39.3617 0.0000 1650400547598 1928612.2500 -0.1960
-7.0764 78.1839 -39.2207 0.0000 1650400547627 1928641.2500 -0.1960
-6.9958 78.2811 -38.4560 0.0000 1650400547656 1928673.0000 -0.1965
-7.2345 78.1294 -37.4899 0.0000 1650400547685 1928699.0000 -0.1965
-6.9105 78.2186 -36.8150 0.0000 1650400547714 1928728.2500 -0.1965
-6.8819 78.0002 -36.0478 0.0000 1650400547743 1928758.5000 -0.1965
-6.9118 77.6550 -35.3982 0.0000 1650400547771 1928786.2500 -0.1960
-6.5478 78.1658 -34.9831 0.0000 1650400547801 1928815.0000 -0.1960
-6.7749 77.7443 -34.1578 0.0000 1650400547829 1928844.0000 -0.1965
-6.6730 78.0245 -34.0858 0.0000 1650400547858 1928873.0000 -0.1965
-6.7490 77.8253 -32.8085 0.0000 1650400547887 1928902.0000 -0.1960
-6.3708 77.9269 -32.0563 0.0000 1650400547916 1928930.7500 -0.1960
-6.4101 78.1291 -31.5993 0.0000 1650400547946 1928959.7500 -0.1960
-6.8038 77.9224 -30.7872 0.0000 1650400547975 1928988.7500 -0.1960
-6.4253 78.0840 -30.4447 0.0000 1650400548004 1929017.7500 -0.1960
-6.4560 78.2756 -29.7117 0.0000 1650400548033 1929046.7500 -0.1960
-6.7818 77.9749 -29.4491 0.0000 1650400548062 1929075.7500 -0.1960
-6.7565 78.0713 -29.4979 0.0000 1650400548090 1929104.7500 -0.1960
-6.6861 78.0339 -29.5355 0.0000 1650400548119 1929133.7500 -0.1957
-6.7261 78.0057 -29.3657 0.0000 1650400548148 1929162.7500 -0.1955
-6.7132 78.1236 -29.4945 0.0000 1650400548177 1929194.5000 -0.1955
-6.8824 78.2495 -29.6187 0.0000 1650400548206 1929220.5000 -0.1955
-6.6411 78.1826 -29.3738 0.0000 1650400548235 1929249.7500 -0.1955
-6.5285 78.1415 -29.5578 0.0000 1650400548264 1929278.7500 -0.1955
-6.6819 77.9735 -29.3672 0.0000 1650400548293 1929307.7500 -0.1955
-6.7052 78.0943 -29.3378 0.0000 1650400548322 1929336.7500 -0.1955
-6.4394 78.2779 -29.1314 0.0000 1650400548351 1929365.7500 -0.1957
-6.6779 78.1367 -29.2316 0.0000 1650400548381 1929394.7500 -0.1960
-6.0846 78.6819 -29.8974 0.0000 1650400548409 1929425.0000 -0.1960
-6.7435 78.0770 -29.3208 0.0000 1650400548438 1929454.7500 -0.1960
-5.8530 78.9549 -29.6281 0.0000 1650400548467 1929481.7500 -0.1961
-6.6463 78.1281 -29.1556 0.0000 1650400548496 1929510.5000 -0.1965
-6.4973 77.9719 -29.2728 0.0000 1650400548525 1929539.2500 -0.1965
-6.2003 78.2559 -29.4860 0.0000 1650400548554 1929568.5000 -0.1965
-6.6568 78.0393 -29.1280 0.0000 1650400548583 1929597.2500 -0.1965
-6.2388 78.1148 -29.5246 0.0000 1650400548612 1929626.2500 -0.1965
-6.7367 78.0390 -29.1026 0.0000 1650400548641 1929655.2500 -0.1965
-6.6371 77.9648 -29.0960 0.0000 1650400548669 1929684.2500 -0.1965
-6.7488 78.0630 -29.0708 0.0000 1650400548699 1929713.2500 -0.1965
-6.6342 77.9027 -29.1134 0.0000 1650400548728 1929742.2500 -0.1965
-6.3179 78.2199 -29.4298 0.0000 1650400548757 1929771.2500 -0.1965
-6.6275 77.8405 -28.9500 0.0000 1650400548786 1929800.2500 -0.1960
-6.5593 77.8196 -29.0150 0.0000 1650400548815 1929829.2500 -0.1960
-6.3813 78.1846 -29.3776 0.0000 1650400548844 1929858.2500 -0.1965
-6.4736 78.2751 -29.4151 0.0000 1650400548873 1929887.2500 -0.1965
-6.7345 77.8339 -29.0961 0.0000 1650400548902 1929916.0000 -0.1960
-6.4627 78.1564 -29.2515 0.0000 1650400548930 1929946.5000 -0.1960
-6.6939 77.8070 -29.1290 0.0000 1650400548960 1929976.5000 -0.1960
-6.2735 78.1703 -29.3962 0.0000 1650400548988 1930003.0000 -0.1960
-6.6049 77.7546 -29.0659 0.0000 1650400549017 1930032.0000 -0.1963
-6.4598 78.0862 -29.3236 0.0000 1650400549046 1930060.7500 -0.1960
-6.6694 77.8486 -29.0620 0.0000 1650400549075 1930089.7500 -0.1960
-6.4343 78.1448 -29.3239 0.0000 1650400549104 1930118.7500 -0.1960
-6.7466 77.8892 -29.0664 0.0000 1650400549134 1930147.7500 -0.1960
-6.6731 77.7489 -28.9313 0.0000 1650400549163 1930176.7500 -0.1960
-6.5047 78.2416 -29.2685 0.0000 1650400549192 1930208.5000 -0.1960
-6.5688 77.7476 -29.1283 0.0000 1650400549221 1930234.2500 -0.1960
-6.6421 77.8928 -28.9900 0.0000 1650400549249 1930263.7500 -0.1961
-6.3911 78.1569 -29.1113 0.0000 1650400549279 1930295.2500 -0.1965
-6.3132 78.0717 -29.2562 0.0000 1650400549307 1930321.7500 -0.1965
-6.7366 77.9033 -29.1246 0.0000 1650400549336 1930350.7500 -0.1965
-6.2619 78.0133 -29.5817 0.0000 1650400549365 1930379.7500 -0.1965
-6.1551 78.0213 -30.1732 0.0000 1650400549394 1930408.7500 -0.1965
-6.5728 78.0545 -30.6066 0.0000 1650400549423 1930437.7500 -0.1965
-6.4915 78.6690 -31.8706 0.0000 1650400549452 1930466.7500 -0.1960
-6.5444 78.2416 -32.1956 0.0000 1650400549481 1930495.7500 -0.1961
-6.6286 78.2558 -32.7810 0.0000 1650400549510 1930524.7500 -0.1965
-6.9396 78.3255 -33.7535 0.0000 1650400549540 1930553.7500 -0.1965
-6.6733 78.3242 -34.2291 0.0000 1650400549568 1930582.7500 -0.1960
-7.3525 78.5890 -34.6180 0.0000 1650400549597 1930611.7500 -0.1960
-6.8004 78.2538 -35.2884 0.0000 1650400549626 1930640.5000 -0.1960
-7.0126 78.5271 -36.2532 0.0000 1650400549655 1930669.5000 -0.1960
-7.3806 78.7138 -36.5596 0.0000 1650400549684 1930698.2500 -0.1960
-7.0142 78.0115 -37.4848 0.0000 1650400549713 1930730.0000 -0.1960
-7.3617 78.4446 -38.2170 0.0000 1650400549742 1930757.2500 -0.1960
-6.8945 78.4226 -39.3023 0.0000 1650400549771 1930785.2500 -0.1960
-6.9776 78.1979 -39.7610 0.0000 1650400549800 1930815.5000 -0.1955
-7.2152 78.1854 -40.3637 0.0000 1650400549828 1930843.2500 -0.1955
-6.9809 78.5244 -41.2608 0.0000 1650400549858 1930872.2500 -0.1955
-7.1462 78.2007 -41.7168 0.0000 1650400549887 1930901.2500 -0.1955
-7.2307 78.3046 -42.2501 0.0000 1650400549916 1930930.2500 -0.1955
-7.0890 78.4041 -42.9147 0.0000 1650400549945 1930959.2500 -0.1955
-7.4235 78.6022 -43.5153 0.0000 1650400549974 1930989.0000 -0.1955
-6.8998 78.5587 -44.3977 0.0000 1650400550003 1931017.2500 -0.1955
-7.0412 78.5070 -44.7609 0.0000 1650400550032 1931047.5000 -0.1955
-7.5930 78.4640 -45.1550 0.0000 1650400550061 1931074.2500 -0.1955
-6.9193 78.4548 -46.4142 0.0000 1650400550090 1931104.0000 -0.1960
-7.0664 78.2577 -46.4517 0.0000 1650400550119 1931133.0000 -0.1960
-7.5173 78.5870 -46.8175 0.0000 1650400550147 1931161.7500 -0.1960
-7.3655 78.5657 -47.7288 0.0000 1650400550176 1931190.7500 -0.1960
-7.1214 78.3904 -48.1355 0.0000 1650400550205 1931219.7500 -0.1960
-7.6696 78.7569 -48.2874 0.0000 1650400550234 1931248.7500 -0.1960
-7.8953 78.1182 -48.4391 0.0000 1650400550263 1931277.7500 -0.1960
-7.2348 78.6866 -49.4502 0.0000 1650400550293 1931306.7500 -0.1960
-7.0875 78.2575 -50.0859 0.0000 1650400550322 1931335.7500 -0.1960
-7.6447 78.4132 -49.8413 0.0000 1650400550351 1931364.7500 -0.1960
-7.5346 78.1281 -50.6263 0.0000 1650400550380 1931393.7500 -0.1960
-8.1272 78.3062 -50.1712 0.0000 1650400550408 1931422.7500 -0.1960
-7.2098 78.3410 -51.0778 0.0000 1650400550438 1931451.7500 -0.1960
-7.1559 78.2775 -51.1748 0.0000 1650400550466 1931482.2500 -0.1960
-7.3657 78.3197 -51.5767 0.0000 1650400550495 1931510.5000 -0.1960
-7.5064 78.4109 -51.6143 0.0000 1650400550524 1931538.7500 -0.1955
-7.5750 78.4997 -51.6784 0.0000 1650400550553 1931567.7500 -0.1955
-8.8379 79.1299 -50.8017 0.0000 1650400550582 1931596.7500 -0.1955
-9.0655 78.9083 -50.7957 0.0000 1650400550611 1931625.7500 -0.1955
-9.0773 78.8955 -50.9181 0.0000 1650400550640 1931654.7500 -0.1955
-9.0121 78.8104 -51.0007 0.0000 1650400550669 1931683.7500 -0.1955
-8.1747 78.2349 -51.8233 0.0000 1650400550699 1931712.7500 -0.1955
-8.8475 78.8967 -51.0902 0.0000 1650400550727 1931742.2500 -0.1955
-8.9185 79.0316 -51.2139 0.0000 1650400550757 1931773.5000 -0.1957
-8.8242 78.7668 -51.1616 0.0000 1650400550785 1931799.5000 -0.1960
-8.8570 78.9038 -51.0603 0.0000 1650400550814 1931829.5000 -0.1958
-8.9875 78.6755 -50.6556 0.0000 1650400550843 1931857.2500 -0.1955
-8.9940 78.7111 -50.5576 0.0000 1650400550872 1931886.2500 -0.1957
-8.3978 78.2061 -50.8370 0.0000 1650400550901 1931915.2500 -0.1960
-7.5961 78.0443 -51.2963 0.0000 1650400550930 1931944.2500 -0.1960
-7.7287 78.2742 -50.9033 0.0000 1650400550959 1931973.2500 -0.1960
-8.0127 78.4520 -50.5758 0.0000 1650400550987 1932002.2500 -0.1960
-8.5149 78.9941 -49.7885 0.0000 1650400551017 1932031.2500 -0.1960
-8.0638 77.7849 -50.1341 0.0000 1650400551046 1932060.2500 -0.1960
-8.0575 77.8445 -49.4939 0.0000 1650400551075 1932089.2500 -0.1960
-7.6533 78.1657 -49.6224 0.0000 1650400551104 1932118.2500 -0.1960
-7.5551 77.9121 -49.3892 0.0000 1650400551133 1932147.2500 -0.1965
-7.8562 77.8460 -48.7182 0.0000 1650400551162 1932176.0000 -0.1965
-7.7835 77.7577 -48.1610 0.0000 1650400551191 1932205.0000 -0.1965
-7.5877 78.0650 -47.7964 0.0000 1650400551220 1932234.0000 -0.1965
-7.5669 77.9437 -47.4668 0.0000 1650400551249 1932264.2500 -0.1960
-7.8653 77.8660 -46.7397 0.0000 1650400551278 1932293.0000 -0.1960
-7.8398 78.0625 -45.8066 0.0000 1650400551306 1932320.7500 -0.1960
-7.3316 78.0342 -45.8489 0.0000 1650400551336 1932349.7500 -0.1960
-7.5719 77.9488 -44.8657 0.0000 1650400551364 1932378.7500 -0.1955
-7.6292 77.9381 -44.3542 0.0000 1650400551393 1932407.7500 -0.1955
-7.2046 78.0431 -44.0004 0.0000 1650400551422 1932436.7500 -0.1955
-7.6150 78.1096 -43.1544 0.0000 1650400551452 1932465.7500 -0.1955
-7.4748 78.0544 -42.2748 0.0000 1650400551481 1932494.7500 -0.1950
-7.0307 78.2160 -42.1105 0.0000 1650400551510 1932526.5000 -0.1950
-7.4416 77.8836 -41.2031 0.0000 1650400551539 1932552.5000 -0.1952
-7.2308 77.8485 -40.5622 0.0000 1650400551568 1932581.7500 -0.1955
-6.9909 78.2869 -40.2503 0.0000 1650400551597 1932613.5000 -0.1955
-7.2878 77.9494 -39.3183 0.0000 1650400551625 1932639.7500 -0.1955
-6.7314 78.2284 -38.7902 0.0000 1650400551654 1932668.7500 -0.1955
-7.2419 77.9395 -37.9044 0.0000 1650400551683 1932697.7500 -0.1955
-6.9756 77.6568 -37.4772 0.0000 1650400551712 1932726.7500 -0.1955
-6.6563 78.2884 -36.7867 0.0000 1650400551741 1932755.7500 -0.1955
-7.1421 78.0150 -35.8480 0.0000 1650400551770 1932784.7500 -0.1957
-6.5552 77.8003 -35.5652 0.0000 1650400551799 1932813.7500 -0.1960
-6.9559 77.7625 -34.6077 0.0000 1650400551828 1932842.7500 -0.1960
-6.9173 77.9429 -34.1622 0.0000 1650400551858 1932871.5000 -0.1960
-6.9567 78.4639 -33.4147 0.0000 1650400551886 1932900.5000 -0.1960
-6.8801 77.6740 -32.5271 0.0000 1650400551916 1932929.2500 -0.1960
-6.6579 78.2439 -31.9521 0.0000 1650400551944 1932958.2500 -0.1960
-6.6325 77.9254 -31.1716 0.0000 1650400551973 1932987.2500 -0.1960
-6.6015 77.9557 -30.6397 0.0000 1650400552002 1933016.2500 -0.1960
-6.2909 77.8813 -30.1051 0.0000 1650400552031 1933047.7500 -0.1960
-6.7568 77.8372 -29.3076 0.0000 1650400552060 1933074.0000 -0.1960
-6.7986 78.0301 -29.4483 0.0000 1650400552089 1933103.2500 -0.1960
-6.5401 77.9150 -29.3867 0.0000 1650400552118 1933132.2500 -0.1960
-6.7647 77.9281 -29.4539 0.0000 1650400552147 1933161.2500 -0.1960
-6.7230 77.9816 -29.3819 0.0000 1650400552176 1933190.2500 -0.1960
-6.9652 78.1390 -29.2242 0.0000 1650400552205 1933219.2500 -0.1955
-6.8029 78.1123 -29.2697 0.0000 1650400552234 1933248.2500 -0.1955
-6.7756 78.0821 -29.2519 0.0000 1650400552263 1933276.7500 -0.1955
-6.9939 78.4239 -29.4270 0.0000 1650400552292 1933307.0000 -0.1955
-6.7525 78.2801 -29.3990 0.0000 1650400552321 1933335.0000 -0.1955
-6.7508 78.1165 -29.3442 0.0000 1650400552350 1933365.2500 -0.1955
-6.3459 78.2390 -29.1488 0.0000 1650400552379 1933392.5000 -0.1955
-6.6819 78.4825 -29.2877 0.0000 1650400552408 1933421.7500 -0.1955
-6.6648 77.9920 -29.1841 0.0000 1650400552437 1933450.7500 -0.1955
-6.8695 78.3274 -29.3333 0.0000 1650400552465 1933479.7500 -0.1955
-6.5043 78.3442 -28.8591 0.0000 1650400552495 1933508.7500 -0.1955
-6.5304 78.1852 -28.8387 0.0000 1650400552523 1933537.7500 -0.1955
-6.5561 77.9653 -29.1554 0.0000 1650400552552 1933566.7500 -0.1957
-6.5273 78.2956 -28.9271 0.0000 1650400552581 1933595.7500 -0.1960
-6.1155 78.8306 -29.6976 0.0000 1650400552611 1933624.7500 -0.1960
-6.5562 78.0136 -29.0041 0.0000 1650400552640 1933653.7500 -0.1960
-6.5352 78.0840 -29.1348 0.0000 1650400552669 1933682.7500 -0.1960
-6.6407 77.9966 -29.0562 0.0000 1650400552698 1933711.7500 -0.1960
-6.3763 78.4223 -29.2809 0.0000 1650400552727 1933740.7500 -0.1960
-6.6974 77.9963 -29.0493 0.0000 1650400552756 1933769.7500 -0.1960
-6.6905 78.0342 -29.0687 0.0000 1650400552784 1933799.7500 -0.1960
-6.3574 78.2497 -29.2595 0.0000 1650400552813 1933827.2500 -0.1960
-6.6036 78.0135 -29.0690 0.0000 1650400552842 1933856.7500 -0.1960
-6.7096 78.1160 -29.0484 0.0000 1650400552871 1933885.7500 -0.1960
-6.6906 78.0317 -29.0849 0.0000 1650400552900 1933914.7500 -0.1960
-6.6256 78.0093 -28.9245 0.0000 1650400552929 1933943.7500 -0.1960
-6.6351 77.9736 -29.0199 0.0000 1650400552958 1933972.5000 -0.1960
-6.6244 78.0558 -29.0095 0.0000 1650400552987 1934001.5000 -0.1955
-6.5771 77.9640 -29.0101 0.0000 1650400553017 1934030.5000 -0.1955
-6.6072 78.0091 -28.9558 0.0000 1650400553045 1934060.5000 -0.1955
-6.2773 78.1848 -29.3326 0.0000 1650400553075 1934089.7500 -0.1955
-6.4399 78.3445 -29.2745 0.0000 1650400553103 1934117.2500 -0.1955
-6.6923 77.9556 -29.0387 0.0000 1650400553132 1934147.5000 -0.1955
-6.7051 78.0081 -29.0748 0.0000 1650400553161 1934175.2500 -0.1955
-6.7784 77.9766 -28.9956 0.0000 1650400553190 1934204.2500 -0.1955
-6.6564 77.9753 -29.0334 0.0000 1650400553219 1934233.2500 -0.1956
-6.5321 77.9798 -29.0515 0.0000 1650400553248 1934262.2500 -0.1955
-6.6512 77.9478 -29.0320 0.0000 1650400553277 1934291.2500 -0.1955
-6.5179 78.2891 -29.3386 0.0000 1650400553306 1934320.2500 -0.1955
-6.7134 78.0185 -28.8414 0.0000 1650400553335 1934349.2500 -0.1955
-6.4739 78.3328 -29.1446 0.0000 1650400553364 1934378.2500 -0.1955
-6.3500 78.1814 -29.5320 0.0000 1650400553394 1934407.0000 -0.1955
-6.0914 78.1950 -30.3397 0.0000 1650400553422 1934436.0000 -0.1955
-6.7506 78.1705 -30.7508 0.0000 1650400553451 1934465.0000 -0.1956
-6.2630 78.7564 -31.9347 0.0000 1650400553480 1934493.7500 -0.1960
-6.2956 78.2782 -32.3467 0.0000 1650400553509 1934522.7500 -0.1960
-6.8925 78.1259 -32.9430 0.0000 1650400553538 1934551.7500 -0.1960
-6.9410 78.3972 -33.4378 0.0000 1650400553567 1934582.0000 -0.1960
-6.6090 78.1307 -34.4361 0.0000 1650400553596 1934609.5000 -0.1960
-7.4280 78.7485 -34.6805 0.0000 1650400553624 1934638.7500 -0.1960
-6.5895 78.4240 -35.9687 0.0000 1650400553654 1934667.7500 -0.1960
-7.8598 79.3783 -35.5533 0.0000 1650400553682 1934696.7500 -0.1960
-7.4351 78.2023 -36.7933 0.0000 1650400553711 1934725.7500 -0.1960
-6.8852 78.4100 -37.8096 0.0000 1650400553740 1934754.7500 -0.1960
-7.3875 78.5413 -38.2737 0.0000 1650400553770 1934783.7500 -0.1960
-7.0112 78.4277 -39.3152 0.0000 1650400553799 1934812.7500 -0.1960
-7.4483 78.5048 -39.5071 0.0000 1650400553828 1934844.0000 -0.1960
-7.2889 78.2896 -40.4609 0.0000 1650400553857 1934870.7500 -0.1960
-7.2959 78.8081 -41.0187 0.0000 1650400553886 1934901.2500 -0.1960
-7.6172 78.7233 -41.5603 0.0000 1650400553915 1934928.5000 -0.1960
-7.0559 78.6096 -42.6287 0.0000 1650400553943 1934957.7500 -0.1955
-7.1636 78.4816 -43.0973 0.0000 1650400553973 1934986.7500 -0.1955
-7.6105 78.6681 -43.5488 0.0000 1650400554001 1935015.7500 -0.1955
-7.0917 78.6747 -44.4188 0.0000 1650400554030 1935044.7500 -0.1955
-7.0567 78.3680 -45.0005 0.0000 1650400554059 1935073.5000 -0.1950
-7.4266 78.8454 -45.2273 0.0000 1650400554088 1935102.5000 -0.1950
-7.0905 78.5447 -46.1655 0.0000 1650400554117 1935131.5000 -0.1951
-7.2047 78.4185 -46.4771 0.0000 1650400554146 1935160.2500 -0.1955
-8.4005 79.4264 -46.2143 0.0000 1650400554176 1935189.2500 -0.1950
-7.2655 78.6854 -47.7703 0.0000 1650400554205 1935218.2500 -0.1950
-7.2125 78.5080 -48.2289 0.0000 1650400554234 1935247.2500 -0.1951
-7.2058 78.2339 -48.7447 0.0000 1650400554262 1935276.2500 -0.1955
-7.7341 78.4295 -48.7473 0.0000 1650400554291 1935305.2500 -0.1960
-7.0057 78.2288 -49.8383 0.0000 1650400554320 1935335.7500 -0.1960
-7.2930 78.3020 -49.8024 0.0000 1650400554349 1935365.7500 -0.1958
-7.2272 77.9846 -50.5797 0.0000 1650400554378 1935392.2500 -0.1955
-6.9719 78.3293 -50.9889 0.0000 1650400554407 1935421.2500 -0.1955
-7.8101 77.9499 -50.6762 0.0000 1650400554436 1935450.2500 -0.1960
-7.1770 78.2667 -51.1861 0.0000 1650400554465 1935479.2500 -0.1960
-7.3042 78.3394 -51.2690 0.0000 1650400554494 1935508.0000 -0.1960
-7.5657 78.3717 -51.5327 0.0000 1650400554523 1935537.0000 -0.1960
-7.3459 78.2139 -51.7480 0.0000 1650400554553 1935566.0000 -0.1955
-7.9085 78.7276 -51.5169 0.0000 1650400554581 1935596.2500 -0.1955
-8.6953 78.8893 -50.8762 0.0000 1650400554610 1935625.0000 -0.1955
-8.8875 78.9235 -51.0067 0.0000 1650400554639 1935652.7500 -0.1955
-8.9958 78.7052 -51.0796 0.0000 1650400554668 1935684.7500 -0.1955
-8.8035 78.8882 -51.1718 0.0000 1650400554697 1935710.7500 -0.1955
-8.8784 78.9440 -51.0455 0.0000 1650400554726 1935739.7500 -0.1950
-8.7661 78.8439 -51.2591 0.0000 1650400554755 1935768.7500 -0.1950
-8.9695 78.6361 -51.0881 0.0000 1650400554784 1935797.7500 -0.1950
-8.9524 78.8360 -51.1950 0.0000 1650400554813 1935826.7500 -0.1950
-8.7991 78.8098 -50.9110 0.0000 1650400554841 1935855.7500 -0.1950
-9.0507 78.7150 -50.6735 0.0000 1650400554870 1935884.7500 -0.1950
-8.8247 78.6644 -50.4757 0.0000 1650400554899 1935913.7500 -0.1945
-8.6182 79.3023 -50.3670 0.0000 1650400554929 1935942.7500 -0.1945
-7.6218 78.0141 -51.2262 0.0000 1650400554958 1935971.7500 -0.1950
-7.4988 78.0254 -50.9762 0.0000 1650400554987 1936000.7500 -0.1950
-8.0719 78.3084 -50.3447 0.0000 1650400555016 1936029.7500 -0.1950
-7.9297 78.4177 -50.3541 0.0000 1650400555045 1936058.7500 -0.1950
-7.9970 77.6949 -49.9333 0.0000 1650400555074 1936087.7500 -0.1950
-7.9110 78.1305 -49.7214 0.0000 1650400555102 1936118.0000 -0.1950
-7.6989 78.0650 -49.4703 0.0000 1650400555132 1936145.0000 -0.1951
-7.5002 78.0522 -49.1071 0.0000 1650400555160 1936174.7500 -0.1955
-7.7562 77.8490 -48.5472 0.0000 1650400555189 1936203.5000 -0.1955
-7.9693 77.7591 -47.7956 0.0000 1650400555218 1936232.5000 -0.1955
-7.6370 77.9792 -47.6400 0.0000 1650400555247 1936261.2500 -0.1955
-7.1037 77.9399 -47.3119 0.0000 1650400555276 1936290.2500 -0.1955
-7.6870 77.6301 -46.3984 0.0000 1650400555305 1936319.2500 -0.1955
-7.3390 78.2382 -45.9368 0.0000 1650400555334 1936348.2500 -0.1960
-7.4253 78.1200 -45.3833 0.0000 1650400555364 1936379.5000 -0.1958
-7.6710 77.7917 -44.4761 0.0000 1650400555393 1936406.2500 -0.1955
-7.1815 78.1379 -44.3415 0.0000 1650400555421 1936435.2500 -0.1955
-7.1532 77.9590 -43.7691 0.0000 1650400555451 1936465.2500 -0.1960
-7.5068 77.9284 -42.8041 0.0000 1650400555479 1936493.2500 -0.1958
-6.8743 77.6182 -42.5518 0.0000 1650400555508 1936522.2500 -0.1955
-7.1257 78.1022 -41.8283 0.0000 1650400555537 1936551.2500 -0.1955
-7.2791 77.8822 -40.9509 0.0000 1650400555566 1936580.2500 -0.1955
-6.8704 78.1813 -40.6848 0.0000 1650400555595 1936609.0000 -0.1955
-7.1270 78.3426 -39.9259 0.0000 1650400555624 1936638.0000 -0.1955
-7.2853 78.0597 -39.0610 0.0000 1650400555653 1936667.0000 -0.1955
-6.8214 78.2776 -38.5944 0.0000 1650400555681 1936696.0000 -0.1950
-7.1322 77.8267 -37.6203 0.0000 1650400555711 1936724.7500 -0.1950
-7.0621 78.2547 -37.2363 0.0000 1650400555740 1936753.7500 -0.1955
-7.1850 78.0450 -36.2478 0.0000 1650400555770 1936782.7500 -0.1955
-6.9895 77.7316 -35.6175 0.0000 1650400555798 1936811.7500 -0.1950
-6.8974 78.2908 -35.0523 0.0000 1650400555827 1936840.7500 -0.1950
-7.1161 77.9651 -34.1925 0.0000 1650400555856 1936871.2500 -0.1955
-6.8408 78.1141 -33.7606 0.0000 1650400555885 1936899.5000 -0.1955
-6.7978 78.1975 -33.0218 0.0000 1650400555914 1936927.7500 -0.1955
-6.7953 77.7999 -32.4877 0.0000 1650400555943 1936956.7500 -0.1955
-6.6287 78.3471 -31.9578 0.0000 1650400555972 1936985.7500 -0.1955
-7.0487 78.0519 -30.8979 0.0000 1650400556000 1937014.7500 -0.1955
-6.8259 77.6802 -30.3639 0.0000 1650400556030 1937043.7500 -0.1956
-6.6857 78.0467 -29.8215 0.0000 1650400556058 1937072.7500 -0.1960
-6.6309 77.8845 -29.3520 0.0000 1650400556087 1937101.7500 -0.1960
-6.5771 77.8423 -29.4157 0.0000 1650400556117 1937131.7500 -0.1960
-6.6799 77.9271 -29.3797 0.0000 1650400556146 1937162.5000 -0.1961
-6.8461 78.0929 -29.4632 0.0000 1650400556175 1937188.7500 -0.1965
-6.8444 78.2034 -29.3021 0.0000 1650400556204 1937218.7500 -0.1965
-6.8359 78.1131 -29.3759 0.0000 1650400556233 1937246.7500 -0.1965
-7.0602 78.4464 -29.5124 0.0000 1650400556262 1937275.7500 -0.1965
-6.8413 78.1179 -29.3137 0.0000 1650400556291 1937304.5000 -0.1965
-6.7919 78.0750 -29.2507 0.0000 1650400556319 1937333.5000 -0.1965
-6.9812 78.1265 -29.1309 0.0000 1650400556348 1937362.5000 -0.1965
-6.8533 78.1595 -29.2345 0.0000 1650400556377 1937391.2500 -0.1965
-6.6649 78.1529 -29.1123 0.0000 1650400556406 1937420.2500 -0.1960
-6.6949 78.1012 -29.2731 0.0000 1650400556435 1937449.2500 -0.1960
-6.7116 78.1483 -29.0097 0.0000 1650400556464 1937478.2500 -0.1960
-6.3597 78.5937 -29.3091 0.0000 1650400556493 1937507.2500 -0.1960
-6.5232 78.2008 -28.9403 0.0000 1650400556523 1937536.2500 -0.1955
-6.7737 78.0907 -29.0115 0.0000 1650400556552 1937565.2500 -0.1955
-6.4192 78.3202 -29.2780 0.0000 1650400556580 1937594.2500 -0.1955
-6.7617 78.2026 -28.9523 0.0000 1650400556610 1937623.2500 -0.1955
-6.4362 78.4775 -29.3873 0.0000 1650400556638 1937653.5000 -0.1955
-6.6689 78.1730 -28.9857 0.0000 1650400556667 1937682.2500 -0.1955
-6.6418 78.1189 -28.9380 0.0000 1650400556696 1937710.2500 -0.1950
-6.9116 78.1636 -28.9407 0.0000 1650400556725 1937739.0000 -0.1950
-5.9377 79.0162 -29.9869 0.0000 1650400556754 1937768.0000 -0.1952
-6.8839 78.1595 -28.9934 0.0000 1650400556783 1937797.0000 -0.1955
-6.9349 78.1916 -28.9649 0.0000 1650400556812 1937825.7500 -0.1955
-6.4503 78.3078 -29.1866 0.0000 1650400556841 1937854.7500 -0.1955
-6.6031 78.6471 -29.2028 0.0000 1650400556870 1937883.7500 -0.1957
-6.6883 78.1210 -28.9760 0.0000 1650400556899 1937915.5000 -0.1960
-6.5958 78.3881 -29.2816 0.0000 1650400556928 1937941.5000 -0.1960
-6.7227 78.1969 -28.9863 0.0000 1650400556957 1937970.7500 -0.1960
-6.7557 78.0613 -29.0111 0.0000 1650400556986 1938002.5000 -0.1960
-6.5267 78.3450 -29.0917 0.0000 1650400557015 1938028.7500 -0.1960
-6.7783 78.0586 -28.8748 0.0000 1650400557044 1938057.7500 -0.1960
-6.7265 77.9581 -28.8527 0.0000 1650400557073 1938086.7500 -0.1960
-6.8613 78.0926 -28.8986 0.0000 1650400557102 1938115.7500 -0.1960
-6.8676 78.0565 -28.8522 0.0000 1650400557131 1938144.7500 -0.1960
-6.5299 78.3402 -29.0950 0.0000 1650400557159 1938173.7500 -0.1960
-6.4750 78.2123 -29.1217 0.0000 1650400557189 1938202.7500 -0.1960
-6.5635 78.2263 -29.1622 0.0000 1650400557217 1938231.7500 -0.1960
-6.6267 78.3267 -29.1525 0.0000 1650400557246 1938260.7500 -0.1960
-6.4161 78.0476 -29.2274 0.0000 1650400557276 1938289.7500 -0.1960
-6.6034 78.1928 -29.0458 0.0000 1650400557305 1938318.7500 -0.1955
-6.8594 78.0831 -28.9129 0.0000 1650400557334 1938347.7500 -0.1955
-6.5773 78.2869 -29.0430 0.0000 1650400557363 1938376.7500 -0.1955
-6.8236 78.0730 -28.8101 0.0000 1650400557392 1938405.7500 -0.1955
-6.3809 78.0982 -29.6361 0.0000 1650400557421 1938437.0000 -0.1955
-6.2191 78.1900 -30.3075 0.0000 1650400557450 1938463.2500 -0.1955
-6.5112 78.0129 -30.9597 0.0000 1650400557478 1938492.2500 -0.1955
-6.1899 78.7321 -32.2600 0.0000 1650400557508 1938521.2500 -0.1955
-6.5579 78.0890 -32.3567 0.0000 1650400557536 1938550.2500 -0.1955
-6.9923 78.1790 -33.3350 0.0000 1650400557565 1938579.2500 -0.1955
-6.9629 78.4844 -33.4877 0.0000 1650400557594 1938608.2500 -0.1955
-7.0855 78.6434 -34.1453 0.0000 1650400557623 1938637.2500 -0.1955
-6.9855 78.4792 -35.0591 0.0000 1650400557652 1938669.2500 -0.1957
-6.9587 78.7106 -36.0093 0.0000 1650400557682 1938696.2500 -0.1960
-7.2670 78.6584 -36.2678 0.0000 1650400557711 1938724.2500 -0.1960
-6.9650 78.5536 -37.3642 0.0000 1650400557740 1938753.2500 -0.1960
-7.0580 78.3721 -37.8477 0.0000 1650400557769 1938782.0000 -0.1960
-6.9334 78.2339 -38.7996 0.0000 1650400557797 1938811.2500 -0.1960
-6.9069 78.5657 -39.2915 0.0000 1650400557826 1938840.0000 -0.1960
-7.7651 78.7119 -39.4379 0.0000 1650400557855 1938869.0000 -0.1960
-6.9008 78.6838 -40.8448 0.0000 1650400557884 1938898.0000 -0.1961
-6.9931 78.6336 -41.2216 0.0000 1650400557913 1938927.0000 -0.1965
-8.1996 79.1831 -41.0958 0.0000 1650400557942 1938955.7500 -0.1965
-7.0629 78.6426 -42.5156 0.0000 1650400557971 1938984.7500 -0.1965
-6.8751 78.1649 -43.4447 0.0000 1650400558000 1939013.7500 -0.1965
-7.3028 78.4043 -43.6477 0.0000 1650400558029 1939042.7500 -0.1965
-7.1735 78.7141 -44.4001 0.0000 1650400558058 1939071.7500 -0.1965
-7.1318 78.2800 -44.9296 0.0000 1650400558088 1939100.7500 -0.1965
-7.3103 78.4582 -45.6227 0.0000 1650400558116 1939129.7500 -0.1965
-7.0406 78.4488 -46.1680 0.0000 1650400558145 1939158.7500 -0.1965
-7.2619 78.2878 -46.7617 0.0000 1650400558174 1939188.7500 -0.1965
-7.6291 78.7274 -46.9592 0.0000 1650400558203 1939219.5000 -0.1960
-7.1108 78.3758 -48.0055 0.0000 1650400558232 1939245.7500 -0.1960
-7.2149 78.4474 -48.4266 0.0000 1650400558261 1939274.7500 -0.1960
-8.2648 79.4081 -47.9290 0.0000 1650400558290 1939303.7500 -0.1960
-7.9439 78.2566 -48.8708 0.0000 1650400558319 1939332.7500 -0.1957
-7.0918 78.3212 -49.8727 0.0000 1650400558348 1939361.7500 -0.1955
-7.3948 78.2848 -49.8440 0.0000 1650400558376 1939390.7500 -0.1960
-7.7167 78.5010 -50.1450 0.0000 1650400558405 1939419.7500 -0.1960
-7.1578 78.3058 -51.0730 0.0000 1650400558435 1939451.2500 -0.1957
-7.1806 78.0488 -51.3127 0.0000 1650400558464 1939479.0000 -0.1955
-7.2675 78.3398 -51.1319 0.0000 1650400558493 1939506.7500 -0.1960
-7.4348 78.2003 -51.5355 0.0000 1650400558522 1939537.0000 -0.1960
-7.1439 78.1642 -51.6550 0.0000 1650400558551 1939564.5000 -0.1960
-7.5251 78.3005 -51.6351 0.0000 1650400558580 1939593.5000 -0.1960
-8.6586 78.8210 -50.7555 0.0000 1650400558609 1939622.2500 -0.1960
-8.9440 78.8380 -50.9367 0.0000 1650400558637 1939651.2500 -0.1960
-8.8732 78.8397 -50.9745 0.0000 1650400558667 1939680.2500 -0.1960
-8.9057 78.7415 -51.1124 0.0000 1650400558695 1939709.2500 -0.1960
-8.9225 78.8848 -51.2180 0.0000 1650400558724 1939738.2500 -0.1960
-8.1494 78.0870 -51.9147 0.0000 1650400558753 1939767.2500 -0.1960
-8.3180 78.3363 -51.8865 0.0000 1650400558782 1939796.2500 -0.1960
-8.8649 78.9750 -51.0937 0.0000 1650400558811 1939825.2500 -0.1960
-8.8309 78.8136 -51.1444 0.0000 1650400558841 1939854.2500 -0.1960
-9.0121 78.7081 -50.8257 0.0000 1650400558870 1939883.2500 -0.1960
-8.8728 78.7145 -50.6349 0.0000 1650400558899 1939912.2500 -0.1960
-8.8457 78.7433 -50.4128 0.0000 1650400558928 1939941.2500 -0.1960
-7.7909 78.1182 -51.3465 0.0000 1650400558956 1939972.5000 -0.1960
-7.7348 77.8410 -51.1113 0.0000 1650400558986 1939998.7500 -0.1955
-8.0276 77.9993 -50.7747 0.0000 1650400559014 1940028.0000 -0.1955
-8.0820 78.3044 -50.4705 0.0000 1650400559043 1940056.7500 -0.1955
-8.3996 78.2006 -49.7412 0.0000 1650400559072 1940085.7500 -0.1955
-7.9164 77.6162 -49.9738 0.0000 1650400559101 1940114.7500 -0.1955
-7.6421 78.0068 -49.6962 0.0000 1650400559130 1940143.7500 -0.1955
-7.9132 78.1671 -49.2221 0.0000 1650400559159 1940172.7500 -0.1955
-7.5212 77.9658 -49.0493 0.0000 1650400559188 1940203.2500 -0.1955
-7.8585 77.6678 -48.3774 0.0000 1650400559217 1940231.5000 -0.1954
-7.9522 77.8349 -47.6513 0.0000 1650400559247 1940259.7500 -0.1950
-7.5049 78.1486 -47.7181 0.0000 1650400559275 1940290.2500 -0.1950
-7.3299 77.9755 -47.2796 0.0000 1650400559304 1940319.0000 -0.1950
-7.6385 77.5834 -46.4743 0.0000 1650400559333 1940346.7500 -0.1950
-7.1992 77.8787 -46.2206 0.0000 1650400559362 1940375.7500 -0.1950
-7.2963 78.0099 -45.4840 0.0000 1650400559391 1940404.7500 -0.1955
-7.5423 77.7633 -44.5129 0.0000 1650400559420 1940433.7500 -0.1955
-7.2291 78.1492 -44.2845 0.0000 1650400559449 1940462.7500 -0.1955
-7.3719 78.0452 -43.5825 0.0000 1650400559478 1940491.7500 -0.1955
-7.7547 77.9036 -42.6933 0.0000 1650400559507 1940520.7500 -0.1955
-7.1776 77.8331 -42.7142 0.0000 1650400559535 1940549.7500 -0.1955
-7.0981 78.1110 -41.9714 0.0000 1650400559565 1940578.7500 -0.1955
-7.4250 77.8262 -41.0516 0.0000 1650400559594 1940607.7500 -0.1955
-7.0355 77.8630 -40.7121 0.0000 1650400559623 1940636.7500 -0.1955
-7.4219 77.9845 -39.3510 0.0000 1650400559651 1940665.5000 -0.1955
-7.3682 77.9481 -39.0628 0.0000 1650400559681 1940694.5000 -0.1955
-7.0775 78.3618 -38.3627 0.0000 1650400559710 1940724.7500 -0.1955
-7.4271 78.0789 -37.3816 0.0000 1650400559739 1940753.0000 -0.1955
-6.7027 78.0611 -37.0755 0.0000 1650400559768 1940781.2500 -0.1955
-7.2397 78.1876 -36.0006 0.0000 1650400559797 1940810.2500 -0.1955
-6.9780 77.8381 -35.3235 0.0000 1650400559826 1940839.2500 -0.1950
-6.7287 78.1806 -34.8936 0.0000 1650400559854 1940868.2500 -0.1950
-6.9981 78.0786 -34.1937 0.0000 1650400559883 1940897.2500 -0.1950
-7.0012 78.2815 -33.9469 0.0000 1650400559912 1940926.2500 -0.1950
-6.6352 78.2764 -32.9349 0.0000 1650400559941 1940955.2500 -0.1950
-6.7217 77.7935 -32.3264 0.0000 1650400559970 1940985.5000 -0.1950
-6.6003 78.4614 -31.9893 0.0000 1650400559999 1941014.2500 -0.1945
-6.8213 77.6770 -30.7114 0.0000 1650400560029 1941042.2500 -0.1945
-6.5713 78.0843 -30.5703 0.0000 1650400560058 1941072.5000 -0.1950
-6.4729 78.1911 -29.8621 0.0000 1650400560087 1941100.0000 -0.1950
-6.7240 77.8811 -29.3198 0.0000 1650400560115 1941129.0000 -0.1950
-6.5786 77.9411 -29.3997 0.0000 1650400560145 1941158.0000 -0.1950
-6.6810 78.0798 -29.3625 0.0000 1650400560173 1941186.7500 -0.1950
-6.5884 78.0788 -29.3371 0.0000 1650400560202 1941215.7500 -0.1950
-6.7718 78.1604 -29.4044 0.0000 1650400560231 1941244.7500 -0.1951
-6.8023 78.2823 -29.4786 0.0000 1650400560260 1941273.7500 -0.1955
-6.7513 78.2590 -29.3139 0.0000 1650400560289 1941302.7500 -0.1955
-6.8337 78.2663 -29.2662 0.0000 1650400560318 1941331.7500 -0.1955
-6.7441 78.0817 -29.1560 0.0000 1650400560347 1941360.7500 -0.1955
-6.9413 78.2725 -29.2388 0.0000 1650400560376 1941389.7500 -0.1955
-6.8119 78.1728 -29.0616 0.0000 1650400560406 1941418.7500 -0.1955
-6.8505 78.2643 -28.9874 0.0000 1650400560434 1941447.7500 -0.1955
-6.5703 78.3328 -28.8562 0.0000 1650400560463 1941476.7500 -0.1955
-7.0277 78.1511 -29.1672 0.0000 1650400560492 1941507.0000 -0.1955
-6.8411 78.2106 -29.0422 0.0000 1650400560521 1941536.0000 -0.1955
-6.9765 78.1267 -29.0680 0.0000 1650400560550 1941563.7500 -0.1955
-6.9328 78.1958 -29.0276 0.0000 1650400560579 1941592.7500 -0.1955
-6.8119 78.2306 -29.1162 0.0000 1650400560608 1941621.5000 -0.1955
-6.9454 78.1866 -28.9862 0.0000 1650400560637 1941650.7500 -0.1955
-6.7011 78.0649 -29.0075 0.0000 1650400560666 1941679.7500 -0.1950
-6.8056 78.1407 -29.1074 0.0000 1650400560694 1941708.7500 -0.1950
-6.8547 78.0324 -28.8408 0.0000 1650400560724 1941737.7500 -0.1950
-6.8125 78.1616 -29.0282 0.0000 1650400560752 1941769.0000 -0.1950
-6.8504 78.0074 -28.9814 0.0000 1650400560782 1941795.5000 -0.1950
-6.8435 78.0947 -28.8956 0.0000 1650400560811 1941824.5000 -0.1950
-6.5602 78.2574 -29.1585 0.0000 1650400560840 1941853.0000 -0.1945
-6.7974 78.0568 -28.8855 0.0000 1650400560869 1941882.2500 -0.1945
-6.9290 78.0638 -28.8351 0.0000 1650400560898 1941911.2500 -0.1950
-6.7968 78.0450 -29.0133 0.0000 1650400560927 1941940.2500 -0.1950
-6.4328 78.2838 -29.1463 0.0000 1650400560956 1941969.2500 -0.1950
-6.5705 78.3704 -29.0662 0.0000 1650400560985 1941998.2500 -0.1950
-6.4866 78.2654 -29.2469 0.0000 1650400561013 1942027.2500 -0.1950
-6.6460 77.8601 -28.8832 0.0000 1650400561043 1942056.2500 -0.1950
-6.7492 78.0101 -28.7791 0.0000 1650400561071 1942085.2500 -0.1952
-6.6397 78.3657 -29.0678 0.0000 1650400561100 1942114.2500 -0.1955
-6.5487 78.2282 -29.1068 0.0000 1650400561129 1942143.2500 -0.1955
-6.4095 78.2702 -29.0402 0.0000 1650400561159 1942172.2500 -0.1955
-6.5975 77.8664 -28.9972 0.0000 1650400561188 1942201.0000 -0.1955
-6.5619 78.1980 -29.0405 0.0000 1650400561217 1942230.0000 -0.1955
-6.6731 77.8508 -28.9003 0.0000 1650400561246 1942260.5000 -0.1955
-6.7849 77.9177 -28.9198 0.0000 1650400561274 1942289.0000 -0.1955
-6.6078 78.2844 -28.9216 0.0000 1650400561304 1942316.7500 -0.1955
-6.8111 77.8986 -28.9901 0.0000 1650400561332 1942345.7500 -0.1955
-6.8431 77.9792 -28.8612 0.0000 1650400561361 1942374.7500 -0.1955
-6.9547 78.0573 -28.8433 0.0000 1650400561390 1942403.7500 -0.1955
-6.7720 77.9775 -28.8367 0.0000 1650400561419 1942432.7500 -0.1955
-6.5579 77.9157 -29.5120 0.0000 1650400561448 1942461.7500 -0.1955
-6.5431 77.9654 -30.4125 0.0000 1650400561477 1942490.7500 -0.1955
-6.6667 77.7953 -31.0240 0.0000 1650400561506 1942520.7500 -0.1955
-6.3085 78.7865 -32.1617 0.0000 1650400561535 1942551.5000 -0.1955
-7.0200 78.1680 -32.3662 0.0000 1650400561564 1942577.7500 -0.1950
-7.2363 78.5871 -33.1206 0.0000 1650400561593 1942607.7500 -0.1950
-6.6161 78.2191 -33.4217 0.0000 1650400561623 1942635.7500 -0.1950
-7.2116 78.5108 -34.2379 0.0000 1650400561651 1942664.7500 -0.1950
-7.0195 78.5299 -34.9407 0.0000 1650400561680 1942693.7500 -0.1950
-6.7535 78.4773 -35.8201 0.0000 1650400561709 1942722.7500 -0.1950
-7.2762 78.4748 -36.2224 0.0000 1650400561738 1942751.7500 -0.1950
-7.1327 78.6728 -37.7348 0.0000 1650400561767 1942780.7500 -0.1950
-7.8735 79.0471 -37.1672 0.0000 1650400561796 1942809.7500 -0.1950
-7.1911 78.4603 -38.6607 0.0000 1650400561825 1942838.7500 -0.1950
-6.8338 78.1754 -39.4773 0.0000 1650400561854 1942867.7500 -0.1952
-7.3856 78.3367 -39.9128 0.0000 1650400561883 1942896.5000 -0.1955
-6.6150 78.5557 -40.9474 0.0000 1650400561911 1942925.5000 -0.1955
-7.6135 78.5955 -40.9687 0.0000 1650400561941 1942954.2500 -0.1955
-7.5529 78.4433 -41.9565 0.0000 1650400561970 1942983.2500 -0.1955
-6.9967 78.3053 -42.8886 0.0000 1650400561999 1943012.2500 -0.1955
-8.1552 79.3747 -42.4493 0.0000 1650400562028 1943042.5000 -0.1955
-7.1516 78.7275 -44.0658 0.0000 1650400562057 1943071.5000 -0.1955
-7.2774 78.6445 -44.2967 0.0000 1650400562086 1943099.2500 -0.1957
-7.1122 78.0493 -45.3069 0.0000 1650400562115 1943128.2500 -0.1960
-7.1403 78.6676 -46.0218 0.0000 1650400562144 1943157.2500 -0.1958
-7.1475 78.5364 -46.3219 0.0000 1650400562172 1943186.2500 -0.1955
-7.2485 78.3351 -46.9944 0.0000 1650400562202 1943215.2500 -0.1955
-7.5824 78.3510 -47.1706 0.0000 1650400562230 1943244.2500 -0.1960
-7.1747 78.3935 -48.0263 0.0000 1650400562259 1943273.2500 -0.1960
-7.0163 78.3308 -48.5731 0.0000 1650400562288 1943306.2500 -0.1955
-6.9773 78.0623 -49.3484 0.0000 1650400562318 1943330.7500 -0.1955
-7.1977 78.6244 -49.4495 0.0000 1650400562347 1943360.0000 -0.1955
-6.9964 78.2306 -49.9331 0.0000 1650400562376 1943391.5000 -0.1955
-7.3305 78.2397 -49.9427 0.0000 1650400562405 1943419.0000 -0.1950
-8.5069 79.2542 -49.4165 0.0000 1650400562434 1943446.7500 -0.1950
-7.9532 78.2651 -50.2057 0.0000 1650400562463 1943475.7500 -0.1955
-7.3176 78.3112 -51.2490 0.0000 1650400562491 1943504.7500 -0.1955
-7.2273 78.3412 -51.1852 0.0000 1650400562520 1943533.7500 -0.1955
-7.3364 78.2460 -51.3477 0.0000 1650400562549 1943562.7500 -0.1955
-7.6027 78.4305 -51.5633 0.0000 1650400562578 1943591.7500 -0.1950
-7.3627 78.0655 -51.8612 0.0000 1650400562607 1943620.7500 -0.1950
-7.3373 78.3672 -52.0669 0.0000 1650400562636 1943649.7500 -0.1950
-8.8593 78.9128 -50.9410 0.0000 1650400562665 1943678.7500 -0.1950
-8.9947 78.8599 -50.9937 0.0000 1650400562694 1943707.7500 -0.1950
-9.0020 78.8619 -50.9993 0.0000 1650400562724 1943736.7500 -0.1950
-8.8713 78.9094 -51.2131 0.0000 1650400562752 1943765.7500 -0.1950
-8.3392 77.9887 -51.6487 0.0000 1650400562782 1943794.7500 -0.1950
-8.8010 78.8336 -51.2032 0.0000 1650400562810 1943827.7500 -0.1950
-8.9339 78.8368 -51.1321 0.0000 1650400562839 1943852.2500 -0.1955
-8.3362 78.0088 -51.7985 0.0000 1650400562868 1943881.7500 -0.1955
-8.9457 78.5774 -50.9634 0.0000 1650400562897 1943910.7500 -0.1955
-8.8071 78.4987 -50.7605 0.0000 1650400562926 1943939.7500 -0.1955
-8.7287 78.6442 -50.4333 0.0000 1650400562955 1943968.7500 -0.1955
-7.8532 78.0570 -51.1389 0.0000 1650400562984 1943997.5000 -0.1955
-7.8145 78.0043 -51.2219 0.0000 1650400563013 1944026.5000 -0.1955
-7.7340 78.1620 -50.7359 0.0000 1650400563042 1944058.2500 -0.1955
-8.0010 78.2514 -50.5812 0.0000 1650400563070 1944085.2500 -0.1950
-8.0371 77.7117 -50.1979 0.0000 1650400563100 1944113.2500 -0.1950
-8.1041 77.7717 -49.6322 0.0000 1650400563129 1944142.2500 -0.1950
-7.6677 78.0730 -49.6024 0.0000 1650400563158 1944171.0000 -0.1950
-7.5715 77.8572 -49.3224 0.0000 1650400563187 1944200.2500 -0.1950
-7.4288 77.9450 -49.0562 0.0000 1650400563216 1944229.2500 -0.1950
-7.7731 77.7353 -48.3303 0.0000 1650400563245 1944258.2500 -0.1950
-7.6328 78.0508 -47.7286 0.0000 1650400563274 1944287.2500 -0.1950
-7.4939 78.0514 -47.6443 0.0000 1650400563303 1944316.2500 -0.1950
-7.5558 77.6189 -46.8621 0.0000 1650400563331 1944345.2500 -0.1950
-7.5863 77.6982 -46.1326 0.0000 1650400563361 1944374.2500 -0.1950
-7.2941 78.0149 -45.9140 0.0000 1650400563389 1944403.2500 -0.1950
-7.4289 77.7014 -45.1027 0.0000 1650400563418 1944432.0000 -0.1950
-7.5384 77.8154 -44.3670 0.0000 1650400563447 1944461.0000 -0.1950
-6.8162 77.8058 -44.3779 0.0000 1650400563477 1944490.0000 -0.1945
-7.4145 78.1381 -43.3372 0.0000 1650400563506 1944518.7500 -0.1945
-7.6851 77.7216 -42.5295 0.0000 1650400563535 1944547.7500 -0.1947
-7.2825 78.1441 -42.3059 0.0000 1650400563564 1944576.5000 -0.1950
-7.4043 77.6863 -41.5247 0.0000 1650400563593 1944605.5000 -0.1950
-7.2681 77.6495 -40.8496 0.0000 1650400563622 1944634.7500 -0.1950
-7.1327 78.2640 -40.3102 0.0000 1650400563650 1944663.7500 -0.1950
-7.4887 77.7323 -39.2156 0.0000 1650400563680 1944692.7500 -0.1950
-6.7977 77.8468 -39.0082 0.0000 1650400563708 1944721.7500 -0.1950
-7.1100 78.4015 -38.2886 0.0000 1650400563737 1944750.7500 -0.1950
-7.4557 78.0256 -37.3517 0.0000 1650400563766 1944779.7500 -0.1950
-6.9269 78.3267 -36.9107 0.0000 1650400563795 1944808.7500 -0.1950
-7.2346 77.8543 -35.6206 0.0000 1650400563824 1944840.5000 -0.1950
-6.9365 78.0002 -35.5941 0.0000 1650400563853 1944868.0000 -0.1950
-6.8241 78.2312 -34.8841 0.0000 1650400563882 1944895.7500 -0.1950
-7.2099 77.9208 -33.7474 0.0000 1650400563912 1944924.5000 -0.1950
-6.6251 77.9395 -33.4349 0.0000 1650400563941 1944953.7500 -0.1950
-6.9422 77.9377 -32.6514 0.0000 1650400563969 1944982.7500 -0.1950
-6.8762 77.7295 -31.9744 0.0000 1650400563998 1945011.7500 -0.1950
-6.6753 78.4828 -31.7908 0.0000 1650400564027 1945040.7500 -0.1950
-6.8748 77.8077 -30.6655 0.0000 1650400564056 1945069.7500 -0.1950
-6.5840 78.0226 -30.5289 0.0000 1650400564085 1945098.5000 -0.1950
-6.2834 78.1161 -29.8267 0.0000 1650400564114 1945127.5000 -0.1950
-6.7112 78.0947 -29.5091 0.0000 1650400564143 1945156.5000 -0.1945
-6.5680 77.9355 -29.4695 0.0000 1650400564172 1945185.2500 -0.1945
-6.7231 78.0545 -29.4415 0.0000 1650400564201 1945214.2500 -0.1945
-6.6939 78.1047 -29.3961 0.0000 1650400564229 1945243.2500 -0.1945
-6.8293 78.1779 -29.2228 0.0000 1650400564259 1945272.2500 -0.1945
-6.7415 78.2172 -29.2082 0.0000 1650400564288 1945301.2500 -0.1945
-6.9601 78.2766 -29.4527 0.0000 1650400564317 1945330.2500 -0.1946
-6.6886 78.2684 -29.2333 0.0000 1650400564346 1945362.0000 -0.1950
-6.8536 78.2099 -29.1997 0.0000 1650400564375 1945388.0000 -0.1945
-6.6101 77.9325 -29.3354 0.0000 1650400564404 1945417.2500 -0.1945
-6.6550 78.3129 -28.9173 0.0000 1650400564433 1945447.7500 -0.1946
-6.9450 78.0365 -28.9425 0.0000 1650400564462 1945475.0000 -0.1950
-6.8990 78.3782 -29.1747 0.0000 1650400564491 1945504.2500 -0.1950
-6.5329 78.2234 -28.8831 0.0000 1650400564520 1945533.0000 -0.1950
-6.7874 78.1342 -29.2004 0.0000 1650400564548 1945562.0000 -0.1950
-6.8791 78.2152 -29.0917 0.0000 1650400564577 1945592.5000 -0.1950
-6.8551 78.0491 -29.0488 0.0000 1650400564606 1945619.2500 -0.1950
-6.9159 78.1160 -29.1102 0.0000 1650400564636 1945648.7500 -0.1950
-6.8578 78.0423 -28.9032 0.0000 1650400564665 1945679.2500 -0.1950
-6.8456 78.0354 -29.1057 0.0000 1650400564694 1945708.0000 -0.1950
-6.6407 78.2268 -28.8212 0.0000 1650400564723 1945735.7500 -0.1950
-6.8000 78.0093 -29.0169 0.0000 1650400564752 1945764.7500 -0.1950
-7.0166 78.0773 -28.8926 0.0000 1650400564781 1945793.7500 -0.1950
-6.8850 78.0871 -28.8776 0.0000 1650400564809 1945822.7500 -0.1950
-6.5377 78.3070 -29.2292 0.0000 1650400564839 1945851.7500 -0.1950
-6.8789 78.0210 -28.9527 0.0000 1650400564867 1945880.7500 -0.1950
-6.8016 78.0193 -28.9628 0.0000 1650400564896 1945909.7500 -0.1950
-6.6277 77.8605 -29.0769 0.0000 1650400564925 1945938.7500 -0.1945
-6.5215 78.1649 -29.4255 0.0000 1650400564954 1945967.7500 -0.1945
-6.7752 78.1006 -28.9855 0.0000 1650400564983 1945996.7500 -0.1945
-6.7243 77.8843 -28.9498 0.0000 1650400565012 1946025.7500 -0.1945
-6.8363 77.8449 -28.8360 0.0000 1650400565041 1946054.7500 -0.1945
-6.6091 78.2784 -29.2315 0.0000 1650400565071 1946083.7500 -0.1945
-6.5356 78.1395 -29.2369 0.0000 1650400565100 1946112.7500 -0.1945
-6.5116 78.1720 -29.2530 0.0000 1650400565128 1946143.7500 -0.1945
-6.7072 77.8068 -29.1030 0.0000 1650400565157 1946170.7500 -0.1940
-6.7350 77.7096 -29.0843 0.0000 1650400565186 1946199.7500 -0.1940
-6.3055 78.0401 -29.4022 0.0000 1650400565215 1946228.5000 -0.1940
-6.8278 78.0571 -28.9527 0.0000 1650400565244 1946257.5000 -0.1940
-6.7709 77.7411 -29.1282 0.0000 1650400565273 1946286.2500 -0.1945
-6.4881 78.1984 -29.2400 0.0000 1650400565302 1946315.2500 -0.1945
-6.5422 78.2476 -29.2022 0.0000 1650400565331 1946344.2500 -0.1944
-6.5576 78.1811 -29.1433 0.0000 1650400565360 1946376.0000 -0.1940
-6.5122 78.1842 -29.2318 0.0000 1650400565388 1946401.7500 -0.1945
-6.8862 78.0561 -28.9442 0.0000 1650400565418 1946431.2500 -0.1945
-6.6086 78.1345 -29.4386 0.0000 1650400565447 1946461.2500 -0.1945
-6.2079 78.0111 -30.1960 0.0000 1650400565476 1946489.2500 -0.1945
-6.6689 78.0287 -30.3301 0.0000 1650400565505 1946518.2500 -0.1945
-7.0329 78.1747 -31.3241 0.0000 1650400565534 1946547.2500 -0.1945
-6.9624 77.9560 -31.5623 0.0000 1650400565563 1946576.2500 -0.1945
-6.8295 78.0974 -32.5882 0.0000 1650400565592 1946605.2500 -0.1945
-7.2892 78.7284 -33.0483 0.0000 1650400565621 1946634.0000 -0.1945
-6.6255 78.3633 -33.8987 0.0000 1650400565650 1946663.0000 -0.1945
-7.2313 78.3983 -34.3592 0.0000 1650400565679 1946692.0000 -0.1944
-7.2756 78.5402 -35.1083 0.0000 1650400565707 1946721.0000 -0.1940
-6.8582 78.4031 -36.1983 0.0000 1650400565737 1946749.7500 -0.1940
-7.1431 78.4109 -36.6901 0.0000 1650400565765 1946778.7500 -0.1940
-7.1208 77.8901 -37.1312 0.0000 1650400565794 1946807.7500 -0.1940
-7.9071 78.9818 -37.4733 0.0000 1650400565823 1946836.7500 -0.1935
-7.0908 77.9752 -38.7552 0.0000 1650400565853 1946865.7500 -0.1935
-6.8299 78.3213 -39.5153 0.0000 1650400565882 1946897.5000 -0.1940
-8.1887 79.0677 -39.3356 0.0000 1650400565911 1946923.5000 -0.1940
-7.0845 78.3859 -41.1703 0.0000 1650400565940 1946952.7500 -0.1950
-7.5474 78.5295 -41.3080 0.0000 1650400565969 1946981.7500 -0.1960
-7.1682 78.3017 -42.2973 0.0000 1650400565998 1947010.7500 -0.1974
-7.0515 78.4136 -42.8673 0.0000 1650400566026 1947039.7500 -0.1974
-7.4661 78.5509 -43.2927 0.0000 1650400566055 1947068.7500 -0.1979
-7.0337 78.6266 -44.3006 0.0000 1650400566084 1947097.7500 -0.1984
-6.9782 78.4115 -44.7783 0.0000 1650400566113 1947126.7500 -0.1989
-7.5416 78.6323 -45.0487 0.0000 1650400566142 1947159.7500 -0.1989
-7.1531 78.6343 -46.0057 0.0000 1650400566171 1947184.2500 -0.1991
-7.2976 78.4749 -46.2447 0.0000 1650400566200 1947213.7500 -0.1994
-8.1977 79.2844 -46.0487 0.0000 1650400566230 1947242.5000 -0.1995
-7.3339 78.7011 -47.6923 0.0000 1650400566259 1947271.7500 -0.1999
-7.2758 78.5275 -48.1097 0.0000 1650400566287 1947302.0000 -0.1999
-7.1671 78.1795 -48.8150 0.0000 1650400566317 1947329.7500 -0.1999
-7.8345 78.1592 -48.5741 0.0000 1650400566345 1947358.5000 -0.1999
-7.1562 78.4876 -49.3838 0.0000 1650400566374 1947387.5000 -0.1999
-7.2421 78.2817 -49.9606 0.0000 1650400566403 1947416.2500 -0.1999
-7.5975 78.5914 -49.9044 0.0000 1650400566432 1947445.2500 -0.1999
-7.4480 77.8281 -50.4546 0.0000 1650400566461 1947474.2500 -0.1999
-7.3557 78.5960 -50.8922 0.0000 1650400566490 1947503.2500 -0.1999
-7.3398 78.1755 -51.2379 0.0000 1650400566519 1947532.2500 -0.1999
-7.1570 78.3690 -51.1286 0.0000 1650400566548 1947561.2500 -0.1999
-7.4461 78.3176 -51.3936 0.0000 1650400566577 1947590.2500 -0.1998
-7.2325 78.1294 -51.8176 0.0000 1650400566606 1947619.2500 -0.1994
-7.2962 78.2417 -51.9059 0.0000 1650400566635 1947648.2500 -0.1994
-7.6772 77.7794 -51.9491 0.0000 1650400566664 1947679.5000 -0.1994
-8.8102 78.7090 -51.0851 0.0000 1650400566693 1947706.2500 -0.1994
-8.9358 78.8307 -51.0379 0.0000 1650400566722 1947735.2500 -0.1994
-8.9417 78.8472 -51.0300 0.0000 1650400566751 1947764.0000 -0.1994
-8.8010 78.9236 -51.1438 0.0000 1650400566780 1947793.0000 -0.1994
-8.1351 78.1677 -51.8612 0.0000 1650400566809 1947822.0000 -0.1994
-8.8565 78.8055 -51.1927 0.0000 1650400566838 1947850.7500 -0.1994
-8.8413 78.9312 -51.1871 0.0000 1650400566866 1947879.7500 -0.1994
-8.9004 78.7644 -51.0545 0.0000 1650400566896 1947910.2500 -0.1994
-8.8826 78.7195 -50.6800 0.0000 1650400566924 1947940.5000 -0.1994
-8.8037 78.7330 -50.4886 0.0000 1650400566953 1947966.7500 -0.1994
-8.0158 78.0187 -51.0405 0.0000 1650400566983 1947997.2500 -0.1994
-7.5752 78.0984 -51.3778 0.0000 1650400567012 1948024.7500 -0.1995
-7.8690 78.2852 -50.8378 0.0000 1650400567041 1948053.7500 -0.1999
-7.9041 78.4583 -50.4865 0.0000 1650400567070 1948082.7500 -0.1999
-8.2285 77.9975 -50.2013 0.0000 1650400567099 1948111.7500 -0.1999
-7.8651 77.7230 -50.2521 0.0000 1650400567128 1948140.7500 -0.1999
-8.0916 77.8373 -49.4444 0.0000 1650400567157 1948169.7500 -0.1999
-7.6447 78.0321 -49.5592 0.0000 1650400567185 1948198.7500 -0.1999
-7.5251 77.9540 -49.2383 0.0000 1650400567214 1948229.0000 -0.1999
-7.7656 77.7659 -48.6270 0.0000 1650400567243 1948256.7500 -0.1999
-7.7270 77.5557 -48.2869 0.0000 1650400567272 1948285.7500 -0.1999
-7.6131 78.0242 -47.7916 0.0000 1650400567301 1948314.7500 -0.1999
-7.4025 78.1180 -47.4510 0.0000 1650400567330 1948343.7500 -0.1994
-7.8298 77.7535 -46.5260 0.0000 1650400567359 1948372.7500 -0.1994
-7.6571 77.8408 -45.8724 0.0000 1650400567389 1948401.7500 -0.1994
-7.3296 78.0749 -45.7320 0.0000 1650400567418 1948431.7500 -0.1994
-7.6288 77.8684 -45.1680 0.0000 1650400567446 1948462.5000 -0.1994
-7.6689 77.8925 -44.2449 0.0000 1650400567476 1948488.5000 -0.1994
-7.1455 77.9745 -44.0503 0.0000 1650400567504 1948517.5000 -0.1994
-7.5402 77.7502 -43.1260 0.0000 1650400567533 1948546.2500 -0.1994
-7.4662 77.9354 -42.5290 0.0000 1650400567562 1948575.2500 -0.1989
-7.1615 78.2561 -42.2799 0.0000 1650400567591 1948604.2500 -0.1989
-7.4041 77.7954 -41.3030 0.0000 1650400567620 1948633.2500 -0.1989
-7.2705 77.6110 -40.6567 0.0000 1650400567649 1948662.2500 -0.1989
-6.8747 78.1263 -40.1234 0.0000 1650400567678 1948693.7500 -0.1989
-7.4936 77.9832 -39.2219 0.0000 1650400567707 1948720.0000 -0.1989
-6.6756 77.9050 -39.0300 0.0000 1650400567736 1948749.2500 -0.1989
-7.2986 77.9465 -37.8820 0.0000 1650400567765 1948779.0000 -0.1989
-7.3069 77.9985 -37.2270 0.0000 1650400567795 1948807.2500 -0.1989
-6.7176 78.1705 -36.9461 0.0000 1650400567823 1948836.2500 -0.1989
-7.3204 77.9942 -35.8663 0.0000 1650400567852 1948865.0000 -0.1991
-7.1051 78.2180 -35.5624 0.0000 1650400567881 1948894.0000 -0.1994
-6.9540 77.9016 -34.5006 0.0000 1650400567910 1948923.0000 -0.1994
-7.1907 77.9545 -33.6157 0.0000 1650400567939 1948952.0000 -0.1994
-6.7958 78.3495 -33.2119 0.0000 1650400567968 1948980.7500 -0.1994
-6.8191 77.8088 -32.4850 0.0000 1650400567997 1949009.7500 -0.1994
-6.4704 77.9370 -32.1250 0.0000 1650400568026 1949038.7500 -0.1994
-6.7299 77.9000 -31.2794 0.0000 1650400568055 1949067.7500 -0.1994
-6.9356 77.8458 -30.6493 0.0000 1650400568083 1949096.7500 -0.1994
-6.5234 77.9535 -30.3290 0.0000 1650400568112 1949125.7500 -0.1994
-6.8953 77.7753 -29.3369 0.0000 1650400568142 1949154.7500 -0.1994
-6.6546 77.8381 -29.3847 0.0000 1650400568171 1949183.7500 -0.1994
-6.6401 77.8790 -29.5290 0.0000 1650400568200 1949213.5000 -0.1994
-6.7701 78.0157 -29.3276 0.0000 1650400568229 1949241.5000 -0.1994
-6.9131 78.1160 -29.3214 0.0000 1650400568258 1949270.7500 -0.1994
-6.8700 78.1167 -29.3978 0.0000 1650400568287 1949299.7500 -0.1989
-6.9944 78.4202 -29.5867 0.0000 1650400568316 1949328.7500 -0.1989
-6.7918 78.2952 -29.3859 0.0000 1650400568344 1949357.7500 -0.1989
-7.0505 78.3475 -29.5110 0.0000 1650400568374 1949386.7500 -0.1989
-6.8589 78.2193 -29.1395 0.0000 1650400568402 1949415.7500 -0.1984
-6.9195 78.1238 -29.0917 0.0000 1650400568432 1949446.0000 -0.1984
-6.8854 78.1810 -29.0769 0.0000 1650400568460 1949474.5000 -0.1984
-6.7990 78.0498 -29.1322 0.0000 1650400568489 1949502.7500 -0.1984
-6.7806 77.9661 -29.1058 0.0000 1650400568518 1949531.7500 -0.1984
-7.0412 78.3174 -29.2888 0.0000 1650400568548 1949560.2500 -0.1984
-6.7989 78.0103 -29.1793 0.0000 1650400568577 1949589.5000 -0.1989
-7.0897 78.2725 -29.2080 0.0000 1650400568606 1949618.5000 -0.1989
-6.8556 78.0690 -29.1563 0.0000 1650400568635 1949647.2500 -0.1989
-6.5402 78.0975 -28.8817 0.0000 1650400568663 1949676.2500 -0.1989
-6.8483 78.0383 -29.1571 0.0000 1650400568692 1949705.2500 -0.1989
-6.8916 78.2974 -29.2961 0.0000 1650400568721 1949734.2500 -0.1989
-6.8827 77.9208 -29.0076 0.0000 1650400568750 1949763.2500 -0.1989
-6.4279 78.2635 -29.4884 0.0000 1650400568779 1949792.2500 -0.1989
-6.6560 77.7533 -29.2301 0.0000 1650400568808 1949821.2500 -0.1989
-6.9080 78.0251 -28.9395 0.0000 1650400568837 1949850.2500 -0.1994
-6.6857 77.9541 -29.0415 0.0000 1650400568866 1949879.2500 -0.1994
-6.4213 78.2162 -29.3889 0.0000 1650400568895 1949908.2500 -0.1994
-6.6398 77.8058 -29.2041 0.0000 1650400568924 1949937.2500 -0.1994
-6.8893 77.9710 -29.1511 0.0000 1650400568954 1949967.5000 -0.1994
-6.7781 78.0053 -29.0583 0.0000 1650400568982 1949996.0000 -0.1994
-6.7893 77.9384 -29.1570 0.0000 1650400569011 1950024.0000 -0.1994
-6.8696 77.9210 -29.1205 0.0000 1650400569040 1950053.0000 -0.1994
-6.7838 77.9928 -29.1178 0.0000 1650400569069 1950081.7500 -0.1994
-6.5149 78.1953 -29.4069 0.0000 1650400569098 1950110.7500 -0.1994
-6.7634 77.8573 -28.9567 0.0000 1650400569127 1950139.7500 -0.1994
-6.8573 77.8335 -29.0104 0.0000 1650400569156 1950168.7500 -0.1994
-6.6599 77.6909 -29.1492 0.0000 1650400569185 1950197.7500 -0.1989
-6.4493 77.9673 -29.3700 0.0000 1650400569214 1950226.5000 -0.1989
-6.9693 77.9087 -29.0993 0.0000 1650400569242 1950257.0000 -0.1989
-6.5405 78.1319 -29.3030 0.0000 1650400569272 1950284.7500 -0.1989
-6.6516 78.1551 -29.3181 0.0000 1650400569300 1950315.0000 -0.1989
-6.5473 78.1199 -29.1867 0.0000 1650400569330 1950342.7500 -0.1989
-6.8156 77.8666 -28.9486 0.0000 1650400569359 1950371.7500 -0.1989
-6.7939 77.9434 -28.9137 0.0000 1650400569388 1950400.7500 -0.1989
-6.6427 78.0977 -29.1338 0.0000 1650400569417 1950429.7500 -0.1989
-6.7269 77.8611 -28.9498 0.0000 1650400569446 1950458.7500 -0.1989
-6.6136 77.8441 -29.3412 0.0000 1650400569475 1950487.7500 -0.1994
-6.7508 77.8192 -29.7731 0.0000 1650400569504 1950516.7500 -0.1994
-6.8910 78.0320 -30.5433 0.0000 1650400569533 1950545.7500 -0.1994
-6.1329 78.3062 -31.8781 0.0000 1650400569561 1950574.7500 -0.1994
-6.1812 78.6952 -31.7880 0.0000 1650400569590 1950603.7500 -0.1994
-6.7993 78.2048 -32.6217 0.0000 1650400569619 1950632.7500 -0.1994
-6.7856 79.4044 -33.4604 0.0000 1650400569648 1950661.7500 -0.1994
-6.7722 78.4637 -33.9337 0.0000 1650400569677 1950690.5000 -0.1994
-7.7705 79.0828 -34.0335 0.0000 1650400569706 1950719.5000 -0.1994
-6.7929 78.7614 -35.9092 0.0000 1650400569736 1950751.0000 -0.1994
-6.8129 78.2006 -36.4269 0.0000 1650400569765 1950776.7500 -0.1994
-7.9076 78.8889 -36.0698 0.0000 1650400569794 1950806.2500 -0.1994
-7.0581 78.0658 -37.4094 0.0000 1650400569822 1950835.2500 -0.1994
-8.0978 79.0876 -37.4532 0.0000 1650400569852 1950864.2500 -0.1994
-6.7838 78.3196 -39.2306 0.0000 1650400569880 1950893.2500 -0.1993
-7.0508 78.2598 -39.8904 0.0000 1650400569909 1950922.2500 -0.1989
-7.3193 78.1941 -40.3992 0.0000 1650400569938 1950951.2500 -0.1989
-6.9627 78.4598 -41.2468 0.0000 1650400569967 1950981.7500 -0.1989
-7.8072 78.6707 -41.4425 0.0000 1650400569996 1951011.7500 -0.1989
-7.0867 78.5630 -42.4898 0.0000 1650400570025 1951038.2500 -0.1984
-7.1511 78.4751 -42.9934 0.0000 1650400570054 1951068.7500 -0.1984
-7.6623 78.7137 -43.4020 0.0000 1650400570083 1951097.0000 -0.1984
-7.0908 78.4606 -44.3215 0.0000 1650400570113 1951125.0000 -0.1984
-7.0093 78.3692 -44.8557 0.0000 1650400570141 1951154.0000 -0.1984
-7.5859 78.5470 -45.1313 0.0000 1650400570170 1951183.0000 -0.1984
-6.9316 78.5413 -46.2490 0.0000 1650400570199 1951211.7500 -0.1984
-7.1000 78.1537 -46.5751 0.0000 1650400570228 1951240.7500 -0.1984
-8.3634 79.4012 -46.2254 0.0000 1650400570257 1951269.7500 -0.1984
-7.2023 78.6488 -47.7273 0.0000 1650400570286 1951298.7500 -0.1984
-7.4575 78.5270 -48.1445 0.0000 1650400570315 1951327.7500 -0.1984
-7.6403 78.7371 -48.2362 0.0000 1650400570344 1951356.7500 -0.1984
-7.6660 78.2343 -48.7508 0.0000 1650400570373 1951385.7500 -0.1989
-7.1033 78.4298 -49.6128 0.0000 1650400570401 1951414.7500 -0.1989
-7.0735 78.3697 -50.0268 0.0000 1650400570431 1951443.7500 -0.1989
-7.7658 78.6341 -49.9121 0.0000 1650400570459 1951472.7500 -0.1989
-7.8421 78.3199 -50.1696 0.0000 1650400570489 1951503.2500 -0.1991
-7.3700 78.5812 -50.8190 0.0000 1650400570518 1951529.7500 -0.1994
-7.1238 78.3723 -51.1226 0.0000 1650400570547 1951559.7500 -0.1993
-7.5022 78.4083 -51.2917 0.0000 1650400570576 1951588.7500 -0.1989
-7.4718 78.3588 -51.4043 0.0000 1650400570605 1951617.7500 -0.1989
-7.2949 78.1021 -51.9389 0.0000 1650400570634 1951646.7500 -0.1994
-8.3191 79.2754 -50.8864 0.0000 1650400570663 1951675.7500 -0.1994
-8.8212 78.9068 -50.7902 0.0000 1650400570692 1951704.7500 -0.1994
-8.8711 78.7915 -50.9805 0.0000 1650400570720 1951733.7500 -0.1994
-8.9703 78.8323 -51.1200 0.0000 1650400570749 1951765.2500 -0.1994
-8.8529 78.9839 -51.2156 0.0000 1650400570778 1951793.0000 -0.1994
-9.0039 78.8082 -51.0148 0.0000 1650400570807 1951820.5000 -0.1994
-8.7933 78.8839 -51.3241 0.0000 1650400570836 1951852.0000 -0.1994
-8.5973 79.0179 -51.4082 0.0000 1650400570866 1951878.2500 -0.1994
-9.0242 78.9215 -51.1179 0.0000 1650400570895 1951907.2500 -0.1994
-8.8412 78.7731 -51.1473 0.0000 1650400570924 1951936.2500 -0.1989
-8.8600 78.6208 -50.6674 0.0000 1650400570953 1951965.2500 -0.1989
-8.3630 78.1767 -51.0396 0.0000 1650400570981 1951994.2500 -0.1989
