-13.1770 75.6127 -35.6784 0.0000 1650405935537 1331253.0000 -0.1984
-13.1675 75.6211 -35.8761 0.0000 1650405935591 1331307.0000 -0.1984
-13.1109 75.8255 -35.8036 0.0000 1650405935645 1331361.0000 -0.1984
-13.1686 76.0340 -35.4850 0.0000 1650405935699 1331415.0000 -0.1979
-13.0318 76.2247 -35.8178 0.0000 1650405935753 1331468.0000 -0.1984
-13.2106 76.1587 -35.6567 0.0000 1650405935807 1331522.0000 -0.1984
-13.3676 76.0662 -35.5470 0.0000 1650405935861 1331576.0000 -0.1984
-13.2020 76.1572 -35.5339 0.0000 1650405935916 1331630.0000 -0.1989
-13.0860 76.2213 -35.8118 0.0000 1650405935968 1331684.0000 -0.1984
-13.0231 76.1371 -35.6632 0.0000 1650405936022 1331738.0000 -0.1984
-13.0662 76.0124 -35.5578 0.0000 1650405936076 1331792.0000 -0.1989
-13.1452 76.0829 -35.6056 0.0000 1650405936130 1331846.0000 -0.1989
-13.1093 75.9777 -35.7609 0.0000 1650405936184 1331900.0000 -0.1984
-13.0942 75.9248 -35.7585 0.0000 1650405936238 1331954.0000 -0.1984
-13.2965 75.8306 -35.6525 0.0000 1650405936292 1332008.0000 -0.1984
-13.1481 75.9815 -35.7459 0.0000 1650405936347 1332062.0000 -0.1984
-13.2365 75.8220 -35.8783 0.0000 1650405936401 1332116.0000 -0.1984
-13.2255 75.9475 -35.8928 0.0000 1650405936455 1332170.0000 -0.1989
-13.2194 75.9929 -35.8527 0.0000 1650405936509 1332224.0000 -0.1984
-13.3140 76.0435 -35.8225 0.0000 1650405936563 1332278.0000 -0.1984
-13.2695 76.0741 -35.6764 0.0000 1650405936615 1332332.0000 -0.1984
-13.1652 76.1386 -35.6697 0.0000 1650405936669 1332386.0000 -0.1984
-13.2365 76.2768 -35.6574 0.0000 1650405936724 1332440.0000 -0.1984
-13.1685 76.2567 -35.6001 0.0000 1650405936778 1332494.0000 -0.1979
-13.2431 76.1391 -35.5664 0.0000 1650405936832 1332548.0000 -0.1984
-13.2563 76.1198 -35.5393 0.0000 1650405936886 1332602.0000 -0.1984
-13.0751 76.1107 -35.6929 0.0000 1650405936940 1332656.0000 -0.1989
-13.0754 75.8374 -35.6244 0.0000 1650405936994 1332710.0000 -0.1989
-13.0779 75.9861 -35.4899 0.0000 1650405937049 1332764.0000 -0.1984
-13.2426 75.8424 -35.8053 0.0000 1650405937103 1332817.0000 -0.1984
-13.1708 75.7551 -35.7813 0.0000 1650405937157 1332871.0000 -0.1984
-13.2324 75.8493 -35.7438 0.0000 1650405937209 1332925.0000 -0.1984
-13.3238 75.8116 -35.8552 0.0000 1650405937263 1332979.0000 -0.1984
-13.2539 75.9128 -35.8654 0.0000 1650405937317 1333033.0000 -0.1979
-13.1237 75.8627 -35.7525 0.0000 1650405937371 1333087.0000 -0.1984
-13.2966 75.7192 -35.7193 0.0000 1650405937426 1333141.0000 -0.1984
-13.1033 75.8418 -35.8378 0.0000 1650405937480 1333195.0000 -0.1989
-13.1381 75.9704 -35.6363 0.0000 1650405937534 1333249.0000 -0.1989
-13.2167 75.8534 -35.7610 0.0000 1650405937588 1333303.0000 -0.1989
-13.1672 75.8193 -35.4951 0.0000 1650405937642 1333357.0000 -0.1989
-13.1561 75.8093 -35.5911 0.0000 1650405937696 1333411.0000 -0.1994
-13.2072 75.8636 -35.6349 0.0000 1650405937750 1333465.0000 -0.1989
-13.0680 75.9534 -35.5895 0.0000 1650405937804 1333519.0000 -0.1989
-13.0940 76.0877 -35.8137 0.0000 1650405937857 1333573.0000 -0.1984
-13.1128 75.9556 -35.5870 0.0000 1650405937911 1333627.0000 -0.1989
-13.1776 76.0308 -35.5878 0.0000 1650405937965 1333681.0000 -0.1989
-13.1692 75.7256 -35.5996 0.0000 1650405938019 1333735.0000 -0.1989
-13.2995 75.8758 -35.4709 0.0000 1650405938073 1333789.0000 -0.1994
-13.1788 76.0727 -35.7141 0.0000 1650405938127 1333843.0000 -0.1989
-12.6108 76.0338 -34.8553 0.0000 1650405938181 1333897.0000 -0.1989
-12.4334 76.5490 -33.9337 0.0000 1650405938235 1333951.0000 -0.1989
-12.5990 76.3425 -32.7776 0.0000 1650405938290 1334005.0000 -0.1989
-12.8007 76.3799 -31.5280 0.0000 1650405938344 1334059.0000 -0.1989
-13.1957 76.3989 -30.9701 0.0000 1650405938398 1334113.0000 -0.1984
-13.2573 76.3778 -30.5923 0.0000 1650405938450 1334166.0000 -0.1984
-12.8046 76.4036 -31.6915 0.0000 1650405938504 1334220.0000 -0.1984
-12.7911 75.8548 -33.0436 0.0000 1650405938558 1334274.0000 -0.1989
-12.8695 75.8436 -34.5826 0.0000 1650405938612 1334328.0000 -0.1989
-12.6834 75.9107 -36.0035 0.0000 1650405938667 1334382.0000 -0.1984
-12.6220 75.7116 -37.6173 0.0000 1650405938721 1334436.0000 -0.1989
-12.6579 75.7992 -38.9586 0.0000 1650405938775 1334490.0000 -0.1989
-12.7003 75.4671 -39.9938 0.0000 1650405938829 1334544.0000 -0.1989
-13.0432 75.3995 -40.8331 0.0000 1650405938883 1334598.0000 -0.1989
-13.0837 76.0557 -40.6364 0.0000 1650405938937 1334652.0000 -0.1989
-12.9210 75.9567 -40.1002 0.0000 1650405938992 1334706.0000 -0.1984
-12.7831 76.0035 -39.1850 0.0000 1650405939045 1334760.0000 -0.1984
-12.9215 76.3414 -37.9790 0.0000 1650405939098 1334814.0000 -0.1989
-12.8793 76.3331 -36.4633 0.0000 1650405939152 1334868.0000 -0.1989
-12.9468 76.3345 -34.6839 0.0000 1650405939206 1334922.0000 -0.1984
-12.8899 76.2965 -33.2884 0.0000 1650405939260 1334976.0000 -0.1989
-12.8524 76.2208 -31.9530 0.0000 1650405939314 1335030.0000 -0.1989
-12.9267 75.8868 -30.8077 0.0000 1650405939369 1335084.0000 -0.1984
-12.9828 75.9711 -30.3309 0.0000 1650405939423 1335138.0000 -0.1984
-12.9354 76.4464 -30.8761 0.0000 1650405939477 1335192.0000 -0.1984
-12.7697 76.2042 -32.0902 0.0000 1650405939531 1335246.0000 -0.1984
-12.6742 76.1595 -33.4535 0.0000 1650405939585 1335300.0000 -0.1984
-12.7992 76.1231 -34.9592 0.0000 1650405939639 1335354.0000 -0.1989
-12.6337 75.7163 -36.5453 0.0000 1650405939691 1335408.0000 -0.1989
-12.9706 75.5950 -38.1120 0.0000 1650405939745 1335462.0000 -0.1984
-12.8710 75.3794 -39.2207 0.0000 1650405939800 1335515.0000 -0.1984
-12.8098 75.4123 -40.3383 0.0000 1650405939854 1335569.0000 -0.1989
-12.8428 75.6954 -40.6472 0.0000 1650405939908 1335623.0000 -0.1979
-13.0590 76.3266 -40.6352 0.0000 1650405939962 1335677.0000 -0.1979
-12.7184 75.9514 -39.9374 0.0000 1650405940016 1335731.0000 -0.1984
-12.8459 76.1732 -38.8997 0.0000 1650405940070 1335785.0000 -0.1979
-12.9231 76.2671 -37.5302 0.0000 1650405940124 1335839.0000 -0.1984
-12.8059 76.2132 -35.7455 0.0000 1650405940178 1335893.0000 -0.1984
-12.9899 76.3718 -34.1512 0.0000 1650405940233 1335947.0000 -0.1984
-12.9513 76.0380 -32.6205 0.0000 1650405940285 1336001.0000 -0.1979
-13.1012 76.0909 -31.5372 0.0000 1650405940339 1336055.0000 -0.1984
-13.1466 75.9582 -30.6358 0.0000 1650405940393 1336109.0000 -0.1984
-13.2494 76.1713 -30.4968 0.0000 1650405940447 1336163.0000 -0.1984
-12.9230 76.5955 -31.4492 0.0000 1650405940501 1336217.0000 -0.1984
-12.8042 76.0238 -32.4329 0.0000 1650405940555 1336271.0000 -0.1984
-12.6927 76.0824 -34.0966 0.0000 1650405940610 1336325.0000 -0.1984
-12.5442 75.8062 -35.5333 0.0000 1650405940664 1336379.0000 -0.1984
-12.6279 75.8577 -36.9371 0.0000 1650405940718 1336433.0000 -0.1984
-12.6911 75.6671 -38.5038 0.0000 1650405940772 1336487.0000 -0.1984
-12.7700 75.4263 -39.7228 0.0000 1650405940826 1336541.0000 -0.1979
-12.7772 75.6695 -40.5619 0.0000 1650405940880 1336595.0000 -0.1984
-12.9871 75.8103 -40.5811 0.0000 1650405940933 1336649.0000 -0.1984
-13.1905 76.1054 -40.3426 0.0000 1650405940986 1336703.0000 -0.1974
-12.8241 75.9523 -39.4141 0.0000 1650405941041 1336757.0000 -0.1974
-12.7633 76.2336 -38.4109 0.0000 1650405941095 1336811.0000 -0.1974
-12.7232 76.2100 -36.8915 0.0000 1650405941149 1336864.0000 -0.1974
-12.8048 76.3149 -35.1489 0.0000 1650405941203 1336918.0000 -0.1974
-12.8444 76.1717 -33.5421 0.0000 1650405941257 1336972.0000 -0.1979
-13.0892 76.0585 -32.0759 0.0000 1650405941312 1337026.0000 -0.1979
-13.0244 75.8985 -31.1057 0.0000 1650405941366 1337080.0000 -0.1974
-13.1522 76.2170 -30.5536 0.0000 1650405941420 1337134.0000 -0.1979
-13.4483 76.2970 -30.3762 0.0000 1650405941474 1337188.0000 -0.1979
-12.9696 76.2815 -31.9308 0.0000 1650405941526 1337242.0000 -0.1979
-12.7753 76.0633 -33.0690 0.0000 1650405941580 1337296.0000 -0.1974
-12.6337 75.9379 -34.5087 0.0000 1650405941634 1337350.0000 -0.1974
-12.5810 75.8581 -36.0071 0.0000 1650405941688 1337404.0000 -0.1974
-12.4326 75.6750 -37.7101 0.0000 1650405941743 1337458.0000 -0.1979
-12.6690 75.5730 -39.1869 0.0000 1650405941797 1337512.0000 -0.1979
-12.7586 75.4466 -40.0539 0.0000 1650405941851 1337566.0000 -0.1974
-13.0070 75.4956 -40.5615 0.0000 1650405941905 1337620.0000 -0.1974
-12.9915 75.8350 -40.5621 0.0000 1650405941959 1337674.0000 -0.1979
-13.0998 76.0878 -40.3983 0.0000 1650405942013 1337728.0000 -0.1979
-12.7918 76.0572 -39.1115 0.0000 1650405942067 1337782.0000 -0.1969
-12.8446 76.2854 -37.8496 0.0000 1650405942121 1337836.0000 -0.1969
-12.8668 76.1558 -36.2449 0.0000 1650405942174 1337890.0000 -0.1969
-12.9201 76.2677 -34.5393 0.0000 1650405942228 1337944.0000 -0.1969
-12.8388 76.2197 -33.0395 0.0000 1650405942282 1337998.0000 -0.1974
-13.1360 76.2332 -31.6834 0.0000 1650405942336 1338052.0000 -0.1979
-13.1078 76.1188 -30.7604 0.0000 1650405942390 1338106.0000 -0.1974
-13.2910 76.4029 -30.3724 0.0000 1650405942444 1338160.0000 -0.1974
-13.0352 76.1326 -30.7131 0.0000 1650405942498 1338214.0000 -0.1974
-13.0051 76.2435 -32.2528 0.0000 1650405942552 1338267.0000 -0.1979
-12.5870 76.0594 -33.5916 0.0000 1650405942607 1338321.0000 -0.1969
-12.6836 76.0827 -35.1007 0.0000 1650405942661 1338375.0000 -0.1969
-12.5352 75.7106 -36.7538 0.0000 1650405942715 1338429.0000 -0.1969
-12.6399 75.4649 -38.1723 0.0000 1650405942767 1338483.0000 -0.1969
-12.6657 75.6736 -39.5353 0.0000 1650405942821 1338537.0000 -0.1974
-12.9767 75.3482 -40.3984 0.0000 1650405942875 1338591.0000 -0.1974
-12.8090 75.6677 -40.5561 0.0000 1650405942929 1338645.0000 -0.1974
-12.9575 76.0273 -40.4963 0.0000 1650405942984 1338699.0000 -0.1974
-12.8453 76.0920 -39.8925 0.0000 1650405943038 1338753.0000 -0.1979
-12.7223 76.1862 -38.6608 0.0000 1650405943092 1338807.0000 -0.1979
-12.7883 76.2378 -37.3445 0.0000 1650405943146 1338861.0000 -0.1979
-12.8050 76.2476 -35.6172 0.0000 1650405943200 1338915.0000 -0.1974
-12.8729 76.1454 -33.8542 0.0000 1650405943255 1338969.0000 -0.1974
-13.0454 76.2363 -32.4839 0.0000 1650405943309 1339023.0000 -0.1974
-13.0601 76.2233 -31.3721 0.0000 1650405943363 1339077.0000 -0.1974
-13.4492 75.9672 -30.5436 0.0000 1650405943415 1339131.0000 -0.1974
-13.2467 76.0066 -30.4562 0.0000 1650405943469 1339185.0000 -0.1974
-12.8131 76.2093 -31.5349 0.0000 1650405943523 1339239.0000 -0.1969
-12.8901 75.9625 -32.6078 0.0000 1650405943577 1339293.0000 -0.1974
-12.6830 76.0794 -34.1972 0.0000 1650405943631 1339347.0000 -0.1974
-12.5945 75.9730 -35.6414 0.0000 1650405943686 1339401.0000 -0.1969
-12.7070 75.7462 -37.2472 0.0000 1650405943740 1339455.0000 -0.1969
-12.9010 75.4962 -38.5651 0.0000 1650405943794 1339509.0000 -0.1969
-12.9788 75.6816 -39.7662 0.0000 1650405943848 1339563.0000 -0.1969
-13.0473 75.4626 -40.5851 0.0000 1650405943902 1339616.0000 -0.1969
-13.0184 75.6501 -40.4585 0.0000 1650405943956 1339670.0000 -0.1969
-12.9965 76.1229 -40.3341 0.0000 1650405944008 1339724.0000 -0.1969
-12.8803 76.0659 -39.4829 0.0000 1650405944062 1339778.0000 -0.1965
-12.7945 76.2728 -38.1328 0.0000 1650405944117 1339832.0000 -0.1969
-12.8687 76.2290 -36.7268 0.0000 1650405944171 1339886.0000 -0.1965
-13.0724 76.2278 -34.9334 0.0000 1650405944225 1339940.0000 -0.1960
-13.1186 76.0614 -33.3330 0.0000 1650405944279 1339994.0000 -0.1960
-12.8637 76.0748 -31.9864 0.0000 1650405944333 1340048.0000 -0.1965
-13.0361 76.1359 -30.9132 0.0000 1650405944387 1340102.0000 -0.1965
-13.0247 76.2001 -30.4535 0.0000 1650405944442 1340156.0000 -0.1969
-13.1439 76.0703 -30.5910 0.0000 1650405944496 1340210.0000 -0.1969
-12.8465 76.1071 -32.0598 0.0000 1650405944550 1340264.0000 -0.1965
-12.7835 75.9359 -33.2067 0.0000 1650405944604 1340318.0000 -0.1965
-12.5959 75.7915 -34.6590 0.0000 1650405944656 1340372.0000 -0.1965
-12.5704 75.8558 -36.2201 0.0000 1650405944710 1340426.0000 -0.1965
-12.6040 75.6278 -37.8765 0.0000 1650405944764 1340480.0000 -0.1965
-12.6349 75.5218 -39.1831 0.0000 1650405944819 1340534.0000 -0.1960
-12.9568 75.6197 -40.1049 0.0000 1650405944873 1340588.0000 -0.1960
-12.9848 75.4716 -40.4190 0.0000 1650405944927 1340642.0000 -0.1960
-13.0685 75.8878 -40.5407 0.0000 1650405944981 1340696.0000 -0.1965
-12.8968 76.2931 -40.2178 0.0000 1650405945035 1340750.0000 -0.1965
-12.9731 76.1728 -38.9236 0.0000 1650405945089 1340804.0000 -0.1960
-12.9358 76.1778 -37.5518 0.0000 1650405945143 1340858.0000 -0.1960
-12.9340 76.4090 -36.0504 0.0000 1650405945197 1340912.0000 -0.1965
-12.8816 76.1570 -34.3262 0.0000 1650405945250 1340965.0000 -0.1960
-12.9529 76.2661 -32.7918 0.0000 1650405945304 1341019.0000 -0.1960
-12.9187 76.1179 -31.6418 0.0000 1650405945358 1341073.0000 -0.1960
-13.1062 76.0705 -30.7948 0.0000 1650405945412 1341127.0000 -0.1960
-13.1182 75.9788 -30.4504 0.0000 1650405945466 1341181.0000 -0.1960
-12.8344 76.2357 -31.2238 0.0000 1650405945520 1341235.0000 -0.1960
-12.7034 76.0537 -32.4733 0.0000 1650405945574 1341289.0000 -0.1965
-12.7925 75.9212 -33.6942 0.0000 1650405945628 1341343.0000 -0.1960
-12.7747 75.9264 -35.0183 0.0000 1650405945683 1341397.0000 -0.1960
-12.5424 75.7976 -36.8455 0.0000 1650405945737 1341451.0000 -0.1965
-12.5416 75.7454 -38.3516 0.0000 1650405945791 1341505.0000 -0.1960
-12.7187 75.4672 -39.6809 0.0000 1650405945843 1341559.0000 -0.1955
-12.8290 75.5235 -40.5144 0.0000 1650405945897 1341613.0000 -0.1955
-12.8550 75.6614 -40.6268 0.0000 1650405945951 1341667.0000 -0.1955
-13.0271 76.2227 -40.3620 0.0000 1650405946005 1341721.0000 -0.1955
-12.9888 76.1678 -39.7722 0.0000 1650405946060 1341775.0000 -0.1960
-12.8195 76.1722 -38.4394 0.0000 1650405946114 1341829.0000 -0.1965
-12.9208 76.2776 -36.9213 0.0000 1650405946168 1341883.0000 -0.1960
-12.8968 76.2385 -35.2621 0.0000 1650405946222 1341937.0000 -0.1960
-12.9022 76.0361 -33.6822 0.0000 1650405946276 1341991.0000 -0.1960
-13.0835 76.0206 -32.3184 0.0000 1650405946330 1342045.0000 -0.1960
-13.1036 76.2627 -31.1677 0.0000 1650405946385 1342099.0000 -0.1955
-13.5281 76.2615 -30.6125 0.0000 1650405946438 1342153.0000 -0.1955
-13.3471 76.0749 -30.3925 0.0000 1650405946491 1342207.0000 -0.1955
-12.9594 76.2966 -31.6933 0.0000 1650405946545 1342261.0000 -0.1955
-12.4500 76.1565 -32.7619 0.0000 1650405946599 1342314.0000 -0.1965
-12.7616 75.8659 -34.1548 0.0000 1650405946653 1342368.0000 -0.1965
-12.5571 75.8371 -35.8419 0.0000 1650405946707 1342422.0000 -0.1960
-12.5430 75.5208 -37.6335 0.0000 1650405946762 1342476.0000 -0.1965
-12.8107 75.4053 -38.9253 0.0000 1650405946816 1342530.0000 -0.1960
-12.8854 75.4347 -39.9928 0.0000 1650405946870 1342584.0000 -0.1965
-12.7408 75.4064 -40.4736 0.0000 1650405946924 1342638.0000 -0.1965
-12.8261 75.8517 -40.5094 0.0000 1650405946978 1342692.0000 -0.1960
-12.9119 76.2391 -40.1879 0.0000 1650405947032 1342746.0000 -0.1960
-13.0163 76.1111 -39.2341 0.0000 1650405947084 1342800.0000 -0.1960
-13.0074 76.2780 -37.9268 0.0000 1650405947138 1342854.0000 -0.1965
-13.0033 76.3160 -36.3842 0.0000 1650405947193 1342908.0000 -0.1960
-12.9067 76.2620 -34.6519 0.0000 1650405947247 1342962.0000 -0.1955
-13.0623 76.1168 -33.1668 0.0000 1650405947301 1343016.0000 -0.1960
-13.1055 76.1679 -31.8505 0.0000 1650405947355 1343070.0000 -0.1965
-13.1958 75.8960 -30.8469 0.0000 1650405947409 1343124.0000 -0.1965
-13.2884 76.2237 -30.3969 0.0000 1650405947463 1343178.0000 -0.1960
-13.2811 76.3164 -30.9004 0.0000 1650405947517 1343232.0000 -0.1960
-12.8204 76.0708 -32.1187 0.0000 1650405947571 1343286.0000 -0.1960
-12.5778 76.0862 -33.2498 0.0000 1650405947626 1343340.0000 -0.1960
-12.5453 75.9076 -34.8326 0.0000 1650405947680 1343394.0000 -0.1965
-12.5554 75.7472 -36.4280 0.0000 1650405947732 1343448.0000 -0.1965
-12.7386 75.4799 -37.8501 0.0000 1650405947786 1343502.0000 -0.1960
-12.7642 75.2382 -39.4413 0.0000 1650405947840 1343556.0000 -0.1965
-12.8383 75.3419 -40.2212 0.0000 1650405947894 1343610.0000 -0.1965
-12.7722 75.7197 -40.4799 0.0000 1650405947948 1343663.0000 -0.1960
-12.9878 75.8415 -40.6727 0.0000 1650405948002 1343717.0000 -0.1960
-12.9073 76.2500 -40.0066 0.0000 1650405948057 1343771.0000 -0.1960
-12.9747 76.1613 -38.9127 0.0000 1650405948111 1343825.0000 -0.1960
-13.0573 76.3049 -37.4145 0.0000 1650405948165 1343879.0000 -0.1960
-12.9829 76.1720 -35.8632 0.0000 1650405948219 1343933.0000 -0.1965
-13.0718 76.0695 -34.0811 0.0000 1650405948273 1343987.0000 -0.1965
-12.9734 76.1706 -32.5961 0.0000 1650405948326 1344041.0000 -0.1960
-13.0690 76.0579 -31.4157 0.0000 1650405948380 1344095.0000 -0.1965
-13.3649 76.0013 -30.5820 0.0000 1650405948434 1344149.0000 -0.1965
-13.3588 76.1864 -30.5405 0.0000 1650405948488 1344203.0000 -0.1960
-12.7220 76.4079 -31.3236 0.0000 1650405948542 1344257.0000 -0.1960
-12.8189 75.8154 -32.4738 0.0000 1650405948596 1344311.0000 -0.1960
-12.7581 75.7821 -33.8530 0.0000 1650405948650 1344365.0000 -0.1960
-12.6026 75.8272 -35.3880 0.0000 1650405948705 1344419.0000 -0.1965
-12.4461 75.7131 -37.1051 0.0000 1650405948759 1344473.0000 -0.1965
-12.5403 75.7604 -38.5933 0.0000 1650405948813 1344527.0000 -0.1965
-12.5854 75.2144 -39.6615 0.0000 1650405948867 1344581.0000 -0.1960
-12.8289 75.5889 -40.4912 0.0000 1650405948921 1344635.0000 -0.1965
-12.6771 75.6129 -40.5473 0.0000 1650405948973 1344689.0000 -0.1969
-13.0262 76.1905 -40.2673 0.0000 1650405949027 1344743.0000 -0.1965
-13.0627 76.1891 -39.6340 0.0000 1650405949081 1344797.0000 -0.1965
-12.8462 76.2854 -38.3801 0.0000 1650405949136 1344851.0000 -0.1965
-13.0206 76.1770 -36.7765 0.0000 1650405949190 1344905.0000 -0.1969
-12.9773 76.2239 -35.1501 0.0000 1650405949244 1344959.0000 -0.1969
-13.0059 76.1922 -33.4776 0.0000 1650405949298 1345012.0000 -0.1974
-13.0289 76.0327 -32.1387 0.0000 1650405949352 1345066.0000 -0.1974
-13.1405 75.9496 -31.0449 0.0000 1650405949406 1345120.0000 -0.1969
-13.3027 76.2963 -30.5987 0.0000 1650405949460 1345174.0000 -0.1974
-13.3238 76.5440 -30.3998 0.0000 1650405949514 1345228.0000 -0.1974
-12.7896 76.1343 -31.9577 0.0000 1650405949567 1345282.0000 -0.1969
-12.5357 75.9721 -32.7746 0.0000 1650405949621 1345336.0000 -0.1969
-12.8051 76.0283 -34.1863 0.0000 1650405949675 1345390.0000 -0.1969
-12.5131 75.8988 -35.9819 0.0000 1650405949729 1345444.0000 -0.1969
-12.5441 75.6422 -37.6617 0.0000 1650405949783 1345498.0000 -0.1969
-12.5599 75.5529 -39.0317 0.0000 1650405949837 1345552.0000 -0.1969
-12.6787 75.3716 -39.9143 0.0000 1650405949891 1345606.0000 -0.1969
-12.9309 75.5926 -40.6439 0.0000 1650405949946 1345660.0000 -0.1965
-13.0506 75.7055 -40.5994 0.0000 1650405950000 1345714.0000 -0.1969
-13.0318 76.1305 -40.1398 0.0000 1650405950054 1345768.0000 -0.1969
-12.9073 76.1532 -39.2246 0.0000 1650405950108 1345822.0000 -0.1969
-12.9333 76.1001 -37.8705 0.0000 1650405950162 1345876.0000 -0.1965
-13.0344 76.2006 -36.1804 0.0000 1650405950214 1345930.0000 -0.1969
-12.9066 76.1359 -34.4472 0.0000 1650405950269 1345984.0000 -0.1969
-12.8709 76.0022 -32.9512 0.0000 1650405950323 1346038.0000 -0.1969
-13.1570 76.1127 -31.8204 0.0000 1650405950377 1346092.0000 -0.1969
-13.3116 75.9885 -30.7582 0.0000 1650405950431 1346146.0000 -0.1969
-13.2200 76.2391 -30.3231 0.0000 1650405950485 1346200.0000 -0.1965
-13.2547 76.4821 -31.1118 0.0000 1650405950539 1346254.0000 -0.1969
-12.7832 75.7823 -32.2074 0.0000 1650405950593 1346308.0000 -0.1969
-12.3288 76.3104 -33.3888 0.0000 1650405950648 1346362.0000 -0.1969
-12.7264 76.0592 -34.8682 0.0000 1650405950702 1346415.0000 -0.1965
-12.5628 75.5388 -36.6688 0.0000 1650405950756 1346469.0000 -0.1965
-12.5912 75.5948 -38.2443 0.0000 1650405950808 1346523.0000 -0.1965
-12.8102 75.4979 -39.3984 0.0000 1650405950862 1346577.0000 -0.1969
-12.9032 75.3539 -40.4071 0.0000 1650405950916 1346631.0000 -0.1969
-12.6905 75.7804 -40.5645 0.0000 1650405950970 1346685.0000 -0.1965
-13.1022 76.1934 -40.4346 0.0000 1650405951024 1346739.0000 -0.1965
-12.9749 76.2036 -39.8103 0.0000 1650405951079 1346793.0000 -0.1965
-12.8764 76.2094 -38.6954 0.0000 1650405951133 1346847.0000 -0.1965
-12.9140 76.1284 -37.1105 0.0000 1650405951187 1346901.0000 -0.1960
-12.9785 76.2213 -35.5528 0.0000 1650405951241 1346955.0000 -0.1960
-12.8248 76.2123 -33.7863 0.0000 1650405951295 1347009.0000 -0.1960
-13.1260 76.0004 -32.3160 0.0000 1650405951349 1347063.0000 -0.1960
-13.0620 76.0587 -31.2958 0.0000 1650405951401 1347117.0000 -0.1965
-13.9375 76.1584 -30.6002 0.0000 1650405951455 1347171.0000 -0.1969
-13.3204 76.6203 -30.5122 0.0000 1650405951510 1347225.0000 -0.1965
-12.7485 76.1750 -31.5359 0.0000 1650405951564 1347279.0000 -0.1965
-12.7524 76.1425 -32.5743 0.0000 1650405951618 1347333.0000 -0.1969
-12.6108 76.1548 -34.0118 0.0000 1650405951672 1347387.0000 -0.1965
-12.5362 75.9377 -35.7123 0.0000 1650405951726 1347441.0000 -0.1960
-12.6235 75.6690 -37.3090 0.0000 1650405951780 1347495.0000 -0.1960
-12.5337 75.7581 -38.6399 0.0000 1650405951834 1347549.0000 -0.1960
-12.7610 75.4187 -39.9235 0.0000 1650405951889 1347603.0000 -0.1960
-12.8300 75.4383 -40.6478 0.0000 1650405951943 1347657.0000 -0.1965
-12.9957 75.8065 -40.6658 0.0000 1650405951997 1347711.0000 -0.1969
-12.8838 76.2104 -40.2066 0.0000 1650405952049 1347764.0000 -0.1965
-13.0198 75.9683 -39.4297 0.0000 1650405952103 1347818.0000 -0.1965
-12.8970 76.2311 -38.2276 0.0000 1650405952157 1347872.0000 -0.1969
-12.9662 76.2248 -36.5754 0.0000 1650405952212 1347926.0000 -0.1965
-12.9211 76.1389 -34.8752 0.0000 1650405952265 1347980.0000 -0.1969
-12.9045 76.0535 -33.3687 0.0000 1650405952320 1348034.0000 -0.1965
-13.1645 75.9366 -32.0082 0.0000 1650405952374 1348088.0000 -0.1965
-13.1883 76.0811 -30.9138 0.0000 1650405952428 1348142.0000 -0.1965
-13.3767 76.2918 -30.4071 0.0000 1650405952482 1348196.0000 -0.1969
-13.0435 76.3382 -30.6039 0.0000 1650405952536 1348250.0000 -0.1969
-12.7014 76.0128 -31.8811 0.0000 1650405952591 1348304.0000 -0.1965
-12.5366 76.1277 -32.9991 0.0000 1650405952643 1348358.0000 -0.1969
-12.4638 76.1256 -34.6069 0.0000 1650405952697 1348412.0000 -0.1969
-12.6483 75.9431 -36.2241 0.0000 1650405952752 1348466.0000 -0.1965
-12.5596 75.5964 -37.9661 0.0000 1650405952805 1348520.0000 -0.1965
-12.6482 75.7738 -39.2203 0.0000 1650405952859 1348574.0000 -0.1965
-12.8319 75.4045 -40.1296 0.0000 1650405952913 1348628.0000 -0.1965
-12.6725 75.5707 -40.5959 0.0000 1650405952967 1348682.0000 -0.1965
-12.9867 75.8434 -40.5859 0.0000 1650405953022 1348736.0000 -0.1965
-12.9170 76.1337 -40.0496 0.0000 1650405953076 1348790.0000 -0.1969
-12.8962 76.1301 -38.9030 0.0000 1650405953130 1348844.0000 -0.1965
-12.8630 76.2813 -37.7135 0.0000 1650405953184 1348898.0000 -0.1965
-12.9971 76.2310 -35.9560 0.0000 1650405953238 1348952.0000 -0.1969
-12.8979 76.0595 -34.3871 0.0000 1650405953290 1349006.0000 -0.1965
-13.1585 76.1709 -32.6899 0.0000 1650405953344 1349060.0000 -0.1965
-13.2315 76.0318 -31.6636 0.0000 1650405953398 1349113.0000 -0.1965
-13.1600 76.1168 -30.5771 0.0000 1650405953453 1349167.0000 -0.1965
-13.5506 76.2455 -30.3746 0.0000 1650405953507 1349221.0000 -0.1965
-12.9056 76.1280 -31.2242 0.0000 1650405953561 1349275.0000 -0.1969
-12.6240 76.0966 -32.3967 0.0000 1650405953615 1349329.0000 -0.1969
-12.4960 76.2110 -33.7149 0.0000 1650405953669 1349383.0000 -0.1965
-12.5624 76.0217 -35.0520 0.0000 1650405953723 1349437.0000 -0.1965
-12.4980 75.5833 -36.9425 0.0000 1650405953777 1349491.0000 -0.1969
-12.6304 75.4245 -38.3602 0.0000 1650405953832 1349545.0000 -0.1969
-12.8311 75.7386 -39.5455 0.0000 1650405953884 1349599.0000 -0.1965
-12.8747 75.5486 -40.4071 0.0000 1650405953938 1349653.0000 -0.1965
-12.8100 75.6288 -40.4405 0.0000 1650405953992 1349707.0000 -0.1965
-12.9628 76.1019 -40.4103 0.0000 1650405954046 1349761.0000 -0.1969
-12.8059 76.0385 -39.6904 0.0000 1650405954100 1349815.0000 -0.1969
-12.7767 76.2571 -38.5055 0.0000 1650405954155 1349869.0000 -0.1974
-12.8653 76.0939 -37.0645 0.0000 1650405954209 1349923.0000 -0.1969
-12.8486 76.3065 -35.3456 0.0000 1650405954263 1349977.0000 -0.1969
-12.9505 76.1545 -33.7263 0.0000 1650405954317 1350031.0000 -0.1974
-12.9924 76.0796 -32.3491 0.0000 1650405954371 1350085.0000 -0.1969
-13.3308 76.1157 -31.2069 0.0000 1650405954425 1350139.0000 -0.1969
-13.8005 76.1421 -30.5230 0.0000 1650405954477 1350193.0000 -0.1969
-13.2181 76.2718 -30.4573 0.0000 1650405954532 1350247.0000 -0.1969
-12.7822 76.1888 -31.6674 0.0000 1650405954586 1350301.0000 -0.1969
-12.5909 76.2441 -32.6949 0.0000 1650405954640 1350355.0000 -0.1974
-12.7139 76.0213 -34.2055 0.0000 1650405954694 1350409.0000 -0.1974
-12.4302 75.7686 -35.8258 0.0000 1650405954748 1350462.0000 -0.1969
-12.5255 75.6313 -37.4700 0.0000 1650405954802 1350516.0000 -0.1974
-12.8658 75.5940 -38.8389 0.0000 1650405954856 1350570.0000 -0.1974
-12.7699 75.6489 -39.8796 0.0000 1650405954910 1350624.0000 -0.1974
-12.9953 75.5150 -40.5625 0.0000 1650405954965 1350678.0000 -0.1974
-12.9339 75.8432 -40.6859 0.0000 1650405955019 1350732.0000 -0.1974
-12.8608 76.1053 -40.0791 0.0000 1650405955073 1350786.0000 -0.1974
-12.7702 76.1795 -39.2072 0.0000 1650405955125 1350840.0000 -0.1974
-12.8450 76.3681 -38.0790 0.0000 1650405955179 1350894.0000 -0.1979
-12.7349 76.1528 -36.4902 0.0000 1650405955233 1350948.0000 -0.1979
-13.0194 76.2206 -34.7293 0.0000 1650405955287 1351002.0000 -0.1974
-12.8727 76.1508 -33.0823 0.0000 1650405955341 1351056.0000 -0.1979
-13.1889 76.0632 -31.7406 0.0000 1650405955396 1351110.0000 -0.1979
-12.9623 75.9351 -30.7053 0.0000 1650405955450 1351164.0000 -0.1979
-13.6892 76.3462 -30.2984 0.0000 1650405955504 1351218.0000 -0.1979
-13.1502 76.1631 -30.7409 0.0000 1650405955558 1351272.0000 -0.1974
-12.7102 76.3259 -32.0790 0.0000 1650405955612 1351326.0000 -0.1974
-12.6913 76.1574 -33.1786 0.0000 1650405955666 1351380.0000 -0.1974
-12.5761 76.0688 -34.8351 0.0000 1650405955720 1351434.0000 -0.1979
-12.5725 75.8801 -36.4634 0.0000 1650405955773 1351488.0000 -0.1979
-12.5597 75.9067 -38.0795 0.0000 1650405955827 1351542.0000 -0.1979
-12.7232 75.5245 -39.3200 0.0000 1650405955881 1351596.0000 -0.1979
-12.8267 75.7154 -40.2114 0.0000 1650405955935 1351650.0000 -0.1979
-12.6923 75.5181 -40.6590 0.0000 1650405955989 1351704.0000 -0.1974
-12.9857 76.1548 -40.4795 0.0000 1650405956043 1351758.0000 -0.1974
-12.7483 76.2602 -39.9457 0.0000 1650405956098 1351811.0000 -0.1974
-12.8130 76.1989 -38.7992 0.0000 1650405956151 1351865.0000 -0.1974
-12.7877 76.2085 -37.4168 0.0000 1650405956206 1351919.0000 -0.1974
-12.8836 76.1499 -35.7962 0.0000 1650405956260 1351973.0000 -0.1979
-12.9087 76.1246 -34.1435 0.0000 1650405956314 1352027.0000 -0.1979
-13.1152 76.0578 -32.6582 0.0000 1650405956366 1352081.0000 -0.1974
-12.9248 76.1338 -31.5077 0.0000 1650405956420 1352135.0000 -0.1979
-13.2397 75.9575 -30.6356 0.0000 1650405956474 1352189.0000 -0.1979
-13.3309 75.9678 -30.3997 0.0000 1650405956529 1352243.0000 -0.1979
-12.8055 76.3970 -31.2170 0.0000 1650405956583 1352297.0000 -0.1974
-12.8659 76.2007 -32.4242 0.0000 1650405956637 1352351.0000 -0.1974
-12.5116 76.1107 -33.8031 0.0000 1650405956691 1352405.0000 -0.1974
-12.6372 75.9811 -35.3172 0.0000 1650405956745 1352459.0000 -0.1974
-12.5311 75.6587 -37.1645 0.0000 1650405956799 1352513.0000 -0.1979
-12.6729 75.5660 -38.6386 0.0000 1650405956853 1352567.0000 -0.1979
-12.7852 75.4830 -39.6206 0.0000 1650405956908 1352621.0000 -0.1974
-12.7311 75.3943 -40.4435 0.0000 1650405956960 1352675.0000 -0.1979
-12.8005 75.7423 -40.5910 0.0000 1650405957014 1352729.0000 -0.1979
-13.0115 76.1467 -40.3774 0.0000 1650405957068 1352783.0000 -0.1974
-12.7786 75.9468 -39.5734 0.0000 1650405957122 1352837.0000 -0.1974
-12.8646 76.2658 -38.3125 0.0000 1650405957176 1352891.0000 -0.1974
-12.8431 76.1548 -36.9782 0.0000 1650405957230 1352945.0000 -0.1974
-12.9083 76.2817 -35.1536 0.0000 1650405957284 1352999.0000 -0.1974
-13.0472 76.1802 -33.4398 0.0000 1650405957339 1353053.0000 -0.1979
-13.0327 76.0367 -32.0724 0.0000 1650405957393 1353107.0000 -0.1979
-12.9256 76.0722 -30.9487 0.0000 1650405957447 1353160.0000 -0.1974
-13.9156 76.3559 -30.5551 0.0000 1650405957501 1353214.0000 -0.1979
-13.3195 76.3732 -30.4671 0.0000 1650405957555 1353268.0000 -0.1979
-12.7658 76.0813 -31.8804 0.0000 1650405957607 1353322.0000 -0.1979
-12.6778 76.1808 -32.9098 0.0000 1650405957661 1353376.0000 -0.1974
-12.6048 76.0538 -34.5031 0.0000 1650405957716 1353430.0000 -0.1969
-12.5565 75.8175 -36.2813 0.0000 1650405957770 1353484.0000 -0.1969
-12.5511 75.6463 -37.6443 0.0000 1650405957824 1353538.0000 -0.1974
-12.8644 75.4049 -39.0770 0.0000 1650405957878 1353592.0000 -0.1974
-12.8101 75.5544 -40.0846 0.0000 1650405957932 1353646.0000 -0.1974
-12.8583 75.6427 -40.6442 0.0000 1650405957986 1353700.0000 -0.1974
-12.8245 75.8527 -40.4449 0.0000 1650405958041 1353754.0000 -0.1974
-12.8919 76.1666 -40.2764 0.0000 1650405958094 1353808.0000 -0.1974
-12.8891 76.1278 -39.1374 0.0000 1650405958149 1353862.0000 -0.1974
-12.8732 76.1875 -37.8997 0.0000 1650405958201 1353916.0000 -0.1969
-12.8024 76.1656 -36.2777 0.0000 1650405958255 1353970.0000 -0.1969
-13.0333 76.2713 -34.4962 0.0000 1650405958309 1354024.0000 -0.1969
-12.8547 76.1843 -32.9719 0.0000 1650405958363 1354078.0000 -0.1969
-13.0593 75.9768 -31.7844 0.0000 1650405958417 1354132.0000 -0.1974
-13.1777 76.0708 -30.6661 0.0000 1650405958472 1354186.0000 -0.1974
-13.1308 75.9515 -30.2755 0.0000 1650405958526 1354240.0000 -0.1969
-13.1976 76.4526 -30.6194 0.0000 1650405958580 1354294.0000 -0.1974
-12.5703 76.2369 -32.3035 0.0000 1650405958634 1354348.0000 -0.1974
-12.5554 76.0130 -33.4952 0.0000 1650405958688 1354402.0000 -0.1969
-12.5839 75.8465 -35.1018 0.0000 1650405958742 1354456.0000 -0.1969
-12.7416 76.0240 -36.7592 0.0000 1650405958796 1354510.0000 -0.1969
-12.6904 75.6007 -38.1971 0.0000 1650405958849 1354563.0000 -0.1969
-12.8591 75.3905 -39.5823 0.0000 1650405958903 1354617.0000 -0.1974
-12.8394 75.3636 -40.3017 0.0000 1650405958957 1354671.0000 -0.1974
-12.7670 75.5750 -40.5411 0.0000 1650405959011 1354725.0000 -0.1974
-12.9447 76.1386 -40.5101 0.0000 1650405959065 1354779.0000 -0.1969
-12.7590 76.2268 -39.8201 0.0000 1650405959119 1354833.0000 -0.1974
-12.7553 76.2309 -38.7545 0.0000 1650405959173 1354887.0000 -0.1979
-12.9246 76.0886 -37.2741 0.0000 1650405959227 1354941.0000 -0.1979
-12.8973 76.2990 -35.6676 0.0000 1650405959282 1354995.0000 -0.1974
-12.8283 76.1201 -33.9235 0.0000 1650405959336 1355049.0000 -0.1974
-13.0856 76.1694 -32.5466 0.0000 1650405959390 1355103.0000 -0.1974
-13.0332 76.1232 -31.3137 0.0000 1650405959442 1355157.0000 -0.1974
-13.3554 75.9008 -30.5712 0.0000 1650405959496 1355211.0000 -0.1974
-13.3749 76.3243 -30.4522 0.0000 1650405959550 1355265.0000 -0.1974
-13.0839 76.3294 -31.5905 0.0000 1650405959604 1355319.0000 -0.1974
-12.7261 76.1196 -32.5921 0.0000 1650405959659 1355373.0000 -0.1974
-12.9153 75.9349 -34.0506 0.0000 1650405959713 1355427.0000 -0.1974
-12.6749 75.8859 -35.6131 0.0000 1650405959767 1355481.0000 -0.1969
-12.7235 75.7333 -37.2259 0.0000 1650405959821 1355535.0000 -0.1969
-12.7285 75.5467 -38.7133 0.0000 1650405959875 1355589.0000 -0.1969
-12.6219 75.3135 -39.7372 0.0000 1650405959929 1355643.0000 -0.1969
-12.7958 75.5619 -40.5536 0.0000 1650405959984 1355697.0000 -0.1974
-13.0353 75.7020 -40.5833 0.0000 1650405960036 1355751.0000 -0.1974
-12.9979 76.2305 -40.1988 0.0000 1650405960090 1355805.0000 -0.1974
-12.7672 76.0470 -39.4610 0.0000 1650405960144 1355859.0000 -0.1974
-12.8178 76.1886 -38.2391 0.0000 1650405960198 1355912.0000 -0.1974
-12.8808 76.2700 -36.7546 0.0000 1650405960252 1355966.0000 -0.1974
-12.9107 76.2151 -34.9103 0.0000 1650405960306 1356020.0000 -0.1969
-13.0712 76.1048 -33.3083 0.0000 1650405960361 1356074.0000 -0.1969
-13.0276 76.3114 -31.9614 0.0000 1650405960415 1356128.0000 -0.1969
-13.1539 76.0519 -30.9336 0.0000 1650405960469 1356182.0000 -0.1969
-13.3465 75.9943 -30.2851 0.0000 1650405960523 1356236.0000 -0.1974
-13.3256 76.7247 -30.4470 0.0000 1650405960577 1356290.0000 -0.1974
-12.9960 76.0768 -31.9807 0.0000 1650405960631 1356344.0000 -0.1974
-12.8174 76.2243 -32.9632 0.0000 1650405960683 1356398.0000 -0.1974
-12.6458 76.0404 -34.6004 0.0000 1650405960737 1356452.0000 -0.1979
-12.5203 75.8965 -36.1232 0.0000 1650405960792 1356506.0000 -0.1979
-12.5731 75.5561 -37.8222 0.0000 1650405960846 1356560.0000 -0.1979
-12.7417 75.4615 -39.0604 0.0000 1650405960900 1356614.0000 -0.1974
-12.7888 75.3569 -39.9894 0.0000 1650405960954 1356668.0000 -0.1974
-12.9370 75.6404 -40.6140 0.0000 1650405961008 1356722.0000 -0.1974
-12.9296 75.8456 -40.4805 0.0000 1650405961062 1356776.0000 -0.1979
-12.8505 76.1928 -40.1437 0.0000 1650405961116 1356830.0000 -0.1979
-12.6032 76.1504 -39.0582 0.0000 1650405961170 1356884.0000 -0.1979
-12.7415 76.1215 -37.7901 0.0000 1650405961225 1356938.0000 -0.1979
-12.8502 76.1339 -36.1170 0.0000 1650405961277 1356992.0000 -0.1984
-12.9224 76.1861 -34.3799 0.0000 1650405961331 1357046.0000 -0.1984
-12.9554 76.0309 -32.7610 0.0000 1650405961385 1357100.0000 -0.1979
-13.1717 76.0854 -31.5327 0.0000 1650405961439 1357154.0000 -0.1979
-13.3655 75.8629 -30.6401 0.0000 1650405961493 1357208.0000 -0.1979
-13.2188 75.9374 -30.4268 0.0000 1650405961547 1357261.0000 -0.1979
-13.1513 76.3751 -31.0784 0.0000 1650405961602 1357315.0000 -0.1984
-12.9047 76.1256 -32.4096 0.0000 1650405961656 1357369.0000 -0.1984
-12.6514 76.0642 -33.8054 0.0000 1650405961710 1357423.0000 -0.1984
-12.6127 76.0146 -35.2833 0.0000 1650405961764 1357477.0000 -0.1984
-12.6273 75.8531 -36.8424 0.0000 1650405961818 1357531.0000 -0.1989
-12.5825 75.6206 -38.3507 0.0000 1650405961872 1357585.0000 -0.1984
-12.8040 75.3235 -39.5453 0.0000 1650405961925 1357639.0000 -0.1984
-12.7699 75.4397 -40.3219 0.0000 1650405961979 1357693.0000 -0.1979
-12.6759 75.5884 -40.4219 0.0000 1650405962033 1357747.0000 -0.1979
-12.9419 76.2254 -40.4170 0.0000 1650405962087 1357801.0000 -0.1984
-12.8025 76.1160 -39.6374 0.0000 1650405962141 1357855.0000 -0.1984
-12.7679 76.3884 -38.5725 0.0000 1650405962195 1357909.0000 -0.1989
-12.8659 76.2310 -37.0698 0.0000 1650405962249 1357963.0000 -0.1984
-12.7898 76.2174 -35.4715 0.0000 1650405962304 1358017.0000 -0.1984
-12.9039 76.0711 -33.6810 0.0000 1650405962358 1358071.0000 -0.1984
-13.0972 76.0119 -32.2658 0.0000 1650405962412 1358125.0000 -0.1984
-13.0965 76.0437 -31.2504 0.0000 1650405962466 1358179.0000 -0.1984
-13.3720 75.8836 -30.6004 0.0000 1650405962518 1358233.0000 -0.1984
-13.2884 76.4305 -30.5163 0.0000 1650405962572 1358287.0000 -0.1979
-12.8528 76.2924 -31.4629 0.0000 1650405962626 1358341.0000 -0.1979
-12.7138 76.2859 -32.7763 0.0000 1650405962680 1358395.0000 -0.1984
-12.6263 76.0024 -34.2981 0.0000 1650405962735 1358449.0000 -0.1984
-12.7621 75.9419 -35.7487 0.0000 1650405962789 1358503.0000 -0.1979
-12.7620 75.7011 -37.4881 0.0000 1650405962843 1358557.0000 -0.1984
-12.7275 75.6764 -38.8717 0.0000 1650405962897 1358610.0000 -0.1984
-12.7928 75.3675 -39.9582 0.0000 1650405962951 1358664.0000 -0.1984
-12.9472 75.3915 -40.7461 0.0000 1650405963005 1358718.0000 -0.1984
-12.9454 75.6961 -40.5417 0.0000 1650405963059 1358772.0000 -0.1979
-13.0279 76.2643 -40.3282 0.0000 1650405963113 1358826.0000 -0.1979
-12.9437 76.1633 -39.2024 0.0000 1650405963166 1358880.0000 -0.1984
-12.9898 76.1335 -38.0909 0.0000 1650405963220 1358934.0000 -0.1984
-12.9734 76.1486 -36.5577 0.0000 1650405963274 1358988.0000 -0.1984
-12.9251 76.1957 -34.7331 0.0000 1650405963328 1359042.0000 -0.1984
-13.0069 76.0849 -33.2069 0.0000 1650405963382 1359096.0000 -0.1989
-13.0712 75.9684 -31.8963 0.0000 1650405963436 1359150.0000 -0.1989
-13.1252 75.9300 -30.8573 0.0000 1650405963490 1359204.0000 -0.1984
-13.2311 75.9999 -30.4717 0.0000 1650405963545 1359258.0000 -0.1989
-13.2447 76.3569 -30.8100 0.0000 1650405963599 1359312.0000 -0.1984
-12.8397 76.3400 -32.1636 0.0000 1650405963653 1359366.0000 -0.1984
-12.7285 76.2035 -33.4199 0.0000 1650405963707 1359420.0000 -0.1984
-12.6621 76.0643 -34.7748 0.0000 1650405963759 1359474.0000 -0.1989
-12.5863 75.7546 -36.3585 0.0000 1650405963813 1359528.0000 -0.1989
-12.6145 75.3795 -38.0426 0.0000 1650405963868 1359582.0000 -0.1979
-12.7506 75.6693 -39.3001 0.0000 1650405963921 1359636.0000 -0.1984
-12.8685 75.5680 -40.1495 0.0000 1650405963976 1359690.0000 -0.1984
-12.7639 75.6837 -40.7266 0.0000 1650405964030 1359744.0000 -0.1984
-13.0115 75.9466 -40.4654 0.0000 1650405964084 1359798.0000 -0.1984
-12.7846 76.0843 -40.0068 0.0000 1650405964138 1359852.0000 -0.1979
-12.8104 76.1777 -38.9406 0.0000 1650405964192 1359906.0000 -0.1979
-12.8119 76.1287 -37.5102 0.0000 1650405964247 1359959.0000 -0.1979
-12.8716 76.2952 -35.8417 0.0000 1650405964301 1360013.0000 -0.1984
-12.7783 76.2288 -34.1921 0.0000 1650405964353 1360067.0000 -0.1984
-12.9404 76.0807 -32.5739 0.0000 1650405964407 1360121.0000 -0.1979
-12.7985 75.9549 -31.4588 0.0000 1650405964461 1360175.0000 -0.1984
-13.3237 75.9141 -30.5592 0.0000 1650405964515 1360229.0000 -0.1984
-13.1371 76.2905 -30.4127 0.0000 1650405964569 1360283.0000 -0.1979
-13.0013 76.1870 -31.4650 0.0000 1650405964623 1360337.0000 -0.1979
-12.8496 76.1717 -32.2801 0.0000 1650405964678 1360391.0000 -0.1979
-12.4760 76.2612 -33.9621 0.0000 1650405964732 1360445.0000 -0.1979
-12.5394 75.9734 -35.4370 0.0000 1650405964786 1360499.0000 -0.1984
-12.6270 75.7794 -37.1967 0.0000 1650405964840 1360553.0000 -0.1984
-12.6597 75.6235 -38.4876 0.0000 1650405964894 1360607.0000 -0.1984
-12.7379 75.5542 -39.7272 0.0000 1650405964948 1360661.0000 -0.1979
-12.8275 75.7420 -40.3516 0.0000 1650405965000 1360715.0000 -0.1984
-12.9547 75.8830 -40.4958 0.0000 1650405965054 1360769.0000 -0.1984
-12.9436 76.0813 -40.2904 0.0000 1650405965109 1360823.0000 -0.1984
-12.9439 76.0591 -39.6274 0.0000 1650405965163 1360877.0000 -0.1984
-12.8338 76.1108 -38.3841 0.0000 1650405965217 1360931.0000 -0.1979
-12.7997 76.1935 -36.8338 0.0000 1650405965271 1360985.0000 -0.1979
-12.9034 75.9979 -35.2486 0.0000 1650405965325 1361039.0000 -0.1979
-12.9907 76.0725 -33.4878 0.0000 1650405965379 1361093.0000 -0.1979
-13.0531 75.9184 -32.0531 0.0000 1650405965433 1361147.0000 -0.1979
-13.2014 75.9746 -30.9847 0.0000 1650405965488 1361201.0000 -0.1974
-13.9693 76.0645 -30.4315 0.0000 1650405965542 1361255.0000 -0.1979
-13.3656 76.3216 -30.4564 0.0000 1650405965594 1361308.0000 -0.1974
-12.9803 76.1063 -31.7137 0.0000 1650405965648 1361362.0000 -0.1974
-12.7046 76.2125 -32.9064 0.0000 1650405965702 1361416.0000 -0.1974
-12.5354 76.0791 -34.5288 0.0000 1650405965756 1361470.0000 -0.1974
-12.6054 76.0337 -36.0228 0.0000 1650405965811 1361524.0000 -0.1974
-12.6313 75.6570 -37.5593 0.0000 1650405965864 1361578.0000 -0.1974
-12.7336 75.5969 -38.9516 0.0000 1650405965919 1361632.0000 -0.1979
-12.9098 75.6020 -39.9409 0.0000 1650405965973 1361686.0000 -0.1974
