-13.4769 76.2476 -35.8504 0.0000 1650405535367 931110.0000 -0.1965
-13.5757 76.2026 -35.7584 0.0000 1650405535421 931164.0000 -0.1965
-13.5026 76.1824 -35.7624 0.0000 1650405535475 931218.0000 -0.1965
-13.2204 76.1244 -35.7653 0.0000 1650405535529 931272.0000 -0.1969
-13.5082 75.9602 -35.7025 0.0000 1650405535582 931326.0000 -0.1969
-13.5479 76.0629 -35.7758 0.0000 1650405535636 931380.0000 -0.1965
-13.4330 76.0415 -35.9512 0.0000 1650405535690 931434.0000 -0.1969
-13.4305 75.9975 -35.7227 0.0000 1650405535744 931488.0000 -0.1969
-13.4573 75.9144 -35.8564 0.0000 1650405535798 931542.0000 -0.1965
-13.5734 75.9359 -35.7614 0.0000 1650405535852 931596.0000 -0.1965
-13.3325 75.9882 -35.7822 0.0000 1650405535906 931650.0000 -0.1965
-13.5084 75.9363 -35.8230 0.0000 1650405535960 931704.0000 -0.1969
-13.4086 75.7272 -35.8372 0.0000 1650405536015 931758.0000 -0.1969
-13.4746 75.8796 -35.8909 0.0000 1650405536069 931811.0000 -0.1974
-13.5303 75.9775 -35.8370 0.0000 1650405536123 931865.0000 -0.1969
-13.4714 75.7820 -35.9306 0.0000 1650405536175 931919.0000 -0.1965
-13.3873 75.8030 -35.9185 0.0000 1650405536229 931973.0000 -0.1969
-13.5345 75.8950 -35.8954 0.0000 1650405536283 932027.0000 -0.1974
-13.4875 75.9004 -35.9944 0.0000 1650405536337 932081.0000 -0.1969
-13.4064 75.8610 -35.8004 0.0000 1650405536392 932135.0000 -0.1969
-13.5822 75.8890 -35.9894 0.0000 1650405536446 932189.0000 -0.1969
-13.4153 75.9577 -35.9481 0.0000 1650405536500 932243.0000 -0.1969
-13.5287 75.8169 -35.8822 0.0000 1650405536554 932297.0000 -0.1969
-13.4469 75.8382 -35.7350 0.0000 1650405536608 932351.0000 -0.1974
-13.6818 75.8481 -35.8692 0.0000 1650405536662 932405.0000 -0.1974
-13.4322 76.0157 -35.8843 0.0000 1650405536717 932459.0000 -0.1969
-13.3230 75.8907 -35.8748 0.0000 1650405536770 932513.0000 -0.1974
-13.6181 76.1118 -35.8693 0.0000 1650405536823 932567.0000 -0.1974
-13.4526 76.1103 -35.9782 0.0000 1650405536877 932621.0000 -0.1969
-13.6304 76.0282 -35.8622 0.0000 1650405536931 932675.0000 -0.1969
-13.5675 76.0268 -35.7977 0.0000 1650405536985 932729.0000 -0.1969
-13.5575 75.8734 -35.7717 0.0000 1650405537039 932783.0000 -0.1969
-13.4974 76.1960 -35.7267 0.0000 1650405537093 932837.0000 -0.1969
-13.4307 76.1308 -35.9495 0.0000 1650405537148 932891.0000 -0.1974
-13.5079 76.1572 -35.8271 0.0000 1650405537202 932945.0000 -0.1974
-13.5581 76.0318 -35.8285 0.0000 1650405537256 932999.0000 -0.1969
-13.6970 76.1283 -35.8458 0.0000 1650405537310 933053.0000 -0.1969
-13.5826 76.0181 -35.8530 0.0000 1650405537364 933107.0000 -0.1969
-13.3544 76.2338 -35.8370 0.0000 1650405537416 933160.0000 -0.1965
-13.5770 76.1384 -35.8232 0.0000 1650405537470 933214.0000 -0.1965
-13.5068 76.0198 -35.9716 0.0000 1650405537525 933268.0000 -0.1969
-13.3922 76.0604 -35.7249 0.0000 1650405537579 933322.0000 -0.1969
-13.6321 76.1212 -35.8797 0.0000 1650405537633 933376.0000 -0.1969
-13.5126 76.2084 -35.6046 0.0000 1650405537687 933430.0000 -0.1969
-13.2230 76.2351 -34.7546 0.0000 1650405537741 933484.0000 -0.1969
-12.6143 76.7507 -33.6296 0.0000 1650405537795 933538.0000 -0.1965
-12.7071 76.6380 -32.1169 0.0000 1650405537849 933592.0000 -0.1969
-12.7317 76.7254 -30.7194 0.0000 1650405537903 933646.0000 -0.1969
-13.0389 76.5747 -29.4672 0.0000 1650405537958 933700.0000 -0.1965
-13.1430 76.6585 -28.2354 0.0000 1650405538010 933754.0000 -0.1965
-13.4271 76.1547 -28.0664 0.0000 1650405538064 933808.0000 -0.1965
-13.0833 76.5600 -28.1632 0.0000 1650405538118 933862.0000 -0.1965
-13.2766 76.5419 -28.0398 0.0000 1650405538172 933916.0000 -0.1965
-13.2631 76.5388 -27.9283 0.0000 1650405538226 933970.0000 -0.1969
-13.4956 76.4388 -27.8355 0.0000 1650405538280 934024.0000 -0.1965
-13.3858 76.4932 -27.7519 0.0000 1650405538334 934078.0000 -0.1960
-13.3709 76.7134 -27.9315 0.0000 1650405538389 934132.0000 -0.1969
-13.4565 76.4198 -28.1142 0.0000 1650405538443 934186.0000 -0.1969
-13.3388 76.6207 -27.9494 0.0000 1650405538497 934240.0000 -0.1965
-13.6573 76.4285 -27.9551 0.0000 1650405538551 934294.0000 -0.1965
-13.2782 76.4910 -27.9871 0.0000 1650405538605 934348.0000 -0.1965
-13.4468 76.8516 -27.9574 0.0000 1650405538658 934402.0000 -0.1965
-13.4412 76.6160 -28.2676 0.0000 1650405538711 934456.0000 -0.1965
-13.5932 76.7464 -27.9808 0.0000 1650405538766 934509.0000 -0.1969
-13.5717 76.7797 -28.0737 0.0000 1650405538820 934563.0000 -0.1969
-13.3414 76.5897 -27.9632 0.0000 1650405538874 934617.0000 -0.1965
-13.2921 76.5771 -28.0255 0.0000 1650405538928 934671.0000 -0.1969
-13.3974 76.7713 -28.1460 0.0000 1650405538982 934725.0000 -0.1969
-13.2655 76.8488 -28.0476 0.0000 1650405539036 934779.0000 -0.1965
-13.3180 76.7363 -28.0979 0.0000 1650405539091 934833.0000 -0.1965
-13.4404 76.6906 -28.0131 0.0000 1650405539145 934887.0000 -0.1965
-13.7572 76.6510 -28.1105 0.0000 1650405539199 934941.0000 -0.1965
-13.5376 76.7186 -28.2003 0.0000 1650405539251 934995.0000 -0.1965
-13.5981 76.6867 -28.1052 0.0000 1650405539305 935049.0000 -0.1965
-13.7727 77.0049 -28.1200 0.0000 1650405539359 935103.0000 -0.1965
-13.0779 76.7908 -30.1044 0.0000 1650405539413 935157.0000 -0.1960
-12.7929 76.8267 -31.3127 0.0000 1650405539468 935211.0000 -0.1965
-12.6661 76.1524 -32.2446 0.0000 1650405539522 935265.0000 -0.1965
-12.8634 76.3026 -33.3194 0.0000 1650405539576 935319.0000 -0.1960
-13.0708 76.0578 -34.8335 0.0000 1650405539630 935373.0000 -0.1955
-13.1559 76.0058 -35.9959 0.0000 1650405539684 935427.0000 -0.1955
-12.9767 76.0407 -37.4156 0.0000 1650405539738 935481.0000 -0.1960
-13.0534 75.7066 -38.6024 0.0000 1650405539792 935535.0000 -0.1960
-12.9613 75.5064 -39.6918 0.0000 1650405539846 935589.0000 -0.1960
-12.8643 75.4156 -40.9013 0.0000 1650405539899 935643.0000 -0.1960
-12.6097 75.4840 -42.3967 0.0000 1650405539953 935697.0000 -0.1955
-12.7906 75.1721 -43.4392 0.0000 1650405540007 935751.0000 -0.1960
-13.0327 75.4398 -44.1984 0.0000 1650405540061 935805.0000 -0.1960
-12.6481 75.0543 -45.4119 0.0000 1650405540115 935858.0000 -0.1955
-12.9180 75.2403 -46.4756 0.0000 1650405540169 935912.0000 -0.1955
-12.6039 75.3575 -46.8199 0.0000 1650405540223 935966.0000 -0.1960
-12.7783 75.0783 -47.9838 0.0000 1650405540278 936020.0000 -0.1955
-12.5210 74.9894 -48.5772 0.0000 1650405540332 936074.0000 -0.1960
-12.4293 75.0609 -49.2676 0.0000 1650405540386 936128.0000 -0.1960
-12.4519 75.3163 -49.6245 0.0000 1650405540440 936182.0000 -0.1960
-12.4181 75.0755 -49.9582 0.0000 1650405540492 936236.0000 -0.1960
-12.4512 75.3637 -50.2535 0.0000 1650405540546 936290.0000 -0.1965
-12.6188 75.1198 -50.5118 0.0000 1650405540601 936344.0000 -0.1960
-12.7891 75.4539 -50.5104 0.0000 1650405540654 936398.0000 -0.1955
-12.8393 75.3528 -50.5511 0.0000 1650405540709 936452.0000 -0.1960
-12.7819 75.3849 -50.2981 0.0000 1650405540763 936506.0000 -0.1960
-12.9225 75.3514 -50.3895 0.0000 1650405540817 936560.0000 -0.1960
-12.7771 75.3269 -50.1893 0.0000 1650405540871 936614.0000 -0.1960
-12.5047 75.5733 -49.6997 0.0000 1650405540925 936668.0000 -0.1965
-12.5101 75.5091 -49.1149 0.0000 1650405540980 936722.0000 -0.1960
-12.4729 75.5625 -48.5951 0.0000 1650405541034 936776.0000 -0.1960
-12.5225 75.4403 -48.0855 0.0000 1650405541088 936830.0000 -0.1965
-12.3888 75.4897 -47.1402 0.0000 1650405541140 936884.0000 -0.1960
-12.3857 75.5779 -46.3554 0.0000 1650405541194 936938.0000 -0.1960
-12.5111 75.5607 -45.4023 0.0000 1650405541248 936992.0000 -0.1960
-12.6000 75.6108 -44.2652 0.0000 1650405541302 937046.0000 -0.1960
-12.5995 75.7426 -43.3134 0.0000 1650405541356 937100.0000 -0.1960
-12.7584 75.7128 -42.1802 0.0000 1650405541411 937154.0000 -0.1965
-12.6256 75.7276 -40.7905 0.0000 1650405541465 937208.0000 -0.1965
-12.6383 76.0506 -39.6689 0.0000 1650405541519 937261.0000 -0.1960
-12.9883 76.0068 -38.4547 0.0000 1650405541573 937315.0000 -0.1960
-12.9936 76.1198 -37.3059 0.0000 1650405541627 937369.0000 -0.1965
-13.0394 76.0361 -35.9008 0.0000 1650405541681 937423.0000 -0.1965
-13.1357 76.2144 -34.6223 0.0000 1650405541733 937477.0000 -0.1960
-13.1896 76.1574 -33.2677 0.0000 1650405541787 937531.0000 -0.1960
-13.1400 76.2935 -32.2076 0.0000 1650405541842 937585.0000 -0.1960
-13.2951 76.3085 -31.0340 0.0000 1650405541896 937639.0000 -0.1965
-13.4609 76.1452 -29.6719 0.0000 1650405541950 937693.0000 -0.1965
-13.1647 76.3616 -28.5440 0.0000 1650405542004 937747.0000 -0.1965
-13.2252 76.2815 -27.9566 0.0000 1650405542058 937801.0000 -0.1960
-14.5385 76.4840 -28.1272 0.0000 1650405542112 937855.0000 -0.1960
-13.3437 76.4484 -28.0945 0.0000 1650405542166 937909.0000 -0.1965
-13.2699 76.3961 -28.1069 0.0000 1650405542221 937963.0000 -0.1960
-13.5525 76.3222 -28.0094 0.0000 1650405542275 938017.0000 -0.1955
-13.4146 76.3194 -27.9391 0.0000 1650405542327 938071.0000 -0.1955
-13.2552 76.6535 -28.2374 0.0000 1650405542381 938125.0000 -0.1955
-13.3747 76.1977 -28.3779 0.0000 1650405542435 938179.0000 -0.1955
-13.5896 76.2262 -28.0938 0.0000 1650405542489 938233.0000 -0.1960
-13.2876 76.1740 -28.0603 0.0000 1650405542544 938287.0000 -0.1960
-13.2829 76.1772 -28.0857 0.0000 1650405542597 938341.0000 -0.1955
-13.4189 76.2840 -28.2303 0.0000 1650405542652 938395.0000 -0.1955
-13.3292 76.4125 -28.3246 0.0000 1650405542706 938449.0000 -0.1960
-13.4436 76.3117 -28.0298 0.0000 1650405542760 938503.0000 -0.1955
-13.2888 76.4627 -28.1833 0.0000 1650405542814 938557.0000 -0.1955
-13.3012 76.5852 -28.2449 0.0000 1650405542868 938610.0000 -0.1955
-13.4933 76.4971 -28.1496 0.0000 1650405542923 938664.0000 -0.1955
-13.4420 76.5424 -28.0931 0.0000 1650405542975 938718.0000 -0.1960
-13.3340 76.5016 -28.0849 0.0000 1650405543029 938772.0000 -0.1960
-13.1340 76.3419 -27.9157 0.0000 1650405543083 938826.0000 -0.1960
-13.2940 76.5951 -27.8687 0.0000 1650405543137 938880.0000 -0.1955
-13.4435 76.4561 -27.9806 0.0000 1650405543191 938934.0000 -0.1955
-13.4408 76.5441 -28.0759 0.0000 1650405543245 938988.0000 -0.1955
-13.3071 76.5766 -28.2362 0.0000 1650405543299 939042.0000 -0.1950
-13.2628 76.4873 -28.1134 0.0000 1650405543354 939096.0000 -0.1950
-13.3221 76.6301 -29.5081 0.0000 1650405543408 939150.0000 -0.1955
-12.7307 76.5424 -30.7839 0.0000 1650405543462 939204.0000 -0.1950
-12.8636 76.3939 -31.8678 0.0000 1650405543516 939258.0000 -0.1960
-12.5855 76.4555 -32.8179 0.0000 1650405543568 939312.0000 -0.1960
-12.9040 76.1342 -34.0810 0.0000 1650405543622 939366.0000 -0.1955
-13.0385 76.1033 -35.4763 0.0000 1650405543676 939420.0000 -0.1950
-13.2062 75.9192 -36.6326 0.0000 1650405543730 939474.0000 -0.1955
-12.8550 75.8717 -37.9116 0.0000 1650405543785 939528.0000 -0.1955
-12.9973 75.6504 -39.1005 0.0000 1650405543839 939582.0000 -0.1950
-12.8093 75.3667 -40.4137 0.0000 1650405543893 939636.0000 -0.1950
-12.8959 75.3634 -41.6473 0.0000 1650405543947 939690.0000 -0.1950
-12.9600 75.5029 -42.5308 0.0000 1650405544001 939744.0000 -0.1955
-12.8315 75.3103 -43.7527 0.0000 1650405544055 939798.0000 -0.1955
-12.9199 75.2924 -44.5545 0.0000 1650405544109 939852.0000 -0.1960
-12.8606 75.1347 -45.5869 0.0000 1650405544164 939906.0000 -0.1955
-12.9732 75.2359 -46.6427 0.0000 1650405544216 939959.0000 -0.1950
-12.7740 75.1045 -47.5698 0.0000 1650405544270 940013.0000 -0.1955
-12.6632 75.4643 -48.3534 0.0000 1650405544324 940067.0000 -0.1955
-12.5318 75.1883 -48.7001 0.0000 1650405544378 940121.0000 -0.1950
-12.4803 75.2257 -49.3958 0.0000 1650405544432 940175.0000 -0.1950
-12.5061 75.2517 -49.8379 0.0000 1650405544487 940229.0000 -0.1950
-12.5756 75.3204 -50.1405 0.0000 1650405544540 940283.0000 -0.1950
-12.6848 75.2013 -50.2736 0.0000 1650405544595 940337.0000 -0.1955
-12.7500 75.2573 -50.5961 0.0000 1650405544649 940391.0000 -0.1955
-12.8442 75.3629 -50.6255 0.0000 1650405544703 940445.0000 -0.1950
-13.0018 75.5051 -50.5569 0.0000 1650405544757 940499.0000 -0.1945
-12.9822 75.3801 -50.4641 0.0000 1650405544809 940553.0000 -0.1950
-12.9459 75.4910 -50.2242 0.0000 1650405544864 940607.0000 -0.1955
-12.6863 75.4949 -49.9003 0.0000 1650405544918 940661.0000 -0.1950
-12.6730 75.4658 -49.3152 0.0000 1650405544972 940715.0000 -0.1950
-12.6244 75.5884 -48.9186 0.0000 1650405545026 940769.0000 -0.1950
-12.5418 75.5621 -48.2347 0.0000 1650405545080 940823.0000 -0.1950
-12.4092 75.6071 -47.4521 0.0000 1650405545134 940877.0000 -0.1950
-12.4991 75.6238 -46.7055 0.0000 1650405545188 940931.0000 -0.1955
-12.5398 75.6843 -46.0230 0.0000 1650405545242 940985.0000 -0.1950
-12.5948 75.5472 -44.8531 0.0000 1650405545297 941039.0000 -0.1950
-12.5783 75.5907 -43.8024 0.0000 1650405545351 941093.0000 -0.1955
-12.6204 75.7871 -42.7198 0.0000 1650405545405 941147.0000 -0.1955
-12.5290 75.7343 -41.5157 0.0000 1650405545457 941201.0000 -0.1950
-12.7527 75.9236 -40.1561 0.0000 1650405545511 941255.0000 -0.1950
-12.7359 76.0331 -39.0045 0.0000 1650405545565 941308.0000 -0.1950
-13.0456 76.0163 -37.7703 0.0000 1650405545619 941362.0000 -0.1950
-13.2995 76.0694 -36.5861 0.0000 1650405545673 941416.0000 -0.1955
-13.1959 76.1111 -35.2745 0.0000 1650405545728 941470.0000 -0.1955
-13.0696 76.1147 -34.1444 0.0000 1650405545782 941524.0000 -0.1955
-13.3755 76.2285 -32.9554 0.0000 1650405545836 941578.0000 -0.1950
-13.3065 76.1008 -31.6182 0.0000 1650405545890 941632.0000 -0.1955
-13.2383 76.3361 -30.5065 0.0000 1650405545944 941686.0000 -0.1955
-13.0280 76.5017 -29.1594 0.0000 1650405545998 941740.0000 -0.1950
-13.0718 76.6978 -28.1519 0.0000 1650405546050 941794.0000 -0.1950
-13.2932 76.3505 -28.0255 0.0000 1650405546104 941848.0000 -0.1950
-13.2421 76.4101 -28.1802 0.0000 1650405546159 941902.0000 -0.1950
-13.3814 76.5465 -27.9980 0.0000 1650405546213 941956.0000 -0.1950
-13.5473 76.2791 -28.0623 0.0000 1650405546267 942010.0000 -0.1950
-13.1925 76.3381 -27.9885 0.0000 1650405546321 942064.0000 -0.1945
-13.1232 76.3199 -27.8782 0.0000 1650405546375 942118.0000 -0.1945
-13.2316 76.2525 -27.9406 0.0000 1650405546430 942172.0000 -0.1950
-13.2479 76.4533 -27.9073 0.0000 1650405546483 942226.0000 -0.1945
-13.2635 76.5101 -27.8648 0.0000 1650405546538 942280.0000 -0.1940
-13.2278 76.2362 -27.9049 0.0000 1650405546592 942334.0000 -0.1940
-13.1569 76.3529 -27.8554 0.0000 1650405546646 942388.0000 -0.1940
-13.0633 76.1933 -28.0033 0.0000 1650405546698 942442.0000 -0.1940
-13.3209 76.3704 -27.8955 0.0000 1650405546752 942496.0000 -0.1940
-13.1932 76.5509 -27.9086 0.0000 1650405546806 942550.0000 -0.1945
-13.1152 76.3615 -28.0813 0.0000 1650405546861 942604.0000 -0.1945
-13.2863 76.4437 -27.9998 0.0000 1650405546915 942657.0000 -0.1940
-13.2781 76.4432 -27.9746 0.0000 1650405546969 942711.0000 -0.1955
-13.0460 76.3585 -27.9898 0.0000 1650405547023 942765.0000 -0.1969
-13.0674 76.6557 -27.9461 0.0000 1650405547077 942819.0000 -0.1979
-13.0083 76.5196 -27.9467 0.0000 1650405547131 942873.0000 -0.1989
-13.0726 76.2937 -27.7953 0.0000 1650405547185 942927.0000 -0.1994
-13.0451 76.4239 -27.9325 0.0000 1650405547240 942981.0000 -0.1994
-13.1260 76.5596 -28.0113 0.0000 1650405547292 943035.0000 -0.1999
-13.0972 76.6965 -28.1262 0.0000 1650405547346 943089.0000 -0.1999
-12.9908 76.5705 -28.2446 0.0000 1650405547400 943143.0000 -0.1999
-12.8781 76.6062 -29.9952 0.0000 1650405547454 943197.0000 -0.1994
-12.7567 76.5156 -31.3898 0.0000 1650405547508 943251.0000 -0.1999
-12.8854 76.3567 -32.5036 0.0000 1650405547562 943305.0000 -0.1999
-13.1190 76.2408 -33.6285 0.0000 1650405547616 943359.0000 -0.1994
-13.2561 76.1506 -34.8124 0.0000 1650405547671 943413.0000 -0.1999
-13.1156 75.6709 -36.0910 0.0000 1650405547725 943467.0000 -0.1999
-13.1399 75.7791 -37.1220 0.0000 1650405547779 943521.0000 -0.1999
-13.0623 75.6413 -38.4176 0.0000 1650405547833 943575.0000 -0.1999
-12.9312 75.5012 -39.5282 0.0000 1650405547885 943629.0000 -0.1999
-12.8432 75.3388 -40.8003 0.0000 1650405547939 943683.0000 -0.1999
-12.7559 75.5549 -42.0156 0.0000 1650405547993 943737.0000 -0.1994
-12.7243 75.4311 -43.0598 0.0000 1650405548047 943791.0000 -0.1999
-12.8940 75.1858 -44.3327 0.0000 1650405548102 943845.0000 -0.1999
-12.5401 75.3203 -45.0583 0.0000 1650405548156 943899.0000 -0.1994
-12.7191 75.1805 -46.1842 0.0000 1650405548210 943953.0000 -0.1994
-12.6459 75.0994 -47.0778 0.0000 1650405548264 944007.0000 -0.1994
-12.5656 75.2289 -47.9998 0.0000 1650405548318 944060.0000 -0.1994
-12.7677 75.2482 -48.2608 0.0000 1650405548373 944114.0000 -0.1999
-12.5341 75.1932 -49.2085 0.0000 1650405548426 944168.0000 -0.1999
-12.4642 75.3229 -49.5900 0.0000 1650405548481 944222.0000 -0.1999
-12.4380 75.3609 -49.9063 0.0000 1650405548533 944276.0000 -0.1994
-12.6266 75.2145 -50.2308 0.0000 1650405548587 944330.0000 -0.1999
-12.5881 75.3797 -50.4883 0.0000 1650405548641 944384.0000 -0.1994
-12.6985 75.2118 -50.5576 0.0000 1650405548695 944438.0000 -0.1994
-12.9095 75.3619 -50.4893 0.0000 1650405548750 944492.0000 -0.1994
-13.0081 75.4329 -50.5857 0.0000 1650405548804 944546.0000 -0.1994
-12.7245 75.4500 -50.2310 0.0000 1650405548858 944600.0000 -0.1994
-12.6058 75.4637 -50.0966 0.0000 1650405548912 944654.0000 -0.1999
-12.7513 75.5538 -49.6530 0.0000 1650405548966 944708.0000 -0.1999
-12.4424 75.4619 -49.1911 0.0000 1650405549020 944762.0000 -0.1999
-12.5063 75.4778 -48.5111 0.0000 1650405549074 944816.0000 -0.1999
-12.4147 75.5906 -47.9806 0.0000 1650405549126 944870.0000 -0.2004
-12.4094 75.6250 -47.2944 0.0000 1650405549181 944924.0000 -0.1999
-12.5996 75.5985 -46.3538 0.0000 1650405549235 944978.0000 -0.1994
-12.7082 75.6219 -45.3232 0.0000 1650405549289 945032.0000 -0.1999
-12.7329 75.6594 -44.3353 0.0000 1650405549343 945086.0000 -0.1999
-12.6559 75.7085 -43.2788 0.0000 1650405549397 945140.0000 -0.1999
-12.6567 75.7355 -41.9884 0.0000 1650405549451 945194.0000 -0.1999
-12.6138 75.8473 -40.8801 0.0000 1650405549505 945248.0000 -0.2004
-12.7766 75.9604 -39.8032 0.0000 1650405549559 945302.0000 -0.1999
-12.9537 75.8872 -38.5579 0.0000 1650405549614 945356.0000 -0.1999
-13.0298 76.1472 -37.3722 0.0000 1650405549668 945409.0000 -0.1999
-12.9374 76.2408 -36.1426 0.0000 1650405549722 945463.0000 -0.1999
-13.2570 76.1721 -34.9140 0.0000 1650405549774 945517.0000 -0.1999
-13.0242 76.2123 -33.6222 0.0000 1650405549828 945571.0000 -0.1999
-13.2681 76.3185 -32.3681 0.0000 1650405549882 945625.0000 -0.1999
-13.0445 76.4016 -31.2207 0.0000 1650405549936 945679.0000 -0.1999
-13.0747 76.4598 -29.8540 0.0000 1650405549990 945733.0000 -0.1999
-13.2025 76.5786 -28.6855 0.0000 1650405550045 945787.0000 -0.2004
-13.3214 76.4158 -28.0510 0.0000 1650405550099 945841.0000 -0.1999
-13.7678 76.4954 -27.7927 0.0000 1650405550153 945895.0000 -0.1999
-13.4162 76.6369 -27.9175 0.0000 1650405550207 945949.0000 -0.2004
-13.3795 76.3860 -28.0050 0.0000 1650405550261 946003.0000 -0.1999
-13.1858 76.1925 -28.0104 0.0000 1650405550316 946057.0000 -0.1999
-13.1050 76.4361 -28.0039 0.0000 1650405550368 946111.0000 -0.1999
-13.0754 76.4120 -27.9770 0.0000 1650405550422 946165.0000 -0.1999
-13.1594 76.5011 -28.0728 0.0000 1650405550476 946219.0000 -0.1994
-13.2203 76.5702 -27.9414 0.0000 1650405550530 946273.0000 -0.1999
-13.1066 76.2963 -28.1064 0.0000 1650405550584 946327.0000 -0.1999
-13.1957 76.5948 -28.0873 0.0000 1650405550638 946381.0000 -0.1994
-13.1887 76.5819 -27.9180 0.0000 1650405550692 946435.0000 -0.1999
-13.3242 76.5796 -27.9257 0.0000 1650405550747 946489.0000 -0.2004
-13.2508 76.5030 -27.9225 0.0000 1650405550801 946543.0000 -0.1999
-13.0168 76.4911 -28.0400 0.0000 1650405550855 946597.0000 -0.1999
-13.0956 76.5034 -27.9809 0.0000 1650405550909 946651.0000 -0.1999
-13.2689 76.4392 -27.9773 0.0000 1650405550963 946705.0000 -0.1999
-13.0314 76.5897 -28.0130 0.0000 1650405551015 946758.0000 -0.1999
-13.1158 76.7652 -27.9347 0.0000 1650405551069 946812.0000 -0.2004
-13.0331 76.7003 -27.9436 0.0000 1650405551124 946866.0000 -0.2004
-13.0297 76.5537 -28.1066 0.0000 1650405551178 946920.0000 -0.1999
-13.2044 76.5376 -27.8414 0.0000 1650405551232 946974.0000 -0.2004
-13.1583 76.5186 -27.8998 0.0000 1650405551286 947028.0000 -0.2009
-13.0730 76.3834 -27.9887 0.0000 1650405551340 947082.0000 -0.2004
-13.1076 76.5857 -27.9764 0.0000 1650405551394 947136.0000 -0.2004
-12.9827 76.6885 -29.4033 0.0000 1650405551448 947190.0000 -0.2004
-12.8100 76.7691 -30.8177 0.0000 1650405551502 947244.0000 -0.1999
-12.7966 76.1370 -31.9128 0.0000 1650405551557 947298.0000 -0.1999
-12.9343 76.4923 -32.8372 0.0000 1650405551609 947352.0000 -0.2004
-13.0048 76.3462 -34.0447 0.0000 1650405551663 947406.0000 -0.2009
-13.1050 75.8777 -35.3308 0.0000 1650405551717 947460.0000 -0.2004
-12.8799 75.8514 -36.5881 0.0000 1650405551771 947514.0000 -0.2004
-13.0011 75.9902 -37.8369 0.0000 1650405551825 947568.0000 -0.2009
-12.9146 75.5202 -38.8251 0.0000 1650405551879 947622.0000 -0.2009
-12.8288 75.5182 -40.0276 0.0000 1650405551934 947676.0000 -0.2004
-12.8006 75.2898 -41.4400 0.0000 1650405551988 947730.0000 -0.2004
-12.8325 75.3454 -42.5250 0.0000 1650405552042 947784.0000 -0.2004
-12.6121 75.3217 -43.7072 0.0000 1650405552096 947838.0000 -0.2009
-12.6278 75.1012 -44.7599 0.0000 1650405552150 947892.0000 -0.2009
-12.6729 75.1603 -45.8105 0.0000 1650405552204 947946.0000 -0.2009
-12.6408 75.1175 -46.5777 0.0000 1650405552257 948000.0000 -0.2004
-12.7468 75.1084 -47.8070 0.0000 1650405552310 948054.0000 -0.2009
-12.5441 75.0174 -48.5502 0.0000 1650405552365 948107.0000 -0.2009
-12.4716 75.0160 -48.9964 0.0000 1650405552419 948161.0000 -0.2004
-12.4026 75.0474 -49.4110 0.0000 1650405552473 948215.0000 -0.2004
-12.4064 75.2225 -49.6565 0.0000 1650405552527 948269.0000 -0.2004
-12.3397 75.2444 -50.1008 0.0000 1650405552581 948323.0000 -0.2009
-12.4740 75.2385 -50.4463 0.0000 1650405552636 948377.0000 -0.2009
-12.5673 75.3679 -50.5542 0.0000 1650405552690 948431.0000 -0.2009
-12.5352 75.3348 -50.5944 0.0000 1650405552744 948485.0000 -0.2009
-12.6036 75.4810 -50.4942 0.0000 1650405552798 948539.0000 -0.2009
-12.8315 75.3406 -50.5374 0.0000 1650405552850 948593.0000 -0.2013
-12.6354 75.2852 -50.2316 0.0000 1650405552904 948647.0000 -0.2013
-12.5355 75.5453 -49.8836 0.0000 1650405552958 948701.0000 -0.2009
-12.4390 75.4721 -49.3619 0.0000 1650405553012 948755.0000 -0.2004
-12.3881 75.4698 -48.8464 0.0000 1650405553067 948809.0000 -0.2009
-12.3525 75.5039 -48.2016 0.0000 1650405553121 948863.0000 -0.2009
-12.2246 75.5835 -47.6235 0.0000 1650405553175 948917.0000 -0.2009
-12.3873 75.5865 -46.8449 0.0000 1650405553229 948971.0000 -0.2013
-12.6345 75.6102 -45.9884 0.0000 1650405553283 949025.0000 -0.2013
-12.5455 75.6700 -44.8004 0.0000 1650405553337 949079.0000 -0.2009
-12.6994 75.6080 -43.7666 0.0000 1650405553391 949133.0000 -0.2013
-12.6593 75.7543 -42.6533 0.0000 1650405553443 949187.0000 -0.2013
-12.7193 75.6120 -41.4362 0.0000 1650405553498 949241.0000 -0.2009
-12.7534 75.9916 -40.1388 0.0000 1650405553552 949295.0000 -0.2009
-13.0349 75.8695 -39.0882 0.0000 1650405553606 949349.0000 -0.2009
-13.1111 76.0285 -37.8877 0.0000 1650405553660 949403.0000 -0.2013
-13.0354 76.0974 -36.7758 0.0000 1650405553714 949456.0000 -0.2013
-13.0016 76.1842 -35.5430 0.0000 1650405553768 949510.0000 -0.2013
-13.1437 76.2197 -34.2080 0.0000 1650405553822 949564.0000 -0.2013
-13.1366 76.2541 -32.9381 0.0000 1650405553877 949618.0000 -0.2009
-13.0725 76.2507 -31.8829 0.0000 1650405553931 949672.0000 -0.2013
-13.0886 76.4683 -30.4364 0.0000 1650405553985 949726.0000 -0.2013
-13.1013 76.4672 -29.3642 0.0000 1650405554039 949780.0000 -0.2013
-13.2190 76.4147 -28.1035 0.0000 1650405554091 949834.0000 -0.2009
-13.2680 76.2240 -27.8357 0.0000 1650405554145 949888.0000 -0.2013
-13.2059 76.1192 -28.0580 0.0000 1650405554199 949942.0000 -0.2013
-13.2082 76.4806 -28.1173 0.0000 1650405554254 949996.0000 -0.2013
-13.2266 76.5453 -27.9616 0.0000 1650405554308 950050.0000 -0.2018
-13.3500 76.3835 -28.0118 0.0000 1650405554362 950104.0000 -0.2018
-13.1223 76.3937 -28.0599 0.0000 1650405554416 950158.0000 -0.2013
-13.2089 76.4055 -28.0959 0.0000 1650405554470 950212.0000 -0.2018
-13.0988 76.4940 -27.9047 0.0000 1650405554524 950266.0000 -0.2018
-13.1890 76.3936 -27.9870 0.0000 1650405554578 950320.0000 -0.2013
-12.7827 76.4261 -27.8725 0.0000 1650405554633 950374.0000 -0.2013
-12.9853 76.3953 -28.1657 0.0000 1650405554685 950428.0000 -0.2018
-12.9716 76.5873 -27.9579 0.0000 1650405554739 950482.0000 -0.2018
-13.1351 76.6320 -28.1263 0.0000 1650405554793 950536.0000 -0.2018
-13.2790 76.5851 -27.9740 0.0000 1650405554847 950590.0000 -0.2023
-13.0338 76.4136 -27.8626 0.0000 1650405554901 950644.0000 -0.2018
-13.0370 76.5102 -28.0581 0.0000 1650405554955 950698.0000 -0.2018
-13.0988 76.5605 -28.0252 0.0000 1650405555009 950752.0000 -0.2023
-13.1684 76.9629 -28.0074 0.0000 1650405555064 950805.0000 -0.2023
-13.1595 76.8305 -27.9854 0.0000 1650405555118 950859.0000 -0.2018
-12.9296 76.3746 -27.8397 0.0000 1650405555172 950913.0000 -0.2018
-13.0433 76.5193 -27.9392 0.0000 1650405555226 950967.0000 -0.2018
-13.1043 76.6106 -28.0441 0.0000 1650405555281 951021.0000 -0.2023
-13.1936 76.4408 -28.0843 0.0000 1650405555332 951075.0000 -0.2023
-13.1713 76.5244 -28.0335 0.0000 1650405555386 951129.0000 -0.2028
-13.0622 76.6324 -28.3908 0.0000 1650405555441 951183.0000 -0.2023
-12.8266 76.5581 -30.0033 0.0000 1650405555495 951237.0000 -0.2023
-12.9234 76.6886 -31.2632 0.0000 1650405555549 951291.0000 -0.2028
-12.8477 76.0352 -32.1670 0.0000 1650405555603 951345.0000 -0.2023
-12.9323 76.2882 -33.4099 0.0000 1650405555657 951399.0000 -0.2018
-13.2191 76.1389 -34.5383 0.0000 1650405555711 951453.0000 -0.2023
-13.0977 75.9192 -35.8486 0.0000 1650405555766 951507.0000 -0.2023
-12.9816 75.9189 -37.2002 0.0000 1650405555820 951561.0000 -0.2023
-12.8682 75.8313 -38.3244 0.0000 1650405555874 951615.0000 -0.2028
-12.7998 75.6476 -39.5585 0.0000 1650405555926 951669.0000 -0.2028
-12.7080 75.4729 -40.6130 0.0000 1650405555980 951723.0000 -0.2028
-12.8931 75.3373 -41.8262 0.0000 1650405556034 951777.0000 -0.2028
-12.7158 75.5758 -43.0200 0.0000 1650405556088 951831.0000 -0.2028
-12.8535 75.0389 -44.2992 0.0000 1650405556142 951885.0000 -0.2028
-12.6703 75.2297 -45.3509 0.0000 1650405556197 951939.0000 -0.2023
-12.5661 75.1501 -46.1027 0.0000 1650405556251 951993.0000 -0.2023
-12.6453 75.1199 -47.3627 0.0000 1650405556305 952047.0000 -0.2023
-12.6696 75.1106 -47.7971 0.0000 1650405556359 952101.0000 -0.2023
-12.3600 75.3857 -48.4567 0.0000 1650405556413 952154.0000 -0.2028
-12.1409 75.2532 -49.1688 0.0000 1650405556467 952208.0000 -0.2033
-12.4704 75.2037 -49.4971 0.0000 1650405556519 952262.0000 -0.2028
-12.4219 75.1664 -49.7833 0.0000 1650405556574 952316.0000 -0.2028
-12.3813 75.1656 -50.0320 0.0000 1650405556628 952370.0000 -0.2028
-12.4925 75.4210 -50.4681 0.0000 1650405556682 952424.0000 -0.2028
-12.7364 75.2838 -50.6977 0.0000 1650405556736 952478.0000 -0.2023
-12.9557 75.4108 -50.4754 0.0000 1650405556790 952532.0000 -0.2023
-12.6890 75.4364 -50.4240 0.0000 1650405556844 952586.0000 -0.2023
-12.8570 75.3844 -50.4536 0.0000 1650405556898 952640.0000 -0.2023
-12.6941 75.4395 -50.0610 0.0000 1650405556952 952694.0000 -0.2023
-12.6623 75.4747 -49.7324 0.0000 1650405557007 952748.0000 -0.2028
-12.4949 75.3923 -49.1502 0.0000 1650405557061 952802.0000 -0.2023
-12.4374 75.5120 -48.5364 0.0000 1650405557115 952856.0000 -0.2023
-12.3669 75.5181 -47.9946 0.0000 1650405557167 952910.0000 -0.2028
-12.2906 75.5257 -47.2916 0.0000 1650405557221 952964.0000 -0.2028
-12.6764 75.5436 -46.3888 0.0000 1650405557275 953018.0000 -0.2023
-12.6519 75.5679 -45.3502 0.0000 1650405557329 953072.0000 -0.2028
-12.5258 75.7249 -44.3713 0.0000 1650405557384 953126.0000 -0.2028
-12.6256 75.7201 -43.0937 0.0000 1650405557438 953180.0000 -0.2028
-12.6253 75.7030 -42.1590 0.0000 1650405557492 953234.0000 -0.2028
-12.8307 75.9645 -40.7948 0.0000 1650405557546 953288.0000 -0.2028
-12.8010 75.8667 -39.7600 0.0000 1650405557600 953342.0000 -0.2023
-13.0478 75.8544 -38.5437 0.0000 1650405557654 953396.0000 -0.2023
-13.0266 76.1723 -37.2804 0.0000 1650405557709 953450.0000 -0.2028
-13.0231 76.0291 -36.0449 0.0000 1650405557761 953503.0000 -0.2028
-13.1473 76.1954 -34.7806 0.0000 1650405557815 953557.0000 -0.2023
-13.1021 76.3837 -33.4661 0.0000 1650405557869 953611.0000 -0.2023
-13.1243 76.2925 -32.3760 0.0000 1650405557923 953665.0000 -0.2023
-13.0571 76.3914 -31.1114 0.0000 1650405557977 953719.0000 -0.2023
-13.1900 76.4467 -29.8985 0.0000 1650405558031 953773.0000 -0.2023
-13.1631 76.4775 -28.6857 0.0000 1650405558086 953827.0000 -0.2023
-13.2403 76.5244 -27.9596 0.0000 1650405558140 953881.0000 -0.2023
-13.3149 76.4433 -28.0742 0.0000 1650405558194 953935.0000 -0.2023
-13.1914 76.4062 -28.1136 0.0000 1650405558248 953989.0000 -0.2023
-13.3447 76.4748 -27.9213 0.0000 1650405558302 954043.0000 -0.2023
-13.1892 76.4587 -28.0183 0.0000 1650405558356 954097.0000 -0.2018
-13.0293 76.3290 -27.9769 0.0000 1650405558408 954151.0000 -0.2018
-13.0861 76.6777 -28.0115 0.0000 1650405558462 954205.0000 -0.2018
-13.4201 76.2548 -28.0370 0.0000 1650405558517 954259.0000 -0.2018
-13.3430 76.5949 -28.0744 0.0000 1650405558571 954313.0000 -0.2023
-13.3397 76.2878 -27.7771 0.0000 1650405558625 954367.0000 -0.2028
-13.1028 76.1505 -27.8886 0.0000 1650405558679 954421.0000 -0.2023
-13.0415 76.2754 -28.0160 0.0000 1650405558733 954475.0000 -0.2028
-13.0775 76.4692 -27.9135 0.0000 1650405558787 954529.0000 -0.2028
-13.2154 76.6072 -27.9664 0.0000 1650405558841 954583.0000 -0.2023
-13.1217 76.3924 -27.9807 0.0000 1650405558895 954637.0000 -0.2023
-13.1011 76.4712 -28.0965 0.0000 1650405558950 954691.0000 -0.2023
-12.9930 76.7835 -27.9114 0.0000 1650405559002 954745.0000 -0.2023
-13.0326 76.4641 -27.8698 0.0000 1650405559056 954799.0000 -0.2023
-12.9592 76.6196 -27.9483 0.0000 1650405559110 954853.0000 -0.2028
-13.0386 76.4476 -27.9445 0.0000 1650405559164 954906.0000 -0.2028
-13.0036 76.5085 -27.8975 0.0000 1650405559218 954960.0000 -0.2023
-13.1439 76.6716 -27.9540 0.0000 1650405559272 955014.0000 -0.2023
-13.1720 76.3439 -27.9343 0.0000 1650405559327 955068.0000 -0.2028
-12.8810 76.6554 -28.0130 0.0000 1650405559381 955122.0000 -0.2028
-13.1341 76.4509 -27.9244 0.0000 1650405559435 955176.0000 -0.2023
-13.0276 76.7432 -29.3470 0.0000 1650405559489 955230.0000 -0.2023
-12.7308 76.5748 -30.6755 0.0000 1650405559543 955284.0000 -0.2023
-12.8111 76.5527 -31.6380 0.0000 1650405559597 955338.0000 -0.2028
-12.9055 76.4229 -32.7308 0.0000 1650405559650 955392.0000 -0.2028
-12.9010 76.2856 -33.9359 0.0000 1650405559703 955446.0000 -0.2028
-13.0087 75.9349 -35.0813 0.0000 1650405559758 955500.0000 -0.2023
-12.9936 75.9893 -36.6321 0.0000 1650405559812 955554.0000 -0.2028
-13.0595 75.7215 -37.7433 0.0000 1650405559866 955608.0000 -0.2023
-12.8774 76.0041 -38.9284 0.0000 1650405559920 955662.0000 -0.2023
-12.7580 75.6865 -40.2114 0.0000 1650405559974 955716.0000 -0.2018
-12.8508 75.4613 -41.2726 0.0000 1650405560029 955770.0000 -0.2023
-12.8890 75.2590 -42.5253 0.0000 1650405560083 955824.0000 -0.2018
-12.5970 75.3796 -43.6844 0.0000 1650405560137 955878.0000 -0.2018
-12.7556 75.1590 -44.7052 0.0000 1650405560191 955932.0000 -0.2023
-12.7134 75.2044 -45.9693 0.0000 1650405560243 955986.0000 -0.2023
-12.6861 75.1016 -46.7522 0.0000 1650405560297 956040.0000 -0.2018
-12.6108 74.9901 -47.7502 0.0000 1650405560351 956094.0000 -0.2023
-12.6719 74.9821 -48.3658 0.0000 1650405560405 956148.0000 -0.2023
-12.5543 74.9705 -49.1044 0.0000 1650405560460 956202.0000 -0.2018
-12.3688 75.0404 -49.2952 0.0000 1650405560514 956255.0000 -0.2018
-12.4123 75.2857 -50.0503 0.0000 1650405560568 956309.0000 -0.2018
-12.3573 74.8900 -50.1232 0.0000 1650405560622 956363.0000 -0.2018
-12.5275 75.1707 -50.3679 0.0000 1650405560676 956417.0000 -0.2018
-12.7284 75.4862 -50.6353 0.0000 1650405560730 956471.0000 -0.2023
-12.6164 75.5136 -50.5546 0.0000 1650405560784 956525.0000 -0.2023
-12.6827 75.4486 -50.4307 0.0000 1650405560838 956579.0000 -0.2018
-12.7482 75.5368 -50.5372 0.0000 1650405560891 956633.0000 -0.2028
-12.6071 75.5188 -50.4870 0.0000 1650405560945 956687.0000 -0.2023
-12.7164 75.5664 -49.9346 0.0000 1650405560999 956741.0000 -0.2018
-12.5575 75.5461 -49.6300 0.0000 1650405561053 956795.0000 -0.2018
-12.5906 75.3199 -48.9893 0.0000 1650405561107 956849.0000 -0.2018
-12.3362 75.4313 -48.2956 0.0000 1650405561161 956903.0000 -0.2023
-12.2307 75.6443 -47.6638 0.0000 1650405561215 956957.0000 -0.2023
-12.4800 75.5594 -46.7979 0.0000 1650405561270 957011.0000 -0.2023
-12.4261 75.6521 -45.8090 0.0000 1650405561324 957065.0000 -0.2023
-12.5445 75.6896 -44.8876 0.0000 1650405561378 957119.0000 -0.2013
-12.7165 75.8284 -43.7425 0.0000 1650405561432 957173.0000 -0.2018
-12.6598 75.7134 -42.7612 0.0000 1650405561484 957227.0000 -0.2023
-12.6200 75.7525 -41.5399 0.0000 1650405561538 957281.0000 -0.2013
-12.5673 75.8174 -40.3792 0.0000 1650405561593 957335.0000 -0.2013
-13.0696 75.9359 -39.1726 0.0000 1650405561647 957389.0000 -0.2013
-13.0432 75.9767 -38.0559 0.0000 1650405561701 957443.0000 -0.2018
-13.2947 76.1087 -36.7129 0.0000 1650405561755 957497.0000 -0.2018
-13.0879 76.1253 -35.3654 0.0000 1650405561809 957551.0000 -0.2018
-12.9780 76.1617 -34.1862 0.0000 1650405561863 957604.0000 -0.2018
-13.0038 76.1712 -32.9571 0.0000 1650405561917 957658.0000 -0.2013
-13.1250 76.2963 -31.7814 0.0000 1650405561972 957712.0000 -0.2018
-13.0143 76.3917 -30.5827 0.0000 1650405562026 957766.0000 -0.2018
-13.1689 76.3012 -29.3176 0.0000 1650405562078 957820.0000 -0.2013
-13.2154 76.4944 -28.1157 0.0000 1650405562132 957874.0000 -0.2013
-13.1924 76.1141 -27.8057 0.0000 1650405562186 957928.0000 -0.2013
-13.4260 76.6003 -28.0696 0.0000 1650405562240 957982.0000 -0.2013
-13.2056 76.4530 -28.0317 0.0000 1650405562294 958036.0000 -0.2018
-13.4370 76.3806 -27.9811 0.0000 1650405562348 958090.0000 -0.2018
-13.2675 76.2358 -27.9825 0.0000 1650405562403 958144.0000 -0.2018
-13.0286 76.4881 -27.9188 0.0000 1650405562457 958198.0000 -0.2013
-13.1789 76.1597 -28.0512 0.0000 1650405562511 958252.0000 -0.2023
-13.1061 76.4987 -27.9987 0.0000 1650405562565 958306.0000 -0.2018
-13.4229 76.3638 -28.0136 0.0000 1650405562619 958360.0000 -0.2013
-13.1342 76.2957 -27.8368 0.0000 1650405562673 958414.0000 -0.2013
-12.9958 76.1790 -28.0237 0.0000 1650405562725 958468.0000 -0.2013
-13.1985 76.3830 -27.9975 0.0000 1650405562779 958522.0000 -0.2013
-13.2324 76.5814 -27.8383 0.0000 1650405562834 958576.0000 -0.2013
-13.1914 76.5778 -27.8678 0.0000 1650405562888 958630.0000 -0.2018
-12.9617 76.6152 -27.9089 0.0000 1650405562942 958684.0000 -0.2018
-13.0460 76.4214 -27.9711 0.0000 1650405562996 958738.0000 -0.2013
-13.1445 76.5579 -27.9759 0.0000 1650405563050 958792.0000 -0.2018
-13.1295 76.5598 -27.9105 0.0000 1650405563104 958846.0000 -0.2013
-12.9236 76.5041 -27.9730 0.0000 1650405563158 958900.0000 -0.2013
-12.9831 76.4688 -27.8763 0.0000 1650405563213 958953.0000 -0.2013
-13.0319 76.5749 -27.7675 0.0000 1650405563267 959007.0000 -0.2013
-12.9944 76.5913 -27.8829 0.0000 1650405563319 959061.0000 -0.2013
-13.0089 76.6294 -28.0629 0.0000 1650405563373 959115.0000 -0.2018
-13.1175 76.6743 -27.8315 0.0000 1650405563427 959169.0000 -0.2018
-13.0420 76.6793 -28.1481 0.0000 1650405563481 959223.0000 -0.2018
-12.8657 76.5916 -30.0412 0.0000 1650405563536 959277.0000 -0.2013
-12.9077 76.6876 -31.0883 0.0000 1650405563590 959331.0000 -0.2018
-12.7033 76.2717 -31.9867 0.0000 1650405563644 959385.0000 -0.2018
-12.6765 76.1786 -33.2980 0.0000 1650405563698 959439.0000 -0.2013
-12.9400 76.3038 -34.5288 0.0000 1650405563752 959493.0000 -0.2013
-13.0190 76.0485 -35.9044 0.0000 1650405563806 959547.0000 -0.2013
-13.0431 75.7477 -37.1421 0.0000 1650405563860 959601.0000 -0.2013
-12.9820 75.4817 -38.2445 0.0000 1650405563915 959655.0000 -0.2018
-12.8708 75.7335 -39.6198 0.0000 1650405563967 959709.0000 -0.2018
-12.6563 75.5970 -40.7193 0.0000 1650405564021 959763.0000 -0.2018
-12.7951 75.3051 -41.9385 0.0000 1650405564075 959817.0000 -0.2013
-12.7845 75.3380 -43.0693 0.0000 1650405564129 959871.0000 -0.2018
-12.6972 75.1624 -44.0082 0.0000 1650405564183 959925.0000 -0.2018
-12.7535 75.2387 -45.1166 0.0000 1650405564237 959979.0000 -0.2013
-12.6939 75.2429 -46.4860 0.0000 1650405564291 960033.0000 -0.2018
-12.7215 75.1467 -47.2278 0.0000 1650405564346 960087.0000 -0.2018
-12.5108 75.3278 -47.6666 0.0000 1650405564400 960141.0000 -0.2018
-12.4076 75.2542 -48.4675 0.0000 1650405564454 960195.0000 -0.2018
-12.3452 75.2372 -49.3882 0.0000 1650405564508 960249.0000 -0.2023
-12.3819 75.1974 -49.5933 0.0000 1650405564560 960302.0000 -0.2018
-12.3748 75.2514 -49.9062 0.0000 1650405564614 960356.0000 -0.2018
-12.5179 75.3794 -50.3543 0.0000 1650405564668 960410.0000 -0.2023
-12.6455 75.2423 -50.6016 0.0000 1650405564722 960464.0000 -0.2023
-12.7902 75.3992 -50.7320 0.0000 1650405564777 960518.0000 -0.2018
-12.9945 75.4198 -50.8527 0.0000 1650405564831 960572.0000 -0.2018
-12.7786 75.4728 -50.7208 0.0000 1650405564885 960626.0000 -0.2018
-12.6089 75.5501 -50.5246 0.0000 1650405564939 960680.0000 -0.2018
-12.6184 75.5166 -50.2635 0.0000 1650405564993 960734.0000 -0.2023
