-11.6582 76.5070 -29.8395 0.0000 1650405535367 931110.0000 -0.1965
-11.6352 76.5343 -29.8824 0.0000 1650405535421 931164.0000 -0.1965
-11.7010 76.5103 -29.8453 0.0000 1650405535475 931218.0000 -0.1965
-11.6710 76.6169 -29.8108 0.0000 1650405535529 931272.0000 -0.1969
-11.5955 76.5902 -30.0232 0.0000 1650405535582 931326.0000 -0.1969
-11.6406 76.6109 -29.7511 0.0000 1650405535636 931380.0000 -0.1965
-11.6324 76.5479 -29.6811 0.0000 1650405535690 931434.0000 -0.1969
-11.6426 76.5382 -29.7035 0.0000 1650405535744 931488.0000 -0.1969
-11.5066 76.5878 -29.7058 0.0000 1650405535798 931542.0000 -0.1965
-11.6672 76.6433 -29.5927 0.0000 1650405535852 931596.0000 -0.1965
-11.5649 76.7185 -29.6563 0.0000 1650405535906 931650.0000 -0.1965
-11.6505 76.5061 -29.6089 0.0000 1650405535960 931704.0000 -0.1969
-11.6869 76.6227 -29.7463 0.0000 1650405536015 931758.0000 -0.1969
-11.7485 76.5353 -29.7907 0.0000 1650405536069 931811.0000 -0.1974
-11.7291 76.6897 -29.6492 0.0000 1650405536123 931865.0000 -0.1969
-11.7737 76.6772 -29.6389 0.0000 1650405536175 931919.0000 -0.1965
-11.7285 76.6291 -29.6684 0.0000 1650405536229 931973.0000 -0.1969
-11.7128 76.6815 -29.6704 0.0000 1650405536283 932027.0000 -0.1974
-11.6491 76.6382 -29.6591 0.0000 1650405536337 932081.0000 -0.1969
-11.7122 76.6069 -29.7146 0.0000 1650405536392 932135.0000 -0.1969
-11.6374 76.6885 -29.7416 0.0000 1650405536446 932189.0000 -0.1969
-11.7698 76.5809 -29.7773 0.0000 1650405536500 932243.0000 -0.1969
-11.5394 76.6765 -29.5869 0.0000 1650405536554 932297.0000 -0.1969
-11.7194 76.6224 -29.6578 0.0000 1650405536608 932351.0000 -0.1974
-11.7230 76.6880 -29.6158 0.0000 1650405536662 932405.0000 -0.1974
-11.8474 76.6464 -29.6347 0.0000 1650405536717 932459.0000 -0.1969
-11.8348 76.5767 -29.5982 0.0000 1650405536770 932513.0000 -0.1974
-11.8491 76.7446 -29.5695 0.0000 1650405536823 932567.0000 -0.1974
-11.6430 76.7196 -29.6668 0.0000 1650405536877 932621.0000 -0.1969
-11.7103 76.6544 -29.7330 0.0000 1650405536931 932675.0000 -0.1969
-11.6686 76.5958 -29.8711 0.0000 1650405536985 932729.0000 -0.1969
-11.8252 76.6546 -29.7071 0.0000 1650405537039 932783.0000 -0.1969
-11.8051 76.5770 -29.6588 0.0000 1650405537093 932837.0000 -0.1969
-11.7516 76.7637 -29.5543 0.0000 1650405537148 932891.0000 -0.1974
-11.8042 76.6416 -29.6074 0.0000 1650405537202 932945.0000 -0.1974
-11.6644 76.5965 -29.7081 0.0000 1650405537256 932999.0000 -0.1969
-11.6636 76.6424 -29.7564 0.0000 1650405537310 933053.0000 -0.1969
-11.8848 76.6041 -29.6153 0.0000 1650405537364 933107.0000 -0.1969
-11.7497 76.7123 -29.8224 0.0000 1650405537416 933160.0000 -0.1965
-11.6912 76.6072 -29.7340 0.0000 1650405537470 933214.0000 -0.1965
-11.7057 76.6829 -29.5098 0.0000 1650405537525 933268.0000 -0.1969
-11.8849 76.6333 -29.5468 0.0000 1650405537579 933322.0000 -0.1969
-11.6951 76.7620 -29.6412 0.0000 1650405537633 933376.0000 -0.1969
-11.7336 76.6715 -30.0767 0.0000 1650405537687 933430.0000 -0.1969
-11.6629 76.5438 -28.2805 0.0000 1650405537741 933484.0000 -0.1969
-11.1113 77.0648 -27.1880 0.0000 1650405537795 933538.0000 -0.1965
-11.3518 77.2190 -25.9779 0.0000 1650405537849 933592.0000 -0.1969
-11.3741 77.3901 -24.6685 0.0000 1650405537903 933646.0000 -0.1969
-11.4395 77.3124 -23.3560 0.0000 1650405537958 933700.0000 -0.1965
-11.4225 77.2632 -22.2367 0.0000 1650405538010 933754.0000 -0.1965
-11.1469 77.0880 -23.0480 0.0000 1650405538064 933808.0000 -0.1965
-11.2095 76.9570 -21.7269 0.0000 1650405538118 933862.0000 -0.1965
-11.3090 77.0145 -22.6318 0.0000 1650405538172 933916.0000 -0.1965
-11.3840 76.9946 -22.4120 0.0000 1650405538226 933970.0000 -0.1969
-11.3037 77.1251 -22.7555 0.0000 1650405538280 934024.0000 -0.1965
-11.0716 77.1039 -22.7722 0.0000 1650405538334 934078.0000 -0.1960
-11.3635 76.9297 -22.6223 0.0000 1650405538389 934132.0000 -0.1969
-11.4485 76.9487 -22.5833 0.0000 1650405538443 934186.0000 -0.1969
-11.3997 76.9252 -22.6023 0.0000 1650405538497 934240.0000 -0.1965
-11.3516 76.9161 -22.9067 0.0000 1650405538551 934294.0000 -0.1965
-11.4608 77.0153 -22.7735 0.0000 1650405538605 934348.0000 -0.1965
-11.3874 76.8183 -22.6573 0.0000 1650405538658 934402.0000 -0.1965
-11.4773 76.8855 -22.7264 0.0000 1650405538711 934456.0000 -0.1965
-11.4894 76.9912 -22.5982 0.0000 1650405538766 934509.0000 -0.1969
-11.4443 76.8712 -22.8028 0.0000 1650405538820 934563.0000 -0.1969
-11.4202 76.8020 -22.7506 0.0000 1650405538874 934617.0000 -0.1965
-11.4688 76.7101 -22.5877 0.0000 1650405538928 934671.0000 -0.1969
-11.4326 76.7852 -22.8024 0.0000 1650405538982 934725.0000 -0.1969
-11.4042 76.8053 -22.6010 0.0000 1650405539036 934779.0000 -0.1965
-11.6452 76.8046 -22.5236 0.0000 1650405539091 934833.0000 -0.1965
-11.4937 76.7671 -22.8461 0.0000 1650405539145 934887.0000 -0.1965
-11.4307 76.8176 -22.3421 0.0000 1650405539199 934941.0000 -0.1965
-11.5828 76.7933 -22.5869 0.0000 1650405539251 934995.0000 -0.1965
-11.4077 76.8538 -22.4870 0.0000 1650405539305 935049.0000 -0.1965
-11.5362 76.7000 -22.5222 0.0000 1650405539359 935103.0000 -0.1965
-11.4579 77.0576 -23.1167 0.0000 1650405539413 935157.0000 -0.1960
-11.6712 77.0169 -24.4725 0.0000 1650405539468 935211.0000 -0.1965
-11.1161 77.3633 -26.5625 0.0000 1650405539522 935265.0000 -0.1965
-11.3363 77.2026 -27.2988 0.0000 1650405539576 935319.0000 -0.1960
-11.2895 76.9952 -28.6878 0.0000 1650405539630 935373.0000 -0.1955
-11.2463 77.0370 -30.0315 0.0000 1650405539684 935427.0000 -0.1955
-11.2120 76.9197 -31.3088 0.0000 1650405539738 935481.0000 -0.1960
-11.1856 76.8603 -32.4348 0.0000 1650405539792 935535.0000 -0.1960
-11.1622 76.8135 -34.0316 0.0000 1650405539846 935589.0000 -0.1960
-10.9980 76.9521 -35.3456 0.0000 1650405539899 935643.0000 -0.1960
-11.1784 76.5976 -36.5048 0.0000 1650405539953 935697.0000 -0.1955
-10.9897 76.6879 -37.8606 0.0000 1650405540007 935751.0000 -0.1960
-10.9956 76.4870 -38.6204 0.0000 1650405540061 935805.0000 -0.1960
-10.9089 76.4570 -39.8271 0.0000 1650405540115 935858.0000 -0.1955
-10.8956 76.3580 -40.9123 0.0000 1650405540169 935912.0000 -0.1955
-10.9334 76.6148 -39.8074 0.0000 1650405540223 935966.0000 -0.1960
-11.0043 76.6325 -41.4651 0.0000 1650405540278 936020.0000 -0.1955
-10.6498 76.4574 -43.0807 0.0000 1650405540332 936074.0000 -0.1960
-10.5731 76.5518 -43.6627 0.0000 1650405540386 936128.0000 -0.1960
-10.7986 76.3583 -44.3501 0.0000 1650405540440 936182.0000 -0.1960
-10.7280 76.2175 -43.5672 0.0000 1650405540492 936236.0000 -0.1960
-10.9007 76.2176 -45.0091 0.0000 1650405540546 936290.0000 -0.1965
-10.8673 76.4301 -44.0923 0.0000 1650405540601 936344.0000 -0.1960
-11.0439 76.2207 -44.8674 0.0000 1650405540654 936398.0000 -0.1955
-10.8459 76.1845 -45.0224 0.0000 1650405540709 936452.0000 -0.1960
-11.0483 76.1244 -45.3410 0.0000 1650405540763 936506.0000 -0.1960
-10.8872 76.3723 -45.4148 0.0000 1650405540817 936560.0000 -0.1960
-11.0644 76.1428 -44.0508 0.0000 1650405540871 936614.0000 -0.1960
-11.2054 76.3686 -44.9364 0.0000 1650405540925 936668.0000 -0.1965
-11.3370 76.3272 -43.7180 0.0000 1650405540980 936722.0000 -0.1960
-11.3868 76.4140 -43.3583 0.0000 1650405541034 936776.0000 -0.1960
-11.2061 76.4843 -42.4173 0.0000 1650405541088 936830.0000 -0.1965
-11.2559 76.4453 -42.0134 0.0000 1650405541140 936884.0000 -0.1960
-11.2539 76.4207 -40.0090 0.0000 1650405541194 936938.0000 -0.1960
-11.2064 76.4988 -39.2121 0.0000 1650405541248 936992.0000 -0.1960
-11.1816 76.6284 -38.7695 0.0000 1650405541302 937046.0000 -0.1960
-11.2662 76.6763 -37.6165 0.0000 1650405541356 937100.0000 -0.1960
-11.2730 76.5706 -36.6402 0.0000 1650405541411 937154.0000 -0.1965
-11.2331 76.5031 -34.9269 0.0000 1650405541465 937208.0000 -0.1965
-11.0630 76.8780 -33.8145 0.0000 1650405541519 937261.0000 -0.1960
-11.4066 76.9191 -32.2054 0.0000 1650405541573 937315.0000 -0.1960
-11.6520 77.0887 -31.4407 0.0000 1650405541627 937369.0000 -0.1965
-11.4822 76.9803 -30.3300 0.0000 1650405541681 937423.0000 -0.1965
-11.3853 77.0027 -29.0514 0.0000 1650405541733 937477.0000 -0.1960
-11.4771 77.0209 -27.5177 0.0000 1650405541787 937531.0000 -0.1960
-11.4698 77.0715 -26.6941 0.0000 1650405541842 937585.0000 -0.1960
-11.2728 77.1407 -25.2454 0.0000 1650405541896 937639.0000 -0.1965
-11.4235 77.3455 -23.8324 0.0000 1650405541950 937693.0000 -0.1965
-11.2819 77.1860 -22.7034 0.0000 1650405542004 937747.0000 -0.1965
-11.5274 77.1911 -21.9225 0.0000 1650405542058 937801.0000 -0.1960
-11.1586 77.0041 -22.4051 0.0000 1650405542112 937855.0000 -0.1960
-11.3644 76.9888 -22.4553 0.0000 1650405542166 937909.0000 -0.1965
-11.2869 77.0373 -22.5599 0.0000 1650405542221 937963.0000 -0.1960
-11.2305 77.1292 -22.8541 0.0000 1650405542275 938017.0000 -0.1955
-11.2759 77.0663 -22.8075 0.0000 1650405542327 938071.0000 -0.1955
-11.1526 77.0403 -22.7155 0.0000 1650405542381 938125.0000 -0.1955
-11.2858 77.0770 -22.6517 0.0000 1650405542435 938179.0000 -0.1955
-11.1928 76.9201 -22.7197 0.0000 1650405542489 938233.0000 -0.1960
-11.2244 76.9438 -22.8387 0.0000 1650405542544 938287.0000 -0.1960
-11.4031 77.0687 -22.8483 0.0000 1650405542597 938341.0000 -0.1955
-11.4443 77.0192 -22.7849 0.0000 1650405542652 938395.0000 -0.1955
-11.4085 76.9705 -22.7013 0.0000 1650405542706 938449.0000 -0.1960
-11.5037 77.0464 -23.0441 0.0000 1650405542760 938503.0000 -0.1955
-11.4028 77.1155 -23.1001 0.0000 1650405542814 938557.0000 -0.1955
-11.3886 76.9832 -22.8655 0.0000 1650405542868 938610.0000 -0.1955
-11.3710 76.9572 -22.5354 0.0000 1650405542923 938664.0000 -0.1955
-11.3273 76.9193 -22.9556 0.0000 1650405542975 938718.0000 -0.1960
-11.4601 77.0152 -22.8705 0.0000 1650405543029 938772.0000 -0.1960
-11.4552 77.0571 -22.8894 0.0000 1650405543083 938826.0000 -0.1960
-11.5073 76.8264 -22.7911 0.0000 1650405543137 938880.0000 -0.1955
-11.5277 77.0658 -22.6063 0.0000 1650405543191 938934.0000 -0.1955
-11.3297 76.8640 -22.6202 0.0000 1650405543245 938988.0000 -0.1955
-11.3026 76.9137 -22.7814 0.0000 1650405543299 939042.0000 -0.1950
-11.4064 76.9280 -22.6427 0.0000 1650405543354 939096.0000 -0.1950
-11.4804 77.2971 -23.2170 0.0000 1650405543408 939150.0000 -0.1955
-11.3450 77.0650 -24.1943 0.0000 1650405543462 939204.0000 -0.1950
-11.2178 77.2765 -25.7136 0.0000 1650405543516 939258.0000 -0.1960
-11.2508 77.2356 -26.5680 0.0000 1650405543568 939312.0000 -0.1960
-11.1969 77.0178 -28.0164 0.0000 1650405543622 939366.0000 -0.1955
-11.3237 77.0661 -29.2446 0.0000 1650405543676 939420.0000 -0.1950
-11.0938 76.9985 -30.7286 0.0000 1650405543730 939474.0000 -0.1955
-11.1077 76.8087 -32.0109 0.0000 1650405543785 939528.0000 -0.1955
-11.2385 76.8104 -33.3640 0.0000 1650405543839 939582.0000 -0.1950
-11.0262 76.7000 -34.5731 0.0000 1650405543893 939636.0000 -0.1950
-11.1038 76.6674 -35.7440 0.0000 1650405543947 939690.0000 -0.1950
-11.1472 76.7593 -36.6553 0.0000 1650405544001 939744.0000 -0.1955
-10.9904 76.5030 -38.2096 0.0000 1650405544055 939798.0000 -0.1955
-11.1293 76.4498 -39.0268 0.0000 1650405544109 939852.0000 -0.1960
-10.6119 76.5910 -40.5231 0.0000 1650405544164 939906.0000 -0.1955
-10.9519 76.3726 -41.5797 0.0000 1650405544216 939959.0000 -0.1950
-10.8467 76.5375 -42.3762 0.0000 1650405544270 940013.0000 -0.1955
-10.7331 77.1173 -42.5151 0.0000 1650405544324 940067.0000 -0.1955
-10.6740 76.8421 -42.5874 0.0000 1650405544378 940121.0000 -0.1950
-10.5358 76.2920 -43.6352 0.0000 1650405544432 940175.0000 -0.1950
-10.9234 76.5504 -44.5504 0.0000 1650405544487 940229.0000 -0.1950
-10.5925 76.2380 -43.6184 0.0000 1650405544540 940283.0000 -0.1950
-10.9556 76.4929 -44.9647 0.0000 1650405544595 940337.0000 -0.1955
-11.0477 76.5349 -44.8781 0.0000 1650405544649 940391.0000 -0.1955
-10.8922 76.3121 -45.2022 0.0000 1650405544703 940445.0000 -0.1950
-10.9025 76.0768 -44.9209 0.0000 1650405544757 940499.0000 -0.1945
-10.7851 76.3419 -45.5040 0.0000 1650405544809 940553.0000 -0.1950
-10.9999 76.4274 -44.9338 0.0000 1650405544864 940607.0000 -0.1955
-11.0713 76.1810 -44.2223 0.0000 1650405544918 940661.0000 -0.1950
-11.1241 76.4914 -43.7453 0.0000 1650405544972 940715.0000 -0.1950
-11.2573 76.5160 -43.7362 0.0000 1650405545026 940769.0000 -0.1950
-11.3452 76.2925 -43.0481 0.0000 1650405545080 940823.0000 -0.1950
-11.3073 76.3775 -42.3562 0.0000 1650405545134 940877.0000 -0.1950
-11.1080 76.4121 -40.9954 0.0000 1650405545188 940931.0000 -0.1955
-11.1889 76.4523 -40.2058 0.0000 1650405545242 940985.0000 -0.1950
-11.1374 76.5814 -38.9442 0.0000 1650405545297 941039.0000 -0.1950
-11.2271 76.5919 -38.2333 0.0000 1650405545351 941093.0000 -0.1955
-11.2355 76.4015 -37.4631 0.0000 1650405545405 941147.0000 -0.1955
-11.1530 76.5788 -35.9530 0.0000 1650405545457 941201.0000 -0.1950
-11.2103 76.8398 -34.1552 0.0000 1650405545511 941255.0000 -0.1950
-11.1132 76.8436 -33.1649 0.0000 1650405545565 941308.0000 -0.1950
-11.5663 76.9848 -31.9612 0.0000 1650405545619 941362.0000 -0.1950
-11.5157 77.0040 -30.8885 0.0000 1650405545673 941416.0000 -0.1955
-11.5874 77.0443 -29.5012 0.0000 1650405545728 941470.0000 -0.1955
-11.4320 76.9720 -28.4162 0.0000 1650405545782 941524.0000 -0.1955
-11.3370 77.1158 -27.0549 0.0000 1650405545836 941578.0000 -0.1950
-11.3220 76.9891 -25.8327 0.0000 1650405545890 941632.0000 -0.1955
-11.3070 77.1682 -24.5237 0.0000 1650405545944 941686.0000 -0.1955
-11.2993 77.0564 -23.1516 0.0000 1650405545998 941740.0000 -0.1950
-11.2815 77.1816 -22.3246 0.0000 1650405546050 941794.0000 -0.1950
-11.0976 77.0940 -22.1078 0.0000 1650405546104 941848.0000 -0.1950
-11.1262 77.1367 -22.4206 0.0000 1650405546159 941902.0000 -0.1950
-11.3496 77.0420 -22.6609 0.0000 1650405546213 941956.0000 -0.1950
-11.2568 77.1609 -22.7057 0.0000 1650405546267 942010.0000 -0.1950
-11.2389 77.1142 -22.8501 0.0000 1650405546321 942064.0000 -0.1945
-11.2686 77.0566 -22.7777 0.0000 1650405546375 942118.0000 -0.1945
-11.2710 76.8639 -23.0923 0.0000 1650405546430 942172.0000 -0.1950
-11.1691 76.9368 -22.9976 0.0000 1650405546483 942226.0000 -0.1945
-11.1895 76.9449 -23.0669 0.0000 1650405546538 942280.0000 -0.1940
-11.0945 77.1745 -22.9883 0.0000 1650405546592 942334.0000 -0.1940
-11.2252 77.0034 -23.0514 0.0000 1650405546646 942388.0000 -0.1940
-11.2377 77.1594 -22.9429 0.0000 1650405546698 942442.0000 -0.1940
-11.2867 77.0885 -22.9803 0.0000 1650405546752 942496.0000 -0.1940
-11.2582 76.8912 -23.0622 0.0000 1650405546806 942550.0000 -0.1945
-11.0687 77.0259 -23.0410 0.0000 1650405546861 942604.0000 -0.1945
-11.2139 76.9881 -23.1033 0.0000 1650405546915 942657.0000 -0.1940
-11.1656 77.0051 -23.1306 0.0000 1650405546969 942711.0000 -0.1955
-11.1604 76.7751 -23.1548 0.0000 1650405547023 942765.0000 -0.1969
-11.2214 76.9757 -23.2143 0.0000 1650405547077 942819.0000 -0.1979
-11.3102 76.8980 -23.0134 0.0000 1650405547131 942873.0000 -0.1989
-11.1578 76.9068 -23.0116 0.0000 1650405547185 942927.0000 -0.1994
-11.3964 76.9200 -23.0701 0.0000 1650405547240 942981.0000 -0.1994
-11.3364 76.9844 -23.0625 0.0000 1650405547292 943035.0000 -0.1999
-11.1179 77.0328 -23.1449 0.0000 1650405547346 943089.0000 -0.1999
-11.2469 76.8459 -22.4587 0.0000 1650405547400 943143.0000 -0.1999
-11.6648 77.1781 -23.1599 0.0000 1650405547454 943197.0000 -0.1994
-11.2571 77.0728 -24.6930 0.0000 1650405547508 943251.0000 -0.1999
-11.3409 77.2117 -26.3496 0.0000 1650405547562 943305.0000 -0.1999
-11.2300 77.2489 -27.5778 0.0000 1650405547616 943359.0000 -0.1994
-11.2987 77.0778 -28.6292 0.0000 1650405547671 943413.0000 -0.1999
-11.2802 76.9343 -30.0453 0.0000 1650405547725 943467.0000 -0.1999
-11.1937 76.9305 -31.2960 0.0000 1650405547779 943521.0000 -0.1999
-11.0540 76.8265 -32.5639 0.0000 1650405547833 943575.0000 -0.1999
-11.0897 76.7699 -33.9500 0.0000 1650405547885 943629.0000 -0.1999
-11.0805 76.7966 -35.1785 0.0000 1650405547939 943683.0000 -0.1999
-11.0950 76.7111 -36.4160 0.0000 1650405547993 943737.0000 -0.1994
-11.2030 76.5446 -37.4699 0.0000 1650405548047 943791.0000 -0.1999
-11.0898 76.4796 -38.7227 0.0000 1650405548102 943845.0000 -0.1999
-11.2089 76.7623 -39.6213 0.0000 1650405548156 943899.0000 -0.1994
-10.8074 76.6505 -41.0289 0.0000 1650405548210 943953.0000 -0.1994
-10.7260 76.3861 -41.7454 0.0000 1650405548264 944007.0000 -0.1994
-10.8602 76.3359 -42.4799 0.0000 1650405548318 944060.0000 -0.1994
-10.9104 76.5179 -41.3461 0.0000 1650405548373 944114.0000 -0.1999
-10.5245 76.4924 -43.7843 0.0000 1650405548426 944168.0000 -0.1999
-10.7235 76.6620 -43.3346 0.0000 1650405548481 944222.0000 -0.1999
-11.0841 76.4672 -43.7929 0.0000 1650405548533 944276.0000 -0.1994
-11.1062 76.4504 -44.5152 0.0000 1650405548587 944330.0000 -0.1999
-11.0080 76.5907 -44.3939 0.0000 1650405548641 944384.0000 -0.1994
-11.0424 76.2641 -45.1343 0.0000 1650405548695 944438.0000 -0.1994
-11.1989 76.3432 -44.4881 0.0000 1650405548750 944492.0000 -0.1994
-10.9942 76.1800 -45.2919 0.0000 1650405548804 944546.0000 -0.1994
-11.1235 76.2876 -45.2873 0.0000 1650405548858 944600.0000 -0.1994
-11.0229 76.3718 -45.2281 0.0000 1650405548912 944654.0000 -0.1999
-11.1351 76.2245 -44.7200 0.0000 1650405548966 944708.0000 -0.1999
-11.1682 76.4114 -44.2560 0.0000 1650405549020 944762.0000 -0.1999
-11.1097 76.4339 -43.0414 0.0000 1650405549074 944816.0000 -0.1999
-11.2962 76.5831 -42.9038 0.0000 1650405549126 944870.0000 -0.2004
-11.0508 76.4383 -42.0682 0.0000 1650405549181 944924.0000 -0.1999
-11.1832 76.3625 -40.8763 0.0000 1650405549235 944978.0000 -0.1994
-11.1578 76.4785 -39.2715 0.0000 1650405549289 945032.0000 -0.1999
-11.1106 76.5543 -38.6665 0.0000 1650405549343 945086.0000 -0.1999
-11.2769 76.6427 -37.1258 0.0000 1650405549397 945140.0000 -0.1999
-11.2615 76.6316 -36.7738 0.0000 1650405549451 945194.0000 -0.1999
-11.0941 76.6232 -35.1163 0.0000 1650405549505 945248.0000 -0.2004
-11.2397 76.7360 -33.8751 0.0000 1650405549559 945302.0000 -0.1999
-11.3717 76.9011 -32.4265 0.0000 1650405549614 945356.0000 -0.1999
-11.4375 76.7884 -31.4621 0.0000 1650405549668 945409.0000 -0.1999
-11.3589 76.9443 -30.4583 0.0000 1650405549722 945463.0000 -0.1999
-11.4330 77.0297 -29.1148 0.0000 1650405549774 945517.0000 -0.1999
-11.3580 77.0732 -27.9630 0.0000 1650405549828 945571.0000 -0.1999
-11.3437 77.0035 -26.6889 0.0000 1650405549882 945625.0000 -0.1999
-11.2784 77.1110 -25.3673 0.0000 1650405549936 945679.0000 -0.1999
-11.3557 77.1202 -24.0555 0.0000 1650405549990 945733.0000 -0.1999
-11.2504 77.1112 -22.8645 0.0000 1650405550045 945787.0000 -0.2004
-11.0483 77.2188 -22.4473 0.0000 1650405550099 945841.0000 -0.1999
-11.0699 77.0214 -22.3692 0.0000 1650405550153 945895.0000 -0.1999
-11.3309 77.0428 -22.3738 0.0000 1650405550207 945949.0000 -0.2004
-11.1755 76.9615 -22.7534 0.0000 1650405550261 946003.0000 -0.1999
-11.3373 77.1479 -22.9967 0.0000 1650405550316 946057.0000 -0.1999
-11.3721 77.0886 -22.9423 0.0000 1650405550368 946111.0000 -0.1999
-11.2613 77.0149 -22.7126 0.0000 1650405550422 946165.0000 -0.1999
-11.1668 76.9755 -22.9843 0.0000 1650405550476 946219.0000 -0.1994
-11.3136 77.2620 -23.0697 0.0000 1650405550530 946273.0000 -0.1999
-11.3102 77.1102 -22.8714 0.0000 1650405550584 946327.0000 -0.1999
-11.1193 76.9828 -22.9797 0.0000 1650405550638 946381.0000 -0.1994
-11.1560 76.9527 -22.9104 0.0000 1650405550692 946435.0000 -0.1999
-11.3652 77.0086 -22.9770 0.0000 1650405550747 946489.0000 -0.2004
-11.2247 76.9662 -23.0399 0.0000 1650405550801 946543.0000 -0.1999
-11.2650 76.8532 -22.9446 0.0000 1650405550855 946597.0000 -0.1999
-11.3453 76.9187 -23.0203 0.0000 1650405550909 946651.0000 -0.1999
-11.1044 76.9726 -22.8351 0.0000 1650405550963 946705.0000 -0.1999
-11.2315 76.9919 -23.0617 0.0000 1650405551015 946758.0000 -0.1999
-11.2811 76.9859 -22.9655 0.0000 1650405551069 946812.0000 -0.2004
-11.2854 76.9854 -23.0801 0.0000 1650405551124 946866.0000 -0.2004
-11.2194 76.9505 -23.2079 0.0000 1650405551178 946920.0000 -0.1999
-11.4457 76.8487 -23.1996 0.0000 1650405551232 946974.0000 -0.2004
-11.2828 76.9702 -22.8973 0.0000 1650405551286 947028.0000 -0.2009
-11.4138 77.0782 -22.9247 0.0000 1650405551340 947082.0000 -0.2004
-11.3653 76.8545 -23.0931 0.0000 1650405551394 947136.0000 -0.2004
-11.2908 77.0837 -23.1620 0.0000 1650405551448 947190.0000 -0.2004
-11.3670 77.1055 -24.0592 0.0000 1650405551502 947244.0000 -0.1999
-11.2748 77.0949 -25.2726 0.0000 1650405551557 947298.0000 -0.1999
-11.2707 77.2555 -26.5844 0.0000 1650405551609 947352.0000 -0.2004
-11.1881 77.2226 -28.0451 0.0000 1650405551663 947406.0000 -0.2009
-11.1234 77.0174 -29.5380 0.0000 1650405551717 947460.0000 -0.2004
-11.0678 77.0460 -30.7377 0.0000 1650405551771 947514.0000 -0.2004
-11.1672 76.7148 -31.8119 0.0000 1650405551825 947568.0000 -0.2009
-11.1406 76.6579 -33.0634 0.0000 1650405551879 947622.0000 -0.2009
-11.1389 76.6777 -34.6526 0.0000 1650405551934 947676.0000 -0.2004
-11.0975 76.6938 -35.9006 0.0000 1650405551988 947730.0000 -0.2004
-11.0276 76.5288 -36.9831 0.0000 1650405552042 947784.0000 -0.2004
-11.0755 76.5434 -38.0316 0.0000 1650405552096 947838.0000 -0.2009
-11.2180 76.5871 -39.4434 0.0000 1650405552150 947892.0000 -0.2009
-11.0904 76.4933 -40.1143 0.0000 1650405552204 947946.0000 -0.2009
-10.7617 76.5934 -41.2549 0.0000 1650405552257 948000.0000 -0.2004
-11.1936 76.4595 -42.2678 0.0000 1650405552310 948054.0000 -0.2009
-11.0580 76.3461 -42.8875 0.0000 1650405552365 948107.0000 -0.2009
-10.6697 76.3477 -43.2184 0.0000 1650405552419 948161.0000 -0.2004
-10.7866 76.5974 -43.2326 0.0000 1650405552473 948215.0000 -0.2004
-11.1364 76.2980 -44.6493 0.0000 1650405552527 948269.0000 -0.2004
-10.9247 76.2630 -44.4615 0.0000 1650405552581 948323.0000 -0.2009
-11.0517 76.6090 -45.0815 0.0000 1650405552636 948377.0000 -0.2009
-11.1337 76.2032 -44.8702 0.0000 1650405552690 948431.0000 -0.2009
-11.0243 76.2274 -45.0440 0.0000 1650405552744 948485.0000 -0.2009
-11.0616 76.2422 -44.8866 0.0000 1650405552798 948539.0000 -0.2009
-11.1103 76.2058 -45.3618 0.0000 1650405552850 948593.0000 -0.2013
-10.9546 76.2504 -45.0966 0.0000 1650405552904 948647.0000 -0.2013
-11.1367 76.1369 -44.8606 0.0000 1650405552958 948701.0000 -0.2009
-11.0642 76.3114 -44.7181 0.0000 1650405553012 948755.0000 -0.2004
-11.1365 76.2497 -43.8771 0.0000 1650405553067 948809.0000 -0.2009
-10.9179 76.3922 -42.7548 0.0000 1650405553121 948863.0000 -0.2009
-11.1590 76.5129 -42.2071 0.0000 1650405553175 948917.0000 -0.2009
-11.2440 76.5518 -41.5218 0.0000 1650405553229 948971.0000 -0.2013
-11.1495 76.3600 -40.3912 0.0000 1650405553283 949025.0000 -0.2013
-11.1814 76.3887 -38.8499 0.0000 1650405553337 949079.0000 -0.2009
-11.1589 76.5605 -38.5566 0.0000 1650405553391 949133.0000 -0.2013
-11.0262 76.5377 -37.0478 0.0000 1650405553443 949187.0000 -0.2013
-11.2716 76.6160 -35.7989 0.0000 1650405553498 949241.0000 -0.2009
-11.1656 76.5870 -34.8744 0.0000 1650405553552 949295.0000 -0.2009
-11.1608 76.9064 -33.2738 0.0000 1650405553606 949349.0000 -0.2009
-11.5238 76.8857 -32.4208 0.0000 1650405553660 949403.0000 -0.2013
-11.4925 76.8819 -31.0710 0.0000 1650405553714 949456.0000 -0.2013
-11.4373 76.8945 -29.7202 0.0000 1650405553768 949510.0000 -0.2013
-11.3695 77.0478 -28.5245 0.0000 1650405553822 949564.0000 -0.2013
-11.3608 77.0123 -27.1934 0.0000 1650405553877 949618.0000 -0.2009
-11.4114 77.0742 -26.0540 0.0000 1650405553931 949672.0000 -0.2013
-11.1962 76.9950 -24.7394 0.0000 1650405553985 949726.0000 -0.2013
-11.1800 77.1587 -23.4447 0.0000 1650405554039 949780.0000 -0.2013
-11.1107 77.2143 -22.4015 0.0000 1650405554091 949834.0000 -0.2009
-11.1613 77.0942 -22.2495 0.0000 1650405554145 949888.0000 -0.2013
-11.0864 77.0537 -22.4934 0.0000 1650405554199 949942.0000 -0.2013
-11.2205 77.0209 -22.6122 0.0000 1650405554254 949996.0000 -0.2013
-11.2483 76.9975 -22.6757 0.0000 1650405554308 950050.0000 -0.2018
-11.2744 76.8815 -22.8723 0.0000 1650405554362 950104.0000 -0.2018
-11.2157 76.9444 -22.9642 0.0000 1650405554416 950158.0000 -0.2013
-11.2365 76.9453 -22.9140 0.0000 1650405554470 950212.0000 -0.2018
-11.1555 76.8691 -23.0755 0.0000 1650405554524 950266.0000 -0.2018
-11.1729 76.6819 -22.8399 0.0000 1650405554578 950320.0000 -0.2013
-11.5049 77.1147 -23.1390 0.0000 1650405554633 950374.0000 -0.2013
-11.1509 76.8314 -22.9293 0.0000 1650405554685 950428.0000 -0.2018
-11.1014 76.8628 -22.9319 0.0000 1650405554739 950482.0000 -0.2018
-11.2336 76.9969 -22.9443 0.0000 1650405554793 950536.0000 -0.2018
-11.4053 76.9550 -23.0961 0.0000 1650405554847 950590.0000 -0.2023
-11.3004 77.0154 -22.7122 0.0000 1650405554901 950644.0000 -0.2018
-11.3123 76.8391 -22.7971 0.0000 1650405554955 950698.0000 -0.2018
-11.1769 76.8592 -22.8702 0.0000 1650405555009 950752.0000 -0.2023
-11.2443 76.8913 -22.9001 0.0000 1650405555064 950805.0000 -0.2023
-11.3431 76.9793 -22.8095 0.0000 1650405555118 950859.0000 -0.2018
-11.1448 76.9553 -23.0931 0.0000 1650405555172 950913.0000 -0.2018
-11.3162 76.9859 -23.0213 0.0000 1650405555226 950967.0000 -0.2018
-11.3494 76.8482 -23.0008 0.0000 1650405555281 951021.0000 -0.2023
-11.1909 76.9281 -22.9814 0.0000 1650405555332 951075.0000 -0.2023
-11.4001 76.8483 -23.0318 0.0000 1650405555386 951129.0000 -0.2028
-11.4186 76.8532 -23.0073 0.0000 1650405555441 951183.0000 -0.2023
-11.4163 77.0975 -23.3861 0.0000 1650405555495 951237.0000 -0.2023
-11.5411 77.0354 -24.8617 0.0000 1650405555549 951291.0000 -0.2028
-11.3662 77.3482 -26.1033 0.0000 1650405555603 951345.0000 -0.2023
-11.3181 77.1872 -27.5095 0.0000 1650405555657 951399.0000 -0.2018
-11.0731 77.1008 -28.7063 0.0000 1650405555711 951453.0000 -0.2023
-11.2576 77.0782 -29.9781 0.0000 1650405555766 951507.0000 -0.2023
-11.1385 77.0034 -31.3960 0.0000 1650405555820 951561.0000 -0.2023
-11.2433 76.7510 -32.5909 0.0000 1650405555874 951615.0000 -0.2028
-11.3019 76.5175 -33.8682 0.0000 1650405555926 951669.0000 -0.2028
-11.2042 76.5516 -35.2252 0.0000 1650405555980 951723.0000 -0.2028
-11.2671 76.6865 -36.3195 0.0000 1650405556034 951777.0000 -0.2028
-11.2375 76.5161 -37.5147 0.0000 1650405556088 951831.0000 -0.2028
-11.1918 76.6016 -38.7641 0.0000 1650405556142 951885.0000 -0.2028
-11.2639 76.4856 -39.9365 0.0000 1650405556197 951939.0000 -0.2023
-11.1023 76.5439 -41.0931 0.0000 1650405556251 951993.0000 -0.2023
-10.9662 76.4497 -42.0482 0.0000 1650405556305 952047.0000 -0.2023
-11.0070 76.4891 -41.4251 0.0000 1650405556359 952101.0000 -0.2023
-10.9711 76.6455 -42.0358 0.0000 1650405556413 952154.0000 -0.2028
-10.5578 76.3713 -43.3485 0.0000 1650405556467 952208.0000 -0.2033
-10.7619 76.1252 -44.2413 0.0000 1650405556519 952262.0000 -0.2028
-10.7598 76.1879 -44.3318 0.0000 1650405556574 952316.0000 -0.2028
-10.8479 76.4122 -43.8895 0.0000 1650405556628 952370.0000 -0.2028
-10.6980 76.2179 -45.3413 0.0000 1650405556682 952424.0000 -0.2028
-11.4121 76.2038 -45.2950 0.0000 1650405556736 952478.0000 -0.2023
-10.9891 76.3586 -44.9492 0.0000 1650405556790 952532.0000 -0.2023
-11.1562 76.2359 -45.2672 0.0000 1650405556844 952586.0000 -0.2023
-10.9554 76.3464 -44.9001 0.0000 1650405556898 952640.0000 -0.2023
-11.1687 76.3192 -44.5920 0.0000 1650405556952 952694.0000 -0.2023
-11.3703 76.3663 -43.4779 0.0000 1650405557007 952748.0000 -0.2028
-11.2833 76.4560 -43.8161 0.0000 1650405557061 952802.0000 -0.2023
-11.1845 76.3343 -43.1196 0.0000 1650405557115 952856.0000 -0.2023
-11.0454 76.3553 -42.4925 0.0000 1650405557167 952910.0000 -0.2028
-11.1301 76.3501 -42.0862 0.0000 1650405557221 952964.0000 -0.2028
-11.1274 76.4480 -40.5029 0.0000 1650405557275 953018.0000 -0.2023
-11.1623 76.6334 -40.2150 0.0000 1650405557329 953072.0000 -0.2028
-11.1350 76.4161 -38.9508 0.0000 1650405557384 953126.0000 -0.2028
-11.1917 76.5928 -37.2838 0.0000 1650405557438 953180.0000 -0.2028
-11.1737 76.5738 -36.2216 0.0000 1650405557492 953234.0000 -0.2028
-11.2608 76.6797 -35.1086 0.0000 1650405557546 953288.0000 -0.2028
-11.2914 76.6620 -34.1642 0.0000 1650405557600 953342.0000 -0.2023
-11.3104 76.7061 -32.9364 0.0000 1650405557654 953396.0000 -0.2023
-11.5452 76.6101 -31.7980 0.0000 1650405557709 953450.0000 -0.2028
-11.5240 76.8677 -30.5221 0.0000 1650405557761 953503.0000 -0.2028
-11.4654 77.0208 -29.2514 0.0000 1650405557815 953557.0000 -0.2023
-11.4069 76.9487 -27.9646 0.0000 1650405557869 953611.0000 -0.2023
-11.3220 77.0210 -26.7075 0.0000 1650405557923 953665.0000 -0.2023
-11.3573 77.1377 -25.3982 0.0000 1650405557977 953719.0000 -0.2023
-11.2573 77.0885 -24.1790 0.0000 1650405558031 953773.0000 -0.2023
-11.2722 77.1701 -23.0413 0.0000 1650405558086 953827.0000 -0.2023
-11.2901 77.0626 -22.1035 0.0000 1650405558140 953881.0000 -0.2023
-11.1318 76.9788 -22.4269 0.0000 1650405558194 953935.0000 -0.2023
-11.3757 77.0217 -22.5978 0.0000 1650405558248 953989.0000 -0.2023
-11.3650 76.9179 -22.7853 0.0000 1650405558302 954043.0000 -0.2023
-11.2959 76.9565 -22.6964 0.0000 1650405558356 954097.0000 -0.2018
-11.1997 76.8790 -22.9067 0.0000 1650405558408 954151.0000 -0.2018
-11.2164 76.9395 -22.8431 0.0000 1650405558462 954205.0000 -0.2018
-11.2062 76.9106 -22.8569 0.0000 1650405558517 954259.0000 -0.2018
-11.2187 76.8918 -22.8384 0.0000 1650405558571 954313.0000 -0.2023
-11.2196 76.9885 -22.9456 0.0000 1650405558625 954367.0000 -0.2028
-11.2102 76.8338 -23.0719 0.0000 1650405558679 954421.0000 -0.2023
-11.3250 76.9518 -22.8406 0.0000 1650405558733 954475.0000 -0.2028
-11.1760 76.8509 -22.8489 0.0000 1650405558787 954529.0000 -0.2028
-11.1894 77.0384 -22.8016 0.0000 1650405558841 954583.0000 -0.2023
-11.2306 76.9133 -22.9800 0.0000 1650405558895 954637.0000 -0.2023
-11.2377 76.8325 -22.9098 0.0000 1650405558950 954691.0000 -0.2023
-11.2266 76.8527 -22.9066 0.0000 1650405559002 954745.0000 -0.2023
-11.1133 76.8095 -22.8654 0.0000 1650405559056 954799.0000 -0.2023
-11.1895 76.8844 -22.8945 0.0000 1650405559110 954853.0000 -0.2028
-11.0831 76.7973 -22.8101 0.0000 1650405559164 954906.0000 -0.2028
-11.3516 76.9252 -22.9640 0.0000 1650405559218 954960.0000 -0.2023
-11.3334 76.8789 -22.8308 0.0000 1650405559272 955014.0000 -0.2023
-11.2039 76.8153 -22.9866 0.0000 1650405559327 955068.0000 -0.2028
-11.2891 76.9120 -22.9875 0.0000 1650405559381 955122.0000 -0.2028
-11.4659 76.8371 -22.7602 0.0000 1650405559435 955176.0000 -0.2023
-11.2497 77.0153 -22.9749 0.0000 1650405559489 955230.0000 -0.2023
-11.2788 77.0909 -24.2126 0.0000 1650405559543 955284.0000 -0.2023
-11.1673 77.2616 -25.6564 0.0000 1650405559597 955338.0000 -0.2028
-11.0946 77.2856 -27.0011 0.0000 1650405559650 955392.0000 -0.2028
-11.0626 77.1176 -28.1718 0.0000 1650405559703 955446.0000 -0.2028
-11.2800 76.9037 -29.4938 0.0000 1650405559758 955500.0000 -0.2023
-11.3826 76.9389 -30.8332 0.0000 1650405559812 955554.0000 -0.2028
-11.2016 76.8847 -32.0296 0.0000 1650405559866 955608.0000 -0.2023
-11.3285 76.7340 -33.2312 0.0000 1650405559920 955662.0000 -0.2023
-11.2452 76.7810 -34.5971 0.0000 1650405559974 955716.0000 -0.2018
-11.2642 76.6180 -35.9087 0.0000 1650405560029 955770.0000 -0.2023
-11.1343 76.5591 -37.1280 0.0000 1650405560083 955824.0000 -0.2018
-11.1735 76.4596 -38.1766 0.0000 1650405560137 955878.0000 -0.2018
-11.1119 76.7034 -39.1405 0.0000 1650405560191 955932.0000 -0.2023
-11.0644 76.4637 -40.3627 0.0000 1650405560243 955986.0000 -0.2023
-10.9353 76.4798 -41.3974 0.0000 1650405560297 956040.0000 -0.2018
-10.9571 76.3329 -42.4450 0.0000 1650405560351 956094.0000 -0.2023
-10.7230 76.3105 -43.1447 0.0000 1650405560405 956148.0000 -0.2023
-10.7735 76.4274 -43.5490 0.0000 1650405560460 956202.0000 -0.2018
-10.7616 76.7705 -44.1010 0.0000 1650405560514 956255.0000 -0.2018
-10.4992 76.1992 -43.6678 0.0000 1650405560568 956309.0000 -0.2018
-10.7615 76.3685 -44.8133 0.0000 1650405560622 956363.0000 -0.2018
-10.8497 76.3131 -44.9180 0.0000 1650405560676 956417.0000 -0.2018
-10.7521 76.3384 -45.1221 0.0000 1650405560730 956471.0000 -0.2023
-11.1796 76.1201 -45.1327 0.0000 1650405560784 956525.0000 -0.2023
-11.1203 76.2113 -45.5286 0.0000 1650405560838 956579.0000 -0.2018
-11.1823 76.0587 -45.2198 0.0000 1650405560891 956633.0000 -0.2028
-10.7615 76.1863 -44.2239 0.0000 1650405560945 956687.0000 -0.2023
-11.3298 76.2626 -44.7598 0.0000 1650405560999 956741.0000 -0.2018
-11.3286 76.2959 -44.1350 0.0000 1650405561053 956795.0000 -0.2018
-11.3363 76.4442 -44.0819 0.0000 1650405561107 956849.0000 -0.2018
-11.2656 76.2569 -42.5595 0.0000 1650405561161 956903.0000 -0.2023
-11.2393 76.5620 -42.4043 0.0000 1650405561215 956957.0000 -0.2023
-11.1737 76.4020 -41.1327 0.0000 1650405561270 957011.0000 -0.2023
-11.1542 76.3345 -40.0903 0.0000 1650405561324 957065.0000 -0.2023
-11.2289 76.5643 -39.6801 0.0000 1650405561378 957119.0000 -0.2013
-11.3698 76.4711 -38.5074 0.0000 1650405561432 957173.0000 -0.2018
-11.1507 76.6743 -36.9003 0.0000 1650405561484 957227.0000 -0.2023
-11.1933 76.5474 -35.9748 0.0000 1650405561538 957281.0000 -0.2013
-11.1771 76.6769 -34.8590 0.0000 1650405561593 957335.0000 -0.2013
-11.3259 76.7697 -33.5681 0.0000 1650405561647 957389.0000 -0.2013
-11.3847 76.8894 -32.4897 0.0000 1650405561701 957443.0000 -0.2018
-11.6412 76.8701 -31.1217 0.0000 1650405561755 957497.0000 -0.2018
-11.4714 76.9974 -29.8847 0.0000 1650405561809 957551.0000 -0.2018
-11.3501 77.0229 -28.5435 0.0000 1650405561863 957604.0000 -0.2018
-11.3715 76.9822 -27.2898 0.0000 1650405561917 957658.0000 -0.2013
-11.2516 77.0865 -25.9491 0.0000 1650405561972 957712.0000 -0.2018
-11.2993 77.0598 -24.9864 0.0000 1650405562026 957766.0000 -0.2018
-11.1176 77.1482 -23.5118 0.0000 1650405562078 957820.0000 -0.2013
-11.1953 77.2385 -22.4644 0.0000 1650405562132 957874.0000 -0.2013
-11.2486 77.1550 -22.4895 0.0000 1650405562186 957928.0000 -0.2013
-11.2277 77.0844 -22.4187 0.0000 1650405562240 957982.0000 -0.2013
-11.3941 77.0000 -22.3819 0.0000 1650405562294 958036.0000 -0.2018
-11.2961 76.9817 -22.6682 0.0000 1650405562348 958090.0000 -0.2018
-11.2351 76.9037 -22.9136 0.0000 1650405562403 958144.0000 -0.2018
-11.0532 76.9019 -22.6908 0.0000 1650405562457 958198.0000 -0.2013
-11.0780 77.0212 -22.6702 0.0000 1650405562511 958252.0000 -0.2023
-11.1280 76.9375 -22.6073 0.0000 1650405562565 958306.0000 -0.2018
-11.1916 76.9412 -22.6392 0.0000 1650405562619 958360.0000 -0.2013
-11.2144 76.9171 -22.8320 0.0000 1650405562673 958414.0000 -0.2013
-11.1647 76.9079 -22.9227 0.0000 1650405562725 958468.0000 -0.2013
-11.0313 76.9108 -22.7246 0.0000 1650405562779 958522.0000 -0.2013
-11.1462 76.9082 -22.7939 0.0000 1650405562834 958576.0000 -0.2013
-11.3222 76.9533 -22.9694 0.0000 1650405562888 958630.0000 -0.2018
-11.1151 77.1587 -22.9702 0.0000 1650405562942 958684.0000 -0.2018
-10.9896 76.8602 -22.6849 0.0000 1650405562996 958738.0000 -0.2013
-11.1632 76.7616 -22.6666 0.0000 1650405563050 958792.0000 -0.2018
-11.1880 76.8801 -22.8713 0.0000 1650405563104 958846.0000 -0.2013
-11.1345 76.8223 -22.9261 0.0000 1650405563158 958900.0000 -0.2013
-11.2410 76.9337 -22.8962 0.0000 1650405563213 958953.0000 -0.2013
-11.1271 76.9291 -22.9078 0.0000 1650405563267 959007.0000 -0.2013
-11.1914 77.0059 -22.8995 0.0000 1650405563319 959061.0000 -0.2013
-11.2140 76.8153 -22.7875 0.0000 1650405563373 959115.0000 -0.2018
-11.2424 76.7817 -22.8522 0.0000 1650405563427 959169.0000 -0.2018
-11.2709 76.7883 -23.0439 0.0000 1650405563481 959223.0000 -0.2018
-11.3148 77.0437 -23.3810 0.0000 1650405563536 959277.0000 -0.2013
-11.4285 77.1153 -24.8239 0.0000 1650405563590 959331.0000 -0.2018
-11.1497 77.3133 -26.2713 0.0000 1650405563644 959385.0000 -0.2018
-11.1658 77.1602 -27.2339 0.0000 1650405563698 959439.0000 -0.2013
-11.1830 77.0398 -28.6314 0.0000 1650405563752 959493.0000 -0.2013
-11.2189 76.9438 -30.0243 0.0000 1650405563806 959547.0000 -0.2013
-11.2680 76.9494 -31.3794 0.0000 1650405563860 959601.0000 -0.2013
-11.2288 76.8330 -32.4605 0.0000 1650405563915 959655.0000 -0.2018
-11.2186 77.0211 -33.7805 0.0000 1650405563967 959709.0000 -0.2018
-11.2860 76.5628 -35.0803 0.0000 1650405564021 959763.0000 -0.2018
-11.2105 76.6648 -36.1982 0.0000 1650405564075 959817.0000 -0.2013
-10.9586 76.5767 -37.5804 0.0000 1650405564129 959871.0000 -0.2018
-11.0405 76.5239 -38.7603 0.0000 1650405564183 959925.0000 -0.2018
-10.9459 76.4668 -39.8772 0.0000 1650405564237 959979.0000 -0.2013
-10.9066 76.4981 -40.8950 0.0000 1650405564291 960033.0000 -0.2018
-10.9726 76.5590 -41.9353 0.0000 1650405564346 960087.0000 -0.2018
-10.8795 76.5150 -41.1599 0.0000 1650405564400 960141.0000 -0.2018
-10.8952 76.6687 -42.2516 0.0000 1650405564454 960195.0000 -0.2018
-10.7751 76.7770 -43.8385 0.0000 1650405564508 960249.0000 -0.2023
-10.9250 76.6359 -43.4450 0.0000 1650405564560 960302.0000 -0.2018
-10.9815 76.1880 -43.5692 0.0000 1650405564614 960356.0000 -0.2018
-10.7270 76.3781 -44.4059 0.0000 1650405564668 960410.0000 -0.2023
-10.8426 76.1869 -45.0739 0.0000 1650405564722 960464.0000 -0.2023
-11.1990 76.1954 -44.5308 0.0000 1650405564777 960518.0000 -0.2018
-11.2870 76.2104 -45.2588 0.0000 1650405564831 960572.0000 -0.2018
-11.2287 76.2249 -45.1342 0.0000 1650405564885 960626.0000 -0.2018
-10.9939 76.1418 -45.1867 0.0000 1650405564939 960680.0000 -0.2018
-10.9407 76.1933 -45.0580 0.0000 1650405564993 960734.0000 -0.2023
