-0.6893 23.1036 -15.0722 0.0000 1650405535367 931110.0000 -0.1965
0.5537 25.9629 -14.4969 0.0000 1650405535421 931164.0000 -0.1965
-3.5552 24.9622 -14.1777 0.0000 1650405535475 931218.0000 -0.1965
-2.0769 26.9277 -9.8549 0.0000 1650405535529 931272.0000 -0.1969
0.2284 23.3541 -14.4185 0.0000 1650405535582 931326.0000 -0.1969
-0.7001 28.4083 -14.5803 0.0000 1650405535636 931380.0000 -0.1965
-0.9909 27.3179 -16.6218 0.0000 1650405535690 931434.0000 -0.1969
-1.7685 29.4089 -13.1386 0.0000 1650405535744 931488.0000 -0.1969
-1.5020 30.6969 -14.6302 0.0000 1650405535798 931542.0000 -0.1965
-2.6360 28.6902 -17.8088 0.0000 1650405535852 931596.0000 -0.1965
-0.3123 30.5637 -17.4270 0.0000 1650405535906 931650.0000 -0.1965
1.1999 29.7797 -15.0257 0.0000 1650405535960 931704.0000 -0.1969
-1.7943 30.1054 -15.8609 0.0000 1650405536015 931758.0000 -0.1969
-1.5822 27.3525 -14.3913 0.0000 1650405536069 931811.0000 -0.1974
-2.3202 29.9868 -16.8251 0.0000 1650405536123 931865.0000 -0.1969
0.2434 32.2257 -15.7464 0.0000 1650405536175 931919.0000 -0.1965
0.3591 28.3283 -12.3679 0.0000 1650405536229 931973.0000 -0.1969
3.0971 22.9689 -14.0813 0.0000 1650405536283 932027.0000 -0.1974
-1.1994 29.9613 -11.7732 0.0000 1650405536337 932081.0000 -0.1969
-2.2509 28.0179 -14.8265 0.0000 1650405536392 932135.0000 -0.1969
0.0911 28.3414 -10.7520 0.0000 1650405536446 932189.0000 -0.1969
-0.8599 27.6160 -15.0858 0.0000 1650405536500 932243.0000 -0.1969
-0.0829 26.1422 -11.6591 0.0000 1650405536554 932297.0000 -0.1969
-1.2287 29.3873 -16.9022 0.0000 1650405536608 932351.0000 -0.1974
0.1740 29.7713 -15.3114 0.0000 1650405536662 932405.0000 -0.1974
-1.2191 29.8139 -17.8146 0.0000 1650405536717 932459.0000 -0.1969
-0.7407 28.5001 -15.1216 0.0000 1650405536770 932513.0000 -0.1974
-2.7330 31.3587 -15.4092 0.0000 1650405536823 932567.0000 -0.1974
-1.2094 29.1955 -13.9587 0.0000 1650405536877 932621.0000 -0.1969
-2.8331 28.1778 -15.3313 0.0000 1650405536931 932675.0000 -0.1969
-0.4496 28.6445 -17.0665 0.0000 1650405536985 932729.0000 -0.1969
-2.2486 30.1355 -14.8727 0.0000 1650405537039 932783.0000 -0.1969
-1.1756 30.4347 -15.5706 0.0000 1650405537093 932837.0000 -0.1969
0.3455 29.5640 -16.4157 0.0000 1650405537148 932891.0000 -0.1974
-1.4638 25.1188 -14.1591 0.0000 1650405537202 932945.0000 -0.1974
1.0133 27.0720 -12.5149 0.0000 1650405537256 932999.0000 -0.1969
-1.1221 25.4929 -14.5547 0.0000 1650405537310 933053.0000 -0.1969
-0.9793 26.1050 -12.7205 0.0000 1650405537364 933107.0000 -0.1969
-2.0638 27.1470 -14.6824 0.0000 1650405537416 933160.0000 -0.1965
-2.0091 27.2497 -10.8548 0.0000 1650405537470 933214.0000 -0.1965
-1.5747 25.4402 -16.5648 0.0000 1650405537525 933268.0000 -0.1969
-0.0386 31.3424 -16.8769 0.0000 1650405537579 933322.0000 -0.1969
1.7950 29.8117 -14.8197 0.0000 1650405537633 933376.0000 -0.1969
0.3835 28.5972 -16.9278 0.0000 1650405537687 933430.0000 -0.1969
-1.1519 31.5015 -17.5243 0.0000 1650405537741 933484.0000 -0.1969
-0.2168 32.6951 -16.5024 0.0000 1650405537795 933538.0000 -0.1965
-2.8241 32.8465 -13.1590 0.0000 1650405537849 933592.0000 -0.1969
-1.0256 33.1518 -16.5897 0.0000 1650405537903 933646.0000 -0.1969
-2.3740 30.7537 -14.9038 0.0000 1650405537958 933700.0000 -0.1965
-1.8309 31.9826 -16.8151 0.0000 1650405538010 933754.0000 -0.1965
-3.8000 33.1071 -15.3622 0.0000 1650405538064 933808.0000 -0.1965
-0.9725 27.3582 -12.8767 0.0000 1650405538118 933862.0000 -0.1965
-2.0991 27.4841 -15.1379 0.0000 1650405538172 933916.0000 -0.1965
-0.3379 23.8574 -7.7445 0.0000 1650405538226 933970.0000 -0.1969
1.3527 22.2744 -7.6196 0.0000 1650405538280 934024.0000 -0.1965
1.4720 21.6720 -10.2604 0.0000 1650405538334 934078.0000 -0.1960
1.1571 22.9031 -5.4950 0.0000 1650405538389 934132.0000 -0.1969
1.6419 21.4468 -9.3004 0.0000 1650405538443 934186.0000 -0.1969
-2.2263 22.8026 -7.0626 0.0000 1650405538497 934240.0000 -0.1965
0.0832 28.3392 -13.8934 0.0000 1650405538551 934294.0000 -0.1965
-0.2119 31.1207 -13.0617 0.0000 1650405538605 934348.0000 -0.1965
-2.1021 29.2173 -14.6398 0.0000 1650405538658 934402.0000 -0.1965
-1.7000 31.0815 -13.9516 0.0000 1650405538711 934456.0000 -0.1965
-1.3269 29.1675 -14.3648 0.0000 1650405538766 934509.0000 -0.1969
-0.6368 30.0387 -13.6120 0.0000 1650405538820 934563.0000 -0.1969
-0.6356 30.1398 -13.0882 0.0000 1650405538874 934617.0000 -0.1965
-3.6488 29.0107 -12.3724 0.0000 1650405538928 934671.0000 -0.1969
-3.7210 31.7555 -15.2014 0.0000 1650405538982 934725.0000 -0.1969
-1.4754 29.3854 -15.6027 0.0000 1650405539036 934779.0000 -0.1965
-3.2451 26.4907 -15.7318 0.0000 1650405539091 934833.0000 -0.1965
-1.4292 27.8667 -13.1074 0.0000 1650405539145 934887.0000 -0.1965
2.2067 24.4089 -6.7032 0.0000 1650405539199 934941.0000 -0.1965
2.1262 17.0159 -9.0434 0.0000 1650405539251 934995.0000 -0.1965
-0.8207 26.1322 -7.7650 0.0000 1650405539305 935049.0000 -0.1965
0.3020 17.7301 -12.9885 0.0000 1650405539359 935103.0000 -0.1965
0.3817 26.9915 -6.9755 0.0000 1650405539413 935157.0000 -0.1960
-0.6156 26.2720 -11.6826 0.0000 1650405539468 935211.0000 -0.1965
-0.1774 33.5663 -15.6220 0.0000 1650405539522 935265.0000 -0.1965
-1.7644 34.3877 -15.2570 0.0000 1650405539576 935319.0000 -0.1960
-1.7590 28.6839 -15.5901 0.0000 1650405539630 935373.0000 -0.1955
-3.8754 31.1420 -15.8980 0.0000 1650405539684 935427.0000 -0.1955
-1.0523 32.5810 -17.9089 0.0000 1650405539738 935481.0000 -0.1960
-0.0167 32.2118 -18.5503 0.0000 1650405539792 935535.0000 -0.1960
-0.2827 32.1562 -15.8498 0.0000 1650405539846 935589.0000 -0.1960
-0.2819 30.4595 -18.4472 0.0000 1650405539899 935643.0000 -0.1960
-2.2820 30.5680 -20.3798 0.0000 1650405539953 935697.0000 -0.1955
-0.4185 26.9430 -18.9302 0.0000 1650405540007 935751.0000 -0.1960
0.0003 30.3154 -18.3665 0.0000 1650405540061 935805.0000 -0.1960
-0.5160 26.3082 -20.8589 0.0000 1650405540115 935858.0000 -0.1955
-3.6089 24.6950 -14.0907 0.0000 1650405540169 935912.0000 -0.1955
-1.9841 22.4550 -12.2369 0.0000 1650405540223 935966.0000 -0.1960
-0.2553 18.9750 -11.6422 0.0000 1650405540278 936020.0000 -0.1955
-1.0038 25.4384 -17.8225 0.0000 1650405540332 936074.0000 -0.1960
0.1751 22.6787 -12.1968 0.0000 1650405540386 936128.0000 -0.1960
-1.1921 25.6136 -16.9633 0.0000 1650405540440 936182.0000 -0.1960
-0.4492 24.3771 -17.4202 0.0000 1650405540492 936236.0000 -0.1960
-5.0493 26.8125 -19.3659 0.0000 1650405540546 936290.0000 -0.1965
-1.4121 25.5552 -19.4134 0.0000 1650405540601 936344.0000 -0.1960
-1.9008 26.3815 -19.1227 0.0000 1650405540654 936398.0000 -0.1955
-2.1077 25.4096 -20.3174 0.0000 1650405540709 936452.0000 -0.1960
0.1956 24.9918 -20.5765 0.0000 1650405540763 936506.0000 -0.1960
0.5584 27.6226 -20.9096 0.0000 1650405540817 936560.0000 -0.1960
-2.5919 23.6964 -20.0844 0.0000 1650405540871 936614.0000 -0.1960
-2.5456 25.3792 -20.6191 0.0000 1650405540925 936668.0000 -0.1965
-2.4785 24.7197 -20.9142 0.0000 1650405540980 936722.0000 -0.1960
-2.4694 27.9400 -19.4734 0.0000 1650405541034 936776.0000 -0.1960
-2.1022 25.6719 -20.6959 0.0000 1650405541088 936830.0000 -0.1965
-2.9372 28.0945 -19.3924 0.0000 1650405541140 936884.0000 -0.1960
-1.0786 21.0207 -18.2824 0.0000 1650405541194 936938.0000 -0.1960
-0.1585 28.4735 -19.4121 0.0000 1650405541248 936992.0000 -0.1960
-1.1969 24.1889 -15.1224 0.0000 1650405541302 937046.0000 -0.1960
1.1708 27.9824 -16.6512 0.0000 1650405541356 937100.0000 -0.1960
0.0642 25.9152 -19.5418 0.0000 1650405541411 937154.0000 -0.1965
-0.2180 25.4023 -17.8692 0.0000 1650405541465 937208.0000 -0.1965
-0.6851 23.4881 -17.6095 0.0000 1650405541519 937261.0000 -0.1960
1.8913 27.8609 -18.2756 0.0000 1650405541573 937315.0000 -0.1960
0.4826 26.1757 -17.1025 0.0000 1650405541627 937369.0000 -0.1965
0.4006 30.7920 -17.7175 0.0000 1650405541681 937423.0000 -0.1965
0.4330 29.7409 -17.4463 0.0000 1650405541733 937477.0000 -0.1960
-1.4118 26.5092 -18.0694 0.0000 1650405541787 937531.0000 -0.1960
-2.8456 29.1663 -17.0004 0.0000 1650405541842 937585.0000 -0.1960
-1.5382 31.1028 -17.5111 0.0000 1650405541896 937639.0000 -0.1965
-1.9671 29.0548 -16.5262 0.0000 1650405541950 937693.0000 -0.1965
0.6392 30.2697 -17.1743 0.0000 1650405542004 937747.0000 -0.1965
-2.6465 29.7201 -15.8003 0.0000 1650405542058 937801.0000 -0.1960
-0.7118 28.4367 -13.2600 0.0000 1650405542112 937855.0000 -0.1960
-3.1065 29.1562 -14.6674 0.0000 1650405542166 937909.0000 -0.1965
0.2470 22.0029 -13.3108 0.0000 1650405542221 937963.0000 -0.1960
-0.0226 26.6227 -8.5560 0.0000 1650405542275 938017.0000 -0.1955
-2.5743 26.1204 -11.7996 0.0000 1650405542327 938071.0000 -0.1955
-3.0089 26.0694 -10.8524 0.0000 1650405542381 938125.0000 -0.1955
-2.4225 25.4297 -13.5305 0.0000 1650405542435 938179.0000 -0.1955
1.3967 28.4572 -9.4274 0.0000 1650405542489 938233.0000 -0.1960
-1.2814 29.7506 -15.2465 0.0000 1650405542544 938287.0000 -0.1960
-1.1873 29.3992 -15.2769 0.0000 1650405542597 938341.0000 -0.1955
0.0880 27.8089 -14.0181 0.0000 1650405542652 938395.0000 -0.1955
0.0938 28.3126 -16.6740 0.0000 1650405542706 938449.0000 -0.1960
0.3542 29.1366 -13.9954 0.0000 1650405542760 938503.0000 -0.1955
-0.1345 31.0564 -13.4068 0.0000 1650405542814 938557.0000 -0.1955
2.9313 28.9894 -14.3050 0.0000 1650405542868 938610.0000 -0.1955
0.0076 26.2652 -13.1437 0.0000 1650405542923 938664.0000 -0.1955
-2.3038 30.1857 -16.5695 0.0000 1650405542975 938718.0000 -0.1960
-0.8138 28.2292 -11.7737 0.0000 1650405543029 938772.0000 -0.1960
-1.7851 31.0180 -17.2078 0.0000 1650405543083 938826.0000 -0.1960
-1.5582 26.2836 -15.8261 0.0000 1650405543137 938880.0000 -0.1955
-1.4795 27.7917 -14.9162 0.0000 1650405543191 938934.0000 -0.1955
-0.9767 22.8728 -11.7824 0.0000 1650405543245 938988.0000 -0.1955
1.3477 27.4336 -12.1585 0.0000 1650405543299 939042.0000 -0.1950
-3.1712 25.5832 -13.9731 0.0000 1650405543354 939096.0000 -0.1950
-0.3115 24.5480 -11.7982 0.0000 1650405543408 939150.0000 -0.1955
-0.4110 28.2503 -13.1584 0.0000 1650405543462 939204.0000 -0.1950
-3.3819 31.1840 -9.5690 0.0000 1650405543516 939258.0000 -0.1960
1.4776 32.7343 -15.6431 0.0000 1650405543568 939312.0000 -0.1960
-2.5174 31.7261 -17.7217 0.0000 1650405543622 939366.0000 -0.1955
1.7666 30.9631 -14.7572 0.0000 1650405543676 939420.0000 -0.1950
-1.2485 29.9654 -15.4012 0.0000 1650405543730 939474.0000 -0.1955
0.7739 31.1931 -17.1461 0.0000 1650405543785 939528.0000 -0.1955
-0.5038 29.2593 -17.6173 0.0000 1650405543839 939582.0000 -0.1950
-0.8390 30.2840 -18.4484 0.0000 1650405543893 939636.0000 -0.1950
-1.2788 30.2564 -17.5092 0.0000 1650405543947 939690.0000 -0.1950
-1.2759 29.3060 -17.5753 0.0000 1650405544001 939744.0000 -0.1955
-2.1200 29.4758 -16.9785 0.0000 1650405544055 939798.0000 -0.1955
-0.1771 29.2044 -18.4474 0.0000 1650405544109 939852.0000 -0.1960
1.5631 28.5281 -17.4280 0.0000 1650405544164 939906.0000 -0.1955
-0.6184 23.0962 -14.7686 0.0000 1650405544216 939959.0000 -0.1950
1.2843 24.6200 -18.1433 0.0000 1650405544270 940013.0000 -0.1955
-2.6814 26.6283 -16.4846 0.0000 1650405544324 940067.0000 -0.1955
0.8611 23.4300 -17.9513 0.0000 1650405544378 940121.0000 -0.1950
0.5095 23.7423 -14.0858 0.0000 1650405544432 940175.0000 -0.1950
0.0936 14.8656 -14.0560 0.0000 1650405544487 940229.0000 -0.1950
-0.5546 19.5349 -13.0776 0.0000 1650405544540 940283.0000 -0.1950
-2.5451 25.7769 -20.5718 0.0000 1650405544595 940337.0000 -0.1955
-0.3474 26.4303 -18.7754 0.0000 1650405544649 940391.0000 -0.1955
-0.9423 26.9676 -18.6748 0.0000 1650405544703 940445.0000 -0.1950
-1.3239 20.6390 -16.7016 0.0000 1650405544757 940499.0000 -0.1945
-2.3839 29.6722 -19.2792 0.0000 1650405544809 940553.0000 -0.1950
-1.2807 27.4172 -20.5592 0.0000 1650405544864 940607.0000 -0.1955
-0.6262 24.6028 -19.3437 0.0000 1650405544918 940661.0000 -0.1950
0.1411 27.0736 -22.9948 0.0000 1650405544972 940715.0000 -0.1950
-1.2012 25.4875 -20.0974 0.0000 1650405545026 940769.0000 -0.1950
-0.6870 25.6562 -22.5013 0.0000 1650405545080 940823.0000 -0.1950
-2.3682 26.5364 -23.2724 0.0000 1650405545134 940877.0000 -0.1950
-0.4971 24.2330 -19.0328 0.0000 1650405545188 940931.0000 -0.1955
0.5702 25.5071 -13.9590 0.0000 1650405545242 940985.0000 -0.1950
-1.8891 23.1397 -18.9015 0.0000 1650405545297 941039.0000 -0.1950
-0.8734 25.8197 -9.8522 0.0000 1650405545351 941093.0000 -0.1955
1.4687 22.1535 -14.3679 0.0000 1650405545405 941147.0000 -0.1955
-0.1300 23.2478 -15.6694 0.0000 1650405545457 941201.0000 -0.1950
-1.9541 26.0352 -20.1696 0.0000 1650405545511 941255.0000 -0.1950
2.5950 25.4749 -12.7127 0.0000 1650405545565 941308.0000 -0.1950
-0.6645 30.7337 -17.6282 0.0000 1650405545619 941362.0000 -0.1950
-1.6114 32.0676 -16.6612 0.0000 1650405545673 941416.0000 -0.1955
-4.7399 28.7598 -19.1649 0.0000 1650405545728 941470.0000 -0.1955
0.5557 23.6697 -16.9420 0.0000 1650405545782 941524.0000 -0.1955
0.1556 30.8607 -15.5465 0.0000 1650405545836 941578.0000 -0.1950
-1.2164 26.9731 -16.4662 0.0000 1650405545890 941632.0000 -0.1955
-4.3173 30.2687 -15.3919 0.0000 1650405545944 941686.0000 -0.1955
-0.4530 27.9302 -15.7164 0.0000 1650405545998 941740.0000 -0.1950
0.1540 32.9677 -16.6427 0.0000 1650405546050 941794.0000 -0.1950
-0.2625 25.6062 -13.7350 0.0000 1650405546104 941848.0000 -0.1950
-1.7742 28.0783 -15.3839 0.0000 1650405546159 941902.0000 -0.1950
0.6389 23.9677 -15.0174 0.0000 1650405546213 941956.0000 -0.1950
-1.0335 31.2838 -12.6700 0.0000 1650405546267 942010.0000 -0.1950
0.7688 28.0768 -14.4351 0.0000 1650405546321 942064.0000 -0.1945
2.4204 28.6788 -12.4655 0.0000 1650405546375 942118.0000 -0.1945
-0.3365 26.1556 -13.3496 0.0000 1650405546430 942172.0000 -0.1950
-2.2647 27.5364 -11.9725 0.0000 1650405546483 942226.0000 -0.1945
-3.0811 25.0572 -14.8330 0.0000 1650405546538 942280.0000 -0.1940
2.0903 24.9538 -12.0531 0.0000 1650405546592 942334.0000 -0.1940
-1.4429 30.6305 -17.0187 0.0000 1650405546646 942388.0000 -0.1940
-1.9980 29.1874 -15.2376 0.0000 1650405546698 942442.0000 -0.1940
1.6873 27.9920 -14.6811 0.0000 1650405546752 942496.0000 -0.1940
-0.0660 27.6907 -15.0394 0.0000 1650405546806 942550.0000 -0.1945
-1.6038 31.5762 -14.6878 0.0000 1650405546861 942604.0000 -0.1945
-0.9578 29.5981 -14.1896 0.0000 1650405546915 942657.0000 -0.1940
-3.3078 31.0015 -14.7441 0.0000 1650405546969 942711.0000 -0.1955
-0.9592 30.0466 -14.6805 0.0000 1650405547023 942765.0000 -0.1969
-1.1342 30.5434 -15.3636 0.0000 1650405547077 942819.0000 -0.1979
1.3865 25.4529 -14.1728 0.0000 1650405547131 942873.0000 -0.1989
-2.0885 29.3823 -13.9343 0.0000 1650405547185 942927.0000 -0.1994
-1.9099 27.9400 -13.7763 0.0000 1650405547240 942981.0000 -0.1994
-1.7390 29.5267 -12.9347 0.0000 1650405547292 943035.0000 -0.1999
-1.2719 25.7051 -14.9565 0.0000 1650405547346 943089.0000 -0.1999
-2.5327 27.2549 -10.2159 0.0000 1650405547400 943143.0000 -0.1999
0.9669 29.5686 -14.3711 0.0000 1650405547454 943197.0000 -0.1994
-0.8024 23.8911 -8.3235 0.0000 1650405547508 943251.0000 -0.1999
0.5744 27.3764 -15.9228 0.0000 1650405547562 943305.0000 -0.1999
-1.8926 28.5620 -17.4232 0.0000 1650405547616 943359.0000 -0.1994
-1.8769 33.1247 -17.7745 0.0000 1650405547671 943413.0000 -0.1999
-5.1785 33.5148 -16.1859 0.0000 1650405547725 943467.0000 -0.1999
-0.7045 31.7588 -15.8672 0.0000 1650405547779 943521.0000 -0.1999
-2.8539 28.7908 -16.7615 0.0000 1650405547833 943575.0000 -0.1999
-1.0402 30.0739 -20.9907 0.0000 1650405547885 943629.0000 -0.1999
2.0032 25.4788 -18.3476 0.0000 1650405547939 943683.0000 -0.1999
-0.9543 29.6025 -18.8625 0.0000 1650405547993 943737.0000 -0.1994
-1.9820 27.6877 -16.1886 0.0000 1650405548047 943791.0000 -0.1999
-1.1365 28.7318 -19.2005 0.0000 1650405548102 943845.0000 -0.1999
0.1167 26.3040 -19.0655 0.0000 1650405548156 943899.0000 -0.1994
0.5549 29.4459 -18.8683 0.0000 1650405548210 943953.0000 -0.1994
-1.7534 26.4681 -18.1561 0.0000 1650405548264 944007.0000 -0.1994
-1.3440 26.3780 -14.1281 0.0000 1650405548318 944060.0000 -0.1994
-0.6190 18.0744 -23.0423 0.0000 1650405548373 944114.0000 -0.1999
1.3084 23.2634 -16.4205 0.0000 1650405548426 944168.0000 -0.1999
0.3875 23.6263 -14.8910 0.0000 1650405548481 944222.0000 -0.1999
-2.6017 25.5538 -8.8848 0.0000 1650405548533 944276.0000 -0.1994
-1.8131 19.9436 -13.1225 0.0000 1650405548587 944330.0000 -0.1999
-2.2313 26.6068 -18.8037 0.0000 1650405548641 944384.0000 -0.1994
-1.8538 23.1488 -17.9423 0.0000 1650405548695 944438.0000 -0.1994
0.0978 24.5970 -17.0252 0.0000 1650405548750 944492.0000 -0.1994
-2.1689 24.6843 -19.8555 0.0000 1650405548804 944546.0000 -0.1994
0.7850 23.5628 -21.0652 0.0000 1650405548858 944600.0000 -0.1994
-4.1177 23.9823 -20.0050 0.0000 1650405548912 944654.0000 -0.1999
-1.8937 23.5917 -21.0493 0.0000 1650405548966 944708.0000 -0.1999
-3.7998 27.2100 -21.7024 0.0000 1650405549020 944762.0000 -0.1999
-3.9869 24.4611 -18.0053 0.0000 1650405549074 944816.0000 -0.1999
-1.8927 26.2671 -20.0328 0.0000 1650405549126 944870.0000 -0.2004
-0.0219 26.4487 -18.1418 0.0000 1650405549181 944924.0000 -0.1999
-0.8952 24.8501 -20.3687 0.0000 1650405549235 944978.0000 -0.1994
-1.4337 27.3776 -19.0235 0.0000 1650405549289 945032.0000 -0.1999
1.0261 25.6158 -11.3777 0.0000 1650405549343 945086.0000 -0.1999
0.6427 18.5007 -13.2864 0.0000 1650405549397 945140.0000 -0.1999
-3.4079 25.3128 -16.2810 0.0000 1650405549451 945194.0000 -0.1999
-0.4733 18.9176 -17.1696 0.0000 1650405549505 945248.0000 -0.2004
-1.3214 27.5153 -16.6771 0.0000 1650405549559 945302.0000 -0.1999
-0.1196 24.7623 -15.6790 0.0000 1650405549614 945356.0000 -0.1999
-1.7177 27.8169 -17.3599 0.0000 1650405549668 945409.0000 -0.1999
-0.7391 28.3685 -15.8160 0.0000 1650405549722 945463.0000 -0.1999
-4.3061 29.5343 -17.8994 0.0000 1650405549774 945517.0000 -0.1999
-2.7477 30.0224 -17.8612 0.0000 1650405549828 945571.0000 -0.1999
0.9556 26.4201 -15.8412 0.0000 1650405549882 945625.0000 -0.1999
-1.4492 28.6905 -17.1700 0.0000 1650405549936 945679.0000 -0.1999
-1.4202 29.0449 -16.5721 0.0000 1650405549990 945733.0000 -0.1999
-2.2479 29.5581 -13.7903 0.0000 1650405550045 945787.0000 -0.2004
-0.1829 31.9894 -14.9631 0.0000 1650405550099 945841.0000 -0.1999
0.3142 26.7478 -16.0484 0.0000 1650405550153 945895.0000 -0.1999
-0.1704 27.6568 -15.5793 0.0000 1650405550207 945949.0000 -0.2004
-3.0526 31.9230 -14.8203 0.0000 1650405550261 946003.0000 -0.1999
-1.5144 29.4438 -13.5996 0.0000 1650405550316 946057.0000 -0.1999
-1.9747 28.1947 -9.8540 0.0000 1650405550368 946111.0000 -0.1999
-2.5902 24.8526 -12.7132 0.0000 1650405550422 946165.0000 -0.1999
-0.7233 26.2581 -12.3167 0.0000 1650405550476 946219.0000 -0.1994
2.3234 23.6589 -10.7394 0.0000 1650405550530 946273.0000 -0.1999
2.3283 25.3886 -9.7693 0.0000 1650405550584 946327.0000 -0.1999
-1.7090 23.8081 -10.6053 0.0000 1650405550638 946381.0000 -0.1994
-2.3130 27.0623 -13.5202 0.0000 1650405550692 946435.0000 -0.1999
-1.0989 32.0298 -12.3287 0.0000 1650405550747 946489.0000 -0.2004
-1.3808 27.4007 -14.2508 0.0000 1650405550801 946543.0000 -0.1999
1.1266 29.7023 -16.9262 0.0000 1650405550855 946597.0000 -0.1999
-0.6251 28.6058 -16.3545 0.0000 1650405550909 946651.0000 -0.1999
-3.2324 29.4994 -15.6808 0.0000 1650405550963 946705.0000 -0.1999
0.0336 26.7436 -13.7294 0.0000 1650405551015 946758.0000 -0.1999
-0.4116 32.8221 -11.2387 0.0000 1650405551069 946812.0000 -0.2004
-0.2806 27.7186 -14.8032 0.0000 1650405551124 946866.0000 -0.2004
-2.1045 29.2358 -12.1406 0.0000 1650405551178 946920.0000 -0.1999
-1.4095 31.2986 -12.2119 0.0000 1650405551232 946974.0000 -0.2004
-1.2467 29.0731 -13.8365 0.0000 1650405551286 947028.0000 -0.2009
-2.8433 25.6227 -11.4854 0.0000 1650405551340 947082.0000 -0.2004
-0.5454 26.6246 -13.1274 0.0000 1650405551394 947136.0000 -0.2004
-1.3076 25.8893 -10.8658 0.0000 1650405551448 947190.0000 -0.2004
0.5295 27.0868 -10.7505 0.0000 1650405551502 947244.0000 -0.1999
-2.4891 24.8255 -7.5981 0.0000 1650405551557 947298.0000 -0.1999
0.7781 29.8739 -9.8904 0.0000 1650405551609 947352.0000 -0.2004
-0.2151 30.0271 -15.6013 0.0000 1650405551663 947406.0000 -0.2009
1.2789 29.2594 -16.9027 0.0000 1650405551717 947460.0000 -0.2004
-1.8290 32.4314 -14.6238 0.0000 1650405551771 947514.0000 -0.2004
-2.2254 28.1484 -16.3755 0.0000 1650405551825 947568.0000 -0.2009
-1.7880 27.5872 -18.5488 0.0000 1650405551879 947622.0000 -0.2009
-2.4672 30.0347 -15.5025 0.0000 1650405551934 947676.0000 -0.2004
-1.3046 30.4582 -17.4754 0.0000 1650405551988 947730.0000 -0.2004
0.7544 29.7843 -19.0309 0.0000 1650405552042 947784.0000 -0.2004
-0.2443 26.2745 -16.7385 0.0000 1650405552096 947838.0000 -0.2009
-0.9919 27.4666 -17.7157 0.0000 1650405552150 947892.0000 -0.2009
0.1373 28.9384 -19.9510 0.0000 1650405552204 947946.0000 -0.2009
-3.1339 29.2711 -18.5598 0.0000 1650405552257 948000.0000 -0.2004
0.6074 25.7418 -19.1016 0.0000 1650405552310 948054.0000 -0.2009
-0.3377 29.9631 -16.8246 0.0000 1650405552365 948107.0000 -0.2009
0.3118 27.1846 -11.5674 0.0000 1650405552419 948161.0000 -0.2004
1.5618 22.6270 -17.5262 0.0000 1650405552473 948215.0000 -0.2004
-0.5386 25.9449 -13.0708 0.0000 1650405552527 948269.0000 -0.2004
-0.6240 16.7667 -12.8405 0.0000 1650405552581 948323.0000 -0.2009
-1.4655 21.7861 -11.2518 0.0000 1650405552636 948377.0000 -0.2009
-1.0263 21.5056 -15.4842 0.0000 1650405552690 948431.0000 -0.2009
-1.3143 27.3676 -20.7530 0.0000 1650405552744 948485.0000 -0.2009
-2.7418 24.4351 -17.0783 0.0000 1650405552798 948539.0000 -0.2009
-2.1050 24.3641 -19.0407 0.0000 1650405552850 948593.0000 -0.2013
-4.0049 24.2326 -20.2550 0.0000 1650405552904 948647.0000 -0.2013
-2.0626 24.6891 -17.4573 0.0000 1650405552958 948701.0000 -0.2009
-0.2149 26.3734 -22.2427 0.0000 1650405553012 948755.0000 -0.2004
-2.3266 28.5876 -19.8762 0.0000 1650405553067 948809.0000 -0.2009
-3.2182 27.5095 -20.3093 0.0000 1650405553121 948863.0000 -0.2009
-0.3855 28.8355 -21.0944 0.0000 1650405553175 948917.0000 -0.2009
-0.0562 28.2871 -20.7813 0.0000 1650405553229 948971.0000 -0.2013
-2.5247 27.9606 -20.5292 0.0000 1650405553283 949025.0000 -0.2013
-1.0316 29.1532 -19.2902 0.0000 1650405553337 949079.0000 -0.2009
-0.8677 29.2061 -18.5819 0.0000 1650405553391 949133.0000 -0.2013
-0.9817 25.1169 -18.6631 0.0000 1650405553443 949187.0000 -0.2013
-3.6385 23.5882 -18.2798 0.0000 1650405553498 949241.0000 -0.2009
1.9652 26.5895 -18.4644 0.0000 1650405553552 949295.0000 -0.2009
-0.3427 21.3413 -16.2851 0.0000 1650405553606 949349.0000 -0.2009
0.6892 25.5409 -14.6284 0.0000 1650405553660 949403.0000 -0.2013
-2.0658 23.5264 -17.0206 0.0000 1650405553714 949456.0000 -0.2013
-0.4884 28.8090 -19.0029 0.0000 1650405553768 949510.0000 -0.2013
0.5436 28.8587 -18.0250 0.0000 1650405553822 949564.0000 -0.2013
-2.6255 28.6165 -16.3121 0.0000 1650405553877 949618.0000 -0.2009
2.1873 29.1923 -16.8922 0.0000 1650405553931 949672.0000 -0.2013
-0.0590 29.2381 -16.7507 0.0000 1650405553985 949726.0000 -0.2013
-1.6199 31.7297 -15.7295 0.0000 1650405554039 949780.0000 -0.2013
-0.7176 30.4937 -15.6007 0.0000 1650405554091 949834.0000 -0.2009
-1.1130 28.4522 -14.1859 0.0000 1650405554145 949888.0000 -0.2013
-0.3595 27.1156 -17.1082 0.0000 1650405554199 949942.0000 -0.2013
-2.2527 26.3108 -15.3709 0.0000 1650405554254 949996.0000 -0.2013
-3.3862 27.0331 -12.9564 0.0000 1650405554308 950050.0000 -0.2018
0.3574 30.4329 -14.4601 0.0000 1650405554362 950104.0000 -0.2018
0.3096 29.6877 -11.3658 0.0000 1650405554416 950158.0000 -0.2013
2.5032 24.1077 -7.6143 0.0000 1650405554470 950212.0000 -0.2018
3.2911 23.3398 -9.3552 0.0000 1650405554524 950266.0000 -0.2018
2.4089 24.9350 -9.6262 0.0000 1650405554578 950320.0000 -0.2013
2.5489 20.6551 -9.4299 0.0000 1650405554633 950374.0000 -0.2013
0.8959 23.9476 -7.8148 0.0000 1650405554685 950428.0000 -0.2018
1.1610 20.3451 -10.3657 0.0000 1650405554739 950482.0000 -0.2018
-0.2482 32.1679 -15.4168 0.0000 1650405554793 950536.0000 -0.2018
-1.4668 28.3515 -13.0559 0.0000 1650405554847 950590.0000 -0.2023
-3.3904 30.1681 -12.3718 0.0000 1650405554901 950644.0000 -0.2018
-0.5924 29.5878 -13.0455 0.0000 1650405554955 950698.0000 -0.2018
-1.3066 31.0600 -16.0479 0.0000 1650405555009 950752.0000 -0.2023
2.3629 28.9585 -14.1882 0.0000 1650405555064 950805.0000 -0.2023
-1.2479 31.1233 -11.7801 0.0000 1650405555118 950859.0000 -0.2018
-1.1387 28.7098 -14.4680 0.0000 1650405555172 950913.0000 -0.2018
-2.5440 28.0822 -14.5153 0.0000 1650405555226 950967.0000 -0.2018
-1.9186 28.4382 -15.5124 0.0000 1650405555281 951021.0000 -0.2023
0.3477 26.1826 -16.7876 0.0000 1650405555332 951075.0000 -0.2023
0.7823 30.1920 -15.5415 0.0000 1650405555386 951129.0000 -0.2028
0.5242 18.3228 -15.0942 0.0000 1650405555441 951183.0000 -0.2023
-1.2138 29.2368 -12.5208 0.0000 1650405555495 951237.0000 -0.2023
0.6386 22.1208 -14.8163 0.0000 1650405555549 951291.0000 -0.2028
-1.0932 22.3679 -14.1129 0.0000 1650405555603 951345.0000 -0.2023
0.2153 22.8337 -13.8784 0.0000 1650405555657 951399.0000 -0.2018
-2.6933 28.9057 -10.8077 0.0000 1650405555711 951453.0000 -0.2023
0.1411 27.6521 -12.6252 0.0000 1650405555766 951507.0000 -0.2023
-2.9351 27.9246 -15.7875 0.0000 1650405555820 951561.0000 -0.2023
-0.1580 30.2677 -16.8567 0.0000 1650405555874 951615.0000 -0.2028
0.4016 29.3933 -15.1489 0.0000 1650405555926 951669.0000 -0.2028
-0.5389 26.7772 -17.8149 0.0000 1650405555980 951723.0000 -0.2028
-0.8901 27.1781 -14.9293 0.0000 1650405556034 951777.0000 -0.2028
-1.8129 28.7208 -18.3553 0.0000 1650405556088 951831.0000 -0.2028
-2.4905 28.2132 -19.1825 0.0000 1650405556142 951885.0000 -0.2028
0.4502 29.3821 -19.6345 0.0000 1650405556197 951939.0000 -0.2023
-2.6136 24.0551 -18.3433 0.0000 1650405556251 951993.0000 -0.2023
-4.5108 24.6741 -18.1035 0.0000 1650405556305 952047.0000 -0.2023
0.8739 26.5586 -17.5318 0.0000 1650405556359 952101.0000 -0.2023
-3.4974 25.3061 -19.6683 0.0000 1650405556413 952154.0000 -0.2028
-3.9102 26.3530 -21.5624 0.0000 1650405556467 952208.0000 -0.2033
-1.1184 24.9744 -9.0569 0.0000 1650405556519 952262.0000 -0.2028
-0.3775 22.6047 -16.0372 0.0000 1650405556574 952316.0000 -0.2028
0.6453 19.6314 -14.8346 0.0000 1650405556628 952370.0000 -0.2028
0.8944 22.4770 -18.0644 0.0000 1650405556682 952424.0000 -0.2028
1.7934 25.5193 -16.0475 0.0000 1650405556736 952478.0000 -0.2023
0.0003 19.4877 -19.7314 0.0000 1650405556790 952532.0000 -0.2023
0.3184 23.4767 -17.8676 0.0000 1650405556844 952586.0000 -0.2023
-2.1395 21.2320 -20.9118 0.0000 1650405556898 952640.0000 -0.2023
0.9136 23.3602 -20.3498 0.0000 1650405556952 952694.0000 -0.2023
-0.2017 21.6503 -22.1256 0.0000 1650405557007 952748.0000 -0.2028
-1.8294 23.2029 -20.8080 0.0000 1650405557061 952802.0000 -0.2023
1.1004 26.5413 -21.0034 0.0000 1650405557115 952856.0000 -0.2023
-0.0506 29.4380 -17.3523 0.0000 1650405557167 952910.0000 -0.2028
-1.0635 27.1703 -20.6628 0.0000 1650405557221 952964.0000 -0.2028
-2.3496 26.7406 -19.1918 0.0000 1650405557275 953018.0000 -0.2023
0.2844 27.2446 -21.7572 0.0000 1650405557329 953072.0000 -0.2028
-3.7121 27.1993 -19.3297 0.0000 1650405557384 953126.0000 -0.2028
0.3253 26.1506 -20.5289 0.0000 1650405557438 953180.0000 -0.2028
0.7950 28.6938 -20.5306 0.0000 1650405557492 953234.0000 -0.2028
-2.9142 25.9840 -14.3744 0.0000 1650405557546 953288.0000 -0.2028
-1.3542 23.2643 -13.9415 0.0000 1650405557600 953342.0000 -0.2023
-1.6055 23.2894 -11.1740 0.0000 1650405557654 953396.0000 -0.2023
0.0571 20.1486 -15.3257 0.0000 1650405557709 953450.0000 -0.2028
0.6001 25.1486 -8.4441 0.0000 1650405557761 953503.0000 -0.2028
1.1427 23.2991 -15.6451 0.0000 1650405557815 953557.0000 -0.2023
1.4145 29.5132 -15.5077 0.0000 1650405557869 953611.0000 -0.2023
-2.8404 29.5526 -16.6478 0.0000 1650405557923 953665.0000 -0.2023
-0.3496 31.9397 -13.8085 0.0000 1650405557977 953719.0000 -0.2023
-2.1398 32.4892 -16.7240 0.0000 1650405558031 953773.0000 -0.2023
-1.0155 28.6402 -13.6521 0.0000 1650405558086 953827.0000 -0.2023
0.6163 28.8863 -13.0406 0.0000 1650405558140 953881.0000 -0.2023
0.4125 28.4145 -17.2480 0.0000 1650405558194 953935.0000 -0.2023
1.6045 26.1283 -11.5465 0.0000 1650405558248 953989.0000 -0.2023
-3.9741 26.9887 -13.4394 0.0000 1650405558302 954043.0000 -0.2023
-2.7668 31.2160 -15.6015 0.0000 1650405558356 954097.0000 -0.2018
0.4871 29.0210 -14.9917 0.0000 1650405558408 954151.0000 -0.2018
-2.2732 32.9709 -15.8815 0.0000 1650405558462 954205.0000 -0.2018
1.6873 29.4888 -15.3616 0.0000 1650405558517 954259.0000 -0.2018
1.5393 27.4871 -11.8810 0.0000 1650405558571 954313.0000 -0.2023
1.0280 24.3386 -15.1776 0.0000 1650405558625 954367.0000 -0.2028
-0.9187 27.9849 -13.2801 0.0000 1650405558679 954421.0000 -0.2023
-0.2108 23.3969 -15.0331 0.0000 1650405558733 954475.0000 -0.2028
-0.0532 24.7668 -10.1338 0.0000 1650405558787 954529.0000 -0.2028
0.0087 25.4754 -11.1115 0.0000 1650405558841 954583.0000 -0.2023
-0.5310 27.2228 -16.0970 0.0000 1650405558895 954637.0000 -0.2023
-1.3831 29.6118 -14.5122 0.0000 1650405558950 954691.0000 -0.2023
-0.9356 27.9379 -15.4342 0.0000 1650405559002 954745.0000 -0.2023
-3.4620 33.2789 -16.1016 0.0000 1650405559056 954799.0000 -0.2023
-0.8995 31.9681 -13.1147 0.0000 1650405559110 954853.0000 -0.2028
-1.2310 32.0912 -12.0848 0.0000 1650405559164 954906.0000 -0.2028
0.6977 28.2619 -12.8622 0.0000 1650405559218 954960.0000 -0.2023
2.1980 28.9526 -15.4844 0.0000 1650405559272 955014.0000 -0.2023
-2.5744 26.1212 -13.5634 0.0000 1650405559327 955068.0000 -0.2028
-0.4628 30.7567 -14.3694 0.0000 1650405559381 955122.0000 -0.2028
-0.5273 28.3869 -15.7369 0.0000 1650405559435 955176.0000 -0.2023
2.3583 30.4760 -13.3869 0.0000 1650405559489 955230.0000 -0.2023
0.6243 28.9606 -14.6384 0.0000 1650405559543 955284.0000 -0.2023
-1.1381 29.1572 -12.3936 0.0000 1650405559597 955338.0000 -0.2028
-1.2002 21.5015 -11.3667 0.0000 1650405559650 955392.0000 -0.2028
0.6049 29.5659 -11.4149 0.0000 1650405559703 955446.0000 -0.2028
-0.5458 28.4881 -19.1677 0.0000 1650405559758 955500.0000 -0.2023
1.3602 28.9083 -15.2551 0.0000 1650405559812 955554.0000 -0.2028
-1.1120 28.4449 -17.6911 0.0000 1650405559866 955608.0000 -0.2023
0.6178 27.2692 -17.9950 0.0000 1650405559920 955662.0000 -0.2023
-0.8607 27.5023 -17.7716 0.0000 1650405559974 955716.0000 -0.2018
-2.3788 28.3633 -17.9097 0.0000 1650405560029 955770.0000 -0.2023
-1.4075 25.7379 -19.3319 0.0000 1650405560083 955824.0000 -0.2018
0.9894 22.9506 -17.4644 0.0000 1650405560137 955878.0000 -0.2018
-2.1082 26.5319 -16.9255 0.0000 1650405560191 955932.0000 -0.2023
-1.9068 25.7718 -20.9278 0.0000 1650405560243 955986.0000 -0.2023
-3.9296 27.2794 -17.8834 0.0000 1650405560297 956040.0000 -0.2018
1.1655 26.3034 -18.0340 0.0000 1650405560351 956094.0000 -0.2023
-1.3454 26.6296 -17.4700 0.0000 1650405560405 956148.0000 -0.2023
-1.1873 29.0159 -19.3339 0.0000 1650405560460 956202.0000 -0.2018
-2.4151 27.4034 -17.6964 0.0000 1650405560514 956255.0000 -0.2018
0.3963 23.7863 -21.4757 0.0000 1650405560568 956309.0000 -0.2018
-0.4857 25.9825 -21.4095 0.0000 1650405560622 956363.0000 -0.2018
-2.9814 20.3107 -18.2571 0.0000 1650405560676 956417.0000 -0.2018
1.2045 19.5543 -16.5284 0.0000 1650405560730 956471.0000 -0.2023
-2.4819 22.2400 -16.4410 0.0000 1650405560784 956525.0000 -0.2023
0.3351 18.1060 -14.0261 0.0000 1650405560838 956579.0000 -0.2018
0.3576 21.4209 -17.2427 0.0000 1650405560891 956633.0000 -0.2028
1.6709 24.1561 -20.4180 0.0000 1650405560945 956687.0000 -0.2023
-2.1744 20.3359 -15.1713 0.0000 1650405560999 956741.0000 -0.2018
-4.0635 23.9261 -22.8352 0.0000 1650405561053 956795.0000 -0.2018
-3.8894 27.6676 -23.1077 0.0000 1650405561107 956849.0000 -0.2018
2.0041 28.2017 -19.9109 0.0000 1650405561161 956903.0000 -0.2023
1.9311 27.8217 -22.0132 0.0000 1650405561215 956957.0000 -0.2023
-1.8160 27.6751 -20.6246 0.0000 1650405561270 957011.0000 -0.2023
-0.9281 28.6559 -21.4239 0.0000 1650405561324 957065.0000 -0.2023
-1.2267 27.6445 -19.4221 0.0000 1650405561378 957119.0000 -0.2013
-2.0139 25.7971 -18.7550 0.0000 1650405561432 957173.0000 -0.2018
-1.9000 29.7045 -19.3091 0.0000 1650405561484 957227.0000 -0.2023
1.9570 27.8033 -16.5172 0.0000 1650405561538 957281.0000 -0.2013
0.3489 26.6457 -19.2213 0.0000 1650405561593 957335.0000 -0.2013
-2.3460 29.7428 -17.5445 0.0000 1650405561647 957389.0000 -0.2013
-1.8597 25.6493 -17.6463 0.0000 1650405561701 957443.0000 -0.2018
-2.1261 26.5047 -13.9464 0.0000 1650405561755 957497.0000 -0.2018
-1.0250 26.9763 -12.7442 0.0000 1650405561809 957551.0000 -0.2018
-2.1109 22.2135 -15.4973 0.0000 1650405561863 957604.0000 -0.2018
0.9119 19.5583 -16.0701 0.0000 1650405561917 957658.0000 -0.2013
0.3949 30.1237 -10.7303 0.0000 1650405561972 957712.0000 -0.2018
-2.4284 20.1660 -14.8936 0.0000 1650405562026 957766.0000 -0.2018
-1.9880 30.5815 -15.5398 0.0000 1650405562078 957820.0000 -0.2013
-3.2787 29.2352 -14.4326 0.0000 1650405562132 957874.0000 -0.2013
0.1153 30.3198 -14.5251 0.0000 1650405562186 957928.0000 -0.2013
-3.3671 26.0513 -16.0106 0.0000 1650405562240 957982.0000 -0.2013
-1.3993 27.3937 -14.4675 0.0000 1650405562294 958036.0000 -0.2018
2.3890 28.8276 -11.3450 0.0000 1650405562348 958090.0000 -0.2018
-1.2574 28.2287 -16.7169 0.0000 1650405562403 958144.0000 -0.2018
-0.2457 28.4199 -14.8371 0.0000 1650405562457 958198.0000 -0.2013
-1.0155 29.4337 -13.9333 0.0000 1650405562511 958252.0000 -0.2023
1.4879 28.3928 -14.0254 0.0000 1650405562565 958306.0000 -0.2018
-0.1997 29.9433 -15.2469 0.0000 1650405562619 958360.0000 -0.2013
-4.4552 31.5246 -14.5676 0.0000 1650405562673 958414.0000 -0.2013
-3.2845 29.1088 -12.3471 0.0000 1650405562725 958468.0000 -0.2013
0.1168 22.3781 -8.2559 0.0000 1650405562779 958522.0000 -0.2013
0.5727 20.5933 -11.1653 0.0000 1650405562834 958576.0000 -0.2013
-0.2544 25.4681 -8.4922 0.0000 1650405562888 958630.0000 -0.2018
-0.8637 19.7730 -7.0101 0.0000 1650405562942 958684.0000 -0.2018
1.2929 23.1550 -6.2411 0.0000 1650405562996 958738.0000 -0.2013
2.8674 21.1787 -9.9806 0.0000 1650405563050 958792.0000 -0.2018
-1.0551 29.7641 -12.3385 0.0000 1650405563104 958846.0000 -0.2013
-0.0964 28.8026 -15.3006 0.0000 1650405563158 958900.0000 -0.2013
-1.0577 29.3364 -12.1283 0.0000 1650405563213 958953.0000 -0.2013
-1.0633 27.4256 -15.4520 0.0000 1650405563267 959007.0000 -0.2013
0.8763 29.5774 -15.3692 0.0000 1650405563319 959061.0000 -0.2013
0.6179 27.8953 -16.4913 0.0000 1650405563373 959115.0000 -0.2018
0.0314 27.7855 -14.4783 0.0000 1650405563427 959169.0000 -0.2018
-1.3676 28.5693 -14.4811 0.0000 1650405563481 959223.0000 -0.2018
0.0855 31.6072 -14.1020 0.0000 1650405563536 959277.0000 -0.2013
-1.0375 30.9117 -19.1461 0.0000 1650405563590 959331.0000 -0.2018
-2.5058 30.8707 -15.7129 0.0000 1650405563644 959385.0000 -0.2018
-2.2400 31.2253 -17.3387 0.0000 1650405563698 959439.0000 -0.2013
-1.3405 31.7262 -13.5360 0.0000 1650405563752 959493.0000 -0.2013
-2.3007 27.5613 -15.7261 0.0000 1650405563806 959547.0000 -0.2013
-1.0551 23.7585 -15.3766 0.0000 1650405563860 959601.0000 -0.2013
-0.1582 22.4318 -15.4344 0.0000 1650405563915 959655.0000 -0.2018
-0.4668 24.8060 -15.0709 0.0000 1650405563967 959709.0000 -0.2018
1.2349 25.1114 -10.0470 0.0000 1650405564021 959763.0000 -0.2018
-0.4467 28.1828 -15.5606 0.0000 1650405564075 959817.0000 -0.2013
0.1179 27.2593 -19.5055 0.0000 1650405564129 959871.0000 -0.2018
-1.6247 28.2401 -19.2644 0.0000 1650405564183 959925.0000 -0.2018
-0.5059 25.3842 -19.2401 0.0000 1650405564237 959979.0000 -0.2013
-1.4757 26.1189 -21.5259 0.0000 1650405564291 960033.0000 -0.2018
-1.9533 26.2095 -20.1138 0.0000 1650405564346 960087.0000 -0.2018
-2.0902 28.2363 -19.1523 0.0000 1650405564400 960141.0000 -0.2018
0.1190 24.5868 -18.1726 0.0000 1650405564454 960195.0000 -0.2018
-2.3105 26.4127 -22.0829 0.0000 1650405564508 960249.0000 -0.2023
-0.2036 26.2231 -20.5875 0.0000 1650405564560 960302.0000 -0.2018
-2.5884 28.8142 -19.1390 0.0000 1650405564614 960356.0000 -0.2018
-2.9994 26.2941 -18.2660 0.0000 1650405564668 960410.0000 -0.2023
0.5136 23.7508 -18.4452 0.0000 1650405564722 960464.0000 -0.2023
1.0321 28.4918 -20.7386 0.0000 1650405564777 960518.0000 -0.2018
-2.7329 22.4527 -18.3851 0.0000 1650405564831 960572.0000 -0.2018
0.8682 19.1973 -16.5934 0.0000 1650405564885 960626.0000 -0.2018
-0.9860 26.3110 -16.4949 0.0000 1650405564939 960680.0000 -0.2018
1.0579 16.2712 -19.5184 0.0000 1650405564993 960734.0000 -0.2023
