-30.1250 48.0080 -51.6070 0.0000 1650405935537 1331253.0000 -0.1984
-29.4244 46.9393 -49.8317 0.0000 1650405935591 1331307.0000 -0.1984
-28.3701 47.1459 -51.8195 0.0000 1650405935645 1331361.0000 -0.1984
-28.1515 47.1338 -50.5804 0.0000 1650405935699 1331415.0000 -0.1979
-28.2320 48.4762 -50.4521 0.0000 1650405935753 1331468.0000 -0.1984
-27.9423 48.9039 -50.8220 0.0000 1650405935807 1331522.0000 -0.1984
-27.8361 48.7413 -51.5797 0.0000 1650405935861 1331576.0000 -0.1984
-28.6689 46.7138 -50.0238 0.0000 1650405935916 1331630.0000 -0.1989
-26.6022 46.4649 -50.4642 0.0000 1650405935968 1331684.0000 -0.1984
-27.8371 45.7522 -47.8305 0.0000 1650405936022 1331738.0000 -0.1984
-27.3816 43.2573 -47.9487 0.0000 1650405936076 1331792.0000 -0.1989
-27.8457 46.1080 -49.3316 0.0000 1650405936130 1331846.0000 -0.1989
-25.9525 45.9184 -47.8143 0.0000 1650405936184 1331900.0000 -0.1984
-26.8353 47.0571 -48.6372 0.0000 1650405936238 1331954.0000 -0.1984
-29.3306 45.7342 -49.2438 0.0000 1650405936292 1332008.0000 -0.1984
-27.8700 45.7379 -48.2646 0.0000 1650405936347 1332062.0000 -0.1984
-26.8699 46.7599 -48.5028 0.0000 1650405936401 1332116.0000 -0.1984
-27.9575 43.8484 -48.0873 0.0000 1650405936455 1332170.0000 -0.1989
-26.6349 45.8129 -48.9503 0.0000 1650405936509 1332224.0000 -0.1984
-26.3835 45.4440 -47.6069 0.0000 1650405936563 1332278.0000 -0.1984
-27.5318 47.1577 -48.4729 0.0000 1650405936615 1332332.0000 -0.1984
-27.7180 45.4632 -49.0114 0.0000 1650405936669 1332386.0000 -0.1984
-27.6649 46.2156 -50.5554 0.0000 1650405936724 1332440.0000 -0.1984
-28.7405 47.6550 -48.7854 0.0000 1650405936778 1332494.0000 -0.1979
-26.7440 45.6023 -48.9119 0.0000 1650405936832 1332548.0000 -0.1984
-28.1013 44.5196 -48.1900 0.0000 1650405936886 1332602.0000 -0.1984
-27.1743 46.0953 -47.7549 0.0000 1650405936940 1332656.0000 -0.1989
-26.4607 43.0678 -47.5582 0.0000 1650405936994 1332710.0000 -0.1989
-28.1328 44.1738 -47.1189 0.0000 1650405937049 1332764.0000 -0.1984
-24.9320 45.8281 -46.5502 0.0000 1650405937103 1332817.0000 -0.1984
-25.3704 46.2496 -46.1072 0.0000 1650405937157 1332871.0000 -0.1984
-26.4752 46.9244 -48.2916 0.0000 1650405937209 1332925.0000 -0.1984
-27.1358 45.7399 -49.4617 0.0000 1650405937263 1332979.0000 -0.1984
-27.1505 46.5058 -49.1681 0.0000 1650405937317 1333033.0000 -0.1979
-28.2663 45.7451 -47.0341 0.0000 1650405937371 1333087.0000 -0.1984
-27.1911 45.6118 -46.6080 0.0000 1650405937426 1333141.0000 -0.1984
-27.4586 46.3823 -49.1710 0.0000 1650405937480 1333195.0000 -0.1989
-26.8838 45.4034 -46.6516 0.0000 1650405937534 1333249.0000 -0.1989
-27.0686 46.7719 -49.8097 0.0000 1650405937588 1333303.0000 -0.1989
-27.6333 46.4422 -47.7896 0.0000 1650405937642 1333357.0000 -0.1989
-27.1336 46.8626 -48.6434 0.0000 1650405937696 1333411.0000 -0.1994
-27.7651 45.5554 -48.9888 0.0000 1650405937750 1333465.0000 -0.1989
-25.8775 45.9262 -48.4378 0.0000 1650405937804 1333519.0000 -0.1989
-27.0935 46.6578 -48.1531 0.0000 1650405937857 1333573.0000 -0.1984
-26.5469 45.9172 -47.1751 0.0000 1650405937911 1333627.0000 -0.1989
-27.1826 44.1271 -46.8006 0.0000 1650405937965 1333681.0000 -0.1989
-26.6628 46.4325 -48.0184 0.0000 1650405938019 1333735.0000 -0.1989
-26.2619 46.4591 -47.8435 0.0000 1650405938073 1333789.0000 -0.1994
-26.6667 44.8485 -47.7510 0.0000 1650405938127 1333843.0000 -0.1989
-26.5223 47.3106 -47.3108 0.0000 1650405938181 1333897.0000 -0.1989
-27.7252 47.7168 -48.1819 0.0000 1650405938235 1333951.0000 -0.1989
-26.7273 45.8586 -44.8730 0.0000 1650405938290 1334005.0000 -0.1989
-26.6898 44.8855 -46.6060 0.0000 1650405938344 1334059.0000 -0.1989
-27.0442 42.6541 -47.3992 0.0000 1650405938398 1334113.0000 -0.1984
-28.3042 42.3835 -48.4385 0.0000 1650405938450 1334166.0000 -0.1984
-26.9846 44.4599 -48.0548 0.0000 1650405938504 1334220.0000 -0.1984
-25.9249 45.5395 -48.6044 0.0000 1650405938558 1334274.0000 -0.1989
-27.4949 46.6799 -49.9826 0.0000 1650405938612 1334328.0000 -0.1989
-26.7971 48.3047 -48.7200 0.0000 1650405938667 1334382.0000 -0.1984
-27.6168 45.4803 -49.0628 0.0000 1650405938721 1334436.0000 -0.1989
-25.7998 46.4091 -47.8480 0.0000 1650405938775 1334490.0000 -0.1989
-25.1588 47.0470 -48.5578 0.0000 1650405938829 1334544.0000 -0.1989
-24.9006 45.3341 -48.4814 0.0000 1650405938883 1334598.0000 -0.1989
-26.8045 44.6921 -48.5597 0.0000 1650405938937 1334652.0000 -0.1989
-26.8820 43.4288 -47.4831 0.0000 1650405938992 1334706.0000 -0.1984
-27.5003 46.7031 -46.7054 0.0000 1650405939045 1334760.0000 -0.1984
-26.4832 46.2718 -46.4188 0.0000 1650405939098 1334814.0000 -0.1989
-27.5013 44.9758 -47.9986 0.0000 1650405939152 1334868.0000 -0.1989
-25.2648 47.8993 -47.1183 0.0000 1650405939206 1334922.0000 -0.1984
-27.5305 46.0079 -47.9529 0.0000 1650405939260 1334976.0000 -0.1989
-26.8999 44.4387 -45.7601 0.0000 1650405939314 1335030.0000 -0.1989
-26.2821 43.9803 -48.2846 0.0000 1650405939369 1335084.0000 -0.1984
-27.3556 45.8831 -47.7078 0.0000 1650405939423 1335138.0000 -0.1984
-24.6824 45.3697 -48.1212 0.0000 1650405939477 1335192.0000 -0.1984
-27.4251 44.7444 -46.7663 0.0000 1650405939531 1335246.0000 -0.1984
-26.6106 44.1611 -47.4705 0.0000 1650405939585 1335300.0000 -0.1984
-25.8067 45.7606 -48.3460 0.0000 1650405939639 1335354.0000 -0.1989
-27.2033 46.2498 -47.6477 0.0000 1650405939691 1335408.0000 -0.1989
-26.4036 45.8066 -48.6580 0.0000 1650405939745 1335462.0000 -0.1984
-26.9098 47.0009 -49.7137 0.0000 1650405939800 1335515.0000 -0.1984
-27.1839 45.4594 -49.3519 0.0000 1650405939854 1335569.0000 -0.1989
-27.8476 46.6725 -49.6696 0.0000 1650405939908 1335623.0000 -0.1979
-27.4859 45.0912 -48.6545 0.0000 1650405939962 1335677.0000 -0.1979
-25.4871 44.2165 -47.8083 0.0000 1650405940016 1335731.0000 -0.1984
-27.1923 44.0152 -48.4864 0.0000 1650405940070 1335785.0000 -0.1979
-26.6341 46.3632 -47.9619 0.0000 1650405940124 1335839.0000 -0.1984
-27.0579 46.1010 -48.1712 0.0000 1650405940178 1335893.0000 -0.1984
-28.0666 46.7045 -48.1492 0.0000 1650405940233 1335947.0000 -0.1984
-26.4723 45.1207 -47.2286 0.0000 1650405940285 1336001.0000 -0.1979
-26.0485 46.6591 -49.0044 0.0000 1650405940339 1336055.0000 -0.1984
-26.6444 44.1585 -47.9964 0.0000 1650405940393 1336109.0000 -0.1984
-26.5619 46.5999 -48.8022 0.0000 1650405940447 1336163.0000 -0.1984
-25.2163 46.5515 -48.1134 0.0000 1650405940501 1336217.0000 -0.1984
-25.8036 44.8959 -47.1586 0.0000 1650405940555 1336271.0000 -0.1984
-24.3223 46.1790 -46.2109 0.0000 1650405940610 1336325.0000 -0.1984
-26.0216 46.5554 -44.6892 0.0000 1650405940664 1336379.0000 -0.1984
-26.0580 47.2407 -48.7757 0.0000 1650405940718 1336433.0000 -0.1984
-27.5322 45.9863 -49.6002 0.0000 1650405940772 1336487.0000 -0.1984
-27.2630 47.5408 -49.0305 0.0000 1650405940826 1336541.0000 -0.1979
-27.4862 45.3503 -48.2935 0.0000 1650405940880 1336595.0000 -0.1984
-28.5787 46.0351 -48.8618 0.0000 1650405940933 1336649.0000 -0.1984
-28.3572 44.7030 -47.5165 0.0000 1650405940986 1336703.0000 -0.1974
-26.3692 46.3990 -47.2408 0.0000 1650405941041 1336757.0000 -0.1974
-24.9882 44.4194 -49.1435 0.0000 1650405941095 1336811.0000 -0.1974
-25.7124 45.1040 -47.2477 0.0000 1650405941149 1336864.0000 -0.1974
-26.4708 44.8092 -47.2214 0.0000 1650405941203 1336918.0000 -0.1974
-26.8158 46.8940 -47.9091 0.0000 1650405941257 1336972.0000 -0.1979
-26.3457 45.5923 -46.4890 0.0000 1650405941312 1337026.0000 -0.1979
-29.5951 46.7239 -47.6404 0.0000 1650405941366 1337080.0000 -0.1974
-27.3326 45.9491 -49.0172 0.0000 1650405941420 1337134.0000 -0.1979
-27.2825 45.9448 -47.8582 0.0000 1650405941474 1337188.0000 -0.1979
-27.4065 47.0161 -48.2810 0.0000 1650405941526 1337242.0000 -0.1979
-24.9933 46.5034 -46.4574 0.0000 1650405941580 1337296.0000 -0.1974
-25.6804 44.5959 -47.3165 0.0000 1650405941634 1337350.0000 -0.1974
-26.8095 45.9661 -46.2785 0.0000 1650405941688 1337404.0000 -0.1974
-26.6419 44.4073 -47.0760 0.0000 1650405941743 1337458.0000 -0.1979
-26.8267 45.5356 -47.2847 0.0000 1650405941797 1337512.0000 -0.1979
-25.3816 45.8437 -47.7331 0.0000 1650405941851 1337566.0000 -0.1974
-27.9269 45.2789 -47.8686 0.0000 1650405941905 1337620.0000 -0.1974
-27.8403 45.0979 -49.3497 0.0000 1650405941959 1337674.0000 -0.1979
-25.9338 42.5206 -47.5760 0.0000 1650405942013 1337728.0000 -0.1979
-25.5129 45.3916 -47.8317 0.0000 1650405942067 1337782.0000 -0.1969
-24.9487 47.0448 -47.1715 0.0000 1650405942121 1337836.0000 -0.1969
-26.8705 46.6822 -46.5321 0.0000 1650405942174 1337890.0000 -0.1969
-26.7257 47.4196 -46.7525 0.0000 1650405942228 1337944.0000 -0.1969
-26.7189 47.5436 -48.5416 0.0000 1650405942282 1337998.0000 -0.1974
-28.4463 48.0160 -47.7716 0.0000 1650405942336 1338052.0000 -0.1979
-27.4418 45.3469 -46.7434 0.0000 1650405942390 1338106.0000 -0.1974
-28.1214 47.1900 -46.5444 0.0000 1650405942444 1338160.0000 -0.1974
-28.3997 45.9701 -46.5564 0.0000 1650405942498 1338214.0000 -0.1974
-26.4669 45.1577 -47.8770 0.0000 1650405942552 1338267.0000 -0.1979
-25.6655 44.6085 -48.7343 0.0000 1650405942607 1338321.0000 -0.1969
-24.8851 46.8206 -46.8258 0.0000 1650405942661 1338375.0000 -0.1969
-27.1016 45.5002 -46.9853 0.0000 1650405942715 1338429.0000 -0.1969
-27.4283 44.3454 -48.3214 0.0000 1650405942767 1338483.0000 -0.1969
-26.1188 47.8842 -43.1771 0.0000 1650405942821 1338537.0000 -0.1974
-25.1505 46.8993 -49.0810 0.0000 1650405942875 1338591.0000 -0.1974
-27.1980 43.8982 -47.8219 0.0000 1650405942929 1338645.0000 -0.1974
-26.9326 43.9493 -46.7968 0.0000 1650405942984 1338699.0000 -0.1974
-26.4393 44.7639 -47.3634 0.0000 1650405943038 1338753.0000 -0.1979
-27.0482 44.2535 -48.4023 0.0000 1650405943092 1338807.0000 -0.1979
-27.9817 47.4974 -44.8470 0.0000 1650405943146 1338861.0000 -0.1979
-25.8591 48.5822 -47.4468 0.0000 1650405943200 1338915.0000 -0.1974
-26.7728 46.6757 -49.7614 0.0000 1650405943255 1338969.0000 -0.1974
-26.6866 47.7236 -47.7213 0.0000 1650405943309 1339023.0000 -0.1974
-26.0191 44.3500 -47.1311 0.0000 1650405943363 1339077.0000 -0.1974
-27.5504 46.4969 -47.6604 0.0000 1650405943415 1339131.0000 -0.1974
-27.6741 45.2295 -46.2877 0.0000 1650405943469 1339185.0000 -0.1974
-26.6615 47.0031 -46.5992 0.0000 1650405943523 1339239.0000 -0.1969
-26.2171 46.5561 -47.0608 0.0000 1650405943577 1339293.0000 -0.1974
-25.5893 46.3456 -46.3011 0.0000 1650405943631 1339347.0000 -0.1974
-25.6184 47.7526 -48.1304 0.0000 1650405943686 1339401.0000 -0.1969
-27.9449 46.4907 -49.3869 0.0000 1650405943740 1339455.0000 -0.1969
-27.0361 45.1015 -48.3231 0.0000 1650405943794 1339509.0000 -0.1969
-25.8065 43.6898 -46.2294 0.0000 1650405943848 1339563.0000 -0.1969
-26.2379 44.7859 -45.7610 0.0000 1650405943902 1339616.0000 -0.1969
-27.0167 45.3582 -46.6741 0.0000 1650405943956 1339670.0000 -0.1969
-27.6956 42.7956 -47.8573 0.0000 1650405944008 1339724.0000 -0.1969
-25.2924 44.7798 -44.2560 0.0000 1650405944062 1339778.0000 -0.1965
-24.8278 46.0852 -45.0965 0.0000 1650405944117 1339832.0000 -0.1969
-26.5357 46.5862 -45.5033 0.0000 1650405944171 1339886.0000 -0.1965
-27.8746 45.0062 -46.8548 0.0000 1650405944225 1339940.0000 -0.1960
-28.5822 46.3124 -48.1183 0.0000 1650405944279 1339994.0000 -0.1960
-27.4799 45.2578 -48.1247 0.0000 1650405944333 1340048.0000 -0.1965
-25.7207 46.2201 -46.9590 0.0000 1650405944387 1340102.0000 -0.1965
-27.8717 44.4454 -46.2519 0.0000 1650405944442 1340156.0000 -0.1969
-25.8355 43.4239 -46.1506 0.0000 1650405944496 1340210.0000 -0.1969
-24.9273 45.2219 -46.1470 0.0000 1650405944550 1340264.0000 -0.1965
-27.2442 45.1658 -46.9802 0.0000 1650405944604 1340318.0000 -0.1965
-27.8145 47.3263 -47.6571 0.0000 1650405944656 1340372.0000 -0.1965
-27.6093 45.2075 -48.9963 0.0000 1650405944710 1340426.0000 -0.1965
-28.0097 46.2047 -49.0643 0.0000 1650405944764 1340480.0000 -0.1965
-26.8303 45.2375 -48.0933 0.0000 1650405944819 1340534.0000 -0.1960
-26.5224 44.1985 -47.2956 0.0000 1650405944873 1340588.0000 -0.1960
-25.5861 44.9436 -46.2772 0.0000 1650405944927 1340642.0000 -0.1960
-25.6033 46.7853 -48.6964 0.0000 1650405944981 1340696.0000 -0.1965
-27.6100 40.7588 -45.6621 0.0000 1650405945035 1340750.0000 -0.1965
-25.2826 45.0208 -44.7106 0.0000 1650405945089 1340804.0000 -0.1960
-27.4563 47.7882 -45.8936 0.0000 1650405945143 1340858.0000 -0.1960
-27.0077 46.9556 -44.7889 0.0000 1650405945197 1340912.0000 -0.1965
-26.5380 46.8382 -46.9231 0.0000 1650405945250 1340965.0000 -0.1960
-27.0764 46.4513 -45.0417 0.0000 1650405945304 1341019.0000 -0.1960
-27.0300 45.8708 -46.7092 0.0000 1650405945358 1341073.0000 -0.1960
-26.8501 44.1953 -47.3164 0.0000 1650405945412 1341127.0000 -0.1960
-26.7800 44.4105 -47.7389 0.0000 1650405945466 1341181.0000 -0.1960
-25.8801 44.7651 -45.8437 0.0000 1650405945520 1341235.0000 -0.1960
-27.5746 45.2064 -46.6121 0.0000 1650405945574 1341289.0000 -0.1965
-28.1780 46.4271 -47.9329 0.0000 1650405945628 1341343.0000 -0.1960
-28.3956 47.5147 -48.0067 0.0000 1650405945683 1341397.0000 -0.1960
-26.6549 45.7117 -48.0095 0.0000 1650405945737 1341451.0000 -0.1965
-28.6992 46.7762 -48.5394 0.0000 1650405945791 1341505.0000 -0.1960
-27.6183 46.5509 -47.0092 0.0000 1650405945843 1341559.0000 -0.1955
-28.5339 45.7061 -47.7707 0.0000 1650405945897 1341613.0000 -0.1955
-26.1399 44.6653 -47.1778 0.0000 1650405945951 1341667.0000 -0.1955
-27.3411 44.0344 -47.7190 0.0000 1650405946005 1341721.0000 -0.1955
-25.2335 43.2595 -44.8006 0.0000 1650405946060 1341775.0000 -0.1960
-27.5336 47.2053 -44.6811 0.0000 1650405946114 1341829.0000 -0.1965
-28.5011 46.9250 -47.3621 0.0000 1650405946168 1341883.0000 -0.1960
-27.0345 45.5002 -44.8833 0.0000 1650405946222 1341937.0000 -0.1960
-27.1472 45.1517 -46.8790 0.0000 1650405946276 1341991.0000 -0.1960
-26.9939 44.3514 -45.4966 0.0000 1650405946330 1342045.0000 -0.1960
-26.1250 45.9401 -47.1447 0.0000 1650405946385 1342099.0000 -0.1955
-25.6323 44.3566 -47.2941 0.0000 1650405946438 1342153.0000 -0.1955
-26.1354 44.4914 -46.4987 0.0000 1650405946491 1342207.0000 -0.1955
-25.5940 44.5958 -46.5867 0.0000 1650405946545 1342261.0000 -0.1955
-27.3720 45.0794 -46.8378 0.0000 1650405946599 1342314.0000 -0.1965
-26.8814 48.6795 -48.2594 0.0000 1650405946653 1342368.0000 -0.1965
-27.3160 45.6890 -47.9759 0.0000 1650405946707 1342422.0000 -0.1960
-27.2750 45.5906 -47.7242 0.0000 1650405946762 1342476.0000 -0.1965
-26.3862 45.1513 -47.7186 0.0000 1650405946816 1342530.0000 -0.1960
-28.5848 46.0838 -45.7537 0.0000 1650405946870 1342584.0000 -0.1965
-28.7939 44.9245 -46.4204 0.0000 1650405946924 1342638.0000 -0.1965
-26.1785 44.7233 -48.0261 0.0000 1650405946978 1342692.0000 -0.1960
-25.9722 43.0803 -45.5926 0.0000 1650405947032 1342746.0000 -0.1960
-27.5324 45.8034 -45.8173 0.0000 1650405947084 1342800.0000 -0.1960
-27.6489 46.2135 -48.9855 0.0000 1650405947138 1342854.0000 -0.1965
-28.9848 45.3708 -47.1185 0.0000 1650405947193 1342908.0000 -0.1960
-25.3397 47.8324 -45.4203 0.0000 1650405947247 1342962.0000 -0.1955
-27.4967 43.9291 -46.5861 0.0000 1650405947301 1343016.0000 -0.1960
-27.1407 44.6059 -44.1103 0.0000 1650405947355 1343070.0000 -0.1965
-27.1746 43.9796 -46.2759 0.0000 1650405947409 1343124.0000 -0.1965
-24.2558 45.0496 -46.2121 0.0000 1650405947463 1343178.0000 -0.1960
-26.2431 43.9793 -48.3728 0.0000 1650405947517 1343232.0000 -0.1960
-26.6923 45.8920 -47.6938 0.0000 1650405947571 1343286.0000 -0.1960
-27.9893 46.0579 -48.2110 0.0000 1650405947626 1343340.0000 -0.1960
-28.1402 45.9853 -48.8485 0.0000 1650405947680 1343394.0000 -0.1965
-27.0723 47.6782 -48.8831 0.0000 1650405947732 1343448.0000 -0.1965
-26.5660 46.6559 -46.2447 0.0000 1650405947786 1343502.0000 -0.1960
-27.1146 45.5583 -46.3683 0.0000 1650405947840 1343556.0000 -0.1965
-26.0967 47.0072 -46.3709 0.0000 1650405947894 1343610.0000 -0.1965
-27.8417 46.0391 -47.8740 0.0000 1650405947948 1343663.0000 -0.1960
-26.6560 44.3789 -45.0365 0.0000 1650405948002 1343717.0000 -0.1960
-25.1354 44.4404 -46.2140 0.0000 1650405948057 1343771.0000 -0.1960
-26.2065 46.3521 -46.9774 0.0000 1650405948111 1343825.0000 -0.1960
-27.8863 47.5205 -46.2798 0.0000 1650405948165 1343879.0000 -0.1960
-27.9832 46.9198 -45.9816 0.0000 1650405948219 1343933.0000 -0.1965
-28.6090 46.2102 -46.4266 0.0000 1650405948273 1343987.0000 -0.1965
-26.0803 44.9740 -45.3156 0.0000 1650405948326 1344041.0000 -0.1960
-25.3522 41.3244 -46.1560 0.0000 1650405948380 1344095.0000 -0.1965
-26.0250 41.9012 -45.2627 0.0000 1650405948434 1344149.0000 -0.1965
-25.7937 43.3960 -44.3019 0.0000 1650405948488 1344203.0000 -0.1960
-26.8626 43.3295 -46.6909 0.0000 1650405948542 1344257.0000 -0.1960
-27.4065 45.4007 -47.7704 0.0000 1650405948596 1344311.0000 -0.1960
-27.6066 47.3738 -48.8292 0.0000 1650405948650 1344365.0000 -0.1960
-28.9452 45.7039 -46.9470 0.0000 1650405948705 1344419.0000 -0.1965
-27.4136 45.6305 -47.3130 0.0000 1650405948759 1344473.0000 -0.1965
-26.6375 46.2976 -47.6865 0.0000 1650405948813 1344527.0000 -0.1965
-26.0542 43.7108 -46.8531 0.0000 1650405948867 1344581.0000 -0.1960
-26.8227 44.0611 -48.9499 0.0000 1650405948921 1344635.0000 -0.1965
-25.4010 44.8087 -48.3630 0.0000 1650405948973 1344689.0000 -0.1969
-26.1217 44.6401 -48.2255 0.0000 1650405949027 1344743.0000 -0.1965
-25.7099 44.7254 -46.4694 0.0000 1650405949081 1344797.0000 -0.1965
-27.7584 46.4730 -45.5400 0.0000 1650405949136 1344851.0000 -0.1965
-27.9382 47.1623 -47.1040 0.0000 1650405949190 1344905.0000 -0.1969
-27.4100 47.4149 -45.8542 0.0000 1650405949244 1344959.0000 -0.1969
-26.0310 45.1853 -46.4753 0.0000 1650405949298 1345012.0000 -0.1974
-25.8369 45.6582 -45.3332 0.0000 1650405949352 1345066.0000 -0.1974
-26.8165 46.0591 -46.3522 0.0000 1650405949406 1345120.0000 -0.1969
-25.5550 43.7307 -44.9775 0.0000 1650405949460 1345174.0000 -0.1974
-27.7203 42.5757 -45.7597 0.0000 1650405949514 1345228.0000 -0.1974
-24.9827 45.8001 -47.2972 0.0000 1650405949567 1345282.0000 -0.1969
-28.2848 46.9495 -47.7280 0.0000 1650405949621 1345336.0000 -0.1969
-27.1456 47.4912 -47.0649 0.0000 1650405949675 1345390.0000 -0.1969
-27.9862 45.2243 -48.1988 0.0000 1650405949729 1345444.0000 -0.1969
-26.7889 45.4431 -46.2784 0.0000 1650405949783 1345498.0000 -0.1969
-27.0773 45.8050 -46.8245 0.0000 1650405949837 1345552.0000 -0.1969
-26.5619 47.0584 -47.7544 0.0000 1650405949891 1345606.0000 -0.1969
-26.8552 44.0443 -45.4495 0.0000 1650405949946 1345660.0000 -0.1965
-27.5563 44.8228 -49.3943 0.0000 1650405950000 1345714.0000 -0.1969
-26.5647 43.5947 -46.8506 0.0000 1650405950054 1345768.0000 -0.1969
-26.8561 44.4886 -48.2238 0.0000 1650405950108 1345822.0000 -0.1969
-27.4605 46.0624 -47.6416 0.0000 1650405950162 1345876.0000 -0.1965
-26.8377 46.6912 -47.2224 0.0000 1650405950214 1345930.0000 -0.1969
-27.1242 47.5962 -48.1291 0.0000 1650405950269 1345984.0000 -0.1969
-26.6495 46.1018 -44.5307 0.0000 1650405950323 1346038.0000 -0.1969
-26.0988 44.7212 -47.0636 0.0000 1650405950377 1346092.0000 -0.1969
-26.5151 42.7624 -47.3115 0.0000 1650405950431 1346146.0000 -0.1969
-25.3763 45.4474 -48.1921 0.0000 1650405950485 1346200.0000 -0.1965
-25.6328 43.8445 -47.0460 0.0000 1650405950539 1346254.0000 -0.1969
-26.4088 46.4028 -47.8411 0.0000 1650405950593 1346308.0000 -0.1969
-28.3034 46.8381 -48.0589 0.0000 1650405950648 1346362.0000 -0.1969
-28.1824 47.0240 -48.2297 0.0000 1650405950702 1346415.0000 -0.1965
-27.7123 45.0752 -47.5936 0.0000 1650405950756 1346469.0000 -0.1965
-27.9584 46.6392 -47.1233 0.0000 1650405950808 1346523.0000 -0.1965
-28.3651 45.7887 -48.6477 0.0000 1650405950862 1346577.0000 -0.1969
-28.2515 46.0817 -47.8936 0.0000 1650405950916 1346631.0000 -0.1969
-26.9091 44.5305 -47.0761 0.0000 1650405950970 1346685.0000 -0.1965
-26.5666 43.6188 -48.6751 0.0000 1650405951024 1346739.0000 -0.1965
-27.4821 43.7444 -47.7616 0.0000 1650405951079 1346793.0000 -0.1965
-26.6935 44.3962 -46.5485 0.0000 1650405951133 1346847.0000 -0.1965
-26.8323 46.4835 -46.8317 0.0000 1650405951187 1346901.0000 -0.1960
-26.9556 47.3691 -46.1372 0.0000 1650405951241 1346955.0000 -0.1960
-26.5891 47.5823 -47.3424 0.0000 1650405951295 1347009.0000 -0.1960
-24.5828 44.7925 -46.7992 0.0000 1650405951349 1347063.0000 -0.1960
-25.6999 45.8252 -47.6353 0.0000 1650405951401 1347117.0000 -0.1965
-27.4701 47.1818 -47.7296 0.0000 1650405951455 1347171.0000 -0.1969
-26.7744 42.6350 -46.8704 0.0000 1650405951510 1347225.0000 -0.1965
-27.0998 44.9942 -47.3228 0.0000 1650405951564 1347279.0000 -0.1965
-26.2572 44.8309 -48.7821 0.0000 1650405951618 1347333.0000 -0.1969
-26.6643 47.6944 -45.8446 0.0000 1650405951672 1347387.0000 -0.1965
-27.3073 46.6804 -48.3800 0.0000 1650405951726 1347441.0000 -0.1960
-28.0843 47.2196 -47.9303 0.0000 1650405951780 1347495.0000 -0.1960
-27.8905 46.2958 -47.6928 0.0000 1650405951834 1347549.0000 -0.1960
-27.8217 45.8961 -47.8962 0.0000 1650405951889 1347603.0000 -0.1960
-28.6507 46.5800 -48.5695 0.0000 1650405951943 1347657.0000 -0.1965
-27.4007 47.3554 -47.4534 0.0000 1650405951997 1347711.0000 -0.1969
-26.0712 44.1144 -49.2836 0.0000 1650405952049 1347764.0000 -0.1965
-28.5139 41.9654 -45.8127 0.0000 1650405952103 1347818.0000 -0.1965
-26.4941 45.0245 -46.6193 0.0000 1650405952157 1347872.0000 -0.1969
-26.2006 45.2650 -46.4428 0.0000 1650405952212 1347926.0000 -0.1965
-27.1423 45.5922 -49.1410 0.0000 1650405952265 1347980.0000 -0.1969
-28.7457 45.9282 -47.6582 0.0000 1650405952320 1348034.0000 -0.1965
-25.9474 45.5352 -46.8656 0.0000 1650405952374 1348088.0000 -0.1965
-26.8364 44.3897 -47.4419 0.0000 1650405952428 1348142.0000 -0.1965
-27.1737 46.3041 -45.4005 0.0000 1650405952482 1348196.0000 -0.1969
-25.8558 45.4094 -45.9843 0.0000 1650405952536 1348250.0000 -0.1969
-25.6030 46.0434 -46.9774 0.0000 1650405952591 1348304.0000 -0.1965
-25.7313 45.5195 -45.9324 0.0000 1650405952643 1348358.0000 -0.1969
-25.8993 47.1554 -48.1833 0.0000 1650405952697 1348412.0000 -0.1969
-27.2018 45.5900 -45.0604 0.0000 1650405952752 1348466.0000 -0.1965
-27.5105 47.5823 -49.1502 0.0000 1650405952805 1348520.0000 -0.1965
-27.5590 43.6132 -47.9870 0.0000 1650405952859 1348574.0000 -0.1965
-27.0459 46.4987 -48.7653 0.0000 1650405952913 1348628.0000 -0.1965
-27.7128 46.9588 -49.0194 0.0000 1650405952967 1348682.0000 -0.1965
-29.1140 43.3127 -48.5708 0.0000 1650405953022 1348736.0000 -0.1965
-27.2283 45.1123 -48.2632 0.0000 1650405953076 1348790.0000 -0.1969
-25.5165 43.8534 -46.6658 0.0000 1650405953130 1348844.0000 -0.1965
-26.4453 45.2914 -47.5253 0.0000 1650405953184 1348898.0000 -0.1965
-26.1388 48.0632 -46.0975 0.0000 1650405953238 1348952.0000 -0.1969
-27.2401 47.5191 -47.4707 0.0000 1650405953290 1349006.0000 -0.1965
-25.8271 45.9541 -47.6248 0.0000 1650405953344 1349060.0000 -0.1965
-27.9675 44.8424 -47.0584 0.0000 1650405953398 1349113.0000 -0.1965
-28.0248 45.2357 -47.1637 0.0000 1650405953453 1349167.0000 -0.1965
-26.5817 43.0970 -45.0818 0.0000 1650405953507 1349221.0000 -0.1965
-26.3884 44.9780 -46.8766 0.0000 1650405953561 1349275.0000 -0.1969
-27.2579 45.6032 -46.6673 0.0000 1650405953615 1349329.0000 -0.1969
-27.9071 46.7670 -48.2914 0.0000 1650405953669 1349383.0000 -0.1965
-27.4617 47.2686 -44.4671 0.0000 1650405953723 1349437.0000 -0.1965
-28.8392 46.1068 -48.0511 0.0000 1650405953777 1349491.0000 -0.1969
-28.1469 46.5007 -48.4188 0.0000 1650405953832 1349545.0000 -0.1969
-26.8895 44.6157 -48.3299 0.0000 1650405953884 1349599.0000 -0.1965
-27.5984 45.6235 -49.0219 0.0000 1650405953938 1349653.0000 -0.1965
-26.5973 46.4155 -47.6840 0.0000 1650405953992 1349707.0000 -0.1965
-27.4758 45.7891 -48.2595 0.0000 1650405954046 1349761.0000 -0.1969
-26.9470 43.6767 -46.9853 0.0000 1650405954100 1349815.0000 -0.1969
-26.3806 43.9981 -46.4224 0.0000 1650405954155 1349869.0000 -0.1974
-27.8287 45.9868 -46.8418 0.0000 1650405954209 1349923.0000 -0.1969
-25.7339 46.5727 -47.6742 0.0000 1650405954263 1349977.0000 -0.1969
-26.9692 45.5610 -47.0743 0.0000 1650405954317 1350031.0000 -0.1974
-26.4312 47.1447 -47.8070 0.0000 1650405954371 1350085.0000 -0.1969
-28.2761 43.7647 -45.8308 0.0000 1650405954425 1350139.0000 -0.1969
-28.5530 45.8272 -48.6220 0.0000 1650405954477 1350193.0000 -0.1969
-26.0550 43.9718 -47.5570 0.0000 1650405954532 1350247.0000 -0.1969
-26.0311 44.7565 -46.9247 0.0000 1650405954586 1350301.0000 -0.1969
-25.2479 45.6755 -46.5094 0.0000 1650405954640 1350355.0000 -0.1974
-26.5332 45.9636 -46.8960 0.0000 1650405954694 1350409.0000 -0.1974
-27.3951 47.7554 -47.5059 0.0000 1650405954748 1350462.0000 -0.1969
-27.7861 46.3129 -48.1876 0.0000 1650405954802 1350516.0000 -0.1974
-28.0307 45.7945 -48.3526 0.0000 1650405954856 1350570.0000 -0.1974
-25.8729 45.2746 -48.7124 0.0000 1650405954910 1350624.0000 -0.1974
-27.1180 44.8188 -48.8602 0.0000 1650405954965 1350678.0000 -0.1974
-26.4865 46.0980 -46.2026 0.0000 1650405955019 1350732.0000 -0.1974
-26.0652 44.8372 -49.2484 0.0000 1650405955073 1350786.0000 -0.1974
-25.5418 46.0109 -47.8662 0.0000 1650405955125 1350840.0000 -0.1974
-24.3159 44.8928 -45.9072 0.0000 1650405955179 1350894.0000 -0.1979
-26.7167 46.7813 -44.9384 0.0000 1650405955233 1350948.0000 -0.1979
-27.4686 44.8009 -46.3840 0.0000 1650405955287 1351002.0000 -0.1974
-28.5021 46.2619 -47.9596 0.0000 1650405955341 1351056.0000 -0.1979
-29.4074 46.3994 -46.7474 0.0000 1650405955396 1351110.0000 -0.1979
-26.8077 45.4995 -47.0165 0.0000 1650405955450 1351164.0000 -0.1979
-27.3078 44.7233 -46.3729 0.0000 1650405955504 1351218.0000 -0.1979
-25.1201 45.3359 -45.2152 0.0000 1650405955558 1351272.0000 -0.1974
-25.1348 47.9332 -45.8273 0.0000 1650405955612 1351326.0000 -0.1974
-25.8320 45.1367 -46.9437 0.0000 1650405955666 1351380.0000 -0.1974
-26.8319 45.8769 -47.8834 0.0000 1650405955720 1351434.0000 -0.1979
-27.1114 43.8781 -47.4519 0.0000 1650405955773 1351488.0000 -0.1979
-27.2368 45.9060 -48.0010 0.0000 1650405955827 1351542.0000 -0.1979
-27.6305 45.7957 -46.0517 0.0000 1650405955881 1351596.0000 -0.1979
-27.2044 46.0177 -46.3841 0.0000 1650405955935 1351650.0000 -0.1979
-27.0202 46.0521 -46.9854 0.0000 1650405955989 1351704.0000 -0.1974
-27.1019 46.1444 -46.6815 0.0000 1650405956043 1351758.0000 -0.1974
-26.6707 45.2260 -46.2718 0.0000 1650405956098 1351811.0000 -0.1974
-26.2335 45.2804 -47.4750 0.0000 1650405956151 1351865.0000 -0.1974
-27.1343 47.2214 -46.9802 0.0000 1650405956206 1351919.0000 -0.1974
-28.6653 48.0502 -46.1076 0.0000 1650405956260 1351973.0000 -0.1979
-26.9594 48.3624 -47.7727 0.0000 1650405956314 1352027.0000 -0.1979
-26.3749 47.2470 -46.9792 0.0000 1650405956366 1352081.0000 -0.1974
-28.4173 46.3720 -47.2249 0.0000 1650405956420 1352135.0000 -0.1979
-27.8898 44.0398 -46.4897 0.0000 1650405956474 1352189.0000 -0.1979
-26.4971 45.3180 -44.1751 0.0000 1650405956529 1352243.0000 -0.1979
-25.0093 44.1487 -44.2675 0.0000 1650405956583 1352297.0000 -0.1974
-26.0768 43.8985 -44.9229 0.0000 1650405956637 1352351.0000 -0.1974
-27.7896 45.6757 -47.4882 0.0000 1650405956691 1352405.0000 -0.1974
-28.0624 46.4900 -48.4953 0.0000 1650405956745 1352459.0000 -0.1974
-27.7085 44.2083 -46.4165 0.0000 1650405956799 1352513.0000 -0.1979
-28.1374 46.1502 -46.3615 0.0000 1650405956853 1352567.0000 -0.1979
-25.7091 46.5432 -46.8856 0.0000 1650405956908 1352621.0000 -0.1974
-28.0220 46.2950 -47.7707 0.0000 1650405956960 1352675.0000 -0.1979
-27.0271 46.0232 -45.9697 0.0000 1650405957014 1352729.0000 -0.1979
-25.0920 44.5331 -47.1183 0.0000 1650405957068 1352783.0000 -0.1974
-24.5739 43.9728 -46.5588 0.0000 1650405957122 1352837.0000 -0.1974
-25.4347 47.3091 -47.1751 0.0000 1650405957176 1352891.0000 -0.1974
-27.6968 46.0236 -46.4587 0.0000 1650405957230 1352945.0000 -0.1974
-27.3851 46.6497 -47.3411 0.0000 1650405957284 1352999.0000 -0.1974
-27.5034 47.6772 -47.5320 0.0000 1650405957339 1353053.0000 -0.1979
-26.1793 44.8358 -46.2147 0.0000 1650405957393 1353107.0000 -0.1979
-27.2260 44.3715 -47.2396 0.0000 1650405957447 1353160.0000 -0.1974
-27.0923 42.6923 -46.5065 0.0000 1650405957501 1353214.0000 -0.1979
-26.0439 44.5431 -46.9390 0.0000 1650405957555 1353268.0000 -0.1979
-23.9073 44.7707 -44.8684 0.0000 1650405957607 1353322.0000 -0.1979
-25.2092 47.7388 -47.6446 0.0000 1650405957661 1353376.0000 -0.1974
-27.1693 45.4543 -46.8475 0.0000 1650405957716 1353430.0000 -0.1969
-25.7400 45.3830 -47.4035 0.0000 1650405957770 1353484.0000 -0.1969
-27.2456 46.3171 -46.1540 0.0000 1650405957824 1353538.0000 -0.1974
-27.6021 44.9952 -47.2384 0.0000 1650405957878 1353592.0000 -0.1974
-27.2269 47.1722 -46.0654 0.0000 1650405957932 1353646.0000 -0.1974
-25.7707 45.0226 -48.1587 0.0000 1650405957986 1353700.0000 -0.1974
-28.2113 46.5969 -47.3250 0.0000 1650405958041 1353754.0000 -0.1974
-27.0617 42.4375 -46.6306 0.0000 1650405958094 1353808.0000 -0.1974
-25.4346 44.1204 -45.7857 0.0000 1650405958149 1353862.0000 -0.1974
-27.2491 48.4129 -46.0917 0.0000 1650405958201 1353916.0000 -0.1969
-28.2038 47.4139 -47.0450 0.0000 1650405958255 1353970.0000 -0.1969
-27.6226 46.1893 -48.2153 0.0000 1650405958309 1354024.0000 -0.1969
-26.4170 45.7575 -48.8267 0.0000 1650405958363 1354078.0000 -0.1969
-27.0714 47.4490 -46.6094 0.0000 1650405958417 1354132.0000 -0.1974
-27.8100 45.5906 -46.6459 0.0000 1650405958472 1354186.0000 -0.1974
-25.6375 44.8883 -46.6367 0.0000 1650405958526 1354240.0000 -0.1969
-26.0800 45.0405 -46.1131 0.0000 1650405958580 1354294.0000 -0.1974
-26.3514 44.0475 -47.9548 0.0000 1650405958634 1354348.0000 -0.1974
-26.7900 47.6710 -49.0158 0.0000 1650405958688 1354402.0000 -0.1969
-27.9179 45.3845 -46.9711 0.0000 1650405958742 1354456.0000 -0.1969
-27.4057 46.9230 -46.7783 0.0000 1650405958796 1354510.0000 -0.1969
-28.0199 44.1975 -46.3361 0.0000 1650405958849 1354563.0000 -0.1969
-28.3379 44.8724 -46.9054 0.0000 1650405958903 1354617.0000 -0.1974
-26.4178 45.0427 -48.2445 0.0000 1650405958957 1354671.0000 -0.1974
-26.9017 44.6564 -46.5833 0.0000 1650405959011 1354725.0000 -0.1974
-26.3364 45.3467 -47.2458 0.0000 1650405959065 1354779.0000 -0.1969
-24.7332 43.7469 -47.2894 0.0000 1650405959119 1354833.0000 -0.1974
-26.3927 44.3533 -47.5807 0.0000 1650405959173 1354887.0000 -0.1979
-27.9615 47.5467 -45.9271 0.0000 1650405959227 1354941.0000 -0.1979
-27.3908 47.0077 -47.5876 0.0000 1650405959282 1354995.0000 -0.1974
-26.1786 46.3416 -45.0957 0.0000 1650405959336 1355049.0000 -0.1974
-27.2570 46.7430 -47.6599 0.0000 1650405959390 1355103.0000 -0.1974
-27.6672 46.0947 -46.8097 0.0000 1650405959442 1355157.0000 -0.1974
-26.4202 43.4540 -46.0752 0.0000 1650405959496 1355211.0000 -0.1974
-25.9313 45.0678 -46.4409 0.0000 1650405959550 1355265.0000 -0.1974
-25.4942 44.0801 -46.7758 0.0000 1650405959604 1355319.0000 -0.1974
-26.9458 46.7511 -44.2729 0.0000 1650405959659 1355373.0000 -0.1974
-28.4643 45.8422 -47.2234 0.0000 1650405959713 1355427.0000 -0.1974
-26.9006 47.7263 -47.0711 0.0000 1650405959767 1355481.0000 -0.1969
-26.8375 45.8693 -46.6055 0.0000 1650405959821 1355535.0000 -0.1969
-26.6076 44.1449 -47.6965 0.0000 1650405959875 1355589.0000 -0.1969
-26.9177 45.0390 -48.0473 0.0000 1650405959929 1355643.0000 -0.1969
-26.7081 45.9395 -47.5479 0.0000 1650405959984 1355697.0000 -0.1974
-25.4045 42.1706 -48.3350 0.0000 1650405960036 1355751.0000 -0.1974
-27.0761 45.8525 -45.7302 0.0000 1650405960090 1355805.0000 -0.1974
-25.4314 45.8441 -47.1468 0.0000 1650405960144 1355859.0000 -0.1974
-25.1639 47.4954 -46.5206 0.0000 1650405960198 1355912.0000 -0.1974
-27.5920 45.9214 -45.9472 0.0000 1650405960252 1355966.0000 -0.1974
-27.1016 45.5063 -46.7128 0.0000 1650405960306 1356020.0000 -0.1969
-25.8498 45.1201 -46.1128 0.0000 1650405960361 1356074.0000 -0.1969
-27.5638 46.4809 -46.3912 0.0000 1650405960415 1356128.0000 -0.1969
-26.5281 44.3604 -46.7616 0.0000 1650405960469 1356182.0000 -0.1969
-27.2208 45.1954 -46.7899 0.0000 1650405960523 1356236.0000 -0.1974
-26.4005 44.4700 -46.1598 0.0000 1650405960577 1356290.0000 -0.1974
-25.9499 45.9808 -48.0449 0.0000 1650405960631 1356344.0000 -0.1974
-28.4286 46.4358 -48.4207 0.0000 1650405960683 1356398.0000 -0.1974
-26.8514 45.2883 -49.8584 0.0000 1650405960737 1356452.0000 -0.1979
-27.3028 46.8059 -46.9994 0.0000 1650405960792 1356506.0000 -0.1979
-27.0952 45.0803 -46.6179 0.0000 1650405960846 1356560.0000 -0.1979
-28.1616 47.0523 -46.1638 0.0000 1650405960900 1356614.0000 -0.1974
-25.5332 45.3572 -49.0464 0.0000 1650405960954 1356668.0000 -0.1974
-26.3194 45.7809 -47.5652 0.0000 1650405961008 1356722.0000 -0.1974
-27.1323 43.6993 -47.7325 0.0000 1650405961062 1356776.0000 -0.1979
-25.2602 43.6025 -47.7357 0.0000 1650405961116 1356830.0000 -0.1979
-26.5084 45.5275 -46.7182 0.0000 1650405961170 1356884.0000 -0.1979
-26.5094 46.3473 -46.1634 0.0000 1650405961225 1356938.0000 -0.1979
-26.5208 47.4007 -47.2849 0.0000 1650405961277 1356992.0000 -0.1984
-26.3526 47.1539 -46.4263 0.0000 1650405961331 1357046.0000 -0.1984
-26.9010 47.6469 -46.6680 0.0000 1650405961385 1357100.0000 -0.1979
-28.5221 45.9068 -45.4915 0.0000 1650405961439 1357154.0000 -0.1979
-26.7090 45.6639 -47.2534 0.0000 1650405961493 1357208.0000 -0.1979
-24.8024 43.6477 -48.4437 0.0000 1650405961547 1357261.0000 -0.1979
-26.3428 44.9548 -47.8206 0.0000 1650405961602 1357315.0000 -0.1984
-24.5134 45.7210 -48.5619 0.0000 1650405961656 1357369.0000 -0.1984
-27.1743 47.2461 -48.7495 0.0000 1650405961710 1357423.0000 -0.1984
-26.5091 47.8397 -48.5642 0.0000 1650405961764 1357477.0000 -0.1984
-29.0412 46.4946 -47.2793 0.0000 1650405961818 1357531.0000 -0.1989
-26.7265 48.1150 -47.8799 0.0000 1650405961872 1357585.0000 -0.1984
-27.2969 46.7249 -46.2087 0.0000 1650405961925 1357639.0000 -0.1984
-27.8502 45.9098 -48.5170 0.0000 1650405961979 1357693.0000 -0.1979
-26.6394 45.4125 -47.1119 0.0000 1650405962033 1357747.0000 -0.1979
-27.0760 43.9148 -47.9210 0.0000 1650405962087 1357801.0000 -0.1984
-26.3377 43.9701 -46.5937 0.0000 1650405962141 1357855.0000 -0.1984
-28.0358 46.2195 -46.2485 0.0000 1650405962195 1357909.0000 -0.1989
-27.5252 47.0460 -45.9047 0.0000 1650405962249 1357963.0000 -0.1984
-26.5787 47.1487 -46.8476 0.0000 1650405962304 1358017.0000 -0.1984
-27.2403 47.5421 -47.0783 0.0000 1650405962358 1358071.0000 -0.1984
-28.0556 46.7006 -46.8957 0.0000 1650405962412 1358125.0000 -0.1984
-27.5409 46.1467 -47.9599 0.0000 1650405962466 1358179.0000 -0.1984
-25.8165 46.4120 -46.0776 0.0000 1650405962518 1358233.0000 -0.1984
-26.8875 43.8703 -46.2801 0.0000 1650405962572 1358287.0000 -0.1979
-25.9396 44.7801 -46.5394 0.0000 1650405962626 1358341.0000 -0.1979
-26.5255 44.9322 -47.3936 0.0000 1650405962680 1358395.0000 -0.1984
-27.0584 45.9654 -48.8401 0.0000 1650405962735 1358449.0000 -0.1984
-27.5234 47.5682 -49.2510 0.0000 1650405962789 1358503.0000 -0.1979
-27.5702 47.3134 -47.2764 0.0000 1650405962843 1358557.0000 -0.1984
-28.5591 46.2753 -49.1582 0.0000 1650405962897 1358610.0000 -0.1984
-26.3736 46.7382 -47.2085 0.0000 1650405962951 1358664.0000 -0.1984
-27.0011 44.2466 -48.9970 0.0000 1650405963005 1358718.0000 -0.1984
-27.5829 44.7236 -47.8650 0.0000 1650405963059 1358772.0000 -0.1979
-27.7238 43.4334 -48.6018 0.0000 1650405963113 1358826.0000 -0.1979
-26.0782 43.8565 -47.0988 0.0000 1650405963166 1358880.0000 -0.1984
-25.6514 45.0189 -46.3018 0.0000 1650405963220 1358934.0000 -0.1984
-26.6810 46.0769 -45.6816 0.0000 1650405963274 1358988.0000 -0.1984
-28.2292 46.4666 -47.8241 0.0000 1650405963328 1359042.0000 -0.1984
-27.1059 46.8001 -48.0533 0.0000 1650405963382 1359096.0000 -0.1989
-26.5104 46.6888 -48.0359 0.0000 1650405963436 1359150.0000 -0.1989
-26.6756 45.3846 -46.6538 0.0000 1650405963490 1359204.0000 -0.1984
-25.8377 45.1871 -45.1630 0.0000 1650405963545 1359258.0000 -0.1989
-25.8725 43.0876 -48.5292 0.0000 1650405963599 1359312.0000 -0.1984
-26.4641 45.3028 -45.2879 0.0000 1650405963653 1359366.0000 -0.1984
-27.9198 46.5194 -48.3683 0.0000 1650405963707 1359420.0000 -0.1984
-26.8868 45.3574 -48.1458 0.0000 1650405963759 1359474.0000 -0.1989
-26.5463 48.1607 -47.9737 0.0000 1650405963813 1359528.0000 -0.1989
-28.4561 45.2244 -48.3062 0.0000 1650405963868 1359582.0000 -0.1979
-27.0160 45.7954 -48.3305 0.0000 1650405963921 1359636.0000 -0.1984
-26.3489 45.8670 -49.7223 0.0000 1650405963976 1359690.0000 -0.1984
-25.6675 45.9331 -47.1825 0.0000 1650405964030 1359744.0000 -0.1984
-26.4210 43.4992 -47.9773 0.0000 1650405964084 1359798.0000 -0.1984
-27.0588 45.7857 -46.7039 0.0000 1650405964138 1359852.0000 -0.1979
-26.1671 44.7014 -46.1190 0.0000 1650405964192 1359906.0000 -0.1979
-27.4120 47.6088 -46.8266 0.0000 1650405964247 1359959.0000 -0.1979
-26.6408 46.3037 -46.5565 0.0000 1650405964301 1360013.0000 -0.1984
-26.9104 47.8221 -48.3833 0.0000 1650405964353 1360067.0000 -0.1984
-25.6204 47.0430 -46.4730 0.0000 1650405964407 1360121.0000 -0.1979
-26.6299 46.1927 -46.3791 0.0000 1650405964461 1360175.0000 -0.1984
-27.4881 46.2639 -45.6124 0.0000 1650405964515 1360229.0000 -0.1984
-27.4220 44.9692 -45.9043 0.0000 1650405964569 1360283.0000 -0.1979
-26.7614 43.8946 -46.5613 0.0000 1650405964623 1360337.0000 -0.1979
-26.4325 44.8902 -45.6591 0.0000 1650405964678 1360391.0000 -0.1979
-26.4861 47.5295 -47.3454 0.0000 1650405964732 1360445.0000 -0.1979
-27.0466 46.2722 -47.7079 0.0000 1650405964786 1360499.0000 -0.1984
-28.0981 46.4999 -48.0088 0.0000 1650405964840 1360553.0000 -0.1984
-28.4038 46.7037 -47.4272 0.0000 1650405964894 1360607.0000 -0.1984
-27.2764 47.6175 -47.1273 0.0000 1650405964948 1360661.0000 -0.1979
-27.5271 47.7813 -48.2748 0.0000 1650405965000 1360715.0000 -0.1984
-27.1119 46.4382 -48.1049 0.0000 1650405965054 1360769.0000 -0.1984
-27.4332 45.2031 -48.8957 0.0000 1650405965109 1360823.0000 -0.1984
-26.3848 43.7605 -46.8710 0.0000 1650405965163 1360877.0000 -0.1984
-26.7924 44.5312 -46.0956 0.0000 1650405965217 1360931.0000 -0.1979
-26.4306 45.0773 -45.9361 0.0000 1650405965271 1360985.0000 -0.1979
-26.5883 47.7048 -45.9989 0.0000 1650405965325 1361039.0000 -0.1979
-26.4643 45.4779 -45.7747 0.0000 1650405965379 1361093.0000 -0.1979
-26.7407 44.4993 -47.6463 0.0000 1650405965433 1361147.0000 -0.1979
-26.6094 45.0335 -44.3440 0.0000 1650405965488 1361201.0000 -0.1974
-24.9779 44.3869 -45.5920 0.0000 1650405965542 1361255.0000 -0.1979
-26.0624 43.3589 -47.5588 0.0000 1650405965594 1361308.0000 -0.1974
-26.7062 43.9944 -49.0951 0.0000 1650405965648 1361362.0000 -0.1974
-27.1637 43.5606 -45.5519 0.0000 1650405965702 1361416.0000 -0.1974
-26.4080 46.6714 -47.9714 0.0000 1650405965756 1361470.0000 -0.1974
-27.0329 46.5542 -49.2073 0.0000 1650405965811 1361524.0000 -0.1974
-28.4604 45.8718 -48.6805 0.0000 1650405965864 1361578.0000 -0.1974
-28.2991 47.1809 -47.2433 0.0000 1650405965919 1361632.0000 -0.1979
-27.5032 46.5014 -49.2251 0.0000 1650405965973 1361686.0000 -0.1974
