-11.4911 76.7745 -29.1774 0.0000 1650405935537 1331253.0000 -0.1984
-11.6528 76.8530 -29.3176 0.0000 1650405935591 1331307.0000 -0.1984
-11.5831 76.8126 -29.1587 0.0000 1650405935645 1331361.0000 -0.1984
-11.5918 76.6922 -29.1273 0.0000 1650405935699 1331415.0000 -0.1979
-11.5218 76.7792 -29.1395 0.0000 1650405935753 1331468.0000 -0.1984
-11.3935 76.6353 -29.2287 0.0000 1650405935807 1331522.0000 -0.1984
-11.6067 76.8054 -28.9474 0.0000 1650405935861 1331576.0000 -0.1984
-11.4946 76.7881 -28.9943 0.0000 1650405935916 1331630.0000 -0.1989
-11.3998 76.7954 -29.1906 0.0000 1650405935968 1331684.0000 -0.1984
-11.3746 76.8295 -29.1355 0.0000 1650405936022 1331738.0000 -0.1984
-11.5406 76.7167 -29.0451 0.0000 1650405936076 1331792.0000 -0.1989
-11.4717 76.7827 -29.0946 0.0000 1650405936130 1331846.0000 -0.1989
-11.5526 76.8644 -29.2471 0.0000 1650405936184 1331900.0000 -0.1984
-11.5016 76.9013 -29.3634 0.0000 1650405936238 1331954.0000 -0.1984
-11.3832 76.7073 -29.3453 0.0000 1650405936292 1332008.0000 -0.1984
-11.4056 76.8971 -29.3814 0.0000 1650405936347 1332062.0000 -0.1984
-11.5013 76.7808 -29.3537 0.0000 1650405936401 1332116.0000 -0.1984
-11.5411 76.7418 -29.2987 0.0000 1650405936455 1332170.0000 -0.1989
-11.4260 76.5280 -29.2347 0.0000 1650405936509 1332224.0000 -0.1984
-11.4637 76.5907 -29.3915 0.0000 1650405936563 1332278.0000 -0.1984
-11.3596 76.7660 -29.2454 0.0000 1650405936615 1332332.0000 -0.1984
-11.3484 76.7390 -29.2224 0.0000 1650405936669 1332386.0000 -0.1984
-11.5817 76.7437 -29.1845 0.0000 1650405936724 1332440.0000 -0.1984
-11.5029 76.6414 -29.1303 0.0000 1650405936778 1332494.0000 -0.1979
-11.4032 76.8216 -29.1768 0.0000 1650405936832 1332548.0000 -0.1984
-11.3733 76.6613 -29.1768 0.0000 1650405936886 1332602.0000 -0.1984
-11.5990 76.7394 -29.0220 0.0000 1650405936940 1332656.0000 -0.1989
-11.2903 76.7344 -29.2344 0.0000 1650405936994 1332710.0000 -0.1989
-11.3883 76.7348 -28.9415 0.0000 1650405937049 1332764.0000 -0.1984
-11.5679 76.6842 -29.2062 0.0000 1650405937103 1332817.0000 -0.1984
-11.6459 76.7948 -29.1002 0.0000 1650405937157 1332871.0000 -0.1984
-11.4544 76.6877 -29.2036 0.0000 1650405937209 1332925.0000 -0.1984
-11.5435 76.8124 -29.2861 0.0000 1650405937263 1332979.0000 -0.1984
-11.4372 76.6893 -29.1982 0.0000 1650405937317 1333033.0000 -0.1979
-11.3790 76.7095 -29.2004 0.0000 1650405937371 1333087.0000 -0.1984
-11.4344 76.7134 -29.1432 0.0000 1650405937426 1333141.0000 -0.1984
-11.3509 76.6056 -29.2131 0.0000 1650405937480 1333195.0000 -0.1989
-11.3600 76.6559 -29.2325 0.0000 1650405937534 1333249.0000 -0.1989
-11.5078 76.6615 -29.1481 0.0000 1650405937588 1333303.0000 -0.1989
-11.5703 76.7856 -29.1699 0.0000 1650405937642 1333357.0000 -0.1989
-11.3972 76.9117 -29.1341 0.0000 1650405937696 1333411.0000 -0.1994
-11.5020 76.7181 -29.0242 0.0000 1650405937750 1333465.0000 -0.1989
-11.4190 76.6745 -29.0138 0.0000 1650405937804 1333519.0000 -0.1989
-11.4205 76.6289 -29.2060 0.0000 1650405937857 1333573.0000 -0.1984
-11.4853 76.6469 -29.0988 0.0000 1650405937911 1333627.0000 -0.1989
-11.4925 76.7182 -29.1099 0.0000 1650405937965 1333681.0000 -0.1989
-11.2622 76.7046 -29.3549 0.0000 1650405938019 1333735.0000 -0.1989
-11.4975 76.7498 -29.2366 0.0000 1650405938073 1333789.0000 -0.1994
-11.5334 77.4142 -29.4632 0.0000 1650405938127 1333843.0000 -0.1989
-11.6050 76.7139 -27.9375 0.0000 1650405938181 1333897.0000 -0.1989
-11.1856 77.3187 -26.7835 0.0000 1650405938235 1333951.0000 -0.1989
-11.1482 77.4610 -25.8330 0.0000 1650405938290 1334005.0000 -0.1989
-11.0048 77.2471 -24.8119 0.0000 1650405938344 1334059.0000 -0.1989
-11.1693 76.9692 -24.3186 0.0000 1650405938398 1334113.0000 -0.1984
-10.9698 77.3972 -24.1715 0.0000 1650405938450 1334166.0000 -0.1984
-11.0465 76.8690 -24.5962 0.0000 1650405938504 1334220.0000 -0.1984
-11.1451 77.0356 -26.0813 0.0000 1650405938558 1334274.0000 -0.1989
-11.1830 77.2486 -27.7226 0.0000 1650405938612 1334328.0000 -0.1989
-11.1382 77.1462 -29.3959 0.0000 1650405938667 1334382.0000 -0.1984
-11.2449 77.0571 -30.9875 0.0000 1650405938721 1334436.0000 -0.1989
-11.1098 76.7071 -32.1754 0.0000 1650405938775 1334490.0000 -0.1989
-10.9067 76.9830 -33.6592 0.0000 1650405938829 1334544.0000 -0.1989
-10.6059 76.6113 -34.8645 0.0000 1650405938883 1334598.0000 -0.1989
-10.7032 76.6254 -34.0029 0.0000 1650405938937 1334652.0000 -0.1989
-11.0357 76.7290 -33.0977 0.0000 1650405938992 1334706.0000 -0.1984
-11.2612 76.9512 -32.4445 0.0000 1650405939045 1334760.0000 -0.1984
-11.1673 77.2219 -31.3975 0.0000 1650405939098 1334814.0000 -0.1989
-11.2651 77.1750 -29.7636 0.0000 1650405939152 1334868.0000 -0.1989
-11.2202 77.2248 -27.9409 0.0000 1650405939206 1334922.0000 -0.1984
-11.1296 77.2385 -26.5135 0.0000 1650405939260 1334976.0000 -0.1989
-11.0942 77.0475 -25.3387 0.0000 1650405939314 1335030.0000 -0.1989
-11.0889 77.0649 -24.2276 0.0000 1650405939369 1335084.0000 -0.1984
-11.0570 77.2486 -23.8252 0.0000 1650405939423 1335138.0000 -0.1984
-11.1035 76.7952 -24.2611 0.0000 1650405939477 1335192.0000 -0.1984
-10.9311 76.8664 -25.2775 0.0000 1650405939531 1335246.0000 -0.1984
-11.0477 77.0630 -26.5849 0.0000 1650405939585 1335300.0000 -0.1984
-11.0177 77.2139 -28.2754 0.0000 1650405939639 1335354.0000 -0.1989
-11.0783 77.1507 -30.1583 0.0000 1650405939691 1335408.0000 -0.1989
-10.9893 76.9953 -31.2315 0.0000 1650405939745 1335462.0000 -0.1984
-10.9999 76.9206 -32.8395 0.0000 1650405939800 1335515.0000 -0.1984
-10.7511 76.8698 -34.0665 0.0000 1650405939854 1335569.0000 -0.1989
-10.6911 76.5926 -34.3728 0.0000 1650405939908 1335623.0000 -0.1979
-10.4064 76.7485 -34.7089 0.0000 1650405939962 1335677.0000 -0.1979
-11.0066 76.8092 -33.3031 0.0000 1650405940016 1335731.0000 -0.1984
-11.3427 76.9276 -32.2570 0.0000 1650405940070 1335785.0000 -0.1979
-11.3323 77.1335 -30.8537 0.0000 1650405940124 1335839.0000 -0.1984
-11.2580 77.3526 -29.0661 0.0000 1650405940178 1335893.0000 -0.1984
-11.0763 77.2879 -27.6369 0.0000 1650405940233 1335947.0000 -0.1984
-11.0151 77.3006 -26.1059 0.0000 1650405940285 1336001.0000 -0.1979
-10.9843 77.2799 -25.0936 0.0000 1650405940339 1336055.0000 -0.1984
-11.0059 77.1317 -24.1749 0.0000 1650405940393 1336109.0000 -0.1984
-11.1143 76.9037 -24.4180 0.0000 1650405940447 1336163.0000 -0.1984
-10.9490 76.9151 -24.7764 0.0000 1650405940501 1336217.0000 -0.1984
-11.1677 76.8918 -25.5275 0.0000 1650405940555 1336271.0000 -0.1984
-11.2748 77.0932 -27.1399 0.0000 1650405940610 1336325.0000 -0.1984
-11.1800 77.1845 -28.8948 0.0000 1650405940664 1336379.0000 -0.1984
-11.0375 76.9949 -30.5206 0.0000 1650405940718 1336433.0000 -0.1984
-10.9553 76.8460 -32.0576 0.0000 1650405940772 1336487.0000 -0.1984
-10.7207 76.8803 -33.3897 0.0000 1650405940826 1336541.0000 -0.1979
-10.6564 76.9520 -34.2941 0.0000 1650405940880 1336595.0000 -0.1984
-10.7102 76.7681 -34.1209 0.0000 1650405940933 1336649.0000 -0.1984
-11.0339 76.8399 -33.6780 0.0000 1650405940986 1336703.0000 -0.1974
-11.1703 76.9171 -32.7305 0.0000 1650405941041 1336757.0000 -0.1974
-11.1455 77.0244 -31.7787 0.0000 1650405941095 1336811.0000 -0.1974
-11.2075 77.2260 -30.2939 0.0000 1650405941149 1336864.0000 -0.1974
-11.0745 77.1889 -28.5625 0.0000 1650405941203 1336918.0000 -0.1974
-11.1325 77.3001 -26.8824 0.0000 1650405941257 1336972.0000 -0.1979
-10.9824 77.2788 -25.6199 0.0000 1650405941312 1337026.0000 -0.1979
-10.9619 77.0392 -24.4932 0.0000 1650405941366 1337080.0000 -0.1974
-10.9307 77.1426 -24.7481 0.0000 1650405941420 1337134.0000 -0.1979
-11.0760 76.9571 -24.4621 0.0000 1650405941474 1337188.0000 -0.1979
-11.1869 76.9556 -25.2191 0.0000 1650405941526 1337242.0000 -0.1979
-11.0686 77.1228 -26.3443 0.0000 1650405941580 1337296.0000 -0.1974
-11.1428 77.2251 -27.5011 0.0000 1650405941634 1337350.0000 -0.1974
-10.9038 77.3606 -29.6379 0.0000 1650405941688 1337404.0000 -0.1974
-10.9843 77.0146 -31.2329 0.0000 1650405941743 1337458.0000 -0.1979
-10.9721 76.9657 -32.6917 0.0000 1650405941797 1337512.0000 -0.1979
-10.9538 76.9047 -33.7320 0.0000 1650405941851 1337566.0000 -0.1974
-10.7082 76.7522 -34.2634 0.0000 1650405941905 1337620.0000 -0.1974
-10.4821 76.4802 -34.3510 0.0000 1650405941959 1337674.0000 -0.1979
-11.0341 76.9138 -33.6725 0.0000 1650405942013 1337728.0000 -0.1979
-11.2337 76.9706 -32.4923 0.0000 1650405942067 1337782.0000 -0.1969
-11.4237 77.0311 -31.0994 0.0000 1650405942121 1337836.0000 -0.1969
-11.2748 77.3022 -29.6157 0.0000 1650405942174 1337890.0000 -0.1969
-11.2522 77.3154 -27.9030 0.0000 1650405942228 1337944.0000 -0.1969
-11.0668 77.1650 -26.4011 0.0000 1650405942282 1337998.0000 -0.1974
-10.9593 77.1616 -25.1768 0.0000 1650405942336 1338052.0000 -0.1979
-10.8654 77.2356 -24.2757 0.0000 1650405942390 1338106.0000 -0.1974
-10.9657 77.1628 -25.1388 0.0000 1650405942444 1338160.0000 -0.1974
-11.2535 77.0567 -23.6492 0.0000 1650405942498 1338214.0000 -0.1974
-11.0016 76.7930 -25.1841 0.0000 1650405942552 1338267.0000 -0.1979
-10.9298 77.1909 -26.5117 0.0000 1650405942607 1338321.0000 -0.1969
-11.0892 77.1785 -28.4511 0.0000 1650405942661 1338375.0000 -0.1969
-11.0250 77.1379 -30.2187 0.0000 1650405942715 1338429.0000 -0.1969
-11.1028 76.9042 -31.7204 0.0000 1650405942767 1338483.0000 -0.1969
-10.8683 76.7741 -32.9989 0.0000 1650405942821 1338537.0000 -0.1974
-11.0246 76.8281 -33.9555 0.0000 1650405942875 1338591.0000 -0.1974
-10.7029 76.7741 -34.5299 0.0000 1650405942929 1338645.0000 -0.1974
-10.6942 76.5657 -34.1396 0.0000 1650405942984 1338699.0000 -0.1974
-11.2472 76.9531 -33.0268 0.0000 1650405943038 1338753.0000 -0.1979
-11.2296 76.9901 -32.1357 0.0000 1650405943092 1338807.0000 -0.1979
-11.2427 77.1401 -30.7797 0.0000 1650405943146 1338861.0000 -0.1979
-11.3060 77.3191 -28.9668 0.0000 1650405943200 1338915.0000 -0.1974
-11.0807 77.2613 -27.2525 0.0000 1650405943255 1338969.0000 -0.1974
-10.9955 77.3321 -26.0993 0.0000 1650405943309 1339023.0000 -0.1974
-10.9905 77.2410 -24.7942 0.0000 1650405943363 1339077.0000 -0.1974
-10.8712 77.0535 -24.8624 0.0000 1650405943415 1339131.0000 -0.1974
-11.0502 77.2281 -24.0325 0.0000 1650405943469 1339185.0000 -0.1974
-10.9848 76.9320 -24.8368 0.0000 1650405943523 1339239.0000 -0.1969
-10.9200 76.9698 -26.0873 0.0000 1650405943577 1339293.0000 -0.1974
-11.1164 77.2456 -27.5753 0.0000 1650405943631 1339347.0000 -0.1974
-11.0837 77.2496 -29.2330 0.0000 1650405943686 1339401.0000 -0.1969
-11.0169 76.9810 -30.7904 0.0000 1650405943740 1339455.0000 -0.1969
-10.9082 76.8887 -32.7437 0.0000 1650405943794 1339509.0000 -0.1969
-10.8859 76.8964 -33.5183 0.0000 1650405943848 1339563.0000 -0.1969
-10.5455 76.5729 -34.9366 0.0000 1650405943902 1339616.0000 -0.1969
-10.8082 76.8048 -34.1572 0.0000 1650405943956 1339670.0000 -0.1969
-10.9645 76.6392 -33.5396 0.0000 1650405944008 1339724.0000 -0.1969
-11.3161 76.9538 -32.6680 0.0000 1650405944062 1339778.0000 -0.1965
-11.2170 76.9960 -31.5239 0.0000 1650405944117 1339832.0000 -0.1969
-11.2973 77.3340 -30.1314 0.0000 1650405944171 1339886.0000 -0.1965
-11.2180 77.3624 -28.3205 0.0000 1650405944225 1339940.0000 -0.1960
-11.1164 77.2500 -26.8299 0.0000 1650405944279 1339994.0000 -0.1960
-11.0897 77.2511 -25.3619 0.0000 1650405944333 1340048.0000 -0.1965
-11.0339 77.1995 -24.3743 0.0000 1650405944387 1340102.0000 -0.1965
-10.9405 77.0039 -23.8283 0.0000 1650405944442 1340156.0000 -0.1969
-11.0330 76.8493 -25.0897 0.0000 1650405944496 1340210.0000 -0.1969
-10.9480 76.8530 -25.3039 0.0000 1650405944550 1340264.0000 -0.1965
-10.9653 77.2603 -26.2684 0.0000 1650405944604 1340318.0000 -0.1965
-11.1080 77.3512 -28.1446 0.0000 1650405944656 1340372.0000 -0.1965
-11.0216 77.1009 -29.7040 0.0000 1650405944710 1340426.0000 -0.1965
-11.0534 76.9189 -31.3626 0.0000 1650405944764 1340480.0000 -0.1965
-10.8238 76.8148 -32.7703 0.0000 1650405944819 1340534.0000 -0.1960
-10.7598 76.8200 -33.8110 0.0000 1650405944873 1340588.0000 -0.1960
-10.7827 76.6879 -34.7480 0.0000 1650405944927 1340642.0000 -0.1960
-10.6171 76.5725 -34.2311 0.0000 1650405944981 1340696.0000 -0.1965
-11.3170 76.8536 -33.4787 0.0000 1650405945035 1340750.0000 -0.1965
-11.4116 76.7405 -32.2208 0.0000 1650405945089 1340804.0000 -0.1960
-11.3481 77.2428 -30.9215 0.0000 1650405945143 1340858.0000 -0.1960
-11.3596 77.2486 -29.5167 0.0000 1650405945197 1340912.0000 -0.1965
-11.1330 77.2570 -27.8093 0.0000 1650405945250 1340965.0000 -0.1960
-10.9867 77.2239 -26.1775 0.0000 1650405945304 1341019.0000 -0.1960
-10.9438 77.3008 -25.0039 0.0000 1650405945358 1341073.0000 -0.1960
-10.8828 77.1521 -24.4407 0.0000 1650405945412 1341127.0000 -0.1960
-10.9467 77.1442 -25.0699 0.0000 1650405945466 1341181.0000 -0.1960
-10.9637 76.8610 -24.6723 0.0000 1650405945520 1341235.0000 -0.1960
-11.1289 76.9197 -25.5009 0.0000 1650405945574 1341289.0000 -0.1965
-11.0782 77.2982 -26.7616 0.0000 1650405945628 1341343.0000 -0.1960
-11.0101 77.3666 -28.5848 0.0000 1650405945683 1341397.0000 -0.1960
-11.0545 77.0960 -30.2798 0.0000 1650405945737 1341451.0000 -0.1965
-11.0329 76.8736 -31.8535 0.0000 1650405945791 1341505.0000 -0.1960
-10.9562 76.6326 -33.1842 0.0000 1650405945843 1341559.0000 -0.1955
-10.9315 76.9792 -34.2591 0.0000 1650405945897 1341613.0000 -0.1955
-10.9473 76.7699 -34.1209 0.0000 1650405945951 1341667.0000 -0.1955
-10.6559 76.6258 -33.9628 0.0000 1650405946005 1341721.0000 -0.1955
-11.3662 76.7114 -32.7028 0.0000 1650405946060 1341775.0000 -0.1960
-11.2935 77.1447 -31.8972 0.0000 1650405946114 1341829.0000 -0.1965
-11.3200 77.4056 -30.4481 0.0000 1650405946168 1341883.0000 -0.1960
-11.3147 77.2107 -28.7107 0.0000 1650405946222 1341937.0000 -0.1960
-11.1970 77.3659 -27.1229 0.0000 1650405946276 1341991.0000 -0.1960
-11.1026 77.1563 -25.8329 0.0000 1650405946330 1342045.0000 -0.1960
-10.8757 77.2499 -24.7841 0.0000 1650405946385 1342099.0000 -0.1955
-10.9672 77.2585 -25.1052 0.0000 1650405946438 1342153.0000 -0.1955
-11.1771 77.1994 -24.4720 0.0000 1650405946491 1342207.0000 -0.1955
-10.8902 77.0325 -24.9475 0.0000 1650405946545 1342261.0000 -0.1955
-10.9869 77.1029 -25.9018 0.0000 1650405946599 1342314.0000 -0.1965
-11.1303 77.2524 -27.6119 0.0000 1650405946653 1342368.0000 -0.1965
-11.1606 77.0936 -29.1756 0.0000 1650405946707 1342422.0000 -0.1960
-11.0235 77.0865 -31.0982 0.0000 1650405946762 1342476.0000 -0.1965
-10.9264 77.0255 -32.5739 0.0000 1650405946816 1342530.0000 -0.1960
-10.8447 76.7567 -33.6553 0.0000 1650405946870 1342584.0000 -0.1965
-10.7515 76.9587 -34.2770 0.0000 1650405946924 1342638.0000 -0.1965
-10.7419 76.7672 -34.3513 0.0000 1650405946978 1342692.0000 -0.1960
-11.0902 76.6542 -33.5599 0.0000 1650405947032 1342746.0000 -0.1960
-11.2146 76.9423 -32.5090 0.0000 1650405947084 1342800.0000 -0.1960
-11.3411 77.0750 -31.4760 0.0000 1650405947138 1342854.0000 -0.1965
-11.3762 77.3143 -29.9434 0.0000 1650405947193 1342908.0000 -0.1960
-11.1104 77.3343 -28.1819 0.0000 1650405947247 1342962.0000 -0.1955
-11.1346 77.4457 -26.6573 0.0000 1650405947301 1343016.0000 -0.1960
-11.0459 77.2946 -25.4264 0.0000 1650405947355 1343070.0000 -0.1965
-11.0955 77.1034 -25.0377 0.0000 1650405947409 1343124.0000 -0.1965
-10.9681 76.9735 -24.8679 0.0000 1650405947463 1343178.0000 -0.1960
-11.0289 76.9953 -25.1218 0.0000 1650405947517 1343232.0000 -0.1960
-10.9359 77.0241 -25.4541 0.0000 1650405947571 1343286.0000 -0.1960
-10.9690 77.2331 -26.6427 0.0000 1650405947626 1343340.0000 -0.1960
-11.1109 77.3135 -28.2695 0.0000 1650405947680 1343394.0000 -0.1965
-10.9426 77.1372 -29.6910 0.0000 1650405947732 1343448.0000 -0.1965
-10.9245 77.0499 -31.6103 0.0000 1650405947786 1343502.0000 -0.1960
-10.9227 76.8933 -33.0739 0.0000 1650405947840 1343556.0000 -0.1965
-10.9282 76.7795 -33.9090 0.0000 1650405947894 1343610.0000 -0.1965
-10.9260 76.7405 -33.8037 0.0000 1650405947948 1343663.0000 -0.1960
-10.8572 76.5289 -34.2999 0.0000 1650405948002 1343717.0000 -0.1960
-11.1700 76.8363 -33.0985 0.0000 1650405948057 1343771.0000 -0.1960
-11.2774 77.0051 -32.2075 0.0000 1650405948111 1343825.0000 -0.1960
-11.2926 77.2077 -30.8583 0.0000 1650405948165 1343879.0000 -0.1960
-11.3264 77.2436 -29.2483 0.0000 1650405948219 1343933.0000 -0.1965
-11.2766 77.3093 -27.3460 0.0000 1650405948273 1343987.0000 -0.1965
-11.1349 77.1977 -25.8806 0.0000 1650405948326 1344041.0000 -0.1960
-11.0268 77.1395 -24.9618 0.0000 1650405948380 1344095.0000 -0.1965
-10.9984 77.1810 -24.6817 0.0000 1650405948434 1344149.0000 -0.1965
-11.0285 77.0323 -24.2086 0.0000 1650405948488 1344203.0000 -0.1960
-11.0981 76.8548 -24.4800 0.0000 1650405948542 1344257.0000 -0.1960
-11.0350 77.1746 -25.7885 0.0000 1650405948596 1344311.0000 -0.1960
-11.0893 77.3157 -27.3873 0.0000 1650405948650 1344365.0000 -0.1960
-11.0647 77.2768 -28.7967 0.0000 1650405948705 1344419.0000 -0.1965
-10.9916 77.1601 -30.5614 0.0000 1650405948759 1344473.0000 -0.1965
-10.9196 76.8351 -31.9739 0.0000 1650405948813 1344527.0000 -0.1965
-10.9474 76.9508 -33.2312 0.0000 1650405948867 1344581.0000 -0.1960
-10.7002 76.9406 -34.3192 0.0000 1650405948921 1344635.0000 -0.1965
-10.8235 76.6469 -34.3778 0.0000 1650405948973 1344689.0000 -0.1969
-11.2254 76.5837 -33.4891 0.0000 1650405949027 1344743.0000 -0.1965
-11.2335 76.8588 -32.8472 0.0000 1650405949081 1344797.0000 -0.1965
-11.3026 77.0329 -31.7133 0.0000 1650405949136 1344851.0000 -0.1965
-11.2873 77.2778 -30.2801 0.0000 1650405949190 1344905.0000 -0.1969
-11.2514 77.2105 -28.6456 0.0000 1650405949244 1344959.0000 -0.1969
-11.1293 76.9289 -26.7667 0.0000 1650405949298 1345012.0000 -0.1974
-11.0772 77.1444 -25.6737 0.0000 1650405949352 1345066.0000 -0.1974
-10.9064 76.9715 -24.6235 0.0000 1650405949406 1345120.0000 -0.1969
-11.1111 77.1524 -24.6764 0.0000 1650405949460 1345174.0000 -0.1974
-11.0734 76.9745 -23.9843 0.0000 1650405949514 1345228.0000 -0.1974
-10.8908 76.7308 -25.0603 0.0000 1650405949567 1345282.0000 -0.1969
-11.0301 77.1271 -26.0234 0.0000 1650405949621 1345336.0000 -0.1969
-11.0482 77.2083 -27.5000 0.0000 1650405949675 1345390.0000 -0.1969
-11.0818 77.1376 -29.4455 0.0000 1650405949729 1345444.0000 -0.1969
-10.8638 76.9987 -31.0472 0.0000 1650405949783 1345498.0000 -0.1969
-10.9743 76.8486 -32.5282 0.0000 1650405949837 1345552.0000 -0.1969
-10.9624 76.7632 -33.5553 0.0000 1650405949891 1345606.0000 -0.1969
-10.8221 76.6440 -34.9206 0.0000 1650405949946 1345660.0000 -0.1965
-10.6931 76.6309 -34.2564 0.0000 1650405950000 1345714.0000 -0.1969
-11.0724 76.7477 -33.2986 0.0000 1650405950054 1345768.0000 -0.1969
-11.2165 76.9954 -32.5322 0.0000 1650405950108 1345822.0000 -0.1969
-11.2835 77.2595 -31.2290 0.0000 1650405950162 1345876.0000 -0.1965
-11.3863 77.1724 -29.4553 0.0000 1650405950214 1345930.0000 -0.1969
-11.3241 77.2514 -27.8588 0.0000 1650405950269 1345984.0000 -0.1969
-11.0868 77.2188 -26.2965 0.0000 1650405950323 1346038.0000 -0.1969
-10.9165 77.1994 -25.2789 0.0000 1650405950377 1346092.0000 -0.1969
-10.8769 77.2785 -24.2812 0.0000 1650405950431 1346146.0000 -0.1969
-11.2548 77.2051 -24.7628 0.0000 1650405950485 1346200.0000 -0.1965
-10.9765 76.7501 -25.0015 0.0000 1650405950539 1346254.0000 -0.1969
-10.7275 76.9745 -25.7396 0.0000 1650405950593 1346308.0000 -0.1969
-10.9520 77.0272 -26.7896 0.0000 1650405950648 1346362.0000 -0.1969
-10.9439 77.2541 -28.5314 0.0000 1650405950702 1346415.0000 -0.1965
-10.8428 77.0814 -30.2731 0.0000 1650405950756 1346469.0000 -0.1965
-10.9345 76.8536 -31.5575 0.0000 1650405950808 1346523.0000 -0.1965
-10.7523 76.8132 -33.0889 0.0000 1650405950862 1346577.0000 -0.1969
-10.7858 76.8431 -34.1826 0.0000 1650405950916 1346631.0000 -0.1969
-10.9443 76.5957 -34.0985 0.0000 1650405950970 1346685.0000 -0.1965
-10.8106 76.7445 -34.3653 0.0000 1650405951024 1346739.0000 -0.1965
-11.3450 76.7239 -32.8551 0.0000 1650405951079 1346793.0000 -0.1965
-11.1531 76.8560 -32.1665 0.0000 1650405951133 1346847.0000 -0.1965
-11.2452 77.2291 -30.5119 0.0000 1650405951187 1346901.0000 -0.1960
-11.3163 77.2397 -28.9342 0.0000 1650405951241 1346955.0000 -0.1960
-11.2090 77.3070 -27.1787 0.0000 1650405951295 1347009.0000 -0.1960
-11.0813 77.2183 -25.9642 0.0000 1650405951349 1347063.0000 -0.1960
-10.9919 77.3362 -24.8006 0.0000 1650405951401 1347117.0000 -0.1965
-10.9268 77.1580 -24.8287 0.0000 1650405951455 1347171.0000 -0.1969
-10.8148 76.8728 -24.9022 0.0000 1650405951510 1347225.0000 -0.1965
-11.0074 76.8218 -24.4532 0.0000 1650405951564 1347279.0000 -0.1965
-10.8774 77.1248 -25.8722 0.0000 1650405951618 1347333.0000 -0.1969
-11.1486 77.2225 -27.3446 0.0000 1650405951672 1347387.0000 -0.1965
-11.0360 77.2016 -29.0844 0.0000 1650405951726 1347441.0000 -0.1960
-10.8297 76.9832 -30.6743 0.0000 1650405951780 1347495.0000 -0.1960
-10.9555 76.9028 -32.2133 0.0000 1650405951834 1347549.0000 -0.1960
-10.8066 76.8304 -33.5804 0.0000 1650405951889 1347603.0000 -0.1960
-10.7871 76.8401 -34.4692 0.0000 1650405951943 1347657.0000 -0.1965
-10.7004 76.6704 -34.4030 0.0000 1650405951997 1347711.0000 -0.1969
-11.0819 76.9274 -33.2019 0.0000 1650405952049 1347764.0000 -0.1965
-11.0750 76.9799 -33.0890 0.0000 1650405952103 1347818.0000 -0.1965
-11.1014 77.0667 -31.7074 0.0000 1650405952157 1347872.0000 -0.1969
-11.2182 77.2710 -30.0912 0.0000 1650405952212 1347926.0000 -0.1965
-11.2547 77.3897 -28.3043 0.0000 1650405952265 1347980.0000 -0.1969
-11.0713 77.3709 -26.8033 0.0000 1650405952320 1348034.0000 -0.1965
-11.1857 77.1844 -25.3889 0.0000 1650405952374 1348088.0000 -0.1965
-10.8650 77.1017 -25.1406 0.0000 1650405952428 1348142.0000 -0.1965
-11.0641 77.0623 -24.4935 0.0000 1650405952482 1348196.0000 -0.1969
-11.2274 77.1047 -24.2080 0.0000 1650405952536 1348250.0000 -0.1969
-11.0183 76.6173 -24.7986 0.0000 1650405952591 1348304.0000 -0.1965
-11.1005 77.0635 -26.3923 0.0000 1650405952643 1348358.0000 -0.1969
-11.0553 77.0382 -27.9688 0.0000 1650405952697 1348412.0000 -0.1969
-10.9782 77.0605 -29.8243 0.0000 1650405952752 1348466.0000 -0.1965
-11.0582 76.9540 -31.4644 0.0000 1650405952805 1348520.0000 -0.1965
-10.9339 76.7534 -32.7805 0.0000 1650405952859 1348574.0000 -0.1965
-10.9915 76.9015 -33.6829 0.0000 1650405952913 1348628.0000 -0.1965
-10.7294 76.6282 -34.1301 0.0000 1650405952967 1348682.0000 -0.1965
-10.6727 76.6535 -34.3387 0.0000 1650405953022 1348736.0000 -0.1965
-11.2043 76.9281 -33.3951 0.0000 1650405953076 1348790.0000 -0.1969
-10.9985 76.8762 -32.3665 0.0000 1650405953130 1348844.0000 -0.1965
-11.1609 77.1347 -31.0966 0.0000 1650405953184 1348898.0000 -0.1965
-11.3345 77.2883 -29.4074 0.0000 1650405953238 1348952.0000 -0.1969
-11.1804 77.3512 -27.7804 0.0000 1650405953290 1349006.0000 -0.1965
-11.0094 77.2948 -26.1778 0.0000 1650405953344 1349060.0000 -0.1965
-10.9625 77.2733 -25.2675 0.0000 1650405953398 1349113.0000 -0.1965
-10.9739 77.0993 -24.7767 0.0000 1650405953453 1349167.0000 -0.1965
-11.0383 76.9008 -24.7029 0.0000 1650405953507 1349221.0000 -0.1965
-11.1822 77.0124 -24.2652 0.0000 1650405953561 1349275.0000 -0.1969
-10.8019 76.9304 -25.6151 0.0000 1650405953615 1349329.0000 -0.1969
-11.0881 77.1807 -26.9628 0.0000 1650405953669 1349383.0000 -0.1965
-10.9298 77.0936 -28.4902 0.0000 1650405953723 1349437.0000 -0.1965
-11.1006 77.0638 -30.2404 0.0000 1650405953777 1349491.0000 -0.1969
-10.9404 76.9463 -31.9089 0.0000 1650405953832 1349545.0000 -0.1969
-10.9150 76.9669 -33.2131 0.0000 1650405953884 1349599.0000 -0.1965
-10.8199 76.7195 -34.0736 0.0000 1650405953938 1349653.0000 -0.1965
-10.6827 76.9587 -34.2648 0.0000 1650405953992 1349707.0000 -0.1965
-10.8373 76.7216 -34.0090 0.0000 1650405954046 1349761.0000 -0.1969
-11.0552 76.9464 -32.9397 0.0000 1650405954100 1349815.0000 -0.1969
-10.9674 76.9699 -31.9182 0.0000 1650405954155 1349869.0000 -0.1974
-11.3247 77.1211 -30.4129 0.0000 1650405954209 1349923.0000 -0.1969
-11.2933 77.2257 -28.6992 0.0000 1650405954263 1349977.0000 -0.1969
-11.1338 77.1295 -27.0514 0.0000 1650405954317 1350031.0000 -0.1974
-11.0198 77.4031 -25.8501 0.0000 1650405954371 1350085.0000 -0.1969
-11.0555 77.2216 -24.7967 0.0000 1650405954425 1350139.0000 -0.1969
-10.8998 77.1318 -24.7755 0.0000 1650405954477 1350193.0000 -0.1969
-11.0271 77.0973 -24.2399 0.0000 1650405954532 1350247.0000 -0.1969
-11.0866 76.8096 -24.3966 0.0000 1650405954586 1350301.0000 -0.1969
-10.9338 76.9359 -26.0095 0.0000 1650405954640 1350355.0000 -0.1974
-11.0379 77.0357 -27.5081 0.0000 1650405954694 1350409.0000 -0.1974
-11.0518 76.9860 -29.2228 0.0000 1650405954748 1350462.0000 -0.1969
-10.9401 76.8921 -31.0042 0.0000 1650405954802 1350516.0000 -0.1974
-10.8239 76.8534 -32.4527 0.0000 1650405954856 1350570.0000 -0.1974
-10.7816 76.7545 -33.6384 0.0000 1650405954910 1350624.0000 -0.1974
-10.6661 76.7264 -34.9368 0.0000 1650405954965 1350678.0000 -0.1974
-10.7854 76.7492 -34.2188 0.0000 1650405955019 1350732.0000 -0.1974
-11.0075 76.8179 -33.3285 0.0000 1650405955073 1350786.0000 -0.1974
-11.2006 76.9921 -32.6268 0.0000 1650405955125 1350840.0000 -0.1974
-11.1469 77.1235 -31.4825 0.0000 1650405955179 1350894.0000 -0.1979
-11.3381 77.2225 -29.8187 0.0000 1650405955233 1350948.0000 -0.1979
-11.0892 77.2645 -28.0493 0.0000 1650405955287 1351002.0000 -0.1974
-11.1402 77.2717 -26.4429 0.0000 1650405955341 1351056.0000 -0.1979
-10.8099 77.2675 -25.3609 0.0000 1650405955396 1351110.0000 -0.1979
-10.8157 77.3343 -24.3876 0.0000 1650405955450 1351164.0000 -0.1979
-10.9650 77.1320 -24.7529 0.0000 1650405955504 1351218.0000 -0.1979
-11.2615 76.9137 -23.7349 0.0000 1650405955558 1351272.0000 -0.1974
-11.0959 76.8989 -25.0026 0.0000 1650405955612 1351326.0000 -0.1974
-10.8917 77.2341 -26.5196 0.0000 1650405955666 1351380.0000 -0.1974
-11.1738 77.2293 -28.2755 0.0000 1650405955720 1351434.0000 -0.1979
-10.9118 77.0974 -29.9156 0.0000 1650405955773 1351488.0000 -0.1979
-11.0023 76.7698 -31.4113 0.0000 1650405955827 1351542.0000 -0.1979
-11.0070 76.8904 -32.7737 0.0000 1650405955881 1351596.0000 -0.1979
-10.9265 76.8280 -33.8820 0.0000 1650405955935 1351650.0000 -0.1979
-10.7711 76.6326 -34.3150 0.0000 1650405955989 1351704.0000 -0.1974
-10.8388 76.5528 -34.1313 0.0000 1650405956043 1351758.0000 -0.1974
-11.0398 76.8504 -33.1254 0.0000 1650405956098 1351811.0000 -0.1974
-11.0484 77.0573 -32.2898 0.0000 1650405956151 1351865.0000 -0.1974
-11.2776 77.2621 -30.7729 0.0000 1650405956206 1351919.0000 -0.1974
-11.2715 77.2641 -29.1694 0.0000 1650405956260 1351973.0000 -0.1979
-11.0915 77.3623 -27.5653 0.0000 1650405956314 1352027.0000 -0.1979
-11.0117 77.2662 -26.0462 0.0000 1650405956366 1352081.0000 -0.1974
-10.8844 77.1948 -24.7938 0.0000 1650405956420 1352135.0000 -0.1979
-10.7552 77.0519 -24.9598 0.0000 1650405956474 1352189.0000 -0.1979
-11.1063 77.3673 -24.2211 0.0000 1650405956529 1352243.0000 -0.1979
-11.1625 77.2186 -24.5363 0.0000 1650405956583 1352297.0000 -0.1974
-11.0014 76.9202 -25.8726 0.0000 1650405956637 1352351.0000 -0.1974
-10.9971 77.2259 -27.0255 0.0000 1650405956691 1352405.0000 -0.1974
-11.0207 77.1131 -28.8208 0.0000 1650405956745 1352459.0000 -0.1974
-11.1769 76.9582 -30.3974 0.0000 1650405956799 1352513.0000 -0.1979
-10.9135 76.8099 -32.2001 0.0000 1650405956853 1352567.0000 -0.1979
-11.0205 76.7758 -33.1898 0.0000 1650405956908 1352621.0000 -0.1974
-10.6412 76.7470 -34.1990 0.0000 1650405956960 1352675.0000 -0.1979
-10.6683 76.6242 -34.3128 0.0000 1650405957014 1352729.0000 -0.1979
-11.0182 76.7230 -33.5504 0.0000 1650405957068 1352783.0000 -0.1974
-11.1773 77.0492 -33.0118 0.0000 1650405957122 1352837.0000 -0.1974
-11.1291 77.2625 -31.7935 0.0000 1650405957176 1352891.0000 -0.1974
-11.1896 77.1964 -30.3511 0.0000 1650405957230 1352945.0000 -0.1974
-11.2446 77.3738 -28.5236 0.0000 1650405957284 1352999.0000 -0.1974
-11.0218 77.3404 -26.9862 0.0000 1650405957339 1353053.0000 -0.1979
-10.9688 77.2921 -25.6503 0.0000 1650405957393 1353107.0000 -0.1979
-10.8714 77.2982 -24.6463 0.0000 1650405957447 1353160.0000 -0.1974
-10.9219 76.9849 -25.0284 0.0000 1650405957501 1353214.0000 -0.1979
-10.8953 77.1103 -24.4400 0.0000 1650405957555 1353268.0000 -0.1979
-11.1214 76.9514 -25.1042 0.0000 1650405957607 1353322.0000 -0.1979
-10.9468 77.2648 -26.2432 0.0000 1650405957661 1353376.0000 -0.1974
-11.1943 77.2479 -27.8627 0.0000 1650405957716 1353430.0000 -0.1969
-10.9988 77.0271 -29.5989 0.0000 1650405957770 1353484.0000 -0.1969
-10.9377 76.9536 -31.1329 0.0000 1650405957824 1353538.0000 -0.1974
-11.0385 76.8751 -32.3522 0.0000 1650405957878 1353592.0000 -0.1974
-10.9253 76.6667 -33.6750 0.0000 1650405957932 1353646.0000 -0.1974
-10.5975 76.5573 -34.4339 0.0000 1650405957986 1353700.0000 -0.1974
-10.6422 76.6890 -34.2650 0.0000 1650405958041 1353754.0000 -0.1974
-11.1948 76.7256 -33.5807 0.0000 1650405958094 1353808.0000 -0.1974
-11.0741 76.9261 -32.5264 0.0000 1650405958149 1353862.0000 -0.1974
-11.2608 77.1098 -31.2519 0.0000 1650405958201 1353916.0000 -0.1969
-11.3238 77.2810 -29.6978 0.0000 1650405958255 1353970.0000 -0.1969
-11.2675 77.3233 -27.8113 0.0000 1650405958309 1354024.0000 -0.1969
-11.0628 77.2989 -26.3171 0.0000 1650405958363 1354078.0000 -0.1969
-10.9886 77.2072 -25.3165 0.0000 1650405958417 1354132.0000 -0.1974
-10.8956 77.2737 -24.3937 0.0000 1650405958472 1354186.0000 -0.1974
-10.9746 77.2278 -24.2573 0.0000 1650405958526 1354240.0000 -0.1969
-11.1477 76.8382 -24.6593 0.0000 1650405958580 1354294.0000 -0.1974
-11.0357 77.0701 -25.2521 0.0000 1650405958634 1354348.0000 -0.1974
-11.1277 77.2599 -26.8081 0.0000 1650405958688 1354402.0000 -0.1969
-11.0216 77.2682 -28.4583 0.0000 1650405958742 1354456.0000 -0.1969
-10.9383 77.0286 -30.2197 0.0000 1650405958796 1354510.0000 -0.1969
-10.9409 76.8380 -31.6593 0.0000 1650405958849 1354563.0000 -0.1969
-10.8575 76.7767 -33.1249 0.0000 1650405958903 1354617.0000 -0.1974
-10.8300 76.6567 -33.8723 0.0000 1650405958957 1354671.0000 -0.1974
-10.5120 76.7116 -34.4908 0.0000 1650405959011 1354725.0000 -0.1974
-10.6700 76.5892 -34.2544 0.0000 1650405959065 1354779.0000 -0.1969
-11.2275 76.8246 -33.0921 0.0000 1650405959119 1354833.0000 -0.1974
-11.1739 77.0542 -32.1229 0.0000 1650405959173 1354887.0000 -0.1979
-11.3315 77.2782 -30.4828 0.0000 1650405959227 1354941.0000 -0.1979
-11.2272 77.3147 -29.1092 0.0000 1650405959282 1354995.0000 -0.1974
-11.1307 77.3777 -27.4082 0.0000 1650405959336 1355049.0000 -0.1974
-11.0510 77.1348 -25.9227 0.0000 1650405959390 1355103.0000 -0.1974
-11.0516 77.0980 -24.7304 0.0000 1650405959442 1355157.0000 -0.1974
-10.8839 77.1377 -24.7217 0.0000 1650405959496 1355211.0000 -0.1974
-10.9375 76.9124 -24.6688 0.0000 1650405959550 1355265.0000 -0.1974
-11.1087 76.7812 -24.9174 0.0000 1650405959604 1355319.0000 -0.1974
-10.9889 76.9339 -25.9775 0.0000 1650405959659 1355373.0000 -0.1974
-11.0044 77.2027 -27.4392 0.0000 1650405959713 1355427.0000 -0.1974
-11.0350 77.0064 -29.0722 0.0000 1650405959767 1355481.0000 -0.1969
-11.1496 76.9940 -30.5524 0.0000 1650405959821 1355535.0000 -0.1969
-10.9854 76.8511 -32.2495 0.0000 1650405959875 1355589.0000 -0.1969
-10.9712 76.8394 -33.3667 0.0000 1650405959929 1355643.0000 -0.1969
-10.6560 76.7365 -34.3885 0.0000 1650405959984 1355697.0000 -0.1974
-10.7096 76.6289 -34.3929 0.0000 1650405960036 1355751.0000 -0.1974
-10.8568 76.7048 -33.5450 0.0000 1650405960090 1355805.0000 -0.1974
-11.2442 76.9005 -32.8049 0.0000 1650405960144 1355859.0000 -0.1974
-11.3539 77.2265 -31.5953 0.0000 1650405960198 1355912.0000 -0.1974
-11.2478 77.3238 -30.2488 0.0000 1650405960252 1355966.0000 -0.1974
-11.1359 77.2378 -28.3855 0.0000 1650405960306 1356020.0000 -0.1969
-11.0047 77.3992 -26.8516 0.0000 1650405960361 1356074.0000 -0.1969
-10.9945 77.2537 -25.3186 0.0000 1650405960415 1356128.0000 -0.1969
-10.9278 77.2124 -24.6564 0.0000 1650405960469 1356182.0000 -0.1969
-10.9582 77.0433 -24.8348 0.0000 1650405960523 1356236.0000 -0.1974
-10.8915 76.8585 -24.8929 0.0000 1650405960577 1356290.0000 -0.1974
-11.2733 76.9178 -24.9176 0.0000 1650405960631 1356344.0000 -0.1974
-11.0249 76.9911 -26.0984 0.0000 1650405960683 1356398.0000 -0.1974
-11.1976 77.1930 -28.1027 0.0000 1650405960737 1356452.0000 -0.1979
-10.9827 77.2119 -29.6482 0.0000 1650405960792 1356506.0000 -0.1979
-11.0924 76.9146 -31.2538 0.0000 1650405960846 1356560.0000 -0.1979
-10.9214 76.7688 -32.5451 0.0000 1650405960900 1356614.0000 -0.1974
-10.8549 76.8125 -33.8019 0.0000 1650405960954 1356668.0000 -0.1974
-10.5881 76.5639 -35.0057 0.0000 1650405961008 1356722.0000 -0.1974
-10.6162 76.6573 -34.3316 0.0000 1650405961062 1356776.0000 -0.1979
-10.8931 76.7457 -33.5642 0.0000 1650405961116 1356830.0000 -0.1979
-11.0925 77.0959 -32.3849 0.0000 1650405961170 1356884.0000 -0.1979
-11.2684 77.1689 -31.0940 0.0000 1650405961225 1356938.0000 -0.1979
-11.3368 77.3069 -29.4252 0.0000 1650405961277 1356992.0000 -0.1984
-11.2651 77.4235 -27.8419 0.0000 1650405961331 1357046.0000 -0.1984
-11.0753 77.4097 -26.2018 0.0000 1650405961385 1357100.0000 -0.1979
-11.0595 77.1489 -25.1457 0.0000 1650405961439 1357154.0000 -0.1979
-10.8785 77.1237 -24.9639 0.0000 1650405961493 1357208.0000 -0.1979
-10.9166 77.0119 -24.9280 0.0000 1650405961547 1357261.0000 -0.1979
-11.0138 76.9959 -24.3270 0.0000 1650405961602 1357315.0000 -0.1984
-11.0470 76.8923 -25.3479 0.0000 1650405961656 1357369.0000 -0.1984
-11.1429 77.1792 -27.0267 0.0000 1650405961710 1357423.0000 -0.1984
-11.0920 77.2441 -28.6769 0.0000 1650405961764 1357477.0000 -0.1984
-11.1024 77.0744 -30.1946 0.0000 1650405961818 1357531.0000 -0.1989
-10.9388 76.9058 -31.8911 0.0000 1650405961872 1357585.0000 -0.1984
-10.9975 76.8511 -33.0338 0.0000 1650405961925 1357639.0000 -0.1984
-10.6895 76.7872 -34.1573 0.0000 1650405961979 1357693.0000 -0.1979
-10.5753 76.7963 -34.4493 0.0000 1650405962033 1357747.0000 -0.1979
-10.7868 76.5787 -34.0345 0.0000 1650405962087 1357801.0000 -0.1984
-11.1636 76.8046 -32.9098 0.0000 1650405962141 1357855.0000 -0.1984
-11.2466 77.1109 -31.9525 0.0000 1650405962195 1357909.0000 -0.1989
-11.2695 77.1603 -30.4844 0.0000 1650405962249 1357963.0000 -0.1984
-11.3681 77.3063 -28.7569 0.0000 1650405962304 1358017.0000 -0.1984
-11.1932 77.2849 -27.0650 0.0000 1650405962358 1358071.0000 -0.1984
-11.0711 77.3316 -25.7904 0.0000 1650405962412 1358125.0000 -0.1984
-10.8757 77.1239 -24.7961 0.0000 1650405962466 1358179.0000 -0.1984
-10.9969 76.9056 -24.8620 0.0000 1650405962518 1358233.0000 -0.1984
-10.8727 76.9124 -24.3148 0.0000 1650405962572 1358287.0000 -0.1979
-11.0445 76.7637 -24.4865 0.0000 1650405962626 1358341.0000 -0.1979
-11.0174 76.9578 -25.9022 0.0000 1650405962680 1358395.0000 -0.1984
-11.0734 77.2410 -27.7217 0.0000 1650405962735 1358449.0000 -0.1984
-10.8751 77.0761 -29.3348 0.0000 1650405962789 1358503.0000 -0.1979
-10.8980 76.9895 -31.0292 0.0000 1650405962843 1358557.0000 -0.1984
-11.1018 76.8389 -32.4107 0.0000 1650405962897 1358610.0000 -0.1984
-10.9309 76.7541 -33.6007 0.0000 1650405962951 1358664.0000 -0.1984
-10.8033 76.6812 -34.4557 0.0000 1650405963005 1358718.0000 -0.1984
-10.5753 76.5228 -34.5265 0.0000 1650405963059 1358772.0000 -0.1979
-11.1369 76.7879 -33.7327 0.0000 1650405963113 1358826.0000 -0.1979
-11.1967 76.9355 -32.6886 0.0000 1650405963166 1358880.0000 -0.1984
-11.3321 77.1358 -31.4954 0.0000 1650405963220 1358934.0000 -0.1984
-11.2211 77.2429 -29.8856 0.0000 1650405963274 1358988.0000 -0.1984
-11.1652 77.2869 -28.0719 0.0000 1650405963328 1359042.0000 -0.1984
-11.0007 77.1222 -26.5936 0.0000 1650405963382 1359096.0000 -0.1989
-10.9665 77.2742 -25.4478 0.0000 1650405963436 1359150.0000 -0.1989
-10.9144 77.3223 -24.5311 0.0000 1650405963490 1359204.0000 -0.1984
-11.2270 77.0837 -24.8772 0.0000 1650405963545 1359258.0000 -0.1989
-11.1852 76.9905 -24.4064 0.0000 1650405963599 1359312.0000 -0.1984
-11.0444 76.8143 -25.3425 0.0000 1650405963653 1359366.0000 -0.1984
-11.1683 77.0396 -26.6305 0.0000 1650405963707 1359420.0000 -0.1984
-11.0046 77.1332 -28.2350 0.0000 1650405963759 1359474.0000 -0.1989
-10.9322 77.0193 -29.9016 0.0000 1650405963813 1359528.0000 -0.1989
-10.9104 77.0548 -31.5805 0.0000 1650405963868 1359582.0000 -0.1979
-10.9487 76.9209 -32.9574 0.0000 1650405963921 1359636.0000 -0.1984
-10.7118 76.7593 -33.8032 0.0000 1650405963976 1359690.0000 -0.1984
-10.5217 76.8682 -34.6106 0.0000 1650405964030 1359744.0000 -0.1984
-10.6350 76.6020 -34.1355 0.0000 1650405964084 1359798.0000 -0.1984
-11.1200 76.7602 -33.3123 0.0000 1650405964138 1359852.0000 -0.1979
-11.1740 76.8879 -32.4680 0.0000 1650405964192 1359906.0000 -0.1979
-11.4059 77.1089 -30.7927 0.0000 1650405964247 1359959.0000 -0.1979
-11.2578 77.2204 -29.2803 0.0000 1650405964301 1360013.0000 -0.1984
-11.1793 77.2681 -27.6022 0.0000 1650405964353 1360067.0000 -0.1984
-11.0603 77.2086 -26.0638 0.0000 1650405964407 1360121.0000 -0.1979
-10.9280 77.2727 -24.9569 0.0000 1650405964461 1360175.0000 -0.1984
-10.8730 77.0809 -24.3741 0.0000 1650405964515 1360229.0000 -0.1984
-10.8856 77.0245 -24.7575 0.0000 1650405964569 1360283.0000 -0.1979
-11.1885 77.0751 -24.5489 0.0000 1650405964623 1360337.0000 -0.1979
-11.0192 76.9371 -25.7073 0.0000 1650405964678 1360391.0000 -0.1979
-11.1321 77.1903 -27.2014 0.0000 1650405964732 1360445.0000 -0.1979
-11.1093 77.2619 -29.0511 0.0000 1650405964786 1360499.0000 -0.1984
-11.0343 77.0107 -30.7417 0.0000 1650405964840 1360553.0000 -0.1984
-10.9770 76.7879 -32.0768 0.0000 1650405964894 1360607.0000 -0.1984
-10.9067 76.9197 -33.3194 0.0000 1650405964948 1360661.0000 -0.1979
-10.6984 76.8253 -34.1073 0.0000 1650405965000 1360715.0000 -0.1984
-10.5397 76.6654 -34.8381 0.0000 1650405965054 1360769.0000 -0.1984
-11.0573 76.6414 -33.6586 0.0000 1650405965109 1360823.0000 -0.1984
-11.2335 76.8805 -32.8473 0.0000 1650405965163 1360877.0000 -0.1984
-11.2829 77.1442 -31.7276 0.0000 1650405965217 1360931.0000 -0.1979
-11.3641 77.2490 -30.1739 0.0000 1650405965271 1360985.0000 -0.1979
-11.2512 77.3693 -28.6716 0.0000 1650405965325 1361039.0000 -0.1979
-11.1496 77.2536 -26.8740 0.0000 1650405965379 1361093.0000 -0.1979
-10.9186 77.3008 -25.5286 0.0000 1650405965433 1361147.0000 -0.1979
-10.8357 77.2698 -24.7729 0.0000 1650405965488 1361201.0000 -0.1974
-11.1063 77.1219 -24.8243 0.0000 1650405965542 1361255.0000 -0.1979
-11.0190 77.0437 -24.3797 0.0000 1650405965594 1361308.0000 -0.1974
-11.0744 76.9819 -24.6926 0.0000 1650405965648 1361362.0000 -0.1974
-11.0922 76.9249 -26.1822 0.0000 1650405965702 1361416.0000 -0.1974
-11.1547 77.1087 -27.7971 0.0000 1650405965756 1361470.0000 -0.1974
-11.0439 77.0421 -29.3583 0.0000 1650405965811 1361524.0000 -0.1974
-11.0562 77.0183 -30.9883 0.0000 1650405965864 1361578.0000 -0.1974
-10.9165 76.7978 -32.5954 0.0000 1650405965919 1361632.0000 -0.1979
-10.6370 76.6942 -33.7351 0.0000 1650405965973 1361686.0000 -0.1974
