-24.9173 79.9794 -38.8979 0.0000 1650410875377 300039.5000 -0.2009
-24.8124 80.0511 -38.8860 0.0000 1650410875406 300068.5000 -0.2009
-24.7920 79.9662 -38.9158 0.0000 1650410875435 300097.5000 -0.2005
-24.8092 79.9498 -38.9556 0.0000 1650410875463 300126.5000 -0.2004
-24.8484 79.9272 -38.9439 0.0000 1650410875493 300155.2500 -0.2004
-24.7484 79.9573 -38.8744 0.0000 1650410875521 300185.5000 -0.2004
-24.7714 80.1070 -38.8250 0.0000 1650410875551 300213.5000 -0.2004
-24.8914 80.0568 -38.9318 0.0000 1650410875580 300242.5000 -0.2004
-24.7546 79.7984 -38.9740 0.0000 1650410875609 300271.5000 -0.2004
-24.9281 79.9752 -38.9107 0.0000 1650410875638 300300.5000 -0.2004
-24.7784 79.8274 -39.0159 0.0000 1650410875667 300329.5000 -0.2004
-25.0297 79.8294 -38.8621 0.0000 1650410875696 300358.5000 -0.2004
-24.8731 79.8058 -38.9058 0.0000 1650410875724 300387.5000 -0.2004
-24.8180 79.5644 -38.9420 0.0000 1650410875754 300416.2500 -0.2004
-24.7424 79.6232 -38.9425 0.0000 1650410875782 300445.0000 -0.2004
-24.9500 79.7373 -38.9288 0.0000 1650410875811 300474.5000 -0.2009
-24.9896 79.7584 -38.9818 0.0000 1650410875840 300503.2500 -0.2012
-24.7295 79.7047 -39.0005 0.0000 1650410875869 300532.2500 -0.2013
-24.9417 79.7604 -38.9271 0.0000 1650410875898 300561.2500 -0.2013
-24.8188 79.7547 -39.0106 0.0000 1650410875927 300590.2500 -0.2013
-24.7774 79.8821 -39.0502 0.0000 1650410875957 300619.2500 -0.2013
-24.9602 79.9175 -38.8932 0.0000 1650410875986 300648.0000 -0.2013
-24.8645 79.9643 -39.0410 0.0000 1650410876015 300677.0000 -0.2013
-24.8777 79.9900 -38.9690 0.0000 1650410876043 300706.0000 -0.2013
-24.8771 79.9492 -38.9016 0.0000 1650410876073 300735.0000 -0.2013
-24.8382 80.0955 -39.0062 0.0000 1650410876101 300764.0000 -0.2013
-24.6396 80.0316 -39.2587 0.0000 1650410876130 300793.0000 -0.2013
-24.7362 80.0608 -38.9729 0.0000 1650410876159 300822.0000 -0.2013
-24.8030 80.1280 -38.9869 0.0000 1650410876188 300851.0000 -0.2013
-24.7080 80.0129 -39.1300 0.0000 1650410876217 300880.0000 -0.2010
-24.8666 80.0709 -38.9676 0.0000 1650410876246 300909.0000 -0.2009
-24.7637 80.1113 -39.0039 0.0000 1650410876276 300939.2500 -0.2009
-24.8898 80.1384 -38.9533 0.0000 1650410876304 300966.5000 -0.2009
-24.7943 80.0904 -38.9748 0.0000 1650410876334 300995.7500 -0.2009
-24.8721 80.0746 -38.8903 0.0000 1650410876362 301024.7500 -0.2009
-24.8374 79.9353 -38.9729 0.0000 1650410876391 301053.5000 -0.2005
-24.9423 79.9153 -38.8142 0.0000 1650410876420 301082.5000 -0.2004
-25.0935 79.9654 -38.8405 0.0000 1650410876449 301111.5000 -0.2004
-25.0993 80.0518 -38.7889 0.0000 1650410876478 301140.5000 -0.2004
-24.8857 80.0211 -38.7595 0.0000 1650410876507 301171.2500 -0.2004
-24.9590 79.9351 -38.9228 0.0000 1650410876536 301199.5000 -0.2004
-24.9820 79.9310 -38.9116 0.0000 1650410876565 301227.5000 -0.2004
-24.9749 79.8437 -38.8876 0.0000 1650410876594 301258.0000 -0.2009
-24.9668 79.9621 -38.8417 0.0000 1650410876622 301285.0000 -0.2009
-25.0505 79.9428 -38.9005 0.0000 1650410876652 301314.5000 -0.2009
-24.8379 79.7500 -39.0138 0.0000 1650410876680 301343.5000 -0.2009
-25.0026 79.7701 -38.8018 0.0000 1650410876710 301372.5000 -0.2009
-25.0582 80.0410 -38.9241 0.0000 1650410876739 301401.5000 -0.2009
-24.8649 79.8611 -38.9974 0.0000 1650410876768 301430.5000 -0.2009
-24.7893 79.7441 -39.0727 0.0000 1650410876797 301459.5000 -0.2009
-25.0942 80.0904 -38.8168 0.0000 1650410876826 301488.5000 -0.2009
-25.0990 79.9579 -38.8961 0.0000 1650410876855 301517.5000 -0.2009
-24.9596 79.9662 -39.0721 0.0000 1650410876884 301546.5000 -0.2009
-24.8970 79.8436 -38.9677 0.0000 1650410876913 301575.5000 -0.2009
-24.9398 80.0224 -38.8973 0.0000 1650410876941 301604.5000 -0.2009
-24.8796 79.9489 -38.9293 0.0000 1650410876970 301633.5000 -0.2009
-24.7476 79.8836 -38.9308 0.0000 1650410876999 301662.2500 -0.2009
-24.8478 79.9752 -38.9706 0.0000 1650410877028 301692.7500 -0.2009
-24.7503 80.1128 -38.9662 0.0000 1650410877057 301719.5000 -0.2009
-24.8627 80.0590 -38.9357 0.0000 1650410877086 301749.0000 -0.2009
-24.9204 79.7201 -39.0054 0.0000 1650410877116 301778.0000 -0.2005
-25.4464 79.3822 -37.6643 0.0000 1650410877145 301807.0000 -0.2004
-25.3088 79.6838 -37.0298 0.0000 1650410877174 301836.0000 -0.2004
-24.8171 79.4485 -36.6343 0.0000 1650410877202 301865.0000 -0.2004
-24.3649 80.1459 -36.0990 0.0000 1650410877232 301894.0000 -0.2004
-24.2804 79.7391 -35.6696 0.0000 1650410877260 301923.0000 -0.2004
-24.6490 80.5409 -34.9906 0.0000 1650410877289 301953.0000 -0.2004
-24.3638 80.3725 -34.8386 0.0000 1650410877318 301980.5000 -0.2004
-24.7327 80.5906 -34.6486 0.0000 1650410877347 302010.0000 -0.2004
-24.5586 80.8351 -34.6412 0.0000 1650410877376 302038.5000 -0.2004
-24.6182 80.9430 -34.7465 0.0000 1650410877405 302067.7500 -0.2004
-24.4459 80.7468 -34.8371 0.0000 1650410877434 302096.7500 -0.2004
-23.5246 80.5088 -35.6232 0.0000 1650410877463 302125.7500 -0.2004
-24.2508 80.5109 -35.8863 0.0000 1650410877492 302154.7500 -0.2009
-24.5418 80.1076 -36.2740 0.0000 1650410877521 302183.5000 -0.2009
-23.8717 80.5295 -37.3017 0.0000 1650410877551 302212.5000 -0.2009
-24.8627 79.9046 -38.0814 0.0000 1650410877579 302241.5000 -0.2009
-24.2045 80.2538 -39.2830 0.0000 1650410877608 302270.5000 -0.2009
-24.8932 80.1391 -39.5636 0.0000 1650410877637 302299.5000 -0.2009
-24.1848 80.3132 -41.1583 0.0000 1650410877666 302328.5000 -0.2012
-24.7081 80.2121 -41.7180 0.0000 1650410877695 302357.5000 -0.2013
-24.3813 80.2526 -42.4639 0.0000 1650410877724 302386.5000 -0.2013
-24.5564 80.1785 -42.8362 0.0000 1650410877753 302415.5000 -0.2013
-25.1471 80.0724 -43.1046 0.0000 1650410877782 302444.5000 -0.2010
-24.5443 80.4243 -43.7400 0.0000 1650410877811 302473.5000 -0.2009
-24.5764 79.8785 -44.2531 0.0000 1650410877839 302501.7500 -0.2007
-24.8281 80.2607 -43.8695 0.0000 1650410877869 302531.5000 -0.2009
-25.1199 80.1078 -43.7644 0.0000 1650410877898 302560.5000 -0.2009
-25.1218 79.9426 -43.4675 0.0000 1650410877927 302589.5000 -0.2009
-24.9801 79.5493 -43.1947 0.0000 1650410877956 302618.5000 -0.2005
-24.6400 79.4176 -42.8076 0.0000 1650410877985 302647.5000 -0.2004
-25.0650 79.6330 -41.9940 0.0000 1650410878014 302676.5000 -0.2004
-25.0279 79.8103 -41.6301 0.0000 1650410878043 302707.0000 -0.2004
-24.6357 80.1649 -40.9921 0.0000 1650410878072 302735.2500 -0.2000
-24.7384 79.8466 -40.2118 0.0000 1650410878100 302763.2500 -0.1999
-24.5081 80.0360 -39.4050 0.0000 1650410878130 302792.2500 -0.2002
-24.5292 80.1920 -38.6382 0.0000 1650410878158 302822.2500 -0.2004
-24.5492 80.0946 -37.6742 0.0000 1650410878187 302850.2500 -0.2004
-24.6854 80.2870 -36.9039 0.0000 1650410878216 302879.0000 -0.2004
-24.1750 80.3590 -36.4087 0.0000 1650410878245 302908.0000 -0.2004
-24.5263 80.2759 -35.7207 0.0000 1650410878274 302937.0000 -0.2004
-24.1955 80.3483 -34.9372 0.0000 1650410878304 302966.0000 -0.2005
-24.3402 80.3331 -34.6307 0.0000 1650410878333 302995.0000 -0.2009
-24.4063 80.4848 -34.3656 0.0000 1650410878362 303024.0000 -0.2009
-24.3700 80.6341 -34.3649 0.0000 1650410878391 303053.0000 -0.2013
-23.9091 80.4316 -34.8390 0.0000 1650410878419 303082.0000 -0.2013
-23.4066 80.6140 -35.6466 0.0000 1650410878448 303111.0000 -0.2013
-23.3802 80.9139 -36.0180 0.0000 1650410878477 303140.0000 -0.2013
-24.2360 80.7394 -35.9445 0.0000 1650410878506 303169.0000 -0.2013
-24.8383 80.4439 -36.2655 0.0000 1650410878535 303197.7500 -0.2013
-23.5548 80.5426 -38.1293 0.0000 1650410878564 303226.7500 -0.2010
-24.8658 79.8742 -38.0724 0.0000 1650410878593 303254.7500 -0.2009
-23.8463 80.4656 -39.8914 0.0000 1650410878622 303284.5000 -0.2013
-24.7396 79.9764 -40.0187 0.0000 1650410878651 303313.5000 -0.2013
-24.0734 80.1433 -41.3840 0.0000 1650410878680 303342.5000 -0.2010
-24.7469 80.0255 -41.6382 0.0000 1650410878710 303371.5000 -0.2009
-24.2413 80.3013 -42.5414 0.0000 1650410878738 303400.5000 -0.2012
-24.6306 79.9907 -42.8446 0.0000 1650410878767 303429.5000 -0.2013
-24.6978 79.9293 -43.4641 0.0000 1650410878796 303458.5000 -0.2010
-24.9024 80.5566 -43.8438 0.0000 1650410878825 303487.2500 -0.2009
-24.8799 80.3965 -43.8965 0.0000 1650410878854 303516.0000 -0.2005
-24.9207 79.8608 -43.8941 0.0000 1650410878883 303545.5000 -0.2004
-25.3598 80.2591 -43.7803 0.0000 1650410878912 303575.7500 -0.2004
-25.4738 79.7081 -43.2751 0.0000 1650410878941 303603.5000 -0.2004
-25.4347 79.9498 -42.6912 0.0000 1650410878970 303632.5000 -0.2004
-24.8322 79.5348 -42.7516 0.0000 1650410878998 303661.5000 -0.2004
-25.4242 79.9518 -41.7930 0.0000 1650410879027 303690.5000 -0.2004
-24.7113 79.9795 -41.6158 0.0000 1650410879057 303719.5000 -0.2004
-24.8592 80.1960 -40.6435 0.0000 1650410879086 303748.5000 -0.2004
-24.6734 80.0501 -39.9184 0.0000 1650410879114 303777.5000 -0.2004
-24.6275 80.0753 -38.9851 0.0000 1650410879144 303806.5000 -0.2007
-24.1199 80.2367 -38.1203 0.0000 1650410879173 303835.5000 -0.2009
-24.8418 80.3123 -37.2951 0.0000 1650410879202 303864.5000 -0.2009
-24.2808 80.1292 -36.4990 0.0000 1650410879231 303893.2500 -0.2009
-24.3105 80.1801 -35.9180 0.0000 1650410879259 303922.2500 -0.2009
-24.2757 80.2317 -35.0151 0.0000 1650410879289 303951.2500 -0.2009
-24.2264 80.6856 -34.9700 0.0000 1650410879317 303980.0000 -0.2010
-24.4205 80.2548 -34.5206 0.0000 1650410879346 304010.2500 -0.2013
-24.4213 80.2720 -34.1521 0.0000 1650410879375 304039.2500 -0.2013
-24.4319 80.6145 -34.4528 0.0000 1650410879404 304066.5000 -0.2013
-24.0851 80.4925 -34.6259 0.0000 1650410879433 304096.0000 -0.2013
-23.6237 81.0337 -35.5440 0.0000 1650410879463 304125.0000 -0.2017
-23.7768 81.0049 -35.7028 0.0000 1650410879492 304154.0000 -0.2018
-24.6964 80.5166 -35.7887 0.0000 1650410879521 304183.0000 -0.2015
-24.8074 80.6444 -36.7435 0.0000 1650410879550 304212.0000 -0.2013
-24.4721 80.8975 -37.7583 0.0000 1650410879578 304241.0000 -0.2013
-24.8453 80.3822 -38.5480 0.0000 1650410879608 304274.0000 -0.2013
-24.2763 80.3266 -39.6449 0.0000 1650410879636 304298.5000 -0.2013
-24.5485 80.2075 -40.4821 0.0000 1650410879665 304327.7500 -0.2013
-24.5983 80.2334 -41.2520 0.0000 1650410879694 304356.0000 -0.2010
-24.7766 80.5974 -41.7371 0.0000 1650410879723 304385.7500 -0.2009
-24.3392 80.0554 -42.9300 0.0000 1650410879752 304414.5000 -0.2011
-24.9608 80.0905 -42.9184 0.0000 1650410879781 304443.5000 -0.2009
-24.8097 80.2140 -43.4213 0.0000 1650410879810 304472.5000 -0.2009
-24.5073 80.2570 -43.9675 0.0000 1650410879839 304501.5000 -0.2009
-24.8158 79.8460 -44.1321 0.0000 1650410879869 304530.5000 -0.2009
-25.0283 80.1173 -43.9163 0.0000 1650410879897 304559.5000 -0.2009
-25.5026 80.2424 -43.5344 0.0000 1650410879926 304588.5000 -0.2009
-25.3283 79.7264 -43.3054 0.0000 1650410879955 304617.5000 -0.2009
-25.5722 79.9788 -42.4300 0.0000 1650410879984 304646.5000 -0.2010
-25.5983 79.8158 -42.1259 0.0000 1650410880013 304675.5000 -0.2013
-25.1493 79.4700 -41.8202 0.0000 1650410880042 304704.5000 -0.2013
-24.3044 80.0172 -41.6154 0.0000 1650410880071 304733.5000 -0.2013
-24.6060 79.7727 -40.6184 0.0000 1650410880100 304762.5000 -0.2013
-23.9610 79.8764 -39.8121 0.0000 1650410880129 304794.2500 -0.2013
-24.5318 79.9315 -38.6860 0.0000 1650410880157 304820.0000 -0.2013
-24.1867 79.7964 -37.8759 0.0000 1650410880187 304849.5000 -0.2013
-24.5390 80.1324 -36.7301 0.0000 1650410880217 304878.5000 -0.2013
-24.0973 80.1189 -36.1248 0.0000 1650410880245 304907.5000 -0.2018
-24.5509 79.9889 -35.3139 0.0000 1650410880274 304936.5000 -0.2018
-24.2190 80.4607 -34.9374 0.0000 1650410880303 304965.5000 -0.2015
-24.3619 80.4140 -34.5573 0.0000 1650410880332 304994.0000 -0.2013
-24.3407 80.3120 -34.3290 0.0000 1650410880361 305023.0000 -0.2013
-24.4090 80.6904 -33.8688 0.0000 1650410880390 305052.0000 -0.2013
-24.3025 80.6384 -33.9680 0.0000 1650410880419 305081.2500 -0.2013
-24.1136 80.5746 -34.1262 0.0000 1650410880448 305111.5000 -0.2013
-23.7875 80.7678 -35.2737 0.0000 1650410880476 305138.7500 -0.2010
-24.3052 81.0760 -35.8399 0.0000 1650410880505 305168.0000 -0.2009
-24.8952 80.3137 -35.9072 0.0000 1650410880534 305197.0000 -0.2005
-24.4132 80.9542 -37.0961 0.0000 1650410880563 305226.0000 -0.2004
-25.0132 79.9410 -37.6958 0.0000 1650410880592 305255.0000 -0.2004
-24.2651 80.3798 -39.0172 0.0000 1650410880622 305284.0000 -0.2004
-24.8788 80.4932 -39.5974 0.0000 1650410880651 305313.0000 -0.2004
-24.2635 80.4274 -41.0644 0.0000 1650410880680 305342.0000 -0.2004
-24.6573 80.1119 -41.5179 0.0000 1650410880709 305371.0000 -0.2004
-24.3304 79.9225 -42.3701 0.0000 1650410880737 305400.0000 -0.2004
-25.0438 80.2403 -42.5172 0.0000 1650410880767 305428.7500 -0.2005
-25.0443 80.3232 -42.9328 0.0000 1650410880795 305457.7500 -0.2004
-24.9809 80.4722 -43.6293 0.0000 1650410880824 305486.7500 -0.2004
-25.0101 80.3049 -44.1083 0.0000 1650410880853 305515.5000 -0.2004
-25.3534 80.5357 -43.7241 0.0000 1650410880882 305544.2500 -0.2004
-25.1725 80.0376 -43.8878 0.0000 1650410880911 305574.5000 -0.2009
-25.4246 79.9794 -43.5583 0.0000 1650410880940 305602.5000 -0.2005
-25.6718 80.1443 -42.7265 0.0000 1650410880969 305631.5000 -0.2007
-25.3168 79.8231 -42.5994 0.0000 1650410880998 305660.5000 -0.2009
-25.0360 79.2293 -42.2387 0.0000 1650410881028 305689.5000 -0.2009
-24.9331 79.3177 -41.9684 0.0000 1650410881056 305718.5000 -0.2009
-24.7093 79.7311 -40.9922 0.0000 1650410881085 305747.5000 -0.2009
-24.6873 79.7072 -40.2891 0.0000 1650410881114 305776.5000 -0.2009
-24.4056 80.0332 -39.2750 0.0000 1650410881143 305805.2500 -0.2009
-24.6507 79.9454 -38.3294 0.0000 1650410881172 305834.0000 -0.2009
-24.4197 79.6629 -37.3069 0.0000 1650410881201 305863.5000 -0.2009
-24.4010 80.0452 -36.6496 0.0000 1650410881230 305892.2500 -0.2009
-24.3358 80.1180 -35.7547 0.0000 1650410881259 305921.0000 -0.2005
-24.3072 80.1167 -35.2338 0.0000 1650410881288 305950.5000 -0.2004
-24.3223 80.5916 -34.6976 0.0000 1650410881316 305979.5000 -0.2004
-24.4360 80.1574 -34.3032 0.0000 1650410881346 306008.5000 -0.2004
-24.6128 80.3378 -34.0421 0.0000 1650410881374 306037.5000 -0.2000
-24.8431 80.5941 -34.0670 0.0000 1650410881403 306066.5000 -0.1999
-24.1581 80.1744 -34.3768 0.0000 1650410881433 306095.5000 -0.1999
-24.3329 80.5956 -34.5756 0.0000 1650410881462 306124.2500 -0.1999
-24.1362 81.1463 -35.2100 0.0000 1650410881491 306153.2500 -0.1999
-24.4302 80.7044 -35.6176 0.0000 1650410881520 306182.2500 -0.1999
-24.7509 80.1343 -36.1040 0.0000 1650410881549 306211.0000 -0.1999
-23.9873 80.7748 -37.7224 0.0000 1650410881578 306240.0000 -0.1999
-25.0355 80.3124 -37.7810 0.0000 1650410881607 306269.0000 -0.1999
-24.0964 80.6027 -39.3145 0.0000 1650410881635 306298.0000 -0.1999
-24.9984 80.2982 -39.8320 0.0000 1650410881665 306328.2500 -0.1999
-23.6490 79.9275 -41.5901 0.0000 1650410881693 306355.7500 -0.2004
-24.6220 80.0106 -41.5415 0.0000 1650410881722 306385.0000 -0.2004
-24.1008 80.1793 -42.6242 0.0000 1650410881751 306414.0000 -0.2004
-25.0751 80.1117 -42.8982 0.0000 1650410881781 306443.0000 -0.2004
-24.9044 80.1332 -43.5020 0.0000 1650410881810 306472.0000 -0.2004
-24.9466 80.5924 -43.8159 0.0000 1650410881839 306501.0000 -0.2004
-24.9725 80.2341 -44.0191 0.0000 1650410881868 306529.7500 -0.2004
-25.3001 80.5019 -43.9049 0.0000 1650410881897 306558.7500 -0.2004
-25.0411 80.2540 -43.7290 0.0000 1650410881926 306587.2500 -0.2009
-25.2970 79.9437 -43.4478 0.0000 1650410881954 306616.7500 -0.2009
-25.3224 79.8691 -42.9404 0.0000 1650410881983 306645.5000 -0.2009
-25.3988 79.7140 -42.4293 0.0000 1650410882012 306674.2500 -0.2009
-24.9659 79.1498 -42.1659 0.0000 1650410882041 306703.5000 -0.2004
-24.9861 79.8498 -41.5455 0.0000 1650410882070 306732.5000 -0.2004
-24.6448 79.6536 -40.7834 0.0000 1650410882099 306761.5000 -0.2004
-24.3838 79.5904 -39.7992 0.0000 1650410882128 306790.5000 -0.2004
-24.4141 79.6768 -39.0007 0.0000 1650410882157 306820.7500 -0.2004
-24.4034 80.1875 -37.9482 0.0000 1650410882187 306848.5000 -0.2004
-24.6276 80.1451 -37.1068 0.0000 1650410882215 306877.5000 -0.2000
-24.3696 80.1715 -36.3270 0.0000 1650410882245 306906.5000 -0.1999
-24.3190 80.0139 -35.6067 0.0000 1650410882273 306935.5000 -0.1999
-24.0879 80.0896 -35.3166 0.0000 1650410882302 306964.5000 -0.1999
-24.4402 80.4552 -34.6831 0.0000 1650410882331 306993.5000 -0.1999
-24.2472 79.9771 -34.0440 0.0000 1650410882360 307022.5000 -0.1999
-24.2729 80.0005 -33.9854 0.0000 1650410882389 307051.5000 -0.1999
-24.1173 80.5472 -34.2520 0.0000 1650410882418 307080.5000 -0.1999
-24.3071 80.5951 -34.2869 0.0000 1650410882447 307108.5000 -0.1999
-24.3758 80.7065 -34.7218 0.0000 1650410882476 307138.5000 -0.1999
-24.2473 80.6744 -35.6474 0.0000 1650410882505 307167.5000 -0.1999
-24.6973 80.5946 -35.7342 0.0000 1650410882533 307196.5000 -0.1999
-24.7362 80.1711 -36.6261 0.0000 1650410882563 307225.2500 -0.1999
-24.4474 80.5179 -37.6640 0.0000 1650410882592 307254.2500 -0.2004
-24.9535 80.3437 -38.3386 0.0000 1650410882621 307283.2500 -0.2004
-24.3198 80.3022 -39.4376 0.0000 1650410882650 307312.2500 -0.2004
-24.6192 80.0950 -40.3952 0.0000 1650410882679 307340.5000 -0.2004
-24.4483 80.2578 -41.5334 0.0000 1650410882708 307371.2500 -0.2004
-24.6697 80.0245 -41.7467 0.0000 1650410882737 307399.0000 -0.2004
-24.4595 80.0214 -43.0141 0.0000 1650410882766 307427.5000 -0.2004
-25.0516 80.1420 -43.1215 0.0000 1650410882794 307457.0000 -0.2004
-24.8572 79.9190 -43.8288 0.0000 1650410882824 307486.0000 -0.2004
-24.9755 80.6430 -43.8306 0.0000 1650410882852 307515.0000 -0.2004
-24.7968 80.2022 -44.1192 0.0000 1650410882881 307544.0000 -0.2004
-24.9920 80.4511 -44.0015 0.0000 1650410882910 307573.0000 -0.2004
-25.3899 80.4237 -43.6220 0.0000 1650410882940 307602.0000 -0.2004
-25.2568 79.6958 -43.4609 0.0000 1650410882969 307631.0000 -0.2004
-25.7226 80.0820 -42.4941 0.0000 1650410882998 307659.7500 -0.2000
-25.1697 79.4651 -42.3730 0.0000 1650410883027 307688.7500 -0.1999
-25.2378 79.5841 -41.9371 0.0000 1650410883056 307717.7500 -0.1999
-24.5854 79.9710 -41.4069 0.0000 1650410883085 307746.5000 -0.1999
-24.2929 79.5538 -40.6421 0.0000 1650410883113 307775.5000 -0.1999
-24.2275 79.8608 -39.4446 0.0000 1650410883142 307804.5000 -0.1999
-24.3227 79.5843 -38.7094 0.0000 1650410883171 307833.5000 -0.1999
-24.1132 79.7368 -37.7122 0.0000 1650410883200 307862.2500 -0.1999
-24.4092 79.8662 -37.0359 0.0000 1650410883229 307891.0000 -0.1999
-24.2785 80.1570 -36.2021 0.0000 1650410883258 307920.5000 -0.1999
-24.3116 79.8737 -35.3993 0.0000 1650410883287 307949.5000 -0.1998
-24.4969 80.1712 -34.9688 0.0000 1650410883316 307978.5000 -0.1994
-24.5273 80.5319 -34.5612 0.0000 1650410883346 308007.5000 -0.1994
-24.6014 80.0778 -34.1992 0.0000 1650410883374 308036.5000 -0.1999
-24.3860 80.3463 -34.2539 0.0000 1650410883404 308065.5000 -0.2000
-24.5754 80.6210 -33.9474 0.0000 1650410883432 308094.5000 -0.2004
-24.5767 80.5369 -34.5775 0.0000 1650410883461 308122.5000 -0.2004
-24.9512 80.8737 -34.7998 0.0000 1650410883490 308152.5000 -0.2004
-24.3895 80.4588 -35.5170 0.0000 1650410883519 308181.5000 -0.2004
-24.9321 80.1458 -35.9241 0.0000 1650410883548 308211.2500 -0.2004
-24.4836 80.5036 -37.0166 0.0000 1650410883577 308239.5000 -0.2004
-24.5013 79.9580 -37.6782 0.0000 1650410883606 308268.5000 -0.2004
-24.6175 80.2863 -38.7611 0.0000 1650410883635 308297.5000 -0.2004
-24.5574 80.1762 -39.6194 0.0000 1650410883664 308326.5000 -0.2004
-24.7060 80.3250 -40.5551 0.0000 1650410883692 308355.2500 -0.2004
-24.8343 80.1317 -41.7061 0.0000 1650410883722 308384.2500 -0.2004
-24.5860 80.2150 -42.2765 0.0000 1650410883751 308413.2500 -0.2004
-24.5496 80.1712 -43.1714 0.0000 1650410883780 308442.0000 -0.2004
-25.2755 80.2307 -43.1016 0.0000 1650410883809 308471.0000 -0.2004
-24.9637 80.1993 -43.6037 0.0000 1650410883838 308500.0000 -0.2000
-24.8096 80.1649 -44.3005 0.0000 1650410883867 308529.0000 -0.1999
-24.3827 79.6230 -44.4157 0.0000 1650410883896 308558.0000 -0.1999
-25.2721 80.2563 -44.0052 0.0000 1650410883925 308587.0000 -0.1999
-25.4244 80.0672 -43.4384 0.0000 1650410883954 308617.5000 -0.1995
-25.4767 80.0215 -43.0625 0.0000 1650410883983 308646.0000 -0.1994
-25.3577 80.2461 -42.4179 0.0000 1650410884011 308674.0000 -0.1994
-24.9222 79.2970 -42.2290 0.0000 1650410884040 308703.0000 -0.1994
-24.7514 79.3927 -41.8438 0.0000 1650410884069 308732.0000 -0.1994
-24.5207 79.8502 -40.8717 0.0000 1650410884099 308760.7500 -0.1994
-24.4565 79.5170 -40.3276 0.0000 1650410884128 308789.7500 -0.1994
-24.2081 79.8751 -39.1439 0.0000 1650410884157 308818.7500 -0.1994
-24.6437 79.8555 -38.1778 0.0000 1650410884186 308847.7500 -0.1995
-24.2988 79.7020 -37.5715 0.0000 1650410884215 308876.0000 -0.1999
-24.6227 79.9155 -36.5729 0.0000 1650410884244 308905.0000 -0.1999
-24.6380 80.2424 -35.7655 0.0000 1650410884272 308934.5000 -0.1999
-24.4030 79.7741 -35.3409 0.0000 1650410884302 308963.2500 -0.2000
-24.4303 80.1766 -34.9018 0.0000 1650410884330 308992.5000 -0.2004
-24.7191 80.0861 -34.4188 0.0000 1650410884359 309021.5000 -0.2004
-25.0573 80.4236 -33.9303 0.0000 1650410884388 309050.5000 -0.2004
-24.8700 80.6605 -34.1206 0.0000 1650410884417 309079.5000 -0.2005
-24.8481 80.6793 -34.0569 0.0000 1650410884446 309108.5000 -0.2009
-24.8835 80.8787 -34.6037 0.0000 1650410884475 309137.5000 -0.2009
-24.3845 81.2342 -35.1774 0.0000 1650410884504 309166.5000 -0.2005
-24.7986 80.2661 -35.6603 0.0000 1650410884534 309195.5000 -0.2004
-24.8616 80.0915 -36.2876 0.0000 1650410884563 309224.5000 -0.2004
-23.9389 80.3344 -37.6702 0.0000 1650410884591 309253.5000 -0.2004
-24.8388 80.1802 -38.2008 0.0000 1650410884620 309282.5000 -0.2000
-24.2755 80.4918 -39.3810 0.0000 1650410884649 309311.5000 -0.1999
-24.8878 80.1558 -39.8842 0.0000 1650410884678 309340.5000 -0.2002
-24.3303 80.2634 -41.2472 0.0000 1650410884707 309369.5000 -0.2004
-24.8982 80.1032 -41.6206 0.0000 1650410884736 309399.7500 -0.2000
-24.3679 80.3373 -42.6707 0.0000 1650410884765 309427.0000 -0.1999
-24.7326 80.0453 -43.0520 0.0000 1650410884794 309456.2500 -0.1999
-24.6981 79.8057 -43.4163 0.0000 1650410884823 309485.2500 -0.1999
-24.9051 80.2470 -43.9735 0.0000 1650410884852 309514.2500 -0.1999
-24.2941 79.7577 -44.4481 0.0000 1650410884881 309543.2500 -0.1999
-24.8447 80.2140 -44.2024 0.0000 1650410884910 309572.0000 -0.1999
-25.3588 80.2628 -43.8827 0.0000 1650410884939 309601.0000 -0.1999
-25.2156 79.8151 -43.5616 0.0000 1650410884968 309630.0000 -0.1999
-25.1333 79.8561 -42.9251 0.0000 1650410884997 309661.5000 -0.1999
-25.1853 79.9398 -42.4573 0.0000 1650410885026 309687.7500 -0.1999
-25.1051 79.5935 -42.0769 0.0000 1650410885055 309717.0000 -0.1999
-24.4553 79.6561 -41.7622 0.0000 1650410885084 309746.7500 -0.1999
-24.6537 80.0405 -40.6504 0.0000 1650410885113 309775.0000 -0.1999
-24.5756 79.6433 -39.5227 0.0000 1650410885142 309804.0000 -0.1999
-24.2569 79.7031 -39.0917 0.0000 1650410885170 309833.0000 -0.1999
-24.4183 80.1619 -38.0511 0.0000 1650410885199 309861.7500 -0.2000
-24.4935 79.8714 -37.4761 0.0000 1650410885228 309890.7500 -0.2004
-24.6847 80.1034 -36.4586 0.0000 1650410885258 309919.7500 -0.2004
-24.5662 80.2221 -35.7729 0.0000 1650410885286 309948.7500 -0.2004
-24.2660 80.1233 -35.3693 0.0000 1650410885316 309977.5000 -0.2004
-24.5200 80.1826 -34.7143 0.0000 1650410885345 310006.5000 -0.2004
-24.8070 80.4833 -34.2533 0.0000 1650410885374 310035.5000 -0.2004
-25.0155 80.2931 -34.0866 0.0000 1650410885403 310064.5000 -0.2004
-25.0335 80.6678 -33.9783 0.0000 1650410885431 310093.5000 -0.2004
-25.0721 80.8454 -34.3716 0.0000 1650410885461 310122.5000 -0.2004
-25.0864 80.8062 -34.6886 0.0000 1650410885489 310151.5000 -0.2004
-24.4145 80.6231 -35.1741 0.0000 1650410885518 310182.0000 -0.2000
-24.9892 80.2820 -35.5742 0.0000 1650410885547 310209.0000 -0.1999
-24.5692 80.2029 -36.4160 0.0000 1650410885576 310238.5000 -0.1999
-24.1592 80.6359 -37.9407 0.0000 1650410885605 310267.5000 -0.1999
-24.8233 80.1849 -38.3357 0.0000 1650410885634 310296.5000 -0.1999
-24.0694 80.2140 -39.8984 0.0000 1650410885663 310325.5000 -0.1999
-24.8370 80.2644 -40.0477 0.0000 1650410885693 310354.5000 -0.1995
-24.5487 80.1395 -41.3679 0.0000 1650410885722 310383.5000 -0.1994
-24.7291 79.7954 -41.8405 0.0000 1650410885750 310412.2500 -0.1994
-24.5471 80.1564 -42.8411 0.0000 1650410885780 310441.2500 -0.1994
-25.3219 80.3942 -42.8195 0.0000 1650410885808 310470.5000 -0.1994
-25.0123 79.9961 -43.7098 0.0000 1650410885837 310499.5000 -0.1994
-24.7486 80.2882 -44.0847 0.0000 1650410885866 310528.0000 -0.1994
-24.9576 79.9253 -44.4219 0.0000 1650410885895 310557.2500 -0.1994
-24.7615 80.2115 -44.0905 0.0000 1650410885924 310586.2500 -0.1998
-25.2986 80.1437 -43.8041 0.0000 1650410885953 310615.2500 -0.1999
-25.6156 80.1613 -43.2257 0.0000 1650410885982 310644.2500 -0.1999
-25.1832 79.8760 -42.8119 0.0000 1650410886011 310673.0000 -0.1999
-24.5884 79.1406 -42.6652 0.0000 1650410886040 310702.0000 -0.1999
-24.9646 79.5549 -41.7603 0.0000 1650410886069 310731.0000 -0.2002
-24.5106 80.0501 -41.4009 0.0000 1650410886098 310760.0000 -0.2004
-24.5254 79.7987 -40.5792 0.0000 1650410886127 310789.0000 -0.2004
-24.1403 79.7797 -39.5029 0.0000 1650410886156 310818.0000 -0.2004
-24.4788 79.6814 -38.6884 0.0000 1650410886185 310847.0000 -0.2004
-24.6344 80.1848 -37.6855 0.0000 1650410886214 310876.0000 -0.2004
-24.6846 79.9534 -36.9369 0.0000 1650410886243 310905.0000 -0.2004
-24.4380 79.9542 -36.4629 0.0000 1650410886272 310933.7500 -0.2004
-24.6142 79.9390 -35.5752 0.0000 1650410886301 310963.7500 -0.2004
-24.6862 80.1909 -35.0652 0.0000 1650410886329 310991.7500 -0.2004
-24.6775 80.6822 -34.7005 0.0000 1650410886359 311020.7500 -0.2004
-24.8798 80.3525 -34.3317 0.0000 1650410886387 311049.7500 -0.2004
-24.9676 80.5105 -34.2379 0.0000 1650410886416 311078.5000 -0.2004
-25.0203 80.8158 -34.2675 0.0000 1650410886446 311107.5000 -0.2004
-25.2406 80.5258 -34.3416 0.0000 1650410886475 311136.5000 -0.2000
-24.6522 80.7479 -35.1188 0.0000 1650410886504 311165.5000 -0.1999
-24.4146 80.5226 -35.4339 0.0000 1650410886533 311194.0000 -0.1999
-24.9215 79.8555 -35.8516 0.0000 1650410886562 311224.7500 -0.1999
-24.1734 80.2680 -37.0653 0.0000 1650410886591 311252.5000 -0.1999
-24.3385 80.0536 -38.0574 0.0000 1650410886620 311281.2500 -0.1999
-24.1616 79.8186 -39.1500 0.0000 1650410886648 311310.5000 -0.1999
-24.4694 80.3184 -39.8536 0.0000 1650410886677 311339.5000 -0.1999
-24.5671 80.2600 -40.4831 0.0000 1650410886706 311368.5000 -0.1999
-24.8640 80.1468 -41.5365 0.0000 1650410886735 311397.5000 -0.1999
-24.6718 80.0504 -42.1221 0.0000 1650410886764 311426.5000 -0.1999
-24.8202 80.2225 -42.9485 0.0000 1650410886793 311455.5000 -0.1999
-25.2504 80.0631 -43.0699 0.0000 1650410886822 311484.5000 -0.2002
-25.0275 79.9117 -43.8023 0.0000 1650410886852 311513.5000 -0.2004
-24.7201 80.2939 -44.2547 0.0000 1650410886881 311542.5000 -0.2004
-24.7130 80.1306 -44.3751 0.0000 1650410886909 311571.5000 -0.2004
-25.1566 80.2497 -43.9693 0.0000 1650410886939 311600.5000 -0.2004
-25.5228 80.2210 -43.6363 0.0000 1650410886967 311629.5000 -0.2004
-24.8955 79.5034 -43.5661 0.0000 1650410886996 311658.5000 -0.2004
-24.7809 79.4909 -42.8581 0.0000 1650410887025 311687.2500 -0.2004
-25.0064 79.5631 -42.3354 0.0000 1650410887054 311715.7500 -0.2004
-25.1187 79.9587 -41.7199 0.0000 1650410887083 311744.7500 -0.2004
-24.5698 79.8397 -40.9108 0.0000 1650410887112 311774.0000 -0.2004
-24.4932 79.8252 -40.3055 0.0000 1650410887141 311803.0000 -0.2004
-24.1096 79.7362 -39.3432 0.0000 1650410887170 311832.0000 -0.2004
-24.5704 79.8965 -38.2997 0.0000 1650410887199 311861.0000 -0.2004
-24.3020 79.8081 -37.5303 0.0000 1650410887228 311890.0000 -0.2004
-24.3934 80.0066 -37.0243 0.0000 1650410887258 311919.0000 -0.2000
-24.4788 80.3263 -36.2712 0.0000 1650410887286 311948.0000 -0.1999
-24.6701 80.0798 -35.4130 0.0000 1650410887315 311976.0000 -0.1995
-24.6953 80.5527 -34.9286 0.0000 1650410887344 312006.0000 -0.1994
-24.5972 80.5570 -34.6745 0.0000 1650410887373 312035.0000 -0.1994
-24.6680 80.5598 -34.4411 0.0000 1650410887402 312063.7500 -0.1994
-25.0458 80.7112 -34.1476 0.0000 1650410887431 312092.7500 -0.1994
-25.0352 80.7754 -34.0930 0.0000 1650410887460 312121.7500 -0.1994
-25.2107 80.8765 -34.6156 0.0000 1650410887488 312150.7500 -0.1994
-24.7815 80.6630 -35.0396 0.0000 1650410887518 312179.7500 -0.1994
-24.2856 80.4451 -35.4610 0.0000 1650410887546 312208.5000 -0.1994
-24.7540 80.2004 -36.3100 0.0000 1650410887575 312237.5000 -0.1994
-23.7843 80.1043 -37.6648 0.0000 1650410887605 312266.5000 -0.1994
-24.8420 80.1730 -37.9681 0.0000 1650410887634 312295.5000 -0.1994
-24.0884 80.1005 -39.4055 0.0000 1650410887663 312324.5000 -0.1994
-24.9617 80.1822 -39.8235 0.0000 1650410887692 312353.5000 -0.1999
-24.1889 80.0155 -41.2775 0.0000 1650410887721 312382.5000 -0.1999
-24.8114 80.2294 -41.6199 0.0000 1650410887750 312411.5000 -0.1999
-24.3876 80.1457 -42.6135 0.0000 1650410887779 312440.5000 -0.1999
-24.9305 80.2383 -42.9294 0.0000 1650410887807 312469.2500 -0.1999
-4.0754 79.8652 -65.2387 0.0000 1650410887836 312497.5000 -0.1999
-25.0819 80.5716 -43.5042 0.0000 1650410887865 312527.5000 -0.1999
-25.0314 80.3553 -43.9720 0.0000 1650410887894 312556.5000 -0.1999
-24.9320 80.3294 -43.9440 0.0000 1650410887923 312585.5000 -0.1999
-24.8900 80.0690 -44.0768 0.0000 1650410887952 312614.5000 -0.1999
-25.1023 79.9075 -43.5594 0.0000 1650410887981 312643.5000 -0.1999
-25.0341 79.6697 -43.1953 0.0000 1650410888010 312672.5000 -0.1999
-25.1542 79.8938 -42.6539 0.0000 1650410888040 312701.5000 -0.1994
-25.5176 79.8502 -41.7424 0.0000 1650410888069 312730.2500 -0.1994
-24.7819 79.7058 -41.6494 0.0000 1650410888098 312758.5000 -0.1990
-24.3715 79.6231 -40.7636 0.0000 1650410888126 312788.2500 -0.1989
-24.5807 79.9093 -39.7964 0.0000 1650410888155 312816.7500 -0.1989
-24.1385 79.8151 -39.1688 0.0000 1650410888184 312846.2500 -0.1989
-24.6449 80.3423 -38.0757 0.0000 1650410888213 312875.2500 -0.1989
-24.2938 79.7208 -37.4170 0.0000 1650410888242 312904.0000 -0.1989
-24.5325 80.1317 -36.5880 0.0000 1650410888271 312933.0000 -0.1989
-24.5122 80.2091 -35.6698 0.0000 1650410888300 312962.0000 -0.1989
-24.3280 80.0032 -35.3294 0.0000 1650410888329 312991.0000 -0.1989
-24.4645 80.6312 -34.8091 0.0000 1650410888358 313020.0000 -0.1989
-24.7876 80.4369 -34.2010 0.0000 1650410888387 313049.0000 -0.1989
-24.8077 80.5368 -34.2689 0.0000 1650410888416 313078.0000 -0.1989
-25.1291 80.5811 -34.2366 0.0000 1650410888445 313107.0000 -0.1989
-24.6889 81.0354 -34.4466 0.0000 1650410888474 313136.0000 -0.1994
-24.7793 80.8681 -34.9149 0.0000 1650410888503 313165.0000 -0.1994
-24.2401 80.5764 -35.5137 0.0000 1650410888532 313193.7500 -0.1994
-24.4764 80.2885 -35.7672 0.0000 1650410888561 313222.7500 -0.1994
-24.2824 80.0867 -36.6929 0.0000 1650410888590 313251.2500 -0.1994
-23.5939 80.3714 -38.1003 0.0000 1650410888619 313280.5000 -0.1994
-24.8225 80.0171 -38.1860 0.0000 1650410888648 313309.5000 -0.1994
-24.2772 80.3941 -39.3800 0.0000 1650410888677 313338.5000 -0.1994
-24.8181 79.9862 -40.0475 0.0000 1650410888705 313367.5000 -0.1994
-24.4113 80.3033 -41.2491 0.0000 1650410888734 313396.5000 -0.1994
-24.6616 80.2748 -41.7818 0.0000 1650410888764 313425.5000 -0.1990
-24.4911 80.3600 -42.7892 0.0000 1650410888793 313454.5000 -0.1989
-24.9420 80.1845 -42.8671 0.0000 1650410888822 313483.5000 -0.1989
-24.5962 79.7546 -43.7802 0.0000 1650410888851 313513.5000 -0.1989
-24.6328 80.4575 -43.9070 0.0000 1650410888880 313541.5000 -0.1989
-24.5441 79.9209 -44.2182 0.0000 1650410888909 313570.5000 -0.1989
-24.9521 80.1809 -43.9041 0.0000 1650410888938 313599.2500 -0.1989
-25.1341 80.2599 -43.6530 0.0000 1650410888966 313628.5000 -0.1989
-25.4166 80.1949 -43.2040 0.0000 1650410888996 313657.5000 -0.1985
-24.9741 79.6383 -43.1033 0.0000 1650410889024 313686.5000 -0.1984
-25.0512 79.5588 -42.3709 0.0000 1650410889053 313715.5000 -0.1984
-25.0376 79.4947 -41.9287 0.0000 1650410889082 313744.5000 -0.1984
-25.0420 79.9705 -41.2744 0.0000 1650410889112 313773.5000 -0.1984
-24.4279 79.7400 -40.6486 0.0000 1650410889140 313802.5000 -0.1984
-24.4593 79.8399 -39.6336 0.0000 1650410889169 313831.5000 -0.1984
-24.4546 79.9717 -38.7554 0.0000 1650410889199 313860.5000 -0.1984
-24.2431 80.1930 -37.8918 0.0000 1650410889228 313889.5000 -0.1980
-24.5498 79.9576 -37.1131 0.0000 1650410889257 313918.2500 -0.1979
-24.2841 80.2728 -36.1929 0.0000 1650410889285 313947.2500 -0.1980
-24.5421 80.2441 -35.6377 0.0000 1650410889315 313976.2500 -0.1984
-24.3228 80.3176 -35.0420 0.0000 1650410889343 314005.0000 -0.1984
-24.2791 80.7758 -34.6717 0.0000 1650410889372 314033.5000 -0.1984
-24.5927 80.4699 -34.2327 0.0000 1650410889401 314063.0000 -0.1985
-24.8137 80.5189 -34.1105 0.0000 1650410889430 314092.0000 -0.1989
-24.8384 80.6251 -34.0856 0.0000 1650410889459 314121.0000 -0.1989
-24.5799 80.7283 -34.4401 0.0000 1650410889488 314150.0000 -0.1984
-24.7774 80.5639 -34.8280 0.0000 1650410889517 314179.0000 -0.1985
-24.2700 80.5913 -35.4354 0.0000 1650410889546 314208.0000 -0.1989
-24.7137 80.2297 -36.0157 0.0000 1650410889576 314237.0000 -0.1989
-24.4452 80.3884 -36.8358 0.0000 1650410889604 314265.7500 -0.1989
-23.9037 80.3011 -38.2482 0.0000 1650410889633 314295.0000 -0.1989
-24.2535 79.9087 -38.8126 0.0000 1650410889662 314323.7500 -0.1989
-24.1632 80.0149 -39.7481 0.0000 1650410889691 314352.5000 -0.1989
-24.3098 79.9297 -40.6487 0.0000 1650410889720 314381.7500 -0.1989
-24.3049 80.2577 -41.6022 0.0000 1650410889749 314410.7500 -0.1989
-24.8542 80.4869 -41.8758 0.0000 1650410889778 314439.5000 -0.1985
-24.4933 80.1794 -43.1048 0.0000 1650410889807 314468.5000 -0.1984
-24.4088 79.5258 -43.4028 0.0000 1650410889836 314497.5000 -0.1984
-24.6459 80.0240 -43.9041 0.0000 1650410889864 314526.5000 -0.1984
-24.4951 80.2664 -44.2680 0.0000 1650410889894 314555.5000 -0.1984
-24.4867 79.9786 -44.3420 0.0000 1650410889923 314584.5000 -0.1984
-25.1160 80.0267 -44.0437 0.0000 1650410889952 314613.5000 -0.1984
-25.2688 79.8842 -43.6671 0.0000 1650410889981 314642.5000 -0.1984
-25.2764 79.9155 -43.2861 0.0000 1650410890010 314671.5000 -0.1984
-25.4664 79.8971 -42.7654 0.0000 1650410890039 314700.5000 -0.1984
-24.8979 79.4677 -42.3024 0.0000 1650410890068 314729.5000 -0.1984
-25.4330 79.8551 -41.6285 0.0000 1650410890097 314758.5000 -0.1984
-24.3198 79.7558 -41.1725 0.0000 1650410890126 314787.0000 -0.1984
-24.7370 80.0679 -40.3327 0.0000 1650410890155 314816.2500 -0.1984
-24.3665 79.8031 -39.4768 0.0000 1650410890183 314845.5000 -0.1984
-24.5688 79.8657 -38.6069 0.0000 1650410890212 314874.5000 -0.1989
-24.3621 80.2129 -37.6044 0.0000 1650410890241 314903.5000 -0.1989
-24.3353 80.1168 -36.9324 0.0000 1650410890270 314932.5000 -0.1989
-24.2923 80.1098 -35.9850 0.0000 1650410890299 314961.5000 -0.1989
-24.6457 80.5333 -35.3420 0.0000 1650410890329 314990.5000 -0.1989
-24.2303 80.4291 -35.0799 0.0000 1650410890358 315019.2500 -0.1989
-24.3102 80.5533 -34.5420 0.0000 1650410890387 315049.5000 -0.1989
-24.7622 80.4442 -34.3133 0.0000 1650410890416 315076.7500 -0.1989
-24.7698 80.5962 -34.0088 0.0000 1650410890444 315106.2500 -0.1989
-24.5612 80.9106 -34.1313 0.0000 1650410890474 315134.5000 -0.1989
-24.4594 80.7564 -34.8804 0.0000 1650410890502 315164.0000 -0.1989
-24.7409 80.5409 -34.9186 0.0000 1650410890531 315193.0000 -0.1989
-24.0361 80.5583 -35.7137 0.0000 1650410890560 315222.0000 -0.1989
-24.5836 80.3051 -36.1265 0.0000 1650410890589 315251.0000 -0.1989
-24.1910 80.6978 -37.1868 0.0000 1650410890618 315280.0000 -0.1989
-24.7117 80.0324 -37.8133 0.0000 1650410890647 315309.0000 -0.1989
-24.0173 80.4138 -39.1190 0.0000 1650410890676 315338.0000 -0.1985
-24.6890 80.1340 -39.6683 0.0000 1650410890705 315367.0000 -0.1984
-24.0901 80.4520 -40.9718 0.0000 1650410890734 315396.0000 -0.1984
-24.5545 80.1257 -41.6831 0.0000 1650410890763 315425.0000 -0.1984
-24.3080 80.4411 -42.3434 0.0000 1650410890792 315453.7500 -0.1984
-19.4857 79.2948 -49.0870 0.0000 1650410890821 315482.7500 -0.1984
-25.2030 80.4785 -43.0275 0.0000 1650410890850 315511.7500 -0.1984
-24.4871 80.1369 -43.7540 0.0000 1650410890879 315540.5000 -0.1984
-24.5786 80.1438 -44.2668 0.0000 1650410890908 315570.5000 -0.1984
-24.9438 80.3343 -43.9087 0.0000 1650410890937 315598.2500 -0.1984
-24.9786 80.1109 -44.0339 0.0000 1650410890966 315627.5000 -0.1984
-25.1421 79.8922 -43.6421 0.0000 1650410890995 315656.5000 -0.1984
-25.4938 80.0174 -43.0459 0.0000 1650410891023 315685.5000 -0.1988
-24.9851 79.7384 -42.8596 0.0000 1650410891053 315714.5000 -0.1989
-24.9494 79.5091 -42.0821 0.0000 1650410891081 315743.5000 -0.1989
-25.2058 79.6312 -41.5888 0.0000 1650410891111 315772.5000 -0.1989
-25.0841 80.1179 -40.5957 0.0000 1650410891140 315804.5000 -0.1989
-24.7661 79.8907 -40.2056 0.0000 1650410891169 315829.7500 -0.1989
-24.4801 79.9161 -39.1271 0.0000 1650410891198 315859.5000 -0.1989
-24.5654 80.0579 -38.3450 0.0000 1650410891227 315890.0000 -0.1994
-24.4271 79.8750 -37.4917 0.0000 1650410891256 315917.0000 -0.1994
-24.2590 80.1074 -36.7472 0.0000 1650410891285 315946.5000 -0.1994
-24.6804 80.1063 -35.8230 0.0000 1650410891314 315975.5000 -0.1994
-24.3701 80.2539 -35.2070 0.0000 1650410891342 316004.5000 -0.1989
-24.0680 80.5269 -34.7403 0.0000 1650410891372 316033.5000 -0.1989
-24.2754 80.1944 -34.2057 0.0000 1650410891400 316062.5000 -0.1989
-24.5937 80.3611 -34.0297 0.0000 1650410891429 316091.5000 -0.1989
-24.3272 80.6710 -34.1997 0.0000 1650410891458 316120.5000 -0.1989
-24.5866 80.5570 -34.3834 0.0000 1650410891488 316149.2500 -0.1989
-24.2901 81.1300 -34.8821 0.0000 1650410891517 316178.2500 -0.1985
-24.0814 80.7591 -35.5531 0.0000 1650410891546 316207.2500 -0.1984
-24.6594 80.1434 -35.5468 0.0000 1650410891575 316236.0000 -0.1984
-24.3796 80.3232 -36.4424 0.0000 1650410891603 316265.0000 -0.1984
-23.6341 80.5982 -37.8130 0.0000 1650410891633 316294.0000 -0.1980
-24.6878 79.7974 -38.1264 0.0000 1650410891661 316322.7500 -0.1979
-23.8672 80.1822 -39.6935 0.0000 1650410891690 316352.7500 -0.1979
-24.4471 79.9725 -40.1780 0.0000 1650410891719 316381.0000 -0.1979
-24.5124 80.3150 -41.2600 0.0000 1650410891748 316410.0000 -0.1979
-25.1235 80.3770 -41.4632 0.0000 1650410891777 316439.0000 -0.1979
-24.5826 80.3812 -42.7241 0.0000 1650410891806 316468.0000 -0.1979
-25.1612 80.0314 -42.9115 0.0000 1650410891835 316497.0000 -0.1979
-24.6375 79.8052 -43.5932 0.0000 1650410891864 316526.0000 -0.1979
-24.4106 80.1488 -44.1118 0.0000 1650410891893 316554.7500 -0.1979
-24.9027 79.9860 -43.9202 0.0000 1650410891922 316583.0000 -0.1980
-24.9642 80.3544 -43.9122 0.0000 1650410891952 316614.0000 -0.1984
-24.8922 79.9325 -43.8675 0.0000 1650410891980 316641.7500 -0.1984
-24.9245 79.4706 -43.5252 0.0000 1650410892009 316670.5000 -0.1984
-25.2775 79.7399 -42.9961 0.0000 1650410892038 316699.5000 -0.1984
-25.3332 80.0238 -42.3589 0.0000 1650410892067 316728.5000 -0.1984
-25.4265 79.8011 -41.8492 0.0000 1650410892096 316757.5000 -0.1984
-24.9397 79.8565 -41.5098 0.0000 1650410892125 316786.5000 -0.1984
-24.7266 79.8871 -40.6189 0.0000 1650410892154 316815.5000 -0.1984
-24.5873 79.7875 -39.9921 0.0000 1650410892183 316844.5000 -0.1984
-24.4882 79.7835 -38.9713 0.0000 1650410892212 316873.5000 -0.1984
-23.8526 79.8999 -38.3066 0.0000 1650410892240 316902.5000 -0.1984
-24.2606 79.6532 -37.2663 0.0000 1650410892270 316931.5000 -0.1984
-24.0941 79.9105 -36.5308 0.0000 1650410892299 316960.5000 -0.1984
-24.3838 79.9375 -35.7599 0.0000 1650410892328 316989.5000 -0.1984
-24.4147 80.2390 -35.0941 0.0000 1650410892357 317018.5000 -0.1980
-24.2569 80.1959 -34.5186 0.0000 1650410892386 317047.5000 -0.1979
-24.3286 80.2607 -34.2684 0.0000 1650410892415 317076.5000 -0.1979
-24.6212 80.2703 -34.2114 0.0000 1650410892444 317105.2500 -0.1979
-24.4275 80.5863 -33.7615 0.0000 1650410892473 317134.0000 -0.1976
-24.2414 80.6571 -34.2477 0.0000 1650410892501 317163.5000 -0.1974
-24.4432 81.0320 -34.8455 0.0000 1650410892531 317192.5000 -0.1978
-24.4920 80.9154 -35.2417 0.0000 1650410892559 317221.5000 -0.1979
-24.8028 80.4350 -35.7358 0.0000 1650410892588 317250.2500 -0.1979
-24.4485 80.5690 -36.7893 0.0000 1650410892617 317279.2500 -0.1979
-24.3599 80.3398 -37.9806 0.0000 1650410892647 317308.2500 -0.1979
-24.8225 80.3847 -38.5477 0.0000 1650410892676 317338.5000 -0.1979
-24.1122 80.4392 -40.0021 0.0000 1650410892704 317367.0000 -0.1979
-24.5431 79.9403 -40.3205 0.0000 1650410892734 317395.0000 -0.1979
-24.3915 80.0293 -41.7329 0.0000 1650410892763 317424.0000 -0.1979
-24.5631 80.0805 -41.9875 0.0000 1650410892792 317452.7500 -0.1984
-24.4221 80.0979 -42.9649 0.0000 1650410892820 317482.0000 -0.1984
-24.7651 79.8391 -43.0570 0.0000 1650410892849 317511.0000 -0.1984
-24.7499 80.2385 -43.6793 0.0000 1650410892878 317540.0000 -0.1984
-25.2088 80.6081 -43.7344 0.0000 1650410892907 317569.0000 -0.1989
-25.0667 80.3096 -43.9376 0.0000 1650410892936 317598.0000 -0.1989
-25.1453 80.4716 -43.9523 0.0000 1650410892965 317627.0000 -0.1989
-25.0321 80.3011 -43.8057 0.0000 1650410892994 317655.7500 -0.1989
-25.4323 79.8357 -43.1045 0.0000 1650410893023 317684.7500 -0.1984
-25.2393 80.1153 -42.8786 0.0000 1650410893053 317713.7500 -0.1984
-24.9333 79.4172 -42.5222 0.0000 1650410893081 317742.7500 -0.1984
-25.2625 79.5017 -41.6288 0.0000 1650410893111 317771.5000 -0.1984
-24.3805 79.8998 -41.4591 0.0000 1650410893139 317800.5000 -0.1984
-25.0383 79.7243 -40.4266 0.0000 1650410893168 317829.5000 -0.1984
-24.1568 79.8756 -39.6487 0.0000 1650410893197 317858.5000 -0.1980
-24.2924 79.6937 -38.7075 0.0000 1650410893226 317888.5000 -0.1979
-24.1115 79.6447 -37.8240 0.0000 1650410893255 317916.5000 -0.1979
-24.3549 79.6492 -36.8058 0.0000 1650410893284 317945.5000 -0.1979
-24.3013 79.8407 -35.9895 0.0000 1650410893313 317974.5000 -0.1979
-24.1980 79.7129 -35.4909 0.0000 1650410893342 318003.5000 -0.1979
-24.3394 80.3912 -34.9224 0.0000 1650410893371 318032.5000 -0.1979
-24.2998 80.3729 -34.4034 0.0000 1650410893399 318061.5000 -0.1979
-24.2523 80.1340 -33.9995 0.0000 1650410893429 318090.5000 -0.1979
-24.5363 80.6356 -34.1532 0.0000 1650410893458 318119.2500 -0.1979
-24.1470 80.7447 -34.3575 0.0000 1650410893487 318149.7500 -0.1979
-24.4994 80.6896 -34.6145 0.0000 1650410893516 318177.5000 -0.1979
-24.5605 81.0767 -35.0406 0.0000 1650410893545 318206.0000 -0.1979
-24.2290 80.8306 -35.6578 0.0000 1650410893574 318235.5000 -0.1984
-24.7657 80.3610 -36.0794 0.0000 1650410893603 318264.5000 -0.1984
-24.2887 80.4659 -37.1748 0.0000 1650410893632 318293.5000 -0.1984
-24.9341 80.3358 -37.9346 0.0000 1650410893660 318322.5000 -0.1984
-24.2782 80.6856 -38.9679 0.0000 1650410893690 318351.5000 -0.1984
-24.3957 79.8988 -40.0101 0.0000 1650410893718 318380.2500 -0.1984
-24.0806 80.0081 -40.9952 0.0000 1650410893747 318409.2500 -0.1984
-24.6289 80.0269 -41.4550 0.0000 1650410893776 318438.2500 -0.1984
-24.9720 80.5426 -42.0228 0.0000 1650410893805 318467.0000 -0.1989
-24.7990 79.9922 -42.7991 0.0000 1650410893834 318496.0000 -0.1989
-25.1490 79.8981 -43.1603 0.0000 1650410893864 318525.0000 -0.1985
-24.5433 80.0609 -43.9256 0.0000 1650410893893 318554.0000 -0.1984
-24.7112 80.0646 -44.2546 0.0000 1650410893922 318583.0000 -0.1979
-24.7120 79.5960 -44.0898 0.0000 1650410893951 318612.0000 -0.1979
-25.0330 79.9516 -44.1069 0.0000 1650410893979 318640.5000 -0.1979
-25.1368 79.7230 -43.6230 0.0000 1650410894009 318671.2500 -0.1979
-25.4132 80.1059 -43.0826 0.0000 1650410894037 318699.0000 -0.1979
-25.6393 80.1254 -42.5360 0.0000 1650410894066 318728.0000 -0.1979
-24.8287 79.0382 -42.4239 0.0000 1650410894095 318757.0000 -0.1979
-25.1631 79.4417 -41.5607 0.0000 1650410894124 318785.7500 -0.1979
-24.5598 79.7135 -40.9595 0.0000 1650410894153 318814.7500 -0.1978
-24.7851 79.6607 -40.1007 0.0000 1650410894182 318843.7500 -0.1974
-24.1675 79.6014 -39.4046 0.0000 1650410894211 318872.7500 -0.1978
-24.5074 79.9514 -38.3240 0.0000 1650410894241 318902.5000 -0.1979
-24.2399 79.4372 -37.4453 0.0000 1650410894270 318930.5000 -0.1978
-24.5612 79.9413 -36.4983 0.0000 1650410894298 318959.5000 -0.1974
-24.3449 80.0074 -35.8310 0.0000 1650410894327 318989.7500 -0.1978
-24.5268 80.1189 -35.1935 0.0000 1650410894356 319017.5000 -0.1979
-24.1404 80.2421 -34.8589 0.0000 1650410894385 319046.5000 -0.1979
-24.1724 80.2642 -34.5784 0.0000 1650410894414 319075.5000 -0.1979
-24.4138 80.3540 -34.2468 0.0000 1650410894443 319104.5000 -0.1979
-24.3846 80.5221 -34.1483 0.0000 1650410894472 319133.5000 -0.1979
-24.6082 80.7777 -34.0681 0.0000 1650410894501 319162.5000 -0.1980
-24.4515 80.7797 -34.6107 0.0000 1650410894530 319191.5000 -0.1984
-24.6247 80.7928 -35.1782 0.0000 1650410894558 319220.5000 -0.1984
-24.5609 80.4418 -35.4317 0.0000 1650410894588 319249.5000 -0.1984
-24.9280 80.4129 -36.2808 0.0000 1650410894617 319278.5000 -0.1984
-23.8916 80.5424 -37.8776 0.0000 1650410894646 319307.5000 -0.1984
-25.0360 80.0992 -38.2164 0.0000 1650410894675 319336.5000 -0.1984
-24.1241 80.6337 -39.6534 0.0000 1650410894704 319365.5000 -0.1984
-24.7026 80.0499 -40.0399 0.0000 1650410894733 319394.5000 -0.1984
-24.3730 80.3922 -41.1148 0.0000 1650410894762 319424.7500 -0.1984
-24.7496 80.2162 -41.4818 0.0000 1650410894791 319452.5000 -0.1984
-24.7181 80.4473 -42.3865 0.0000 1650410894820 319481.2500 -0.1980
-25.0041 80.0720 -42.7782 0.0000 1650410894849 319510.2500 -0.1979
-25.1028 80.1130 -43.3791 0.0000 1650410894877 319539.2500 -0.1979
-24.7038 80.1577 -43.8703 0.0000 1650410894906 319568.2500 -0.1979
-25.0244 80.4181 -44.0174 0.0000 1650410894935 319597.0000 -0.1979
-25.0013 80.3273 -43.9818 0.0000 1650410894964 319626.0000 -0.1979
-25.4837 80.2925 -43.7457 0.0000 1650410894993 319654.7500 -0.1979
-25.3481 79.5785 -43.5697 0.0000 1650410895023 319683.2500 -0.1979
-25.1928 79.8712 -43.0900 0.0000 1650410895052 319713.0000 -0.1979
-25.1633 79.9148 -42.4252 0.0000 1650410895081 319741.7500 -0.1979
-25.1669 79.4290 -42.0416 0.0000 1650410895110 319771.0000 -0.1979
-24.7460 79.4425 -41.6835 0.0000 1650410895138 319800.0000 -0.1979
-24.8496 79.8179 -40.4670 0.0000 1650410895168 319829.0000 -0.1979
-24.5621 79.8023 -39.9425 0.0000 1650410895196 319858.0000 -0.1979
-24.4065 79.9516 -38.8098 0.0000 1650410895225 319886.7500 -0.1979
-23.9189 79.8763 -38.1673 0.0000 1650410895254 319915.7500 -0.1979
-24.1756 79.6095 -37.1237 0.0000 1650410895283 319944.7500 -0.1980
-24.6504 80.1457 -36.4160 0.0000 1650410895312 319973.7500 -0.1984
-24.1934 79.7490 -35.7399 0.0000 1650410895341 320002.5000 -0.1984
-24.3477 80.2243 -35.0551 0.0000 1650410895370 320031.5000 -0.1984
-24.2306 80.4609 -34.7622 0.0000 1650410895399 320060.5000 -0.1984
-24.4688 80.3243 -34.0921 0.0000 1650410895429 320089.5000 -0.1984
-24.4156 80.2935 -34.1548 0.0000 1650410895457 320118.5000 -0.1984
-24.5448 80.7104 -34.4183 0.0000 1650410895487 320147.5000 -0.1988
-24.9003 80.7007 -34.0986 0.0000 1650410895515 320176.0000 -0.1989
-24.6747 80.7481 -34.9350 0.0000 1650410895544 320206.5000 -0.1989
-24.2123 80.8310 -35.2123 0.0000 1650410895573 320234.5000 -0.1989
-25.0753 80.3196 -35.8912 0.0000 1650410895602 320263.5000 -0.1989
-24.6646 80.3769 -36.6439 0.0000 1650410895631 320292.5000 -0.1989
-24.1725 80.6495 -38.0138 0.0000 1650410895660 320321.5000 -0.1985
-24.6077 80.0745 -38.6059 0.0000 1650410895689 320350.5000 -0.1984
-24.4839 80.3059 -39.7926 0.0000 1650410895717 320379.5000 -0.1984
-24.6339 80.0786 -40.2838 0.0000 1650410895747 320408.5000 -0.1984
-24.7830 80.2195 -41.2434 0.0000 1650410895776 320439.7500 -0.1980
-24.9134 80.1339 -41.7979 0.0000 1650410895805 320466.0000 -0.1979
-24.6138 80.1998 -43.0388 0.0000 1650410895834 320495.5000 -0.1979
-24.7342 79.9315 -43.1184 0.0000 1650410895863 320523.7500 -0.1979
-24.7774 80.0260 -43.7109 0.0000 1650410895892 320553.0000 -0.1979
-24.6368 80.3931 -44.1009 0.0000 1650410895921 320582.5000 -0.1979
-24.9601 79.9844 -44.0771 0.0000 1650410895950 320611.2500 -0.1980
-24.9136 80.1175 -43.9274 0.0000 1650410895979 320640.2500 -0.1979
-25.1690 80.0512 -43.8457 0.0000 1650410896008 320669.2500 -0.1979
-25.3602 79.9834 -43.2514 0.0000 1650410896036 320698.0000 -0.1979
-25.3909 80.0499 -42.6977 0.0000 1650410896066 320727.0000 -0.1979
-25.2875 79.6768 -42.3485 0.0000 1650410896094 320756.0000 -0.1984
-25.0988 79.3382 -41.8738 0.0000 1650410896123 320785.0000 -0.1984
-24.6498 79.7065 -41.3098 0.0000 1650410896152 320814.0000 -0.1984
-24.5389 79.7222 -40.5224 0.0000 1650410896182 320843.0000 -0.1984
-24.3409 80.1152 -39.5684 0.0000 1650410896211 320872.0000 -0.1989
-24.1267 79.6186 -38.7039 0.0000 1650410896240 320901.0000 -0.1989
-24.2542 79.8269 -37.6795 0.0000 1650410896269 320930.0000 -0.1989
-24.7150 79.9920 -36.9093 0.0000 1650410896298 320958.5000 -0.1989
-24.0462 79.9500 -36.0385 0.0000 1650410896327 320987.7500 -0.1984
-24.4139 79.9504 -35.5582 0.0000 1650410896355 321016.7500 -0.1984
-24.3723 80.0916 -35.1469 0.0000 1650410896384 321045.7500 -0.1984
-24.3824 80.0629 -34.5578 0.0000 1650410896413 321074.7500 -0.1984
-24.8664 80.3114 -33.8681 0.0000 1650410896442 321103.5000 -0.1984
-24.6986 80.2945 -33.9859 0.0000 1650410896471 321132.5000 -0.1984
-24.7784 80.6141 -34.4063 0.0000 1650410896500 321161.5000 -0.1980
-24.5544 80.6416 -34.5492 0.0000 1650410896529 321190.2500 -0.1979
-24.6698 80.7866 -34.6401 0.0000 1650410896558 321219.0000 -0.1979
-24.3277 80.4204 -35.6742 0.0000 1650410896587 321248.5000 -0.1979
-25.1174 80.1681 -35.9419 0.0000 1650410896616 321277.5000 -0.1976
-24.0167 80.6856 -37.3366 0.0000 1650410896646 321306.0000 -0.1974
-24.4262 80.1540 -38.0555 0.0000 1650410896674 321335.5000 -0.1974
-24.2202 80.2128 -38.9870 0.0000 1650410896703 321364.5000 -0.1974
-24.2405 80.1764 -39.9131 0.0000 1650410896732 321393.5000 -0.1974
-24.5581 80.1621 -40.5755 0.0000 1650410896761 321422.5000 -0.1974
-24.6712 80.1724 -41.4873 0.0000 1650410896790 321451.5000 -0.1974
-24.6117 80.0469 -42.2980 0.0000 1650410896819 321480.0000 -0.1974
-24.9059 80.0252 -42.8678 0.0000 1650410896848 321509.5000 -0.1974
-24.7832 79.7398 -43.3690 0.0000 1650410896877 321538.5000 -0.1974
-24.8621 80.1887 -43.7259 0.0000 1650410896906 321567.5000 -0.1978
-25.0107 80.5109 -43.9244 0.0000 1650410896934 321596.5000 -0.1979
-25.0349 80.0044 -44.0290 0.0000 1650410896964 321625.5000 -0.1979
-24.8864 80.0698 -44.0126 0.0000 1650410896993 321654.5000 -0.1979
-25.3592 79.9286 -43.7007 0.0000 1650410897022 321683.5000 -0.1979
-25.5319 79.9352 -43.1713 0.0000 1650410897051 321712.0000 -0.1979
-25.0638 79.8192 -42.7114 0.0000 1650410897080 321741.0000 -0.1979
-24.9402 79.5198 -42.2364 0.0000 1650410897109 321770.2500 -0.1979
-24.8055 79.5950 -41.9028 0.0000 1650410897138 321799.2500 -0.1979
-24.5552 79.8355 -41.0360 0.0000 1650410897167 321828.0000 -0.1983
-24.5194 79.7308 -40.2042 0.0000 1650410897195 321857.0000 -0.1984
-24.1486 79.6984 -39.3904 0.0000 1650410897225 321886.0000 -0.1984
-24.6285 80.0429 -38.3443 0.0000 1650410897253 321915.0000 -0.1984
-24.3367 79.7749 -37.3894 0.0000 1650410897282 321944.0000 -0.1984
-24.0654 80.0442 -37.0236 0.0000 1650410897311 321972.5000 -0.1984
-24.2431 80.0772 -35.9726 0.0000 1650410897341 322001.7500 -0.1984
-24.4263 79.8126 -35.2915 0.0000 1650410897370 322031.0000 -0.1984
-24.4151 80.3095 -34.9181 0.0000 1650410897399 322059.5000 -0.1980
-24.7035 80.3121 -34.5072 0.0000 1650410897428 322089.0000 -0.1979
-24.7487 80.3700 -33.9063 0.0000 1650410897457 322117.7500 -0.1979
-24.8803 80.6390 -34.2050 0.0000 1650410897486 322146.7500 -0.1979
-25.0473 80.9679 -34.1947 0.0000 1650410897514 322175.7500 -0.1979
-24.9350 80.9219 -34.4307 0.0000 1650410897544 322204.7500 -0.1979
-24.7622 80.4448 -34.8087 0.0000 1650410897572 322233.5000 -0.1976
-24.4468 80.4818 -35.7194 0.0000 1650410897601 322262.5000 -0.1974
-24.7432 80.2848 -36.2073 0.0000 1650410897630 322291.5000 -0.1974
-23.8372 80.5469 -37.7688 0.0000 1650410897659 322320.5000 -0.1974
-24.7863 79.9313 -38.0540 0.0000 1650410897688 322349.5000 -0.1974
-24.3546 80.4069 -39.2229 0.0000 1650410897717 322378.2500 -0.1974
-24.8932 79.9536 -39.9078 0.0000 1650410897746 322407.5000 -0.1974
-24.2646 80.3300 -41.0843 0.0000 1650410897776 322436.5000 -0.1979
-24.8935 80.0325 -41.3650 0.0000 1650410897805 322465.5000 -0.1979
-24.4442 80.3057 -42.5948 0.0000 1650410897833 322494.2500 -0.1979
-25.2382 80.5364 -42.8517 0.0000 1650410897862 322523.0000 -0.1979
-25.2064 80.2350 -43.2413 0.0000 1650410897891 322552.5000 -0.1979
-24.6109 80.1913 -44.0275 0.0000 1650410897920 322581.5000 -0.1979
-24.7090 80.0265 -44.2558 0.0000 1650410897949 322610.5000 -0.1979
-24.7376 79.9632 -44.1540 0.0000 1650410897978 322639.5000 -0.1979
-25.1682 80.3841 -44.0082 0.0000 1650410898007 322668.5000 -0.1984
-25.1713 79.6794 -43.7155 0.0000 1650410898036 322697.5000 -0.1984
-25.3624 79.9504 -43.0508 0.0000 1650410898065 322728.0000 -0.1984
-25.3048 79.7559 -42.5057 0.0000 1650410898093 322756.2500 -0.1984
-25.4618 79.8910 -41.8556 0.0000 1650410898123 322784.5000 -0.1984
-24.7099 79.7086 -41.6588 0.0000 1650410898152 322813.2500 -0.1984
-24.6808 79.9598 -40.6535 0.0000 1650410898181 322843.2500 -0.1980
-24.4924 79.6812 -40.1109 0.0000 1650410898210 322871.2500 -0.1979
-24.3148 79.8250 -38.9896 0.0000 1650410898239 322900.2500 -0.1979
-24.2831 80.0985 -38.1063 0.0000 1650410898268 322929.0000 -0.1979
-24.5367 79.9708 -37.0922 0.0000 1650410898297 322958.0000 -0.1979
-24.3004 79.9702 -36.5873 0.0000 1650410898326 322987.0000 -0.1979
-24.3538 79.9725 -35.7317 0.0000 1650410898355 323016.0000 -0.1976
-24.2644 80.2112 -35.2703 0.0000 1650410898384 323045.0000 -0.1974
-24.3899 80.3297 -34.7389 0.0000 1650410898412 323074.0000 -0.1978
-24.4000 80.2263 -34.3393 0.0000 1650410898441 323103.0000 -0.1979
-24.8871 80.3873 -34.3841 0.0000 1650410898470 323132.0000 -0.1979
-24.7244 80.6855 -34.2447 0.0000 1650410898500 323161.0000 -0.1979
-24.8656 80.9704 -34.2325 0.0000 1650410898529 323190.0000 -0.1979
-25.0821 80.6725 -34.5789 0.0000 1650410898558 323219.0000 -0.1979
-24.5870 80.4908 -35.2613 0.0000 1650410898587 323247.7500 -0.1979
-24.8289 80.2248 -35.9157 0.0000 1650410898616 323275.7500 -0.1979
-24.5309 80.0961 -36.9364 0.0000 1650410898645 323305.7500 -0.1979
-23.6489 80.2414 -38.4132 0.0000 1650410898673 323334.5000 -0.1984
-24.8904 80.2271 -38.2182 0.0000 1650410898703 323363.5000 -0.1984
-24.3599 80.7020 -39.5253 0.0000 1650410898731 323392.5000 -0.1984
-25.0036 80.6408 -39.9566 0.0000 1650410898760 323421.5000 -0.1984
-24.5073 80.2540 -41.2483 0.0000 1650410898789 323450.5000 -0.1984
-25.0246 80.1409 -41.7125 0.0000 1650410898818 323479.5000 -0.1985
-24.6877 80.6509 -42.7052 0.0000 1650410898847 323508.2500 -0.1989
-25.4491 80.3643 -42.7733 0.0000 1650410898876 323538.7500 -0.1989
-24.9446 79.9548 -43.5416 0.0000 1650410898905 323566.5000 -0.1989
-24.7559 80.1011 -44.1211 0.0000 1650410898935 323595.2500 -0.1989
-24.7799 79.9496 -44.0595 0.0000 1650410898964 323624.5000 -0.1989
-24.9598 80.2422 -44.0851 0.0000 1650410898992 323653.5000 -0.1989
-24.9787 80.0690 -43.8395 0.0000 1650410899021 323682.5000 -0.1984
-25.1804 79.7744 -43.3038 0.0000 1650410899050 323711.5000 -0.1984
-25.1133 79.6507 -42.9287 0.0000 1650410899079 323740.5000 -0.1984
-24.8965 79.4625 -42.3653 0.0000 1650410899108 323769.5000 -0.1984
-24.9615 79.3773 -41.9255 0.0000 1650410899137 323798.5000 -0.1980
-24.5756 80.0378 -41.3972 0.0000 1650410899166 323827.5000 -0.1979
-24.5111 79.9094 -40.5607 0.0000 1650410899195 323856.5000 -0.1979
-24.2049 79.8960 -39.7632 0.0000 1650410899224 323885.5000 -0.1979
-24.3385 79.6722 -38.8582 0.0000 1650410899253 323914.5000 -0.1979
-24.1873 80.0539 -37.9518 0.0000 1650410899282 323943.2500 -0.1979
-24.5139 79.8175 -37.0888 0.0000 1650410899311 323972.2500 -0.1979
-24.6055 80.6130 -36.2941 0.0000 1650410899340 324001.2500 -0.1979
-24.4979 80.1809 -35.7694 0.0000 1650410899369 324029.7500 -0.1979
-24.5421 80.3888 -35.1153 0.0000 1650410899398 324060.2500 -0.1979
-24.4367 80.6225 -34.6111 0.0000 1650410899427 324088.0000 -0.1979
-24.7071 80.3502 -34.4417 0.0000 1650410899456 324117.0000 -0.1979
-25.0303 80.7373 -34.2806 0.0000 1650410899485 324146.0000 -0.1979
-24.8174 80.5495 -33.8239 0.0000 1650410899514 324175.0000 -0.1979
-24.7196 80.9500 -34.4929 0.0000 1650410899543 324204.0000 -0.1979
-24.6719 80.7996 -34.9412 0.0000 1650410899571 324233.0000 -0.1979
-24.4540 80.6499 -35.3299 0.0000 1650410899601 324262.0000 -0.1980
-24.7599 80.1389 -36.0278 0.0000 1650410899629 324290.5000 -0.1984
-24.2617 80.4233 -37.1945 0.0000 1650410899659 324319.7500 -0.1984
-24.6150 80.2702 -37.9260 0.0000 1650410899687 324348.7500 -0.1984
-24.3882 79.7401 -38.9595 0.0000 1650410899717 324379.0000 -0.1984
-24.4433 80.3145 -40.0183 0.0000 1650410899746 324406.7500 -0.1984
-24.5223 80.2082 -40.5903 0.0000 1650410899775 324435.7500 -0.1984
-24.5670 80.2447 -41.4490 0.0000 1650410899804 324464.5000 -0.1980
-25.1454 80.6159 -41.7133 0.0000 1650410899833 324493.5000 -0.1979
-24.4264 80.0212 -43.0087 0.0000 1650410899862 324522.5000 -0.1983
-24.7593 79.8590 -43.3039 0.0000 1650410899890 324551.5000 -0.1984
-24.7702 80.0654 -43.6307 0.0000 1650410899919 324580.5000 -0.1980
-24.7540 80.3960 -44.1212 0.0000 1650410899948 324609.5000 -0.1979
-24.7442 79.7530 -44.3758 0.0000 1650410899977 324638.5000 -0.1979
-25.2321 80.4141 -43.8201 0.0000 1650410900006 324667.5000 -0.1979
-25.3908 80.1062 -43.6948 0.0000 1650410900035 324696.5000 -0.1976
-25.2984 79.8458 -43.2701 0.0000 1650410900064 324725.5000 -0.1974
-25.0258 79.6433 -42.9629 0.0000 1650410900094 324754.5000 -0.1974
-24.8674 79.5162 -42.3316 0.0000 1650410900123 324783.5000 -0.1974
-25.0824 79.7759 -41.6417 0.0000 1650410900151 324813.5000 -0.1974
-24.4746 79.7074 -41.0700 0.0000 1650410900181 324841.5000 -0.1974
-24.7455 79.8505 -40.1843 0.0000 1650410900209 324870.5000 -0.1974
-24.1389 79.9755 -39.5080 0.0000 1650410900238 324899.5000 -0.1974
-24.4340 80.0440 -38.5522 0.0000 1650410900267 324928.5000 -0.1976
-24.3095 80.1588 -37.4221 0.0000 1650410900296 324957.5000 -0.1979
-24.4178 80.2301 -36.7196 0.0000 1650410900325 324986.5000 -0.1979
-24.2195 80.1779 -36.1745 0.0000 1650410900354 325015.5000 -0.1979
-24.3196 80.1423 -35.3816 0.0000 1650410900383 325044.0000 -0.1979
-24.2812 80.4202 -35.0408 0.0000 1650410900412 325074.0000 -0.1979
-24.6068 80.7524 -34.3333 0.0000 1650410900441 325102.2500 -0.1979
-24.5379 80.3440 -34.3229 0.0000 1650410900470 325131.0000 -0.1979
-24.6579 80.7843 -34.3311 0.0000 1650410900499 325160.0000 -0.1979
-24.7848 80.9153 -34.4441 0.0000 1650410900528 325189.0000 -0.1979
-24.6131 80.9005 -34.7243 0.0000 1650410900557 325218.0000 -0.1979
-24.5641 80.5875 -35.2456 0.0000 1650410900586 325247.0000 -0.1979
-24.0888 80.5392 -35.8422 0.0000 1650410900615 325276.0000 -0.1979
-24.7271 80.2502 -36.2081 0.0000 1650410900644 325305.0000 -0.1979
-24.0638 80.3115 -37.5577 0.0000 1650410900673 325334.0000 -0.1979
-24.6735 80.1154 -38.0538 0.0000 1650410900702 325363.0000 -0.1979
-24.3050 80.4189 -39.1987 0.0000 1650410900730 325392.0000 -0.1979
-24.8302 80.2436 -39.7096 0.0000 1650410900760 325421.0000 -0.1976
-24.3013 80.2455 -41.0888 0.0000 1650410900788 325450.0000 -0.1974
-24.9830 80.4069 -41.3690 0.0000 1650410900817 325478.7500 -0.1974
-24.4438 80.0739 -42.4794 0.0000 1650410900847 325507.7500 -0.1974
-24.5601 80.0837 -43.0794 0.0000 1650410900876 325536.7500 -0.1974
-24.8625 79.8026 -43.3123 0.0000 1650410900905 325565.2500 -0.1974
-24.7768 80.1978 -43.7683 0.0000 1650410900934 325594.2500 -0.1974
-24.5465 80.0938 -44.3186 0.0000 1650410900963 325623.5000 -0.1974
-24.7418 80.2006 -44.0363 0.0000 1650410900992 325652.5000 -0.1974
-25.4489 80.8583 -43.5740 0.0000 1650410901021 325681.5000 -0.1974
-25.0547 79.6308 -43.5541 0.0000 1650410901049 325710.5000 -0.1974
-24.9758 79.7932 -43.2469 0.0000 1650410901078 325739.5000 -0.1974
-25.1413 80.0325 -42.6285 0.0000 1650410901107 325768.5000 -0.1974
-25.0306 79.7626 -42.2282 0.0000 1650410901136 325797.5000 -0.1974
-24.7710 79.7573 -41.5871 0.0000 1650410901165 325827.7500 -0.1974
-24.4649 79.8899 -40.8877 0.0000 1650410901195 325855.0000 -0.1974
-24.4879 79.7966 -40.2309 0.0000 1650410901223 325884.5000 -0.1978
-24.1820 80.0787 -39.1927 0.0000 1650410901253 325913.0000 -0.1979
-24.3401 80.1228 -38.1705 0.0000 1650410901282 325942.5000 -0.1979
-24.5000 79.9339 -37.4526 0.0000 1650410901310 325971.5000 -0.1979
-24.3923 80.0904 -36.7476 0.0000 1650410901340 326000.5000 -0.1979
-24.2784 80.3513 -35.8970 0.0000 1650410901368 326029.5000 -0.1983
-24.4203 80.2993 -35.2533 0.0000 1650410901397 326058.5000 -0.1984
-24.3504 80.5330 -35.1095 0.0000 1650410901426 326087.5000 -0.1984
-24.3212 80.2461 -34.3694 0.0000 1650410901455 326116.5000 -0.1984
-24.6365 80.5365 -33.9044 0.0000 1650410901484 326145.5000 -0.1980
-24.6433 80.7771 -34.3493 0.0000 1650410901513 326174.2500 -0.1979
-24.7456 81.1967 -34.3656 0.0000 1650410901542 326203.2500 -0.1984
-24.4498 80.3986 -35.1143 0.0000 1650410901571 326232.2500 -0.1984
-24.1412 80.8350 -35.3960 0.0000 1650410901600 326261.0000 -0.1980
-24.3781 80.3806 -35.7775 0.0000 1650410901629 326289.7500 -0.1979
-24.6826 80.0227 -36.5645 0.0000 1650410901659 326319.0000 -0.1979
-23.7673 80.3691 -37.8738 0.0000 1650410901687 326347.5000 -0.1979
-24.7927 79.7475 -38.1873 0.0000 1650410901716 326376.7500 -0.1976
-23.7059 80.3434 -39.5531 0.0000 1650410901745 326406.0000 -0.1974
-24.9495 80.0367 -39.8838 0.0000 1650410901774 326435.0000 -0.1974
-24.2462 80.4050 -41.3678 0.0000 1650410901803 326464.0000 -0.1974
-24.9185 80.2837 -41.7066 0.0000 1650410901832 326493.0000 -0.1974
-24.2095 80.1668 -42.8535 0.0000 1650410901861 326522.0000 -0.1974
-24.9647 80.3272 -42.8717 0.0000 1650410901890 326551.0000 -0.1974
-24.7264 80.0627 -43.5155 0.0000 1650410901919 326581.5000 -0.1974
-24.5836 80.3930 -43.8979 0.0000 1650410901947 326608.0000 -0.1974
-24.4779 79.8040 -44.4939 0.0000 1650410901976 326637.7500 -0.1974
-25.0581 80.1582 -43.9845 0.0000 1650410902006 326668.5000 -0.1978
-25.2200 80.1992 -43.9476 0.0000 1650410902035 326695.2500 -0.1979
-25.2125 79.7181 -43.4009 0.0000 1650410902064 326724.5000 -0.1979
-25.2372 79.8144 -42.8723 0.0000 1650410902093 326753.5000 -0.1979
-25.2282 79.6834 -42.5877 0.0000 1650410902122 326782.5000 -0.1979
-25.5548 79.8337 -41.8583 0.0000 1650410902151 326811.5000 -0.1979
-24.7543 79.7946 -41.5277 0.0000 1650410902180 326840.5000 -0.1979
-24.6866 79.8456 -40.7644 0.0000 1650410902208 326869.5000 -0.1979
-24.4106 79.7687 -39.7691 0.0000 1650410902238 326898.5000 -0.1979
-24.3413 79.8561 -38.9535 0.0000 1650410902266 326927.5000 -0.1979
-24.0356 79.9252 -38.1425 0.0000 1650410902295 326956.5000 -0.1979
-24.3238 79.8197 -37.1409 0.0000 1650410902324 326985.5000 -0.1979
-24.3891 80.1287 -36.3335 0.0000 1650410902353 327014.5000 -0.1979
-24.6563 80.1983 -35.7696 0.0000 1650410902382 327043.5000 -0.1979
-24.4213 80.3432 -35.2006 0.0000 1650410902411 327072.5000 -0.1979
-24.2448 80.7199 -34.6749 0.0000 1650410902441 327101.2500 -0.1979
-24.6999 80.2910 -34.3525 0.0000 1650410902470 327130.5000 -0.1979
-24.4692 80.4244 -34.3324 0.0000 1650410902499 327159.5000 -0.1976
-24.8197 80.9010 -34.2314 0.0000 1650410902527 327188.5000 -0.1974
-24.6623 80.9775 -34.3524 0.0000 1650410902556 327217.5000 -0.1974
-24.6804 80.7760 -34.6704 0.0000 1650410902585 327246.5000 -0.1974
-24.1235 80.6772 -35.5982 0.0000 1650410902614 327275.2500 -0.1971
-24.6983 80.2398 -35.9922 0.0000 1650410902643 327304.2500 -0.1969
-24.4680 80.6379 -36.8004 0.0000 1650410902672 327333.2500 -0.1969
-24.2569 80.6565 -38.0610 0.0000 1650410902701 327363.5000 -0.1969
-24.3384 79.8227 -38.8368 0.0000 1650410902730 327390.5000 -0.1969
-24.1303 80.1081 -39.9359 0.0000 1650410902759 327420.0000 -0.1969
-24.6698 79.9478 -40.5370 0.0000 1650410902788 327448.5000 -0.1971
-24.3939 80.0974 -41.3666 0.0000 1650410902818 327478.0000 -0.1974
-24.7279 80.2873 -41.9736 0.0000 1650410902846 327507.0000 -0.1974
-24.2768 80.0522 -42.9502 0.0000 1650410902875 327536.0000 -0.1974
-24.9713 80.0046 -43.1200 0.0000 1650410902904 327565.0000 -0.1976
-24.9014 80.2907 -43.4974 0.0000 1650410902933 327594.0000 -0.1979
-24.4878 80.2833 -43.9481 0.0000 1650410902962 327623.0000 -0.1979
-24.8677 80.2651 -44.0870 0.0000 1650410902991 327652.0000 -0.1974
-24.9053 79.9545 -44.1472 0.0000 1650410903020 327681.0000 -0.1976
-25.2016 80.1562 -43.6416 0.0000 1650410903049 327709.7500 -0.1979
-25.5801 80.1597 -43.2848 0.0000 1650410903078 327738.7500 -0.1979
-25.1771 79.8226 -42.8974 0.0000 1650410903106 327767.7500 -0.1979
-25.7058 80.1683 -42.0533 0.0000 1650410903135 327796.5000 -0.1979
-24.8864 79.2117 -41.9671 0.0000 1650410903164 327825.5000 -0.1979
-24.5298 79.9986 -41.2609 0.0000 1650410903194 327854.5000 -0.1979
-24.6177 79.6569 -40.5123 0.0000 1650410903223 327883.0000 -0.1979
-24.2846 79.9246 -39.5293 0.0000 1650410903252 327912.2500 -0.1979
-24.3980 79.8194 -38.6559 0.0000 1650410903281 327941.5000 -0.1976
-24.3049 79.8063 -37.5780 0.0000 1650410903310 327970.5000 -0.1974
-24.4662 80.0302 -36.9883 0.0000 1650410903339 327999.5000 -0.1974
-24.1544 80.0272 -36.3363 0.0000 1650410903367 328028.5000 -0.1974
-24.2191 79.8505 -35.4999 0.0000 1650410903397 328057.5000 -0.1974
-24.2976 80.3379 -35.0477 0.0000 1650410903425 328086.5000 -0.1974
-24.4367 80.3702 -34.5755 0.0000 1650410903454 328115.5000 -0.1974
-24.5103 80.3063 -34.3456 0.0000 1650410903483 328143.5000 -0.1974
-24.5975 80.6172 -34.5212 0.0000 1650410903512 328173.5000 -0.1971
-24.6468 80.7925 -34.4812 0.0000 1650410903541 328202.5000 -0.1969
-24.2286 80.9736 -34.7922 0.0000 1650410903570 328232.2500 -0.1969
-24.5456 80.7113 -34.6795 0.0000 1650410903600 328260.5000 -0.1969
-23.9927 80.7630 -35.5565 0.0000 1650410903629 328289.5000 -0.1973
-24.7902 80.1705 -36.0879 0.0000 1650410903658 328318.5000 -0.1974
-24.3699 80.4039 -37.3057 0.0000 1650410903686 328347.5000 -0.1974
-24.7280 80.2759 -37.8537 0.0000 1650410903716 328376.5000 -0.1974
-24.0897 80.5906 -39.0669 0.0000 1650410903744 328405.2500 -0.1974
-24.5700 80.0310 -39.9049 0.0000 1650410903773 328434.2500 -0.1974
-24.0816 80.1514 -40.8825 0.0000 1650410903802 328463.2500 -0.1976
-24.6440 79.9995 -41.6147 0.0000 1650410903831 328492.0000 -0.1979
-24.1370 80.0480 -42.5272 0.0000 1650410903860 328521.0000 -0.1979
-24.8123 80.0815 -42.8770 0.0000 1650410903889 328550.0000 -0.1979
-24.6849 79.6115 -43.3630 0.0000 1650410903918 328579.0000 -0.1979
-24.7829 80.4565 -43.6540 0.0000 1650410903947 328608.0000 -0.1979
-24.5166 80.0673 -44.3219 0.0000 1650410903977 328637.0000 -0.1979
-24.8782 80.0487 -44.0961 0.0000 1650410904005 328665.0000 -0.1979
-24.7114 80.0804 -44.1584 0.0000 1650410904034 328695.0000 -0.1979
-25.4807 80.0730 -43.5390 0.0000 1650410904063 328724.0000 -0.1979
-25.5313 80.0751 -42.9667 0.0000 1650410904092 328753.0000 -0.1979
-25.3650 80.0034 -42.4494 0.0000 1650410904121 328782.0000 -0.1979
-25.5604 80.0450 -42.0632 0.0000 1650410904150 328810.7500 -0.1979
-25.0480 79.6056 -41.6036 0.0000 1650410904179 328839.7500 -0.1976
-24.4511 79.7548 -41.0478 0.0000 1650410904208 328868.7500 -0.1974
-24.5258 79.6923 -40.3125 0.0000 1650410904237 328898.7500 -0.1974
-24.6871 80.1099 -39.0522 0.0000 1650410904265 328927.7500 -0.1974
-24.7188 80.0998 -38.2564 0.0000 1650410904295 328955.5000 -0.1971
-24.3685 79.8014 -37.4555 0.0000 1650410904324 328984.2500 -0.1969
-24.4023 79.9554 -36.5837 0.0000 1650410904353 329013.5000 -0.1969
-24.1709 79.8121 -35.7487 0.0000 1650410904382 329042.5000 -0.1969
-24.2620 80.0584 -35.3506 0.0000 1650410904411 329071.5000 -0.1973
-24.0074 80.3920 -34.8454 0.0000 1650410904440 329100.5000 -0.1974
-24.4517 80.2774 -34.4623 0.0000 1650410904469 329129.5000 -0.1974
-24.3853 80.3599 -34.1522 0.0000 1650410904498 329158.5000 -0.1974
-24.7699 81.1049 -34.4297 0.0000 1650410904527 329187.5000 -0.1974
-24.6522 80.7639 -34.4164 0.0000 1650410904556 329216.5000 -0.1974
-24.6378 80.5818 -34.6474 0.0000 1650410904584 329245.5000 -0.1976
-24.1463 80.7475 -35.1468 0.0000 1650410904613 329274.5000 -0.1979
-24.3045 80.7108 -35.8067 0.0000 1650410904642 329303.5000 -0.1979
-24.6220 80.2355 -36.3282 0.0000 1650410904671 329332.5000 -0.1979
-24.0174 80.4442 -38.0267 0.0000 1650410904700 329361.5000 -0.1979
-25.1727 80.1997 -38.0858 0.0000 1650410904729 329390.5000 -0.1979
-24.2120 80.3043 -39.4754 0.0000 1650410904758 329419.2500 -0.1979
-24.7239 80.1853 -39.8821 0.0000 1650410904788 329447.5000 -0.1979
-24.4712 80.4180 -41.3220 0.0000 1650410904817 329477.5000 -0.1979
-24.4171 79.8772 -41.8267 0.0000 1650410904845 329506.2500 -0.1979
-23.9112 80.1553 -42.8474 0.0000 1650410904875 329535.2500 -0.1979
-24.9633 80.0707 -42.8728 0.0000 1650410904903 329564.2500 -0.1983
-24.9364 80.0474 -43.5257 0.0000 1650410904932 329593.2500 -0.1984
-24.5097 80.3957 -43.8937 0.0000 1650410904961 329622.0000 -0.1980
-25.0576 80.5460 -43.9513 0.0000 1650410904990 329651.0000 -0.1979
-24.6614 80.0814 -44.2231 0.0000 1650410904997 329658.0000 -0.1979
