44.6889 -67.5881 -28.7811 34.5158 1685215927245 137.2500 -0.0317
45.3672 -66.9861 -28.4718 32.7051 1685215927278 170.0000 -0.0314
45.2454 -67.0004 -29.3545 23.3746 1685215927310 202.7500 -0.0201
44.6249 -66.8614 -29.4276 33.3776 1685215927343 235.0000 -0.0201
45.1974 -66.7685 -28.7784 32.3616 1685215927376 267.7500 -0.0094
46.2317 -65.3860 -27.8361 28.6979 1685215927409 300.7500 -0.0094
44.9819 -65.1693 -28.3944 21.2022 1685215927441 333.2500 0.0009
43.4436 -63.1719 -29.0337 21.8139 1685215927475 366.2500 0.0009
43.2441 -63.8542 -28.8314 26.1588 1685215927507 398.7500 0.0111
42.9983 -64.8297 -28.7497 22.7038 1685215927539 431.2500 0.0214
42.4480 -66.1019 -29.2658 24.9155 1685215927573 464.2500 0.0214
41.5214 -67.0208 -29.3644 27.6828 1685215927605 496.7500 0.0297
40.6748 -67.7332 -29.5489 22.6650 1685215927637 529.2500 0.0297
39.7677 -68.0992 -29.3669 26.7872 1685215927670 562.0000 0.0360
39.0265 -69.0529 -29.6242 29.0306 1685215927703 594.7500 0.0360
38.4602 -70.0243 -29.3393 29.2123 1685215927735 627.0000 0.0424
39.2962 -71.0059 -29.3779 19.1714 1685215927768 660.2500 0.0477
40.7902 -72.7471 -28.3036 21.5287 1685215927802 352.0000 0.0477
42.3268 -73.7757 -28.2694 20.9207 1685215927834 43.5000 0.0551
41.9081 -70.9426 -29.4405 18.3047 1685215927866 76.2500 0.0551
43.0749 -69.7689 -28.5471 22.0107 1685215927900 109.0000 0.0624
44.2880 -68.9140 -28.8264 26.0862 1685215927932 141.7500 0.0624
44.9511 -68.4284 -28.6774 27.6361 1685215927964 174.2500 0.0648
44.7533 -68.1089 -28.8935 35.4918 1685215927997 207.0000 0.0648
44.6184 -67.8801 -29.5080 27.8008 1685215928030 239.7500 0.0614
45.0958 -67.8938 -29.1829 30.7966 1685215928062 272.2500 0.0492
45.9655 -66.5637 -27.8291 24.0369 1685215928095 305.2500 0.0492
45.1985 -66.3061 -28.4058 26.3935 1685215928128 337.7500 0.0492
43.7111 -64.8207 -27.9122 21.7017 1685215928160 369.5000 0.0302
43.6167 -64.1214 -28.3633 26.9657 1685215928193 403.2500 0.0302
43.1239 -65.3161 -28.7711 23.7973 1685215928227 435.7500 0.0121
42.4498 -65.6326 -29.1302 22.9001 1685215928259 468.5000 0.0121
41.8762 -66.4336 -29.2171 29.9893 1685215928291 501.2500 -0.0065
41.2983 -67.1328 -29.0410 25.5541 1685215928324 534.0000 -0.0065
40.2216 -67.9182 -29.1465 28.4882 1685215928357 566.5000 -0.0280
39.3908 -68.0209 -29.1896 31.8883 1685215928389 599.2500 -0.0453
38.7510 -68.3665 -29.0873 29.0617 1685215928422 632.0000 -0.0509
40.0299 -69.4432 -29.0493 26.8385 1685215928455 664.2500 -0.0744
41.3793 -70.5758 -28.2198 21.5334 1685215928487 697.2500 -0.0744
42.4917 -70.6364 -28.1859 19.5009 1685215928519 25.5000 -0.0963
43.0867 -69.4828 -28.5350 15.0513 1685215928553 58.7500 -0.0963
43.7130 -67.5560 -28.9630 20.6003 1685215928586 91.2500 -0.1164
43.9515 -65.6048 -28.5880 23.8992 1685215928618 124.2500 -0.1164
44.8349 -64.9536 -28.7673 21.7954 1685215928651 156.7500 -0.1349
44.6048 -64.2357 -28.9104 27.2368 1685215928684 189.2500 -0.1394
44.5174 -64.7302 -29.2724 40.0469 1685215928716 222.2500 -0.1530
45.2645 -64.5730 -28.7850 35.3357 1685215928749 254.7500 -0.1706
45.9552 -63.4277 -28.5989 23.5316 1685215928782 287.5000 -0.1857
44.9004 -63.5181 -28.3526 32.5554 1685215928814 320.2500 -0.1857
43.2058 -62.1882 -28.3512 31.8406 1685215928846 352.7500 -0.1979
42.7191 -61.7807 -29.1641 32.4399 1685215928880 385.5000 -0.1979
41.5441 -62.1061 -29.1707 24.0634 1685215928912 418.2500 -0.1979
41.3065 -63.6918 -29.5060 27.4717 1685215928944 450.7500 -0.2077
40.5338 -64.4842 -29.6903 32.9315 1685215928978 482.7500 -0.2184
39.9610 -65.3400 -29.6890 28.4309 1685215929011 516.2500 -0.2184
39.2906 -65.6671 -29.4779 30.3737 1685215929043 549.0000 -0.2277
38.5302 -66.4411 -29.5489 23.4226 1685215929076 581.7500 -0.2277
38.2569 -67.0810 -29.1688 31.5965 1685215929109 614.2500 -0.2355
40.0446 -68.8314 -28.6807 38.7556 1685215929141 647.0000 -0.2355
40.9238 -69.1019 -29.5231 28.1252 1685215929173 679.7500 -0.2424
42.3374 -68.5638 -29.6876 17.0610 1685215929207 712.2500 -0.2424
42.8269 -67.3510 -29.2039 26.3784 1685215929239 32.0000 -0.2453
43.1694 -65.9920 -28.5348 28.2182 1685215929271 64.5000 -0.2447
44.0653 -63.8753 -29.2661 26.3887 1685215929305 97.2500 -0.2429
45.3138 -63.8468 -28.3734 36.0128 1685215929338 130.0000 -0.2421
45.0683 -63.5947 -28.7473 32.9835 1685215929370 162.7500 -0.2414
44.9945 -63.7607 -29.0254 34.3529 1685215929403 195.5000 -0.2414
45.6161 -63.3566 -28.4209 35.8210 1685215929436 228.2500 -0.2394
45.8787 -62.4987 -28.2337 26.8281 1685215929468 261.0000 -0.2389
43.1601 -61.7826 -28.9918 19.3401 1685215929500 293.5000 -0.2389
42.3564 -60.4985 -28.6400 22.5040 1685215929534 326.2500 -0.2370
42.3588 -61.4817 -29.3529 24.9239 1685215929566 359.0000 -0.2370
41.3517 -62.7362 -29.4516 31.9491 1685215929598 391.7500 -0.2306
40.5969 -63.5832 -29.7854 28.8279 1685215929632 424.2500 -0.2306
40.3255 -65.0194 -29.6242 34.7009 1685215929664 457.0000 -0.2253
38.9508 -65.0907 -29.4022 25.7583 1685215929696 489.7500 -0.2253
37.9908 -65.7988 -29.6474 24.4418 1685215929730 522.2500 -0.2204
37.6106 -66.7412 -29.4504 27.5545 1685215929763 554.2500 -0.2131
37.3485 -67.8636 -29.3399 20.0088 1685215929795 587.7500 -0.2131
39.6994 -69.3401 -28.6479 26.6697 1685215929828 620.2500 -0.2067
40.9118 -69.1726 -29.2455 21.1611 1685215929861 653.2500 -0.2067
42.1856 -68.6438 -29.4230 19.3994 1685215929893 185.5000 -0.2023
42.9315 -67.7453 -29.4234 31.8034 1685215929925 51.5000 -0.2023
43.0810 -65.5618 -29.2288 18.6104 1685215929959 84.2500 -0.1974
45.0277 -64.7510 -28.7103 27.2279 1685215929991 116.7500 -0.1974
45.4716 -64.3457 -28.2720 37.9139 1685215930023 149.5000 -0.1926
45.0175 -64.0469 -28.8916 34.1357 1685215930056 181.7500 -0.1926
45.1690 -64.3034 -28.8933 47.6900 1685215930089 215.0000 -0.1901
45.3267 -63.4162 -28.2087 26.6479 1685215930122 247.2500 -0.1901
45.7507 -62.5168 -28.5460 26.1115 1685215930155 280.2500 -0.1901
43.3562 -62.3233 -29.0582 26.1801 1685215930188 313.0000 -0.1901
42.3933 -60.7590 -29.2615 23.9609 1685215930220 345.7500 -0.1926
41.9768 -61.7828 -29.4616 27.4224 1685215930252 378.2500 -0.1955
41.1985 -63.1499 -29.7643 23.4304 1685215930286 411.0000 -0.1955
40.1066 -63.6918 -29.3751 23.3840 1685215930318 443.7500 -0.1984
39.4963 -64.8465 -29.9134 26.6989 1685215930350 476.2500 -0.1984
38.5741 -65.5124 -29.5310 30.5296 1685215930383 509.2500 -0.1989
37.8611 -66.2285 -29.5660 25.4235 1685215930416 541.7500 -0.1989
37.0275 -67.0078 -29.5255 29.4494 1685215930448 574.2500 -0.1979
37.0234 -67.7529 -29.6275 26.3294 1685215930481 607.2500 -0.1977
38.9796 -69.6733 -28.8216 21.3721 1685215930515 639.7500 -0.1969
40.7310 -69.5548 -29.5163 19.2695 1685215930547 506.5000 -0.1984
42.1572 -69.5935 -29.6682 23.2438 1685215930579 42.0000 -0.1984
42.6599 -67.9522 -28.8807 36.8155 1685215930613 75.0000 -0.1999
42.7679 -65.5267 -29.4502 28.6642 1685215930645 107.5000 -0.1999
44.6355 -64.4202 -28.4288 34.9780 1685215930677 140.2500 -0.2009
44.9681 -64.0043 -28.6441 25.5907 1685215930711 173.0000 -0.2009
44.1522 -63.6557 -28.8685 25.5738 1685215930743 205.7500 -0.2028
44.5540 -64.1158 -28.9604 31.9105 1685215930775 238.2500 -0.2028
45.5863 -63.1984 -27.6588 26.1801 1685215930808 271.0000 -0.2009
45.2518 -62.1831 -28.3020 26.0571 1685215930841 303.7500 -0.1969
43.0142 -61.3230 -28.9662 33.7958 1685215930873 336.0000 -0.1969
42.4254 -60.5820 -29.0317 29.8987 1685215930906 369.0000 -0.1896
41.4982 -61.7980 -29.9982 21.6400 1685215930940 401.0000 -0.1896
41.0511 -63.3672 -29.8653 25.4463 1685215930972 434.2500 -0.1764
40.0584 -64.1634 -30.3014 19.9962 1685215931004 467.2500 -0.1764
39.3295 -65.1752 -30.0250 26.6324 1685215931038 499.7500 -0.1628
38.7969 -65.9891 -29.8920 27.1502 1685215931070 532.5000 -0.1462
37.9658 -67.1307 -29.8659 29.2571 1685215931102 565.2500 -0.1462
37.4527 -68.0222 -29.8598 24.5195 1685215931135 597.7500 -0.1291
37.3877 -69.1837 -29.8590 21.1042 1685215931168 630.5000 -0.1291
38.8788 -70.2452 -28.7075 20.5369 1685215931200 663.2500 -0.1120
40.7111 -71.0847 -29.1397 22.6892 1685215931233 189.7500 -0.1120
42.0453 -70.4269 -29.1384 24.1628 1685215931266 53.7500 -0.0954
42.1634 -67.3985 -29.2619 22.3206 1685215931299 86.2500 -0.0954
44.1797 -67.1380 -29.1098 34.1653 1685215931331 119.0000 -0.0783
45.3962 -66.8083 -28.8423 32.9099 1685215931365 151.2500 -0.0783
45.2801 -65.9810 -28.5739 34.1204 1685215931397 184.2500 -0.0636
44.9334 -66.2173 -29.5269 33.5158 1685215931429 217.0000 -0.0509
45.1010 -66.0772 -29.0989 43.9177 1685215931462 249.7500 -0.0509
45.9837 -65.1946 -27.9524 30.6315 1685215931495 282.2500 -0.0387
45.7732 -64.6302 -28.6643 22.7306 1685215931527 315.2500 -0.0387
43.1469 -62.7545 -29.2684 22.3870 1685215931560 347.7500 -0.0270
43.2815 -62.8017 -29.0831 25.9561 1685215931593 380.5000 -0.0270
42.7307 -63.9248 -29.2136 32.9109 1685215931625 413.2500 -0.0270
41.7242 -64.7919 -29.3889 22.6966 1685215931657 445.5000 -0.0148
41.3861 -66.1005 -29.3613 23.0301 1685215931692 478.5000 -0.0031
40.6205 -67.1011 -29.5932 27.9819 1685215931724 511.0000 -0.0031
39.6177 -67.8814 -29.5202 30.6843 1685215931756 544.0000 0.0062
38.5703 -68.4531 -29.5900 24.1433 1685215931789 576.5000 0.0062
38.1270 -69.4188 -29.4508 30.4895 1685215931822 609.2500 0.0165
37.8842 -70.4488 -29.2613 18.8370 1685215931854 642.0000 0.0189
40.3633 -71.8616 -28.2172 28.0691 1685215931887 674.7500 0.0263
41.6916 -72.8502 -28.1006 17.8708 1685215931920 33.2500 0.0263
42.1450 -72.0823 -28.8009 26.1137 1685215931952 66.0000 0.0346
43.3556 -69.9461 -29.0432 24.7926 1685215931984 98.7500 0.0433
44.1661 -68.8641 -28.9043 27.9224 1685215932018 131.2500 0.0433
45.1931 -68.3291 -28.4468 30.2999 1685215932050 164.2500 0.0521
45.0863 -67.7419 -28.9694 24.9184 1685215932083 196.7500 0.0521
44.7785 -67.4316 -29.6521 29.6110 1685215932116 229.2500 0.0551
