52.0662 -65.1862 -29.2037 49.4184 1685215927245 137.2500 -0.0317
52.7668 -64.6748 -28.9978 77.8065 1685215927278 170.0000 -0.0314
52.5864 -64.4703 -29.6402 71.0860 1685215927310 202.7500 -0.0201
51.8616 -64.1940 -30.3699 59.2834 1685215927343 235.0000 -0.0201
52.4082 -63.9511 -29.4421 55.9471 1685215927376 267.7500 -0.0094
53.8315 -63.7972 -28.1408 68.7110 1685215927409 300.7500 -0.0094
52.5506 -63.4138 -28.4732 82.8489 1685215927441 333.2500 0.0009
51.1836 -62.4910 -29.0751 52.5411 1685215927475 366.2500 0.0009
50.8362 -62.2627 -29.2782 45.9653 1685215927507 398.7500 0.0111
50.4387 -63.0078 -30.0514 49.6101 1685215927539 431.2500 0.0214
49.9437 -64.2680 -30.1739 41.9891 1685215927573 464.2500 0.0214
49.1003 -65.4081 -29.9410 42.5901 1685215927605 496.7500 0.0297
48.2489 -66.0850 -30.0875 40.1369 1685215927637 529.2500 0.0297
47.2713 -66.8169 -30.9237 38.4900 1685215927670 562.0000 0.0360
46.5218 -67.6105 -31.0777 27.1595 1685215927703 594.7500 0.0360
45.9393 -68.4281 -30.7135 36.6339 1685215927735 627.0000 0.0424
46.5835 -68.9337 -31.1025 29.1025 1685215927768 660.2500 0.0477
47.5722 -69.3255 -29.9376 23.9391 1685215927802 352.0000 0.0477
48.9185 -69.9570 -29.7990 25.7125 1685215927834 43.5000 0.0551
49.5587 -69.6469 -29.8440 28.4499 1685215927866 76.2500 0.0551
50.7178 -68.5339 -29.2053 69.5226 1685215927900 109.0000 0.0624
51.8792 -67.2714 -29.0447 44.7011 1685215927932 141.7500 0.0624
52.4883 -66.5716 -29.0163 65.1094 1685215927964 174.2500 0.0648
52.2477 -66.1913 -29.6209 78.8671 1685215927997 207.0000 0.0648
52.0811 -65.7527 -29.9038 45.3490 1685215928030 239.7500 0.0614
52.4068 -65.2675 -29.3387 75.5313 1685215928062 272.2500 0.0492
53.5984 -65.1629 -28.2155 56.5324 1685215928095 305.2500 0.0492
52.7779 -64.6783 -27.8798 59.1155 1685215928128 337.7500 0.0492
51.2945 -63.3447 -28.7412 49.5155 1685215928160 369.5000 0.0302
51.2460 -62.8120 -29.0349 56.6607 1685215928193 403.2500 0.0302
50.6590 -63.4973 -29.3072 45.8169 1685215928227 435.7500 0.0121
50.0885 -64.2566 -29.4900 38.9890 1685215928259 468.5000 0.0121
49.4548 -64.8528 -29.8797 48.5851 1685215928291 501.2500 -0.0065
48.7558 -65.0912 -29.8101 44.1409 1685215928324 534.0000 -0.0065
47.6606 -66.0877 -30.4438 39.6592 1685215928357 566.5000 -0.0280
46.9192 -66.6735 -30.5605 37.0405 1685215928389 599.2500 -0.0453
46.2726 -66.9036 -30.3754 21.7744 1685215928422 632.0000 -0.0509
47.1085 -66.5865 -30.5003 18.3518 1685215928455 664.2500 -0.0744
48.3390 -67.2943 -29.2997 59.7792 1685215928487 697.2500 -0.0744
49.6129 -67.6682 -29.1087 32.3815 1685215928519 25.5000 -0.0963
50.2681 -66.6871 -29.5267 33.3922 1685215928553 58.7500 -0.0963
51.0544 -65.0575 -29.4463 46.9370 1685215928586 91.2500 -0.1164
51.5586 -64.0582 -28.9260 43.3785 1685215928618 124.2500 -0.1164
52.3191 -62.8988 -29.1396 32.9717 1685215928651 156.7500 -0.1349
52.2369 -62.8426 -29.3382 37.5532 1685215928684 189.2500 -0.1394
51.9250 -62.4205 -29.6800 58.9075 1685215928716 222.2500 -0.1530
52.3515 -61.4126 -29.1843 42.7473 1685215928749 254.7500 -0.1706
53.3277 -61.0205 -28.1262 49.1214 1685215928782 287.5000 -0.1857
52.1920 -60.8476 -28.6245 70.5639 1685215928814 320.2500 -0.1857
50.5420 -59.7750 -29.2057 42.2640 1685215928846 352.7500 -0.1979
50.1289 -59.5055 -29.7038 37.0796 1685215928880 385.5000 -0.1979
49.2037 -61.2013 -30.1107 37.8536 1685215928912 418.2500 -0.1979
48.7632 -61.8037 -30.6037 47.4484 1685215928944 450.7500 -0.2077
47.9992 -62.4700 -30.4540 48.6802 1685215928978 482.7500 -0.2184
47.2589 -62.8197 -30.5612 34.0861 1685215929011 516.2500 -0.2184
46.5716 -63.1755 -30.5511 36.2804 1685215929043 549.0000 -0.2277
45.7286 -63.6559 -30.4430 37.4154 1685215929076 581.7500 -0.2277
45.0701 -63.6887 -30.7325 27.4057 1685215929109 614.2500 -0.2355
46.4387 -64.6393 -30.0642 23.4361 1685215929141 647.0000 -0.2355
47.4492 -65.0261 -30.6093 28.5372 1685215929173 679.7500 -0.2424
48.7857 -64.3500 -30.7052 27.9901 1685215929207 712.2500 -0.2424
49.4707 -63.3678 -29.8108 26.4214 1685215929239 32.0000 -0.2453
50.1756 -62.7676 -29.4772 61.9725 1685215929271 64.5000 -0.2447
51.3978 -61.3165 -29.0245 42.6997 1685215929305 97.2500 -0.2429
52.3905 -60.6404 -28.4848 42.8392 1685215929338 130.0000 -0.2421
52.3257 -60.8452 -29.1250 61.8031 1685215929370 162.7500 -0.2414
52.1530 -60.7452 -29.2168 49.9248 1685215929403 195.5000 -0.2414
52.7582 -60.2974 -28.4873 45.7709 1685215929436 228.2500 -0.2394
53.1794 -59.8441 -28.3938 48.5167 1685215929468 261.0000 -0.2389
50.7560 -60.1472 -28.9959 53.9554 1685215929500 293.5000 -0.2389
49.7712 -58.3821 -29.5965 42.7503 1685215929534 326.2500 -0.2370
49.6651 -58.9186 -30.0016 38.3074 1685215929566 359.0000 -0.2370
48.7077 -60.4888 -30.5528 42.5328 1685215929598 391.7500 -0.2306
47.9380 -61.2523 -30.8089 40.6472 1685215929632 424.2500 -0.2306
47.2221 -61.7445 -31.0679 31.2125 1685215929664 457.0000 -0.2253
46.2423 -62.8099 -30.8184 23.2330 1685215929696 489.7500 -0.2253
45.3674 -63.7340 -30.9496 35.0625 1685215929730 522.2500 -0.2204
44.7936 -64.0941 -30.7810 26.8912 1685215929763 554.2500 -0.2131
44.2469 -64.4973 -30.5454 21.5703 1685215929795 587.7500 -0.2131
45.9109 -64.7442 -29.4651 33.0328 1685215929828 620.2500 -0.2067
47.3197 -65.1105 -30.9224 29.4862 1685215929861 653.2500 -0.2067
48.4862 -64.3252 -30.8462 23.5583 1685215929893 185.5000 -0.2023
49.3708 -63.4864 -30.3007 49.0539 1685215929925 51.5000 -0.2023
50.2884 -62.6836 -29.6078 59.4198 1685215929959 84.2500 -0.1974
52.0239 -61.3737 -28.8516 41.9735 1685215929991 116.7500 -0.1974
52.5812 -61.2415 -28.7088 66.8211 1685215930023 149.5000 -0.1926
52.2318 -61.1765 -29.1863 61.7456 1685215930056 181.7500 -0.1926
52.0769 -60.7782 -29.3698 38.1293 1685215930089 215.0000 -0.1901
52.5886 -60.6534 -28.2731 64.2113 1685215930122 247.2500 -0.1901
53.1685 -60.2395 -28.1432 51.5390 1685215930155 280.2500 -0.1901
50.7184 -59.8396 -29.1093 51.7063 1685215930188 313.0000 -0.1901
49.8546 -58.6396 -29.7195 47.8022 1685215930220 345.7500 -0.1926
49.4202 -59.5870 -29.8448 50.7876 1685215930252 378.2500 -0.1955
48.5843 -60.8767 -30.5738 61.9624 1685215930286 411.0000 -0.1955
47.6335 -62.2560 -30.6625 39.1343 1685215930318 443.7500 -0.1984
46.8570 -62.4872 -30.7054 37.2400 1685215930350 476.2500 -0.1984
45.8662 -63.2162 -30.9184 40.4200 1685215930383 509.2500 -0.1989
45.1173 -63.8856 -31.0596 37.4435 1685215930416 541.7500 -0.1989
44.2532 -64.7819 -31.3161 28.2359 1685215930448 574.2500 -0.1979
43.8777 -64.3097 -30.8667 30.4840 1685215930481 607.2500 -0.1977
45.3714 -65.3365 -29.6636 38.4024 1685215930515 639.7500 -0.1969
47.1605 -65.3498 -30.6792 23.6612 1685215930547 506.5000 -0.1984
47.9019 -64.7280 -31.5916 22.8219 1685215930579 42.0000 -0.1984
49.0817 -63.8808 -30.4801 43.9309 1685215930613 75.0000 -0.1999
50.1367 -63.0887 -29.0899 42.1607 1685215930645 107.5000 -0.1999
51.9079 -61.6946 -28.6662 51.2838 1685215930677 140.2500 -0.2009
52.2404 -61.2689 -28.7122 52.5482 1685215930711 173.0000 -0.2009
51.6210 -61.5458 -29.2404 64.5654 1685215930743 205.7500 -0.2028
51.5732 -60.7975 -29.2649 48.5196 1685215930775 238.2500 -0.2028
52.8288 -60.4145 -28.0695 64.1849 1685215930808 271.0000 -0.2009
52.7454 -60.1312 -28.3952 64.1125 1685215930841 303.7500 -0.1969
50.5070 -59.3534 -29.5595 34.5186 1685215930873 336.0000 -0.1969
50.0292 -59.0418 -29.4603 48.6205 1685215930906 369.0000 -0.1896
49.1554 -60.5218 -29.6644 65.0295 1685215930940 401.0000 -0.1896
48.6329 -61.7442 -30.3704 49.1305 1685215930972 434.2500 -0.1764
47.7125 -62.8465 -30.5313 45.5823 1685215931004 467.2500 -0.1764
46.9242 -63.6709 -30.6816 48.0485 1685215931038 499.7500 -0.1628
46.2660 -64.0375 -30.7737 46.8518 1685215931070 532.5000 -0.1462
45.3479 -65.0567 -31.1211 34.6381 1685215931102 565.2500 -0.1462
44.7157 -65.5678 -31.1235 36.1046 1685215931135 597.7500 -0.1291
44.3717 -65.8465 -30.5380 27.1655 1685215931168 630.5000 -0.1291
45.7657 -66.7579 -29.5920 39.5701 1685215931200 663.2500 -0.1120
47.2465 -67.2609 -30.8834 32.3587 1685215931233 189.7500 -0.1120
48.5753 -66.6433 -30.9868 37.6561 1685215931266 53.7500 -0.0954
49.6256 -65.7528 -30.6690 68.0050 1685215931299 86.2500 -0.0954
51.4159 -64.3681 -29.6915 45.7735 1685215931331 119.0000 -0.0783
52.5261 -63.7201 -28.8185 42.4232 1685215931365 151.2500 -0.0783
52.6118 -63.5087 -29.2852 77.4788 1685215931397 184.2500 -0.0636
52.1813 -63.4202 -29.6561 73.2293 1685215931429 217.0000 -0.0509
52.2408 -63.0307 -29.4393 55.5341 1685215931462 249.7500 -0.0509
53.3755 -62.8219 -28.2745 77.8854 1685215931495 282.2500 -0.0387
53.3066 -62.7414 -28.4345 57.1900 1685215931527 315.2500 -0.0387
50.8839 -62.0903 -29.5333 69.9770 1685215931560 347.7500 -0.0270
50.8527 -61.1215 -29.5596 51.1480 1685215931593 380.5000 -0.0270
50.2674 -62.2612 -30.1102 53.2073 1685215931625 413.2500 -0.0270
49.3792 -63.6857 -30.1304 48.9377 1685215931657 445.5000 -0.0148
48.8418 -64.1423 -30.3363 37.6492 1685215931692 478.5000 -0.0031
48.0354 -65.1173 -30.8002 46.8251 1685215931724 511.0000 -0.0031
46.9947 -66.1856 -31.2742 41.4135 1685215931756 544.0000 0.0062
46.0590 -67.2714 -31.2915 36.4937 1685215931789 576.5000 0.0062
45.5040 -67.9494 -31.3984 25.3589 1685215931822 609.2500 0.0165
45.1617 -68.1890 -30.7789 23.7484 1685215931854 642.0000 0.0189
47.2751 -68.3944 -28.9775 32.3565 1685215931887 674.7500 0.0263
48.5227 -69.3720 -29.3701 25.2185 1685215931920 33.2500 0.0263
49.3636 -69.3099 -29.5614 31.9568 1685215931952 66.0000 0.0346
50.7736 -67.9083 -30.1352 50.6778 1685215931984 98.7500 0.0433
51.6449 -66.7847 -29.2447 55.6589 1685215932018 131.2500 0.0433
52.6507 -66.1770 -28.8010 58.8063 1685215932050 164.2500 0.0521
52.5772 -65.7187 -29.3760 78.7891 1685215932083 196.7500 0.0521
52.2831 -65.4251 -29.8204 48.9724 1685215932116 229.2500 0.0551
