-4.0000 39.7447 -30.1946 0.0000 1650410541384 1005078.7500 -0.1962
-3.6867 38.9506 -32.8139 0.0000 1650410541413 1005107.7500 -0.1960
-1.3670 37.3145 -31.0993 0.0000 1650410541442 1005136.7500 -0.1960
-4.1792 38.3542 -31.4894 0.0000 1650410541471 1005165.7500 -0.1960
-5.1622 39.6466 -30.1672 0.0000 1650410541500 1005194.7500 -0.1960
-4.1890 37.5441 -31.5950 0.0000 1650410541529 1005223.7500 -0.1960
-1.8315 36.6790 -30.3352 0.0000 1650410541558 1005252.7500 -0.1960
-0.8056 37.0757 -29.3741 0.0000 1650410541586 1005283.0000 -0.1960
-2.0725 36.9383 -31.4493 0.0000 1650410541616 1005310.7500 -0.1960
-4.4623 36.6998 -31.2122 0.0000 1650410541645 1005339.7500 -0.1960
-3.4632 37.8867 -26.7385 0.0000 1650410541674 1005368.7500 -0.1960
-4.4200 37.1059 -32.1206 0.0000 1650410541702 1005397.5000 -0.1965
-2.6005 39.4523 -29.4268 0.0000 1650410541732 1005426.5000 -0.1965
-1.5008 37.4590 -30.2419 0.0000 1650410541761 1005455.5000 -0.1965
-3.9889 38.6243 -29.7834 0.0000 1650410541790 1005484.2500 -0.1965
-3.5578 39.2911 -25.6797 0.0000 1650410541819 1005514.5000 -0.1965
-6.0616 38.0153 -30.2324 0.0000 1650410541847 1005541.7500 -0.1965
-3.4112 36.3177 -31.3204 0.0000 1650410541877 1005571.2500 -0.1968
-2.4404 36.2290 -26.8995 0.0000 1650410541905 1005600.0000 -0.1969
-3.2178 36.6033 -29.5267 0.0000 1650410541934 1005629.2500 -0.1969
-4.0181 36.6015 -29.9671 0.0000 1650410541963 1005658.2500 -0.1969
-4.7656 37.7984 -26.0061 0.0000 1650410541992 1005687.2500 -0.1969
-4.8400 32.3542 -27.7514 0.0000 1650410542021 1005716.2500 -0.1969
-2.2816 33.6976 -29.0755 0.0000 1650410542050 1005745.2500 -0.1969
-2.7788 33.5428 -27.8883 0.0000 1650410542080 1005774.2500 -0.1969
-4.9959 36.2255 -29.8697 0.0000 1650410542109 1005803.2500 -0.1969
-4.3683 33.5957 -26.0982 0.0000 1650410542138 1005832.2500 -0.1969
-5.4358 33.7731 -25.1723 0.0000 1650410542166 1005861.2500 -0.1969
-2.8214 37.3994 -30.0104 0.0000 1650410542195 1005890.2500 -0.1969
-1.1801 33.2194 -26.8905 0.0000 1650410542224 1005919.2500 -0.1967
-4.1371 37.7287 -29.4507 0.0000 1650410542253 1005948.2500 -0.1965
-5.9385 36.1030 -24.0981 0.0000 1650410542282 1005977.2500 -0.1965
-4.0520 33.8165 -25.3806 0.0000 1650410542311 1006006.2500 -0.1965
0.4273 39.6969 -27.1712 0.0000 1650410542340 1006034.7500 -0.1965
-1.2740 33.1023 -28.9237 0.0000 1650410542369 1006063.2500 -0.1965
-2.3149 35.6431 -29.2765 0.0000 1650410542398 1006093.0000 -0.1965
-4.5351 35.8756 -27.6180 0.0000 1650410542427 1006122.0000 -0.1965
-3.0519 33.9752 -28.5182 0.0000 1650410542456 1006151.0000 -0.1965
-3.5193 37.3491 -27.8043 0.0000 1650410542485 1006179.7500 -0.1965
-1.6155 33.4610 -28.1247 0.0000 1650410542514 1006208.7500 -0.1965
-1.2214 37.5832 -26.0445 0.0000 1650410542543 1006237.7500 -0.1968
-4.5613 36.2286 -28.7726 0.0000 1650410542572 1006266.7500 -0.1969
-4.1470 33.0792 -26.4431 0.0000 1650410542601 1006296.2500 -0.1974
-3.2829 37.0030 -28.3713 0.0000 1650410542630 1006324.7500 -0.1974
-1.8312 35.6774 -28.1821 0.0000 1650410542659 1006353.7500 -0.1974
-1.3308 35.1509 -29.2293 0.0000 1650410542688 1006384.0000 -0.1974
-3.3616 36.6251 -30.7433 0.0000 1650410542717 1006411.7500 -0.1974
-4.3749 35.7216 -26.8574 0.0000 1650410542745 1006440.7500 -0.1974
-4.3852 35.9663 -28.3960 0.0000 1650410542775 1006469.7500 -0.1978
-2.2836 34.8346 -28.5424 0.0000 1650410542803 1006498.7500 -0.1979
-0.9947 37.3143 -28.5039 0.0000 1650410542833 1006527.5000 -0.1977
-2.6194 36.4691 -28.4488 0.0000 1650410542861 1006556.5000 -0.1974
-5.9557 35.6453 -27.3429 0.0000 1650410542891 1006585.2500 -0.1977
-7.4777 31.3749 -25.2235 0.0000 1650410542920 1006614.2500 -0.1979
-2.6293 32.6206 -27.6013 0.0000 1650410542949 1006643.2500 -0.1979
-0.2905 36.3215 -28.6030 0.0000 1650410542978 1006672.2500 -0.1979
-5.5518 37.4432 -28.8451 0.0000 1650410543006 1006701.2500 -0.1977
-7.7348 35.2287 -25.4342 0.0000 1650410543036 1006730.2500 -0.1974
-1.9856 34.9510 -27.7485 0.0000 1650410543064 1006759.2500 -0.1974
0.8959 32.9660 -27.0532 0.0000 1650410543093 1006788.2500 -0.1974
-0.8837 36.9489 -26.7005 0.0000 1650410543122 1006816.5000 -0.1974
-7.0631 32.2087 -27.2086 0.0000 1650410543151 1006846.2500 -0.1969
-1.8904 33.8939 -28.3000 0.0000 1650410543180 1006875.2500 -0.1969
-3.8876 38.9161 -28.1262 0.0000 1650410543209 1006904.2500 -0.1969
-3.6312 35.5485 -26.6983 0.0000 1650410543238 1006933.2500 -0.1969
-1.7918 35.5749 -25.3481 0.0000 1650410543268 1006962.2500 -0.1974
-3.7890 35.0693 -27.0725 0.0000 1650410543297 1006991.2500 -0.1974
-0.5829 32.4581 -26.0753 0.0000 1650410543325 1007020.2500 -0.1974
-1.9302 34.0278 -24.2788 0.0000 1650410543355 1007049.7500 -0.1974
-5.6141 32.0343 -22.3811 0.0000 1650410543383 1007077.7500 -0.1974
0.6024 33.4389 -22.6944 0.0000 1650410543412 1007107.2500 -0.1974
-1.9343 31.4698 -24.6105 0.0000 1650410543441 1007136.2500 -0.1974
-1.4539 32.8477 -25.7022 0.0000 1650410543470 1007165.2500 -0.1974
-2.3593 33.6398 -23.2398 0.0000 1650410543499 1007194.0000 -0.1979
-6.6297 29.2828 -19.9631 0.0000 1650410543528 1007223.0000 -0.1979
-0.5791 29.2991 -21.8178 0.0000 1650410543557 1007252.0000 -0.1979
2.0770 19.6627 -23.0340 0.0000 1650410543586 1007280.7500 -0.1979
1.3578 28.6039 -22.6680 0.0000 1650410543615 1007309.7500 -0.1979
-7.0663 25.2940 -15.7257 0.0000 1650410543644 1007338.7500 -0.1979
-4.6260 26.6448 -20.7759 0.0000 1650410543673 1007367.7500 -0.1979
-0.8973 30.5862 -20.7156 0.0000 1650410543702 1007396.7500 -0.1979
-0.5405 27.0756 -21.6060 0.0000 1650410543731 1007425.7500 -0.1979
-1.7839 30.8063 -23.5506 0.0000 1650410543760 1007454.7500 -0.1979
-3.3826 29.3397 -24.3122 0.0000 1650410543789 1007483.7500 -0.1977
-4.9994 25.8086 -21.8682 0.0000 1650410543818 1007512.7500 -0.1974
-0.1094 36.0551 -20.7865 0.0000 1650410543847 1007541.7500 -0.1974
2.3580 28.6186 -25.4976 0.0000 1650410543876 1007572.0000 -0.1974
2.7221 29.2351 -26.9568 0.0000 1650410543904 1007601.0000 -0.1972
-8.7929 24.4357 -17.5286 0.0000 1650410543934 1007628.5000 -0.1969
-5.8675 28.2931 -20.9103 0.0000 1650410543962 1007657.5000 -0.1969
-0.6850 33.0086 -25.5304 0.0000 1650410543991 1007686.5000 -0.1969
-0.7413 29.3245 -24.1599 0.0000 1650410544021 1007715.2500 -0.1969
-0.2011 31.3653 -23.6593 0.0000 1650410544050 1007744.2500 -0.1969
-6.8758 25.3119 -21.5848 0.0000 1650410544079 1007773.2500 -0.1969
1.5279 23.3989 -26.5427 0.0000 1650410544108 1007802.2500 -0.1969
-2.8862 30.4147 -23.7880 0.0000 1650410544137 1007830.7500 -0.1969
-0.8663 28.0964 -21.3518 0.0000 1650410544166 1007860.0000 -0.1974
1.0328 30.7928 -25.4945 0.0000 1650410544195 1007889.2500 -0.1974
-1.4255 32.6082 -27.0789 0.0000 1650410544223 1007919.2500 -0.1974
-4.3133 29.9215 -21.0766 0.0000 1650410544252 1007947.2500 -0.1974
-1.3003 31.0233 -24.5139 0.0000 1650410544281 1007976.2500 -0.1974
0.1594 29.2292 -22.6736 0.0000 1650410544310 1008005.2500 -0.1974
0.2486 31.9093 -24.4826 0.0000 1650410544339 1008034.2500 -0.1977
-1.8077 31.1064 -26.2302 0.0000 1650410544368 1008063.2500 -0.1979
-6.1571 28.7773 -22.2610 0.0000 1650410544398 1008092.2500 -0.1979
-1.5283 31.9912 -22.2395 0.0000 1650410544427 1008121.2500 -0.1979
-1.6905 28.7209 -20.3977 0.0000 1650410544456 1008150.2500 -0.1979
0.2294 32.8436 -24.3979 0.0000 1650410544484 1008179.2500 -0.1979
-1.9042 32.6010 -27.3198 0.0000 1650410544514 1008208.2500 -0.1979
-1.1402 30.4663 -25.2838 0.0000 1650410544542 1008237.2500 -0.1979
-0.7820 32.5867 -24.9856 0.0000 1650410544571 1008266.2500 -0.1979
-0.8114 30.2262 -26.5451 0.0000 1650410544600 1008295.0000 -0.1979
1.3808 33.3304 -22.0325 0.0000 1650410544629 1008324.0000 -0.1977
-2.9711 29.6202 -24.0730 0.0000 1650410544658 1008352.0000 -0.1974
-1.2809 34.2586 -23.9464 0.0000 1650410544687 1008381.7500 -0.1974
-4.2138 29.8798 -15.1577 0.0000 1650410544716 1008410.7500 -0.1974
1.2430 25.2942 -29.6953 0.0000 1650410544745 1008439.7500 -0.1972
-1.1759 34.8850 -24.6700 0.0000 1650410544774 1008468.7500 -0.1969
0.8234 31.8061 -23.0280 0.0000 1650410544803 1008497.7500 -0.1969
4.8577 35.3540 -27.0463 0.0000 1650410544833 1008526.7500 -0.1969
-4.3553 31.2867 -23.3221 0.0000 1650410544861 1008555.7500 -0.1967
-5.2092 31.1402 -24.4883 0.0000 1650410544890 1008584.2500 -0.1965
-0.9635 36.4191 -22.7581 0.0000 1650410544919 1008616.5000 -0.1965
5.0989 27.0024 -30.7778 0.0000 1650410544948 1008642.7500 -0.1965
-0.4468 32.2479 -27.0632 0.0000 1650410544977 1008671.2500 -0.1965
-7.6934 29.2043 -18.5563 0.0000 1650410545006 1008700.2500 -0.1965
-3.1341 30.3069 -23.8244 0.0000 1650410545035 1008729.5000 -0.1965
-2.9427 34.0872 -24.6574 0.0000 1650410545063 1008758.5000 -0.1968
1.9797 28.5853 -24.5814 0.0000 1650410545093 1008787.5000 -0.1969
-0.9253 33.8870 -23.5567 0.0000 1650410545121 1008816.2500 -0.1969
-6.2533 33.3830 -27.0912 0.0000 1650410545150 1008845.2500 -0.1969
-2.2099 26.0395 -24.5890 0.0000 1650410545180 1008874.2500 -0.1973
3.5898 38.1016 -19.7753 0.0000 1650410545209 1008903.2500 -0.1974
-2.4116 22.5592 -21.5034 0.0000 1650410545238 1008932.2500 -0.1974
2.4332 27.1250 -29.2551 0.0000 1650410545267 1008961.2500 -0.1974
-7.9226 27.9377 -18.9118 0.0000 1650410545296 1008990.2500 -0.1974
-7.5380 23.5386 -19.5927 0.0000 1650410545325 1009019.2500 -0.1974
-1.3535 38.1983 -25.0609 0.0000 1650410545354 1009048.2500 -0.1974
-1.0016 25.0705 -21.3542 0.0000 1650410545382 1009077.2500 -0.1974
6.9355 30.0381 -22.4109 0.0000 1650410545412 1009106.0000 -0.1974
-11.4476 26.1978 -18.3065 0.0000 1650410545440 1009134.5000 -0.1974
2.5424 19.9706 -27.1701 0.0000 1650410545469 1009164.2500 -0.1972
5.9439 35.2788 -18.1432 0.0000 1650410545498 1009193.2500 -0.1969
-4.4550 15.1481 -21.6240 0.0000 1650410545527 1009222.2500 -0.1969
7.5764 34.1074 -24.4024 0.0000 1650410545556 1009251.2500 -0.1969
-6.7792 22.6478 -23.6361 0.0000 1650410545586 1009280.2500 -0.1967
2.7302 20.0698 -28.9885 0.0000 1650410545615 1009309.2500 -0.1965
2.2434 27.2955 -14.9751 0.0000 1650410545644 1009338.2500 -0.1965
2.8517 24.1540 -31.9839 0.0000 1650410545673 1009368.2500 -0.1965
6.5230 33.2160 -23.1477 0.0000 1650410545701 1009396.0000 -0.1962
-3.4747 21.2767 -19.5882 0.0000 1650410545730 1009425.0000 -0.1960
4.6674 18.6635 -28.1023 0.0000 1650410545759 1009453.2500 -0.1960
-5.7520 32.5888 -28.0080 0.0000 1650410545788 1009483.0000 -0.1960
-0.8034 23.1852 -25.5711 0.0000 1650410545817 1009511.7500 -0.1960
1.5278 26.2573 -26.0635 0.0000 1650410545846 1009540.7500 -0.1963
-2.3622 25.5765 -28.1807 0.0000 1650410545875 1009569.7500 -0.1965
-2.1178 31.0743 -27.1383 0.0000 1650410545904 1009598.7500 -0.1965
-0.9379 28.1729 -25.0696 0.0000 1650410545933 1009627.7500 -0.1965
-1.7588 24.7136 -28.9899 0.0000 1650410545962 1009656.7500 -0.1968
-2.9124 31.5365 -28.8392 0.0000 1650410545992 1009685.7500 -0.1967
-2.9159 25.8905 -28.9601 0.0000 1650410546020 1009714.7500 -0.1965
3.8218 26.8376 -34.0655 0.0000 1650410546049 1009743.7500 -0.1965
-4.8716 30.2650 -28.6730 0.0000 1650410546078 1009772.7500 -0.1968
-10.5523 21.2801 -22.4439 0.0000 1650410546107 1009801.7500 -0.1969
1.0521 29.0195 -28.6145 0.0000 1650410546136 1009830.7500 -0.1969
-0.6937 26.1870 -29.2380 0.0000 1650410546165 1009859.5000 -0.1969
5.5876 31.1871 -28.7355 0.0000 1650410546194 1009889.5000 -0.1969
-7.8862 29.5763 -23.6342 0.0000 1650410546223 1009917.0000 -0.1969
-4.2534 14.5593 -27.6152 0.0000 1650410546252 1009946.2500 -0.1969
0.2114 31.3723 -28.2068 0.0000 1650410546280 1009975.2500 -0.1969
-1.8146 26.3343 -29.9667 0.0000 1650410546310 1010004.2500 -0.1969
-0.9674 30.1195 -30.0343 0.0000 1650410546339 1010033.2500 -0.1969
-4.3475 32.0254 -29.3287 0.0000 1650410546368 1010062.2500 -0.1967
-3.7886 28.0299 -28.6147 0.0000 1650410546397 1010091.2500 -0.1965
-2.1419 32.6150 -28.8536 0.0000 1650410546426 1010120.2500 -0.1965
-2.6990 29.2198 -30.5039 0.0000 1650410546455 1010150.0000 -0.1965
-1.0863 32.8393 -27.2758 0.0000 1650410546484 1010178.2500 -0.1965
-4.9211 28.6198 -22.9966 0.0000 1650410546513 1010207.2500 -0.1965
-8.2508 23.6287 -25.6725 0.0000 1650410546541 1010236.0000 -0.1965
-0.8554 30.8884 -27.4065 0.0000 1650410546571 1010265.2500 -0.1965
-4.8144 23.2765 -23.7392 0.0000 1650410546599 1010294.2500 -0.1965
-2.2435 31.8002 -33.2637 0.0000 1650410546628 1010323.2500 -0.1965
-4.6135 30.5883 -30.7704 0.0000 1650410546657 1010352.2500 -0.1965
-5.6832 28.6675 -27.4262 0.0000 1650410546687 1010381.2500 -0.1965
-3.2057 32.6904 -30.5750 0.0000 1650410546715 1010410.2500 -0.1965
-0.7395 28.6562 -26.2908 0.0000 1650410546745 1010439.2500 -0.1965
3.6692 33.6931 -28.2586 0.0000 1650410546774 1010468.2500 -0.1967
1.2156 29.6590 -25.7092 0.0000 1650410546803 1010497.2500 -0.1969
-5.4085 31.5201 -27.3902 0.0000 1650410546832 1010526.0000 -0.1969
1.6300 35.1628 -26.9684 0.0000 1650410546860 1010555.0000 -0.1973
1.2338 23.4907 -26.9023 0.0000 1650410546890 1010584.0000 -0.1974
3.2427 30.5624 -27.5361 0.0000 1650410546918 1010613.0000 -0.1974
-7.6763 29.1420 -23.7137 0.0000 1650410546947 1010641.7500 -0.1974
-3.6166 25.9362 -28.7656 0.0000 1650410546976 1010670.2500 -0.1978
-1.1645 36.2181 -25.4162 0.0000 1650410547005 1010699.7500 -0.1979
1.1345 22.3544 -30.4814 0.0000 1650410547034 1010728.7500 -0.1979
0.5132 30.8935 -27.8656 0.0000 1650410547063 1010757.7500 -0.1979
-8.8067 28.2589 -22.4110 0.0000 1650410547092 1010786.7500 -0.1979
-5.8398 24.1398 -22.8448 0.0000 1650410547121 1010815.7500 -0.1979
-7.0125 33.5146 -27.2043 0.0000 1650410547151 1010844.7500 -0.1979
-2.5292 22.0198 -22.9947 0.0000 1650410547179 1010873.7500 -0.1979
2.8757 32.2499 -24.3968 0.0000 1650410547208 1010902.5000 -0.1979
-3.4142 33.5445 -26.0599 0.0000 1650410547237 1010933.0000 -0.1979
-3.3726 27.6865 -25.9813 0.0000 1650410547266 1010960.5000 -0.1977
-2.3167 30.7298 -25.0877 0.0000 1650410547295 1010990.7500 -0.1974
1.1905 27.7041 -22.9566 0.0000 1650410547324 1011018.5000 -0.1974
-1.1540 31.6342 -24.9129 0.0000 1650410547353 1011047.2500 -0.1974
-0.9072 30.4342 -23.9890 0.0000 1650410547382 1011076.2500 -0.1972
-1.7698 31.7938 -25.1016 0.0000 1650410547411 1011105.2500 -0.1969
-2.4310 28.1897 -24.3197 0.0000 1650410547439 1011134.2500 -0.1969
-2.5921 32.2667 -22.9772 0.0000 1650410547469 1011163.2500 -0.1974
0.1866 28.7395 -24.7668 0.0000 1650410547498 1011192.2500 -0.1972
-7.4657 20.9375 -17.3519 0.0000 1650410547527 1011221.2500 -0.1969
1.6788 26.9696 -27.8291 0.0000 1650410547556 1011250.2500 -0.1969
-1.8266 29.8945 -23.4457 0.0000 1650410547585 1011279.2500 -0.1974
-1.3712 27.7612 -22.9540 0.0000 1650410547614 1011308.2500 -0.1974
0.7143 33.3103 -21.4116 0.0000 1650410547643 1011337.2500 -0.1974
-1.3030 28.4781 -22.6490 0.0000 1650410547672 1011366.2500 -0.1974
1.2112 28.8264 -24.4524 0.0000 1650410547701 1011395.2500 -0.1979
-4.9007 29.1314 -15.0579 0.0000 1650410547730 1011423.5000 -0.1979
-3.3943 17.0212 -24.4459 0.0000 1650410547758 1011454.2500 -0.1979
-1.7513 31.9508 -20.3039 0.0000 1650410547787 1011482.2500 -0.1979
-1.2802 28.5189 -21.2032 0.0000 1650410547816 1011511.2500 -0.1979
-0.2945 27.8346 -26.8203 0.0000 1650410547845 1011540.2500 -0.1979
-4.4526 26.0864 -14.1552 0.0000 1650410547874 1011569.2500 -0.1979
-3.1722 26.6117 -24.8258 0.0000 1650410547904 1011598.2500 -0.1979
0.6871 29.6621 -22.0709 0.0000 1650410547933 1011627.2500 -0.1979
-1.8112 28.1987 -21.8174 0.0000 1650410547962 1011656.0000 -0.1979
6.8862 30.2284 -24.8384 0.0000 1650410547991 1011684.5000 -0.1976
-4.4953 32.8446 -19.8640 0.0000 1650410548019 1011714.0000 -0.1974
0.4522 27.5774 -22.6364 0.0000 1650410548049 1011742.7500 -0.1974
2.9355 32.6673 -19.7005 0.0000 1650410548077 1011773.0000 -0.1974
2.4218 26.6171 -26.7624 0.0000 1650410548106 1011800.7500 -0.1974
0.8874 37.3092 -18.3988 0.0000 1650410548135 1011829.7500 -0.1974
-1.4571 34.1731 -25.7804 0.0000 1650410548164 1011858.7500 -0.1972
-2.5394 29.9647 -24.5199 0.0000 1650410548193 1011887.7500 -0.1969
-2.2609 32.5952 -24.6661 0.0000 1650410548222 1011916.7500 -0.1969
-0.7010 30.5537 -26.2084 0.0000 1650410548251 1011945.7500 -0.1969
-2.3386 33.4095 -24.1118 0.0000 1650410548280 1011974.7500 -0.1967
0.6890 31.0247 -25.9728 0.0000 1650410548310 1012003.7500 -0.1965
-2.3880 28.7351 -22.4036 0.0000 1650410548338 1012032.7500 -0.1965
-2.6281 32.3399 -24.8407 0.0000 1650410548367 1012061.7500 -0.1965
2.3745 31.0288 -23.7127 0.0000 1650410548396 1012090.5000 -0.1965
-1.9884 31.8604 -25.3371 0.0000 1650410548425 1012119.5000 -0.1965
-1.4601 32.5532 -22.5136 0.0000 1650410548454 1012148.5000 -0.1965
-3.5630 29.0322 -24.3158 0.0000 1650410548483 1012177.2500 -0.1969
-2.1691 30.2011 -23.2708 0.0000 1650410548512 1012205.5000 -0.1969
-0.7945 29.4002 -22.9662 0.0000 1650410548541 1012235.2500 -0.1972
0.4016 31.4777 -21.8352 0.0000 1650410548570 1012264.2500 -0.1974
-1.8559 32.2339 -23.3125 0.0000 1650410548598 1012293.2500 -0.1974
-4.7166 27.8591 -21.2261 0.0000 1650410548628 1012323.7500 -0.1974
-0.7855 34.2172 -18.5461 0.0000 1650410548657 1012351.0000 -0.1974
-3.9993 24.5319 -18.6816 0.0000 1650410548686 1012380.2500 -0.1974
0.5947 32.5330 -24.2228 0.0000 1650410548715 1012409.2500 -0.1974
-2.5756 32.4966 -26.0410 0.0000 1650410548744 1012438.0000 -0.1974
-3.5009 30.5088 -21.4704 0.0000 1650410548773 1012466.7500 -0.1974
-4.4928 30.9672 -19.8127 0.0000 1650410548802 1012496.2500 -0.1974
-1.0024 27.9577 -21.8119 0.0000 1650410548831 1012525.0000 -0.1974
0.7131 33.4874 -23.8800 0.0000 1650410548860 1012554.2500 -0.1974
-0.2541 33.3634 -25.6832 0.0000 1650410548889 1012583.2500 -0.1972
-4.8967 31.5683 -24.0597 0.0000 1650410548917 1012612.2500 -0.1969
-2.5035 31.9003 -22.8175 0.0000 1650410548947 1012641.2500 -0.1969
0.1432 32.1641 -25.8125 0.0000 1650410548975 1012670.2500 -0.1969
-0.8881 35.9860 -27.6375 0.0000 1650410549004 1012699.2500 -0.1969
-2.1034 33.9472 -27.2610 0.0000 1650410549033 1012728.2500 -0.1969
-2.3773 31.6298 -26.3359 0.0000 1650410549063 1012757.0000 -0.1967
-2.1823 30.2180 -24.4068 0.0000 1650410549092 1012786.0000 -0.1965
-4.5571 29.5437 -24.8905 0.0000 1650410549121 1012815.0000 -0.1965
-0.3392 32.0797 -23.1466 0.0000 1650410549150 1012843.7500 -0.1969
-0.7948 31.7217 -25.3420 0.0000 1650410549179 1012872.7500 -0.1967
-1.3791 30.9084 -26.0079 0.0000 1650410549208 1012901.7500 -0.1965
-2.6848 28.4446 -19.6234 0.0000 1650410549236 1012930.7500 -0.1965
-2.2652 14.2018 -24.0386 0.0000 1650410549265 1012961.0000 -0.1969
0.7897 31.8779 -27.6522 0.0000 1650410549294 1012990.0000 -0.1969
1.7881 24.2766 -19.8649 0.0000 1650410549323 1013017.7500 -0.1969
9.7248 28.7209 -29.0282 0.0000 1650410549352 1013046.7500 -0.1969
4.8135 23.6014 -10.2239 0.0000 1650410549381 1013075.7500 -0.1974
1.0888 18.5785 -29.6267 0.0000 1650410549410 1013104.7500 -0.1974
-1.2678 30.4357 -24.6965 0.0000 1650410549439 1013133.7500 -0.1974
-8.6928 17.1334 -17.3939 0.0000 1650410549469 1013162.7500 -0.1974
9.4395 26.7104 -23.9492 0.0000 1650410549497 1013191.5000 -0.1974
-2.3165 34.2528 -24.4279 0.0000 1650410549527 1013223.2500 -0.1974
-1.9723 14.4808 -24.6599 0.0000 1650410549555 1013248.7500 -0.1974
5.3509 37.3399 -21.9066 0.0000 1650410549584 1013278.2500 -0.1974
-4.5794 14.0591 -25.4869 0.0000 1650410549613 1013307.0000 -0.1974
7.1427 27.6361 -26.6146 0.0000 1650410549642 1013336.2500 -0.1974
-6.9090 22.6296 -20.2154 0.0000 1650410549671 1013365.2500 -0.1974
-3.6702 13.0001 -26.1699 0.0000 1650410549700 1013394.2500 -0.1974
-0.5154 35.5123 -26.4968 0.0000 1650410549729 1013423.2500 -0.1974
1.7013 22.0802 -22.0442 0.0000 1650410549758 1013452.2500 -0.1974
-1.6917 26.7918 -26.9566 0.0000 1650410549787 1013481.2500 -0.1972
-4.5874 26.8790 -28.0007 0.0000 1650410549815 1013510.2500 -0.1969
-4.1661 23.6801 -26.4251 0.0000 1650410549845 1013539.2500 -0.1969
0.5142 31.2511 -27.4657 0.0000 1650410549874 1013568.2500 -0.1969
-0.7777 24.0549 -27.8586 0.0000 1650410549903 1013597.2500 -0.1969
-0.8901 28.8942 -26.2115 0.0000 1650410549932 1013626.2500 -0.1969
-4.8125 28.8306 -24.8752 0.0000 1650410549961 1013655.2500 -0.1967
-3.5311 25.3614 -29.0871 0.0000 1650410549990 1013684.2500 -0.1965
-1.8609 28.8879 -26.9567 0.0000 1650410550019 1013713.2500 -0.1965
0.5644 23.7314 -27.2233 0.0000 1650410550048 1013744.7500 -0.1965
-1.3818 29.7851 -27.1339 0.0000 1650410550076 1013771.0000 -0.1967
-2.7316 27.4937 -26.0986 0.0000 1650410550106 1013800.2500 -0.1969
-2.2286 24.4296 -26.4702 0.0000 1650410550134 1013829.2500 -0.1969
-3.7654 28.2116 -26.8927 0.0000 1650410550163 1013858.0000 -0.1969
-0.2881 26.8817 -27.7046 0.0000 1650410550193 1013887.0000 -0.1972
9.4202 33.4500 -23.4348 0.0000 1650410550222 1013916.0000 -0.1974
-7.3556 24.7236 -26.7604 0.0000 1650410550251 1013945.0000 -0.1974
-5.6241 25.0565 -30.1275 0.0000 1650410550280 1013973.2500 -0.1974
-2.2175 30.1733 -28.3736 0.0000 1650410550309 1014002.2500 -0.1974
-5.1210 21.0271 -23.9226 0.0000 1650410550338 1014031.7500 -0.1974
-0.9514 29.0752 -31.7057 0.0000 1650410550367 1014060.2500 -0.1974
-4.4312 26.2868 -27.3712 0.0000 1650410550395 1014089.5000 -0.1974
-2.1642 28.8518 -27.4615 0.0000 1650410550425 1014118.7500 -0.1974
-5.0608 31.5660 -25.7003 0.0000 1650410550453 1014147.7500 -0.1974
-4.7156 23.3859 -25.7505 0.0000 1650410550482 1014176.7500 -0.1974
-0.8318 30.6310 -29.9249 0.0000 1650410550511 1014205.7500 -0.1974
-1.5206 27.5814 -29.5419 0.0000 1650410550540 1014234.7500 -0.1974
-1.7615 29.6461 -31.9509 0.0000 1650410550569 1014263.7500 -0.1974
-1.8738 33.1292 -28.6066 0.0000 1650410550598 1014292.7500 -0.1974
-7.7411 25.0881 -25.6632 0.0000 1650410550628 1014321.5000 -0.1974
3.3485 34.5008 -23.1876 0.0000 1650410550656 1014350.5000 -0.1974
-5.2697 25.6984 -30.8732 0.0000 1650410550686 1014379.2500 -0.1972
-0.8808 30.4737 -30.2946 0.0000 1650410550714 1014408.2500 -0.1969
-5.0661 33.3312 -20.9820 0.0000 1650410550743 1014437.2500 -0.1969
-4.9593 23.3879 -27.0080 0.0000 1650410550772 1014466.2500 -0.1969
-6.4035 28.4969 -31.8880 0.0000 1650410550801 1014495.0000 -0.1969
-3.8509 19.6925 -21.8335 0.0000 1650410550830 1014525.5000 -0.1969
2.4754 31.6686 -31.9260 0.0000 1650410550859 1014553.2500 -0.1969
-2.1452 32.9925 -27.5153 0.0000 1650410550888 1014582.2500 -0.1969
-3.5061 28.7208 -27.5551 0.0000 1650410550917 1014611.2500 -0.1969
4.0705 34.7432 -24.1532 0.0000 1650410550946 1014640.2500 -0.1969
-2.1351 24.0922 -24.6223 0.0000 1650410550974 1014669.2500 -0.1972
0.3787 36.8479 -25.5827 0.0000 1650410551004 1014698.2500 -0.1974
-4.8307 31.4471 -28.1820 0.0000 1650410551033 1014727.2500 -0.1974
-8.0897 29.9938 -24.5061 0.0000 1650410551062 1014759.0000 -0.1974
2.7743 34.5784 -18.7835 0.0000 1650410551091 1014785.0000 -0.1977
-2.5350 19.8321 -25.4609 0.0000 1650410551120 1014814.2500 -0.1979
7.5748 33.5101 -27.2852 0.0000 1650410551149 1014844.0000 -0.1979
-2.3617 29.1905 -22.8960 0.0000 1650410551178 1014872.2500 -0.1979
-2.3326 30.5379 -26.2505 0.0000 1650410551207 1014901.2500 -0.1979
-0.7851 33.0563 -24.0094 0.0000 1650410551236 1014930.2500 -0.1979
0.6295 27.1877 -27.8270 0.0000 1650410551265 1014959.2500 -0.1979
-3.2388 31.0821 -26.7165 0.0000 1650410551293 1014988.0000 -0.1983
-1.3920 31.4813 -25.2701 0.0000 1650410551322 1015017.0000 -0.1984
-4.2256 28.1300 -23.0786 0.0000 1650410551351 1015046.0000 -0.1984
-0.1489 35.1415 -23.7902 0.0000 1650410551380 1015074.7500 -0.1984
-3.6621 29.2297 -24.1181 0.0000 1650410551410 1015103.7500 -0.1980
-1.9697 31.4568 -22.6227 0.0000 1650410551439 1015132.7500 -0.1979
-2.3704 30.5071 -24.0346 0.0000 1650410551468 1015161.7500 -0.1979
-4.0994 28.2813 -19.5303 0.0000 1650410551497 1015190.7500 -0.1979
-0.4527 32.1926 -22.3151 0.0000 1650410551526 1015219.7500 -0.1979
0.3239 28.3593 -21.0580 0.0000 1650410551554 1015248.7500 -0.1979
-1.9293 29.8146 -22.7658 0.0000 1650410551584 1015278.5000 -0.1977
-0.3637 29.3669 -24.8119 0.0000 1650410551612 1015306.5000 -0.1974
-0.1468 26.4412 -22.7437 0.0000 1650410551641 1015335.7500 -0.1974
-2.2655 28.3921 -23.0511 0.0000 1650410551670 1015364.7500 -0.1974
0.4530 28.2370 -21.9632 0.0000 1650410551699 1015393.7500 -0.1974
3.2675 32.5479 -21.0917 0.0000 1650410551728 1015422.7500 -0.1974
-1.8943 27.8013 -22.2460 0.0000 1650410551758 1015451.5000 -0.1974
-0.7865 25.8535 -22.3491 0.0000 1650410551786 1015480.5000 -0.1974
-4.0867 28.7018 -24.9945 0.0000 1650410551816 1015510.7500 -0.1974
-0.1719 27.1116 -24.1463 0.0000 1650410551845 1015537.5000 -0.1978
0.4607 30.1288 -22.7742 0.0000 1650410551873 1015567.2500 -0.1979
-1.0434 33.0705 -24.6714 0.0000 1650410551902 1015597.7500 -0.1979
-3.2387 29.3171 -23.0111 0.0000 1650410551931 1015625.0000 -0.1979
-3.1592 29.8106 -24.8108 0.0000 1650410551960 1015654.2500 -0.1979
1.9312 27.6877 -23.6910 0.0000 1650410551989 1015683.2500 -0.1979
2.5436 30.6629 -24.1862 0.0000 1650410552018 1015712.2500 -0.1979
-1.9437 33.3903 -24.9457 0.0000 1650410552047 1015741.2500 -0.1979
-3.6258 29.9275 -20.1999 0.0000 1650410552076 1015770.2500 -0.1979
-3.0139 28.7150 -24.7617 0.0000 1650410552105 1015799.2500 -0.1979
-0.6001 29.7764 -22.5428 0.0000 1650410552133 1015828.2500 -0.1982
-1.4595 29.2682 -25.0686 0.0000 1650410552164 1015857.2500 -0.1984
-1.3858 31.6001 -22.1128 0.0000 1650410552192 1015886.2500 -0.1984
-1.3309 29.3774 -26.9322 0.0000 1650410552221 1015915.2500 -0.1984
-1.5805 28.9175 -22.7827 0.0000 1650410552250 1015944.2500 -0.1984
-3.7519 31.2243 -22.0567 0.0000 1650410552279 1015973.2500 -0.1984
0.5786 31.2660 -20.8603 0.0000 1650410552308 1016002.2500 -0.1984
-1.3460 31.2807 -23.9414 0.0000 1650410552337 1016031.2500 -0.1984
0.1783 33.3033 -25.0615 0.0000 1650410552366 1016060.7500 -0.1984
-1.5552 33.3288 -16.3532 0.0000 1650410552395 1016089.0000 -0.1984
-2.4294 30.9661 -26.6190 0.0000 1650410552424 1016118.0000 -0.1982
-1.1635 29.7817 -20.5726 0.0000 1650410552452 1016147.0000 -0.1979
-5.6978 25.2951 -21.3324 0.0000 1650410552481 1016176.0000 -0.1979
-0.4770 32.0641 -26.0631 0.0000 1650410552510 1016204.7500 -0.1979
-1.0605 31.1202 -21.2011 0.0000 1650410552540 1016233.7500 -0.1979
-7.4438 26.2700 -17.8274 0.0000 1650410552569 1016262.7500 -0.1979
1.5064 33.4618 -21.5718 0.0000 1650410552598 1016291.5000 -0.1979
4.2672 27.8386 -28.4681 0.0000 1650410552627 1016322.0000 -0.1979
-1.2187 29.9103 -25.6033 0.0000 1650410552656 1016349.7500 -0.1979
-1.9955 32.5017 -23.7412 0.0000 1650410552685 1016378.0000 -0.1979
-3.8363 29.1621 -22.7493 0.0000 1650410552713 1016407.7500 -0.1979
0.3862 33.1638 -24.8626 0.0000 1650410552743 1016436.7500 -0.1983
1.0507 30.2816 -22.9779 0.0000 1650410552771 1016465.7500 -0.1984
-1.9730 31.0039 -28.2581 0.0000 1650410552800 1016494.7500 -0.1984
1.4333 28.1111 -21.0227 0.0000 1650410552829 1016523.7500 -0.1984
-6.6674 27.5033 -17.8889 0.0000 1650410552858 1016552.5000 -0.1984
-1.0978 32.2642 -24.8448 0.0000 1650410552887 1016581.5000 -0.1984
1.2947 32.7697 -24.3455 0.0000 1650410552916 1016610.2500 -0.1984
-2.2988 34.4121 -26.6106 0.0000 1650410552945 1016639.2500 -0.1984
-3.1731 33.0563 -23.5199 0.0000 1650410552975 1016668.2500 -0.1984
-3.8422 29.2928 -23.2043 0.0000 1650410553004 1016697.2500 -0.1984
1.6936 33.7248 -21.4867 0.0000 1650410553032 1016726.2500 -0.1984
1.1389 31.9093 -24.6984 0.0000 1650410553062 1016755.2500 -0.1984
-0.2419 32.1342 -27.2945 0.0000 1650410553090 1016784.2500 -0.1984
0.9340 30.8843 -25.1497 0.0000 1650410553119 1016814.5000 -0.1984
-2.2470 26.5113 -21.0942 0.0000 1650410553148 1016841.5000 -0.1984
1.4273 29.6199 -22.5019 0.0000 1650410553177 1016871.2500 -0.1984
1.4272 27.8434 -24.7642 0.0000 1650410553206 1016900.2500 -0.1982
1.3587 27.7205 -24.9443 0.0000 1650410553235 1016929.2500 -0.1979
-9.4339 22.4589 -17.5729 0.0000 1650410553264 1016958.2500 -0.1979
-0.6883 18.7088 -25.2529 0.0000 1650410553293 1016987.2500 -0.1979
-5.3459 30.0032 -29.2723 0.0000 1650410553322 1017016.2500 -0.1979
-0.9135 16.0916 -23.7345 0.0000 1650410553351 1017045.2500 -0.1979
-1.0484 27.1071 -29.2519 0.0000 1650410553380 1017073.7500 -0.1979
-1.1746 32.1550 -27.4577 0.0000 1650410553409 1017103.2500 -0.1979
-1.1226 19.8728 -24.4905 0.0000 1650410553438 1017133.7500 -0.1979
-1.2905 31.5182 -20.3236 0.0000 1650410553467 1017160.5000 -0.1979
0.0692 17.9546 -25.0071 0.0000 1650410553496 1017190.0000 -0.1979
1.2913 27.4964 -28.6234 0.0000 1650410553525 1017219.0000 -0.1979
-2.2627 28.6212 -25.1238 0.0000 1650410553554 1017248.0000 -0.1979
-5.1996 25.6275 -23.1112 0.0000 1650410553583 1017277.0000 -0.1979
-0.1012 34.4374 -20.8796 0.0000 1650410553611 1017305.7500 -0.1979
-7.5226 16.8915 -18.1040 0.0000 1650410553641 1017334.7500 -0.1983
8.8216 34.5192 -21.0599 0.0000 1650410553669 1017363.7500 -0.1984
-1.0808 26.7493 -25.6593 0.0000 1650410553698 1017392.7500 -0.1984
-5.8838 26.6558 -20.0213 0.0000 1650410553727 1017421.7500 -0.1984
2.9412 25.4831 -16.1190 0.0000 1650410553757 1017450.7500 -0.1984
-3.2670 22.2758 -25.2528 0.0000 1650410553786 1017479.7500 -0.1984
-3.0789 27.6764 -27.7659 0.0000 1650410553815 1017508.7500 -0.1984
-4.5954 29.3606 -27.9206 0.0000 1650410553844 1017537.7500 -0.1984
-3.7146 26.2230 -24.4601 0.0000 1650410553873 1017566.7500 -0.1984
-3.7976 26.6393 -26.5707 0.0000 1650410553902 1017596.2500 -0.1984
-0.1884 24.5916 -27.7993 0.0000 1650410553930 1017624.7500 -0.1984
0.3633 29.7707 -26.5789 0.0000 1650410553959 1017653.5000 -0.1984
-2.6033 27.6362 -29.9238 0.0000 1650410553988 1017682.5000 -0.1984
-1.9177 27.8351 -31.5258 0.0000 1650410554017 1017711.5000 -0.1984
-2.0985 28.5571 -28.0333 0.0000 1650410554046 1017740.2500 -0.1984
-4.1078 22.7566 -23.4861 0.0000 1650410554075 1017769.2500 -0.1984
4.8089 33.9422 -24.2896 0.0000 1650410554104 1017798.2500 -0.1982
0.4117 26.2266 -36.9221 0.0000 1650410554134 1017827.0000 -0.1979
-0.2101 26.8615 -33.3543 0.0000 1650410554163 1017856.0000 -0.1979
1.6561 31.9408 -24.0192 0.0000 1650410554191 1017885.2500 -0.1979
-4.6293 25.9080 -28.3171 0.0000 1650410554221 1017914.0000 -0.1979
-2.2883 30.7770 -29.0241 0.0000 1650410554249 1017943.2500 -0.1974
0.3523 26.1025 -26.9486 0.0000 1650410554278 1017972.2500 -0.1977
-0.6098 30.5210 -33.1088 0.0000 1650410554307 1018001.2500 -0.1979
-0.6474 28.5704 -26.7782 0.0000 1650410554336 1018030.2500 -0.1979
-4.3276 24.3821 -27.7553 0.0000 1650410554365 1018059.2500 -0.1980
3.4585 33.1715 -25.2237 0.0000 1650410554394 1018088.2500 -0.1979
2.9126 22.3128 -29.0056 0.0000 1650410554423 1018117.2500 -0.1979
-1.1737 31.4233 -31.9557 0.0000 1650410554452 1018146.2500 -0.1979
-5.2663 28.3399 -27.8392 0.0000 1650410554481 1018175.2500 -0.1983
-4.9587 27.5771 -29.2606 0.0000 1650410554510 1018204.2500 -0.1984
0.4957 31.3088 -27.5728 0.0000 1650410554540 1018233.2500 -0.1984
1.4382 23.1290 -27.4719 0.0000 1650410554568 1018262.2500 -0.1984
8.3292 34.0080 -26.3872 0.0000 1650410554597 1018291.2500 -0.1984
-5.5580 33.3205 -24.6533 0.0000 1650410554626 1018320.2500 -0.1984
-0.3356 24.3712 -34.2617 0.0000 1650410554655 1018348.7500 -0.1984
0.5456 34.5403 -27.0718 0.0000 1650410554684 1018379.0000 -0.1984
-0.0052 25.9993 -29.7553 0.0000 1650410554713 1018406.7500 -0.1984
-0.9483 31.6572 -29.8343 0.0000 1650410554742 1018435.7500 -0.1984
-2.5516 26.0383 -21.8592 0.0000 1650410554770 1018464.7500 -0.1984
-2.9289 26.7229 -29.1091 0.0000 1650410554800 1018493.7500 -0.1984
-2.0376 32.2023 -27.8524 0.0000 1650410554828 1018522.7500 -0.1982
-4.0937 23.3810 -17.4014 0.0000 1650410554857 1018551.7500 -0.1979
1.6633 30.2462 -31.2375 0.0000 1650410554887 1018580.7500 -0.1979
-5.9734 22.5738 -20.3035 0.0000 1650410554916 1018612.5000 -0.1979
0.0531 24.8801 -31.6196 0.0000 1650410554945 1018638.5000 -0.1979
1.8553 29.0084 -23.5089 0.0000 1650410554974 1018667.7500 -0.1979
-1.9319 22.6111 -30.5363 0.0000 1650410555003 1018696.5000 -0.1979
-1.5127 32.1066 -27.0829 0.0000 1650410555032 1018725.7500 -0.1979
-6.0673 29.5500 -18.2001 0.0000 1650410555061 1018754.5000 -0.1979
-7.8155 23.0884 -22.6794 0.0000 1650410555089 1018783.5000 -0.1979
1.9841 32.7777 -20.3099 0.0000 1650410555119 1018812.5000 -0.1979
1.8768 22.3049 -30.2372 0.0000 1650410555147 1018841.2500 -0.1979
2.9578 35.1330 -23.8401 0.0000 1650410555176 1018870.2500 -0.1979
1.1030 27.7800 -23.1702 0.0000 1650410555205 1018899.2500 -0.1979
-5.2242 25.2685 -27.1707 0.0000 1650410555234 1018928.2500 -0.1979
-2.8368 30.2869 -27.2981 0.0000 1650410555263 1018957.2500 -0.1983
0.4727 30.7258 -26.0039 0.0000 1650410555293 1018986.2500 -0.1984
-1.2562 30.8700 -26.3262 0.0000 1650410555322 1019015.2500 -0.1984
-4.7516 31.9438 -26.5107 0.0000 1650410555351 1019044.2500 -0.1984
-3.3015 27.1234 -23.4472 0.0000 1650410555380 1019073.2500 -0.1988
-1.4168 30.4606 -24.7534 0.0000 1650410555408 1019102.2500 -0.1989
0.3878 28.4485 -23.5180 0.0000 1650410555437 1019130.7500 -0.1989
0.7147 27.4441 -21.9833 0.0000 1650410555466 1019160.0000 -0.1989
-2.9431 30.5091 -26.2276 0.0000 1650410555495 1019189.2500 -0.1989
-2.3707 25.6728 -21.4040 0.0000 1650410555524 1019218.2500 -0.1989
-2.5676 27.5165 -21.5669 0.0000 1650410555553 1019247.2500 -0.1987
0.3952 27.5714 -19.6149 0.0000 1650410555582 1019276.2500 -0.1984
1.9632 27.6098 -23.4282 0.0000 1650410555611 1019305.2500 -0.1984
-3.7064 28.3397 -19.8834 0.0000 1650410555640 1019334.2500 -0.1984
-4.8066 26.5616 -20.4173 0.0000 1650410555669 1019363.0000 -0.1984
-5.1475 25.8017 -21.7229 0.0000 1650410555699 1019393.0000 -0.1984
1.3038 27.2476 -25.8875 0.0000 1650410555727 1019421.2500 -0.1984
-0.0535 31.1229 -22.7292 0.0000 1650410555756 1019449.7500 -0.1984
-0.1577 28.8695 -26.1114 0.0000 1650410555785 1019478.7500 -0.1982
-2.3895 29.0388 -24.0678 0.0000 1650410555814 1019508.0000 -0.1979
-2.0509 28.7663 -22.5807 0.0000 1650410555843 1019536.7500 -0.1979
-2.2335 27.8388 -22.4312 0.0000 1650410555872 1019565.7500 -0.1979
-1.4545 32.0960 -24.1087 0.0000 1650410555901 1019594.7500 -0.1977
-1.7746 30.3344 -24.4347 0.0000 1650410555930 1019623.7500 -0.1974
-0.6760 31.3799 -25.2429 0.0000 1650410555959 1019652.7500 -0.1974
-2.4153 30.6369 -24.2111 0.0000 1650410555987 1019681.7500 -0.1974
-2.7488 28.3763 -23.8961 0.0000 1650410556016 1019710.7500 -0.1974
-0.5847 29.8582 -24.1094 0.0000 1650410556046 1019739.7500 -0.1974
2.2507 25.3985 -26.0821 0.0000 1650410556075 1019768.7500 -0.1977
-1.6861 32.3669 -23.8131 0.0000 1650410556104 1019797.7500 -0.1979
-2.0999 29.9383 -24.1878 0.0000 1650410556133 1019826.7500 -0.1979
-2.3165 27.2587 -22.1232 0.0000 1650410556162 1019855.7500 -0.1979
3.0342 36.9574 -20.0817 0.0000 1650410556191 1019884.0000 -0.1982
1.8840 29.1296 -24.2412 0.0000 1650410556220 1019914.7500 -0.1984
0.7330 29.8929 -25.3321 0.0000 1650410556248 1019942.2500 -0.1984
-2.1120 28.9475 -24.0680 0.0000 1650410556278 1019971.2500 -0.1984
-2.7058 31.3582 -23.9110 0.0000 1650410556306 1020000.2500 -0.1984
0.7064 31.7130 -25.3232 0.0000 1650410556335 1020029.2500 -0.1984
1.3832 31.2059 -22.6239 0.0000 1650410556364 1020058.2500 -0.1984
1.0435 31.5748 -24.3254 0.0000 1650410556394 1020087.2500 -0.1984
-2.0159 31.6114 -23.3827 0.0000 1650410556422 1020116.2500 -0.1984
-1.9910 30.4891 -22.9006 0.0000 1650410556451 1020146.5000 -0.1984
-0.0275 32.5552 -24.6500 0.0000 1650410556481 1020174.2500 -0.1984
-0.7661 33.2728 -22.9019 0.0000 1650410556510 1020203.2500 -0.1984
-1.2342 31.0020 -24.8129 0.0000 1650410556539 1020233.5000 -0.1984
-3.5347 31.3970 -24.7871 0.0000 1650410556567 1020261.2500 -0.1982
-0.8725 29.6902 -23.0287 0.0000 1650410556597 1020290.2500 -0.1979
-0.5605 31.8118 -22.4376 0.0000 1650410556625 1020319.2500 -0.1979
0.6632 28.6323 -23.5284 0.0000 1650410556654 1020348.2500 -0.1979
3.4210 36.2041 -19.9536 0.0000 1650410556683 1020377.2500 -0.1979
-0.4344 32.2959 -24.6616 0.0000 1650410556712 1020406.2500 -0.1979
-3.1760 28.4775 -25.4375 0.0000 1650410556741 1020435.2500 -0.1977
-1.3347 32.2518 -25.3669 0.0000 1650410556770 1020464.2500 -0.1974
-0.5591 29.8899 -23.7622 0.0000 1650410556799 1020493.2500 -0.1974
-0.8565 31.8778 -25.5090 0.0000 1650410556828 1020522.2500 -0.1974
-0.0603 31.4912 -26.6762 0.0000 1650410556858 1020551.0000 -0.1974
-2.6887 28.7814 -21.4965 0.0000 1650410556886 1020580.0000 -0.1974
-1.5434 33.3666 -26.2887 0.0000 1650410556915 1020609.0000 -0.1974
-0.4285 29.7718 -23.4396 0.0000 1650410556944 1020638.0000 -0.1974
-0.9047 33.4497 -25.2348 0.0000 1650410556973 1020666.5000 -0.1974
0.2390 34.3204 -24.6053 0.0000 1650410557002 1020695.5000 -0.1979
-1.5594 30.1421 -23.8782 0.0000 1650410557031 1020724.7500 -0.1979
-3.6161 34.9408 -24.2466 0.0000 1650410557060 1020753.7500 -0.1979
-1.4592 31.5156 -24.0727 0.0000 1650410557089 1020782.7500 -0.1979
1.2130 31.4485 -24.3399 0.0000 1650410557118 1020811.7500 -0.1979
0.0961 31.1139 -25.3402 0.0000 1650410557146 1020840.7500 -0.1979
-0.7156 28.0239 -25.7260 0.0000 1650410557176 1020869.7500 -0.1979
-0.1841 29.5398 -25.4731 0.0000 1650410557204 1020900.2500 -0.1979
1.4841 29.0219 -23.6814 0.0000 1650410557234 1020928.2500 -0.1979
0.0559 29.0739 -24.8740 0.0000 1650410557263 1020956.7500 -0.1979
4.6608 21.0891 -16.0192 0.0000 1650410557292 1020985.5000 -0.1979
-3.0455 23.6117 -23.7754 0.0000 1650410557321 1021014.2500 -0.1979
-0.9308 32.9096 -20.3986 0.0000 1650410557350 1021043.5000 -0.1977
3.4512 22.7854 -27.3416 0.0000 1650410557379 1021072.2500 -0.1974
1.0540 31.9451 -25.7637 0.0000 1650410557408 1021101.2500 -0.1974
-5.9468 26.8461 -24.8528 0.0000 1650410557437 1021130.2500 -0.1974
-1.2298 24.2433 -28.1358 0.0000 1650410557465 1021159.2500 -0.1974
1.5174 29.3700 -14.2730 0.0000 1650410557494 1021188.2500 -0.1974
-2.2058 19.2960 -20.7043 0.0000 1650410557523 1021217.2500 -0.1974
0.9093 31.2911 -23.5668 0.0000 1650410557552 1021246.2500 -0.1974
-3.5457 28.5082 -30.4415 0.0000 1650410557581 1021275.2500 -0.1974
-1.0838 29.0436 -29.2990 0.0000 1650410557611 1021304.2500 -0.1974
-2.1128 34.5054 -22.3109 0.0000 1650410557640 1021333.2500 -0.1974
3.9750 22.1431 -34.6704 0.0000 1650410557669 1021362.2500 -0.1974
1.9267 30.1984 -23.8895 0.0000 1650410557698 1021391.2500 -0.1974
-12.3271 21.9825 -20.7762 0.0000 1650410557726 1021420.2500 -0.1974
2.9359 28.1020 -27.0080 0.0000 1650410557756 1021448.7500 -0.1974
-1.6026 33.0218 -21.1338 0.0000 1650410557784 1021478.2500 -0.1974
-4.3020 17.8760 -22.9103 0.0000 1650410557813 1021507.2500 -0.1974
-2.9641 28.8492 -29.4764 0.0000 1650410557842 1021536.2500 -0.1974
-5.2364 24.4616 -25.8678 0.0000 1650410557871 1021565.2500 -0.1974
1.4684 26.2810 -28.4109 0.0000 1650410557900 1021594.2500 -0.1979
-2.6896 25.9800 -24.8369 0.0000 1650410557929 1021623.2500 -0.1979
-6.1722 20.9011 -21.2755 0.0000 1650410557958 1021652.2500 -0.1979
-1.8939 29.7665 -26.7953 0.0000 1650410557987 1021680.7500 -0.1979
-1.6581 26.5411 -25.4880 0.0000 1650410558017 1021709.2500 -0.1979
1.2946 28.3675 -30.6290 0.0000 1650410558045 1021739.0000 -0.1979
-5.2210 26.2013 -15.0757 0.0000 1650410558074 1021768.7500 -0.1979
-4.6520 25.6052 -27.1623 0.0000 1650410558103 1021796.7500 -0.1979
-2.0928 27.2983 -26.5005 0.0000 1650410558132 1021825.7500 -0.1979
0.9520 23.2446 -26.2496 0.0000 1650410558161 1021854.7500 -0.1979
-1.9409 30.5621 -28.9282 0.0000 1650410558190 1021883.7500 -0.1977
-3.0105 25.8718 -28.0178 0.0000 1650410558219 1021912.7500 -0.1974
-5.2157 23.9099 -27.0125 0.0000 1650410558248 1021941.7500 -0.1974
0.0353 26.2405 -27.3048 0.0000 1650410558277 1021970.7500 -0.1974
1.3818 26.8123 -26.6457 0.0000 1650410558305 1021999.7500 -0.1974
-1.7478 28.9363 -31.6148 0.0000 1650410558335 1022028.7500 -0.1974
-3.1820 27.8557 -26.0033 0.0000 1650410558364 1022057.7500 -0.1972
-4.8101 27.9273 -27.8182 0.0000 1650410558393 1022086.7500 -0.1969
1.1976 36.1576 -25.5319 0.0000 1650410558422 1022115.5000 -0.1969
-0.7655 25.7690 -27.9913 0.0000 1650410558451 1022144.5000 -0.1969
-0.0680 27.4949 -33.7459 0.0000 1650410558480 1022173.2500 -0.1969
-3.8803 30.0108 -28.2344 0.0000 1650410558509 1022202.0000 -0.1969
-6.2708 24.4668 -24.9680 0.0000 1650410558538 1022230.7500 -0.1969
-1.3988 30.6120 -32.4184 0.0000 1650410558567 1022260.2500 -0.1974
-7.6696 21.2170 -23.7828 0.0000 1650410558596 1022289.2500 -0.1972
5.4583 29.7000 -30.7876 0.0000 1650410558624 1022318.2500 -0.1969
-4.4058 29.2433 -28.2929 0.0000 1650410558654 1022347.2500 -0.1969
-4.8370 25.4823 -27.7313 0.0000 1650410558682 1022376.2500 -0.1974
-2.9957 34.9188 -30.5990 0.0000 1650410558711 1022405.2500 -0.1974
5.0580 19.9039 -27.1214 0.0000 1650410558740 1022435.7500 -0.1974
2.6280 30.5761 -28.1389 0.0000 1650410558770 1022462.2500 -0.1974
-7.1668 29.2297 -22.0779 0.0000 1650410558799 1022492.2500 -0.1979
-3.3826 22.4714 -30.8490 0.0000 1650410558828 1022521.2500 -0.1979
-0.7595 32.0108 -25.6077 0.0000 1650410558857 1022549.5000 -0.1979
-1.1582 28.3585 -26.6420 0.0000 1650410558885 1022579.2500 -0.1979
2.2789 32.6873 -24.1051 0.0000 1650410558915 1022608.2500 -0.1979
-7.4171 27.7725 -22.7511 0.0000 1650410558943 1022637.2500 -0.1979
-0.4827 22.2334 -29.9768 0.0000 1650410558972 1022666.2500 -0.1979
-1.6525 26.9990 -24.9729 0.0000 1650410559001 1022695.2500 -0.1979
-1.5318 24.4162 -24.5115 0.0000 1650410559030 1022724.2500 -0.1979
0.2622 32.9808 -25.2727 0.0000 1650410559059 1022753.2500 -0.1979
-9.0552 28.0101 -23.7024 0.0000 1650410559088 1022782.0000 -0.1979
-1.1103 21.6179 -26.9798 0.0000 1650410559117 1022811.0000 -0.1979
-1.9606 35.1955 -22.3920 0.0000 1650410559146 1022840.0000 -0.1977
-4.7237 25.3351 -18.4184 0.0000 1650410559175 1022868.7500 -0.1974
-3.3299 29.9359 -27.5684 0.0000 1650410559204 1022897.7500 -0.1974
-3.6856 25.0238 -21.6629 0.0000 1650410559234 1022926.7500 -0.1974
-4.3554 27.7925 -23.6271 0.0000 1650410559262 1022955.7500 -0.1972
-3.9117 30.9548 -24.6539 0.0000 1650410559291 1022985.2500 -0.1969
-1.4838 31.4500 -25.0634 0.0000 1650410559320 1023013.7500 -0.1969
-1.3879 29.9064 -26.7146 0.0000 1650410559349 1023042.7500 -0.1974
-2.6358 29.8237 -23.8681 0.0000 1650410559378 1023071.7500 -0.1974
-6.7962 28.3492 -23.3068 0.0000 1650410559407 1023100.7500 -0.1974
-2.8379 29.9897 -26.0713 0.0000 1650410559436 1023129.7500 -0.1974
0.7452 25.4926 -26.1195 0.0000 1650410559465 1023158.7500 -0.1979
1.3538 28.3431 -21.3720 0.0000 1650410559494 1023187.7500 -0.1979
0.2180 30.9352 -21.9712 0.0000 1650410559522 1023215.7500 -0.1979
-0.2498 32.1850 -25.0368 0.0000 1650410559552 1023246.7500 -0.1979
-1.6993 28.7797 -25.4214 0.0000 1650410559581 1023274.5000 -0.1979
-2.9785 26.5360 -19.7723 0.0000 1650410559610 1023304.5000 -0.1979
-0.8570 34.8928 -22.4783 0.0000 1650410559639 1023332.2500 -0.1982
0.7750 24.8171 -24.8833 0.0000 1650410559668 1023361.2500 -0.1984
0.4088 27.7674 -25.7402 0.0000 1650410559697 1023390.2500 -0.1984
-3.3625 26.1312 -21.3781 0.0000 1650410559726 1023419.2500 -0.1984
-3.1877 26.8559 -23.3214 0.0000 1650410559755 1023448.2500 -0.1987
-0.5612 28.4308 -22.0905 0.0000 1650410559783 1023477.2500 -0.1989
-2.4332 27.9313 -23.6616 0.0000 1650410559813 1023506.2500 -0.1985
-2.8998 28.7612 -23.3124 0.0000 1650410559841 1023535.2500 -0.1984
-0.4958 31.5692 -17.1070 0.0000 1650410559870 1023564.2500 -0.1987
-3.1071 28.6941 -21.8864 0.0000 1650410559899 1023593.2500 -0.1989
0.9264 28.5707 -24.9636 0.0000 1650410559929 1023622.2500 -0.1987
-2.0434 26.0995 -22.7842 0.0000 1650410559958 1023651.2500 -0.1984
-2.2317 29.2057 -24.2976 0.0000 1650410559987 1023680.2500 -0.1984
-2.0604 28.9894 -23.3380 0.0000 1650410560016 1023709.2500 -0.1984
-2.8115 30.5723 -22.3533 0.0000 1650410560045 1023737.5000 -0.1984
2.9222 34.4083 -20.9101 0.0000 1650410560074 1023768.2500 -0.1984
0.3517 28.8297 -24.7144 0.0000 1650410560102 1023796.2500 -0.1982
4.0453 26.2498 -30.2829 0.0000 1650410560131 1023825.2500 -0.1979
-4.3095 29.6395 -22.0732 0.0000 1650410560160 1023854.2500 -0.1982
-1.7148 30.2865 -23.1680 0.0000 1650410560189 1023883.2500 -0.1984
-0.2377 33.4030 -21.7720 0.0000 1650410560218 1023912.0000 -0.1984
1.6268 29.3210 -24.7750 0.0000 1650410560247 1023941.0000 -0.1985
0.4537 29.7205 -24.1286 0.0000 1650410560276 1023970.0000 -0.1984
-3.1732 30.4064 -22.2240 0.0000 1650410560305 1023999.5000 -0.1984
-0.5429 26.0197 -25.5566 0.0000 1650410560334 1024027.5000 -0.1984
-1.6482 30.1090 -24.4592 0.0000 1650410560363 1024056.7500 -0.1984
1.8333 29.7561 -23.7298 0.0000 1650410560393 1024088.5000 -0.1987
-2.4703 29.2635 -25.7406 0.0000 1650410560421 1024114.7500 -0.1989
-3.4319 30.5160 -22.4854 0.0000 1650410560450 1024143.7500 -0.1989
-6.9113 28.1187 -19.8821 0.0000 1650410560479 1024172.7500 -0.1985
-0.4309 33.1651 -24.2951 0.0000 1650410560508 1024201.7500 -0.1984
7.8425 23.4812 -27.6732 0.0000 1650410560537 1024230.7500 -0.1987
-0.0981 31.0084 -24.0176 0.0000 1650410560566 1024259.7500 -0.1989
-3.0826 29.1092 -23.0792 0.0000 1650410560595 1024288.7500 -0.1989
-4.6206 28.7950 -21.7027 0.0000 1650410560624 1024317.7500 -0.1989
0.1047 32.3163 -25.7972 0.0000 1650410560653 1024346.5000 -0.1989
-0.5372 30.1067 -24.8168 0.0000 1650410560682 1024375.5000 -0.1989
0.2918 30.1196 -25.9568 0.0000 1650410560712 1024404.2500 -0.1985
-0.9460 29.3142 -25.1523 0.0000 1650410560740 1024433.2500 -0.1984
-1.4690 29.7604 -21.9765 0.0000 1650410560769 1024462.2500 -0.1984
-0.1937 32.7355 -23.4453 0.0000 1650410560798 1024491.2500 -0.1984
1.9095 29.4712 -22.8082 0.0000 1650410560827 1024521.5000 -0.1984
-1.3537 29.2849 -23.7624 0.0000 1650410560856 1024549.0000 -0.1984
-1.7503 32.7480 -25.7038 0.0000 1650410560885 1024578.2500 -0.1984
-2.4346 29.3388 -22.6416 0.0000 1650410560914 1024607.2500 -0.1984
-2.0185 32.1657 -26.7062 0.0000 1650410560942 1024636.2500 -0.1982
-0.3705 31.7195 -22.7507 0.0000 1650410560972 1024665.2500 -0.1979
-1.7272 34.6819 -26.0052 0.0000 1650410561000 1024694.2500 -0.1979
-2.1698 34.3997 -23.8444 0.0000 1650410561029 1024723.2500 -0.1979
-4.0238 30.1073 -23.9998 0.0000 1650410561058 1024752.0000 -0.1979
-0.3194 31.6013 -23.9687 0.0000 1650410561087 1024782.5000 -0.1979
5.4845 25.1965 -27.7983 0.0000 1650410561116 1024810.2500 -0.1979
0.8748 34.6653 -24.4835 0.0000 1650410561146 1024839.2500 -0.1979
-1.4617 33.2041 -24.1510 0.0000 1650410561175 1024868.2500 -0.1982
-2.6507 27.3562 -22.6541 0.0000 1650410561204 1024897.2500 -0.1984
-1.7471 32.6974 -23.5113 0.0000 1650410561233 1024926.2500 -0.1984
2.3966 26.0130 -23.0076 0.0000 1650410561261 1024955.2500 -0.1984
2.5804 29.0739 -24.2945 0.0000 1650410561291 1024984.2500 -0.1984
-5.1243 26.2714 -21.2226 0.0000 1650410561319 1025013.0000 -0.1984
-3.0331 23.3715 -22.6769 0.0000 1650410561348 1025042.0000 -0.1984
-1.2536 26.5723 -21.9030 0.0000 1650410561377 1025071.0000 -0.1984
-5.8990 21.2505 -16.0627 0.0000 1650410561406 1025099.7500 -0.1984
2.6740 31.0504 -21.5085 0.0000 1650410561435 1025128.7500 -0.1984
-7.0749 24.2802 -22.4374 0.0000 1650410561464 1025157.7500 -0.1984
-2.6021 20.8259 -26.1763 0.0000 1650410561493 1025186.7500 -0.1984
-6.3817 28.9224 -25.0143 0.0000 1650410561523 1025215.7500 -0.1984
8.6778 19.8366 -34.0301 0.0000 1650410561552 1025244.7500 -0.1984
-0.3868 27.1952 -23.4895 0.0000 1650410561580 1025273.2500 -0.1984
-2.6698 29.8528 -25.2728 0.0000 1650410561609 1025303.7500 -0.1984
-5.1957 24.4108 -25.4869 0.0000 1650410561638 1025331.7500 -0.1984
-0.9404 31.3390 -16.4749 0.0000 1650410561667 1025360.7500 -0.1982
-6.5573 18.8158 -19.4752 0.0000 1650410561696 1025389.7500 -0.1979
4.9567 37.6510 -21.9862 0.0000 1650410561725 1025418.7500 -0.1979
-1.0683 27.4075 -34.1209 0.0000 1650410561754 1025447.5000 -0.1979
-2.6481 27.8011 -28.8706 0.0000 1650410561783 1025476.5000 -0.1977
-3.6987 32.4596 -24.4850 0.0000 1650410561812 1025505.5000 -0.1974
-3.2815 25.2882 -25.4872 0.0000 1650410561840 1025535.5000 -0.1974
1.2667 26.6659 -25.2101 0.0000 1650410561870 1025563.0000 -0.1974
1.5740 20.3440 -27.1113 0.0000 1650410561899 1025592.2500 -0.1977
6.2722 28.8949 -27.7808 0.0000 1650410561928 1025621.2500 -0.1979
-4.0280 29.2300 -29.7055 0.0000 1650410561957 1025650.2500 -0.1977
-2.6182 25.2761 -25.6779 0.0000 1650410561986 1025679.2500 -0.1974
-1.7805 29.2151 -27.5266 0.0000 1650410562015 1025708.2500 -0.1974
-5.5933 26.7139 -27.0189 0.0000 1650410562044 1025737.2500 -0.1978
-0.2059 26.1265 -29.6162 0.0000 1650410562073 1025766.2500 -0.1982
-4.7279 26.5737 -23.4536 0.0000 1650410562102 1025795.2500 -0.1984
-5.4367 24.1242 -27.1325 0.0000 1650410562131 1025824.2500 -0.1984
-1.6583 28.4288 -28.4849 0.0000 1650410562159 1025853.2500 -0.1984
-0.8463 25.5291 -28.0424 0.0000 1650410562188 1025882.2500 -0.1984
1.9018 28.7387 -31.3675 0.0000 1650410562217 1025911.2500 -0.1984
-4.0309 26.8490 -28.4985 0.0000 1650410562246 1025940.2500 -0.1984
-4.8077 27.4588 -26.5322 0.0000 1650410562275 1025969.2500 -0.1984
-0.5833 27.6769 -25.8899 0.0000 1650410562305 1025998.2500 -0.1984
1.1526 24.3813 -28.7404 0.0000 1650410562334 1026027.2500 -0.1984
3.1240 31.1373 -28.9188 0.0000 1650410562363 1026056.2500 -0.1984
-5.4817 29.1935 -28.0753 0.0000 1650410562392 1026085.0000 -0.1984
-5.9314 25.5220 -26.3541 0.0000 1650410562420 1026114.0000 -0.1984
-1.5840 31.0425 -28.5288 0.0000 1650410562450 1026143.0000 -0.1982
-1.6931 21.9541 -27.0278 0.0000 1650410562478 1026172.0000 -0.1979
3.3306 24.1336 -33.9578 0.0000 1650410562507 1026201.0000 -0.1979
-3.1854 28.6225 -26.3574 0.0000 1650410562536 1026229.7500 -0.1979
-7.6861 24.9746 -25.1330 0.0000 1650410562565 1026258.7500 -0.1977
0.4928 32.9325 -29.7601 0.0000 1650410562594 1026287.7500 -0.1974
-1.4068 28.2756 -26.5920 0.0000 1650410562623 1026316.0000 -0.1974
-0.5819 29.4483 -29.3841 0.0000 1650410562652 1026345.7500 -0.1974
-2.1742 30.5318 -28.0105 0.0000 1650410562682 1026374.7500 -0.1972
-3.1239 25.3487 -28.6748 0.0000 1650410562711 1026403.5000 -0.1969
-1.9161 30.0173 -30.9121 0.0000 1650410562739 1026432.7500 -0.1969
-7.6797 20.1598 -20.0470 0.0000 1650410562769 1026461.7500 -0.1969
-4.2964 30.1304 -28.6677 0.0000 1650410562797 1026490.7500 -0.1969
-8.5306 26.4972 -24.7866 0.0000 1650410562826 1026519.7500 -0.1969
-6.5732 25.5770 -24.2752 0.0000 1650410562855 1026548.7500 -0.1969
-0.4670 32.0090 -31.8066 0.0000 1650410562884 1026577.5000 -0.1974
-2.4201 27.7943 -25.4756 0.0000 1650410562913 1026606.5000 -0.1974
3.0129 36.3479 -26.1220 0.0000 1650410562942 1026635.2500 -0.1974
-2.1624 32.9090 -21.7595 0.0000 1650410562971 1026664.2500 -0.1974
-2.0533 20.8911 -28.1707 0.0000 1650410562999 1026693.2500 -0.1974
0.2339 37.6894 -27.4578 0.0000 1650410563029 1026722.2500 -0.1974
1.2432 26.7269 -28.3237 0.0000 1650410563058 1026751.2500 -0.1978
3.9036 37.5263 -24.6072 0.0000 1650410563087 1026780.2500 -0.1979
-6.9993 31.1152 -20.9511 0.0000 1650410563116 1026810.7500 -0.1979
-9.7915 25.9934 -21.2002 0.0000 1650410563145 1026839.0000 -0.1979
-4.3928 34.8918 -26.4652 0.0000 1650410563174 1026867.2500 -0.1979
-7.6527 26.9505 -20.4600 0.0000 1650410563203 1026896.2500 -0.1979
-0.0329 33.2411 -25.7657 0.0000 1650410563232 1026925.2500 -0.1979
-1.3725 31.6201 -25.8497 0.0000 1650410563261 1026954.2500 -0.1979
-4.1053 28.5000 -24.1722 0.0000 1650410563290 1026982.7500 -0.1976
-2.5864 31.4439 -24.5570 0.0000 1650410563318 1027012.2500 -0.1974
0.1214 28.5552 -24.1470 0.0000 1650410563348 1027041.2500 -0.1974
-0.1012 31.0482 -28.5139 0.0000 1650410563376 1027072.5000 -0.1974
-2.4847 31.3649 -26.3582 0.0000 1650410563405 1027100.2500 -0.1974
-6.6166 28.3113 -19.3462 0.0000 1650410563434 1027128.2500 -0.1974
-2.4727 30.1837 -24.2575 0.0000 1650410563464 1027157.0000 -0.1974
-0.9714 27.7162 -22.3910 0.0000 1650410563493 1027186.2500 -0.1974
0.1436 27.7929 -25.6862 0.0000 1650410563522 1027215.2500 -0.1974
-2.6608 30.4391 -25.1550 0.0000 1650410563551 1027244.0000 -0.1969
-0.4829 23.8162 -24.2458 0.0000 1650410563580 1027273.0000 -0.1969
-0.3803 28.8710 -22.7303 0.0000 1650410563609 1027302.0000 -0.1969
-0.3441 27.1211 -21.3068 0.0000 1650410563637 1027330.7500 -0.1969
-1.2575 28.6014 -21.6414 0.0000 1650410563666 1027359.7500 -0.1969
-3.7906 26.2450 -21.0977 0.0000 1650410563695 1027388.7500 -0.1972
-3.2210 25.0235 -20.1324 0.0000 1650410563724 1027417.7500 -0.1974
-0.1082 29.2622 -22.5290 0.0000 1650410563753 1027446.7500 -0.1974
-1.5713 23.9298 -23.5734 0.0000 1650410563782 1027475.7500 -0.1974
0.1102 26.6841 -20.9318 0.0000 1650410563811 1027504.7500 -0.1974
-1.8021 27.2653 -25.2760 0.0000 1650410563841 1027533.7500 -0.1977
0.0279 28.8631 -22.3448 0.0000 1650410563870 1027562.7500 -0.1979
-1.7869 28.6431 -24.3121 0.0000 1650410563898 1027593.0000 -0.1979
0.2255 29.1983 -22.8857 0.0000 1650410563928 1027620.2500 -0.1979
1.4127 29.8566 -23.1953 0.0000 1650410563956 1027649.7500 -0.1979
-0.8071 28.8195 -22.2806 0.0000 1650410563985 1027678.5000 -0.1979
0.0302 30.2813 -22.6338 0.0000 1650410564014 1027707.5000 -0.1979
-2.6047 30.7355 -20.4175 0.0000 1650410564043 1027736.5000 -0.1979
0.0695 27.9120 -23.5238 0.0000 1650410564072 1027765.2500 -0.1979
-2.1325 30.4393 -22.8852 0.0000 1650410564101 1027794.2500 -0.1979
-1.3345 30.0089 -26.0466 0.0000 1650410564130 1027823.2500 -0.1979
-1.5749 30.6629 -24.7613 0.0000 1650410564159 1027851.7500 -0.1979
-4.0886 31.2484 -23.1757 0.0000 1650410564188 1027881.2500 -0.1977
-3.1320 27.2646 -21.9752 0.0000 1650410564217 1027910.0000 -0.1974
-0.6348 32.6124 -21.1630 0.0000 1650410564246 1027940.2500 -0.1974
-2.6707 29.1391 -24.0533 0.0000 1650410564275 1027968.2500 -0.1974
-2.9078 30.1631 -24.6810 0.0000 1650410564304 1027997.2500 -0.1974
0.6860 30.4394 -22.7460 0.0000 1650410564333 1028026.2500 -0.1974
-0.1934 33.7762 -22.1834 0.0000 1650410564362 1028055.2500 -0.1972
-1.0376 32.2020 -21.4385 0.0000 1650410564391 1028084.2500 -0.1969
-4.4664 22.2060 -15.0067 0.0000 1650410564420 1028113.2500 -0.1969
-0.6003 29.7569 -25.2930 0.0000 1650410564449 1028142.2500 -0.1969
-4.9350 25.3606 -18.6663 0.0000 1650410564477 1028171.2500 -0.1969
1.9685 22.4463 -26.6652 0.0000 1650410564507 1028200.2500 -0.1969
-0.6164 30.6082 -23.1532 0.0000 1650410564535 1028229.2500 -0.1969
-0.4393 25.8511 -21.1726 0.0000 1650410564565 1028258.2500 -0.1969
0.1870 31.0213 -24.3379 0.0000 1650410564594 1028287.2500 -0.1972
-0.3191 30.1378 -24.1263 0.0000 1650410564623 1028316.2500 -0.1974
0.4425 24.4417 -24.0317 0.0000 1650410564652 514195.7500 -0.1974
-3.4994 30.3256 -23.3584 0.0000 1650410564681 74.5000 -0.1969
0.7237 28.1953 -23.8550 0.0000 1650410564710 104.0000 -0.1969
-1.5939 31.4491 -23.8022 0.0000 1650410564739 132.7500 -0.1972
-2.5179 29.0306 -24.2658 0.0000 1650410564768 161.7500 -0.1974
-3.9263 24.0443 -21.8267 0.0000 1650410564796 190.7500 -0.1974
0.1712 32.4680 -25.6669 0.0000 1650410564826 219.7500 -0.1974
-0.5773 28.7349 -22.0912 0.0000 1650410564854 146.7500 -0.1974
-1.0674 33.3463 -23.7590 0.0000 1650410564883 73.7500 -0.1974
-0.6070 32.1657 -24.3414 0.0000 1650410564912 102.2500 -0.1971
-0.4291 30.7500 -23.9582 0.0000 1650410564941 133.0000 -0.1969
0.1807 31.4115 -23.0600 0.0000 1650410564970 160.7500 -0.1969
4.3972 27.9119 -26.4991 0.0000 1650410565000 189.2500 -0.1969
-1.1700 32.4719 -25.0976 0.0000 1650410565029 218.7500 -0.1967
-4.0034 30.4405 -23.7224 0.0000 1650410565057 146.7500 -0.1965
-2.9470 29.7281 -21.5766 0.0000 1650410565087 74.5000 -0.1965
-0.3918 32.4898 -24.3541 0.0000 1650410565115 103.0000 -0.1965
2.0555 27.7968 -23.6452 0.0000 1650410565144 132.5000 -0.1965
0.5627 31.5473 -26.5162 0.0000 1650410565173 161.2500 -0.1965
-4.9962 30.0887 -19.3603 0.0000 1650410565202 190.2500 -0.1965
-1.1618 28.5405 -23.5171 0.0000 1650410565231 219.2500 -0.1965
-1.0911 31.2622 -26.3333 0.0000 1650410565260 147.2500 -0.1965
1.5395 29.0026 -23.5154 0.0000 1650410565289 75.2500 -0.1965
7.9440 30.0669 -27.5695 0.0000 1650410565318 104.2500 -0.1965
-4.8665 32.4660 -25.4528 0.0000 1650410565347 133.2500 -0.1965
0.3025 20.3488 -28.1978 0.0000 1650410565376 162.2500 -0.1965
-0.4726 35.1397 -24.4605 0.0000 1650410565406 191.2500 -0.1965
-7.2194 20.8853 -21.0658 0.0000 1650410565434 220.0000 -0.1965
6.9226 26.2693 -24.2782 0.0000 1650410565463 146.7500 -0.1968
-6.1724 20.9300 -13.1675 0.0000 1650410565492 74.2500 -0.1969
1.8450 22.7924 -27.4244 0.0000 1650410565521 103.2500 -0.1969
-1.1287 31.4227 -26.3441 0.0000 1650410565550 132.2500 -0.1969
-5.4824 18.5212 -17.3636 0.0000 1650410565579 161.2500 -0.1973
8.8869 31.2664 -23.5409 0.0000 1650410565608 190.2500 -0.1974
-8.7907 26.9747 -26.2926 0.0000 1650410565637 219.2500 -0.1974
-5.1966 25.1070 -22.9687 0.0000 1650410565666 147.2500 -0.1974
-1.9409 30.2918 -26.6105 0.0000 1650410565694 74.5000 -0.1974
0.5361 16.9696 -23.9021 0.0000 1650410565723 104.0000 -0.1974
5.9817 32.0085 -22.1393 0.0000 1650410565753 133.2500 -0.1974
-5.9863 27.5508 -27.6464 0.0000 1650410565782 163.0000 -0.1974
-6.4299 22.2741 -23.9012 0.0000 1650410565811 191.0000 -0.1974
-0.5480 35.5991 -23.0532 0.0000 1650410565840 220.0000 -0.1974
-7.8765 15.6185 -12.6762 0.0000 1650410565869 147.2500 -0.1972
4.4725 28.6703 -21.3595 0.0000 1650410565898 74.7500 -0.1969
-3.3676 27.3707 -23.7866 0.0000 1650410565927 103.7500 -0.1969
-2.9274 24.5244 -23.9813 0.0000 1650410565955 132.7500 -0.1969
-6.1598 23.1354 -22.6525 0.0000 1650410565985 161.7500 -0.1969
0.2039 22.2308 -24.7995 0.0000 1650410566013 190.7500 -0.1969
-1.3319 27.9430 -28.2812 0.0000 1650410566042 219.5000 -0.1967
-5.8507 19.4046 -14.4739 0.0000 1650410566071 147.2500 -0.1965
5.9678 20.2061 -30.3436 0.0000 1650410566101 74.7500 -0.1965
1.7712 33.9508 -25.4979 0.0000 1650410566129 103.7500 -0.1965
-0.6341 24.9579 -27.1463 0.0000 1650410566158 132.7500 -0.1965
-1.5451 27.5707 -26.4833 0.0000 1650410566188 161.7500 -0.1965
-3.9061 27.0471 -27.8181 0.0000 1650410566217 191.5000 -0.1965
-1.5228 26.9612 -26.9352 0.0000 1650410566246 219.2500 -0.1968
-4.0018 28.9870 -27.1247 0.0000 1650410566274 147.2500 -0.1969
1.4844 23.6735 -25.7558 0.0000 1650410566303 75.2500 -0.1969
-0.1079 27.7125 -24.3112 0.0000 1650410566332 104.2500 -0.1969
1.7715 21.1896 -23.3301 0.0000 1650410566362 133.2500 -0.1969
-3.1675 26.1964 -27.2978 0.0000 1650410566390 162.2500 -0.1969
-3.7622 28.9542 -28.0245 0.0000 1650410566419 191.2500 -0.1969
2.5834 23.6737 -34.0294 0.0000 1650410566448 220.0000 -0.1969
-1.2805 28.6827 -24.8771 0.0000 1650410566477 97.5000 -0.1973
-4.0167 31.2912 -31.0593 0.0000 1650410566506 74.2500 -0.1974
-1.0141 28.4018 -28.4069 0.0000 1650410566535 103.0000 -0.1972
-7.3050 26.3880 -26.8947 0.0000 1650410566565 132.0000 -0.1969
-0.7796 25.3169 -33.8093 0.0000 1650410566593 161.2500 -0.1969
-0.8154 28.6445 -26.5000 0.0000 1650410566622 190.2500 -0.1969
-10.3162 22.6483 -20.0580 0.0000 1650410566651 219.2500 -0.1969
2.5117 32.8793 -24.8961 0.0000 1650410566680 146.7500 -0.1969
1.5357 37.9432 -24.7739 0.0000 1650410566709 74.2500 -0.1966
-0.6809 31.1133 -31.9285 0.0000 1650410566738 103.2500 -0.1965
-0.8143 30.1099 -26.8220 0.0000 1650410566767 132.2500 -0.1965
-6.0714 28.9796 -26.8991 0.0000 1650410566796 161.2500 -0.1965
0.0205 32.4035 -29.7504 0.0000 1650410566825 190.2500 -0.1965
-6.3456 30.1773 -28.8242 0.0000 1650410566853 219.2500 -0.1965
-2.4965 14.9781 -26.9055 0.0000 1650410566883 146.7500 -0.1965
2.9667 38.7243 -23.0257 0.0000 1650410566912 74.0000 -0.1965
2.2789 15.1699 -22.6723 0.0000 1650410566941 103.0000 -0.1965
-4.4505 30.9823 -29.7326 0.0000 1650410566970 131.7500 -0.1965
-7.7393 35.0239 -18.8654 0.0000 1650410566999 163.5000 -0.1965
-4.0875 29.3683 -29.6148 0.0000 1650410567028 189.7500 -0.1965
-2.5869 36.4195 -25.6847 0.0000 1650410567057 218.7500 -0.1965
2.6729 24.9657 -28.9676 0.0000 1650410567086 146.7500 -0.1969
5.1126 31.8036 -27.5618 0.0000 1650410567114 74.7500 -0.1969
-7.7221 28.4133 -23.7278 0.0000 1650410567144 103.7500 -0.1969
-4.2872 24.7068 -27.4069 0.0000 1650410567172 132.7500 -0.1969
2.9695 37.1941 -22.5562 0.0000 1650410567201 161.7500 -0.1969
-7.3218 16.5317 -24.6238 0.0000 1650410567230 192.0000 -0.1969
4.5776 31.4761 -27.7258 0.0000 1650410567260 221.0000 -0.1969
-4.5007 32.6952 -18.3811 0.0000 1650410567288 147.2500 -0.1969
-0.6733 22.8698 -27.5888 0.0000 1650410567318 75.7500 -0.1969
-3.3566 33.3252 -25.3013 0.0000 1650410567347 103.5000 -0.1969
-2.7734 29.5737 -23.2101 0.0000 1650410567376 132.5000 -0.1966
-0.2059 32.8994 -26.8977 0.0000 1650410567405 161.2500 -0.1965
-3.4593 31.4388 -26.1458 0.0000 1650410567433 190.2500 -0.1965
-4.3887 28.6089 -23.8295 0.0000 1650410567463 219.2500 -0.1965
-1.5780 31.3071 -24.0862 0.0000 1650410567491 147.2500 -0.1965
-0.4934 25.8701 -20.2549 0.0000 1650410567520 75.2500 -0.1965
-2.1120 28.6499 -24.4656 0.0000 1650410567549 104.2500 -0.1962
-0.9631 30.8741 -22.5051 0.0000 1650410567578 133.2500 -0.1960
-6.9615 21.5506 -18.7965 0.0000 1650410567607 162.2500 -0.1960
-0.8463 28.1696 -24.8095 0.0000 1650410567636 191.2500 -0.1960
-6.1229 21.5092 -15.2658 0.0000 1650410567665 220.2500 -0.1960
9.3013 31.1102 -23.6469 0.0000 1650410567694 147.7500 -0.1960
0.7949 27.0200 -17.6706 0.0000 1650410567724 75.2500 -0.1957
-5.6541 23.7292 -17.0697 0.0000 1650410567752 107.0000 -0.1955
0.2813 28.8061 -22.8083 0.0000 1650410567781 133.0000 -0.1955
-0.1623 26.4098 -23.9983 0.0000 1650410567810 162.2500 -0.1955
0.5947 28.8846 -23.6232 0.0000 1650410567839 191.2500 -0.1955
-1.4184 28.8611 -23.3683 0.0000 1650410567868 220.2500 -0.1955
-1.6940 32.2549 -23.7544 0.0000 1650410567897 147.7500 -0.1955
-0.8067 31.2641 -22.6789 0.0000 1650410567926 75.2500 -0.1955
-0.0309 27.7387 -22.0207 0.0000 1650410567955 104.2500 -0.1955
-0.5577 29.9371 -21.9476 0.0000 1650410567984 133.2500 -0.1955
-1.7289 27.2589 -19.9875 0.0000 1650410568012 161.2500 -0.1955
-5.2206 28.4751 -20.7912 0.0000 1650410568042 191.0000 -0.1955
-1.9497 32.2624 -25.3755 0.0000 1650410568071 220.0000 -0.1955
-0.9109 23.5746 -21.7036 0.0000 1650410568100 147.0000 -0.1960
6.0998 33.8447 -18.8085 0.0000 1650410568129 74.7500 -0.1960
-3.2883 28.4169 -23.2575 0.0000 1650410568158 103.7500 -0.1956
4.2800 20.1695 -28.5739 0.0000 1650410568187 132.7500 -0.1955
-2.9251 31.1202 -24.3745 0.0000 1650410568216 161.7500 -0.1960
-7.8048 21.9053 -13.7307 0.0000 1650410568245 190.7500 -0.1960
-1.4792 30.2546 -22.2700 0.0000 1650410568274 219.7500 -0.1960
-0.5347 30.1076 -24.3957 0.0000 1650410568303 147.2500 -0.1960
-5.2034 29.6489 -20.9682 0.0000 1650410568331 74.7500 -0.1960
-2.1898 30.9652 -23.8255 0.0000 1650410568360 103.7500 -0.1960
0.1228 29.2277 -23.3295 0.0000 1650410568389 132.7500 -0.1957
0.7415 27.5379 -22.3803 0.0000 1650410568418 161.7500 -0.1955
-2.1283 30.4711 -23.8291 0.0000 1650410568447 190.5000 -0.1955
-3.3036 28.1988 -20.5876 0.0000 1650410568477 219.5000 -0.1955
-3.1404 29.5582 -23.8198 0.0000 1650410568506 248.0000 -0.1955
-0.3804 29.3505 -22.8887 0.0000 1650410568535 104.0000 -0.1955
-1.1376 30.9726 -23.1384 0.0000 1650410568564 74.2500 -0.1952
-2.8814 29.8058 -22.4384 0.0000 1650410568592 103.2500 -0.1950
-3.4000 28.0799 -22.0943 0.0000 1650410568622 132.2500 -0.1950
-0.8709 28.5120 -20.6649 0.0000 1650410568650 161.2500 -0.1950
-0.0169 30.7425 -21.0705 0.0000 1650410568679 190.2500 -0.1950
4.1284 35.0979 -20.9095 0.0000 1650410568708 219.2500 -0.1950
-1.2080 32.5431 -23.0358 0.0000 1650410568737 146.7500 -0.1950
-0.6764 30.6505 -24.5202 0.0000 1650410568766 77.0000 -0.1955
1.9142 34.7754 -16.9221 0.0000 1650410568795 104.2500 -0.1952
0.9405 28.1505 -23.5090 0.0000 1650410568824 132.2500 -0.1950
-0.3192 32.0204 -19.6280 0.0000 1650410568853 162.2500 -0.1950
-2.3494 31.2227 -26.2056 0.0000 1650410568883 190.2500 -0.1955
-2.8205 30.7453 -22.0642 0.0000 1650410568911 219.2500 -0.1955
-0.9971 30.8148 -24.6973 0.0000 1650410568941 147.2500 -0.1958
4.2301 27.8153 -26.0009 0.0000 1650410568969 75.2500 -0.1960
1.8276 29.7674 -21.4826 0.0000 1650410568998 104.2500 -0.1960
-3.7649 35.1989 -24.3712 0.0000 1650410569027 133.2500 -0.1960
-3.7736 30.3420 -23.1029 0.0000 1650410569056 162.2500 -0.1960
-4.2270 32.2576 -23.1986 0.0000 1650410569085 191.2500 -0.1960
2.7320 29.8438 -27.3928 0.0000 1650410569114 220.0000 -0.1960
2.0798 31.1923 -19.6102 0.0000 1650410569143 147.7500 -0.1960
-4.7645 30.6289 -25.0312 0.0000 1650410569172 75.0000 -0.1957
-2.1308 32.8128 -26.9447 0.0000 1650410569201 104.0000 -0.1955
-3.2995 29.0307 -22.2473 0.0000 1650410569230 132.7500 -0.1955
0.2368 31.6590 -22.2985 0.0000 1650410569259 161.7500 -0.1955
-1.6480 29.4459 -22.1123 0.0000 1650410569288 192.0000 -0.1955
-4.8879 23.8093 -20.5191 0.0000 1650410569317 221.0000 -0.1955
-0.3185 31.3362 -26.5231 0.0000 1650410569346 147.2500 -0.1952
0.1135 33.4359 -15.1739 0.0000 1650410569375 74.7500 -0.1950
-3.5187 16.1088 -21.8989 0.0000 1650410569404 103.7500 -0.1950
3.3410 36.4282 -19.2727 0.0000 1650410569433 132.7500 -0.1950
-9.8326 19.8799 -16.2423 0.0000 1650410569462 161.7500 -0.1947
6.9384 28.5690 -29.1866 0.0000 1650410569490 190.7500 -0.1945
-1.4625 25.3533 -11.2987 0.0000 1650410569520 219.7500 -0.1945
-8.1880 19.9519 -17.7680 0.0000 1650410569548 148.5000 -0.1945
0.4194 37.4426 -20.7414 0.0000 1650410569577 75.5000 -0.1947
-4.1429 19.6439 -23.7496 0.0000 1650410569606 104.5000 -0.1950
6.1509 26.6270 -26.9420 0.0000 1650410569636 133.0000 -0.1950
-7.3987 31.0037 -18.4282 0.0000 1650410569665 162.2500 -0.1950
0.4348 17.6416 -25.8741 0.0000 1650410569694 191.2500 -0.1950
5.6403 29.2485 -17.2275 0.0000 1650410569723 220.2500 -0.1950
4.0733 8.6917 -19.5749 0.0000 1650410569752 147.2500 -0.1950
3.2234 22.2991 -32.1367 0.0000 1650410569781 74.2500 -0.1954
-6.0338 30.2342 -19.3588 0.0000 1650410569809 103.2500 -0.1955
-6.3390 17.9002 -25.7019 0.0000 1650410569838 132.2500 -0.1952
0.5899 25.6014 -27.5678 0.0000 1650410569867 161.2500 -0.1950
-5.7869 18.6751 -17.6521 0.0000 1650410569896 190.2500 -0.1954
9.2940 28.5772 -27.8984 0.0000 1650410569925 219.2500 -0.1955
-5.9422 31.5442 -29.1387 0.0000 1650410569954 146.7500 -0.1955
-4.3615 19.3700 -28.8344 0.0000 1650410569983 74.2500 -0.1955
-1.2704 28.2966 -25.6742 0.0000 1650410570012 103.2500 -0.1955
1.3483 23.9248 -28.7294 0.0000 1650410570042 132.2500 -0.1955
2.7340 23.4163 -29.4411 0.0000 1650410570070 161.0000 -0.1952
-6.5598 24.4444 -20.9505 0.0000 1650410570100 190.2500 -0.1950
-1.2278 23.3342 -29.2935 0.0000 1650410570128 219.2500 -0.1950
-1.5978 27.2529 -25.9236 0.0000 1650410570157 147.2500 -0.1950
-2.0686 25.2808 -28.2464 0.0000 1650410570186 75.2500 -0.1950
-1.2107 28.7686 -29.1781 0.0000 1650410570215 104.2500 -0.1950
-8.0222 25.2084 -20.5825 0.0000 1650410570244 133.0000 -0.1950
0.5457 17.6926 -29.3174 0.0000 1650410570273 162.0000 -0.1950
1.5128 26.7192 -28.2526 0.0000 1650410570302 190.7500 -0.1950
0.6032 22.2425 -28.1570 0.0000 1650410570331 221.0000 -0.1950
-0.2221 28.9999 -28.9748 0.0000 1650410570360 147.2500 -0.1950
-7.0176 25.9628 -20.6333 0.0000 1650410570389 74.2500 -0.1950
-0.3444 17.4733 -29.5173 0.0000 1650410570418 103.7500 -0.1950
-3.2365 33.0303 -31.1214 0.0000 1650410570447 132.7500 -0.1950
-3.3937 24.7693 -27.2070 0.0000 1650410570476 161.7500 -0.1950
-2.5657 29.4614 -29.4807 0.0000 1650410570505 190.7500 -0.1950
-7.4823 28.6019 -25.5226 0.0000 1650410570534 219.7500 -0.1950
-0.8377 21.4334 -31.5684 0.0000 1650410570563 147.2500 -0.1950
0.5949 32.5435 -26.2720 0.0000 1650410570592 74.7500 -0.1950
0.6363 26.6078 -28.1928 0.0000 1650410570621 103.7500 -0.1952
-1.4383 31.9852 -29.3536 0.0000 1650410570649 132.7500 -0.1955
-5.4533 24.1978 -22.2473 0.0000 1650410570679 161.5000 -0.1955
-5.5464 27.2755 -29.4907 0.0000 1650410570707 190.5000 -0.1955
0.5336 34.7921 -27.8301 0.0000 1650410570736 219.2500 -0.1955
1.7723 24.1914 -34.9071 0.0000 1650410570765 146.7500 -0.1955
7.4119 33.1333 -28.3039 0.0000 1650410570795 74.2500 -0.1955
-9.1616 30.5769 -23.2171 0.0000 1650410570824 103.0000 -0.1955
-0.2128 24.6080 -32.3487 0.0000 1650410570853 132.0000 -0.1955
-2.0084 31.2855 -31.0777 0.0000 1650410570882 161.2500 -0.1955
3.5471 23.2144 -35.3194 0.0000 1650410570911 190.2500 -0.1955
-0.3907 32.1661 -29.1185 0.0000 1650410570940 219.2500 -0.1955
-6.9062 27.2500 -23.1933 0.0000 1650410570968 146.7500 -0.1952
-2.1267 23.7994 -26.3849 0.0000 1650410570998 74.2500 -0.1950
-2.9867 24.6594 -27.2449 0.0000 1650410571005 81.5000 -0.1950
