-2.5152 42.3091 -33.9062 0.0000 1650410875377 300039.5000 -0.2009
-7.1240 38.0111 -30.8195 0.0000 1650410875406 300068.5000 -0.2009
-2.4386 40.2650 -29.9954 0.0000 1650410875435 300097.5000 -0.2005
-3.3853 40.6670 -33.2975 0.0000 1650410875463 300126.5000 -0.2004
-7.6272 37.9848 -28.4512 0.0000 1650410875493 300155.2500 -0.2004
-1.5777 37.9491 -28.3617 0.0000 1650410875521 300185.5000 -0.2004
-4.2872 41.0497 -30.0254 0.0000 1650410875551 300213.5000 -0.2004
-2.8098 39.3745 -30.3444 0.0000 1650410875580 300242.5000 -0.2004
-5.4732 39.9304 -26.6177 0.0000 1650410875609 300271.5000 -0.2004
-4.5241 37.2866 -29.1918 0.0000 1650410875638 300300.5000 -0.2004
-1.7557 39.2442 -30.5867 0.0000 1650410875667 300329.5000 -0.2004
-4.6213 38.6511 -28.3487 0.0000 1650410875696 300358.5000 -0.2004
-6.1242 35.4179 -28.1932 0.0000 1650410875724 300387.5000 -0.2004
-0.6388 36.8124 -26.7616 0.0000 1650410875754 300416.2500 -0.2004
-3.2017 36.9438 -29.9923 0.0000 1650410875782 300445.0000 -0.2004
-4.5976 38.1016 -29.7044 0.0000 1650410875811 300474.5000 -0.2009
-3.7626 37.0879 -28.9204 0.0000 1650410875840 300503.2500 -0.2012
-4.0604 37.2934 -30.0035 0.0000 1650410875869 300532.2500 -0.2013
-1.7474 37.5370 -29.5298 0.0000 1650410875898 300561.2500 -0.2013
-3.0205 37.2357 -29.4969 0.0000 1650410875927 300590.2500 -0.2013
-6.1238 33.0320 -25.3136 0.0000 1650410875957 300619.2500 -0.2013
-0.2509 37.2571 -26.9132 0.0000 1650410875986 300648.0000 -0.2013
-3.6686 36.6045 -30.0496 0.0000 1650410876015 300677.0000 -0.2013
-1.0432 38.5953 -29.6691 0.0000 1650410876043 300706.0000 -0.2013
-1.6797 32.7274 -26.9507 0.0000 1650410876073 300735.0000 -0.2013
-2.8917 36.9288 -29.1955 0.0000 1650410876101 300764.0000 -0.2013
-3.2750 37.5928 -30.3536 0.0000 1650410876130 300793.0000 -0.2013
-4.3951 37.4916 -29.6636 0.0000 1650410876159 300822.0000 -0.2013
-7.7900 34.7473 -24.1169 0.0000 1650410876188 300851.0000 -0.2013
-4.3732 38.7316 -28.2794 0.0000 1650410876217 300880.0000 -0.2010
-5.8435 40.3109 -26.5095 0.0000 1650410876246 300909.0000 -0.2009
-9.2837 33.7078 -25.7978 0.0000 1650410876276 300939.2500 -0.2009
-3.0070 33.9909 -25.8681 0.0000 1650410876304 300966.5000 -0.2009
-5.7726 37.2404 -29.0139 0.0000 1650410876334 300995.7500 -0.2009
-2.0155 38.3843 -29.7925 0.0000 1650410876362 301024.7500 -0.2009
-4.0486 33.7110 -27.4731 0.0000 1650410876391 301053.5000 -0.2005
-3.4322 35.6877 -26.4792 0.0000 1650410876420 301082.5000 -0.2004
-2.6793 37.7398 -27.3979 0.0000 1650410876449 301111.5000 -0.2004
-6.7103 34.7056 -28.5924 0.0000 1650410876478 301140.5000 -0.2004
-6.3130 34.0593 -25.8478 0.0000 1650410876507 301171.2500 -0.2004
-2.6088 33.0054 -24.2865 0.0000 1650410876536 301199.5000 -0.2004
-3.1136 35.2180 -28.9778 0.0000 1650410876565 301227.5000 -0.2004
-2.8758 37.4310 -28.3256 0.0000 1650410876594 301258.0000 -0.2009
-2.5809 33.1765 -24.3630 0.0000 1650410876622 301285.0000 -0.2009
-3.3571 35.7052 -28.4754 0.0000 1650410876652 301314.5000 -0.2009
-3.4514 35.2593 -30.2852 0.0000 1650410876680 301343.5000 -0.2009
-4.7692 35.9490 -27.2563 0.0000 1650410876710 301372.5000 -0.2009
-6.3055 32.8422 -24.5642 0.0000 1650410876739 301401.5000 -0.2009
0.9462 33.3122 -26.0561 0.0000 1650410876768 301430.5000 -0.2009
-1.9804 37.1710 -29.8214 0.0000 1650410876797 301459.5000 -0.2009
-7.3936 33.4157 -26.9166 0.0000 1650410876826 301488.5000 -0.2009
0.2723 31.5925 -26.1748 0.0000 1650410876855 301517.5000 -0.2009
-2.7771 35.2483 -28.4251 0.0000 1650410876884 301546.5000 -0.2009
-1.4658 36.5035 -29.6095 0.0000 1650410876913 301575.5000 -0.2009
-5.9260 36.3488 -25.5218 0.0000 1650410876941 301604.5000 -0.2009
-3.2600 35.9084 -25.6537 0.0000 1650410876970 301633.5000 -0.2009
-5.2283 37.4687 -29.1960 0.0000 1650410876999 301662.2500 -0.2009
-5.3808 36.8387 -29.3922 0.0000 1650410877028 301692.7500 -0.2009
-5.1682 36.1438 -27.3118 0.0000 1650410877057 301719.5000 -0.2009
0.3476 36.1364 -26.7078 0.0000 1650410877086 301749.0000 -0.2009
-7.1704 29.8194 -27.4202 0.0000 1650410877116 301778.0000 -0.2005
-2.8797 40.4811 -30.5481 0.0000 1650410877145 301807.0000 -0.2004
-4.8789 39.5701 -25.2853 0.0000 1650410877174 301836.0000 -0.2004
-3.3690 37.1903 -25.1494 0.0000 1650410877202 301865.0000 -0.2004
-2.6194 35.8556 -25.2394 0.0000 1650410877232 301894.0000 -0.2004
-3.9755 35.7681 -25.4739 0.0000 1650410877260 301923.0000 -0.2004
-4.8696 30.2578 -20.0352 0.0000 1650410877289 301953.0000 -0.2004
-2.3853 29.6369 -19.9044 0.0000 1650410877318 301980.5000 -0.2004
-3.4949 31.2260 -24.0012 0.0000 1650410877347 302010.0000 -0.2004
-4.9782 27.6190 -19.4250 0.0000 1650410877376 302038.5000 -0.2004
-1.8805 28.2701 -20.3273 0.0000 1650410877405 302067.7500 -0.2004
-2.3162 30.2482 -24.9997 0.0000 1650410877434 302096.7500 -0.2004
3.1346 32.2800 -22.7760 0.0000 1650410877463 302125.7500 -0.2004
-4.2655 29.3066 -23.6499 0.0000 1650410877492 302154.7500 -0.2009
-1.1324 30.4311 -25.9527 0.0000 1650410877521 302183.5000 -0.2009
-3.0783 32.6924 -25.4312 0.0000 1650410877551 302212.5000 -0.2009
-1.7041 31.6562 -25.0320 0.0000 1650410877579 302241.5000 -0.2009
-9.0368 30.8767 -22.2611 0.0000 1650410877608 302270.5000 -0.2009
-1.1797 33.2280 -20.4079 0.0000 1650410877637 302299.5000 -0.2009
-5.9422 27.8868 -24.1903 0.0000 1650410877666 302328.5000 -0.2012
-1.7268 31.7464 -27.0063 0.0000 1650410877695 302357.5000 -0.2013
-6.1519 28.2060 -20.5664 0.0000 1650410877724 302386.5000 -0.2013
0.6888 25.7748 -25.8436 0.0000 1650410877753 302415.5000 -0.2013
-0.0558 29.1163 -23.2242 0.0000 1650410877782 302444.5000 -0.2010
-7.3074 24.6775 -18.5701 0.0000 1650410877811 302473.5000 -0.2009
-2.7637 20.2499 -22.5748 0.0000 1650410877839 302501.7500 -0.2007
0.6492 26.3377 -23.4708 0.0000 1650410877869 302531.5000 -0.2009
-3.4042 27.2528 -26.3952 0.0000 1650410877898 302560.5000 -0.2009
-2.6468 28.3646 -24.6013 0.0000 1650410877927 302589.5000 -0.2009
0.7715 26.2924 -23.7396 0.0000 1650410877956 302618.5000 -0.2005
-7.3852 22.9899 -24.0425 0.0000 1650410877985 302647.5000 -0.2004
0.5372 31.8232 -25.6660 0.0000 1650410878014 302676.5000 -0.2004
-6.0585 26.4120 -25.8455 0.0000 1650410878043 302707.0000 -0.2004
-5.1533 26.8002 -23.5536 0.0000 1650410878072 302735.2500 -0.2000
-3.6907 35.2807 -26.8376 0.0000 1650410878100 302763.2500 -0.1999
-3.3545 34.8391 -28.6125 0.0000 1650410878130 302792.2500 -0.2002
-3.5368 24.0818 -26.4512 0.0000 1650410878158 302822.2500 -0.2004
1.4933 28.1318 -22.8025 0.0000 1650410878187 302850.2500 -0.2004
-3.0879 29.6834 -24.4923 0.0000 1650410878216 302879.0000 -0.2004
-3.9128 30.1879 -25.2425 0.0000 1650410878245 302908.0000 -0.2004
-3.4480 30.5948 -20.9334 0.0000 1650410878274 302937.0000 -0.2004
-4.1348 27.4896 -21.9706 0.0000 1650410878304 302966.0000 -0.2005
-0.3858 32.5395 -22.3304 0.0000 1650410878333 302995.0000 -0.2009
-5.8785 26.3496 -18.8422 0.0000 1650410878362 303024.0000 -0.2009
-5.2998 19.8484 -21.1716 0.0000 1650410878391 303053.0000 -0.2013
0.6593 30.2939 -21.0669 0.0000 1650410878419 303082.0000 -0.2013
-4.4187 23.7109 -22.4997 0.0000 1650410878448 303111.0000 -0.2013
-5.2109 27.4613 -23.6459 0.0000 1650410878477 303140.0000 -0.2013
-0.2985 28.6620 -21.8512 0.0000 1650410878506 303169.0000 -0.2013
-2.0799 30.2032 -23.1862 0.0000 1650410878535 303197.7500 -0.2013
-0.6667 31.2805 -25.3289 0.0000 1650410878564 303226.7500 -0.2010
-3.2802 28.4890 -22.8946 0.0000 1650410878593 303254.7500 -0.2009
-6.5224 25.2606 -22.7252 0.0000 1650410878622 303284.5000 -0.2013
-0.7316 32.7563 -25.3894 0.0000 1650410878651 303313.5000 -0.2013
-5.6136 25.7176 -19.4748 0.0000 1650410878680 303342.5000 -0.2010
-5.8307 26.2464 -22.0770 0.0000 1650410878710 303371.5000 -0.2009
-0.3810 29.5574 -23.3202 0.0000 1650410878738 303400.5000 -0.2012
-7.1990 21.4743 -20.5105 0.0000 1650410878767 303429.5000 -0.2013
1.2601 24.8170 -23.5578 0.0000 1650410878796 303458.5000 -0.2010
-2.7551 30.0996 -21.1067 0.0000 1650410878825 303487.2500 -0.2009
0.5068 25.9137 -27.1167 0.0000 1650410878854 303516.0000 -0.2005
-3.2956 28.8701 -23.9980 0.0000 1650410878883 303545.5000 -0.2004
-6.0023 28.4071 -22.2470 0.0000 1650410878912 303575.7500 -0.2004
-3.6405 26.6491 -22.3632 0.0000 1650410878941 303603.5000 -0.2004
-0.5182 27.3226 -23.7917 0.0000 1650410878970 303632.5000 -0.2004
-6.4164 28.3093 -24.8257 0.0000 1650410878998 303661.5000 -0.2004
-6.5520 27.5229 -25.5461 0.0000 1650410879027 303690.5000 -0.2004
0.8569 29.6013 -21.9856 0.0000 1650410879057 303719.5000 -0.2004
-4.2572 29.6929 -28.6470 0.0000 1650410879086 303748.5000 -0.2004
-1.6360 31.3992 -23.0534 0.0000 1650410879114 303777.5000 -0.2004
-5.7858 29.9105 -24.0147 0.0000 1650410879144 303806.5000 -0.2007
-2.3076 30.2911 -23.8806 0.0000 1650410879173 303835.5000 -0.2009
-2.5605 31.3802 -21.7907 0.0000 1650410879202 303864.5000 -0.2009
-3.0405 29.6959 -23.0044 0.0000 1650410879231 303893.2500 -0.2009
-8.0849 26.0390 -19.1583 0.0000 1650410879259 303922.2500 -0.2009
-0.5723 28.7807 -21.2126 0.0000 1650410879289 303951.2500 -0.2009
-4.1129 29.5356 -21.4973 0.0000 1650410879317 303980.0000 -0.2010
-2.8800 30.2062 -21.0267 0.0000 1650410879346 304010.2500 -0.2013
-2.9325 28.2207 -21.0065 0.0000 1650410879375 304039.2500 -0.2013
-3.0525 24.4016 -22.5733 0.0000 1650410879404 304066.5000 -0.2013
-1.2604 27.2349 -23.9852 0.0000 1650410879433 304096.0000 -0.2013
-3.1380 30.3642 -25.8647 0.0000 1650410879463 304125.0000 -0.2017
-1.9814 27.0128 -22.9604 0.0000 1650410879492 304154.0000 -0.2018
-2.8286 28.7217 -23.3960 0.0000 1650410879521 304183.0000 -0.2015
-1.5972 28.9201 -24.1319 0.0000 1650410879550 304212.0000 -0.2013
-3.8599 25.8104 -22.3058 0.0000 1650410879578 304241.0000 -0.2013
1.0553 25.8591 -20.4800 0.0000 1650410879608 304274.0000 -0.2013
-1.9024 31.4981 -25.4961 0.0000 1650410879636 304298.5000 -0.2013
2.3822 29.0998 -22.6881 0.0000 1650410879665 304327.7500 -0.2013
-2.7641 31.2702 -23.5513 0.0000 1650410879694 304356.0000 -0.2010
6.2272 25.3227 -24.2070 0.0000 1650410879723 304385.7500 -0.2009
-3.1913 33.6959 -27.2660 0.0000 1650410879752 304414.5000 -0.2011
-5.2579 26.2599 -21.4969 0.0000 1650410879781 304443.5000 -0.2009
-4.1872 20.1618 -19.1995 0.0000 1650410879810 304472.5000 -0.2009
-0.1262 31.0982 -25.6231 0.0000 1650410879839 304501.5000 -0.2009
-3.2335 30.3713 -25.8991 0.0000 1650410879869 304530.5000 -0.2009
-4.4925 29.0076 -27.4442 0.0000 1650410879897 304559.5000 -0.2009
-4.6532 26.7280 -25.1828 0.0000 1650410879926 304588.5000 -0.2009
-3.7725 27.1411 -23.8776 0.0000 1650410879955 304617.5000 -0.2009
-1.8067 30.4786 -27.4498 0.0000 1650410879984 304646.5000 -0.2010
-7.6171 23.9509 -20.7776 0.0000 1650410880013 304675.5000 -0.2013
-8.8557 21.3275 -21.8069 0.0000 1650410880042 304704.5000 -0.2013
0.3362 30.9980 -22.3582 0.0000 1650410880071 304733.5000 -0.2013
-2.7176 30.1797 -25.1610 0.0000 1650410880100 304762.5000 -0.2013
-6.8504 27.7518 -22.8681 0.0000 1650410880129 304794.2500 -0.2013
-3.3993 29.5986 -20.3569 0.0000 1650410880157 304820.0000 -0.2013
-3.4129 30.5644 -23.1095 0.0000 1650410880187 304849.5000 -0.2013
-1.9212 29.7666 -25.0403 0.0000 1650410880217 304878.5000 -0.2013
-2.5805 30.2664 -22.9787 0.0000 1650410880245 304907.5000 -0.2018
-3.5102 31.1060 -22.2636 0.0000 1650410880274 304936.5000 -0.2018
-2.7650 30.4107 -21.6940 0.0000 1650410880303 304965.5000 -0.2015
-3.0925 29.4080 -22.8196 0.0000 1650410880332 304994.0000 -0.2013
-4.8771 27.4067 -22.6017 0.0000 1650410880361 305023.0000 -0.2013
-1.5068 28.2500 -24.5500 0.0000 1650410880390 305052.0000 -0.2013
-3.7324 24.0539 -23.5578 0.0000 1650410880419 305081.2500 -0.2013
0.6274 29.4363 -24.1102 0.0000 1650410880448 305111.5000 -0.2013
-0.3568 26.7003 -22.4177 0.0000 1650410880476 305138.7500 -0.2010
0.4361 27.1409 -26.1158 0.0000 1650410880505 305168.0000 -0.2009
-2.1956 28.8837 -23.7581 0.0000 1650410880534 305197.0000 -0.2005
-1.9287 29.3053 -24.5819 0.0000 1650410880563 305226.0000 -0.2004
-5.1909 24.7539 -22.0583 0.0000 1650410880592 305255.0000 -0.2004
-2.5293 26.9807 -23.0455 0.0000 1650410880622 305284.0000 -0.2004
-5.4987 25.3065 -22.2119 0.0000 1650410880651 305313.0000 -0.2004
-4.8080 26.2509 -25.1232 0.0000 1650410880680 305342.0000 -0.2004
-1.3537 27.5134 -21.3575 0.0000 1650410880709 305371.0000 -0.2004
-3.4796 26.4146 -22.7790 0.0000 1650410880737 305400.0000 -0.2004
-2.5631 31.0403 -25.4288 0.0000 1650410880767 305428.7500 -0.2005
-10.6223 27.7459 -23.1687 0.0000 1650410880795 305457.7500 -0.2004
-4.2747 29.9362 -23.3587 0.0000 1650410880824 305486.7500 -0.2004
2.3422 32.4729 -22.3378 0.0000 1650410880853 305515.5000 -0.2004
-8.9536 25.3846 -22.5788 0.0000 1650410880882 305544.2500 -0.2004
-6.0052 24.8395 -22.9634 0.0000 1650410880911 305574.5000 -0.2009
-0.7943 27.1570 -22.9346 0.0000 1650410880940 305602.5000 -0.2005
-5.2998 24.7177 -24.2115 0.0000 1650410880969 305631.5000 -0.2007
-0.1674 27.0903 -28.1472 0.0000 1650410880998 305660.5000 -0.2009
-3.7691 29.0222 -22.1488 0.0000 1650410881028 305689.5000 -0.2009
-11.2347 29.6303 -16.6261 0.0000 1650410881056 305718.5000 -0.2009
-3.7407 32.7923 -22.5538 0.0000 1650410881085 305747.5000 -0.2009
-4.8632 28.9244 -23.7668 0.0000 1650410881114 305776.5000 -0.2009
-5.1402 21.5102 -19.9657 0.0000 1650410881143 305805.2500 -0.2009
-1.8004 28.3565 -23.0793 0.0000 1650410881172 305834.0000 -0.2009
-4.5206 29.1318 -22.5633 0.0000 1650410881201 305863.5000 -0.2009
-3.1950 27.6149 -19.9221 0.0000 1650410881230 305892.2500 -0.2009
-1.3133 27.9566 -22.8482 0.0000 1650410881259 305921.0000 -0.2005
-2.6929 28.5193 -22.3661 0.0000 1650410881288 305950.5000 -0.2004
-4.3507 30.1719 -22.8138 0.0000 1650410881316 305979.5000 -0.2004
-5.9138 25.7165 -19.0850 0.0000 1650410881346 306008.5000 -0.2004
-2.2084 26.3602 -22.2174 0.0000 1650410881374 306037.5000 -0.2000
-1.8233 25.9187 -22.6454 0.0000 1650410881403 306066.5000 -0.1999
-0.4587 24.4311 -21.3380 0.0000 1650410881433 306095.5000 -0.1999
-5.4073 21.7111 -18.3076 0.0000 1650410881462 306124.2500 -0.1999
0.7847 24.7929 -22.4010 0.0000 1650410881491 306153.2500 -0.1999
-1.8932 27.3264 -24.2094 0.0000 1650410881520 306182.2500 -0.1999
-1.9429 27.5296 -27.4375 0.0000 1650410881549 306211.0000 -0.1999
-0.4994 27.7372 -19.9523 0.0000 1650410881578 306240.0000 -0.1999
-1.8121 29.6250 -24.8729 0.0000 1650410881607 306269.0000 -0.1999
-3.3312 33.3145 -25.8197 0.0000 1650410881635 306298.0000 -0.1999
-2.4938 32.9649 -24.8971 0.0000 1650410881665 306328.2500 -0.1999
-7.2770 23.0113 -19.9116 0.0000 1650410881693 306355.7500 -0.2004
0.9259 31.6031 -21.6779 0.0000 1650410881722 306385.0000 -0.2004
-3.6381 29.9711 -28.0679 0.0000 1650410881751 306414.0000 -0.2004
-4.1484 27.6160 -24.3965 0.0000 1650410881781 306443.0000 -0.2004
3.0456 31.7060 -21.7824 0.0000 1650410881810 306472.0000 -0.2004
-5.5824 24.6356 -22.8919 0.0000 1650410881839 306501.0000 -0.2004
-0.2882 27.5315 -25.5052 0.0000 1650410881868 306529.7500 -0.2004
-2.0877 26.6030 -22.2100 0.0000 1650410881897 306558.7500 -0.2004
0.7366 22.8349 -22.9439 0.0000 1650410881926 306587.2500 -0.2009
5.6012 20.3493 -14.3549 0.0000 1650410881954 306616.7500 -0.2009
-10.8420 22.9230 -18.3628 0.0000 1650410881983 306645.5000 -0.2009
-2.6781 22.0828 -26.3315 0.0000 1650410882012 306674.2500 -0.2009
-2.1411 26.9201 -21.7981 0.0000 1650410882041 306703.5000 -0.2004
-6.2427 22.3995 -21.8266 0.0000 1650410882070 306732.5000 -0.2004
-1.9749 26.5424 -23.0454 0.0000 1650410882099 306761.5000 -0.2004
-4.0413 28.6586 -19.1900 0.0000 1650410882128 306790.5000 -0.2004
-0.8277 27.4778 -25.4109 0.0000 1650410882157 306820.7500 -0.2004
-4.4793 30.7259 -24.2272 0.0000 1650410882187 306848.5000 -0.2004
-2.9507 30.0841 -23.9355 0.0000 1650410882215 306877.5000 -0.2000
-3.9966 28.2482 -19.5330 0.0000 1650410882245 306906.5000 -0.1999
-2.2922 29.8256 -23.8357 0.0000 1650410882273 306935.5000 -0.1999
-1.5734 29.6816 -22.6933 0.0000 1650410882302 306964.5000 -0.1999
-7.4241 24.3071 -16.7310 0.0000 1650410882331 306993.5000 -0.1999
0.2713 27.6808 -21.3875 0.0000 1650410882360 307022.5000 -0.1999
-2.3200 25.6581 -22.5800 0.0000 1650410882389 307051.5000 -0.1999
2.1105 27.1888 -23.0172 0.0000 1650410882418 307080.5000 -0.1999
-2.1551 24.8949 -21.2065 0.0000 1650410882447 307108.5000 -0.1999
-2.5029 26.9044 -21.2591 0.0000 1650410882476 307138.5000 -0.1999
-2.4697 26.8541 -23.3090 0.0000 1650410882505 307167.5000 -0.1999
-1.4752 28.5605 -22.7059 0.0000 1650410882533 307196.5000 -0.1999
-4.1458 24.4755 -21.4367 0.0000 1650410882563 307225.2500 -0.1999
-2.8467 28.5601 -23.9035 0.0000 1650410882592 307254.2500 -0.2004
-2.3762 32.4262 -24.3989 0.0000 1650410882621 307283.2500 -0.2004
0.5591 30.0679 -24.0912 0.0000 1650410882650 307312.2500 -0.2004
0.7999 32.2712 -23.8612 0.0000 1650410882679 307340.5000 -0.2004
-14.4946 31.9157 -16.4805 0.0000 1650410882708 307371.2500 -0.2004
-12.3866 26.4395 -31.4411 0.0000 1650410882737 307399.0000 -0.2004
-6.6470 27.3561 -24.2434 0.0000 1650410882766 307427.5000 -0.2004
-6.5102 25.6287 -22.5615 0.0000 1650410882794 307457.0000 -0.2004
-7.0012 26.5457 -28.7471 0.0000 1650410882824 307486.0000 -0.2004
-3.0309 25.2946 -24.9612 0.0000 1650410882852 307515.0000 -0.2004
-4.4432 25.0996 -24.5573 0.0000 1650410882881 307544.0000 -0.2004
-2.8449 25.1795 -19.0188 0.0000 1650410882910 307573.0000 -0.2004
-5.2478 24.1099 -21.0125 0.0000 1650410882940 307602.0000 -0.2004
-0.1977 25.7285 -19.4091 0.0000 1650410882969 307631.0000 -0.2004
-5.2579 26.1727 -16.2214 0.0000 1650410882998 307659.7500 -0.2000
-6.9429 18.2162 -18.9529 0.0000 1650410883027 307688.7500 -0.1999
-1.8217 27.4532 -23.0493 0.0000 1650410883056 307717.7500 -0.1999
-8.0930 23.5068 -20.5050 0.0000 1650410883085 307746.5000 -0.1999
-4.9204 22.7381 -23.7266 0.0000 1650410883113 307775.5000 -0.1999
-0.4021 28.6052 -21.8391 0.0000 1650410883142 307804.5000 -0.1999
-2.8980 26.8376 -24.9072 0.0000 1650410883171 307833.5000 -0.1999
-3.8161 29.6294 -23.9163 0.0000 1650410883200 307862.2500 -0.1999
-1.3318 26.1053 -18.5498 0.0000 1650410883229 307891.0000 -0.1999
-1.4760 30.3176 -23.3339 0.0000 1650410883258 307920.5000 -0.1999
-2.1322 30.0003 -21.2975 0.0000 1650410883287 307949.5000 -0.1998
-3.8299 26.6087 -19.2982 0.0000 1650410883316 307978.5000 -0.1994
-2.7628 26.2384 -18.6765 0.0000 1650410883346 308007.5000 -0.1994
-3.4365 27.0405 -22.4551 0.0000 1650410883374 308036.5000 -0.1999
-5.3472 22.5859 -17.3265 0.0000 1650410883404 308065.5000 -0.2000
1.3262 21.2232 -18.8413 0.0000 1650410883432 308094.5000 -0.2004
-0.9579 26.1265 -17.0050 0.0000 1650410883461 308122.5000 -0.2004
-1.9797 27.0825 -23.1652 0.0000 1650410883490 308152.5000 -0.2004
1.4027 27.3111 -26.0674 0.0000 1650410883519 308181.5000 -0.2004
-3.2428 29.6602 -24.0575 0.0000 1650410883548 308211.2500 -0.2004
-5.6445 25.4848 -20.7955 0.0000 1650410883577 308239.5000 -0.2004
-2.6209 33.2104 -26.6448 0.0000 1650410883606 308268.5000 -0.2004
-3.9702 34.5077 -25.5408 0.0000 1650410883635 308297.5000 -0.2004
-6.4866 30.1282 -26.7950 0.0000 1650410883664 308326.5000 -0.2004
1.7478 33.8149 -24.3725 0.0000 1650410883692 308355.2500 -0.2004
-1.9974 28.5888 -27.5605 0.0000 1650410883722 308384.2500 -0.2004
4.9180 25.2902 -27.6835 0.0000 1650410883751 308413.2500 -0.2004
-2.3253 30.1857 -20.7026 0.0000 1650410883780 308442.0000 -0.2004
-4.4020 25.0136 -24.7044 0.0000 1650410883809 308471.0000 -0.2004
6.0619 28.8344 -22.8109 0.0000 1650410883838 308500.0000 -0.2000
-9.8011 19.8124 -21.5316 0.0000 1650410883867 308529.0000 -0.1999
-6.0445 22.4747 -24.5668 0.0000 1650410883896 308558.0000 -0.1999
-2.1156 27.4748 -22.7815 0.0000 1650410883925 308587.0000 -0.1999
-4.0871 23.7525 -20.1301 0.0000 1650410883954 308617.5000 -0.1995
-1.1325 21.3406 -20.9774 0.0000 1650410883983 308646.0000 -0.1994
-0.0961 25.7016 -20.0820 0.0000 1650410884011 308674.0000 -0.1994
-6.6390 22.9496 -25.8162 0.0000 1650410884040 308703.0000 -0.1994
-2.0644 28.0039 -26.1817 0.0000 1650410884069 308732.0000 -0.1994
-4.3047 30.4342 -22.3827 0.0000 1650410884099 308760.7500 -0.1994
-3.3301 23.7588 -23.2542 0.0000 1650410884128 308789.7500 -0.1994
-0.4142 33.7395 -24.9975 0.0000 1650410884157 308818.7500 -0.1994
-1.2137 30.3194 -23.7020 0.0000 1650410884186 308847.7500 -0.1995
-4.5834 25.7944 -20.8077 0.0000 1650410884215 308876.0000 -0.1999
-0.1881 26.9404 -20.9556 0.0000 1650410884244 308905.0000 -0.1999
-3.2646 30.6677 -25.3744 0.0000 1650410884272 308934.5000 -0.1999
-2.1601 28.9707 -22.2796 0.0000 1650410884302 308963.2500 -0.2000
-0.7894 25.4027 -19.3298 0.0000 1650410884330 308992.5000 -0.2004
-4.0384 27.8111 -20.9574 0.0000 1650410884359 309021.5000 -0.2004
5.2403 30.1012 -18.6715 0.0000 1650410884388 309050.5000 -0.2004
-1.2873 28.2796 -21.8128 0.0000 1650410884417 309079.5000 -0.2005
-5.6316 19.9913 -18.1715 0.0000 1650410884446 309108.5000 -0.2009
-1.3432 29.5910 -27.0230 0.0000 1650410884475 309137.5000 -0.2009
-4.5813 28.5726 -25.0907 0.0000 1650410884504 309166.5000 -0.2005
-4.2058 26.2789 -22.7127 0.0000 1650410884534 309195.5000 -0.2004
1.0777 29.1360 -21.6014 0.0000 1650410884563 309224.5000 -0.2004
-3.0020 31.9158 -25.9900 0.0000 1650410884591 309253.5000 -0.2004
-3.1604 32.1333 -27.4663 0.0000 1650410884620 309282.5000 -0.2000
-5.7950 32.1556 -25.3862 0.0000 1650410884649 309311.5000 -0.1999
-3.0563 24.9538 -19.3952 0.0000 1650410884678 309340.5000 -0.2002
-1.7977 34.1244 -23.6559 0.0000 1650410884707 309369.5000 -0.2004
-3.6349 29.6609 -24.2954 0.0000 1650410884736 309399.7500 -0.2000
-3.2740 22.4032 -23.7242 0.0000 1650410884765 309427.0000 -0.1999
2.4748 26.3111 -19.3659 0.0000 1650410884794 309456.2500 -0.1999
-5.2736 36.3711 -19.6447 0.0000 1650410884823 309485.2500 -0.1999
-9.4396 36.0183 -17.1111 0.0000 1650410884852 309514.2500 -0.1999
-1.3831 26.1255 -18.3305 0.0000 1650410884881 309543.2500 -0.1999
0.3206 18.8615 -23.8697 0.0000 1650410884910 309572.0000 -0.1999
-0.9202 27.1283 -21.3304 0.0000 1650410884939 309601.0000 -0.1999
-4.4012 23.8568 -20.8374 0.0000 1650410884968 309630.0000 -0.1999
-0.3786 18.2928 -22.8902 0.0000 1650410884997 309661.5000 -0.1999
2.2805 29.0122 -21.7527 0.0000 1650410885026 309687.7500 -0.1999
-4.9788 26.2626 -25.7826 0.0000 1650410885055 309717.0000 -0.1999
-6.5485 25.6166 -25.1663 0.0000 1650410885084 309746.7500 -0.1999
0.5528 30.0026 -19.5675 0.0000 1650410885113 309775.0000 -0.1999
-3.1924 29.5180 -25.0621 0.0000 1650410885142 309804.0000 -0.1999
-2.2158 28.6602 -26.9366 0.0000 1650410885170 309833.0000 -0.1999
-2.4581 29.3359 -22.2858 0.0000 1650410885199 309861.7500 -0.2000
0.7448 29.2939 -25.8405 0.0000 1650410885228 309890.7500 -0.2004
-0.5406 27.0543 -22.7751 0.0000 1650410885258 309919.7500 -0.2004
-0.4028 28.6748 -24.2436 0.0000 1650410885286 309948.7500 -0.2004
-1.7121 25.2309 -18.3206 0.0000 1650410885316 309977.5000 -0.2004
0.0052 26.1564 -19.0352 0.0000 1650410885345 310006.5000 -0.2004
-0.5032 27.9638 -23.9811 0.0000 1650410885374 310035.5000 -0.2004
-5.1050 23.6371 -21.4118 0.0000 1650410885403 310064.5000 -0.2004
0.7511 27.6003 -18.5098 0.0000 1650410885431 310093.5000 -0.2004
-1.3717 28.9478 -25.0192 0.0000 1650410885461 310122.5000 -0.2004
-0.9661 29.1665 -23.8397 0.0000 1650410885489 310151.5000 -0.2004
-3.3260 28.9784 -24.3058 0.0000 1650410885518 310182.0000 -0.2000
-4.4000 29.1070 -21.8685 0.0000 1650410885547 310209.0000 -0.1999
0.0786 33.9940 -23.1343 0.0000 1650410885576 310238.5000 -0.1999
1.7835 29.0232 -28.2266 0.0000 1650410885605 310267.5000 -0.1999
-4.8060 29.6937 -23.6119 0.0000 1650410885634 310296.5000 -0.1999
-0.7896 27.5238 -22.3201 0.0000 1650410885663 310325.5000 -0.1999
-5.0322 27.4993 -22.1107 0.0000 1650410885693 310354.5000 -0.1995
-3.4241 31.9963 -26.5494 0.0000 1650410885722 310383.5000 -0.1994
0.9860 27.8181 -22.2409 0.0000 1650410885750 310412.2500 -0.1994
-3.1629 28.2214 -24.2350 0.0000 1650410885780 310441.2500 -0.1994
0.0407 29.1060 -27.4012 0.0000 1650410885808 310470.5000 -0.1994
-0.7457 27.4878 -20.6467 0.0000 1650410885837 310499.5000 -0.1994
-2.1125 18.3468 -18.1982 0.0000 1650410885866 310528.0000 -0.1994
-1.7436 26.5758 -21.6249 0.0000 1650410885895 310557.2500 -0.1994
-2.8550 26.7372 -25.2738 0.0000 1650410885924 310586.2500 -0.1998
-6.0326 23.2016 -22.3011 0.0000 1650410885953 310615.2500 -0.1999
-0.1202 24.9068 -18.0356 0.0000 1650410885982 310644.2500 -0.1999
-2.3779 22.2117 -24.5327 0.0000 1650410886011 310673.0000 -0.1999
-1.7857 29.0461 -25.9202 0.0000 1650410886040 310702.0000 -0.1999
-1.9896 30.1024 -23.7508 0.0000 1650410886069 310731.0000 -0.2002
-1.6522 23.0856 -23.5140 0.0000 1650410886098 310760.0000 -0.2004
0.4373 28.6611 -20.9425 0.0000 1650410886127 310789.0000 -0.2004
-11.8638 27.7623 -16.8367 0.0000 1650410886156 310818.0000 -0.2004
-5.2160 25.8882 -22.2582 0.0000 1650410886185 310847.0000 -0.2004
-0.2522 28.9577 -22.6752 0.0000 1650410886214 310876.0000 -0.2004
-0.3936 30.5181 -24.9360 0.0000 1650410886243 310905.0000 -0.2004
-0.4920 28.1117 -26.4298 0.0000 1650410886272 310933.7500 -0.2004
-0.8634 30.0922 -20.7803 0.0000 1650410886301 310963.7500 -0.2004
0.5820 27.2995 -24.4690 0.0000 1650410886329 310991.7500 -0.2004
-0.5341 27.6525 -24.5297 0.0000 1650410886359 311020.7500 -0.2004
-2.4286 28.8815 -21.0961 0.0000 1650410886387 311049.7500 -0.2004
0.3532 20.3447 -22.0641 0.0000 1650410886416 311078.5000 -0.2004
-0.3945 27.3236 -23.7424 0.0000 1650410886446 311107.5000 -0.2004
-3.4211 28.6193 -23.4690 0.0000 1650410886475 311136.5000 -0.2000
-2.3020 24.5074 -25.3956 0.0000 1650410886504 311165.5000 -0.1999
-0.6430 29.8913 -21.8495 0.0000 1650410886533 311194.0000 -0.1999
-3.1872 31.4737 -26.0090 0.0000 1650410886562 311224.7500 -0.1999
-3.0504 32.1143 -26.2732 0.0000 1650410886591 311252.5000 -0.1999
-3.0373 32.3950 -24.5770 0.0000 1650410886620 311281.2500 -0.1999
-1.6610 28.5409 -23.5786 0.0000 1650410886648 311310.5000 -0.1999
-0.8821 34.6014 -24.9243 0.0000 1650410886677 311339.5000 -0.1999
-7.3725 24.0140 -19.4507 0.0000 1650410886706 311368.5000 -0.1999
-1.2061 26.6474 -25.2738 0.0000 1650410886735 311397.5000 -0.1999
-6.2514 18.1640 -24.5785 0.0000 1650410886764 311426.5000 -0.1999
-6.0597 23.5873 -21.2692 0.0000 1650410886793 311455.5000 -0.1999
0.9445 26.3338 -22.5986 0.0000 1650410886822 311484.5000 -0.2002
-1.0759 24.0743 -14.5468 0.0000 1650410886852 311513.5000 -0.2004
-8.0945 23.0697 -15.4356 0.0000 1650410886881 311542.5000 -0.2004
0.0048 26.2788 -23.8647 0.0000 1650410886909 311571.5000 -0.2004
-4.3705 23.8907 -21.4804 0.0000 1650410886939 311600.5000 -0.2004
-2.6435 21.5285 -19.8532 0.0000 1650410886967 311629.5000 -0.2004
-4.2158 27.1155 -24.5618 0.0000 1650410886996 311658.5000 -0.2004
-5.7856 23.8062 -23.7253 0.0000 1650410887025 311687.2500 -0.2004
-4.4748 21.5147 -26.7267 0.0000 1650410887054 311715.7500 -0.2004
4.4140 32.6574 -17.0045 0.0000 1650410887083 311744.7500 -0.2004
-7.6728 25.1449 -19.8644 0.0000 1650410887112 311774.0000 -0.2004
-0.1749 30.8469 -25.1604 0.0000 1650410887141 311803.0000 -0.2004
-4.8551 30.1354 -23.5934 0.0000 1650410887170 311832.0000 -0.2004
-2.2186 29.7026 -24.7372 0.0000 1650410887199 311861.0000 -0.2004
-1.3661 30.7292 -26.8066 0.0000 1650410887228 311890.0000 -0.2004
-3.7514 32.2511 -24.8272 0.0000 1650410887258 311919.0000 -0.2000
-0.8110 29.1552 -23.6802 0.0000 1650410887286 311948.0000 -0.1999
1.3908 29.6101 -21.5705 0.0000 1650410887315 311976.0000 -0.1995
-6.5318 27.5724 -21.8753 0.0000 1650410887344 312006.0000 -0.1994
-1.6937 29.2038 -25.6787 0.0000 1650410887373 312035.0000 -0.1994
-1.6797 27.1825 -18.9653 0.0000 1650410887402 312063.7500 -0.1994
-4.0934 24.0921 -19.5211 0.0000 1650410887431 312092.7500 -0.1994
1.3072 29.3728 -21.9408 0.0000 1650410887460 312121.7500 -0.1994
-2.3818 28.4607 -24.5148 0.0000 1650410887488 312150.7500 -0.1994
-3.8632 26.6628 -18.6527 0.0000 1650410887518 312179.7500 -0.1994
-3.9725 31.3955 -25.4768 0.0000 1650410887546 312208.5000 -0.1994
-1.2289 28.6804 -26.0162 0.0000 1650410887575 312237.5000 -0.1994
-3.3874 25.4663 -21.1196 0.0000 1650410887605 312266.5000 -0.1994
-2.3090 29.5603 -23.8606 0.0000 1650410887634 312295.5000 -0.1994
-3.3139 30.9384 -23.7377 0.0000 1650410887663 312324.5000 -0.1994
9.0227 31.1554 -13.7996 0.0000 1650410887692 312353.5000 -0.1999
0.7396 31.0264 -21.4133 0.0000 1650410887721 312382.5000 -0.1999
-5.7868 31.1510 -20.0168 0.0000 1650410887750 312411.5000 -0.1999
-0.4596 31.1845 -23.4727 0.0000 1650410887779 312440.5000 -0.1999
-4.6741 23.6721 -21.2633 0.0000 1650410887807 312469.2500 -0.1999
7.0938 12.1033 -11.7535 0.0000 1650410887836 312497.5000 -0.1999
0.3113 27.4465 -20.6187 0.0000 1650410887865 312527.5000 -0.1999
-0.4753 24.8308 -24.8186 0.0000 1650410887894 312556.5000 -0.1999
-0.0282 27.6302 -25.5002 0.0000 1650410887923 312585.5000 -0.1999
-0.4595 23.8657 -19.8595 0.0000 1650410887952 312614.5000 -0.1999
-4.6394 22.2143 -21.3061 0.0000 1650410887981 312643.5000 -0.1999
0.3987 29.0496 -23.4497 0.0000 1650410888010 312672.5000 -0.1999
-5.7561 24.3422 -19.7126 0.0000 1650410888040 312701.5000 -0.1994
-1.4241 21.8926 -26.1015 0.0000 1650410888069 312730.2500 -0.1994
-1.3582 32.7610 -25.8258 0.0000 1650410888098 312758.5000 -0.1990
-3.9664 29.3824 -22.8837 0.0000 1650410888126 312788.2500 -0.1989
-4.2421 29.1703 -24.6464 0.0000 1650410888155 312816.7500 -0.1989
3.8641 33.1614 -19.8436 0.0000 1650410888184 312846.2500 -0.1989
-1.9586 29.7273 -28.9764 0.0000 1650410888213 312875.2500 -0.1989
-1.2157 32.1554 -27.0587 0.0000 1650410888242 312904.0000 -0.1989
-3.3664 29.5834 -22.4522 0.0000 1650410888271 312933.0000 -0.1989
-0.9690 30.1063 -23.5664 0.0000 1650410888300 312962.0000 -0.1989
-3.7206 31.7410 -26.5672 0.0000 1650410888329 312991.0000 -0.1989
-1.5442 30.6114 -21.9797 0.0000 1650410888358 313020.0000 -0.1989
-4.3931 26.3348 -20.2461 0.0000 1650410888387 313049.0000 -0.1989
2.2936 28.3100 -23.0616 0.0000 1650410888416 313078.0000 -0.1989
-3.0971 27.8164 -22.3330 0.0000 1650410888445 313107.0000 -0.1989
-1.1665 29.6441 -24.0617 0.0000 1650410888474 313136.0000 -0.1994
-1.7646 24.6668 -17.9822 0.0000 1650410888503 313165.0000 -0.1994
-0.3950 26.5321 -27.1052 0.0000 1650410888532 313193.7500 -0.1994
-0.1834 30.0379 -21.9601 0.0000 1650410888561 313222.7500 -0.1994
-0.5786 28.4010 -23.5794 0.0000 1650410888590 313251.2500 -0.1994
-0.8166 27.5752 -22.0658 0.0000 1650410888619 313280.5000 -0.1994
-2.0692 30.8641 -25.4004 0.0000 1650410888648 313309.5000 -0.1994
-3.1124 30.2619 -23.8687 0.0000 1650410888677 313338.5000 -0.1994
-4.8395 29.0890 -23.7941 0.0000 1650410888705 313367.5000 -0.1994
1.8288 29.3475 -20.4253 0.0000 1650410888734 313396.5000 -0.1994
-3.9557 24.9219 -22.3687 0.0000 1650410888764 313425.5000 -0.1990
0.5323 28.4992 -25.2169 0.0000 1650410888793 313454.5000 -0.1989
2.6687 32.0916 -24.0527 0.0000 1650410888822 313483.5000 -0.1989
2.8571 26.4237 -20.2562 0.0000 1650410888851 313513.5000 -0.1989
0.2794 27.6882 -22.1104 0.0000 1650410888880 313541.5000 -0.1989
1.0755 29.4646 -23.1989 0.0000 1650410888909 313570.5000 -0.1989
-3.5570 22.4666 -21.4331 0.0000 1650410888938 313599.2500 -0.1989
-6.4051 18.7559 -31.2849 0.0000 1650410888966 313628.5000 -0.1989
-1.1646 28.5650 -23.6965 0.0000 1650410888996 313657.5000 -0.1985
-1.2435 24.3240 -22.1616 0.0000 1650410889024 313686.5000 -0.1984
2.1263 23.1071 -17.9473 0.0000 1650410889053 313715.5000 -0.1984
-2.8728 27.8703 -24.8651 0.0000 1650410889082 313744.5000 -0.1984
-0.1433 29.2694 -29.4262 0.0000 1650410889112 313773.5000 -0.1984
-4.4314 31.5509 -23.6124 0.0000 1650410889140 313802.5000 -0.1984
-2.8357 21.5768 -19.1373 0.0000 1650410889169 313831.5000 -0.1984
-3.2106 35.0079 -24.1422 0.0000 1650410889199 313860.5000 -0.1984
-1.0155 32.4039 -23.5063 0.0000 1650410889228 313889.5000 -0.1980
-5.5401 31.5639 -23.3753 0.0000 1650410889257 313918.2500 -0.1979
1.1116 31.2829 -23.0847 0.0000 1650410889285 313947.2500 -0.1980
-1.8143 29.5291 -25.9140 0.0000 1650410889315 313976.2500 -0.1984
-1.7460 31.7466 -25.1436 0.0000 1650410889343 314005.0000 -0.1984
-1.4982 26.9777 -19.4643 0.0000 1650410889372 314033.5000 -0.1984
-1.7236 25.7036 -23.2264 0.0000 1650410889401 314063.0000 -0.1985
1.5531 30.6828 -22.1425 0.0000 1650410889430 314092.0000 -0.1989
-3.4414 29.3534 -21.8124 0.0000 1650410889459 314121.0000 -0.1989
-4.7683 23.5527 -19.3724 0.0000 1650410889488 314150.0000 -0.1984
-0.9239 27.2755 -23.3603 0.0000 1650410889517 314179.0000 -0.1985
-1.1879 28.8960 -23.0266 0.0000 1650410889546 314208.0000 -0.1989
-2.2155 25.7982 -20.0550 0.0000 1650410889576 314237.0000 -0.1989
-1.6383 25.5564 -21.1843 0.0000 1650410889604 314265.7500 -0.1989
-0.1824 29.6799 -27.7199 0.0000 1650410889633 314295.0000 -0.1989
-1.5752 31.0223 -25.5359 0.0000 1650410889662 314323.7500 -0.1989
-4.0329 28.5839 -23.7299 0.0000 1650410889691 314352.5000 -0.1989
-4.5315 24.9240 -17.9010 0.0000 1650410889720 314381.7500 -0.1989
-0.4610 31.8473 -24.5607 0.0000 1650410889749 314410.7500 -0.1989
-3.4023 27.7768 -25.5735 0.0000 1650410889778 314439.5000 -0.1985
-2.2626 23.9858 -25.1525 0.0000 1650410889807 314468.5000 -0.1984
0.5957 29.9581 -22.6588 0.0000 1650410889836 314497.5000 -0.1984
-5.8961 22.3465 -21.4476 0.0000 1650410889864 314526.5000 -0.1984
-1.9216 29.3291 -26.8732 0.0000 1650410889894 314555.5000 -0.1984
1.0135 27.4259 -19.1154 0.0000 1650410889923 314584.5000 -0.1984
-5.2657 24.7159 -23.8602 0.0000 1650410889952 314613.5000 -0.1984
1.1721 28.6957 -26.1115 0.0000 1650410889981 314642.5000 -0.1984
-3.3543 24.9788 -24.0554 0.0000 1650410890010 314671.5000 -0.1984
-5.0330 19.2353 -21.1501 0.0000 1650410890039 314700.5000 -0.1984
1.7815 31.3498 -24.9190 0.0000 1650410890068 314729.5000 -0.1984
-4.7185 23.9158 -22.1866 0.0000 1650410890097 314758.5000 -0.1984
-3.9281 24.4673 -18.9462 0.0000 1650410890126 314787.0000 -0.1984
0.7990 29.2302 -21.1419 0.0000 1650410890155 314816.2500 -0.1984
-4.5856 25.7981 -23.2378 0.0000 1650410890183 314845.5000 -0.1984
-1.9388 31.3009 -25.8573 0.0000 1650410890212 314874.5000 -0.1989
-5.4937 28.0889 -24.3058 0.0000 1650410890241 314903.5000 -0.1989
-4.8837 29.2395 -21.9577 0.0000 1650410890270 314932.5000 -0.1989
-0.4051 31.8450 -24.1964 0.0000 1650410890299 314961.5000 -0.1989
-3.1458 30.4627 -24.4446 0.0000 1650410890329 314990.5000 -0.1989
-3.9504 26.3418 -20.9702 0.0000 1650410890358 315019.2500 -0.1989
-1.7508 28.7807 -22.7552 0.0000 1650410890387 315049.5000 -0.1989
-3.4212 27.0285 -22.8954 0.0000 1650410890416 315076.7500 -0.1989
-2.9480 31.3205 -24.2013 0.0000 1650410890444 315106.2500 -0.1989
-1.5905 26.2798 -17.7389 0.0000 1650410890474 315134.5000 -0.1989
0.1399 28.9267 -22.3058 0.0000 1650410890502 315164.0000 -0.1989
1.1746 29.3235 -23.1702 0.0000 1650410890531 315193.0000 -0.1989
-4.9129 24.8623 -21.2057 0.0000 1650410890560 315222.0000 -0.1989
-2.5974 27.0768 -22.5025 0.0000 1650410890589 315251.0000 -0.1989
-0.9842 30.8477 -25.0185 0.0000 1650410890618 315280.0000 -0.1989
-1.9984 28.9522 -27.0731 0.0000 1650410890647 315309.0000 -0.1989
-2.8957 28.1501 -20.9488 0.0000 1650410890676 315338.0000 -0.1985
-2.0159 27.9696 -23.1950 0.0000 1650410890705 315367.0000 -0.1984
-2.3379 24.2276 -24.2310 0.0000 1650410890734 315396.0000 -0.1984
-1.2017 30.5266 -27.4658 0.0000 1650410890763 315425.0000 -0.1984
-10.6924 21.9513 -28.7387 0.0000 1650410890792 315453.7500 -0.1984
-5.5384 23.1422 -23.8446 0.0000 1650410890821 315482.7500 -0.1984
2.0006 34.1479 -26.4502 0.0000 1650410890850 315511.7500 -0.1984
-4.2009 27.7574 -22.5284 0.0000 1650410890879 315540.5000 -0.1984
0.6889 22.9514 -23.8963 0.0000 1650410890908 315570.5000 -0.1984
0.7071 30.1280 -26.4902 0.0000 1650410890937 315598.2500 -0.1984
-2.3566 25.7414 -25.8276 0.0000 1650410890966 315627.5000 -0.1984
-1.1643 25.6200 -27.1122 0.0000 1650410890995 315656.5000 -0.1984
-0.6078 27.5712 -22.3451 0.0000 1650410891023 315685.5000 -0.1988
-3.7115 26.2202 -27.6156 0.0000 1650410891053 315714.5000 -0.1989
-0.2499 28.5801 -25.3977 0.0000 1650410891081 315743.5000 -0.1989
-7.4107 24.0994 -31.1959 0.0000 1650410891111 315772.5000 -0.1989
-2.3967 26.1226 -25.3869 0.0000 1650410891140 315804.5000 -0.1989
1.3825 35.8797 -19.7590 0.0000 1650410891169 315829.7500 -0.1989
-6.2735 29.3508 -22.8629 0.0000 1650410891198 315859.5000 -0.1989
-8.7613 25.5488 -20.1861 0.0000 1650410891227 315890.0000 -0.1994
-2.2744 31.3907 -22.7421 0.0000 1650410891256 315917.0000 -0.1994
-3.6337 31.7343 -23.4423 0.0000 1650410891285 315946.5000 -0.1994
-1.2577 29.1821 -25.1054 0.0000 1650410891314 315975.5000 -0.1994
-3.0840 25.3757 -18.9407 0.0000 1650410891342 316004.5000 -0.1989
-3.2537 28.7919 -20.7568 0.0000 1650410891372 316033.5000 -0.1989
-2.8821 29.7415 -22.9245 0.0000 1650410891400 316062.5000 -0.1989
-2.4649 26.5222 -20.5566 0.0000 1650410891429 316091.5000 -0.1989
-4.7572 23.1577 -21.4861 0.0000 1650410891458 316120.5000 -0.1989
-0.1181 29.3323 -22.8267 0.0000 1650410891488 316149.2500 -0.1989
-0.7135 26.3557 -24.6863 0.0000 1650410891517 316178.2500 -0.1985
-2.4349 24.1786 -19.0985 0.0000 1650410891546 316207.2500 -0.1984
1.5671 26.0221 -21.2519 0.0000 1650410891575 316236.0000 -0.1984
-0.7367 27.8228 -24.7957 0.0000 1650410891603 316265.0000 -0.1984
-0.8339 30.6891 -27.5568 0.0000 1650410891633 316294.0000 -0.1980
-1.7841 32.0795 -24.8691 0.0000 1650410891661 316322.7500 -0.1979
-0.3329 30.0398 -22.0877 0.0000 1650410891690 316352.7500 -0.1979
0.7347 33.4080 -24.9365 0.0000 1650410891719 316381.0000 -0.1979
-7.4644 28.0210 -22.3029 0.0000 1650410891748 316410.0000 -0.1979
-6.6698 28.3151 -25.6695 0.0000 1650410891777 316439.0000 -0.1979
1.0481 28.5123 -23.7046 0.0000 1650410891806 316468.0000 -0.1979
4.6094 24.1524 -31.5724 0.0000 1650410891835 316497.0000 -0.1979
0.0669 29.4917 -27.6841 0.0000 1650410891864 316526.0000 -0.1979
0.0764 24.3168 -19.5567 0.0000 1650410891893 316554.7500 -0.1979
-4.3669 21.9142 -21.6623 0.0000 1650410891922 316583.0000 -0.1980
-2.5097 30.0214 -26.2406 0.0000 1650410891952 316614.0000 -0.1984
-4.9404 27.6478 -19.6325 0.0000 1650410891980 316641.7500 -0.1984
-1.8023 24.0447 -25.1616 0.0000 1650410892009 316670.5000 -0.1984
-5.0213 30.8679 -28.7205 0.0000 1650410892038 316699.5000 -0.1984
-7.1955 25.8482 -23.7164 0.0000 1650410892067 316728.5000 -0.1984
-6.4828 25.0766 -23.8532 0.0000 1650410892096 316757.5000 -0.1984
-2.0413 28.4228 -21.9508 0.0000 1650410892125 316786.5000 -0.1984
-2.8429 23.0941 -21.1531 0.0000 1650410892154 316815.5000 -0.1984
-6.6806 36.6137 -20.6872 0.0000 1650410892183 316844.5000 -0.1984
-4.0067 31.4579 -24.0514 0.0000 1650410892212 316873.5000 -0.1984
-6.0983 27.2350 -20.7022 0.0000 1650410892240 316902.5000 -0.1984
-2.2452 30.1724 -24.3471 0.0000 1650410892270 316931.5000 -0.1984
-2.6010 29.7618 -22.8107 0.0000 1650410892299 316960.5000 -0.1984
-4.6493 26.0220 -22.1386 0.0000 1650410892328 316989.5000 -0.1984
-1.9156 29.6962 -22.8254 0.0000 1650410892357 317018.5000 -0.1980
-2.7772 28.1737 -23.8395 0.0000 1650410892386 317047.5000 -0.1979
-6.3414 27.9948 -23.9889 0.0000 1650410892415 317076.5000 -0.1979
0.2296 25.7523 -20.1309 0.0000 1650410892444 317105.2500 -0.1979
-0.6461 25.8816 -22.1128 0.0000 1650410892473 317134.0000 -0.1976
0.3907 30.9086 -23.7095 0.0000 1650410892501 317163.5000 -0.1974
-4.5553 26.6576 -20.9477 0.0000 1650410892531 317192.5000 -0.1978
-3.2729 26.4362 -20.6224 0.0000 1650410892559 317221.5000 -0.1979
-1.7837 30.2331 -24.3873 0.0000 1650410892588 317250.2500 -0.1979
-3.7632 21.5705 -20.2254 0.0000 1650410892617 317279.2500 -0.1979
-4.8614 27.5641 -21.5545 0.0000 1650410892647 317308.2500 -0.1979
-0.5255 30.2831 -23.2245 0.0000 1650410892676 317338.5000 -0.1979
-1.3465 29.5184 -26.6558 0.0000 1650410892704 317367.0000 -0.1979
-3.3395 30.1734 -28.6794 0.0000 1650410892734 317395.0000 -0.1979
-2.3128 30.4478 -22.9284 0.0000 1650410892763 317424.0000 -0.1979
-1.5697 28.9138 -25.2378 0.0000 1650410892792 317452.7500 -0.1984
-2.4037 29.9207 -25.6830 0.0000 1650410892820 317482.0000 -0.1984
-7.6606 26.5452 -21.4951 0.0000 1650410892849 317511.0000 -0.1984
-4.0488 25.3324 -23.9573 0.0000 1650410892878 317540.0000 -0.1984
-0.4123 33.9871 -23.2333 0.0000 1650410892907 317569.0000 -0.1989
-2.2835 26.5207 -26.5385 0.0000 1650410892936 317598.0000 -0.1989
-4.2747 26.6004 -24.0585 0.0000 1650410892965 317627.0000 -0.1989
-2.0846 27.2441 -19.4112 0.0000 1650410892994 317655.7500 -0.1989
-6.4829 20.1416 -20.4338 0.0000 1650410893023 317684.7500 -0.1984
-1.0597 27.3589 -19.0028 0.0000 1650410893053 317713.7500 -0.1984
-2.8309 29.6138 -20.7726 0.0000 1650410893081 317742.7500 -0.1984
-4.6490 19.6039 -20.2624 0.0000 1650410893111 317771.5000 -0.1984
0.3710 27.3996 -21.1959 0.0000 1650410893139 317800.5000 -0.1984
-6.4363 26.2881 -18.0026 0.0000 1650410893168 317829.5000 -0.1984
-12.5145 32.3736 -13.0213 0.0000 1650410893197 317858.5000 -0.1980
-3.8354 32.3692 -20.4763 0.0000 1650410893226 317888.5000 -0.1979
-4.4082 29.1850 -24.0966 0.0000 1650410893255 317916.5000 -0.1979
-2.2859 30.7212 -25.1691 0.0000 1650410893284 317945.5000 -0.1979
-0.2792 27.8716 -22.7904 0.0000 1650410893313 317974.5000 -0.1979
-2.7528 29.3054 -21.5023 0.0000 1650410893342 318003.5000 -0.1979
-1.3605 28.3558 -23.9749 0.0000 1650410893371 318032.5000 -0.1979
-2.0560 28.6882 -22.2401 0.0000 1650410893399 318061.5000 -0.1979
-3.6768 27.1038 -21.3948 0.0000 1650410893429 318090.5000 -0.1979
0.6007 26.8772 -22.5134 0.0000 1650410893458 318119.2500 -0.1979
0.8650 26.5759 -23.3180 0.0000 1650410893487 318149.7500 -0.1979
-3.3242 26.0663 -23.8954 0.0000 1650410893516 318177.5000 -0.1979
1.5137 25.3909 -22.5598 0.0000 1650410893545 318206.0000 -0.1979
-2.6485 30.2420 -22.0370 0.0000 1650410893574 318235.5000 -0.1984
-0.7563 30.8607 -23.0874 0.0000 1650410893603 318264.5000 -0.1984
-0.7762 31.1232 -25.2549 0.0000 1650410893632 318293.5000 -0.1984
-2.9990 32.1233 -24.4353 0.0000 1650410893660 318322.5000 -0.1984
-2.5110 34.1888 -24.6069 0.0000 1650410893690 318351.5000 -0.1984
-3.8361 27.8517 -24.5667 0.0000 1650410893718 318380.2500 -0.1984
1.2999 17.1291 -26.2999 0.0000 1650410893747 318409.2500 -0.1984
-0.8772 28.2764 -25.6554 0.0000 1650410893776 318438.2500 -0.1984
-5.3587 25.4992 -23.3348 0.0000 1650410893805 318467.0000 -0.1989
0.5988 30.6132 -28.5315 0.0000 1650410893834 318496.0000 -0.1989
0.4196 26.7649 -21.1375 0.0000 1650410893864 318525.0000 -0.1985
-0.8916 19.8416 -27.7211 0.0000 1650410893893 318554.0000 -0.1984
-2.0217 29.3654 -26.5364 0.0000 1650410893922 318583.0000 -0.1979
-3.9188 26.6756 -24.4220 0.0000 1650410893951 318612.0000 -0.1979
-2.4894 17.9990 -24.0967 0.0000 1650410893979 318640.5000 -0.1979
-2.7735 29.8669 -25.7928 0.0000 1650410894009 318671.2500 -0.1979
-6.0294 19.8185 -20.1044 0.0000 1650410894037 318699.0000 -0.1979
-5.2261 19.8275 -18.2101 0.0000 1650410894066 318728.0000 -0.1979
-0.7298 26.7629 -20.8357 0.0000 1650410894095 318757.0000 -0.1979
-7.1576 21.3568 -19.9141 0.0000 1650410894124 318785.7500 -0.1979
0.1223 28.0902 -18.9120 0.0000 1650410894153 318814.7500 -0.1978
-7.3140 27.8303 -20.9538 0.0000 1650410894182 318843.7500 -0.1974
-1.9755 30.6748 -23.5711 0.0000 1650410894211 318872.7500 -0.1978
-3.7015 29.4629 -25.2884 0.0000 1650410894241 318902.5000 -0.1979
-8.1509 26.2819 -18.8272 0.0000 1650410894270 318930.5000 -0.1978
-4.4010 26.5727 -22.8518 0.0000 1650410894298 318959.5000 -0.1974
0.2974 30.1377 -22.6624 0.0000 1650410894327 318989.7500 -0.1978
1.4361 27.5787 -23.6779 0.0000 1650410894356 319017.5000 -0.1979
-3.0050 29.4818 -22.8372 0.0000 1650410894385 319046.5000 -0.1979
-2.4836 26.2341 -17.8970 0.0000 1650410894414 319075.5000 -0.1979
-0.1075 24.9885 -21.0938 0.0000 1650410894443 319104.5000 -0.1979
-2.5654 27.6639 -24.9663 0.0000 1650410894472 319133.5000 -0.1979
-3.2645 27.7643 -20.0784 0.0000 1650410894501 319162.5000 -0.1980
-4.1031 23.0527 -19.5221 0.0000 1650410894530 319191.5000 -0.1984
0.9187 25.5369 -21.6371 0.0000 1650410894558 319220.5000 -0.1984
0.1858 27.9178 -25.0731 0.0000 1650410894588 319249.5000 -0.1984
-2.7485 29.1505 -22.0975 0.0000 1650410894617 319278.5000 -0.1984
-0.6570 29.8745 -25.8862 0.0000 1650410894646 319307.5000 -0.1984
-3.1697 32.1601 -25.0246 0.0000 1650410894675 319336.5000 -0.1984
-0.7881 28.3113 -24.9232 0.0000 1650410894704 319365.5000 -0.1984
-7.9085 26.2080 -21.2718 0.0000 1650410894733 319394.5000 -0.1984
-0.1770 25.5238 -26.1820 0.0000 1650410894762 319424.7500 -0.1984
0.5605 32.5427 -21.8139 0.0000 1650410894791 319452.5000 -0.1984
-4.2444 28.2816 -25.0572 0.0000 1650410894820 319481.2500 -0.1980
-3.4011 28.5301 -12.7484 0.0000 1650410894849 319510.2500 -0.1979
2.4451 26.6000 -20.9211 0.0000 1650410894877 319539.2500 -0.1979
-5.9952 23.0427 -21.6492 0.0000 1650410894906 319568.2500 -0.1979
-2.1859 20.9526 -25.9503 0.0000 1650410894935 319597.0000 -0.1979
4.7359 26.8667 -19.2646 0.0000 1650410894964 319626.0000 -0.1979
-2.3173 27.8618 -25.5879 0.0000 1650410894993 319654.7500 -0.1979
-3.3366 30.5602 -26.1551 0.0000 1650410895023 319683.2500 -0.1979
1.7218 28.6344 -21.2184 0.0000 1650410895052 319713.0000 -0.1979
-7.9287 26.4435 -19.7764 0.0000 1650410895081 319741.7500 -0.1979
-0.1248 26.9892 -22.5399 0.0000 1650410895110 319771.0000 -0.1979
-4.9757 25.7444 -22.3377 0.0000 1650410895138 319800.0000 -0.1979
-1.4613 20.0413 -15.4306 0.0000 1650410895168 319829.0000 -0.1979
-6.4514 25.9319 -26.9477 0.0000 1650410895196 319858.0000 -0.1979
-4.6449 30.4384 -23.2015 0.0000 1650410895225 319886.7500 -0.1979
-2.3494 29.6001 -24.4775 0.0000 1650410895254 319915.7500 -0.1979
-1.0025 29.1022 -20.6011 0.0000 1650410895283 319944.7500 -0.1980
-1.9168 30.1709 -24.6195 0.0000 1650410895312 319973.7500 -0.1984
-2.2588 30.2885 -25.0232 0.0000 1650410895341 320002.5000 -0.1984
-4.1417 28.8900 -21.3207 0.0000 1650410895370 320031.5000 -0.1984
-3.0099 26.5834 -19.8537 0.0000 1650410895399 320060.5000 -0.1984
-2.9129 28.4797 -21.6451 0.0000 1650410895429 320089.5000 -0.1984
-4.0019 23.7585 -21.7610 0.0000 1650410895457 320118.5000 -0.1984
-1.9187 23.6247 -23.1147 0.0000 1650410895487 320147.5000 -0.1988
1.1329 25.8121 -20.3004 0.0000 1650410895515 320176.0000 -0.1989
-1.4242 25.6408 -25.5322 0.0000 1650410895544 320206.5000 -0.1989
0.9727 27.0465 -24.9587 0.0000 1650410895573 320234.5000 -0.1989
-4.3830 29.8240 -23.2202 0.0000 1650410895602 320263.5000 -0.1989
-2.9581 28.4815 -24.4865 0.0000 1650410895631 320292.5000 -0.1989
-4.6137 30.8214 -28.0282 0.0000 1650410895660 320321.5000 -0.1985
-3.0401 31.6117 -26.4152 0.0000 1650410895689 320350.5000 -0.1984
-2.7924 23.2921 -19.3431 0.0000 1650410895717 320379.5000 -0.1984
3.1204 29.5987 -23.5775 0.0000 1650410895747 320408.5000 -0.1984
0.0821 23.9452 -28.2176 0.0000 1650410895776 320439.7500 -0.1980
-2.4601 30.0817 -26.3466 0.0000 1650410895805 320466.0000 -0.1979
-1.5915 28.2371 -17.2892 0.0000 1650410895834 320495.5000 -0.1979
-7.2973 30.1790 -19.7099 0.0000 1650410895863 320523.7500 -0.1979
0.7865 27.6181 -23.9180 0.0000 1650410895892 320553.0000 -0.1979
-2.5220 23.8830 -20.6064 0.0000 1650410895921 320582.5000 -0.1979
-2.2408 19.3113 -21.5731 0.0000 1650410895950 320611.2500 -0.1980
-2.0324 27.2783 -22.2261 0.0000 1650410895979 320640.2500 -0.1979
-3.1849 23.4999 -20.9219 0.0000 1650410896008 320669.2500 -0.1979
-7.2180 24.0937 -21.1647 0.0000 1650410896036 320698.0000 -0.1979
3.6221 23.3207 -21.4370 0.0000 1650410896066 320727.0000 -0.1979
-2.2381 23.1888 -23.7633 0.0000 1650410896094 320756.0000 -0.1984
2.0211 24.9357 -27.0949 0.0000 1650410896123 320785.0000 -0.1984
-6.5728 26.6732 -20.6792 0.0000 1650410896152 320814.0000 -0.1984
-2.9176 19.2750 -24.8387 0.0000 1650410896182 320843.0000 -0.1984
-0.9510 34.5404 -20.8476 0.0000 1650410896211 320872.0000 -0.1989
-4.1514 32.1199 -24.7161 0.0000 1650410896240 320901.0000 -0.1989
-4.5134 26.6190 -20.4190 0.0000 1650410896269 320930.0000 -0.1989
-0.3396 27.7864 -23.0113 0.0000 1650410896298 320958.5000 -0.1989
-2.7985 29.1650 -23.2480 0.0000 1650410896327 320987.7500 -0.1984
-4.6398 26.6682 -22.1642 0.0000 1650410896355 321016.7500 -0.1984
-2.8415 26.1449 -20.6431 0.0000 1650410896384 321045.7500 -0.1984
-2.1323 26.0274 -22.0162 0.0000 1650410896413 321074.7500 -0.1984
0.5136 31.1815 -21.2994 0.0000 1650410896442 321103.5000 -0.1984
-5.1362 24.6401 -17.9178 0.0000 1650410896471 321132.5000 -0.1984
-1.2031 29.0629 -22.2866 0.0000 1650410896500 321161.5000 -0.1980
0.8562 30.5274 -23.1092 0.0000 1650410896529 321190.2500 -0.1979
-1.0009 28.0758 -24.7838 0.0000 1650410896558 321219.0000 -0.1979
-3.1547 27.7985 -22.4168 0.0000 1650410896587 321248.5000 -0.1979
-1.4065 27.2929 -21.2740 0.0000 1650410896616 321277.5000 -0.1976
-1.5472 30.7431 -26.6674 0.0000 1650410896646 321306.0000 -0.1974
-0.1344 30.5522 -27.9792 0.0000 1650410896674 321335.5000 -0.1974
-4.1458 28.7831 -22.6143 0.0000 1650410896703 321364.5000 -0.1974
-4.4456 23.1188 -25.1205 0.0000 1650410896732 321393.5000 -0.1974
-3.4704 27.9152 -23.2255 0.0000 1650410896761 321422.5000 -0.1974
-6.2514 27.7034 -23.7358 0.0000 1650410896790 321451.5000 -0.1974
-4.7333 24.6314 -21.3200 0.0000 1650410896819 321480.0000 -0.1974
-3.4470 31.9644 -23.6309 0.0000 1650410896848 321509.5000 -0.1974
-8.9065 20.2944 -18.8927 0.0000 1650410896877 321538.5000 -0.1974
-5.8546 24.7922 -21.4886 0.0000 1650410896906 321567.5000 -0.1978
0.2292 26.6861 -22.9666 0.0000 1650410896934 321596.5000 -0.1979
-1.3499 22.7986 -24.3938 0.0000 1650410896964 321625.5000 -0.1979
-0.4586 24.8338 -22.7837 0.0000 1650410896993 321654.5000 -0.1979
-4.0562 26.9763 -23.0405 0.0000 1650410897022 321683.5000 -0.1979
-3.0317 24.4521 -22.9785 0.0000 1650410897051 321712.0000 -0.1979
-1.9747 28.7200 -20.7683 0.0000 1650410897080 321741.0000 -0.1979
-7.3886 23.4816 -20.1245 0.0000 1650410897109 321770.2500 -0.1979
6.3746 16.5173 -15.5731 0.0000 1650410897138 321799.2500 -0.1979
0.9880 30.0223 -18.7457 0.0000 1650410897167 321828.0000 -0.1983
-5.8891 24.0440 -19.7669 0.0000 1650410897195 321857.0000 -0.1984
-0.2182 28.1123 -26.2299 0.0000 1650410897225 321886.0000 -0.1984
-3.1937 29.8678 -22.0399 0.0000 1650410897253 321915.0000 -0.1984
-2.4345 30.7855 -23.4190 0.0000 1650410897282 321944.0000 -0.1984
-2.3498 31.3304 -25.5662 0.0000 1650410897311 321972.5000 -0.1984
-1.5085 29.7752 -22.0132 0.0000 1650410897341 322001.7500 -0.1984
-2.3866 25.1818 -21.9910 0.0000 1650410897370 322031.0000 -0.1984
-1.5173 27.1638 -22.2676 0.0000 1650410897399 322059.5000 -0.1980
-0.5394 28.1247 -24.9673 0.0000 1650410897428 322089.0000 -0.1979
-7.4650 26.1489 -26.5646 0.0000 1650410897457 322117.7500 -0.1979
1.6546 27.9063 -19.2998 0.0000 1650410897486 322146.7500 -0.1979
-2.0224 26.6915 -22.6198 0.0000 1650410897514 322175.7500 -0.1979
0.8641 25.5685 -26.5925 0.0000 1650410897544 322204.7500 -0.1979
-1.4768 29.6833 -21.9766 0.0000 1650410897572 322233.5000 -0.1976
-3.9691 29.2819 -24.3839 0.0000 1650410897601 322262.5000 -0.1974
-3.0642 30.2392 -26.5599 0.0000 1650410897630 322291.5000 -0.1974
0.0978 31.5173 -25.8290 0.0000 1650410897659 322320.5000 -0.1974
-7.2308 30.8879 -23.2498 0.0000 1650410897688 322349.5000 -0.1974
0.1882 28.8429 -20.1817 0.0000 1650410897717 322378.2500 -0.1974
-3.3838 26.8177 -24.5245 0.0000 1650410897746 322407.5000 -0.1974
-1.8861 29.5857 -20.7910 0.0000 1650410897776 322436.5000 -0.1979
-0.4489 28.2166 -20.5323 0.0000 1650410897805 322465.5000 -0.1979
-2.2799 26.4168 -26.8324 0.0000 1650410897833 322494.2500 -0.1979
-1.5097 30.7692 -26.1977 0.0000 1650410897862 322523.0000 -0.1979
-1.8769 25.7623 -19.6604 0.0000 1650410897891 322552.5000 -0.1979
-2.2441 22.7699 -23.5879 0.0000 1650410897920 322581.5000 -0.1979
-0.2592 27.7299 -21.0751 0.0000 1650410897949 322610.5000 -0.1979
-2.2575 24.7047 -21.5918 0.0000 1650410897978 322639.5000 -0.1979
-2.8944 22.3449 -23.1713 0.0000 1650410898007 322668.5000 -0.1984
0.9973 23.7546 -21.9596 0.0000 1650410898036 322697.5000 -0.1984
-0.7692 24.8099 -25.4486 0.0000 1650410898065 322728.0000 -0.1984
-1.7038 28.3985 -25.5487 0.0000 1650410898093 322756.2500 -0.1984
0.2498 25.8993 -18.2434 0.0000 1650410898123 322784.5000 -0.1984
-3.7000 21.2672 -26.0751 0.0000 1650410898152 322813.2500 -0.1984
-2.1059 30.7900 -25.4164 0.0000 1650410898181 322843.2500 -0.1980
-3.6745 30.4240 -21.4255 0.0000 1650410898210 322871.2500 -0.1979
-5.9253 27.2690 -21.9038 0.0000 1650410898239 322900.2500 -0.1979
-2.0990 32.9245 -26.2874 0.0000 1650410898268 322929.0000 -0.1979
-1.3806 31.1955 -25.3610 0.0000 1650410898297 322958.0000 -0.1979
-4.3253 29.6576 -19.4022 0.0000 1650410898326 322987.0000 -0.1979
0.1639 27.3162 -22.9952 0.0000 1650410898355 323016.0000 -0.1976
-0.2527 28.9557 -23.9946 0.0000 1650410898384 323045.0000 -0.1974
-0.9627 28.3830 -23.2387 0.0000 1650410898412 323074.0000 -0.1978
-2.1158 27.1773 -23.5354 0.0000 1650410898441 323103.0000 -0.1979
-2.8373 26.6334 -22.3964 0.0000 1650410898470 323132.0000 -0.1979
0.1230 26.8995 -23.4241 0.0000 1650410898500 323161.0000 -0.1979
-1.1218 27.0602 -25.9928 0.0000 1650410898529 323190.0000 -0.1979
-4.8148 25.5322 -21.6764 0.0000 1650410898558 323219.0000 -0.1979
3.9600 31.7240 -22.1303 0.0000 1650410898587 323247.7500 -0.1979
-1.2304 30.7309 -25.6059 0.0000 1650410898616 323275.7500 -0.1979
-5.2941 29.1576 -23.8601 0.0000 1650410898645 323305.7500 -0.1979
-1.6032 27.7166 -24.5591 0.0000 1650410898673 323334.5000 -0.1984
-2.2087 32.1117 -24.5181 0.0000 1650410898703 323363.5000 -0.1984
-3.9159 31.0638 -25.6828 0.0000 1650410898731 323392.5000 -0.1984
-3.0421 31.1948 -24.8239 0.0000 1650410898760 323421.5000 -0.1984
-3.5047 23.3934 -20.4304 0.0000 1650410898789 323450.5000 -0.1984
0.3922 29.1590 -24.7781 0.0000 1650410898818 323479.5000 -0.1985
-9.4070 23.8462 -18.2684 0.0000 1650410898847 323508.2500 -0.1989
-4.4363 21.6431 -22.8270 0.0000 1650410898876 323538.7500 -0.1989
0.3578 28.4711 -21.2473 0.0000 1650410898905 323566.5000 -0.1989
-2.9762 25.8697 -24.2840 0.0000 1650410898935 323595.2500 -0.1989
0.2279 23.6027 -30.6261 0.0000 1650410898964 323624.5000 -0.1989
1.0221 23.9635 -18.7725 0.0000 1650410898992 323653.5000 -0.1989
-2.3218 19.3045 -20.3931 0.0000 1650410899021 323682.5000 -0.1984
0.3805 27.6597 -23.0750 0.0000 1650410899050 323711.5000 -0.1984
-3.7647 23.7713 -26.8908 0.0000 1650410899079 323740.5000 -0.1984
-3.2206 25.5185 -26.8409 0.0000 1650410899108 323769.5000 -0.1984
-0.9881 27.7649 -25.4618 0.0000 1650410899137 323798.5000 -0.1980
-8.9527 21.1694 -22.3582 0.0000 1650410899166 323827.5000 -0.1979
-3.3915 23.5622 -24.9435 0.0000 1650410899195 323856.5000 -0.1979
1.1242 31.6845 -22.4690 0.0000 1650410899224 323885.5000 -0.1979
-2.5861 29.4109 -27.8844 0.0000 1650410899253 323914.5000 -0.1979
-1.4409 29.8935 -26.1041 0.0000 1650410899282 323943.2500 -0.1979
-3.2273 31.0441 -23.6357 0.0000 1650410899311 323972.2500 -0.1979
-2.3206 26.7581 -24.2269 0.0000 1650410899340 324001.2500 -0.1979
-0.2268 32.0251 -26.0612 0.0000 1650410899369 324029.7500 -0.1979
-2.9613 29.4508 -22.7256 0.0000 1650410899398 324060.2500 -0.1979
-1.9082 28.0965 -19.9907 0.0000 1650410899427 324088.0000 -0.1979
1.6531 25.7240 -19.9655 0.0000 1650410899456 324117.0000 -0.1979
1.1688 26.7526 -26.2272 0.0000 1650410899485 324146.0000 -0.1979
-3.1520 26.4816 -24.8929 0.0000 1650410899514 324175.0000 -0.1979
-0.5991 28.2191 -19.4394 0.0000 1650410899543 324204.0000 -0.1979
-0.0576 28.4978 -22.7198 0.0000 1650410899571 324233.0000 -0.1979
-0.4057 30.7031 -22.8950 0.0000 1650410899601 324262.0000 -0.1980
-2.0122 29.5928 -23.8271 0.0000 1650410899629 324290.5000 -0.1984
0.9276 31.3081 -24.6606 0.0000 1650410899659 324319.7500 -0.1984
-2.5706 30.3019 -27.1771 0.0000 1650410899687 324348.7500 -0.1984
-1.3752 32.6593 -25.7631 0.0000 1650410899717 324379.0000 -0.1984
-5.2804 28.8667 -22.3199 0.0000 1650410899746 324406.7500 -0.1984
1.4972 30.1833 -22.3319 0.0000 1650410899775 324435.7500 -0.1984
-1.9694 28.0045 -25.2741 0.0000 1650410899804 324464.5000 -0.1980
8.4259 21.2459 -18.2809 0.0000 1650410899833 324493.5000 -0.1979
-6.4500 22.7228 -24.1894 0.0000 1650410899862 324522.5000 -0.1983
-4.3852 23.4290 -21.7418 0.0000 1650410899890 324551.5000 -0.1984
0.7518 31.6812 -24.2439 0.0000 1650410899919 324580.5000 -0.1980
-3.5378 25.7616 -20.0632 0.0000 1650410899948 324609.5000 -0.1979
-1.7367 20.2011 -20.7868 0.0000 1650410899977 324638.5000 -0.1979
0.3032 28.8962 -24.0355 0.0000 1650410900006 324667.5000 -0.1979
-1.8941 26.5579 -23.0783 0.0000 1650410900035 324696.5000 -0.1976
-2.7865 23.2415 -24.5098 0.0000 1650410900064 324725.5000 -0.1974
0.7036 26.0413 -22.3943 0.0000 1650410900094 324754.5000 -0.1974
-2.8123 28.6065 -26.1729 0.0000 1650410900123 324783.5000 -0.1974
-4.0390 29.8305 -28.3239 0.0000 1650410900151 324813.5000 -0.1974
-2.7934 30.9056 -26.8484 0.0000 1650410900181 324841.5000 -0.1974
-5.9216 23.6080 -18.4282 0.0000 1650410900209 324870.5000 -0.1974
0.5607 32.4465 -23.1068 0.0000 1650410900238 324899.5000 -0.1974
-1.9819 29.2497 -26.5382 0.0000 1650410900267 324928.5000 -0.1976
-4.4401 28.6183 -21.1431 0.0000 1650410900296 324957.5000 -0.1979
-2.6532 31.1933 -23.9284 0.0000 1650410900325 324986.5000 -0.1979
1.9612 29.7310 -23.7859 0.0000 1650410900354 325015.5000 -0.1979
-2.8023 30.2638 -23.4947 0.0000 1650410900383 325044.0000 -0.1979
-2.4913 27.2135 -19.4984 0.0000 1650410900412 325074.0000 -0.1979
-1.4550 28.6695 -22.3316 0.0000 1650410900441 325102.2500 -0.1979
0.7052 27.5928 -21.8474 0.0000 1650410900470 325131.0000 -0.1979
-5.0686 29.0012 -22.0646 0.0000 1650410900499 325160.0000 -0.1979
-3.0999 26.5832 -23.5739 0.0000 1650410900528 325189.0000 -0.1979
-0.9831 32.4613 -21.8551 0.0000 1650410900557 325218.0000 -0.1979
-1.1848 28.2588 -26.2968 0.0000 1650410900586 325247.0000 -0.1979
-3.4135 26.8974 -23.4683 0.0000 1650410900615 325276.0000 -0.1979
-1.2836 28.6859 -25.7796 0.0000 1650410900644 325305.0000 -0.1979
-1.9535 30.5751 -26.9842 0.0000 1650410900673 325334.0000 -0.1979
-1.9294 31.3254 -24.8178 0.0000 1650410900702 325363.0000 -0.1979
-1.4534 29.9676 -20.6246 0.0000 1650410900730 325392.0000 -0.1979
-5.4340 25.8393 -18.9264 0.0000 1650410900760 325421.0000 -0.1976
1.3462 28.8504 -23.0863 0.0000 1650410900788 325450.0000 -0.1974
-5.7363 28.2489 -18.2474 0.0000 1650410900817 325478.7500 -0.1974
-3.3844 16.9857 -18.1051 0.0000 1650410900847 325507.7500 -0.1974
2.6419 34.5489 -22.2730 0.0000 1650410900876 325536.7500 -0.1974
-3.2432 24.3158 -22.0180 0.0000 1650410900905 325565.2500 -0.1974
3.8927 17.1994 -25.7080 0.0000 1650410900934 325594.2500 -0.1974
-0.0784 24.5474 -19.4877 0.0000 1650410900963 325623.5000 -0.1974
-2.6120 25.0940 -24.4808 0.0000 1650410900992 325652.5000 -0.1974
-0.6338 25.6395 -28.1161 0.0000 1650410901021 325681.5000 -0.1974
-3.4744 29.1475 -21.8627 0.0000 1650410901049 325710.5000 -0.1974
-0.7857 24.5730 -28.7519 0.0000 1650410901078 325739.5000 -0.1974
-0.2898 28.8928 -28.8196 0.0000 1650410901107 325768.5000 -0.1974
-4.2445 27.2479 -22.2712 0.0000 1650410901136 325797.5000 -0.1974
-0.3786 25.1806 -23.3282 0.0000 1650410901165 325827.7500 -0.1974
3.3155 30.3718 -18.8129 0.0000 1650410901195 325855.0000 -0.1974
-5.9749 24.2335 -21.5701 0.0000 1650410901223 325884.5000 -0.1978
0.9014 28.0646 -24.9445 0.0000 1650410901253 325913.0000 -0.1979
-1.2765 27.6994 -21.8220 0.0000 1650410901282 325942.5000 -0.1979
-2.2540 28.2019 -26.0843 0.0000 1650410901310 325971.5000 -0.1979
-2.2142 31.3411 -25.7676 0.0000 1650410901340 326000.5000 -0.1979
-4.5557 29.4683 -22.6890 0.0000 1650410901368 326029.5000 -0.1983
-2.8106 26.6083 -20.5714 0.0000 1650410901397 326058.5000 -0.1984
-2.5797 31.2613 -23.7102 0.0000 1650410901426 326087.5000 -0.1984
-2.7141 26.3297 -23.1497 0.0000 1650410901455 326116.5000 -0.1984
-3.1971 28.6197 -23.3508 0.0000 1650410901484 326145.5000 -0.1980
2.5955 26.9014 -19.7618 0.0000 1650410901513 326174.2500 -0.1979
-3.2037 25.6788 -23.1956 0.0000 1650410901542 326203.2500 -0.1984
-0.8919 28.4200 -24.0061 0.0000 1650410901571 326232.2500 -0.1984
-2.0375 26.6224 -25.2229 0.0000 1650410901600 326261.0000 -0.1980
1.8930 29.5797 -26.6873 0.0000 1650410901629 326289.7500 -0.1979
-0.7299 30.3859 -24.8641 0.0000 1650410901659 326319.0000 -0.1979
-1.6368 30.0628 -26.0274 0.0000 1650410901687 326347.5000 -0.1979
-4.4818 28.4442 -20.9814 0.0000 1650410901716 326376.7500 -0.1976
-1.4084 27.7860 -24.5706 0.0000 1650410901745 326406.0000 -0.1974
-1.7049 27.0260 -22.4450 0.0000 1650410901774 326435.0000 -0.1974
3.5509 23.6069 -17.1987 0.0000 1650410901803 326464.0000 -0.1974
0.2704 30.7705 -21.0749 0.0000 1650410901832 326493.0000 -0.1974
-4.7091 27.1159 -21.2367 0.0000 1650410901861 326522.0000 -0.1974
-2.7165 28.8363 -26.3484 0.0000 1650410901890 326551.0000 -0.1974
-4.3095 25.7249 -20.7807 0.0000 1650410901919 326581.5000 -0.1974
-7.7124 20.7772 -20.2456 0.0000 1650410901947 326608.0000 -0.1974
0.5371 31.5846 -25.7781 0.0000 1650410901976 326637.7500 -0.1974
-0.9615 27.4498 -25.5773 0.0000 1650410902006 326668.5000 -0.1978
-1.8993 22.0871 -20.1669 0.0000 1650410902035 326695.2500 -0.1979
-2.9071 26.3171 -26.5469 0.0000 1650410902064 326724.5000 -0.1979
-7.7387 19.9589 -22.0475 0.0000 1650410902093 326753.5000 -0.1979
1.1005 26.8077 -22.4880 0.0000 1650410902122 326782.5000 -0.1979
0.0144 29.9484 -19.7214 0.0000 1650410902151 326811.5000 -0.1979
-8.5554 18.1345 -18.2920 0.0000 1650410902180 326840.5000 -0.1979
-2.8858 34.1833 -25.9868 0.0000 1650410902208 326869.5000 -0.1979
-5.6607 28.8330 -23.8444 0.0000 1650410902238 326898.5000 -0.1979
-3.6238 28.0022 -23.9512 0.0000 1650410902266 326927.5000 -0.1979
-3.6344 31.5217 -23.5070 0.0000 1650410902295 326956.5000 -0.1979
-4.9324 31.1114 -18.8620 0.0000 1650410902324 326985.5000 -0.1979
-5.7046 26.6954 -20.6405 0.0000 1650410902353 327014.5000 -0.1979
-1.3125 28.0962 -22.3852 0.0000 1650410902382 327043.5000 -0.1979
-0.3333 29.2384 -23.6014 0.0000 1650410902411 327072.5000 -0.1979
-2.9980 28.6735 -25.5160 0.0000 1650410902441 327101.2500 -0.1979
-2.0690 28.2540 -21.0157 0.0000 1650410902470 327130.5000 -0.1979
-2.8433 24.9001 -22.5279 0.0000 1650410902499 327159.5000 -0.1976
1.6795 26.1485 -20.8304 0.0000 1650410902527 327188.5000 -0.1974
-4.0107 30.7577 -21.5176 0.0000 1650410902556 327217.5000 -0.1974
-4.4162 24.6504 -21.3242 0.0000 1650410902585 327246.5000 -0.1974
2.6358 27.8129 -23.0096 0.0000 1650410902614 327275.2500 -0.1971
-0.3272 31.4025 -25.1912 0.0000 1650410902643 327304.2500 -0.1969
-2.2546 28.0273 -21.4533 0.0000 1650410902672 327333.2500 -0.1969
-0.2488 29.5653 -23.1781 0.0000 1650410902701 327363.5000 -0.1969
-0.8841 29.2277 -26.0995 0.0000 1650410902730 327390.5000 -0.1969
0.9384 32.7127 -26.6891 0.0000 1650410902759 327420.0000 -0.1969
-7.1662 28.8210 -30.2656 0.0000 1650410902788 327448.5000 -0.1971
2.2698 23.6350 -25.6825 0.0000 1650410902818 327478.0000 -0.1974
2.5296 29.9312 -23.7658 0.0000 1650410902846 327507.0000 -0.1974
-6.4803 24.1513 -23.0990 0.0000 1650410902875 327536.0000 -0.1974
5.0778 19.4491 -17.7277 0.0000 1650410902904 327565.0000 -0.1976
-7.3522 23.0851 -29.6381 0.0000 1650410902933 327594.0000 -0.1979
-3.6417 24.4685 -23.8259 0.0000 1650410902962 327623.0000 -0.1979
-1.3197 25.5784 -26.6754 0.0000 1650410902991 327652.0000 -0.1974
-0.4389 25.1111 -22.0587 0.0000 1650410903020 327681.0000 -0.1976
-5.7647 22.7644 -22.0909 0.0000 1650410903049 327709.7500 -0.1979
-0.9137 29.6532 -27.0963 0.0000 1650410903078 327738.7500 -0.1979
-5.1056 27.4230 -21.7488 0.0000 1650410903106 327767.7500 -0.1979
-6.2243 20.3667 -22.8018 0.0000 1650410903135 327796.5000 -0.1979
3.1761 28.7909 -19.0216 0.0000 1650410903164 327825.5000 -0.1979
-8.0773 25.0331 -19.9782 0.0000 1650410903194 327854.5000 -0.1979
-5.6184 25.5517 -22.6746 0.0000 1650410903223 327883.0000 -0.1979
2.3818 35.7757 -16.7842 0.0000 1650410903252 327912.2500 -0.1979
-3.8552 28.9636 -24.0354 0.0000 1650410903281 327941.5000 -0.1976
-2.3426 28.5078 -26.5531 0.0000 1650410903310 327970.5000 -0.1974
-2.3957 26.7817 -22.0620 0.0000 1650410903339 327999.5000 -0.1974
-0.4673 28.8196 -24.9434 0.0000 1650410903367 328028.5000 -0.1974
-3.2677 29.2742 -24.3201 0.0000 1650410903397 328057.5000 -0.1974
-1.5535 28.5576 -23.6809 0.0000 1650410903425 328086.5000 -0.1974
-3.9485 25.4044 -18.2978 0.0000 1650410903454 328115.5000 -0.1974
-1.5659 30.8179 -24.2462 0.0000 1650410903483 328143.5000 -0.1974
-2.5239 27.9258 -19.8828 0.0000 1650410903512 328173.5000 -0.1971
-2.4465 26.9576 -24.5812 0.0000 1650410903541 328202.5000 -0.1969
1.9309 24.1834 -21.7565 0.0000 1650410903570 328232.2500 -0.1969
-0.4878 26.2574 -24.0528 0.0000 1650410903600 328260.5000 -0.1969
0.1420 30.0161 -25.8021 0.0000 1650410903629 328289.5000 -0.1973
-4.1462 27.2082 -23.9588 0.0000 1650410903658 328318.5000 -0.1974
-0.3053 28.4754 -24.3030 0.0000 1650410903686 328347.5000 -0.1974
-3.2338 30.8511 -27.6305 0.0000 1650410903716 328376.5000 -0.1974
-1.9005 31.9437 -25.0629 0.0000 1650410903744 328405.2500 -0.1974
-5.3946 25.3698 -18.5329 0.0000 1650410903773 328434.2500 -0.1974
3.2047 27.9474 -21.4867 0.0000 1650410903802 328463.2500 -0.1976
-6.4107 27.6303 -23.7821 0.0000 1650410903831 328492.0000 -0.1979
1.7255 27.1976 -25.1038 0.0000 1650410903860 328521.0000 -0.1979
-0.3553 25.7243 -18.6094 0.0000 1650410903889 328550.0000 -0.1979
-1.2965 25.2847 -25.5220 0.0000 1650410903918 328579.0000 -0.1979
0.4676 28.3952 -27.6809 0.0000 1650410903947 328608.0000 -0.1979
-6.5591 24.6162 -21.0949 0.0000 1650410903977 328637.0000 -0.1979
-5.7608 27.4352 -25.2027 0.0000 1650410904005 328665.0000 -0.1979
0.7189 31.1035 -23.3498 0.0000 1650410904034 328695.0000 -0.1979
-2.6040 26.8210 -24.7193 0.0000 1650410904063 328724.0000 -0.1979
-4.6293 26.4798 -23.0104 0.0000 1650410904092 328753.0000 -0.1979
-1.6974 27.9275 -26.2604 0.0000 1650410904121 328782.0000 -0.1979
-3.0752 24.2469 -24.0143 0.0000 1650410904150 328810.7500 -0.1979
-2.0482 32.2186 -28.0233 0.0000 1650410904179 328839.7500 -0.1976
-2.1872 28.1894 -20.9461 0.0000 1650410904208 328868.7500 -0.1974
-7.4352 20.3996 -18.7281 0.0000 1650410904237 328898.7500 -0.1974
-1.6810 30.1408 -23.7683 0.0000 1650410904265 328927.7500 -0.1974
-2.5275 29.7656 -24.4787 0.0000 1650410904295 328955.5000 -0.1971
-6.0624 24.0093 -19.9494 0.0000 1650410904324 328984.2500 -0.1969
-0.5832 29.1356 -21.7447 0.0000 1650410904353 329013.5000 -0.1969
-1.8065 31.3568 -25.6781 0.0000 1650410904382 329042.5000 -0.1969
-5.6920 25.9304 -22.5203 0.0000 1650410904411 329071.5000 -0.1973
-1.9610 27.0694 -19.9553 0.0000 1650410904440 329100.5000 -0.1974
-0.1900 28.4239 -22.6905 0.0000 1650410904469 329129.5000 -0.1974
-1.0852 27.4611 -23.6335 0.0000 1650410904498 329158.5000 -0.1974
-1.4094 25.9514 -22.1453 0.0000 1650410904527 329187.5000 -0.1974
-2.0969 24.1848 -22.2444 0.0000 1650410904556 329216.5000 -0.1974
1.4229 29.8405 -24.5431 0.0000 1650410904584 329245.5000 -0.1976
0.5635 29.2838 -22.9313 0.0000 1650410904613 329274.5000 -0.1979
-3.6889 27.2917 -18.4709 0.0000 1650410904642 329303.5000 -0.1979
0.4198 30.8043 -22.1970 0.0000 1650410904671 329332.5000 -0.1979
-2.3472 29.2567 -26.1870 0.0000 1650410904700 329361.5000 -0.1979
-4.3177 30.5746 -21.7659 0.0000 1650410904729 329390.5000 -0.1979
-3.7569 27.5851 -22.6211 0.0000 1650410904758 329419.2500 -0.1979
-3.5857 28.2923 -25.2648 0.0000 1650410904788 329447.5000 -0.1979
0.1391 29.4979 -24.2038 0.0000 1650410904817 329477.5000 -0.1979
-2.6256 29.0404 -23.0690 0.0000 1650410904845 329506.2500 -0.1979
-1.9905 25.1774 -25.9553 0.0000 1650410904875 329535.2500 -0.1979
-0.9258 32.3170 -23.3357 0.0000 1650410904903 329564.2500 -0.1983
-3.2139 25.7808 -20.3149 0.0000 1650410904932 329593.2500 -0.1984
-6.3617 24.0249 -15.9383 0.0000 1650410904961 329622.0000 -0.1980
-0.1042 26.6229 -24.9686 0.0000 1650410904990 329651.0000 -0.1979
2.5478 23.9709 -27.6206 0.0000 1650410904997 329658.0000 -0.1979
