-20.4135 42.6096 -52.5485 0.0000 1650410541384 1005078.7500 -0.1962
-21.6208 44.4768 -53.6093 0.0000 1650410541413 1005107.7500 -0.1960
-20.3975 44.4142 -51.6470 0.0000 1650410541442 1005136.7500 -0.1960
-21.9939 42.2247 -51.5795 0.0000 1650410541471 1005165.7500 -0.1960
-19.9460 43.8244 -51.8285 0.0000 1650410541500 1005194.7500 -0.1960
-21.4851 43.6644 -51.7593 0.0000 1650410541529 1005223.7500 -0.1960
-19.4176 41.6754 -51.7722 0.0000 1650410541558 1005252.7500 -0.1960
-19.1498 43.6310 -53.2988 0.0000 1650410541586 1005283.0000 -0.1960
-19.2659 41.0955 -51.5746 0.0000 1650410541616 1005310.7500 -0.1960
-19.6818 42.4930 -52.3175 0.0000 1650410541645 1005339.7500 -0.1960
-20.7638 42.5555 -49.3628 0.0000 1650410541674 1005368.7500 -0.1960
-21.2067 41.5921 -49.8459 0.0000 1650410541702 1005397.5000 -0.1965
-20.6481 40.7631 -48.7277 0.0000 1650410541732 1005426.5000 -0.1965
-19.2613 41.2299 -50.8409 0.0000 1650410541761 1005455.5000 -0.1965
-19.8394 40.4750 -47.7589 0.0000 1650410541790 1005484.2500 -0.1965
-19.5943 41.2870 -48.3511 0.0000 1650410541819 1005514.5000 -0.1965
-19.6106 41.1920 -49.2120 0.0000 1650410541847 1005541.7500 -0.1965
-20.3848 40.4198 -50.3469 0.0000 1650410541877 1005571.2500 -0.1968
-19.8602 40.9668 -48.5802 0.0000 1650410541905 1005600.0000 -0.1969
-20.6920 40.5213 -49.0481 0.0000 1650410541934 1005629.2500 -0.1969
-19.7728 39.2669 -48.1898 0.0000 1650410541963 1005658.2500 -0.1969
-18.8512 40.7656 -50.8521 0.0000 1650410541992 1005687.2500 -0.1969
-19.8323 39.0920 -49.0643 0.0000 1650410542021 1005716.2500 -0.1969
-19.9580 39.2668 -49.1451 0.0000 1650410542050 1005745.2500 -0.1969
-18.3298 40.1587 -49.4509 0.0000 1650410542080 1005774.2500 -0.1969
-19.8046 40.1696 -49.4858 0.0000 1650410542109 1005803.2500 -0.1969
-19.6286 41.4641 -48.9123 0.0000 1650410542138 1005832.2500 -0.1969
-20.1550 38.6263 -49.3956 0.0000 1650410542166 1005861.2500 -0.1969
-19.2674 41.0089 -49.2875 0.0000 1650410542195 1005890.2500 -0.1969
-20.2445 39.4683 -48.0492 0.0000 1650410542224 1005919.2500 -0.1967
-20.3602 41.0332 -49.0966 0.0000 1650410542253 1005948.2500 -0.1965
-20.3261 42.4436 -48.4153 0.0000 1650410542282 1005977.2500 -0.1965
-19.4856 39.8730 -49.0006 0.0000 1650410542311 1006006.2500 -0.1965
-18.9037 41.0888 -48.7476 0.0000 1650410542340 1006034.7500 -0.1965
-17.7324 38.5342 -49.2363 0.0000 1650410542369 1006063.2500 -0.1965
-19.3815 39.6294 -50.3598 0.0000 1650410542398 1006093.0000 -0.1965
-18.8134 38.7307 -49.4808 0.0000 1650410542427 1006122.0000 -0.1965
-20.7281 40.8060 -48.4616 0.0000 1650410542456 1006151.0000 -0.1965
-20.4909 41.5300 -48.9605 0.0000 1650410542485 1006179.7500 -0.1965
-18.2841 40.0569 -49.1202 0.0000 1650410542514 1006208.7500 -0.1965
-18.1448 42.8972 -48.3628 0.0000 1650410542543 1006237.7500 -0.1968
-19.1503 41.0034 -47.5342 0.0000 1650410542572 1006266.7500 -0.1969
-21.4394 39.5736 -49.3258 0.0000 1650410542601 1006296.2500 -0.1974
-19.1195 40.5129 -48.1061 0.0000 1650410542630 1006324.7500 -0.1974
-20.1832 39.5106 -48.8807 0.0000 1650410542659 1006353.7500 -0.1974
-20.0824 41.5508 -48.9386 0.0000 1650410542688 1006384.0000 -0.1974
-19.5219 41.3306 -47.9547 0.0000 1650410542717 1006411.7500 -0.1974
-18.9809 39.3380 -48.2302 0.0000 1650410542745 1006440.7500 -0.1974
-18.6428 39.8479 -48.5414 0.0000 1650410542775 1006469.7500 -0.1978
-19.0859 41.4635 -49.0572 0.0000 1650410542803 1006498.7500 -0.1979
-21.2956 40.2992 -48.5850 0.0000 1650410542833 1006527.5000 -0.1977
-20.5354 40.7777 -50.1245 0.0000 1650410542861 1006556.5000 -0.1974
-20.9754 38.9498 -47.1549 0.0000 1650410542891 1006585.2500 -0.1977
-19.5398 40.3065 -47.6503 0.0000 1650410542920 1006614.2500 -0.1979
-19.9254 38.3083 -47.8124 0.0000 1650410542949 1006643.2500 -0.1979
-18.9359 40.3381 -48.9895 0.0000 1650410542978 1006672.2500 -0.1979
-19.4414 41.6214 -49.9623 0.0000 1650410543006 1006701.2500 -0.1977
-21.5090 39.8342 -46.9625 0.0000 1650410543036 1006730.2500 -0.1974
-20.3228 39.6378 -47.9228 0.0000 1650410543064 1006759.2500 -0.1974
-19.8631 40.1757 -48.7246 0.0000 1650410543093 1006788.2500 -0.1974
-20.6158 39.3251 -47.7768 0.0000 1650410543122 1006816.5000 -0.1974
-19.8663 40.6229 -48.4011 0.0000 1650410543151 1006846.2500 -0.1969
-19.5145 42.9742 -48.1709 0.0000 1650410543180 1006875.2500 -0.1969
-20.5513 41.6667 -47.6416 0.0000 1650410543209 1006904.2500 -0.1969
-18.6904 42.3631 -48.4616 0.0000 1650410543238 1006933.2500 -0.1969
-18.1162 41.5451 -48.4761 0.0000 1650410543268 1006962.2500 -0.1974
-19.7577 40.7174 -48.6056 0.0000 1650410543297 1006991.2500 -0.1974
-18.9066 40.4241 -47.7705 0.0000 1650410543325 1007020.2500 -0.1974
-19.2401 40.9018 -49.4749 0.0000 1650410543355 1007049.7500 -0.1974
-20.5438 39.9093 -48.2455 0.0000 1650410543383 1007077.7500 -0.1974
-20.0107 40.3736 -48.1723 0.0000 1650410543412 1007107.2500 -0.1974
-20.1388 39.8946 -49.0132 0.0000 1650410543441 1007136.2500 -0.1974
-18.3860 39.2104 -46.8185 0.0000 1650410543470 1007165.2500 -0.1974
-18.3099 39.1606 -47.9807 0.0000 1650410543499 1007194.0000 -0.1979
-19.8845 38.0398 -46.9873 0.0000 1650410543528 1007223.0000 -0.1979
-20.3072 37.9924 -48.6338 0.0000 1650410543557 1007252.0000 -0.1979
-17.4393 35.5424 -47.9970 0.0000 1650410543586 1007280.7500 -0.1979
-18.1957 37.9688 -48.2708 0.0000 1650410543615 1007309.7500 -0.1979
-19.0013 35.1948 -44.5398 0.0000 1650410543644 1007338.7500 -0.1979
-18.1906 37.0065 -47.5604 0.0000 1650410543673 1007367.7500 -0.1979
-19.2651 38.7535 -47.5760 0.0000 1650410543702 1007396.7500 -0.1979
-17.0861 38.5315 -45.9640 0.0000 1650410543731 1007425.7500 -0.1979
-17.1202 37.8348 -46.7713 0.0000 1650410543760 1007454.7500 -0.1979
-18.2555 37.6083 -47.4332 0.0000 1650410543789 1007483.7500 -0.1977
-21.2898 38.0820 -47.2458 0.0000 1650410543818 1007512.7500 -0.1974
-16.9921 39.3194 -46.1274 0.0000 1650410543847 1007541.7500 -0.1974
-18.0730 37.4650 -45.8898 0.0000 1650410543876 1007572.0000 -0.1974
-19.0142 40.2198 -49.4155 0.0000 1650410543904 1007601.0000 -0.1972
-18.9299 38.5490 -45.0725 0.0000 1650410543934 1007628.5000 -0.1969
-19.9221 38.0563 -47.6384 0.0000 1650410543962 1007657.5000 -0.1969
-19.4820 40.2202 -49.8463 0.0000 1650410543991 1007686.5000 -0.1969
-18.6614 39.2817 -49.0032 0.0000 1650410544021 1007715.2500 -0.1969
-18.9239 39.7109 -49.3834 0.0000 1650410544050 1007744.2500 -0.1969
-19.8542 40.0182 -48.7243 0.0000 1650410544079 1007773.2500 -0.1969
-17.2771 38.9026 -48.6022 0.0000 1650410544108 1007802.2500 -0.1969
-18.9901 40.5471 -48.1702 0.0000 1650410544137 1007830.7500 -0.1969
-19.3493 39.3645 -48.4514 0.0000 1650410544166 1007860.0000 -0.1974
-19.9304 38.9923 -47.0321 0.0000 1650410544195 1007889.2500 -0.1974
-19.0058 39.6120 -47.3787 0.0000 1650410544223 1007919.2500 -0.1974
-19.4711 38.6639 -46.9915 0.0000 1650410544252 1007947.2500 -0.1974
-20.0707 38.3892 -46.7468 0.0000 1650410544281 1007976.2500 -0.1974
-18.4599 37.9351 -46.3748 0.0000 1650410544310 1008005.2500 -0.1974
-19.2254 40.5627 -47.1453 0.0000 1650410544339 1008034.2500 -0.1977
-18.7357 41.1109 -48.1985 0.0000 1650410544368 1008063.2500 -0.1979
-20.1400 39.4133 -47.8958 0.0000 1650410544398 1008092.2500 -0.1979
-19.4976 40.4528 -48.2637 0.0000 1650410544427 1008121.2500 -0.1979
-17.6972 39.3745 -48.2507 0.0000 1650410544456 1008150.2500 -0.1979
-18.5596 39.0649 -47.8893 0.0000 1650410544484 1008179.2500 -0.1979
-20.6348 38.5400 -49.2223 0.0000 1650410544514 1008208.2500 -0.1979
-18.7376 40.0083 -47.8456 0.0000 1650410544542 1008237.2500 -0.1979
-21.3688 38.5362 -48.0036 0.0000 1650410544571 1008266.2500 -0.1979
-19.6967 39.0073 -48.9393 0.0000 1650410544600 1008295.0000 -0.1979
-17.8678 39.1651 -47.2677 0.0000 1650410544629 1008324.0000 -0.1977
-18.5126 38.9932 -48.2180 0.0000 1650410544658 1008352.0000 -0.1974
-20.1942 39.7360 -49.1126 0.0000 1650410544687 1008381.7500 -0.1974
-19.7806 40.2923 -46.5585 0.0000 1650410544716 1008410.7500 -0.1974
-18.4807 37.5373 -48.6698 0.0000 1650410544745 1008439.7500 -0.1972
-17.4108 40.5197 -46.6265 0.0000 1650410544774 1008468.7500 -0.1969
-18.2029 39.1523 -47.7900 0.0000 1650410544803 1008497.7500 -0.1969
-16.8196 41.5898 -47.2209 0.0000 1650410544833 1008526.7500 -0.1969
-19.1506 39.9823 -48.2664 0.0000 1650410544861 1008555.7500 -0.1967
-20.1762 39.6204 -46.9606 0.0000 1650410544890 1008584.2500 -0.1965
-18.6084 40.7717 -46.9200 0.0000 1650410544919 1008616.5000 -0.1965
-18.2321 38.0974 -48.8838 0.0000 1650410544948 1008642.7500 -0.1965
-20.2913 41.8745 -48.5604 0.0000 1650410544977 1008671.2500 -0.1965
-21.1309 40.4198 -46.3024 0.0000 1650410545006 1008700.2500 -0.1965
-20.3879 40.4250 -49.5573 0.0000 1650410545035 1008729.5000 -0.1965
-20.5719 41.5684 -49.3351 0.0000 1650410545063 1008758.5000 -0.1968
-19.8860 39.2068 -47.0397 0.0000 1650410545093 1008787.5000 -0.1969
-19.3276 40.0667 -48.1301 0.0000 1650410545121 1008816.2500 -0.1969
-19.3373 40.4148 -48.8276 0.0000 1650410545150 1008845.2500 -0.1969
-21.0448 39.5100 -49.3898 0.0000 1650410545180 1008874.2500 -0.1973
-20.0814 40.8209 -46.5005 0.0000 1650410545209 1008903.2500 -0.1974
-20.1540 37.4413 -47.3284 0.0000 1650410545238 1008932.2500 -0.1974
-21.4975 38.2999 -50.8475 0.0000 1650410545267 1008961.2500 -0.1974
-22.8443 39.8868 -46.6897 0.0000 1650410545296 1008990.2500 -0.1974
-22.9315 38.4189 -47.8081 0.0000 1650410545325 1009019.2500 -0.1974
-19.7064 41.4374 -47.4992 0.0000 1650410545354 1009048.2500 -0.1974
-19.4703 38.5879 -47.9012 0.0000 1650410545382 1009077.2500 -0.1974
-19.1249 37.9680 -48.3087 0.0000 1650410545412 1009106.0000 -0.1974
-22.4845 36.9471 -45.4247 0.0000 1650410545440 1009134.5000 -0.1974
-21.4245 39.2176 -50.3794 0.0000 1650410545469 1009164.2500 -0.1972
-19.2246 40.3901 -46.7728 0.0000 1650410545498 1009193.2500 -0.1969
-21.5676 36.2306 -48.2448 0.0000 1650410545527 1009222.2500 -0.1969
-17.6219 41.3146 -48.1995 0.0000 1650410545556 1009251.2500 -0.1969
-21.7489 36.9962 -47.5446 0.0000 1650410545586 1009280.2500 -0.1967
-20.5980 36.7727 -49.9120 0.0000 1650410545615 1009309.2500 -0.1965
-19.7278 38.8422 -48.7329 0.0000 1650410545644 1009338.2500 -0.1965
-19.8309 37.5511 -50.6144 0.0000 1650410545673 1009368.2500 -0.1965
-18.7835 39.7048 -47.9646 0.0000 1650410545701 1009396.0000 -0.1962
-20.6042 37.1228 -47.9322 0.0000 1650410545730 1009425.0000 -0.1960
-18.4670 36.4729 -50.3759 0.0000 1650410545759 1009453.2500 -0.1960
-18.9490 39.7781 -49.5811 0.0000 1650410545788 1009483.0000 -0.1960
-18.4889 38.2515 -50.5973 0.0000 1650410545817 1009511.7500 -0.1960
-21.1138 39.4922 -49.8644 0.0000 1650410545846 1009540.7500 -0.1963
-20.9638 39.7168 -48.4096 0.0000 1650410545875 1009569.7500 -0.1965
-20.9076 39.2102 -51.6386 0.0000 1650410545904 1009598.7500 -0.1965
-22.0090 37.7023 -49.3547 0.0000 1650410545933 1009627.7500 -0.1965
-19.7879 37.1600 -49.2019 0.0000 1650410545962 1009656.7500 -0.1968
-21.9438 38.2329 -50.6201 0.0000 1650410545992 1009685.7500 -0.1967
-20.4658 37.7691 -49.6020 0.0000 1650410546020 1009714.7500 -0.1965
-19.7385 37.0763 -49.8033 0.0000 1650410546049 1009743.7500 -0.1965
-22.3243 38.1372 -51.5561 0.0000 1650410546078 1009772.7500 -0.1968
-21.0116 37.6416 -47.2261 0.0000 1650410546107 1009801.7500 -0.1969
-19.9580 38.2561 -50.7122 0.0000 1650410546136 1009830.7500 -0.1969
-20.3763 38.1772 -49.9638 0.0000 1650410546165 1009859.5000 -0.1969
-18.7890 39.5763 -50.2995 0.0000 1650410546194 1009889.5000 -0.1969
-22.1862 36.6574 -47.8120 0.0000 1650410546223 1009917.0000 -0.1969
-22.0629 34.6388 -50.4008 0.0000 1650410546252 1009946.2500 -0.1969
-20.8684 38.8048 -49.5590 0.0000 1650410546280 1009975.2500 -0.1969
-21.0015 37.9928 -52.0077 0.0000 1650410546310 1010004.2500 -0.1969
-21.7769 39.2178 -50.8073 0.0000 1650410546339 1010033.2500 -0.1969
-21.4608 39.4747 -49.6776 0.0000 1650410546368 1010062.2500 -0.1967
-22.1677 36.6643 -49.6062 0.0000 1650410546397 1010091.2500 -0.1965
-20.2426 41.0570 -50.8018 0.0000 1650410546426 1010120.2500 -0.1965
-20.3462 39.5246 -50.7358 0.0000 1650410546455 1010150.0000 -0.1965
-19.0204 40.5029 -51.0753 0.0000 1650410546484 1010178.2500 -0.1965
-20.5767 39.5045 -49.2786 0.0000 1650410546513 1010207.2500 -0.1965
-22.4743 38.0919 -50.8298 0.0000 1650410546541 1010236.0000 -0.1965
-20.4819 40.9609 -51.9245 0.0000 1650410546571 1010265.2500 -0.1965
-21.0182 38.3067 -49.8912 0.0000 1650410546599 1010294.2500 -0.1965
-18.7382 41.6399 -53.3131 0.0000 1650410546628 1010323.2500 -0.1965
-18.8561 40.3230 -52.1670 0.0000 1650410546657 1010352.2500 -0.1965
-20.4332 37.8247 -50.5500 0.0000 1650410546687 1010381.2500 -0.1965
-19.5642 38.5444 -51.4333 0.0000 1650410546715 1010410.2500 -0.1965
-20.8202 39.3833 -49.5779 0.0000 1650410546745 1010439.2500 -0.1965
-18.5168 40.9128 -51.0847 0.0000 1650410546774 1010468.2500 -0.1967
-17.5500 38.7426 -49.4400 0.0000 1650410546803 1010497.2500 -0.1969
-20.4510 38.1747 -50.3200 0.0000 1650410546832 1010526.0000 -0.1969
-19.3222 40.7392 -50.0940 0.0000 1650410546860 1010555.0000 -0.1973
-19.1237 38.6427 -50.5275 0.0000 1650410546890 1010584.0000 -0.1974
-18.3513 39.6696 -50.1297 0.0000 1650410546918 1010613.0000 -0.1974
-21.6871 40.1247 -47.7631 0.0000 1650410546947 1010641.7500 -0.1974
-20.4331 38.0352 -51.4173 0.0000 1650410546976 1010670.2500 -0.1978
-18.6015 40.0630 -48.8169 0.0000 1650410547005 1010699.7500 -0.1979
-17.9634 37.2374 -51.0091 0.0000 1650410547034 1010728.7500 -0.1979
-17.4284 38.0920 -50.6696 0.0000 1650410547063 1010757.7500 -0.1979
-19.8140 38.1868 -49.0265 0.0000 1650410547092 1010786.7500 -0.1979
-20.9264 36.3865 -48.3146 0.0000 1650410547121 1010815.7500 -0.1979
-19.5026 37.8548 -50.0117 0.0000 1650410547151 1010844.7500 -0.1979
-18.7386 36.0567 -48.1167 0.0000 1650410547179 1010873.7500 -0.1979
-16.2763 37.9554 -49.8639 0.0000 1650410547208 1010902.5000 -0.1979
-17.3210 40.4606 -49.7374 0.0000 1650410547237 1010933.0000 -0.1979
-20.2101 37.5082 -48.8150 0.0000 1650410547266 1010960.5000 -0.1977
-20.1909 38.9434 -49.2056 0.0000 1650410547295 1010990.7500 -0.1974
-17.6299 37.8082 -47.6371 0.0000 1650410547324 1011018.5000 -0.1974
-18.4213 38.1134 -47.5568 0.0000 1650410547353 1011047.2500 -0.1974
-17.5862 38.3468 -48.1608 0.0000 1650410547382 1011076.2500 -0.1972
-18.4082 37.4698 -48.8125 0.0000 1650410547411 1011105.2500 -0.1969
-19.1533 36.1181 -47.9006 0.0000 1650410547439 1011134.2500 -0.1969
-20.6851 39.3625 -47.9289 0.0000 1650410547469 1011163.2500 -0.1974
-18.5118 38.5831 -49.0605 0.0000 1650410547498 1011192.2500 -0.1972
-20.9454 35.7987 -44.5508 0.0000 1650410547527 1011221.2500 -0.1969
-18.3058 36.9183 -48.7394 0.0000 1650410547556 1011250.2500 -0.1969
-20.1246 36.5801 -48.4212 0.0000 1650410547585 1011279.2500 -0.1974
-18.8601 37.1994 -48.4720 0.0000 1650410547614 1011308.2500 -0.1974
-18.2910 36.3644 -47.9595 0.0000 1650410547643 1011337.2500 -0.1974
-17.8565 35.9417 -48.2025 0.0000 1650410547672 1011366.2500 -0.1974
-18.0086 37.6712 -48.8583 0.0000 1650410547701 1011395.2500 -0.1979
-19.8384 36.2562 -44.4904 0.0000 1650410547730 1011423.5000 -0.1979
-19.4896 35.5493 -46.8709 0.0000 1650410547758 1011454.2500 -0.1979
-19.3668 38.9058 -48.0279 0.0000 1650410547787 1011482.2500 -0.1979
-17.7208 36.6415 -49.1766 0.0000 1650410547816 1011511.2500 -0.1979
-19.0900 39.6886 -47.9436 0.0000 1650410547845 1011540.2500 -0.1979
-17.8754 38.0012 -46.5600 0.0000 1650410547874 1011569.2500 -0.1979
-18.9763 35.8111 -45.1921 0.0000 1650410547904 1011598.2500 -0.1979
-20.7291 38.3833 -46.9869 0.0000 1650410547933 1011627.2500 -0.1979
-18.7275 37.8775 -47.0917 0.0000 1650410547962 1011656.0000 -0.1979
-16.4502 39.2207 -48.9881 0.0000 1650410547991 1011684.5000 -0.1976
-19.8029 38.8128 -44.3357 0.0000 1650410548019 1011714.0000 -0.1974
-19.6403 40.2892 -48.2987 0.0000 1650410548049 1011742.7500 -0.1974
-16.2240 39.5539 -45.9827 0.0000 1650410548077 1011773.0000 -0.1974
-16.5619 37.8747 -50.4178 0.0000 1650410548106 1011800.7500 -0.1974
-18.1408 40.2076 -47.7767 0.0000 1650410548135 1011829.7500 -0.1974
-17.9405 39.4838 -49.9208 0.0000 1650410548164 1011858.7500 -0.1972
-18.6124 38.0338 -48.0796 0.0000 1650410548193 1011887.7500 -0.1969
-18.1156 39.3725 -48.7120 0.0000 1650410548222 1011916.7500 -0.1969
-19.5866 39.5190 -46.4195 0.0000 1650410548251 1011945.7500 -0.1969
-17.5721 39.8933 -47.8315 0.0000 1650410548280 1011974.7500 -0.1967
-18.7137 38.7513 -47.7817 0.0000 1650410548310 1012003.7500 -0.1965
-19.4424 37.0767 -47.1246 0.0000 1650410548338 1012032.7500 -0.1965
-17.8500 39.8342 -48.1428 0.0000 1650410548367 1012061.7500 -0.1965
-18.3144 39.4784 -47.4713 0.0000 1650410548396 1012090.5000 -0.1965
-20.6893 38.8262 -45.7217 0.0000 1650410548425 1012119.5000 -0.1965
-18.7654 39.7748 -47.8012 0.0000 1650410548454 1012148.5000 -0.1965
-20.2905 39.8542 -48.5664 0.0000 1650410548483 1012177.2500 -0.1969
-18.3627 39.4300 -48.3356 0.0000 1650410548512 1012205.5000 -0.1969
-21.4823 39.9438 -45.8344 0.0000 1650410548541 1012235.2500 -0.1972
-19.3287 40.8258 -49.6099 0.0000 1650410548570 1012264.2500 -0.1974
-19.7273 39.1374 -49.0076 0.0000 1650410548598 1012293.2500 -0.1974
-21.2015 37.9979 -48.0973 0.0000 1650410548628 1012323.7500 -0.1974
-18.8126 38.8780 -47.8278 0.0000 1650410548657 1012351.0000 -0.1974
-19.0244 36.8674 -46.7960 0.0000 1650410548686 1012380.2500 -0.1974
-17.3777 39.2590 -50.0475 0.0000 1650410548715 1012409.2500 -0.1974
-18.3877 37.6625 -46.2925 0.0000 1650410548744 1012438.0000 -0.1974
-20.6097 39.0134 -47.4881 0.0000 1650410548773 1012466.7500 -0.1974
-20.2527 38.4474 -48.3736 0.0000 1650410548802 1012496.2500 -0.1974
-19.4824 37.7318 -47.9045 0.0000 1650410548831 1012525.0000 -0.1974
-19.4807 39.9658 -47.2840 0.0000 1650410548860 1012554.2500 -0.1974
-19.3273 41.2100 -47.2958 0.0000 1650410548889 1012583.2500 -0.1972
-21.0217 39.4544 -45.8868 0.0000 1650410548917 1012612.2500 -0.1969
-19.0667 39.0753 -46.4995 0.0000 1650410548947 1012641.2500 -0.1969
-20.3250 40.3215 -48.4137 0.0000 1650410548975 1012670.2500 -0.1969
-21.2071 40.9024 -49.1317 0.0000 1650410549004 1012699.2500 -0.1969
-19.3766 40.8094 -49.4839 0.0000 1650410549033 1012728.2500 -0.1969
-20.7812 40.8445 -48.9448 0.0000 1650410549063 1012757.0000 -0.1967
-19.5675 40.9768 -48.0618 0.0000 1650410549092 1012786.0000 -0.1965
-20.5557 40.0603 -48.6746 0.0000 1650410549121 1012815.0000 -0.1965
-19.4974 40.3020 -49.3222 0.0000 1650410549150 1012843.7500 -0.1969
-20.2227 39.2098 -48.7741 0.0000 1650410549179 1012872.7500 -0.1967
-21.2807 40.0760 -49.4223 0.0000 1650410549208 1012901.7500 -0.1965
-20.9841 38.9519 -45.8609 0.0000 1650410549236 1012930.7500 -0.1965
-22.3460 37.0339 -48.5176 0.0000 1650410549265 1012961.0000 -0.1969
-20.3010 41.4657 -48.6966 0.0000 1650410549294 1012990.0000 -0.1969
-19.4657 37.0125 -47.4561 0.0000 1650410549323 1013017.7500 -0.1969
-16.4051 37.4482 -49.5818 0.0000 1650410549352 1013046.7500 -0.1969
-19.8103 36.1460 -43.1830 0.0000 1650410549381 1013075.7500 -0.1974
-19.8372 38.2482 -50.4465 0.0000 1650410549410 1013104.7500 -0.1974
-20.7119 38.8778 -48.3643 0.0000 1650410549439 1013133.7500 -0.1974
-23.2094 35.8343 -46.6011 0.0000 1650410549469 1013162.7500 -0.1974
-17.1843 39.1520 -49.0670 0.0000 1650410549497 1013191.5000 -0.1974
-18.9015 38.0139 -49.4914 0.0000 1650410549527 1013223.2500 -0.1974
-21.9162 35.4463 -48.2611 0.0000 1650410549555 1013248.7500 -0.1974
-18.9805 38.2703 -47.6648 0.0000 1650410549584 1013278.2500 -0.1974
-19.8623 33.6937 -48.8817 0.0000 1650410549613 1013307.0000 -0.1974
-19.3323 37.5169 -48.7650 0.0000 1650410549642 1013336.2500 -0.1974
-21.5882 36.7423 -46.3011 0.0000 1650410549671 1013365.2500 -0.1974
-22.8456 35.8292 -50.4977 0.0000 1650410549700 1013394.2500 -0.1974
-21.1006 39.6671 -48.2236 0.0000 1650410549729 1013423.2500 -0.1974
-20.9447 36.0284 -47.0308 0.0000 1650410549758 1013452.2500 -0.1974
-20.9169 38.8240 -50.0434 0.0000 1650410549787 1013481.2500 -0.1972
-19.7091 38.7891 -49.8933 0.0000 1650410549815 1013510.2500 -0.1969
-22.0616 38.5264 -49.6207 0.0000 1650410549845 1013539.2500 -0.1969
-21.8692 39.2044 -49.6531 0.0000 1650410549874 1013568.2500 -0.1969
-17.9568 37.9042 -47.8733 0.0000 1650410549903 1013597.2500 -0.1969
-20.8727 37.2793 -48.5159 0.0000 1650410549932 1013626.2500 -0.1969
-19.9084 38.7840 -48.3602 0.0000 1650410549961 1013655.2500 -0.1967
-18.7360 38.0072 -50.2793 0.0000 1650410549990 1013684.2500 -0.1965
-21.1540 38.7040 -49.7338 0.0000 1650410550019 1013713.2500 -0.1965
-21.3127 38.5910 -49.1872 0.0000 1650410550048 1013744.7500 -0.1965
-20.0129 38.4905 -49.8531 0.0000 1650410550076 1013771.0000 -0.1967
-21.4393 38.4676 -50.8615 0.0000 1650410550106 1013800.2500 -0.1969
-20.1452 37.6824 -49.0832 0.0000 1650410550134 1013829.2500 -0.1969
-21.2809 37.9350 -50.7209 0.0000 1650410550163 1013858.0000 -0.1969
-19.6966 37.0200 -50.4688 0.0000 1650410550193 1013887.0000 -0.1972
-17.1777 38.9881 -49.2995 0.0000 1650410550222 1013916.0000 -0.1974
-21.0973 36.3115 -47.5549 0.0000 1650410550251 1013945.0000 -0.1974
-21.0157 37.7649 -50.4485 0.0000 1650410550280 1013973.2500 -0.1974
-22.3142 38.0349 -49.9687 0.0000 1650410550309 1014002.2500 -0.1974
-20.5687 37.7946 -49.4195 0.0000 1650410550338 1014031.7500 -0.1974
-20.2814 38.3342 -49.8458 0.0000 1650410550367 1014060.2500 -0.1974
-20.8868 38.8676 -49.8760 0.0000 1650410550395 1014089.5000 -0.1974
-22.1992 37.1563 -50.4991 0.0000 1650410550425 1014118.7500 -0.1974
-22.1514 38.1360 -49.8268 0.0000 1650410550453 1014147.7500 -0.1974
-20.3446 37.3258 -50.8773 0.0000 1650410550482 1014176.7500 -0.1974
-20.7424 37.7290 -49.9417 0.0000 1650410550511 1014205.7500 -0.1974
-19.5356 39.8456 -52.0604 0.0000 1650410550540 1014234.7500 -0.1974
-21.1526 40.7094 -53.1552 0.0000 1650410550569 1014263.7500 -0.1974
-20.4898 38.2648 -49.6672 0.0000 1650410550598 1014292.7500 -0.1974
-21.8212 37.2171 -50.6492 0.0000 1650410550628 1014321.5000 -0.1974
-17.8572 39.6022 -48.9613 0.0000 1650410550656 1014350.5000 -0.1974
-19.3705 37.8942 -51.0978 0.0000 1650410550686 1014379.2500 -0.1972
-20.5871 39.9179 -52.4387 0.0000 1650410550714 1014408.2500 -0.1969
-18.1919 37.0490 -47.7981 0.0000 1650410550743 1014437.2500 -0.1969
-19.9030 37.2250 -51.2916 0.0000 1650410550772 1014466.2500 -0.1969
-19.2015 37.0440 -50.7141 0.0000 1650410550801 1014495.0000 -0.1969
-18.2331 34.9187 -47.8552 0.0000 1650410550830 1014525.5000 -0.1969
-18.6027 39.1553 -51.7815 0.0000 1650410550859 1014553.2500 -0.1969
-18.5322 37.3042 -49.3248 0.0000 1650410550888 1014582.2500 -0.1969
-21.1417 37.8706 -49.3886 0.0000 1650410550917 1014611.2500 -0.1969
-19.1513 39.6944 -48.3328 0.0000 1650410550946 1014640.2500 -0.1969
-20.5368 37.0004 -48.8389 0.0000 1650410550974 1014669.2500 -0.1972
-18.4765 38.5659 -50.8849 0.0000 1650410551004 1014698.2500 -0.1974
-20.9548 38.2908 -48.9910 0.0000 1650410551033 1014727.2500 -0.1974
-21.3265 37.3009 -47.3552 0.0000 1650410551062 1014759.0000 -0.1974
-16.1684 40.0263 -47.6793 0.0000 1650410551091 1014785.0000 -0.1977
-18.4268 34.1398 -48.2632 0.0000 1650410551120 1014814.2500 -0.1979
-16.6552 39.5675 -49.9370 0.0000 1650410551149 1014844.0000 -0.1979
-18.7104 37.0771 -48.9848 0.0000 1650410551178 1014872.2500 -0.1979
-20.2164 36.9432 -47.7682 0.0000 1650410551207 1014901.2500 -0.1979
-18.6588 38.3742 -49.6992 0.0000 1650410551236 1014930.2500 -0.1979
-18.9390 38.5683 -51.1458 0.0000 1650410551265 1014959.2500 -0.1979
-17.7530 40.0158 -50.5125 0.0000 1650410551293 1014988.0000 -0.1983
-17.6751 37.2738 -48.2970 0.0000 1650410551322 1015017.0000 -0.1984
-21.4429 38.2938 -47.6575 0.0000 1650410551351 1015046.0000 -0.1984
-18.4130 37.5640 -47.9141 0.0000 1650410551380 1015074.7500 -0.1984
-18.1136 36.8973 -47.4962 0.0000 1650410551410 1015103.7500 -0.1980
-18.8168 37.8365 -47.5060 0.0000 1650410551439 1015132.7500 -0.1979
-18.0513 37.2980 -47.2941 0.0000 1650410551468 1015161.7500 -0.1979
-19.0535 38.8647 -46.5033 0.0000 1650410551497 1015190.7500 -0.1979
-17.9763 38.2258 -45.0197 0.0000 1650410551526 1015219.7500 -0.1979
-18.1991 37.2224 -47.2281 0.0000 1650410551554 1015248.7500 -0.1979
-18.1450 39.3488 -48.3783 0.0000 1650410551584 1015278.5000 -0.1977
-18.9939 39.3721 -49.4030 0.0000 1650410551612 1015306.5000 -0.1974
-19.7787 37.6075 -48.9040 0.0000 1650410551641 1015335.7500 -0.1974
-19.1923 37.4190 -48.5469 0.0000 1650410551670 1015364.7500 -0.1974
-19.1262 37.8142 -49.2948 0.0000 1650410551699 1015393.7500 -0.1974
-16.4306 39.9198 -49.0305 0.0000 1650410551728 1015422.7500 -0.1974
-19.2688 37.3486 -48.1349 0.0000 1650410551758 1015451.5000 -0.1974
-18.9530 38.2388 -49.0458 0.0000 1650410551786 1015480.5000 -0.1974
-18.9892 37.1935 -47.5275 0.0000 1650410551816 1015510.7500 -0.1974
-19.5250 38.4213 -49.2479 0.0000 1650410551845 1015537.5000 -0.1978
-20.5999 38.1579 -48.8885 0.0000 1650410551873 1015567.2500 -0.1979
-18.6554 38.6141 -46.7712 0.0000 1650410551902 1015597.7500 -0.1979
-18.8218 36.2029 -46.1852 0.0000 1650410551931 1015625.0000 -0.1979
-19.0843 37.3386 -46.7353 0.0000 1650410551960 1015654.2500 -0.1979
-17.5272 36.2333 -48.4314 0.0000 1650410551989 1015683.2500 -0.1979
-18.2425 38.4387 -47.5344 0.0000 1650410552018 1015712.2500 -0.1979
-20.0719 39.3937 -47.6490 0.0000 1650410552047 1015741.2500 -0.1979
-19.1122 39.2448 -47.1688 0.0000 1650410552076 1015770.2500 -0.1979
-19.7555 37.4506 -48.5922 0.0000 1650410552105 1015799.2500 -0.1979
-20.5198 37.4067 -47.2386 0.0000 1650410552133 1015828.2500 -0.1982
-18.9409 38.9852 -48.3629 0.0000 1650410552164 1015857.2500 -0.1984
-19.3733 39.0494 -49.4016 0.0000 1650410552192 1015886.2500 -0.1984
-18.3930 39.0146 -49.3922 0.0000 1650410552221 1015915.2500 -0.1984
-19.4749 39.4618 -46.5838 0.0000 1650410552250 1015944.2500 -0.1984
-19.5777 38.5151 -48.1423 0.0000 1650410552279 1015973.2500 -0.1984
-18.3476 39.5823 -48.6905 0.0000 1650410552308 1016002.2500 -0.1984
-18.4770 39.3130 -48.7378 0.0000 1650410552337 1016031.2500 -0.1984
-19.7893 38.6117 -49.2094 0.0000 1650410552366 1016060.7500 -0.1984
-18.1592 37.9996 -48.4184 0.0000 1650410552395 1016089.0000 -0.1984
-20.5802 40.7530 -48.3003 0.0000 1650410552424 1016118.0000 -0.1982
-19.5000 38.3092 -47.4336 0.0000 1650410552452 1016147.0000 -0.1979
-21.4113 37.1653 -46.7253 0.0000 1650410552481 1016176.0000 -0.1979
-20.2099 39.1986 -46.9506 0.0000 1650410552510 1016204.7500 -0.1979
-17.8467 38.3275 -47.8680 0.0000 1650410552540 1016233.7500 -0.1979
-21.2905 38.1832 -47.5225 0.0000 1650410552569 1016262.7500 -0.1979
-19.0023 39.5045 -47.0827 0.0000 1650410552598 1016291.5000 -0.1979
-17.6633 37.2497 -48.5154 0.0000 1650410552627 1016322.0000 -0.1979
-20.6617 38.4336 -47.2315 0.0000 1650410552656 1016349.7500 -0.1979
-18.7603 38.9132 -47.3402 0.0000 1650410552685 1016378.0000 -0.1979
-18.6790 39.0661 -48.5399 0.0000 1650410552713 1016407.7500 -0.1979
-17.9527 39.8317 -49.9248 0.0000 1650410552743 1016436.7500 -0.1983
-19.4532 39.9999 -47.7146 0.0000 1650410552771 1016465.7500 -0.1984
-18.4341 39.5715 -48.9185 0.0000 1650410552800 1016494.7500 -0.1984
-17.1196 37.0799 -45.9212 0.0000 1650410552829 1016523.7500 -0.1984
-21.7311 37.9547 -46.9280 0.0000 1650410552858 1016552.5000 -0.1984
-17.9003 39.2727 -49.0299 0.0000 1650410552887 1016581.5000 -0.1984
-17.9348 39.5819 -46.6651 0.0000 1650410552916 1016610.2500 -0.1984
-19.1728 40.2138 -48.6364 0.0000 1650410552945 1016639.2500 -0.1984
-20.0518 39.4259 -47.2886 0.0000 1650410552975 1016668.2500 -0.1984
-18.7910 40.5968 -48.8941 0.0000 1650410553004 1016697.2500 -0.1984
-19.2216 40.8513 -47.4195 0.0000 1650410553032 1016726.2500 -0.1984
-17.9497 40.0278 -48.4318 0.0000 1650410553062 1016755.2500 -0.1984
-19.5596 41.1615 -48.9208 0.0000 1650410553090 1016784.2500 -0.1984
-19.7731 40.4848 -49.2275 0.0000 1650410553119 1016814.5000 -0.1984
-20.2070 38.3336 -46.8682 0.0000 1650410553148 1016841.5000 -0.1984
-19.6854 39.8857 -49.9435 0.0000 1650410553177 1016871.2500 -0.1984
-20.1631 39.9132 -47.6030 0.0000 1650410553206 1016900.2500 -0.1982
-21.0682 39.1767 -47.1058 0.0000 1650410553235 1016929.2500 -0.1979
-20.0574 39.4513 -47.1809 0.0000 1650410553264 1016958.2500 -0.1979
-21.1500 35.8910 -48.2846 0.0000 1650410553293 1016987.2500 -0.1979
-19.9106 40.3173 -49.2322 0.0000 1650410553322 1017016.2500 -0.1979
-21.0321 35.0052 -47.8908 0.0000 1650410553351 1017045.2500 -0.1979
-19.6135 39.7779 -48.5788 0.0000 1650410553380 1017073.7500 -0.1979
-19.9174 40.1900 -49.1136 0.0000 1650410553409 1017103.2500 -0.1979
-22.1521 37.9310 -47.8387 0.0000 1650410553438 1017133.7500 -0.1979
-19.7915 38.9557 -49.1828 0.0000 1650410553467 1017160.5000 -0.1979
-19.8773 38.3654 -48.7851 0.0000 1650410553496 1017190.0000 -0.1979
-20.1261 38.2986 -50.9994 0.0000 1650410553525 1017219.0000 -0.1979
-20.4434 39.0070 -50.4829 0.0000 1650410553554 1017248.0000 -0.1979
-21.0982 37.3703 -46.8475 0.0000 1650410553583 1017277.0000 -0.1979
-20.0588 38.9524 -48.1129 0.0000 1650410553611 1017305.7500 -0.1979
-22.0007 34.5950 -47.1612 0.0000 1650410553641 1017334.7500 -0.1983
-19.8463 40.1387 -48.3352 0.0000 1650410553669 1017363.7500 -0.1984
-19.0489 37.5377 -48.8124 0.0000 1650410553698 1017392.7500 -0.1984
-21.0983 38.6820 -49.3821 0.0000 1650410553727 1017421.7500 -0.1984
-17.8680 38.2257 -47.6531 0.0000 1650410553757 1017450.7500 -0.1984
-20.5087 37.3525 -48.5760 0.0000 1650410553786 1017479.7500 -0.1984
-21.5909 37.7239 -50.7279 0.0000 1650410553815 1017508.7500 -0.1984
-20.3262 39.6859 -51.1156 0.0000 1650410553844 1017537.7500 -0.1984
-19.8918 39.8526 -49.4253 0.0000 1650410553873 1017566.7500 -0.1984
-20.2165 37.9678 -49.6616 0.0000 1650410553902 1017596.2500 -0.1984
-20.7461 38.1419 -48.0844 0.0000 1650410553930 1017624.7500 -0.1984
-19.7699 37.4862 -49.4321 0.0000 1650410553959 1017653.5000 -0.1984
-21.7616 37.7096 -49.7417 0.0000 1650410553988 1017682.5000 -0.1984
-20.7144 38.0341 -49.2418 0.0000 1650410554017 1017711.5000 -0.1984
-21.2566 37.6208 -48.8898 0.0000 1650410554046 1017740.2500 -0.1984
-22.5029 36.4163 -49.9928 0.0000 1650410554075 1017769.2500 -0.1984
-19.1560 37.9144 -48.6673 0.0000 1650410554104 1017798.2500 -0.1982
-20.1623 36.7860 -50.2514 0.0000 1650410554134 1017827.0000 -0.1979
-20.7049 37.9075 -49.5948 0.0000 1650410554163 1017856.0000 -0.1979
-18.5475 39.3064 -49.6331 0.0000 1650410554191 1017885.2500 -0.1979
-22.9334 37.4899 -49.7571 0.0000 1650410554221 1017914.0000 -0.1979
-18.5332 37.5141 -49.9643 0.0000 1650410554249 1017943.2500 -0.1974
-19.8227 37.6143 -47.8953 0.0000 1650410554278 1017972.2500 -0.1977
-20.2027 37.3179 -51.2852 0.0000 1650410554307 1018001.2500 -0.1979
-19.8680 39.3154 -49.8398 0.0000 1650410554336 1018030.2500 -0.1979
-20.9968 38.5499 -49.5421 0.0000 1650410554365 1018059.2500 -0.1980
-20.8396 38.5801 -48.4327 0.0000 1650410554394 1018088.2500 -0.1979
-19.3813 36.0028 -50.0511 0.0000 1650410554423 1018117.2500 -0.1979
-21.9587 37.5938 -51.6003 0.0000 1650410554452 1018146.2500 -0.1979
-21.9028 39.0718 -50.3542 0.0000 1650410554481 1018175.2500 -0.1983
-21.6527 38.4125 -51.2444 0.0000 1650410554510 1018204.2500 -0.1984
-18.9948 37.2062 -51.2341 0.0000 1650410554540 1018233.2500 -0.1984
-20.1344 36.7660 -51.8892 0.0000 1650410554568 1018262.2500 -0.1984
-18.7997 38.6214 -49.1026 0.0000 1650410554597 1018291.2500 -0.1984
-19.9968 38.4875 -49.2133 0.0000 1650410554626 1018320.2500 -0.1984
-20.8177 39.3616 -52.8861 0.0000 1650410554655 1018348.7500 -0.1984
-17.9329 38.4985 -49.8269 0.0000 1650410554684 1018379.0000 -0.1984
-17.5983 36.6415 -50.9432 0.0000 1650410554713 1018406.7500 -0.1984
-20.0849 37.5074 -50.0456 0.0000 1650410554742 1018435.7500 -0.1984
-19.8124 37.8839 -48.1846 0.0000 1650410554770 1018464.7500 -0.1984
-20.0320 38.1032 -50.1750 0.0000 1650410554800 1018493.7500 -0.1984
-20.3749 40.0616 -50.6191 0.0000 1650410554828 1018522.7500 -0.1982
-18.0405 36.7116 -49.1165 0.0000 1650410554857 1018551.7500 -0.1979
-19.5636 38.8215 -51.4739 0.0000 1650410554887 1018580.7500 -0.1979
-19.6814 36.1530 -45.7084 0.0000 1650410554916 1018612.5000 -0.1979
-20.6107 36.4188 -49.3013 0.0000 1650410554945 1018638.5000 -0.1979
-18.6057 37.3064 -47.9118 0.0000 1650410554974 1018667.7500 -0.1979
-20.1477 34.3045 -48.7565 0.0000 1650410555003 1018696.5000 -0.1979
-19.7182 38.7276 -49.4639 0.0000 1650410555032 1018725.7500 -0.1979
-19.5755 37.0516 -46.6868 0.0000 1650410555061 1018754.5000 -0.1979
-23.5669 36.8392 -46.4085 0.0000 1650410555089 1018783.5000 -0.1979
-18.6896 37.7508 -48.5797 0.0000 1650410555119 1018812.5000 -0.1979
-18.7431 36.6020 -50.5167 0.0000 1650410555147 1018841.2500 -0.1979
-18.3442 40.2430 -49.0223 0.0000 1650410555176 1018870.2500 -0.1979
-19.7358 36.7042 -48.6043 0.0000 1650410555205 1018899.2500 -0.1979
-19.7177 37.8263 -49.4481 0.0000 1650410555234 1018928.2500 -0.1979
-18.9056 39.1420 -50.0921 0.0000 1650410555263 1018957.2500 -0.1983
-18.0861 38.0302 -50.0720 0.0000 1650410555293 1018986.2500 -0.1984
-18.9255 38.5521 -50.4333 0.0000 1650410555322 1019015.2500 -0.1984
-18.2966 37.7545 -49.6856 0.0000 1650410555351 1019044.2500 -0.1984
-20.6227 37.9426 -49.0338 0.0000 1650410555380 1019073.2500 -0.1988
-18.8324 38.4640 -49.3692 0.0000 1650410555408 1019102.2500 -0.1989
-19.5287 37.8082 -48.9255 0.0000 1650410555437 1019130.7500 -0.1989
-17.6200 37.0647 -50.3055 0.0000 1650410555466 1019160.0000 -0.1989
-19.3559 38.6265 -47.4937 0.0000 1650410555495 1019189.2500 -0.1989
-20.9427 36.8691 -46.2716 0.0000 1650410555524 1019218.2500 -0.1989
-20.4749 39.1728 -47.0384 0.0000 1650410555553 1019247.2500 -0.1987
-19.7532 37.5589 -47.1973 0.0000 1650410555582 1019276.2500 -0.1984
-17.4118 35.4207 -48.8050 0.0000 1650410555611 1019305.2500 -0.1984
-19.7085 35.2774 -47.6302 0.0000 1650410555640 1019334.2500 -0.1984
-19.0940 37.7815 -47.1229 0.0000 1650410555669 1019363.0000 -0.1984
-20.0009 36.7041 -48.2749 0.0000 1650410555699 1019393.0000 -0.1984
-18.4927 36.7996 -49.3832 0.0000 1650410555727 1019421.2500 -0.1984
-17.9558 39.1346 -48.9146 0.0000 1650410555756 1019449.7500 -0.1984
-16.5441 36.1205 -49.0792 0.0000 1650410555785 1019478.7500 -0.1982
-18.1063 37.4346 -48.2176 0.0000 1650410555814 1019508.0000 -0.1979
-18.8355 38.5368 -47.5962 0.0000 1650410555843 1019536.7500 -0.1979
-19.1139 37.4108 -48.8477 0.0000 1650410555872 1019565.7500 -0.1979
-19.2348 38.6423 -47.7757 0.0000 1650410555901 1019594.7500 -0.1977
-18.5743 38.0237 -48.4381 0.0000 1650410555930 1019623.7500 -0.1974
-18.7390 36.4373 -46.5744 0.0000 1650410555959 1019652.7500 -0.1974
-19.3222 39.3326 -48.6980 0.0000 1650410555987 1019681.7500 -0.1974
-20.3344 37.7831 -48.2866 0.0000 1650410556016 1019710.7500 -0.1974
-19.5089 37.0688 -47.4761 0.0000 1650410556046 1019739.7500 -0.1974
-18.6703 36.5194 -47.1876 0.0000 1650410556075 1019768.7500 -0.1977
-18.1067 38.6051 -48.4095 0.0000 1650410556104 1019797.7500 -0.1979
-21.3723 38.4002 -48.2417 0.0000 1650410556133 1019826.7500 -0.1979
-22.0457 37.6288 -46.3670 0.0000 1650410556162 1019855.7500 -0.1979
-17.6903 38.7126 -46.1829 0.0000 1650410556191 1019884.0000 -0.1982
-19.1019 38.4601 -47.8111 0.0000 1650410556220 1019914.7500 -0.1984
-19.8808 39.8079 -48.9656 0.0000 1650410556248 1019942.2500 -0.1984
-19.4669 38.5132 -48.4765 0.0000 1650410556278 1019971.2500 -0.1984
-20.0874 38.1302 -49.2776 0.0000 1650410556306 1020000.2500 -0.1984
-19.5043 39.1800 -48.4453 0.0000 1650410556335 1020029.2500 -0.1984
-20.2262 38.2194 -48.0382 0.0000 1650410556364 1020058.2500 -0.1984
-17.0589 38.1390 -47.8809 0.0000 1650410556394 1020087.2500 -0.1984
-20.2841 38.1281 -47.0529 0.0000 1650410556422 1020116.2500 -0.1984
-17.9702 37.8458 -49.7029 0.0000 1650410556451 1020146.5000 -0.1984
-18.9851 39.6877 -48.9742 0.0000 1650410556481 1020174.2500 -0.1984
-19.8839 37.6314 -47.7059 0.0000 1650410556510 1020203.2500 -0.1984
-18.1677 39.9004 -49.1768 0.0000 1650410556539 1020233.5000 -0.1984
-18.2921 38.3014 -47.9908 0.0000 1650410556567 1020261.2500 -0.1982
-20.5941 38.4844 -46.8772 0.0000 1650410556597 1020290.2500 -0.1979
-19.4981 38.7947 -46.9033 0.0000 1650410556625 1020319.2500 -0.1979
-19.7160 38.5604 -49.0675 0.0000 1650410556654 1020348.2500 -0.1979
-19.9948 39.6137 -47.0441 0.0000 1650410556683 1020377.2500 -0.1979
-19.2543 39.2320 -48.4605 0.0000 1650410556712 1020406.2500 -0.1979
-18.3167 37.4731 -49.4081 0.0000 1650410556741 1020435.2500 -0.1977
-18.8692 39.8182 -49.3806 0.0000 1650410556770 1020464.2500 -0.1974
-19.2688 40.5709 -48.0888 0.0000 1650410556799 1020493.2500 -0.1974
-19.1154 39.7624 -47.5564 0.0000 1650410556828 1020522.2500 -0.1974
-18.2115 39.0692 -49.4350 0.0000 1650410556858 1020551.0000 -0.1974
-19.9236 40.0626 -47.5777 0.0000 1650410556886 1020580.0000 -0.1974
-19.5758 39.0707 -48.0622 0.0000 1650410556915 1020609.0000 -0.1974
-18.6349 38.1120 -46.3801 0.0000 1650410556944 1020638.0000 -0.1974
-18.0083 40.2518 -46.1200 0.0000 1650410556973 1020666.5000 -0.1974
-20.1772 39.6585 -48.0644 0.0000 1650410557002 1020695.5000 -0.1979
-19.9720 39.0663 -47.2185 0.0000 1650410557031 1020724.7500 -0.1979
-20.7170 40.8027 -46.7475 0.0000 1650410557060 1020753.7500 -0.1979
-19.0308 41.8277 -47.4143 0.0000 1650410557089 1020782.7500 -0.1979
-19.7260 40.7475 -49.8207 0.0000 1650410557118 1020811.7500 -0.1979
-20.5835 42.1921 -49.1715 0.0000 1650410557146 1020840.7500 -0.1979
-20.5273 41.1719 -50.5716 0.0000 1650410557176 1020869.7500 -0.1979
-19.5802 38.9723 -48.8918 0.0000 1650410557204 1020900.2500 -0.1979
-19.5361 39.8757 -48.7530 0.0000 1650410557234 1020928.2500 -0.1979
-18.8218 39.5631 -48.8139 0.0000 1650410557263 1020956.7500 -0.1979
-17.6882 36.9006 -46.4143 0.0000 1650410557292 1020985.5000 -0.1979
-22.9383 37.1019 -46.8171 0.0000 1650410557321 1021014.2500 -0.1979
-17.9923 37.3340 -47.5252 0.0000 1650410557350 1021043.5000 -0.1977
-18.9883 38.5862 -48.8439 0.0000 1650410557379 1021072.2500 -0.1974
-19.9572 39.3695 -50.0129 0.0000 1650410557408 1021101.2500 -0.1974
-21.2491 38.7206 -48.6995 0.0000 1650410557437 1021130.2500 -0.1974
-20.9615 38.0817 -50.5520 0.0000 1650410557465 1021159.2500 -0.1974
-18.8369 38.5465 -45.9280 0.0000 1650410557494 1021188.2500 -0.1974
-20.3565 37.0429 -49.3389 0.0000 1650410557523 1021217.2500 -0.1974
-20.7209 39.5572 -49.7283 0.0000 1650410557552 1021246.2500 -0.1974
-20.2200 37.5261 -50.7482 0.0000 1650410557581 1021275.2500 -0.1974
-19.6990 37.9434 -50.1764 0.0000 1650410557611 1021304.2500 -0.1974
-19.2194 40.8049 -48.0098 0.0000 1650410557640 1021333.2500 -0.1974
-18.6419 37.2225 -53.2725 0.0000 1650410557669 1021362.2500 -0.1974
-20.7357 39.0290 -47.0736 0.0000 1650410557698 1021391.2500 -0.1974
-22.0896 36.2743 -46.0242 0.0000 1650410557726 1021420.2500 -0.1974
-21.0767 37.2338 -50.3614 0.0000 1650410557756 1021448.7500 -0.1974
-19.4549 38.5686 -47.8232 0.0000 1650410557784 1021478.2500 -0.1974
-21.3479 36.7563 -49.0026 0.0000 1650410557813 1021507.2500 -0.1974
-20.7906 39.4217 -49.9191 0.0000 1650410557842 1021536.2500 -0.1974
-19.6493 38.6348 -50.4636 0.0000 1650410557871 1021565.2500 -0.1974
-20.4810 37.3285 -48.6441 0.0000 1650410557900 1021594.2500 -0.1979
-21.3126 38.1805 -47.8986 0.0000 1650410557929 1021623.2500 -0.1979
-23.3495 35.7266 -48.5983 0.0000 1650410557958 1021652.2500 -0.1979
-21.2224 37.2105 -48.4761 0.0000 1650410557987 1021680.7500 -0.1979
-20.5414 36.6689 -46.8346 0.0000 1650410558017 1021709.2500 -0.1979
-20.0509 37.8298 -51.0034 0.0000 1650410558045 1021739.0000 -0.1979
-21.6427 36.8489 -42.3361 0.0000 1650410558074 1021768.7500 -0.1979
-19.5208 37.6970 -47.6003 0.0000 1650410558103 1021796.7500 -0.1979
-19.5760 40.0169 -50.5438 0.0000 1650410558132 1021825.7500 -0.1979
-21.2415 37.3432 -48.7437 0.0000 1650410558161 1021854.7500 -0.1979
-20.6991 36.2864 -49.5175 0.0000 1650410558190 1021883.7500 -0.1977
-20.7216 36.8890 -50.0696 0.0000 1650410558219 1021912.7500 -0.1974
-22.2806 35.7947 -49.3217 0.0000 1650410558248 1021941.7500 -0.1974
-19.7398 36.8771 -49.2331 0.0000 1650410558277 1021970.7500 -0.1974
-19.4528 37.6137 -50.3583 0.0000 1650410558305 1021999.7500 -0.1974
-20.2742 38.8244 -50.8584 0.0000 1650410558335 1022028.7500 -0.1974
-19.8340 39.0439 -48.9753 0.0000 1650410558364 1022057.7500 -0.1972
-21.0940 39.0545 -48.9222 0.0000 1650410558393 1022086.7500 -0.1969
-19.5780 40.0026 -48.7347 0.0000 1650410558422 1022115.5000 -0.1969
-19.1970 37.2288 -49.6430 0.0000 1650410558451 1022144.5000 -0.1969
-21.9616 37.6223 -51.1832 0.0000 1650410558480 1022173.2500 -0.1969
-20.3600 38.2241 -50.5499 0.0000 1650410558509 1022202.0000 -0.1969
-20.9527 36.8745 -50.3389 0.0000 1650410558538 1022230.7500 -0.1969
-19.2086 39.7263 -51.0212 0.0000 1650410558567 1022260.2500 -0.1974
-21.9580 36.9814 -48.6907 0.0000 1650410558596 1022289.2500 -0.1972
-19.8669 38.5347 -50.3438 0.0000 1650410558624 1022318.2500 -0.1969
-23.1947 38.5752 -49.6415 0.0000 1650410558654 1022347.2500 -0.1969
-21.2651 38.3636 -50.7691 0.0000 1650410558682 1022376.2500 -0.1974
-20.8335 39.5050 -50.7993 0.0000 1650410558711 1022405.2500 -0.1974
-16.8424 35.6025 -48.4650 0.0000 1650410558740 1022435.7500 -0.1974
-20.6534 39.3325 -51.1307 0.0000 1650410558770 1022462.2500 -0.1974
-21.3557 37.8377 -47.2982 0.0000 1650410558799 1022492.2500 -0.1979
-19.7040 36.3238 -50.9803 0.0000 1650410558828 1022521.2500 -0.1979
-20.2006 38.6054 -49.7883 0.0000 1650410558857 1022549.5000 -0.1979
-20.8749 36.5453 -51.1056 0.0000 1650410558885 1022579.2500 -0.1979
-20.0473 38.2448 -49.0821 0.0000 1650410558915 1022608.2500 -0.1979
-20.4709 38.2396 -46.6103 0.0000 1650410558943 1022637.2500 -0.1979
-18.3535 37.2321 -50.5205 0.0000 1650410558972 1022666.2500 -0.1979
-18.6693 37.3205 -49.0371 0.0000 1650410559001 1022695.2500 -0.1979
-20.2440 39.2966 -49.0973 0.0000 1650410559030 1022724.2500 -0.1979
-19.8640 40.6173 -50.5339 0.0000 1650410559059 1022753.2500 -0.1979
-20.4698 38.3895 -49.0377 0.0000 1650410559088 1022782.0000 -0.1979
-20.4684 36.9212 -48.7660 0.0000 1650410559117 1022811.0000 -0.1979
-18.9432 38.1669 -47.9151 0.0000 1650410559146 1022840.0000 -0.1977
-20.9752 36.5917 -47.5180 0.0000 1650410559175 1022868.7500 -0.1974
-20.1374 38.2512 -49.4481 0.0000 1650410559204 1022897.7500 -0.1974
-20.4622 38.3958 -48.8445 0.0000 1650410559234 1022926.7500 -0.1974
-20.6716 37.6313 -49.3105 0.0000 1650410559262 1022955.7500 -0.1972
-20.5386 38.7159 -50.1470 0.0000 1650410559291 1022985.2500 -0.1969
-19.3591 37.9220 -49.1162 0.0000 1650410559320 1023013.7500 -0.1969
-17.2002 39.2192 -51.1507 0.0000 1650410559349 1023042.7500 -0.1974
-19.6072 38.2340 -49.1859 0.0000 1650410559378 1023071.7500 -0.1974
-20.2797 37.4565 -48.8009 0.0000 1650410559407 1023100.7500 -0.1974
-21.3703 38.4441 -50.0492 0.0000 1650410559436 1023129.7500 -0.1974
-18.1934 36.5732 -48.9931 0.0000 1650410559465 1023158.7500 -0.1979
-18.4465 37.8157 -47.3158 0.0000 1650410559494 1023187.7500 -0.1979
-18.8593 38.1499 -48.1273 0.0000 1650410559522 1023215.7500 -0.1979
-17.9385 39.5070 -49.3937 0.0000 1650410559552 1023246.7500 -0.1979
-19.1019 38.7747 -48.6388 0.0000 1650410559581 1023274.5000 -0.1979
-18.8936 36.2082 -46.3825 0.0000 1650410559610 1023304.5000 -0.1979
-19.7096 38.6809 -47.1823 0.0000 1650410559639 1023332.2500 -0.1982
-18.8997 37.0596 -49.4864 0.0000 1650410559668 1023361.2500 -0.1984
-18.8211 37.8250 -48.2284 0.0000 1650410559697 1023390.2500 -0.1984
-19.3019 35.5708 -48.6023 0.0000 1650410559726 1023419.2500 -0.1984
-18.0310 37.0722 -48.3955 0.0000 1650410559755 1023448.2500 -0.1987
-18.9772 37.3415 -48.1497 0.0000 1650410559783 1023477.2500 -0.1989
-21.1417 39.4480 -47.5869 0.0000 1650410559813 1023506.2500 -0.1985
-19.8364 37.8850 -48.4213 0.0000 1650410559841 1023535.2500 -0.1984
-18.8737 37.9290 -48.6901 0.0000 1650410559870 1023564.2500 -0.1987
-19.1397 37.0675 -47.4446 0.0000 1650410559899 1023593.2500 -0.1989
-20.8901 36.1719 -47.2141 0.0000 1650410559929 1023622.2500 -0.1987
-19.5787 36.7489 -47.9097 0.0000 1650410559958 1023651.2500 -0.1984
-19.1999 37.9548 -48.3190 0.0000 1650410559987 1023680.2500 -0.1984
-19.6136 37.5410 -46.2216 0.0000 1650410560016 1023709.2500 -0.1984
-18.6428 37.6414 -47.3972 0.0000 1650410560045 1023737.5000 -0.1984
-17.7196 38.0358 -45.8517 0.0000 1650410560074 1023768.2500 -0.1984
-17.7236 37.9111 -48.9589 0.0000 1650410560102 1023796.2500 -0.1982
-18.9908 38.2171 -49.3608 0.0000 1650410560131 1023825.2500 -0.1979
-20.1520 36.9980 -46.6524 0.0000 1650410560160 1023854.2500 -0.1982
-20.6059 38.8674 -48.3230 0.0000 1650410560189 1023883.2500 -0.1984
-19.9788 38.6469 -48.3654 0.0000 1650410560218 1023912.0000 -0.1984
-19.1952 39.3214 -45.9809 0.0000 1650410560247 1023941.0000 -0.1985
-19.1394 38.2692 -47.6173 0.0000 1650410560276 1023970.0000 -0.1984
-18.7356 40.0205 -47.0240 0.0000 1650410560305 1023999.5000 -0.1984
-17.9786 38.0729 -48.7517 0.0000 1650410560334 1024027.5000 -0.1984
-17.5696 38.6956 -48.7057 0.0000 1650410560363 1024056.7500 -0.1984
-18.6976 39.5403 -49.1135 0.0000 1650410560393 1024088.5000 -0.1987
-20.5286 40.0322 -48.5942 0.0000 1650410560421 1024114.7500 -0.1989
-20.9348 39.8466 -48.0771 0.0000 1650410560450 1024143.7500 -0.1989
-21.4100 39.0897 -45.9757 0.0000 1650410560479 1024172.7500 -0.1985
-18.3657 37.9547 -48.1429 0.0000 1650410560508 1024201.7500 -0.1984
-18.8131 37.4584 -49.1217 0.0000 1650410560537 1024230.7500 -0.1987
-19.0043 40.4734 -49.7833 0.0000 1650410560566 1024259.7500 -0.1989
-18.3764 37.1956 -47.2946 0.0000 1650410560595 1024288.7500 -0.1989
-20.4471 38.9677 -48.4840 0.0000 1650410560624 1024317.7500 -0.1989
-20.0966 39.6898 -48.0327 0.0000 1650410560653 1024346.5000 -0.1989
-20.0418 38.0305 -47.6978 0.0000 1650410560682 1024375.5000 -0.1989
-21.0484 39.7252 -48.3416 0.0000 1650410560712 1024404.2500 -0.1985
-19.9952 39.5686 -48.7159 0.0000 1650410560740 1024433.2500 -0.1984
-20.4729 36.8079 -46.3703 0.0000 1650410560769 1024462.2500 -0.1984
-19.2954 40.6318 -48.6331 0.0000 1650410560798 1024491.2500 -0.1984
-20.3077 38.2246 -49.0995 0.0000 1650410560827 1024521.5000 -0.1984
-19.9984 40.5714 -48.7105 0.0000 1650410560856 1024549.0000 -0.1984
-20.4248 37.6820 -48.4318 0.0000 1650410560885 1024578.2500 -0.1984
-20.2502 40.0796 -47.6819 0.0000 1650410560914 1024607.2500 -0.1984
-19.1072 37.6545 -47.3658 0.0000 1650410560942 1024636.2500 -0.1982
-19.8296 39.2211 -47.3767 0.0000 1650410560972 1024665.2500 -0.1979
-19.2147 38.2556 -47.1614 0.0000 1650410561000 1024694.2500 -0.1979
-19.7286 41.2109 -48.4316 0.0000 1650410561029 1024723.2500 -0.1979
-20.4775 40.2264 -47.8872 0.0000 1650410561058 1024752.0000 -0.1979
-20.9698 39.6890 -46.7494 0.0000 1650410561087 1024782.5000 -0.1979
-18.6577 37.8012 -48.1618 0.0000 1650410561116 1024810.2500 -0.1979
-18.6192 40.3040 -46.4054 0.0000 1650410561146 1024839.2500 -0.1979
-19.3789 42.0600 -48.3398 0.0000 1650410561175 1024868.2500 -0.1982
-20.4650 40.9187 -47.2880 0.0000 1650410561204 1024897.2500 -0.1984
-20.4446 38.7766 -47.7672 0.0000 1650410561233 1024926.2500 -0.1984
-17.4221 38.7242 -47.0088 0.0000 1650410561261 1024955.2500 -0.1984
-21.3891 39.7472 -48.4485 0.0000 1650410561291 1024984.2500 -0.1984
-20.0722 39.5563 -48.9949 0.0000 1650410561319 1025013.0000 -0.1984
-21.9468 37.2737 -49.1622 0.0000 1650410561348 1025042.0000 -0.1984
-21.1485 37.5385 -47.2478 0.0000 1650410561377 1025071.0000 -0.1984
-22.5918 36.8685 -45.6780 0.0000 1650410561406 1025099.7500 -0.1984
-19.5370 39.0104 -46.8022 0.0000 1650410561435 1025128.7500 -0.1984
-22.0062 36.3961 -46.7928 0.0000 1650410561464 1025157.7500 -0.1984
-21.3723 38.3951 -51.2466 0.0000 1650410561493 1025186.7500 -0.1984
-20.9528 37.6902 -47.5047 0.0000 1650410561523 1025215.7500 -0.1984
-19.0563 35.9453 -50.5611 0.0000 1650410561552 1025244.7500 -0.1984
-20.6739 37.3145 -48.8740 0.0000 1650410561580 1025273.2500 -0.1984
-21.0131 37.5683 -47.8880 0.0000 1650410561609 1025303.7500 -0.1984
-21.5854 38.2894 -48.6426 0.0000 1650410561638 1025331.7500 -0.1984
-22.4951 38.3442 -46.6608 0.0000 1650410561667 1025360.7500 -0.1982
-23.0670 35.2652 -45.1797 0.0000 1650410561696 1025389.7500 -0.1979
-20.1420 40.2529 -45.6061 0.0000 1650410561725 1025418.7500 -0.1979
-20.1502 39.6931 -50.9401 0.0000 1650410561754 1025447.5000 -0.1979
-19.4506 38.0931 -48.3389 0.0000 1650410561783 1025476.5000 -0.1977
-21.0509 38.1023 -48.4712 0.0000 1650410561812 1025505.5000 -0.1974
-20.6482 37.1228 -48.1335 0.0000 1650410561840 1025535.5000 -0.1974
-20.0462 38.3798 -47.4662 0.0000 1650410561870 1025563.0000 -0.1974
-19.5560 37.0475 -48.9213 0.0000 1650410561899 1025592.2500 -0.1977
-21.8931 37.7608 -48.1426 0.0000 1650410561928 1025621.2500 -0.1979
-20.7747 36.9622 -46.5122 0.0000 1650410561957 1025650.2500 -0.1977
-20.5853 36.7958 -49.0952 0.0000 1650410561986 1025679.2500 -0.1974
-20.9587 39.9864 -49.3872 0.0000 1650410562015 1025708.2500 -0.1974
-21.7172 37.4952 -50.0855 0.0000 1650410562044 1025737.2500 -0.1978
-20.7713 38.1297 -48.9254 0.0000 1650410562073 1025766.2500 -0.1982
-21.9935 37.8531 -48.3669 0.0000 1650410562102 1025795.2500 -0.1984
-19.6739 36.3509 -47.6753 0.0000 1650410562131 1025824.2500 -0.1984
-20.7225 39.0421 -47.4035 0.0000 1650410562159 1025853.2500 -0.1984
-20.5138 38.1757 -48.7200 0.0000 1650410562188 1025882.2500 -0.1984
-20.3092 37.3562 -50.4312 0.0000 1650410562217 1025911.2500 -0.1984
-20.6130 39.6409 -49.9369 0.0000 1650410562246 1025940.2500 -0.1984
-21.9580 37.4993 -49.8054 0.0000 1650410562275 1025969.2500 -0.1984
-19.5888 38.6269 -49.7809 0.0000 1650410562305 1025998.2500 -0.1984
-20.1739 37.5670 -48.5477 0.0000 1650410562334 1026027.2500 -0.1984
-20.7111 36.8333 -50.4094 0.0000 1650410562363 1026056.2500 -0.1984
-22.1010 36.1485 -47.3227 0.0000 1650410562392 1026085.0000 -0.1984
-21.3393 36.6572 -48.3701 0.0000 1650410562420 1026114.0000 -0.1984
-21.8676 39.2974 -48.4308 0.0000 1650410562450 1026143.0000 -0.1982
-19.7327 37.1292 -48.8893 0.0000 1650410562478 1026172.0000 -0.1979
-18.7422 38.1521 -51.9813 0.0000 1650410562507 1026201.0000 -0.1979
-20.9928 37.4236 -50.5884 0.0000 1650410562536 1026229.7500 -0.1979
-20.4654 36.6894 -49.6749 0.0000 1650410562565 1026258.7500 -0.1977
-21.8536 38.7500 -50.6696 0.0000 1650410562594 1026287.7500 -0.1974
-21.0881 37.1013 -48.9222 0.0000 1650410562623 1026316.0000 -0.1974
-20.7936 37.7697 -49.3729 0.0000 1650410562652 1026345.7500 -0.1974
-20.0406 38.7919 -50.3740 0.0000 1650410562682 1026374.7500 -0.1972
-21.6997 38.6832 -49.5693 0.0000 1650410562711 1026403.5000 -0.1969
-20.7062 41.0456 -52.2492 0.0000 1650410562739 1026432.7500 -0.1969
-22.6105 35.8866 -46.9309 0.0000 1650410562769 1026461.7500 -0.1969
-18.7953 37.3775 -51.0038 0.0000 1650410562797 1026490.7500 -0.1969
-21.5341 38.7482 -49.7747 0.0000 1650410562826 1026519.7500 -0.1969
-21.7686 37.8988 -50.2636 0.0000 1650410562855 1026548.7500 -0.1969
-21.0965 40.0160 -49.1052 0.0000 1650410562884 1026577.5000 -0.1974
-20.8336 36.0036 -47.4892 0.0000 1650410562913 1026606.5000 -0.1974
-19.3567 39.9326 -49.1552 0.0000 1650410562942 1026635.2500 -0.1974
-19.5755 39.5100 -48.2871 0.0000 1650410562971 1026664.2500 -0.1974
-20.5587 35.7093 -50.3129 0.0000 1650410562999 1026693.2500 -0.1974
-18.2688 38.8026 -50.2065 0.0000 1650410563029 1026722.2500 -0.1974
-19.6613 36.2483 -50.9010 0.0000 1650410563058 1026751.2500 -0.1978
-19.5573 40.7090 -49.1119 0.0000 1650410563087 1026780.2500 -0.1979
-21.2393 36.8512 -46.9925 0.0000 1650410563116 1026810.7500 -0.1979
-22.9317 36.5798 -49.0523 0.0000 1650410563145 1026839.0000 -0.1979
-19.5818 39.3801 -49.7534 0.0000 1650410563174 1026867.2500 -0.1979
-20.4039 36.9389 -48.0034 0.0000 1650410563203 1026896.2500 -0.1979
-20.2199 38.1005 -49.7285 0.0000 1650410563232 1026925.2500 -0.1979
-20.4208 41.0369 -49.6665 0.0000 1650410563261 1026954.2500 -0.1979
-19.8312 37.9316 -47.1833 0.0000 1650410563290 1026982.7500 -0.1976
-20.1618 40.7016 -49.5039 0.0000 1650410563318 1027012.2500 -0.1974
-20.7988 36.6971 -47.1445 0.0000 1650410563348 1027041.2500 -0.1974
-19.5244 38.9997 -48.1743 0.0000 1650410563376 1027072.5000 -0.1974
-18.0953 37.8125 -50.6679 0.0000 1650410563405 1027100.2500 -0.1974
-21.9470 38.2200 -47.8321 0.0000 1650410563434 1027128.2500 -0.1974
-20.9670 36.9804 -47.4390 0.0000 1650410563464 1027157.0000 -0.1974
-17.7206 38.3936 -49.0804 0.0000 1650410563493 1027186.2500 -0.1974
-19.4042 38.8201 -49.2864 0.0000 1650410563522 1027215.2500 -0.1974
-18.8655 36.0978 -48.5690 0.0000 1650410563551 1027244.0000 -0.1969
-19.2756 37.5589 -47.3472 0.0000 1650410563580 1027273.0000 -0.1969
-18.8636 37.0242 -47.7379 0.0000 1650410563609 1027302.0000 -0.1969
-17.4645 36.2360 -46.7134 0.0000 1650410563637 1027330.7500 -0.1969
-19.5434 37.8276 -46.7542 0.0000 1650410563666 1027359.7500 -0.1969
-19.6068 37.5393 -48.9133 0.0000 1650410563695 1027388.7500 -0.1972
-17.7533 36.5648 -49.1350 0.0000 1650410563724 1027417.7500 -0.1974
-21.0719 37.6487 -47.9333 0.0000 1650410563753 1027446.7500 -0.1974
-18.6513 38.0369 -47.6003 0.0000 1650410563782 1027475.7500 -0.1974
-20.0025 39.5666 -48.3962 0.0000 1650410563811 1027504.7500 -0.1974
-20.3955 37.8313 -47.5705 0.0000 1650410563841 1027533.7500 -0.1977
-19.0750 36.7274 -48.4603 0.0000 1650410563870 1027562.7500 -0.1979
-20.0474 37.9631 -48.6261 0.0000 1650410563898 1027593.0000 -0.1979
-19.9441 37.7298 -47.5675 0.0000 1650410563928 1027620.2500 -0.1979
-17.9838 36.7398 -48.2390 0.0000 1650410563956 1027649.7500 -0.1979
-19.4112 39.6077 -49.0704 0.0000 1650410563985 1027678.5000 -0.1979
-18.5174 36.9806 -44.8814 0.0000 1650410564014 1027707.5000 -0.1979
-18.7450 38.6286 -47.2708 0.0000 1650410564043 1027736.5000 -0.1979
-19.4816 37.7647 -48.3757 0.0000 1650410564072 1027765.2500 -0.1979
-19.2438 38.8016 -47.4667 0.0000 1650410564101 1027794.2500 -0.1979
-18.7595 38.5852 -47.3694 0.0000 1650410564130 1027823.2500 -0.1979
-18.2826 36.4779 -47.5933 0.0000 1650410564159 1027851.7500 -0.1979
-21.0714 38.3458 -47.4305 0.0000 1650410564188 1027881.2500 -0.1977
-22.0412 37.3328 -48.1936 0.0000 1650410564217 1027910.0000 -0.1974
-20.2656 38.1952 -46.7236 0.0000 1650410564246 1027940.2500 -0.1974
-19.2532 37.9153 -47.1395 0.0000 1650410564275 1027968.2500 -0.1974
-19.8294 37.8540 -48.1378 0.0000 1650410564304 1027997.2500 -0.1974
-20.5103 37.7185 -47.6100 0.0000 1650410564333 1028026.2500 -0.1974
-19.4963 38.3367 -47.9225 0.0000 1650410564362 1028055.2500 -0.1972
-20.5068 39.6427 -48.7081 0.0000 1650410564391 1028084.2500 -0.1969
-22.2977 36.4635 -44.2301 0.0000 1650410564420 1028113.2500 -0.1969
-18.9003 38.5174 -47.6657 0.0000 1650410564449 1028142.2500 -0.1969
-20.5111 38.8375 -46.6042 0.0000 1650410564477 1028171.2500 -0.1969
-19.1771 36.1576 -49.3675 0.0000 1650410564507 1028200.2500 -0.1969
-21.2850 39.9834 -47.9438 0.0000 1650410564535 1028229.2500 -0.1969
-20.7729 38.7973 -47.6924 0.0000 1650410564565 1028258.2500 -0.1969
-19.4294 41.0785 -48.4101 0.0000 1650410564594 1028287.2500 -0.1972
-20.0415 38.4321 -46.7389 0.0000 1650410564623 1028316.2500 -0.1974
-19.5105 40.1473 -48.4864 0.0000 1650410564652 514195.7500 -0.1974
-19.3207 40.4687 -48.0260 0.0000 1650410564681 74.5000 -0.1969
-19.9964 38.9334 -49.1102 0.0000 1650410564710 104.0000 -0.1969
-19.9147 39.0753 -48.3549 0.0000 1650410564739 132.7500 -0.1972
-21.1884 38.9383 -47.9415 0.0000 1650410564768 161.7500 -0.1974
-21.4778 37.1891 -46.4783 0.0000 1650410564796 190.7500 -0.1974
-20.1812 38.9832 -47.9989 0.0000 1650410564826 219.7500 -0.1974
-18.8584 38.3870 -46.8971 0.0000 1650410564854 146.7500 -0.1974
-19.3752 38.1843 -47.5853 0.0000 1650410564883 73.7500 -0.1974
-21.5004 38.4912 -47.2037 0.0000 1650410564912 102.2500 -0.1971
-19.3277 39.5823 -48.4695 0.0000 1650410564941 133.0000 -0.1969
-18.9465 39.5150 -47.9105 0.0000 1650410564970 160.7500 -0.1969
-18.8858 37.7940 -47.5660 0.0000 1650410565000 189.2500 -0.1969
-20.8660 38.7344 -47.5888 0.0000 1650410565029 218.7500 -0.1967
-19.3333 38.6362 -46.9827 0.0000 1650410565057 146.7500 -0.1965
-20.9349 39.6175 -45.8584 0.0000 1650410565087 74.5000 -0.1965
-20.9545 38.7137 -47.1552 0.0000 1650410565115 103.0000 -0.1965
-19.6941 38.6228 -47.3895 0.0000 1650410565144 132.5000 -0.1965
-19.7624 41.4778 -48.1947 0.0000 1650410565173 161.2500 -0.1965
-22.4724 40.1010 -47.4093 0.0000 1650410565202 190.2500 -0.1965
-19.5829 39.1952 -47.1411 0.0000 1650410565231 219.2500 -0.1965
-19.0802 40.1486 -49.4994 0.0000 1650410565260 147.2500 -0.1965
-21.3884 39.6023 -47.2974 0.0000 1650410565289 75.2500 -0.1965
-19.8993 39.7771 -46.9101 0.0000 1650410565318 104.2500 -0.1965
-20.7896 39.8398 -46.8904 0.0000 1650410565347 133.2500 -0.1965
-23.2626 36.8182 -49.6021 0.0000 1650410565376 162.2500 -0.1965
-20.7052 38.2623 -47.6512 0.0000 1650410565406 191.2500 -0.1965
-24.2305 37.6245 -45.6589 0.0000 1650410565434 220.0000 -0.1965
-20.5523 37.9385 -50.7630 0.0000 1650410565463 146.7500 -0.1968
-21.1785 36.3016 -45.4859 0.0000 1650410565492 74.2500 -0.1969
-21.2138 38.6213 -49.9706 0.0000 1650410565521 103.2500 -0.1969
-20.7305 40.0167 -48.0036 0.0000 1650410565550 132.2500 -0.1969
-22.5515 35.0572 -45.6696 0.0000 1650410565579 161.2500 -0.1973
-19.4755 41.7097 -48.3012 0.0000 1650410565608 190.2500 -0.1974
-21.6307 36.2237 -46.0903 0.0000 1650410565637 219.2500 -0.1974
-21.5607 38.2698 -47.9569 0.0000 1650410565666 147.2500 -0.1974
-22.0339 38.5458 -47.6491 0.0000 1650410565694 74.5000 -0.1974
-19.8283 35.5391 -47.6609 0.0000 1650410565723 104.0000 -0.1974
-19.6777 40.8282 -48.4076 0.0000 1650410565753 133.2500 -0.1974
-20.2454 37.1233 -48.2611 0.0000 1650410565782 163.0000 -0.1974
-21.7171 36.2513 -48.1051 0.0000 1650410565811 191.0000 -0.1974
-20.2072 39.5670 -47.5478 0.0000 1650410565840 220.0000 -0.1974
-22.9525 34.9378 -45.0292 0.0000 1650410565869 147.2500 -0.1972
-20.1355 39.0541 -45.9493 0.0000 1650410565898 74.7500 -0.1969
-22.4708 37.4451 -47.9835 0.0000 1650410565927 103.7500 -0.1969
-20.7143 38.4648 -47.7221 0.0000 1650410565955 132.7500 -0.1969
-22.1642 37.2658 -48.5461 0.0000 1650410565985 161.7500 -0.1969
-20.4187 36.9749 -47.4233 0.0000 1650410566013 190.7500 -0.1969
-19.9599 38.7980 -48.3793 0.0000 1650410566042 219.5000 -0.1967
-22.3380 35.7798 -44.1928 0.0000 1650410566071 147.2500 -0.1965
-20.6835 33.7082 -49.1038 0.0000 1650410566101 74.7500 -0.1965
-20.9288 39.2124 -47.9966 0.0000 1650410566129 103.7500 -0.1965
-22.1920 35.7056 -47.2647 0.0000 1650410566158 132.7500 -0.1965
-19.5543 37.0553 -48.3337 0.0000 1650410566188 161.7500 -0.1965
-19.5911 37.9437 -48.2921 0.0000 1650410566217 191.5000 -0.1965
-21.7485 38.3959 -48.1164 0.0000 1650410566246 219.2500 -0.1968
-22.1178 37.4628 -49.4682 0.0000 1650410566274 147.2500 -0.1969
-18.9715 35.8263 -49.8119 0.0000 1650410566303 75.2500 -0.1969
-21.1350 36.6084 -49.2266 0.0000 1650410566332 104.2500 -0.1969
-18.9014 35.7954 -47.6053 0.0000 1650410566362 133.2500 -0.1969
-21.8372 38.7686 -47.8259 0.0000 1650410566390 162.2500 -0.1969
-21.4385 37.0898 -50.2080 0.0000 1650410566419 191.2500 -0.1969
-21.9084 37.5643 -50.0123 0.0000 1650410566448 220.0000 -0.1969
-20.3574 38.7572 -47.6142 0.0000 1650410566477 97.5000 -0.1973
-21.4580 39.0589 -50.3611 0.0000 1650410566506 74.2500 -0.1974
-20.9354 38.9919 -49.6537 0.0000 1650410566535 103.0000 -0.1972
-22.2766 37.5145 -47.9306 0.0000 1650410566565 132.0000 -0.1969
-19.7030 38.1611 -51.0333 0.0000 1650410566593 161.2500 -0.1969
-19.7056 39.3633 -50.0279 0.0000 1650410566622 190.2500 -0.1969
-24.1781 36.4042 -47.2670 0.0000 1650410566651 219.2500 -0.1969
-18.6886 39.8248 -49.8215 0.0000 1650410566680 146.7500 -0.1969
-18.9857 39.6337 -46.3805 0.0000 1650410566709 74.2500 -0.1966
-20.6260 39.0218 -51.6543 0.0000 1650410566738 103.2500 -0.1965
-21.6679 39.7797 -51.1399 0.0000 1650410566767 132.2500 -0.1965
-21.7363 38.0740 -51.7287 0.0000 1650410566796 161.2500 -0.1965
-19.6995 38.0922 -50.2398 0.0000 1650410566825 190.2500 -0.1965
-21.0768 39.0833 -51.0112 0.0000 1650410566853 219.2500 -0.1965
-21.7864 33.2576 -50.4892 0.0000 1650410566883 146.7500 -0.1965
-16.8430 39.0209 -48.8725 0.0000 1650410566912 74.0000 -0.1965
-19.2709 34.0250 -48.0864 0.0000 1650410566941 103.0000 -0.1965
-19.4636 40.2400 -50.3374 0.0000 1650410566970 131.7500 -0.1965
-19.6948 37.7525 -47.2246 0.0000 1650410566999 163.5000 -0.1965
-21.0124 38.7876 -49.5566 0.0000 1650410567028 189.7500 -0.1965
-18.1447 38.4480 -49.5020 0.0000 1650410567057 218.7500 -0.1965
-19.4929 39.1640 -50.7287 0.0000 1650410567086 146.7500 -0.1969
-18.4139 38.8240 -49.1671 0.0000 1650410567114 74.7500 -0.1969
-22.7097 38.9246 -46.3707 0.0000 1650410567144 103.7500 -0.1969
-21.6702 37.1031 -48.9072 0.0000 1650410567172 132.7500 -0.1969
-18.3541 40.4082 -50.1937 0.0000 1650410567201 161.7500 -0.1969
-19.8276 33.7736 -47.8413 0.0000 1650410567230 192.0000 -0.1969
-17.5947 37.9982 -49.9084 0.0000 1650410567260 221.0000 -0.1969
-20.7211 38.6570 -45.8431 0.0000 1650410567288 147.2500 -0.1969
-19.6410 34.8732 -49.7107 0.0000 1650410567318 75.7500 -0.1969
-17.9941 38.1679 -49.5427 0.0000 1650410567347 103.5000 -0.1969
-20.4393 37.9536 -48.2802 0.0000 1650410567376 132.5000 -0.1966
-21.4399 39.2509 -48.3436 0.0000 1650410567405 161.2500 -0.1965
-18.6969 37.7362 -46.8971 0.0000 1650410567433 190.2500 -0.1965
-21.2969 38.4078 -47.5069 0.0000 1650410567463 219.2500 -0.1965
-19.5269 37.8960 -49.4130 0.0000 1650410567491 147.2500 -0.1965
-18.4538 38.1564 -48.2301 0.0000 1650410567520 75.2500 -0.1965
-19.6328 37.8847 -48.1923 0.0000 1650410567549 104.2500 -0.1962
-19.8174 37.9082 -46.9399 0.0000 1650410567578 133.2500 -0.1960
-22.0527 36.5726 -45.9992 0.0000 1650410567607 162.2500 -0.1960
-20.1601 39.0898 -48.1382 0.0000 1650410567636 191.2500 -0.1960
-20.7610 34.3419 -43.8823 0.0000 1650410567665 220.2500 -0.1960
-16.5846 36.0499 -47.2848 0.0000 1650410567694 147.7500 -0.1960
-18.8686 36.7348 -47.1946 0.0000 1650410567724 75.2500 -0.1957
-20.6214 36.6591 -46.6964 0.0000 1650410567752 107.0000 -0.1955
-19.8035 38.0561 -48.2262 0.0000 1650410567781 133.0000 -0.1955
-18.8486 36.7622 -47.1759 0.0000 1650410567810 162.2500 -0.1955
-21.2863 36.0432 -46.8192 0.0000 1650410567839 191.2500 -0.1955
-18.4031 39.6038 -49.2306 0.0000 1650410567868 220.2500 -0.1955
-20.0721 35.5640 -46.3339 0.0000 1650410567897 147.7500 -0.1955
-19.5733 38.2709 -45.6185 0.0000 1650410567926 75.2500 -0.1955
-19.1951 37.5302 -48.7154 0.0000 1650410567955 104.2500 -0.1955
-20.4931 36.2627 -46.1194 0.0000 1650410567984 133.2500 -0.1955
-19.7719 37.1761 -48.4992 0.0000 1650410568012 161.2500 -0.1955
-19.6208 37.2598 -45.8729 0.0000 1650410568042 191.0000 -0.1955
-20.1810 37.5126 -47.3547 0.0000 1650410568071 220.0000 -0.1955
-19.6353 35.1432 -44.9801 0.0000 1650410568100 147.0000 -0.1960
-19.8918 39.3435 -45.9171 0.0000 1650410568129 74.7500 -0.1960
-19.3475 38.8565 -48.8191 0.0000 1650410568158 103.7500 -0.1956
-19.4516 36.6592 -49.0226 0.0000 1650410568187 132.7500 -0.1955
-20.9507 36.0580 -46.3521 0.0000 1650410568216 161.7500 -0.1960
-21.2873 36.3967 -44.3208 0.0000 1650410568245 190.7500 -0.1960
-21.2540 38.0360 -47.3801 0.0000 1650410568274 219.7500 -0.1960
-17.9807 37.7517 -47.2768 0.0000 1650410568303 147.2500 -0.1960
-20.5908 39.1388 -46.0747 0.0000 1650410568331 74.7500 -0.1960
-18.7599 38.7516 -46.2569 0.0000 1650410568360 103.7500 -0.1960
-20.3536 39.6344 -46.9287 0.0000 1650410568389 132.7500 -0.1957
-20.9480 37.6542 -45.9348 0.0000 1650410568418 161.7500 -0.1955
-20.0330 37.2182 -47.0348 0.0000 1650410568447 190.5000 -0.1955
-20.3878 38.1876 -46.1393 0.0000 1650410568477 219.5000 -0.1955
-20.9536 39.4630 -46.3582 0.0000 1650410568506 248.0000 -0.1955
-19.4026 37.5824 -47.4525 0.0000 1650410568535 104.0000 -0.1955
-19.6042 37.8587 -46.9050 0.0000 1650410568564 74.2500 -0.1952
-20.0007 38.9996 -46.1002 0.0000 1650410568592 103.2500 -0.1950
-20.3131 37.8228 -45.6418 0.0000 1650410568622 132.2500 -0.1950
-20.9852 38.2272 -48.0755 0.0000 1650410568650 161.2500 -0.1950
-21.1135 36.4717 -46.6458 0.0000 1650410568679 190.2500 -0.1950
-19.5718 39.4305 -46.2812 0.0000 1650410568708 219.2500 -0.1950
-20.4679 38.0825 -47.5438 0.0000 1650410568737 146.7500 -0.1950
-20.4651 37.8890 -48.2385 0.0000 1650410568766 77.0000 -0.1955
-19.2894 39.4153 -46.7109 0.0000 1650410568795 104.2500 -0.1952
-18.0012 40.5584 -48.1679 0.0000 1650410568824 132.2500 -0.1950
-18.7612 38.9210 -47.3204 0.0000 1650410568853 162.2500 -0.1950
-20.1872 37.9358 -46.2451 0.0000 1650410568883 190.2500 -0.1955
-21.3963 38.0470 -45.9801 0.0000 1650410568911 219.2500 -0.1955
-19.8094 39.5984 -46.7697 0.0000 1650410568941 147.2500 -0.1958
-19.9324 37.0151 -47.0664 0.0000 1650410568969 75.2500 -0.1960
-18.1450 39.1929 -47.6275 0.0000 1650410568998 104.2500 -0.1960
-18.3246 39.9142 -46.5080 0.0000 1650410569027 133.2500 -0.1960
-22.2510 40.2728 -46.7253 0.0000 1650410569056 162.2500 -0.1960
-20.9485 39.3050 -46.9622 0.0000 1650410569085 191.2500 -0.1960
-19.6833 40.4733 -48.2515 0.0000 1650410569114 220.0000 -0.1960
-19.8413 40.3510 -44.4897 0.0000 1650410569143 147.7500 -0.1960
-21.0658 39.4413 -47.8751 0.0000 1650410569172 75.0000 -0.1957
-20.0169 42.4470 -49.6689 0.0000 1650410569201 104.0000 -0.1955
-21.5809 38.9943 -47.5226 0.0000 1650410569230 132.7500 -0.1955
-21.4081 40.3689 -46.5993 0.0000 1650410569259 161.7500 -0.1955
-19.9848 38.3238 -47.3757 0.0000 1650410569288 192.0000 -0.1955
-19.6967 38.7693 -48.3751 0.0000 1650410569317 221.0000 -0.1955
-21.0012 42.2007 -49.4748 0.0000 1650410569346 147.2500 -0.1952
-21.3837 38.0092 -44.1357 0.0000 1650410569375 74.7500 -0.1950
-22.7390 35.3636 -47.2964 0.0000 1650410569404 103.7500 -0.1950
-19.5890 41.0006 -47.8915 0.0000 1650410569433 132.7500 -0.1950
-23.3712 35.7215 -44.8548 0.0000 1650410569462 161.7500 -0.1947
-18.2542 38.9216 -50.0107 0.0000 1650410569490 190.7500 -0.1945
-22.2139 39.2110 -44.5698 0.0000 1650410569520 219.7500 -0.1945
-22.6819 38.0292 -46.0770 0.0000 1650410569548 148.5000 -0.1945
-18.4649 40.0653 -46.8492 0.0000 1650410569577 75.5000 -0.1947
-21.8285 34.7013 -46.0210 0.0000 1650410569606 104.5000 -0.1950
-17.9027 38.6328 -50.3994 0.0000 1650410569636 133.0000 -0.1950
-20.0836 37.5784 -45.3047 0.0000 1650410569665 162.2500 -0.1950
-21.6952 36.6952 -50.0497 0.0000 1650410569694 191.2500 -0.1950
-19.1985 38.8140 -45.9515 0.0000 1650410569723 220.2500 -0.1950
-20.8592 31.3318 -46.4271 0.0000 1650410569752 147.2500 -0.1950
-19.7208 39.5397 -49.5861 0.0000 1650410569781 74.2500 -0.1954
-21.0041 36.7445 -44.9086 0.0000 1650410569809 103.2500 -0.1955
-22.6811 38.2434 -47.6624 0.0000 1650410569838 132.2500 -0.1952
-20.5614 39.4736 -48.2117 0.0000 1650410569867 161.2500 -0.1950
-21.1101 35.2132 -46.5317 0.0000 1650410569896 190.2500 -0.1954
-19.5210 39.2776 -48.3300 0.0000 1650410569925 219.2500 -0.1955
-21.7393 37.7083 -47.4009 0.0000 1650410569954 146.7500 -0.1955
-21.7313 35.5341 -48.6992 0.0000 1650410569983 74.2500 -0.1955
-20.9072 37.4454 -47.5999 0.0000 1650410570012 103.2500 -0.1955
-21.3590 36.6931 -46.1817 0.0000 1650410570042 132.2500 -0.1955
-20.3464 37.4755 -49.3762 0.0000 1650410570070 161.0000 -0.1952
-22.1649 38.0859 -46.3980 0.0000 1650410570100 190.2500 -0.1950
-21.2291 35.9200 -46.9329 0.0000 1650410570128 219.2500 -0.1950
-19.6685 37.1643 -47.7587 0.0000 1650410570157 147.2500 -0.1950
-20.4228 38.2270 -48.7036 0.0000 1650410570186 75.2500 -0.1950
-21.3085 37.0060 -49.2348 0.0000 1650410570215 104.2500 -0.1950
-20.3724 36.4687 -47.7285 0.0000 1650410570244 133.0000 -0.1950
-20.3730 37.0967 -50.1544 0.0000 1650410570273 162.0000 -0.1950
-21.5824 37.1602 -49.0151 0.0000 1650410570302 190.7500 -0.1950
-20.6281 35.8603 -49.2842 0.0000 1650410570331 221.0000 -0.1950
-20.8038 38.9375 -49.3572 0.0000 1650410570360 147.2500 -0.1950
-20.6562 35.6842 -46.0760 0.0000 1650410570389 74.2500 -0.1950
-20.9956 34.5483 -50.3367 0.0000 1650410570418 103.7500 -0.1950
-20.9593 40.2683 -49.2717 0.0000 1650410570447 132.7500 -0.1950
-21.3799 36.7249 -47.9941 0.0000 1650410570476 161.7500 -0.1950
-20.5795 37.8820 -48.9373 0.0000 1650410570505 190.7500 -0.1950
-23.0425 36.1639 -47.8932 0.0000 1650410570534 219.7500 -0.1950
-21.8686 37.0581 -50.6088 0.0000 1650410570563 147.2500 -0.1950
-19.9778 40.6179 -47.8663 0.0000 1650410570592 74.7500 -0.1950
-20.6030 38.8413 -50.0171 0.0000 1650410570621 103.7500 -0.1952
-22.3008 38.7507 -49.5220 0.0000 1650410570649 132.7500 -0.1955
-23.8903 37.4821 -48.6175 0.0000 1650410570679 161.5000 -0.1955
-22.5333 36.8201 -48.7469 0.0000 1650410570707 190.5000 -0.1955
-21.6177 38.3204 -49.2806 0.0000 1650410570736 219.2500 -0.1955
-18.1947 37.2153 -50.8730 0.0000 1650410570765 146.7500 -0.1955
-16.4064 39.8274 -51.1038 0.0000 1650410570795 74.2500 -0.1955
-22.4279 38.9523 -46.7994 0.0000 1650410570824 103.0000 -0.1955
-20.0223 37.2421 -50.2972 0.0000 1650410570853 132.0000 -0.1955
-21.2778 38.7498 -51.2566 0.0000 1650410570882 161.2500 -0.1955
-18.3411 33.8767 -50.3107 0.0000 1650410570911 190.2500 -0.1955
-20.4329 39.3648 -49.8110 0.0000 1650410570940 219.2500 -0.1955
-21.0009 38.9287 -50.0794 0.0000 1650410570968 146.7500 -0.1952
-22.5544 34.9058 -49.5727 0.0000 1650410570998 74.2500 -0.1950
-22.5008 34.8521 -49.5191 0.0000 1650410571005 81.5000 -0.1950
