18.3752 -79.4098 -28.4531 24.0716 1690742804371 277.7500 -0.0431
18.7329 -78.1806 -30.1870 18.9428 1690742804403 310.2500 -0.0280
17.6690 -77.7676 -30.7672 21.4047 1690742804435 346.2500 -0.0250
16.9920 -77.8024 -30.8767 19.6565 1690742804469 375.5000 -0.0187
16.7893 -78.0647 -31.3124 16.9580 1690742804501 407.7500 -0.0123
16.6607 -78.2572 -31.6109 15.5093 1690742804533 441.0000 -0.0031
16.6477 -78.3980 -31.4359 11.3843 1690742804567 473.7500 -0.0031
16.6906 -78.6142 -31.4660 15.5896 1690742804600 506.2500 0.0032
16.4828 -78.8326 -30.9868 20.4727 1690742804632 282.2500 0.0072
16.2058 -78.8726 -30.9865 16.7586 1690742804665 57.7500 0.0131
14.5902 -78.4799 -30.9327 11.4771 1690742804698 90.5000 0.0131
13.4552 -78.4012 -30.5273 11.4950 1690742804730 123.2500 0.0194
13.4689 -79.1119 -28.8095 9.4334 1690742804762 155.7500 0.0253
14.8557 -80.1429 -28.2386 17.9524 1690742804796 188.5000 0.0272
15.1847 -79.5933 -28.2195 12.2442 1690742804828 221.2500 0.0299
15.9172 -79.8215 -28.6339 14.6188 1690742804860 254.0000 0.0326
17.7531 -79.3469 -29.9528 16.4283 1690742804894 286.5000 0.0336
17.4971 -78.1346 -31.0809 18.3785 1690742804927 318.5000 0.0336
16.8216 -77.9530 -31.0755 18.2606 1690742804960 351.7500 0.0253
16.4078 -78.4229 -31.3137 17.5350 1690742804992 384.7500 0.0177
16.4572 -78.3521 -31.5374 14.3789 1690742805025 417.2500 0.0101
16.6364 -78.8030 -31.5483 18.6427 1690742805057 449.7500 0.0101
16.4344 -78.4950 -30.8904 15.1129 1690742805089 482.7500 -0.0079
16.5948 -78.5351 -30.5451 16.8579 1690742805123 515.2500 -0.0284
16.6426 -78.8900 -30.0902 17.8218 1690742805156 164.2500 -0.0284
16.1492 -78.6306 -30.3757 16.3396 1690742805188 68.7500 -0.0389
14.4886 -78.4154 -30.4052 18.8333 1690742805223 101.0000 -0.0495
13.6215 -78.3521 -29.8194 8.1364 1690742805255 133.7500 -0.0705
14.7800 -79.1858 -28.0076 15.8231 1690742805287 166.7500 -0.0728
16.3544 -79.7144 -26.9953 20.3006 1690742805321 199.0000 -0.0890
16.5156 -79.5067 -27.2144 13.0956 1690742805352 232.2500 -0.0890
18.0831 -79.5738 -28.0290 17.6855 1690742805384 265.0000 -0.1076
18.9078 -78.4277 -29.5936 21.5888 1690742805416 297.5000 -0.1076
18.4999 -77.7112 -30.7400 19.5352 1690742805450 330.2500 -0.1123
17.7883 -77.4332 -30.4573 21.9895 1690742805482 363.0000 -0.1380
17.3394 -78.0249 -30.6770 17.7121 1690742805514 395.7500 -0.1418
17.6119 -77.9807 -30.6420 15.6990 1690742805548 428.2500 -0.1418
17.9257 -77.9397 -30.5152 15.5863 1690742805580 461.0000 -0.1591
17.8820 -78.2184 -30.4703 14.3165 1690742805612 493.7500 -0.1701
18.0458 -78.7464 -30.1323 17.4411 1690742805645 526.2500 -0.1701
17.8574 -78.6917 -29.5334 15.7395 1690742805678 168.5000 -0.1792
17.4037 -78.3828 -29.7144 14.9894 1690742805711 70.7500 -0.1879
16.1059 -78.4010 -29.3530 12.4616 1690742805744 103.0000 -0.1935
16.0250 -78.6317 -28.9523 9.0202 1690742805777 136.0000 -0.1935
17.1878 -79.4575 -27.4916 13.2618 1690742805809 168.7500 -0.2023
18.2149 -79.1614 -26.5257 10.8467 1690742805841 201.5000 -0.2082
18.3054 -79.4599 -26.7014 14.0547 1690742805875 234.2500 -0.2101
19.8455 -79.2083 -27.4690 20.2027 1690742805907 266.7500 -0.2136
20.2000 -77.6273 -29.1527 21.9128 1690742805939 299.5000 -0.2186
19.0857 -77.1297 -30.0692 15.8652 1690742805972 332.2500 -0.2233
18.2743 -77.2444 -29.9297 16.3740 1690742806005 365.0000 -0.2241
17.9208 -77.8800 -30.4167 17.4617 1690742806037 397.0000 -0.2263
18.2620 -77.5160 -30.1067 15.4755 1690742806070 431.7500 -0.2263
18.2525 -77.7218 -30.4630 16.0793 1690742806104 463.0000 -0.2281
18.1702 -77.6810 -30.1246 12.7664 1690742806136 495.0000 -0.2299
18.0832 -78.2038 -30.0290 15.3711 1690742806168 528.2500 -0.2311
18.0758 -78.8925 -29.8587 17.2412 1690742806202 170.2500 -0.2311
17.9440 -78.2854 -29.4734 16.3269 1690742806234 72.7500 -0.2302
16.7974 -78.1793 -29.1971 12.4224 1690742806266 105.2500 -0.2291
16.9382 -78.8294 -28.7605 14.7283 1690742806299 138.2500 -0.2287
18.2116 -79.7949 -27.1203 13.1830 1690742806332 170.7500 -0.2278
18.0698 -78.7309 -26.2906 13.4754 1690742806364 203.2500 -0.2243
18.8294 -79.5931 -26.4084 16.7148 1690742806397 236.2500 -0.2214
20.0741 -79.0569 -27.6040 18.2637 1690742806430 268.7500 -0.2214
20.0753 -77.5336 -29.1306 18.5601 1690742806462 301.5000 -0.2184
18.7927 -76.9483 -29.6324 18.6923 1690742806495 334.2500 -0.2153
17.9601 -77.2595 -29.8036 16.7301 1690742806529 367.0000 -0.2131
17.8940 -77.5324 -30.0257 16.3149 1690742806561 399.5000 -0.2131
17.6549 -77.3951 -30.1927 13.6254 1690742806593 432.2500 -0.2072
17.6358 -77.4657 -30.6397 15.9297 1690742806627 465.0000 -0.2028
17.4819 -77.8659 -30.5674 14.2613 1690742806659 497.7500 -0.2013
17.6718 -78.2327 -30.0719 17.6889 1690742806691 530.2500 -0.2001
17.9749 -78.5555 -29.5506 23.8752 1690742806724 46.0000 -0.1955
17.7306 -78.2214 -29.2956 13.1757 1690742806757 78.7500 -0.1926
16.6215 -78.4651 -29.3380 11.8377 1690742806789 111.2500 -0.1926
16.8799 -78.8084 -28.0165 11.3604 1690742806822 144.0000 -0.1908
18.1998 -79.7739 -26.5019 15.9253 1690742806856 177.5000 -0.1872
17.9923 -78.8947 -26.2943 10.1588 1690742806888 209.2500 -0.1852
18.1112 -79.6162 -26.4481 10.9426 1690742806920 241.7500 -0.1852
19.7457 -78.6912 -27.5765 15.3808 1690742806954 274.5000 -0.1818
19.5856 -77.5461 -29.2095 17.7258 1690742806986 307.2500 -0.1796
18.5574 -77.0502 -29.5343 19.5132 1690742807018 340.2500 -0.1789
17.5512 -77.1586 -29.6466 17.2617 1690742807051 372.7500 -0.1778
17.2337 -77.3596 -30.0561 17.1986 1690742807084 405.5000 -0.1745
17.2858 -77.3575 -30.3120 15.8774 1690742807116 438.2500 -0.1706
17.1455 -77.4575 -30.3950 13.3656 1690742807148 471.0000 -0.1706
17.2566 -77.8218 -30.1990 17.1271 1690742807182 503.5000 -0.1684
17.4129 -78.4134 -30.1404 18.7494 1690742807214 406.5000 -0.1640
17.5187 -78.7592 -29.8008 16.1901 1690742807247 50.0000 -0.1603
17.1867 -78.1316 -29.2958 18.8661 1690742807281 82.7500 -0.1574
16.1139 -78.3404 -28.8291 9.8896 1690742807313 115.2500 -0.1486
16.1503 -78.3836 -27.6177 10.1272 1690742807345 147.7500 -0.1486
17.5866 -79.9952 -27.0761 14.0889 1690742807378 180.5000 -0.1339
17.2868 -79.1894 -26.7985 13.1885 1690742807411 213.2500 -0.1219
17.7353 -79.8231 -26.9790 15.0828 1690742807443 246.2500 -0.1178
19.3438 -78.7939 -28.0615 18.3596 1690742807476 278.7500 -0.1139
19.1500 -77.8239 -29.8738 21.9885 1690742807509 311.2500 -0.1022
17.9086 -77.5255 -30.2340 23.5720 1690742807541 344.2500 -0.0866
17.2513 -77.8392 -30.5118 15.4068 1690742807573 376.7500 -0.0866
16.8252 -77.8453 -30.6801 18.1974 1690742807608 409.5000 -0.0734
16.9552 -78.1837 -31.1693 15.4138 1690742807640 442.0000 -0.0617
16.6481 -78.0467 -31.0908 12.5931 1690742807672 474.7500 -0.0543
16.2449 -78.0439 -30.9849 13.6650 1690742807705 507.5000 -0.0543
16.2308 -78.3219 -30.3242 13.8981 1690742807738 283.0000 -0.0495
16.1147 -78.8306 -30.4761 15.8595 1690742807770 59.0000 -0.0365
14.7902 -78.6125 -30.2882 12.3674 1690742807803 91.7500 -0.0338
14.1339 -79.1641 -30.3796 11.9568 1690742807836 124.2500 -0.0311
13.8834 -79.3924 -28.3479 12.3410 1690742807868 157.0000 -0.0231
15.2367 -80.0060 -27.7485 15.1996 1690742807900 189.7500 -0.0123
15.2690 -79.5799 -27.8111 13.3918 1690742807934 222.2500 -0.0123
16.2829 -79.9777 -27.9267 14.3347 1690742807966 255.0000 -0.0043
18.2660 -79.3103 -29.7107 19.2253 1690742807998 287.7500 0.0006
17.5191 -78.6545 -31.1444 22.2511 1690742808032 320.2500 0.0072
16.9042 -78.4909 -31.5718 21.4828 1690742808065 353.2500 0.0094
16.2975 -78.4254 -31.4625 15.1139 1690742808097 385.7500 0.0160
16.1551 -78.8156 -32.0327 13.0039 1690742808130 418.2500 0.0206
16.4346 -78.9180 -32.1416 9.9640 1690742808163 450.2500 0.0253
15.9669 -78.9734 -31.9460 13.8055 1690742808195 483.7500 0.0267
16.1049 -79.1854 -32.0220 14.9735 1690742808227 516.5000 0.0311
16.0998 -79.3760 -31.3459 12.8895 1690742808261 166.7500 0.0355
15.1066 -79.1569 -31.6842 17.0912 1690742808293 72.0000 0.0355
13.3249 -78.4772 -31.1806 12.0746 1690742808325 104.5000 0.0355
12.2670 -78.4078 -30.1741 12.7618 1690742808359 137.2500 0.0306
12.9753 -79.7257 -28.8469 11.3445 1690742808391 170.0000 0.0258
14.2870 -79.8371 -28.0248 12.0143 1690742808424 202.7500 0.0216
14.5758 -79.7498 -28.0146 13.0526 1690742808457 236.5000 0.0092
16.6355 -80.0632 -28.6768 19.9950 1690742808490 267.7500 -0.0089
17.5737 -79.0045 -30.2973 23.2696 1690742808522 300.7500 -0.0089
17.2686 -78.2593 -31.0916 13.4876 1690742808554 333.2500 -0.0143
16.5995 -78.1001 -31.1840 13.9234 1690742808588 366.2500 -0.0304
16.4718 -78.3823 -31.2854 14.2433 1690742808620 398.7500 -0.0524
16.5757 -78.5309 -31.3384 12.8436 1690742808652 431.2500 -0.0524
16.6555 -78.6809 -31.4454 14.3706 1690742808686 464.2500 -0.0631
16.9758 -78.5304 -30.5167 14.3250 1690742808718 496.7500 -0.0788
17.1792 -78.7463 -30.3587 15.9272 1690742808750 529.5000 -0.0934
17.1111 -78.7893 -30.0529 15.2834 1690742808784 43.2500 -0.0934
16.0556 -78.5110 -30.3062 16.4415 1690742808817 76.0000 -0.1125
14.9002 -78.7299 -30.1120 11.4789 1690742808849 108.5000 -0.1256
15.2976 -78.7320 -29.0599 12.8428 1690742808881 141.2500 -0.1300
16.5398 -80.0324 -27.8956 13.6144 1690742808918 174.0000 -0.1336
17.2716 -79.6542 -27.2685 13.9920 1690742808947 206.5000 -0.1442
17.6062 -79.7925 -27.4889 13.9475 1690742808979 239.0000 -0.1593
19.0218 -79.4234 -28.0912 14.5500 1690742809013 272.0000 -0.1593
19.5309 -78.1454 -30.0183 19.2382 1690742809045 304.7500 -0.1625
18.4254 -77.3890 -30.5243 15.3733 1690742809077 337.2500 -0.1744
18.0740 -77.6958 -30.4009 15.2118 1690742809110 370.0000 -0.1813
17.8741 -77.6681 -30.1876 15.6199 1690742809143 402.7500 -0.1829
17.8206 -77.8445 -30.7015 18.4337 1690742809176 435.2500 -0.1877
17.8731 -77.8768 -30.4532 14.2785 1690742809209 468.2500 -0.1946
18.0423 -78.1167 -30.2864 15.0516 1690742809242 502.2500 -0.1969
18.0355 -78.3937 -29.9284 14.1195 1690742809274 533.2500 -0.1991
18.0170 -78.6949 -29.9605 14.7342 1690742809306 43.2500 -0.2057
17.3778 -78.1565 -29.5244 15.3090 1690742809340 75.5000 -0.2131
16.2018 -78.1428 -29.0363 17.0549 1690742809372 108.5000 -0.2131
16.4284 -77.9305 -28.7300 17.0549 1690742809380 116.7500 -0.2131
