18.1809 -72.8478 -32.6094 15.5316 1690742804371 277.7500 -0.0431
18.6049 -71.5995 -34.3156 21.5671 1690742804403 310.2500 -0.0280
17.8730 -70.9765 -34.5371 18.3875 1690742804435 346.2500 -0.0250
17.5283 -71.1486 -34.8532 14.0629 1690742804469 375.5000 -0.0187
17.5891 -71.3969 -35.2205 14.7748 1690742804501 407.7500 -0.0123
16.8874 -71.8043 -35.9332 16.7685 1690742804533 441.0000 -0.0031
17.1457 -72.4458 -36.4055 14.5134 1690742804567 473.7500 -0.0031
16.5515 -72.4590 -36.2060 16.8307 1690742804600 506.2500 0.0032
16.3472 -72.5646 -35.5767 13.2121 1690742804632 282.2500 0.0072
15.6916 -72.9901 -36.0366 13.5357 1690742804665 57.7500 0.0131
14.9157 -73.0326 -36.4639 16.9804 1690742804698 90.5000 0.0131
14.3063 -72.6880 -35.7241 15.6094 1690742804730 123.2500 0.0194
14.7312 -73.6177 -34.1568 18.6752 1690742804762 155.7500 0.0253
15.6131 -74.5872 -33.6176 17.9203 1690742804796 188.5000 0.0272
15.2866 -74.4471 -34.0402 12.6330 1690742804828 221.2500 0.0299
16.0788 -73.8163 -33.5618 15.0419 1690742804860 254.0000 0.0326
17.7857 -73.0873 -34.5560 19.5186 1690742804894 286.5000 0.0336
17.4659 -71.5438 -35.1959 17.8846 1690742804927 318.5000 0.0336
16.9859 -71.4385 -35.3072 16.0180 1690742804960 351.7500 0.0253
17.0875 -72.1452 -35.8416 11.9825 1690742804992 384.7500 0.0177
16.7129 -72.0234 -36.0379 15.6679 1690742805025 417.2500 0.0101
17.2377 -72.4066 -35.9183 15.8717 1690742805057 449.7500 0.0101
16.7169 -72.8337 -36.2048 14.6646 1690742805089 482.7500 -0.0079
16.2721 -72.6671 -35.6280 18.8857 1690742805123 515.2500 -0.0284
16.3226 -73.1879 -35.3586 18.2300 1690742805156 164.2500 -0.0284
15.8477 -72.7552 -35.4513 20.1377 1690742805188 68.7500 -0.0389
14.7931 -72.3700 -35.2768 14.2285 1690742805223 101.0000 -0.0495
14.7230 -72.6371 -34.9671 18.5298 1690742805255 133.7500 -0.0705
15.5709 -73.5094 -33.2541 17.4716 1690742805287 166.7500 -0.0728
17.2747 -73.8585 -32.0187 18.8506 1690742805321 199.0000 -0.0890
17.4359 -73.3097 -31.8104 16.0289 1690742805352 232.2500 -0.0890
18.1315 -73.0870 -32.3059 16.7205 1690742805384 265.0000 -0.1076
18.8250 -71.9690 -33.9124 17.1878 1690742805416 297.5000 -0.1076
18.0467 -71.1843 -34.9312 14.2032 1690742805450 330.2500 -0.1123
17.6723 -70.8165 -34.5290 14.6643 1690742805482 363.0000 -0.1380
17.6964 -71.3517 -34.6412 14.6195 1690742805514 395.7500 -0.1418
17.5157 -71.3909 -34.7575 15.3987 1690742805548 428.2500 -0.1418
17.9444 -71.7924 -35.2675 17.5468 1690742805580 461.0000 -0.1591
17.4913 -71.7852 -34.8101 13.6708 1690742805612 493.7500 -0.1701
17.0715 -72.4408 -34.5666 16.4578 1690742805645 526.2500 -0.1701
16.4874 -73.3121 -34.9700 14.4905 1690742805678 168.5000 -0.1792
16.9277 -72.0970 -34.2570 15.1620 1690742805711 70.7500 -0.1879
16.3076 -72.6357 -34.5582 14.3044 1690742805744 103.0000 -0.1935
16.6306 -72.6813 -33.9120 15.0246 1690742805777 136.0000 -0.1935
17.6576 -73.8150 -32.8128 19.0873 1690742805809 168.7500 -0.2023
18.6830 -73.4569 -31.7805 12.5814 1690742805841 201.5000 -0.2082
18.5383 -73.6908 -31.9011 20.4037 1690742805875 234.2500 -0.2101
19.4813 -72.7959 -31.8418 19.9574 1690742805907 266.7500 -0.2136
19.6852 -71.0730 -33.2938 15.1158 1690742805939 299.5000 -0.2186
19.0190 -70.4649 -34.0628 15.1830 1690742805972 332.2500 -0.2233
17.8629 -70.5190 -33.7992 15.5142 1690742806005 365.0000 -0.2241
18.0078 -71.0994 -34.2099 13.1384 1690742806037 397.0000 -0.2263
17.9343 -71.0117 -34.3447 15.1080 1690742806070 431.7500 -0.2263
17.8549 -71.6849 -35.3385 13.8569 1690742806104 463.0000 -0.2281
17.5795 -71.7999 -35.1681 15.3248 1690742806136 495.0000 -0.2299
17.2553 -71.9430 -34.5557 14.1203 1690742806168 528.2500 -0.2311
17.2917 -72.5660 -34.3008 16.3787 1690742806202 170.2500 -0.2311
17.4801 -71.8682 -33.8296 13.8572 1690742806234 72.7500 -0.2302
16.8562 -72.2121 -34.1731 13.1072 1690742806266 105.2500 -0.2291
17.3204 -72.7357 -33.5662 17.8849 1690742806299 138.2500 -0.2287
18.8356 -73.8837 -32.1244 17.9504 1690742806332 170.7500 -0.2278
18.9180 -73.7916 -32.2283 14.9678 1690742806364 203.2500 -0.2243
19.1542 -73.3376 -31.0058 14.2307 1690742806397 236.2500 -0.2214
19.5820 -72.4555 -31.6724 17.7275 1690742806430 268.7500 -0.2214
19.4322 -71.1269 -33.4795 16.2526 1690742806462 301.5000 -0.2184
18.5610 -70.3860 -33.7864 13.2186 1690742806495 334.2500 -0.2153
17.6936 -70.7472 -34.0335 11.9078 1690742806529 367.0000 -0.2131
17.3117 -71.0804 -34.3158 14.9461 1690742806561 399.5000 -0.2131
17.7403 -71.1438 -34.8064 19.6120 1690742806593 432.2500 -0.2072
17.7196 -71.2518 -35.3038 15.8758 1690742806627 465.0000 -0.2028
17.2297 -71.5802 -35.1281 19.2622 1690742806659 497.7500 -0.2013
17.1129 -71.8233 -34.4286 14.4492 1690742806691 530.2500 -0.2001
17.5119 -71.9869 -33.6751 14.8116 1690742806724 46.0000 -0.1955
17.6189 -71.5323 -33.2473 12.8329 1690742806757 78.7500 -0.1926
16.4294 -72.6456 -34.4828 12.1906 1690742806789 111.2500 -0.1926
17.0952 -73.4705 -33.6585 17.8908 1690742806822 144.0000 -0.1908
18.7186 -74.0543 -31.7355 16.9120 1690742806856 177.5000 -0.1872
17.9779 -73.6974 -32.0702 15.3834 1690742806888 209.2500 -0.1852
18.2064 -74.0386 -31.8568 14.8745 1690742806920 241.7500 -0.1852
19.2907 -72.2721 -31.9310 19.5944 1690742806954 274.5000 -0.1818
19.1511 -71.3008 -33.8118 18.4413 1690742806986 307.2500 -0.1796
18.3875 -70.5102 -33.7263 15.5789 1690742807018 340.2500 -0.1789
17.5977 -70.6117 -33.8310 12.7474 1690742807051 372.7500 -0.1778
16.8740 -70.8227 -34.2409 15.6420 1690742807084 405.5000 -0.1745
17.2716 -71.0436 -34.8405 15.6197 1690742807116 438.2500 -0.1706
16.9374 -71.4179 -35.2789 15.6092 1690742807148 471.0000 -0.1706
16.9505 -71.7245 -35.0055 19.1038 1690742807182 503.5000 -0.1684
16.4736 -72.2175 -34.7340 16.5937 1690742807214 406.5000 -0.1640
16.9771 -72.4023 -34.2358 19.4518 1690742807247 50.0000 -0.1603
16.9802 -71.6816 -33.6233 12.9384 1690742807281 82.7500 -0.1574
16.6221 -72.3774 -33.7846 12.2379 1690742807313 115.2500 -0.1486
16.3231 -73.5214 -33.6759 15.6207 1690742807345 147.7500 -0.1486
17.7766 -74.2651 -32.3204 19.1963 1690742807378 180.5000 -0.1339
17.8110 -73.4963 -32.0603 14.5695 1690742807411 213.2500 -0.1219
17.9049 -73.7268 -31.7934 17.7850 1690742807443 246.2500 -0.1178
18.9853 -72.5733 -32.7035 14.3600 1690742807476 278.7500 -0.1139
18.7028 -71.7369 -34.6823 18.1994 1690742807509 311.2500 -0.1022
17.8081 -71.1375 -34.6563 17.5259 1690742807541 344.2500 -0.0866
17.2546 -71.4650 -34.9551 21.6168 1690742807573 376.7500 -0.0866
17.0294 -71.6194 -35.3243 14.5230 1690742807608 409.5000 -0.0734
16.7835 -72.0399 -35.9229 15.4390 1690742807640 442.0000 -0.0617
16.2351 -72.6510 -36.6666 18.6418 1690742807672 474.7500 -0.0543
15.8390 -72.2030 -36.0930 16.8734 1690742807705 507.5000 -0.0543
15.3030 -72.8658 -35.7779 16.4100 1690742807738 283.0000 -0.0495
15.4540 -73.2587 -35.8511 18.5572 1690742807770 59.0000 -0.0365
15.2234 -72.5126 -35.0815 13.0679 1690742807803 91.7500 -0.0338
14.1923 -73.5678 -35.7695 13.9296 1690742807836 124.2500 -0.0311
14.9955 -74.0756 -33.9038 17.0512 1690742807868 157.0000 -0.0231
15.8758 -74.4504 -33.1429 17.2234 1690742807900 189.7500 -0.0123
15.9908 -74.0001 -33.1699 15.0804 1690742807934 222.2500 -0.0123
16.6581 -73.6902 -32.4764 14.3565 1690742807966 255.0000 -0.0043
17.7893 -72.9832 -34.1955 16.1312 1690742807998 287.7500 0.0006
17.5382 -72.0017 -35.1585 17.2449 1690742808032 320.2500 0.0072
16.9527 -72.0030 -35.8470 13.8272 1690742808065 353.2500 0.0094
16.9888 -72.0453 -35.8431 15.3575 1690742808097 385.7500 0.0160
16.9047 -72.7344 -36.8108 17.5262 1690742808130 418.2500 0.0206
16.7756 -72.7347 -36.8344 18.4704 1690742808163 450.2500 0.0253
16.3526 -73.0839 -36.9995 18.0667 1690742808195 483.7500 0.0267
15.9071 -73.2346 -37.0142 22.8637 1690742808227 516.5000 0.0311
15.8770 -73.6800 -36.6259 19.7123 1690742808261 166.7500 0.0355
15.2879 -72.7499 -36.0763 11.6024 1690742808293 72.0000 0.0355
13.6157 -73.1081 -36.7895 16.0664 1690742808325 104.5000 0.0355
13.1169 -73.3497 -36.0107 13.4182 1690742808359 137.2500 0.0306
14.0495 -74.2574 -34.2614 18.4120 1690742808391 170.0000 0.0258
15.3582 -74.0610 -33.1103 12.0305 1690742808424 202.7500 0.0216
15.5826 -74.1792 -33.3371 14.4913 1690742808457 236.5000 0.0092
17.0278 -73.6825 -33.0934 18.4307 1690742808490 267.7500 -0.0089
17.4035 -72.7186 -34.8614 17.1551 1690742808522 300.7500 -0.0089
17.3048 -72.0650 -35.7822 15.6652 1690742808554 333.2500 -0.0143
16.9441 -71.5667 -35.3756 17.1039 1690742808588 366.2500 -0.0304
16.3196 -71.9081 -35.5790 10.7482 1690742808620 398.7500 -0.0524
16.2592 -72.8752 -36.6568 16.3812 1690742808652 431.2500 -0.0524
16.5420 -72.8922 -36.6272 16.1171 1690742808686 464.2500 -0.0631
16.8541 -72.9905 -35.9635 17.6578 1690742808718 496.7500 -0.0788
16.3126 -73.0926 -35.6178 14.6545 1690742808750 529.5000 -0.0934
16.0271 -73.2716 -35.4151 15.6931 1690742808784 43.2500 -0.0934
15.7784 -72.3494 -35.0317 20.8698 1690742808817 76.0000 -0.1125
15.6330 -72.6694 -34.9189 13.8731 1690742808849 108.5000 -0.1256
15.8196 -73.9372 -35.1518 16.7937 1690742808881 141.2500 -0.1300
17.1585 -74.5488 -33.3656 20.0479 1690742808918 174.0000 -0.1336
18.3125 -73.6086 -32.0371 13.6846 1690742808947 206.5000 -0.1442
17.6906 -73.8777 -32.5269 18.4630 1690742808979 239.0000 -0.1593
19.1596 -72.9902 -32.4465 15.4650 1690742809013 272.0000 -0.1593
19.1736 -71.7421 -34.4050 18.7815 1690742809045 304.7500 -0.1625
18.4312 -70.7179 -34.5080 17.4675 1690742809077 337.2500 -0.1744
18.2309 -70.9259 -34.2110 15.4108 1690742809110 370.0000 -0.1813
17.5919 -71.1364 -34.3865 17.0379 1690742809143 402.7500 -0.1829
17.1666 -72.0825 -35.8730 15.7359 1690742809176 435.2500 -0.1877
17.0141 -72.2667 -35.7600 15.5905 1690742809209 468.2500 -0.1946
17.4758 -71.6665 -34.5814 14.3914 1690742809242 502.2500 -0.1969
17.0217 -72.0835 -34.3473 15.3825 1690742809274 533.2500 -0.1991
16.7390 -72.3338 -34.2356 14.1540 1690742809306 43.2500 -0.2057
16.9908 -71.9133 -34.1336 13.2396 1690742809340 75.5000 -0.2131
16.0722 -72.5274 -34.4051 18.1415 1690742809372 108.5000 -0.2131
16.5009 -72.1079 -33.8743 15.2186 1690742809380 116.7500 -0.2131
