-8.3683 74.7664 -37.1900 50.9787 1650400322639 1703645.0000 -0.1969
-8.3704 74.7173 -37.2140 48.0163 1650400322693 1703699.0000 -0.1965
-8.4099 74.9192 -37.2034 49.9346 1650400322747 1703753.0000 -0.1969
-8.3623 75.0417 -37.0825 44.7469 1650400322801 1703807.0000 -0.1965
-8.4863 74.9585 -36.9892 58.5400 1650400322856 1703861.0000 -0.1965
-8.5034 75.0032 -37.0751 50.2120 1650400322908 1703915.0000 -0.1965
-8.4058 75.0770 -36.8293 47.6118 1650400322962 1703969.0000 -0.1960
-8.4329 79.0523 -36.8578 62.3001 1650400323016 1704023.0000 -0.1965
-8.4171 74.9276 -36.6804 50.4548 1650400323070 1704077.0000 -0.1965
-8.2778 75.2523 -36.7201 47.4033 1650400323124 1704131.0000 -0.1965
-8.4651 78.7395 -36.7470 42.0784 1650400323178 1704185.0000 -0.1965
-8.4119 74.8427 -36.7269 46.9877 1650400323232 1704239.0000 -0.1965
-8.2881 75.1306 -36.9852 51.0748 1650400323287 1704293.0000 -0.1969
-8.3014 75.4118 -36.9991 56.6104 1650400323341 1704347.0000 -0.1969
-8.3601 75.2177 -37.1418 44.9106 1650400323395 1704400.0000 -0.1965
-8.3605 78.4265 -36.8661 52.9888 1650400323449 1704454.0000 -0.1965
-8.4367 78.8681 -37.0455 47.2391 1650400323501 1704508.0000 -0.1965
-8.4697 78.8067 -36.8667 49.8580 1650400323555 1704562.0000 -0.1965
-8.4540 79.0604 -36.8603 42.1347 1650400323609 1704616.0000 -0.1965
-8.5273 78.9662 -36.8029 49.9661 1650400323664 1704670.0000 -0.1969
-8.4572 77.5369 -36.6746 49.9650 1650400323718 1704724.0000 -0.1965
-8.4280 78.8183 -36.6869 47.3862 1650400323772 1704778.0000 -0.1965
-8.5133 75.0640 -36.6907 49.1371 1650400323826 1704832.0000 -0.1965
-8.4500 78.8757 -36.7549 47.2729 1650400323880 1704886.0000 -0.1965
-8.5263 74.9423 -36.6631 61.3006 1650400323934 1704940.0000 -0.1965
-8.4284 79.0342 -36.7839 44.6218 1650400323988 1704994.0000 -0.1960
-8.4123 79.0988 -36.6949 45.0560 1650400324043 1705048.0000 -0.1965
-8.4051 78.8820 -36.6583 54.6796 1650400324097 1705102.0000 -0.1965
-8.2903 74.9607 -36.6614 48.9881 1650400324149 1705156.0000 -0.1965
-8.3181 78.6980 -36.8544 54.2799 1650400324203 1705210.0000 -0.1965
-8.2364 78.1924 -37.1013 44.2852 1650400324257 1705264.0000 -0.1965
-8.3792 78.6399 -37.0661 45.7953 1650400324311 1705318.0000 -0.1965
-8.3412 77.2991 -36.9695 41.8868 1650400324365 1705372.0000 -0.1965
-8.4054 78.4754 -37.1299 40.1529 1650400324419 1705426.0000 -0.1965
-8.4593 75.0092 -36.9638 42.4249 1650400324474 1705480.0000 -0.1965
-8.5117 75.0191 -36.7496 40.2290 1650400324528 1705534.0000 -0.1960
-8.5011 79.0398 -36.7895 48.2233 1650400324582 1705588.0000 -0.1960
-8.3915 78.6988 -36.7640 49.2137 1650400324636 1705642.0000 -0.1960
-8.3174 75.0104 -36.6715 43.3766 1650400324690 1705696.0000 -0.1960
-8.4828 75.0944 -36.6575 50.0945 1650400324742 1705749.0000 -0.1965
-8.3426 78.7165 -36.7249 44.6808 1650400324796 1705803.0000 -0.1960
-8.4112 75.0416 -36.6562 45.3057 1650400324851 1705857.0000 -0.1960
-8.3793 74.9264 -36.8074 53.4282 1650400324905 1705911.0000 -0.1965
-8.4482 75.0284 -36.4662 55.9471 1650400324959 1705965.0000 -0.1965
-8.5211 75.0346 -36.6791 54.8348 1650400325013 1706019.0000 -0.1960
-8.3922 74.9382 -36.7648 49.3046 1650400325067 1706073.0000 -0.1960
-8.2955 74.9752 -36.7208 46.0907 1650400325121 1706127.0000 -0.1955
-8.4977 75.0270 -36.6900 46.3808 1650400325175 1706181.0000 -0.1960
-8.4152 77.9596 -36.7188 52.8036 1650400325230 1706235.0000 -0.1960
-8.4861 75.1182 -36.8260 43.2068 1650400325284 1706289.0000 -0.1960
-8.2942 78.5489 -36.9695 44.6173 1650400325336 1706343.0000 -0.1960
-8.4065 78.6885 -37.1808 41.4607 1650400325390 1706397.0000 -0.1960
-8.4662 75.0170 -36.9158 46.9769 1650400325444 1706451.0000 -0.1960
-8.5286 76.2402 -35.0871 92.6756 1650400325498 1706505.0000 -0.1960
-8.5512 77.6368 -34.1844 68.7236 1650400325552 1706559.0000 -0.1960
-8.9181 75.7542 -32.6297 52.5898 1650400325607 1706613.0000 -0.1960
-8.6970 76.0952 -31.8185 64.4945 1650400325661 1706667.0000 -0.1960
-8.9085 75.8893 -30.1654 57.1947 1650400325715 1706721.0000 -0.1960
-8.4967 75.5221 -29.2797 58.2172 1650400325769 1706775.0000 -0.1960
-8.4605 75.3113 -28.8098 52.3623 1650400325823 1706829.0000 -0.1960
-8.5552 75.3102 -29.2009 47.1562 1650400325877 1706883.0000 -0.1960
-8.4172 75.1487 -29.2457 36.1165 1650400325931 1706937.0000 -0.1960
-8.1330 74.9984 -29.1904 56.3335 1650400325984 1706991.0000 -0.1960
-8.4195 74.8205 -29.4104 47.5217 1650400326038 1707045.0000 -0.1960
-8.2627 75.0249 -29.5807 49.9694 1650400326092 1707099.0000 -0.1955
-8.1944 75.3397 -29.4259 51.0599 1650400326146 1707152.0000 -0.1955
-8.0018 75.1962 -29.6198 45.8217 1650400326200 1707206.0000 -0.1955
-8.2878 75.1632 -29.6552 40.7354 1650400326254 1707260.0000 -0.1960
-8.2621 75.0261 -29.5634 41.7547 1650400326308 1707314.0000 -0.1960
-8.1727 75.1062 -29.5701 50.0654 1650400326363 1707368.0000 -0.1960
-8.0914 75.0933 -29.6980 41.0691 1650400326417 1707422.0000 -0.1960
-8.4594 75.1623 -29.6100 48.3344 1650400326471 1707476.0000 -0.1960
-8.4333 75.0712 -29.5478 50.4269 1650400326525 1707530.0000 -0.1965
-8.4448 75.2382 -29.5253 48.9366 1650400326577 1707584.0000 -0.1965
-8.4005 75.2788 -29.8911 42.6226 1650400326631 1707638.0000 -0.1960
-8.3197 75.3324 -29.4961 49.4125 1650400326685 1707692.0000 -0.1960
-8.2293 75.3972 -29.5793 44.3285 1650400326740 1707746.0000 -0.1960
-8.1742 75.1408 -29.6230 46.9347 1650400326794 1707800.0000 -0.1960
-8.2513 75.2403 -29.5294 44.8163 1650400326848 1707854.0000 -0.1960
-8.1420 75.1913 -29.3905 41.1923 1650400326902 1707908.0000 -0.1960
-8.1389 75.0688 -29.2857 41.8552 1650400326956 1707962.0000 -0.1955
-8.1944 74.9320 -29.6181 39.1962 1650400327010 1708016.0000 -0.1960
-8.3050 75.2011 -29.4779 38.0199 1650400327064 1708070.0000 -0.1960
-8.4055 75.4856 -29.5966 38.3349 1650400327118 1708124.0000 -0.1955
-8.7419 78.0973 -29.2340 64.7915 1650400327173 1708178.0000 -0.1955
-8.9116 78.9265 -30.1836 55.6953 1650400327225 1708232.0000 -0.1955
-8.9417 78.7811 -31.4353 70.5922 1650400327279 1708286.0000 -0.1955
-8.7853 78.8004 -32.6311 61.3780 1650400327333 1708340.0000 -0.1955
-9.0424 78.9703 -34.2271 37.9371 1650400327387 1708394.0000 -0.1960
-8.9224 78.9526 -35.5482 52.9181 1650400327441 1708447.0000 -0.1960
-8.8677 79.1943 -36.7397 53.6346 1650400327495 1708501.0000 -0.1960
-8.7832 79.6100 -38.1529 47.4422 1650400327550 1708555.0000 -0.1960
-8.9638 79.1252 -39.1320 49.1886 1650400327604 1708609.0000 -0.1960
-8.8562 79.2817 -40.3160 44.8909 1650400327658 1708663.0000 -0.1960
-8.7913 79.0562 -41.6802 48.6213 1650400327712 1708717.0000 -0.1955
-8.5261 79.5186 -42.9691 54.5505 1650400327766 1708771.0000 -0.1955
-8.8367 79.7953 -44.0277 41.7325 1650400327818 1708825.0000 -0.1960
-8.8325 80.2234 -45.1077 42.2016 1650400327872 1708879.0000 -0.1960
-8.8838 80.0173 -45.8997 43.2237 1650400327927 1708933.0000 -0.1965
-8.6443 80.0235 -47.2236 40.3746 1650400327981 1708987.0000 -0.1965
-8.7336 81.7783 -47.8002 47.1045 1650400328035 1709041.0000 -0.1955
-8.7452 80.4027 -48.6463 44.9702 1650400328089 1709095.0000 -0.1960
-8.6787 81.1611 -49.1254 44.4501 1650400328143 1709149.0000 -0.1960
-8.6720 79.8014 -49.8993 36.5201 1650400328197 1709203.0000 -0.1960
-8.5101 79.9529 -50.3671 42.9832 1650400328251 1709257.0000 -0.1960
-8.6431 81.6474 -50.6838 42.2036 1650400328306 1709311.0000 -0.1955
-8.8536 80.3329 -51.0754 36.6383 1650400328360 1709365.0000 -0.1955
-8.9378 81.8668 -51.2568 39.2606 1650400328414 1709419.0000 -0.1955
-8.9398 81.7348 -51.2558 48.0068 1650400328466 1709473.0000 -0.1960
-8.7242 80.7975 -51.6746 39.3604 1650400328520 1709527.0000 -0.1960
-8.4295 80.0218 -51.9834 44.6755 1650400328574 1709581.0000 -0.1955
-8.4479 79.6880 -51.4130 38.9043 1650400328628 1709635.0000 -0.1960
-8.4072 79.5219 -51.1312 41.5956 1650400328683 1709689.0000 -0.1960
-8.4755 79.4918 -50.6165 39.3823 1650400328737 1709743.0000 -0.1955
-8.4775 79.3736 -50.0208 41.0979 1650400328791 1709797.0000 -0.1960
-8.4142 79.3541 -49.4212 48.2059 1650400328845 1709850.0000 -0.1955
-8.5721 79.6218 -48.4016 46.7680 1650400328899 1709904.0000 -0.1960
-8.7222 79.5544 -47.9105 47.2756 1650400328953 1709958.0000 -0.1960
-8.7255 79.4081 -46.9679 37.5853 1650400329007 1710012.0000 -0.1965
-8.7390 79.2700 -45.9711 46.2356 1650400329059 1710066.0000 -0.1960
-8.6323 79.1623 -44.6691 46.6610 1650400329114 1710120.0000 -0.1960
-8.8262 79.1732 -43.6203 53.6043 1650400329168 1710174.0000 -0.1960
-8.9209 79.0844 -42.7158 50.4431 1650400329222 1710228.0000 -0.1960
-8.8399 79.3180 -41.6085 49.6306 1650400329276 1710282.0000 -0.1960
-8.7408 78.5467 -40.0490 50.9681 1650400329330 1710336.0000 -0.1955
-9.0599 75.0403 -38.7687 37.5048 1650400329384 1710390.0000 -0.1955
-8.8680 78.7682 -37.3201 53.5693 1650400329438 1710444.0000 -0.1955
-8.8559 78.7018 -36.3192 38.9852 1650400329493 1710498.0000 -0.1955
-8.8410 78.1601 -35.2863 46.1623 1650400329547 1710552.0000 -0.1960
-8.8291 77.3639 -33.8116 54.8670 1650400329601 1710606.0000 -0.1955
-8.9816 75.3255 -32.0341 54.4209 1650400329653 1710660.0000 -0.1955
-8.6332 75.2251 -30.8182 47.3713 1650400329707 1710714.0000 -0.1960
-8.7164 75.7529 -29.5331 52.2880 1650400329761 1710768.0000 -0.1960
-8.5104 75.3284 -28.7368 48.0790 1650400329815 1710822.0000 -0.1955
-8.5743 75.4038 -28.8301 46.6865 1650400329870 1710876.0000 -0.1955
-8.6429 75.9210 -29.0981 48.6843 1650400329924 1710930.0000 -0.1955
-8.5584 75.5145 -29.1987 46.7065 1650400329978 1710984.0000 -0.1955
-8.5250 75.3809 -29.2678 46.8911 1650400330032 1711038.0000 -0.1960
-8.3174 75.3851 -29.3651 46.5125 1650400330086 1711092.0000 -0.1960
-8.3730 75.4207 -29.2343 42.9879 1650400330140 1711146.0000 -0.1960
-8.3469 75.6465 -29.2191 44.7750 1650400330194 1711199.0000 -0.1960
-8.7779 75.7429 -29.2875 49.1790 1650400330248 1711253.0000 -0.1960
-8.5693 75.8459 -29.4310 48.3573 1650400330301 1711307.0000 -0.1960
-8.3933 75.4362 -29.5517 51.4761 1650400330355 1711361.0000 -0.1960
-8.2334 75.4415 -29.4514 44.4391 1650400330409 1711415.0000 -0.1955
-8.5057 75.4883 -29.5787 39.7535 1650400330463 1711469.0000 -0.1955
-8.5590 75.2658 -29.3766 50.2399 1650400330517 1711523.0000 -0.1955
-8.4471 75.0784 -29.6252 43.3440 1650400330571 1711577.0000 -0.1955
-8.4441 74.9972 -29.2728 45.0656 1650400330625 1711631.0000 -0.1960
-8.4544 75.2763 -29.7161 64.1434 1650400330680 1711685.0000 -0.1955
-8.4924 75.3158 -29.6355 46.2695 1650400330734 1711739.0000 -0.1955
-8.6553 75.2931 -29.6851 43.5888 1650400330788 1711793.0000 -0.1955
-8.4433 75.1108 -29.5396 53.1557 1650400330842 1711847.0000 -0.1955
-8.4561 75.0573 -29.6195 42.4697 1650400330894 1711901.0000 -0.1955
-8.4219 75.3702 -29.7688 42.5398 1650400330948 1711955.0000 -0.1950
-8.4941 75.1200 -29.6941 49.9304 1650400331002 1712009.0000 -0.1950
-8.3598 75.2253 -29.6795 56.1607 1650400331057 1712063.0000 -0.1950
-8.2827 75.1672 -29.6426 56.8229 1650400331111 1712117.0000 -0.1955
-8.4339 77.3375 -29.3374 43.0113 1650400331165 1712171.0000 -0.1955
-9.1389 78.7757 -29.3468 44.8699 1650400331219 1712225.0000 -0.1955
-9.1062 78.9865 -30.9430 49.4301 1650400331273 1712279.0000 -0.1955
-9.0862 78.9366 -32.2066 53.4511 1650400331327 1712333.0000 -0.1955
-9.1415 78.9875 -33.5710 61.7451 1650400331381 1712387.0000 -0.1955
-9.0234 79.0149 -35.0163 46.3019 1650400331436 1712441.0000 -0.1955
-9.1571 74.8093 -36.2086 52.6343 1650400331490 1712495.0000 -0.1955
-9.0252 79.5897 -37.2875 46.0199 1650400331542 1712548.0000 -0.1955
-9.0387 79.6010 -38.6699 51.6777 1650400331596 1712602.0000 -0.1955
-8.9589 79.6723 -40.2093 52.3552 1650400331650 1712656.0000 -0.1955
-8.9294 79.3359 -41.3533 50.2826 1650400331704 1712710.0000 -0.1955
-8.9432 79.4485 -42.3072 55.4190 1650400331758 1712764.0000 -0.1955
-8.7295 79.6412 -44.1477 35.5579 1650400331813 1712818.0000 -0.1955
-8.6363 79.6350 -44.5615 49.8791 1650400331867 1712872.0000 -0.1960
-8.9884 79.8260 -45.9668 47.1512 1650400331921 1712926.0000 -0.1955
-8.9006 81.0243 -46.9751 39.7419 1650400331975 1712980.0000 -0.1955
-8.5723 81.6641 -48.0551 50.7898 1650400332029 1713034.0000 -0.1955
-8.8033 80.1193 -47.7995 50.6063 1650400332083 1713088.0000 -0.1955
-8.3095 81.9697 -49.5413 41.1404 1650400332135 1713142.0000 -0.1950
-8.8635 82.2120 -49.3606 39.3585 1650400332189 1713196.0000 -0.1955
-8.6191 81.4824 -50.4346 46.8020 1650400332244 1713250.0000 -0.1955
-8.6700 81.6523 -50.7040 42.0851 1650400332298 1713304.0000 -0.1950
-8.7445 81.4349 -51.1718 38.0214 1650400332352 1713358.0000 -0.1955
-9.0107 81.6044 -51.6433 51.7231 1650400332406 1713412.0000 -0.1955
-8.9407 81.8154 -51.6473 43.8395 1650400332460 1713466.0000 -0.1955
-9.0573 81.7484 -51.6603 44.0517 1650400332514 1713520.0000 -0.1950
-8.7869 80.1975 -51.7890 38.6850 1650400332569 1713574.0000 -0.1950
-8.7133 79.7373 -51.6790 41.8286 1650400332623 1713628.0000 -0.1950
-8.5647 79.5404 -51.5317 38.1124 1650400332677 1713682.0000 -0.1950
-8.6506 79.7948 -50.9632 50.0759 1650400332729 1713736.0000 -0.1950
-8.5731 79.2572 -50.2026 40.6942 1650400332783 1713790.0000 -0.1955
-8.5601 79.5320 -49.8387 42.9943 1650400332837 1713844.0000 -0.1950
-8.5514 79.3157 -49.0019 43.2336 1650400332891 1713897.0000 -0.1950
-8.6325 79.3329 -48.1621 43.4080 1650400332945 1713951.0000 -0.1955
-8.5572 79.3050 -47.5149 55.3537 1650400333000 1714005.0000 -0.1950
-8.6921 79.2365 -46.3051 44.2652 1650400333054 1714059.0000 -0.1950
-8.7315 79.1891 -45.6518 45.2608 1650400333108 1714113.0000 -0.1950
-8.6906 79.4111 -44.4901 44.3546 1650400333162 1714167.0000 -0.1950
-8.7462 78.8209 -43.5138 45.5056 1650400333216 1714221.0000 -0.1950
-8.7135 78.4466 -41.9309 52.1397 1650400333270 1714275.0000 -0.1950
-8.9288 79.2856 -41.0543 44.7963 1650400333324 1714329.0000 -0.1955
-8.8935 78.3240 -39.2802 62.3639 1650400333377 1714383.0000 -0.1950
-8.9760 78.9610 -38.6162 55.6154 1650400333431 1714437.0000 -0.1950
-8.9274 78.5134 -36.9374 46.0883 1650400333485 1714491.0000 -0.1950
-8.7914 76.5218 -35.3290 54.3423 1650400333539 1714545.0000 -0.1950
-8.9428 75.0684 -34.5087 41.7400 1650400333593 1714599.0000 -0.1950
-8.5784 75.4582 -33.1026 49.0856 1650400333647 1714653.0000 -0.1950
-8.7223 75.2787 -31.3011 60.2484 1650400333701 1714707.0000 -0.1950
-8.6133 75.5112 -30.6915 44.6399 1650400333755 1714761.0000 -0.1950
-8.8240 75.3810 -29.0574 53.8541 1650400333810 1714815.0000 -0.1950
-8.5116 75.3165 -29.1140 43.7707 1650400333864 1714869.0000 -0.1955
-8.6835 75.4987 -29.0031 41.9952 1650400333918 1714923.0000 -0.1950
-8.5270 75.6757 -29.1968 53.6593 1650400333970 1714977.0000 -0.1950
-8.5359 75.6577 -29.3074 55.3403 1650400334024 1715031.0000 -0.1950
-8.6333 75.5586 -29.4158 41.3095 1650400334078 1715085.0000 -0.1950
-8.3349 75.3322 -29.3516 46.9955 1650400334132 1715139.0000 -0.1955
-8.6303 75.5013 -29.3864 51.4721 1650400334187 1715193.0000 -0.1950
-8.3954 75.5098 -29.1311 56.2141 1650400334241 1715246.0000 -0.1950
-8.4983 75.7256 -29.2764 51.1551 1650400334295 1715300.0000 -0.1950
-8.4040 75.5504 -29.5119 47.2950 1650400334349 1715354.0000 -0.1955
-8.5667 75.5684 -29.5654 48.6133 1650400334403 1715408.0000 -0.1955
-8.4338 75.2230 -29.4702 55.9964 1650400334457 1715462.0000 -0.1950
-8.5189 75.3873 -29.2362 48.5407 1650400334511 1715516.0000 -0.1950
-8.5342 75.4009 -29.4691 48.1874 1650400334566 1715570.0000 -0.1950
-8.5762 75.1810 -29.4779 50.8662 1650400334618 1715624.0000 -0.1950
-8.5042 75.3690 -29.4335 52.5794 1650400334672 1715678.0000 -0.1950
-8.4237 75.4082 -29.5166 47.9611 1650400334726 1715732.0000 -0.1950
-8.5458 75.4029 -29.3021 48.6959 1650400334780 1715786.0000 -0.1950
-8.3916 75.5857 -29.3228 48.9290 1650400334834 1715840.0000 -0.1950
-8.3570 75.5330 -29.5798 49.2035 1650400334888 1715894.0000 -0.1955
-8.3860 75.4592 -29.6484 41.8443 1650400334943 1715948.0000 -0.1955
-8.4015 75.5108 -29.4936 52.1264 1650400334997 1716002.0000 -0.1950
-8.2976 75.1740 -29.7502 46.7796 1650400335051 1716056.0000 -0.1955
-8.3380 75.1352 -29.5188 48.8717 1650400335105 1716110.0000 -0.1955
-8.0903 75.3928 -29.5385 54.5025 1650400335159 1716164.0000 -0.1955
-8.7159 78.7014 -29.3707 60.7171 1650400335211 1716218.0000 -0.1955
-9.1119 79.0514 -30.2894 52.5969 1650400335265 1716272.0000 -0.1950
-8.9393 78.9018 -31.4715 46.5558 1650400335320 1716326.0000 -0.1955
-8.9961 79.0683 -33.0835 47.2885 1650400335374 1716380.0000 -0.1955
-8.8657 79.2808 -34.2099 58.5542 1650400335428 1716434.0000 -0.1960
-8.9123 79.0279 -35.4684 53.0768 1650400335482 1716488.0000 -0.1960
-9.0459 79.3038 -37.0502 52.1062 1650400335536 1716542.0000 -0.1955
-8.8386 79.5045 -38.2602 50.9096 1650400335590 1716595.0000 -0.1960
-8.9997 79.4606 -39.4571 43.0515 1650400335644 1716649.0000 -0.1960
-8.9305 79.5829 -40.6998 52.4099 1650400335699 1716703.0000 -0.1955
-8.7973 79.5948 -41.9008 37.9800 1650400335753 1716757.0000 -0.1957
-8.6848 79.4943 -43.0115 43.4888 1650400335807 1716811.0000 -0.1955
-8.5474 79.6434 -44.1983 45.0603 1650400335859 1716865.0000 -0.1955
-8.8510 79.6984 -45.2403 42.8641 1650400335913 1716919.0000 -0.1955
-8.5911 80.6486 -46.1656 47.9145 1650400335967 1716973.0000 -0.1960
-8.5362 80.4744 -47.3512 36.0689 1650400336021 1717027.0000 -0.1960
-8.8884 82.2175 -47.5882 51.3889 1650400336076 1717081.0000 -0.1960
-8.6924 81.9789 -48.6574 40.6884 1650400336130 1717135.0000 -0.1960
-8.9722 82.0393 -48.8626 42.4281 1650400336184 1717189.0000 -0.1965
-8.6653 80.6158 -50.0256 38.9890 1650400336238 1717243.0000 -0.1965
-8.7620 82.0142 -50.5093 44.7678 1650400336292 1717297.0000 -0.1960
-8.9682 80.2080 -50.8580 44.9541 1650400336346 1717351.0000 -0.1960
-8.8966 81.5858 -51.3624 39.7345 1650400336400 1717405.0000 -0.1960
-8.8491 81.7738 -51.2417 39.2253 1650400336453 1717459.0000 -0.1965
-8.8159 81.1974 -51.6864 37.8509 1650400336506 1717513.0000 -0.1969
-8.9253 80.8016 -51.6643 38.9294 1650400336561 1717567.0000 -0.1969
-8.8114 80.2811 -51.7752 47.8120 1650400336615 1717621.0000 -0.1969
-8.7078 79.4204 -51.5332 35.9973 1650400336669 1717675.0000 -0.1979
-8.5139 79.6244 -51.0590 38.6304 1650400336723 1717729.0000 -0.1979
-8.5249 79.4546 -50.6059 36.1139 1650400336777 1717783.0000 -0.1979
-8.6193 79.4114 -49.8969 41.8741 1650400336831 1717837.0000 -0.1979
-8.5979 79.0690 -49.5996 45.9704 1650400336886 1717891.0000 -0.1974
-8.6271 79.3458 -48.4844 46.7953 1650400336940 1717945.0000 -0.1974
-8.6443 79.1772 -47.8201 44.8584 1650400336994 1717998.0000 -0.1979
-8.6845 79.1919 -46.9220 46.2809 1650400337048 1718052.0000 -0.1984
-8.7892 79.1849 -45.9651 44.4387 1650400337100 1718106.0000 -0.1979
-8.7317 79.0554 -44.9890 43.3082 1650400337154 1718160.0000 -0.1979
-8.6718 75.2162 -43.8062 42.3168 1650400337208 1718214.0000 -0.1979
-8.6782 78.5106 -42.8254 41.8295 1650400337263 1718268.0000 -0.1984
-8.7704 78.5497 -41.4323 43.0150 1650400337317 1718322.0000 -0.1979
-8.7493 78.8852 -40.5713 41.0233 1650400337371 1718376.0000 -0.1979
-8.7750 78.5831 -39.1107 45.7304 1650400337425 1718430.0000 -0.1979
-8.7554 78.4274 -37.5919 52.2088 1650400337479 1718484.0000 -0.1979
-8.7792 77.9952 -36.3497 52.3262 1650400337533 1718538.0000 -0.1979
-8.8326 75.5787 -34.9695 43.4402 1650400337587 1718592.0000 -0.1979
-8.6846 75.2439 -33.7847 58.0570 1650400337642 1718646.0000 -0.1979
-8.8067 75.7733 -32.6885 50.0538 1650400337694 1718700.0000 -0.1979
-8.6465 77.6551 -31.1191 49.6274 1650400337748 1718754.0000 -0.1979
-8.9852 75.5131 -29.7175 52.1495 1650400337802 1718808.0000 -0.1979
-8.8178 75.2984 -28.9187 47.1702 1650400337856 1718862.0000 -0.1979
-8.5443 75.4566 -29.5225 42.2059 1650400337910 1718916.0000 -0.1979
-8.5352 75.7036 -29.3086 54.2721 1650400337964 1718970.0000 -0.1974
-8.4264 75.6773 -29.1848 51.9838 1650400338018 1719024.0000 -0.1974
-8.6577 75.5142 -29.2507 53.9391 1650400338073 1719078.0000 -0.1979
-8.3826 75.2068 -29.5123 49.8813 1650400338127 1719132.0000 -0.1979
-8.5214 75.4391 -29.0966 49.8535 1650400338181 1719186.0000 -0.1979
-8.4825 75.7418 -29.4569 48.0503 1650400338235 1719240.0000 -0.1974
-8.3141 75.9082 -29.2177 46.7457 1650400338287 1719294.0000 -0.1979
-8.5785 75.4950 -29.2947 47.8886 1650400338341 1719347.0000 -0.1974
-8.5133 75.6352 -29.6493 45.8201 1650400338395 1719401.0000 -0.1974
-8.2396 75.6468 -29.4323 51.3023 1650400338450 1719455.0000 -0.1974
-8.5137 75.8272 -29.6760 50.4471 1650400338504 1719509.0000 -0.1974
-8.4492 75.9148 -29.4552 43.1800 1650400338558 1719563.0000 -0.1974
-8.4862 75.8815 -29.5468 48.3170 1650400338612 1719617.0000 -0.1979
-8.1946 75.1847 -29.6797 45.7310 1650400338666 1719671.0000 -0.1979
-8.1972 75.3627 -29.8308 42.0651 1650400338720 1719725.0000 -0.1974
-8.3857 75.5091 -29.5559 55.4275 1650400338774 1719779.0000 -0.1974
-8.3877 75.5893 -29.6238 50.5757 1650400338829 1719833.0000 -0.1979
-8.4304 75.6444 -29.5091 41.1260 1650400338883 1719887.0000 -0.1979
-8.2674 75.5205 -29.5893 51.5655 1650400338935 1719941.0000 -0.1974
-8.1032 75.3426 -29.5146 42.7701 1650400338989 1719995.0000 -0.1974
-8.2700 75.3471 -29.6997 46.6344 1650400339043 1720049.0000 -0.1974
-8.4458 75.1609 -29.5930 38.7481 1650400339097 1720103.0000 -0.1974
-8.3587 75.2800 -29.9298 51.9985 1650400339151 1720157.0000 -0.1979
-8.3833 77.7386 -29.2379 54.5289 1650400339206 1720211.0000 -0.1979
-9.0719 78.9591 -29.2688 58.2116 1650400339260 1720265.0000 -0.1979
-8.9941 79.1505 -30.8741 58.3077 1650400339314 1720319.0000 -0.1979
-8.8201 79.0294 -32.1841 62.3414 1650400339368 1720373.0000 -0.1979
-8.9470 78.8913 -33.5044 60.0794 1650400339422 1720427.0000 -0.1979
-8.9405 76.5963 -34.9833 51.7636 1650400339476 1720481.0000 -0.1979
-8.8171 79.1428 -36.5033 48.6818 1650400339528 1720535.0000 -0.1974
-8.8620 79.1915 -37.5585 51.8416 1650400339582 1720589.0000 -0.1979
-8.9504 79.5046 -38.8205 44.5895 1650400339637 1720643.0000 -0.1974
-8.9103 79.6268 -40.1751 43.5368 1650400339691 1720696.0000 -0.1979
-8.9753 79.6637 -41.4584 45.6354 1650400339745 1720750.0000 -0.1979
-8.8068 79.5029 -42.5423 43.1794 1650400339799 1720804.0000 -0.1979
-8.9258 79.8064 -43.4719 56.4134 1650400339853 1720858.0000 -0.1979
-8.6778 79.8068 -44.6821 40.9212 1650400339907 1720912.0000 -0.1979
-8.7598 79.8798 -45.7792 37.1142 1650400339961 1720966.0000 -0.1984
-8.6356 79.9746 -46.7966 39.4260 1650400340016 1721020.0000 -0.1979
-8.4376 79.9800 -47.8987 38.2376 1650400340070 1721074.0000 -0.1979
-8.7721 80.2240 -48.3065 45.8694 1650400340124 1721128.0000 -0.1979
-8.6231 81.4279 -49.0472 43.7593 1650400340176 1721182.0000 -0.1974
-8.5752 81.8363 -49.7792 43.0915 1650400340230 1721236.0000 -0.1979
-8.7507 81.9274 -50.1770 35.6928 1650400340284 1721290.0000 -0.1979
-8.8181 80.1692 -50.8738 35.0787 1650400340338 1721344.0000 -0.1979
-8.8444 79.6978 -51.1887 44.6017 1650400340393 1721398.0000 -0.1979
-8.9350 81.4957 -51.4424 44.4884 1650400340447 1721452.0000 -0.1984
-9.0151 81.6743 -51.5115 42.0056 1650400340501 1721506.0000 -0.1979
-8.9995 81.5934 -51.5343 41.4010 1650400340555 1721560.0000 -0.1979
-8.9495 80.9936 -51.6296 44.4392 1650400340609 1721614.0000 -0.1979
-8.8055 80.1996 -51.6174 46.5151 1650400340663 1721668.0000 -0.1979
-8.5910 79.8606 -51.5327 34.1300 1650400340717 1721722.0000 -0.1979
-8.6005 79.6207 -51.1005 46.3075 1650400340770 1721776.0000 -0.1984
-8.5930 79.5003 -50.3981 46.0128 1650400340824 1721830.0000 -0.1984
-8.6185 79.2559 -49.6856 45.8197 1650400340878 1721884.0000 -0.1979
-8.6530 79.0695 -49.0478 45.4118 1650400340932 1721938.0000 -0.1979
-8.7164 79.0176 -48.3139 48.8890 1650400340986 1721992.0000 -0.1984
-8.5753 79.0780 -47.5971 39.3606 1650400341040 1722045.0000 -0.1979
-8.7209 78.9184 -46.5661 52.8669 1650400341094 1722099.0000 -0.1979
-8.6474 79.0102 -45.5523 47.2423 1650400341149 1722153.0000 -0.1979
-8.8297 78.8227 -44.5108 43.6782 1650400341203 1722207.0000 -0.1979
-8.8019 78.2683 -43.5125 54.5723 1650400341257 1722261.0000 -0.1979
-8.8558 78.0196 -42.2980 42.2792 1650400341311 1722315.0000 -0.1984
-8.8125 78.6880 -40.8680 50.5350 1650400341365 1722369.0000 -0.1984
-8.7045 78.6621 -40.0163 43.9512 1650400341417 1722423.0000 -0.1979
-8.8291 78.8583 -38.3734 48.0737 1650400341471 1722477.0000 -0.1979
-8.9343 75.3568 -36.9049 54.5937 1650400341526 1722531.0000 -0.1979
-8.8276 78.1959 -35.8133 55.9712 1650400341580 1722585.0000 -0.1979
-8.9939 75.4670 -34.3692 47.0560 1650400341634 1722639.0000 -0.1974
-8.7490 75.8841 -33.0578 43.9593 1650400341688 1722693.0000 -0.1974
-8.8246 75.7682 -31.7360 45.5493 1650400341742 1722747.0000 -0.1974
-8.6427 76.0132 -30.3515 50.9182 1650400341796 1722801.0000 -0.1979
-8.8588 75.3016 -29.4164 54.9515 1650400341850 1722855.0000 -0.1979
-8.6789 75.3279 -29.0650 52.0236 1650400341904 1722909.0000 -0.1979
-8.5519 75.3462 -29.0807 51.6228 1650400341959 1722963.0000 -0.1979
-8.5086 75.4494 -29.4515 46.1385 1650400342011 1723017.0000 -0.1979
-8.4701 75.3496 -29.4322 40.3832 1650400342065 1723071.0000 -0.1979
-8.5355 75.1866 -29.4404 53.8161 1650400342119 1723125.0000 -0.1979
-8.5399 75.2630 -29.4803 49.9408 1650400342173 1723179.0000 -0.1979
-8.3487 75.2451 -29.6712 51.1382 1650400342227 1723233.0000 -0.1974
-8.3608 75.7084 -29.4065 52.0339 1650400342281 1723287.0000 -0.1974
-8.6715 75.5174 -29.5276 49.4560 1650400342336 1723341.0000 -0.1979
-8.6448 75.6366 -29.5150 45.9046 1650400342390 1723394.0000 -0.1979
-8.6045 75.7020 -29.6406 45.3930 1650400342444 1723448.0000 -0.1979
-8.5820 75.7301 -29.6861 45.1828 1650400342498 1723502.0000 -0.1974
-8.6237 75.9749 -29.6653 50.7509 1650400342552 1723556.0000 -0.1979
-8.5682 75.6181 -29.5512 47.6521 1650400342606 1723610.0000 -0.1979
-8.4728 75.8146 -29.6361 55.7776 1650400342658 1723664.0000 -0.1979
-8.3533 75.3999 -29.7112 46.2527 1650400342713 1723718.0000 -0.1979
-8.4463 75.5084 -29.6571 41.4722 1650400342767 1723772.0000 -0.1974
-8.5377 75.6638 -29.5190 46.8757 1650400342821 1723826.0000 -0.1974
-8.5306 75.6445 -29.6815 41.9750 1650400342875 1723880.0000 -0.1974
-8.5080 75.4613 -29.5740 36.5388 1650400342929 1723934.0000 -0.1979
-8.3629 75.6678 -29.4658 48.5422 1650400342983 1723988.0000 -0.1979
-8.3391 76.0583 -29.6165 51.2258 1650400343037 1724042.0000 -0.1974
-8.4447 75.9108 -29.4482 48.6478 1650400343092 1724096.0000 -0.1979
-8.4261 75.7411 -29.3899 46.0728 1650400343146 1724150.0000 -0.1984
-8.6273 75.9031 -29.6704 53.9751 1650400343200 1724204.0000 -0.1979
-8.6742 78.5646 -29.5036 53.9482 1650400343252 1724258.0000 -0.1979
-9.1166 79.0656 -30.0561 47.9196 1650400343306 1724312.0000 -0.1974
-9.2267 79.2508 -31.5833 50.7156 1650400343360 1724366.0000 -0.1979
-9.0122 79.0700 -32.7437 52.2043 1650400343414 1724420.0000 -0.1979
-8.8987 79.0992 -34.2610 44.0486 1650400343468 1724474.0000 -0.1979
-8.9399 79.1478 -35.5546 57.1883 1650400343523 1724528.0000 -0.1979
-8.9759 79.4631 -36.8558 51.1840 1650400343577 1724582.0000 -0.1974
-8.9374 79.3006 -38.1942 43.7897 1650400343631 1724636.0000 -0.1979
-8.8453 79.3832 -39.4479 50.4915 1650400343685 1724690.0000 -0.1979
-8.9596 79.6075 -40.7494 42.6697 1650400343739 1724743.0000 -0.1979
-8.6867 79.6118 -41.9163 42.4536 1650400343793 1724797.0000 -0.1974
-8.8423 79.7937 -42.9747 50.3815 1650400343845 1724851.0000 -0.1974
-8.9260 79.5784 -44.0168 48.1501 1650400343900 1724905.0000 -0.1974
-8.8249 79.9489 -45.3730 38.9298 1650400343954 1724959.0000 -0.1974
-8.7471 79.5894 -46.4870 46.3660 1650400344008 1725013.0000 -0.1979
-8.7102 79.9181 -47.1781 44.0931 1650400344062 1725067.0000 -0.1979
-8.7424 80.2315 -48.1956 44.3535 1650400344116 1725121.0000 -0.1974
-8.6833 81.2074 -48.5472 43.6906 1650400344170 1725175.0000 -0.1974
-8.6940 80.1347 -49.1758 49.1558 1650400344224 1725229.0000 -0.1979
-8.7777 80.6962 -50.1456 42.5452 1650400344279 1725283.0000 -0.1974
-8.7756 81.5755 -50.6720 31.1165 1650400344333 1725337.0000 -0.1974
-8.8316 81.7622 -51.1542 46.4859 1650400344387 1725391.0000 -0.1974
-8.7565 81.8633 -51.4162 40.3604 1650400344441 1725445.0000 -0.1974
-8.9189 80.3973 -51.5919 42.5339 1650400344493 1725499.0000 -0.1979
-8.8857 81.5406 -51.5327 39.6181 1650400344547 1725553.0000 -0.1979
-8.9464 81.5589 -51.6660 42.8866 1650400344601 1725607.0000 -0.1979
-8.8622 79.9689 -51.5455 45.3307 1650400344656 1725661.0000 -0.1974
-8.6191 79.4957 -51.5213 39.4841 1650400344710 1725715.0000 -0.1979
-8.6609 79.7431 -51.3488 42.1921 1650400344764 1725769.0000 -0.1979
-8.4487 79.5376 -50.6187 40.9839 1650400344818 1725823.0000 -0.1979
-8.5707 79.2493 -49.8793 37.3127 1650400344872 1725877.0000 -0.1974
-8.6656 79.1320 -49.3320 55.8918 1650400344926 1725931.0000 -0.1974
-8.5341 79.3245 -48.7491 47.7145 1650400344980 1725985.0000 -0.1974
-8.6963 78.8265 -47.8383 40.4646 1650400345035 1726039.0000 -0.1974
-8.7169 79.1372 -47.0088 36.7211 1650400345087 1726092.0000 -0.1979
-8.6249 79.2042 -46.1762 47.9559 1650400345141 1726146.0000 -0.1979
-8.7543 78.7009 -45.0566 46.3674 1650400345195 1726200.0000 -0.1974
-8.7162 78.6747 -43.9206 47.9497 1650400345249 1726254.0000 -0.1979
-8.6051 78.6344 -42.8698 43.6279 1650400345303 1726308.0000 -0.1979
-8.7992 78.9627 -41.5935 48.7652 1650400345357 1726362.0000 -0.1979
-8.7672 78.4922 -40.4805 52.0058 1650400345412 1726416.0000 -0.1974
-9.0073 78.6309 -38.8517 49.2605 1650400345466 1726470.0000 -0.1974
-8.8636 78.0039 -37.6853 51.2469 1650400345520 1726524.0000 -0.1974
-8.9102 76.9008 -36.4190 52.4726 1650400345574 1726578.0000 -0.1974
-8.8057 75.5653 -35.0973 49.8996 1650400345628 1726632.0000 -0.1979
-8.9390 75.4462 -33.7507 47.1822 1650400345682 1726686.0000 -0.1974
-8.5999 76.9149 -32.3631 50.1471 1650400345734 1726740.0000 -0.1974
-8.7969 75.6873 -31.2394 50.7200 1650400345788 1726794.0000 -0.1979
-8.6347 75.5426 -29.6807 52.1170 1650400345843 1726848.0000 -0.1979
-8.7135 75.3123 -28.6849 45.0181 1650400345897 1726902.0000 -0.1974
-8.7066 75.3666 -29.0170 45.1237 1650400345951 1726956.0000 -0.1974
-8.5494 75.5659 -29.2234 54.5803 1650400346005 1727010.0000 -0.1974
-8.5675 75.5756 -29.0768 59.3746 1650400346059 1727064.0000 -0.1974
-8.5560 75.4538 -29.3248 47.4258 1650400346113 1727118.0000 -0.1979
-8.4972 75.2759 -29.6819 49.8707 1650400346168 1727172.0000 -0.1979
-8.6195 75.3102 -29.4220 50.1243 1650400346222 1727226.0000 -0.1979
-8.4081 75.4804 -29.4645 48.2618 1650400346276 1727280.0000 -0.1974
-8.5934 75.5504 -29.4009 48.3931 1650400346328 1727334.0000 -0.1974
-8.7429 75.5306 -29.3032 51.8844 1650400346382 1727388.0000 -0.1979
-8.6038 75.4809 -29.4370 47.3943 1650400346436 1727442.0000 -0.1979
-8.4352 75.3187 -29.5904 48.8953 1650400346490 1727495.0000 -0.1974
-8.5863 75.5406 -29.6476 37.7169 1650400346544 1727549.0000 -0.1974
-8.6518 75.6066 -29.6290 34.6181 1650400346599 1727603.0000 -0.1974
-8.5062 75.3885 -29.5459 46.7078 1650400346653 1727657.0000 -0.1974
-8.5142 75.4061 -29.8219 52.7402 1650400346707 1727711.0000 -0.1974
-8.4352 75.5525 -29.7448 53.7397 1650400346761 1727765.0000 -0.1974
-8.4797 75.6197 -29.7245 51.9660 1650400346815 1727819.0000 -0.1974
-8.5484 75.6695 -29.7597 46.4091 1650400346869 1727873.0000 -0.1979
-8.4482 75.5007 -29.5560 48.4048 1650400346923 1727927.0000 -0.1979
-8.3185 76.0659 -29.5491 51.1307 1650400346976 1727981.0000 -0.1979
-8.4202 76.0206 -29.6579 45.9479 1650400347030 1728035.0000 -0.1974
-8.5195 76.3320 -29.5566 43.6493 1650400347084 1728089.0000 -0.1974
-8.4268 75.5152 -29.3909 41.1303 1650400347138 1728143.0000 -0.1974
-8.6368 75.4155 -29.5591 51.4552 1650400347192 1728197.0000 -0.1979
-8.5562 77.7573 -29.3976 54.2397 1650400347246 1728251.0000 -0.1979
-9.2075 78.5665 -29.2042 74.4620 1650400347300 1728305.0000 -0.1974
-9.0568 79.3018 -30.8258 49.7512 1650400347354 1728359.0000 -0.1974
-9.1795 78.9570 -32.0283 50.8711 1650400347409 1728413.0000 -0.1979
-9.0858 79.0225 -33.5429 48.0787 1650400347463 1728467.0000 -0.1979
-8.9230 79.0909 -34.7824 56.8622 1650400347517 1728521.0000 -0.1979
-9.0294 79.2480 -36.2334 53.7964 1650400347569 1728575.0000 -0.1974
-9.0035 79.0542 -37.4960 49.6594 1650400347623 1728629.0000 -0.1974
-8.9556 79.6214 -38.8164 35.0087 1650400347677 1728683.0000 -0.1974
-9.0154 79.4629 -39.8403 41.9598 1650400347731 1728737.0000 -0.1979
-8.9073 79.7748 -41.3953 55.2723 1650400347786 1728791.0000 -0.1979
-8.7342 79.8187 -42.5463 42.6633 1650400347840 1728844.0000 -0.1979
-8.7779 79.7767 -43.5884 46.7474 1650400347894 1728898.0000 -0.1979
-8.7790 79.5861 -44.5545 41.2787 1650400347948 1728952.0000 -0.1979
-8.8927 79.9389 -45.6608 39.0704 1650400348002 1729006.0000 -0.1979
-8.7192 79.8377 -46.7848 41.7293 1650400348056 1729060.0000 -0.1979
-8.5229 79.8681 -47.5159 49.4483 1650400348111 1729114.0000 -0.1974
-8.7005 80.1831 -48.3805 46.8843 1650400348165 1729168.0000 -0.1974
-8.7927 81.9761 -49.0025 40.0789 1650400348217 1729222.0000 -0.1974
-8.9051 81.2687 -50.1109 47.4455 1650400348271 1729276.0000 -0.1979
-8.7734 81.9239 -50.6030 31.2725 1650400348325 1729330.0000 -0.1979
-8.8314 81.7169 -50.7368 40.7847 1650400348379 1729384.0000 -0.1974
-8.7932 81.8866 -51.4909 54.2801 1650400348433 1729438.0000 -0.1974
-8.9978 80.5559 -51.4851 52.0025 1650400348487 1729492.0000 -0.1974
-9.0236 80.9498 -51.4651 45.5623 1650400348542 1729546.0000 -0.1974
-9.0639 81.1440 -51.8145 40.9021 1650400348596 1729600.0000 -0.1969
-9.1174 80.4954 -51.6160 43.3726 1650400348650 1729654.0000 -0.1969
-8.8067 79.8384 -51.5191 35.9045 1650400348704 1729708.0000 -0.1974
-8.7616 79.8827 -51.3032 38.3114 1650400348758 1729762.0000 -0.1969
-8.5937 79.6191 -50.8788 41.8008 1650400348810 1729816.0000 -0.1974
-8.4932 79.4862 -50.3555 43.4596 1650400348864 1729870.0000 -0.1974
-8.5554 79.5571 -49.6555 59.0220 1650400348919 1729924.0000 -0.1969
-8.5715 79.3343 -49.1865 44.2088 1650400348973 1729978.0000 -0.1974
-8.6484 79.1095 -48.1477 52.5449 1650400349027 1730032.0000 -0.1974
-8.6554 79.1094 -47.5889 46.2544 1650400349081 1730086.0000 -0.1974
-8.7096 79.2801 -46.3313 42.1678 1650400349135 1730140.0000 -0.1974
-8.7212 79.0543 -45.6986 45.6057 1650400349189 1730193.0000 -0.1974
-8.6707 78.8399 -44.6101 38.8556 1650400349243 1730247.0000 -0.1969
-8.7988 78.4554 -43.2057 62.3894 1650400349297 1730301.0000 -0.1969
-8.7997 78.8989 -42.4184 46.9308 1650400349352 1730355.0000 -0.1974
-8.8521 79.2006 -41.1946 46.3447 1650400349404 1730409.0000 -0.1974
-8.7462 78.7198 -39.8544 51.2055 1650400349458 1730463.0000 -0.1974
-8.7742 78.5628 -38.4950 43.5926 1650400349512 1730517.0000 -0.1969
-8.6998 78.2917 -37.2157 49.7023 1650400349566 1730571.0000 -0.1974
-8.7380 76.8838 -35.7026 56.0812 1650400349620 1730625.0000 -0.1974
-8.7012 77.6736 -34.4180 50.5023 1650400349674 1730679.0000 -0.1969
-8.7120 75.6741 -33.1453 57.2323 1650400349729 1730733.0000 -0.1969
-8.6675 75.8510 -31.7485 49.2731 1650400349783 1730787.0000 -0.1969
-8.7218 75.4910 -30.8119 55.4392 1650400349837 1730841.0000 -0.1969
-8.5628 75.7137 -29.2447 46.2285 1650400349891 1730895.0000 -0.1974
-8.4655 75.4729 -28.7348 44.5619 1650400349945 1730949.0000 -0.1974
-8.7196 75.5444 -29.1870 57.3725 1650400349999 1731003.0000 -0.1969
-8.4476 75.5438 -29.2482 52.9794 1650400350051 1731057.0000 -0.1969
-8.4740 75.4611 -29.1543 40.3821 1650400350106 1731111.0000 -0.1974
-8.4553 75.3505 -29.2262 58.7912 1650400350160 1731165.0000 -0.1974
-8.5030 75.3663 -29.3992 51.6622 1650400350214 1731219.0000 -0.1974
-8.3508 75.5354 -29.5333 43.5652 1650400350268 1731273.0000 -0.1969
-8.4398 75.5633 -29.5375 43.2242 1650400350322 1731327.0000 -0.1969
-8.4607 75.7357 -29.3554 44.9948 1650400350378 1731381.0000 -0.1969
-8.6673 75.4950 -29.6191 51.9457 1650400350430 1731435.0000 -0.1974
-8.4358 75.3968 -29.8677 41.6463 1650400350485 1731489.0000 -0.1974
-8.5189 75.5154 -29.6265 50.2874 1650400350539 1731542.0000 -0.1969
-8.5585 75.6918 -29.6332 47.3537 1650400350593 1731596.0000 -0.1969
-8.4631 75.2490 -29.6856 48.2704 1650400350645 1731650.0000 -0.1969
-8.5786 75.4362 -29.5603 51.2941 1650400350699 1731704.0000 -0.1969
-8.5357 75.4482 -29.9753 46.9245 1650400350753 1731758.0000 -0.1969
-8.5522 75.7522 -29.7875 47.3633 1650400350807 1731812.0000 -0.1969
-8.6488 75.5749 -29.5874 36.5990 1650400350862 1731866.0000 -0.1969
-8.4715 75.4211 -29.5896 47.0949 1650400350916 1731920.0000 -0.1969
-8.4044 75.3809 -29.6878 41.0635 1650400350970 1731974.0000 -0.1974
-8.3814 75.5529 -29.6667 50.6101 1650400351024 1732028.0000 -0.1974
-8.5519 75.6509 -29.6330 54.8533 1650400351078 1732082.0000 -0.1969
-8.3400 75.5645 -29.6886 42.7029 1650400351132 1732136.0000 -0.1974
-8.5244 75.5409 -29.5170 59.5435 1650400351186 1732190.0000 -0.1974
-8.5040 75.3922 -29.6514 49.6782 1650400351241 1732244.0000 -0.1974
-8.7423 78.2370 -29.3232 70.3046 1650400351293 1732298.0000 -0.1969
-9.0686 78.9684 -30.0455 63.4687 1650400351347 1732352.0000 -0.1969
-9.1521 79.2872 -31.3263 53.6298 1650400351401 1732406.0000 -0.1969
-9.0484 79.0200 -33.0136 60.4004 1650400351455 1732460.0000 -0.1969
-8.9374 78.8896 -34.1660 51.3143 1650400351509 1732514.0000 -0.1974
-9.1194 79.0275 -35.3945 54.3063 1650400351563 1732568.0000 -0.1974
-8.8497 79.1348 -36.7508 55.0584 1650400351617 1732622.0000 -0.1969
-8.9161 79.4656 -37.9373 38.2964 1650400351672 1732676.0000 -0.1969
-8.8785 79.7226 -39.2644 41.8056 1650400351726 1732730.0000 -0.1969
-8.8387 79.6160 -40.5628 38.2277 1650400351780 1732784.0000 -0.1965
-8.7592 79.8067 -41.7901 37.8541 1650400351834 1732838.0000 -0.1965
-8.8678 79.7242 -43.0548 40.8214 1650400351886 1732891.0000 -0.1965
-8.7872 79.5856 -44.0815 49.2610 1650400351940 1732945.0000 -0.1965
-8.6493 79.6841 -45.4416 54.2714 1650400351994 1732999.0000 -0.1965
-8.9109 80.0798 -46.1274 51.4880 1650400352049 1733053.0000 -0.1969
-8.7162 80.1457 -46.9362 44.8832 1650400352103 1733107.0000 -0.1969
-8.7994 81.8784 -48.0786 42.0537 1650400352157 1733161.0000 -0.1965
-8.7289 79.8801 -48.7538 48.5331 1650400352211 1733215.0000 -0.1969
-8.7534 81.7506 -49.5407 44.3125 1650400352265 1733269.0000 -0.1969
-8.6558 81.0276 -50.2023 39.4467 1650400352319 1733323.0000 -0.1969
-8.6464 81.7229 -50.6628 41.3527 1650400352373 1733377.0000 -0.1965
-8.7438 82.2461 -51.0638 51.9818 1650400352428 1733431.0000 -0.1965
-8.7645 81.5904 -51.4948 30.4827 1650400352480 1733485.0000 -0.1965
-8.9859 81.4417 -51.4661 39.0346 1650400352534 1733539.0000 -0.1965
-9.0523 81.8409 -51.5434 40.0571 1650400352588 1733593.0000 -0.1969
-9.1575 81.2536 -51.6453 39.5973 1650400352642 1733647.0000 -0.1969
-9.0914 80.9494 -51.8400 35.9986 1650400352696 1733701.0000 -0.1965
-8.7924 81.8044 -51.5541 43.1583 1650400352750 1733755.0000 -0.1969
-8.6874 79.7621 -51.0809 40.4686 1650400352805 1733809.0000 -0.1969
-8.5965 79.6338 -50.3854 46.5821 1650400352859 1733863.0000 -0.1969
-8.6255 79.3525 -50.1686 47.8285 1650400352913 1733917.0000 -0.1965
-8.6703 79.4394 -49.3188 37.3103 1650400352967 1733971.0000 -0.1960
