-2.5061 36.5531 -26.4527 0.0000 1650400541107 1922122.2500 -0.1960
-6.2276 35.5146 -21.6909 0.0000 1650400541136 1922151.0000 -0.1960
-6.0853 35.8046 -23.6736 0.0000 1650400541165 1922180.0000 -0.1960
-4.2134 33.2581 -22.6296 0.0000 1650400541194 1922209.0000 -0.1960
-4.4920 35.7701 -24.1094 0.0000 1650400541223 1922237.7500 -0.1960
-5.3463 30.8974 -26.5219 0.0000 1650400541252 1922271.2500 -0.1960
-5.0586 35.0789 -24.5160 0.0000 1650400541280 1922295.5000 -0.1955
-4.5250 34.2508 -23.2496 0.0000 1650400541310 1922324.7500 -0.1955
-5.3913 34.2668 -21.2088 0.0000 1650400541339 1922353.7500 -0.1955
-3.2347 34.2853 -23.6274 0.0000 1650400541368 1922382.7500 -0.1955
-5.8760 33.0854 -21.3921 0.0000 1650400541397 1922411.7500 -0.1955
-3.5050 35.0923 -21.9289 0.0000 1650400541426 1922440.7500 -0.1955
-3.6893 31.7913 -23.1771 0.0000 1650400541455 1922469.7500 -0.1955
-5.5952 32.1983 -21.7156 0.0000 1650400541484 1922499.7500 -0.1955
-3.6537 32.6816 -20.2209 0.0000 1650400541513 1922530.5000 -0.1960
-4.3713 33.4499 -20.4691 0.0000 1650400541542 1922556.7500 -0.1960
-4.0885 32.4082 -21.5050 0.0000 1650400541571 1922588.7500 -0.1957
-6.4421 31.8119 -23.3802 0.0000 1650400541599 1922614.5000 -0.1955
-4.9714 33.2711 -22.1091 0.0000 1650400541629 1922643.7500 -0.1956
-4.4029 30.6055 -22.1546 0.0000 1650400541657 1922672.7500 -0.1960
-6.4884 33.2707 -21.7652 0.0000 1650400541686 1922701.7500 -0.1957
-1.1260 31.2563 -22.8496 0.0000 1650400541715 1922730.7500 -0.1955
-3.3660 31.9723 -21.6118 0.0000 1650400541745 1922759.7500 -0.1955
-2.4963 32.7588 -21.3009 0.0000 1650400541774 1922788.7500 -0.1955
-7.9630 30.7400 -21.0971 0.0000 1650400541803 1922817.7500 -0.1955
-6.6170 33.1835 -21.4793 0.0000 1650400541832 1922846.5000 -0.1960
-4.7059 31.8697 -18.0800 0.0000 1650400541861 1922875.5000 -0.1960
-2.9560 32.7803 -21.3049 0.0000 1650400541890 1922904.2500 -0.1955
-4.4737 33.0100 -22.0676 0.0000 1650400541918 1922933.2500 -0.1955
-4.4228 32.6647 -19.8406 0.0000 1650400541947 1922962.2500 -0.1955
-2.9604 33.5228 -21.4359 0.0000 1650400541976 1922991.2500 -0.1955
-3.4248 30.1699 -20.1983 0.0000 1650400542005 1923020.0000 -0.1955
-4.3972 33.1795 -21.3996 0.0000 1650400542034 1923052.0000 -0.1955
-6.0834 29.2787 -20.8783 0.0000 1650400542063 1923078.2500 -0.1955
-7.3131 30.1987 -21.2432 0.0000 1650400542092 1923107.2500 -0.1955
-4.9207 33.4129 -21.2137 0.0000 1650400542122 1923136.2500 -0.1955
-4.7752 31.1553 -21.7678 0.0000 1650400542151 1923165.2500 -0.1955
-6.0011 33.2049 -19.7647 0.0000 1650400542179 1923194.2500 -0.1955
-6.4614 31.9721 -23.0203 0.0000 1650400542209 1923223.2500 -0.1955
-5.4077 33.3087 -22.4085 0.0000 1650400542237 1923252.0000 -0.1955
-4.1746 31.6286 -20.3383 0.0000 1650400542266 1923283.5000 -0.1955
-5.8381 29.3260 -20.9353 0.0000 1650400542295 1923309.7500 -0.1955
-3.8969 33.5852 -20.2106 0.0000 1650400542324 1923339.0000 -0.1955
-4.6824 32.3637 -20.8103 0.0000 1650400542353 1923369.0000 -0.1955
-1.1432 33.0172 -22.2259 0.0000 1650400542382 1923396.7500 -0.1955
-6.2598 31.5115 -20.1970 0.0000 1650400542411 1923425.7500 -0.1955
-6.2567 30.9701 -19.7170 0.0000 1650400542440 1923454.7500 -0.1955
-2.8671 31.0544 -17.4032 0.0000 1650400542469 1923483.7500 -0.1957
-3.7559 29.2419 -20.9885 0.0000 1650400542498 1923512.7500 -0.1960
-2.7657 29.7581 -20.1065 0.0000 1650400542527 1923541.7500 -0.1960
-5.8208 30.5406 -21.6153 0.0000 1650400542556 1923570.7500 -0.1960
-2.9051 32.5948 -22.2467 0.0000 1650400542585 1923599.7500 -0.1960
-4.5653 29.0079 -20.0000 0.0000 1650400542614 1923628.7500 -0.1960
-4.0318 31.3471 -18.7955 0.0000 1650400542643 1923657.7500 -0.1960
-3.3134 31.0565 -19.3117 0.0000 1650400542672 1923686.7500 -0.1960
-3.8724 32.1040 -21.0420 0.0000 1650400542701 1923715.7500 -0.1960
-3.1008 32.0356 -19.8373 0.0000 1650400542730 1923744.7500 -0.1960
-4.1687 33.3031 -19.1102 0.0000 1650400542758 1923773.7500 -0.1960
-4.1030 34.7335 -22.8547 0.0000 1650400542788 1923805.2500 -0.1960
-5.9873 30.3263 -23.1875 0.0000 1650400542816 1923831.2500 -0.1960
-4.1926 31.3870 -20.5698 0.0000 1650400542845 1923860.7500 -0.1955
-4.5978 30.7719 -21.2619 0.0000 1650400542874 1923889.7500 -0.1955
-6.1984 34.0904 -19.0529 0.0000 1650400542904 1923918.7500 -0.1955
-4.8638 31.3268 -22.8755 0.0000 1650400542933 1923947.5000 -0.1955
-4.7620 31.8793 -18.8518 0.0000 1650400542962 1923976.5000 -0.1950
-4.1869 34.2512 -18.7508 0.0000 1650400542991 1924005.5000 -0.1950
-3.5352 32.9761 -21.3601 0.0000 1650400543020 1924035.7500 -0.1950
-3.7836 30.0943 -23.0029 0.0000 1650400543049 1924065.7500 -0.1950
-4.7787 31.4710 -17.8008 0.0000 1650400543077 1924092.2500 -0.1950
-5.9274 30.2687 -19.4041 0.0000 1650400543107 1924121.2500 -0.1950
-2.8541 29.4264 -21.2567 0.0000 1650400543135 1924150.0000 -0.1950
-6.6656 31.2213 -17.6032 0.0000 1650400543164 1924179.2500 -0.1950
-5.4643 31.3951 -19.6771 0.0000 1650400543193 1924208.2500 -0.1955
-5.2864 32.4109 -20.5780 0.0000 1650400543222 1924237.2500 -0.1955
-5.9979 33.2304 -20.0625 0.0000 1650400543251 1924266.2500 -0.1955
-5.6840 30.1102 -20.8577 0.0000 1650400543281 1924295.2500 -0.1955
-3.4788 33.8032 -19.7183 0.0000 1650400543310 1924324.2500 -0.1957
-4.9160 31.5539 -20.6116 0.0000 1650400543338 1924353.2500 -0.1960
-7.8307 31.2693 -21.4813 0.0000 1650400543368 1924382.0000 -0.1960
-4.9963 32.7429 -20.9108 0.0000 1650400543396 1924411.0000 -0.1960
-4.7696 30.5725 -22.8990 0.0000 1650400543425 1924440.0000 -0.1960
-5.2447 29.7212 -20.6739 0.0000 1650400543454 1924468.7500 -0.1960
-3.5597 32.5943 -20.3533 0.0000 1650400543483 1924497.7500 -0.1960
-5.8263 31.0239 -19.5649 0.0000 1650400543512 1924526.7500 -0.1960
-4.4849 32.5896 -21.9880 0.0000 1650400543541 1924557.2500 -0.1960
-4.3362 31.9060 -22.4483 0.0000 1650400543570 1924584.2500 -0.1960
-5.9182 33.2735 -21.6378 0.0000 1650400543599 1924613.7500 -0.1960
-5.8330 30.1788 -18.7422 0.0000 1650400543628 1924642.7500 -0.1960
-2.8902 33.0333 -18.3341 0.0000 1650400543657 1924671.7500 -0.1960
-4.8133 31.3284 -19.9865 0.0000 1650400543687 1924700.7500 -0.1960
-6.0971 33.4374 -22.1038 0.0000 1650400543715 1924729.7500 -0.1960
-2.9551 35.8641 -20.9381 0.0000 1650400543744 1924758.7500 -0.1960
-5.8474 33.6382 -18.7544 0.0000 1650400543773 1924787.7500 -0.1960
-4.6191 32.7150 -20.1531 0.0000 1650400543802 1924819.5000 -0.1955
-8.4453 31.8327 -17.1287 0.0000 1650400543831 1924847.0000 -0.1955
-4.4259 31.9003 -19.8889 0.0000 1650400543860 1924874.7500 -0.1955
-3.5868 31.9415 -15.9501 0.0000 1650400543889 1924904.7500 -0.1955
-4.6709 30.1528 -17.4912 0.0000 1650400543918 1924932.7500 -0.1955
-2.7209 31.3585 -18.0787 0.0000 1650400543947 1924961.7500 -0.1955
-4.2276 32.3162 -17.2506 0.0000 1650400543975 1924990.7500 -0.1955
-3.8735 32.0078 -17.1676 0.0000 1650400544004 1925019.7500 -0.1955
-4.1894 30.5236 -18.2855 0.0000 1650400544033 1925048.5000 -0.1955
-4.4540 29.5760 -17.4357 0.0000 1650400544063 1925077.5000 -0.1955
-5.0590 25.6954 -17.2756 0.0000 1650400544092 1925106.5000 -0.1955
-7.1509 27.8962 -19.5208 0.0000 1650400544121 1925135.2500 -0.1955
-5.1079 29.3606 -17.7039 0.0000 1650400544150 1925164.2500 -0.1955
-6.4946 29.6259 -16.5477 0.0000 1650400544179 1925193.2500 -0.1955
-4.2584 30.7473 -15.1095 0.0000 1650400544208 1925222.2500 -0.1960
-5.3466 29.4747 -17.1472 0.0000 1650400544236 1925251.2500 -0.1960
-3.2128 30.2247 -15.3729 0.0000 1650400544266 1925280.2500 -0.1960
-4.5645 28.2292 -15.6209 0.0000 1650400544294 1925309.2500 -0.1960
-3.1481 30.0294 -17.4526 0.0000 1650400544323 1925339.5000 -0.1960
-2.6243 29.1554 -16.0599 0.0000 1650400544352 1925368.2500 -0.1960
-4.9278 30.2382 -18.5456 0.0000 1650400544381 1925396.2500 -0.1960
-4.6308 32.1523 -17.3903 0.0000 1650400544410 1925425.2500 -0.1960
-2.5521 29.7711 -17.0063 0.0000 1650400544439 1925454.2500 -0.1960
-3.3738 30.3268 -17.2734 0.0000 1650400544469 1925483.0000 -0.1960
-4.0761 32.7647 -18.7294 0.0000 1650400544498 1925512.0000 -0.1960
-4.9312 31.6425 -17.3871 0.0000 1650400544527 1925541.0000 -0.1960
-5.9526 28.3410 -17.7553 0.0000 1650400544555 1925570.0000 -0.1960
-5.3355 29.0641 -17.2240 0.0000 1650400544584 1925600.0000 -0.1955
-4.5927 31.5184 -17.3593 0.0000 1650400544613 1925627.7500 -0.1955
-2.5147 29.8627 -18.1691 0.0000 1650400544642 1925658.2500 -0.1955
-5.1643 33.2789 -17.2703 0.0000 1650400544671 1925687.0000 -0.1955
-3.5820 30.6819 -18.7449 0.0000 1650400544700 1925714.7500 -0.1955
-3.9817 30.9401 -19.2297 0.0000 1650400544729 1925743.7500 -0.1955
-3.8609 29.9108 -16.7421 0.0000 1650400544758 1925772.7500 -0.1955
-3.3081 31.2997 -18.3523 0.0000 1650400544789 1925801.7500 -0.1955
-4.0899 31.3293 -18.7817 0.0000 1650400544816 1925830.7500 -0.1955
-4.4432 31.2014 -16.9709 0.0000 1650400544846 1925859.7500 -0.1955
-4.6545 30.7742 -19.7154 0.0000 1650400544874 1925888.7500 -0.1955
-1.7246 29.3055 -17.5136 0.0000 1650400544903 1925917.7500 -0.1955
-4.3629 31.5211 -19.1155 0.0000 1650400544932 1925946.7500 -0.1955
-4.2039 31.3776 -18.1789 0.0000 1650400544961 1925975.7500 -0.1955
-7.0467 28.8000 -19.1796 0.0000 1650400544990 1926004.7500 -0.1955
-4.5485 30.5838 -17.3987 0.0000 1650400545019 1926033.7500 -0.1955
-5.1332 30.2291 -18.0420 0.0000 1650400545048 1926062.7500 -0.1956
-2.8764 31.1621 -16.6176 0.0000 1650400545077 1926093.0000 -0.1960
-5.0158 31.8399 -18.7267 0.0000 1650400545106 1926121.2500 -0.1960
-6.2148 29.9337 -17.0740 0.0000 1650400545134 1926149.7500 -0.1960
-4.1669 31.3454 -18.4711 0.0000 1650400545164 1926178.5000 -0.1960
-7.1715 29.3753 -18.1073 0.0000 1650400545192 1926207.5000 -0.1960
-5.8235 33.8649 -22.6377 0.0000 1650400545222 1926236.2500 -0.1960
-5.4687 32.7343 -20.3405 0.0000 1650400545251 1926265.0000 -0.1960
-4.9964 31.5843 -19.3759 0.0000 1650400545280 1926294.2500 -0.1958
-3.6759 30.2518 -19.9438 0.0000 1650400545309 1926323.2500 -0.1955
-3.6526 32.1266 -17.8317 0.0000 1650400545338 1926353.5000 -0.1955
-4.1533 33.8884 -17.7958 0.0000 1650400545367 1926384.0000 -0.1960
-5.2633 34.0963 -15.8812 0.0000 1650400545396 1926410.2500 -0.1960
-3.7710 32.3184 -18.3180 0.0000 1650400545425 1926440.5000 -0.1955
-4.2478 29.3741 -16.2650 0.0000 1650400545453 1926468.2500 -0.1955
-6.5593 30.5690 -18.1468 0.0000 1650400545482 1926497.2500 -0.1955
-1.3574 32.4494 -15.0403 0.0000 1650400545511 1926526.2500 -0.1955
-4.7030 29.6121 -15.7733 0.0000 1650400545540 1926555.2500 -0.1955
-4.0257 27.5987 -18.3296 0.0000 1650400545569 1926584.2500 -0.1955
-4.7272 28.8061 -17.5766 0.0000 1650400545598 1926613.0000 -0.1955
-3.4204 29.1153 -17.5369 0.0000 1650400545628 1926642.0000 -0.1955
-7.7921 26.5318 -17.9507 0.0000 1650400545657 1926671.0000 -0.1960
-5.1526 29.5519 -16.0972 0.0000 1650400545686 1926699.7500 -0.1960
-2.7360 27.1630 -16.1881 0.0000 1650400545714 1926728.7500 -0.1962
-4.0737 30.5103 -18.1836 0.0000 1650400545744 1926757.7500 -0.1955
-5.0500 27.0500 -20.2826 0.0000 1650400545772 1926786.7500 -0.1957
-3.5598 26.6755 -18.9421 0.0000 1650400545801 1926815.7500 -0.1960
-3.5673 27.9651 -17.5536 0.0000 1650400545830 1926844.7500 -0.1960
-3.2445 28.0540 -18.8546 0.0000 1650400545859 1926874.7500 -0.1960
-3.3054 27.6832 -18.0975 0.0000 1650400545888 1926902.5000 -0.1960
-0.9821 27.5907 -17.3537 0.0000 1650400545917 1926931.7500 -0.1960
-2.9536 26.9223 -19.4758 0.0000 1650400545946 1926960.7500 -0.1960
-3.3308 27.1534 -19.6469 0.0000 1650400545975 1926989.7500 -0.1960
-3.9334 26.8461 -18.8383 0.0000 1650400546004 1927018.7500 -0.1960
-4.1510 27.7801 -21.2263 0.0000 1650400546033 1927047.7500 -0.1960
-4.6964 28.0621 -21.2928 0.0000 1650400546062 1927076.7500 -0.1960
-3.5426 24.9059 -18.1134 0.0000 1650400546091 1927105.7500 -0.1960
-4.1751 27.0808 -21.7460 0.0000 1650400546120 1927138.7500 -0.1960
-1.4151 27.5024 -20.1902 0.0000 1650400546149 1927163.2500 -0.1960
-4.2000 28.2002 -20.9248 0.0000 1650400546178 1927192.7500 -0.1960
-4.4464 27.8314 -21.9355 0.0000 1650400546207 1927224.5000 -0.1960
-4.4161 25.3074 -21.4599 0.0000 1650400546236 1927250.7500 -0.1960
-2.0265 26.9545 -20.5210 0.0000 1650400546265 1927279.7500 -0.1960
-5.9586 26.1019 -18.6106 0.0000 1650400546293 1927308.5000 -0.1960
-3.8748 26.2151 -19.3469 0.0000 1650400546323 1927337.5000 -0.1955
-4.1351 28.7942 -21.7171 0.0000 1650400546351 1927366.2500 -0.1955
-3.5639 27.2045 -22.5654 0.0000 1650400546381 1927395.2500 -0.1955
-1.3843 26.3466 -19.9363 0.0000 1650400546410 1927424.2500 -0.1955
-1.5819 28.1918 -20.4976 0.0000 1650400546439 1927453.2500 -0.1955
-5.5013 30.2398 -23.8743 0.0000 1650400546468 1927482.2500 -0.1955
-2.6137 25.3161 -22.3198 0.0000 1650400546497 1927511.2500 -0.1955
0.1777 28.4798 -20.6259 0.0000 1650400546526 1927540.2500 -0.1955
-3.6764 28.3281 -21.8701 0.0000 1650400546555 1927569.2500 -0.1955
-2.7702 26.6457 -22.5365 0.0000 1650400546584 1927598.2500 -0.1955
-3.3431 26.3260 -18.7706 0.0000 1650400546612 1927627.2500 -0.1955
-5.4139 27.1632 -23.2768 0.0000 1650400546641 1927658.7500 -0.1955
-3.8174 30.9012 -21.5065 0.0000 1650400546670 1927685.0000 -0.1957
-6.1742 28.6837 -22.8475 0.0000 1650400546699 1927714.0000 -0.1960
-2.9080 28.0770 -21.7618 0.0000 1650400546728 1927743.0000 -0.1960
-2.9359 28.7733 -22.6240 0.0000 1650400546757 1927772.0000 -0.1960
-6.5468 30.7628 -21.5259 0.0000 1650400546787 1927800.7500 -0.1960
-3.5937 26.9712 -22.0557 0.0000 1650400546816 1927829.7500 -0.1960
-5.5038 29.8414 -23.6467 0.0000 1650400546845 1927858.7500 -0.1961
-6.4207 29.7763 -21.7412 0.0000 1650400546873 1927887.7500 -0.1965
-5.8468 28.5372 -23.7729 0.0000 1650400546903 1927918.0000 -0.1965
-6.0565 27.1536 -22.3230 0.0000 1650400546931 1927945.7500 -0.1960
-7.8623 31.7032 -23.9868 0.0000 1650400546960 1927977.7500 -0.1959
-5.8015 30.0844 -22.9180 0.0000 1650400546989 1928003.5000 -0.1960
-5.8038 30.4246 -20.5837 0.0000 1650400547018 1928032.7500 -0.1960
-7.0845 29.9509 -21.5194 0.0000 1650400547047 1928061.7500 -0.1960
-6.1258 28.8952 -19.9726 0.0000 1650400547076 1928090.7500 -0.1960
-7.1131 28.4161 -20.3667 0.0000 1650400547105 1928119.7500 -0.1960
-6.4659 31.6101 -21.6240 0.0000 1650400547134 1928148.7500 -0.1960
-7.9758 30.7823 -20.4151 0.0000 1650400547163 1928177.7500 -0.1960
-6.2293 30.1452 -21.4802 0.0000 1650400547192 1928206.7500 -0.1960
-7.6725 30.3655 -21.0974 0.0000 1650400547222 1928235.7500 -0.1955
-4.1643 29.8881 -22.4228 0.0000 1650400547250 1928264.7500 -0.1955
-6.5654 31.4556 -22.3029 0.0000 1650400547279 1928293.7500 -0.1955
-4.1143 29.5725 -24.2407 0.0000 1650400547308 1928322.7500 -0.1955
-5.7217 28.7220 -22.1833 0.0000 1650400547337 1928351.7500 -0.1955
-3.8224 32.2940 -21.5040 0.0000 1650400547366 1928380.7500 -0.1955
-5.3112 29.8833 -24.2147 0.0000 1650400547395 1928409.0000 -0.1955
-4.2113 32.6752 -21.6188 0.0000 1650400547424 1928441.5000 -0.1955
-6.1333 31.7508 -22.6144 0.0000 1650400547453 1928467.2500 -0.1957
-5.3543 29.7499 -20.2491 0.0000 1650400547482 1928496.2500 -0.1960
-5.7303 30.2955 -21.4384 0.0000 1650400547510 1928525.2500 -0.1960
-5.3478 32.9589 -22.2829 0.0000 1650400547540 1928554.2500 -0.1960
-6.6052 32.3638 -21.2631 0.0000 1650400547569 1928583.2500 -0.1960
-6.3706 30.1817 -22.5415 0.0000 1650400547598 1928612.2500 -0.1960
-4.3404 29.2306 -20.1687 0.0000 1650400547627 1928641.2500 -0.1960
-6.8817 31.6147 -19.9825 0.0000 1650400547656 1928673.0000 -0.1965
-5.0914 29.4344 -19.8824 0.0000 1650400547685 1928699.0000 -0.1965
-7.3504 29.9995 -18.7627 0.0000 1650400547714 1928728.2500 -0.1965
-2.9766 30.8279 -18.0037 0.0000 1650400547743 1928758.5000 -0.1965
-2.8485 29.6530 -18.6569 0.0000 1650400547771 1928786.2500 -0.1960
-4.4219 29.9385 -17.9216 0.0000 1650400547801 1928815.0000 -0.1960
-6.2118 30.1688 -17.2137 0.0000 1650400547829 1928844.0000 -0.1965
-5.1336 29.2882 -16.7339 0.0000 1650400547858 1928873.0000 -0.1965
-3.5936 30.2367 -18.8405 0.0000 1650400547887 1928902.0000 -0.1960
-4.2523 29.3856 -19.8356 0.0000 1650400547916 1928930.7500 -0.1960
-4.1564 30.9416 -17.3684 0.0000 1650400547946 1928959.7500 -0.1960
-4.0297 29.1886 -18.6216 0.0000 1650400547975 1928988.7500 -0.1960
-4.6484 29.1334 -15.8719 0.0000 1650400548004 1929017.7500 -0.1960
-6.1613 27.8492 -18.5051 0.0000 1650400548033 1929046.7500 -0.1960
-4.1241 29.1953 -16.1697 0.0000 1650400548062 1929075.7500 -0.1960
-5.6565 26.4534 -15.7098 0.0000 1650400548090 1929104.7500 -0.1960
-5.5189 28.0179 -16.5692 0.0000 1650400548119 1929133.7500 -0.1957
-3.6949 25.7251 -17.1628 0.0000 1650400548148 1929162.7500 -0.1955
-3.0015 27.5027 -16.0857 0.0000 1650400548177 1929194.5000 -0.1955
-1.7920 28.2722 -16.5690 0.0000 1650400548206 1929220.5000 -0.1955
-5.5347 31.4210 -15.4209 0.0000 1650400548235 1929249.7500 -0.1955
-3.1767 27.1055 -17.5776 0.0000 1650400548264 1929278.7500 -0.1955
-4.5383 31.0518 -18.7639 0.0000 1650400548293 1929307.7500 -0.1955
-4.9243 29.3610 -17.5461 0.0000 1650400548322 1929336.7500 -0.1955
-4.2203 29.0800 -17.8352 0.0000 1650400548351 1929365.7500 -0.1957
-5.3992 29.6872 -19.4115 0.0000 1650400548381 1929394.7500 -0.1960
-4.4482 30.1685 -15.9588 0.0000 1650400548409 1929425.0000 -0.1960
-3.7286 29.8952 -18.9776 0.0000 1650400548438 1929454.7500 -0.1960
-4.6401 28.9516 -16.2001 0.0000 1650400548467 1929481.7500 -0.1961
-5.4084 30.5182 -17.7368 0.0000 1650400548496 1929510.5000 -0.1965
-5.7769 29.7452 -18.1158 0.0000 1650400548525 1929539.2500 -0.1965
-3.8698 30.9877 -18.9106 0.0000 1650400548554 1929568.5000 -0.1965
-5.4263 30.1191 -18.5222 0.0000 1650400548583 1929597.2500 -0.1965
-3.9330 29.5137 -17.9594 0.0000 1650400548612 1929626.2500 -0.1965
-4.4551 31.1145 -18.9327 0.0000 1650400548641 1929655.2500 -0.1965
-4.4157 29.1163 -18.9386 0.0000 1650400548669 1929684.2500 -0.1965
-3.2111 29.7699 -18.9444 0.0000 1650400548699 1929713.2500 -0.1965
-1.6290 32.1674 -19.1764 0.0000 1650400548728 1929742.2500 -0.1965
-4.2399 31.6331 -18.5697 0.0000 1650400548757 1929771.2500 -0.1965
-4.2585 30.1792 -18.9328 0.0000 1650400548786 1929800.2500 -0.1960
-5.2768 31.8754 -18.5380 0.0000 1650400548815 1929829.2500 -0.1960
-3.9305 31.2728 -18.1615 0.0000 1650400548844 1929858.2500 -0.1965
-5.0957 32.4609 -16.4567 0.0000 1650400548873 1929887.2500 -0.1965
-2.8359 28.4464 -19.0228 0.0000 1650400548902 1929916.0000 -0.1960
-4.6262 29.6872 -18.2496 0.0000 1650400548930 1929946.5000 -0.1960
-2.5612 31.6225 -17.8941 0.0000 1650400548960 1929976.5000 -0.1960
-4.6595 33.3739 -17.7895 0.0000 1650400548988 1930003.0000 -0.1960
-2.5270 30.2113 -18.1134 0.0000 1650400549017 1930032.0000 -0.1963
-4.1787 28.3178 -19.5266 0.0000 1650400549046 1930060.7500 -0.1960
-4.0472 28.4079 -18.5601 0.0000 1650400549075 1930089.7500 -0.1960
-3.9121 30.6581 -16.9811 0.0000 1650400549104 1930118.7500 -0.1960
-2.2537 31.7907 -20.0973 0.0000 1650400549134 1930147.7500 -0.1960
-3.5646 32.8279 -20.2779 0.0000 1650400549163 1930176.7500 -0.1960
-5.4229 30.3602 -16.7247 0.0000 1650400549192 1930208.5000 -0.1960
-4.0168 32.4316 -19.9111 0.0000 1650400549221 1930234.2500 -0.1960
-4.2250 31.8302 -20.4846 0.0000 1650400549249 1930263.7500 -0.1961
-5.8626 32.0976 -19.1008 0.0000 1650400549279 1930295.2500 -0.1965
-6.0698 32.2232 -19.4264 0.0000 1650400549307 1930321.7500 -0.1965
-5.6927 32.3817 -17.6998 0.0000 1650400549336 1930350.7500 -0.1965
-2.6461 31.3729 -17.2204 0.0000 1650400549365 1930379.7500 -0.1965
-4.3993 30.2460 -16.9503 0.0000 1650400549394 1930408.7500 -0.1965
-2.5917 33.3988 -17.1009 0.0000 1650400549423 1930437.7500 -0.1965
-1.1874 30.7589 -18.3785 0.0000 1650400549452 1930466.7500 -0.1960
-3.5698 30.8319 -18.7832 0.0000 1650400549481 1930495.7500 -0.1961
-3.5284 32.1402 -18.9498 0.0000 1650400549510 1930524.7500 -0.1965
-4.1802 28.2524 -18.8897 0.0000 1650400549540 1930553.7500 -0.1965
-5.6780 28.9669 -16.3892 0.0000 1650400549568 1930582.7500 -0.1960
-3.1622 28.1956 -17.0438 0.0000 1650400549597 1930611.7500 -0.1960
-3.0367 29.1382 -17.0584 0.0000 1650400549626 1930640.5000 -0.1960
-2.5094 28.5153 -17.7867 0.0000 1650400549655 1930669.5000 -0.1960
-2.4050 26.0613 -17.6820 0.0000 1650400549684 1930698.2500 -0.1960
-0.2468 26.8684 -16.6135 0.0000 1650400549713 1930730.0000 -0.1960
-2.4251 28.7629 -16.6421 0.0000 1650400549742 1930757.2500 -0.1960
-1.2028 27.4273 -17.3445 0.0000 1650400549771 1930785.2500 -0.1960
-5.0797 29.1616 -14.4902 0.0000 1650400549800 1930815.5000 -0.1955
-4.4373 28.8641 -21.2192 0.0000 1650400549828 1930843.2500 -0.1955
-1.7741 28.0034 -18.1950 0.0000 1650400549858 1930872.2500 -0.1955
-5.3453 27.6274 -20.3121 0.0000 1650400549887 1930901.2500 -0.1955
-4.2477 27.0091 -20.7460 0.0000 1650400549916 1930930.2500 -0.1955
-3.3652 27.6899 -19.4942 0.0000 1650400549945 1930959.2500 -0.1955
-4.5094 28.1517 -18.8735 0.0000 1650400549974 1930989.0000 -0.1955
-3.8034 29.5623 -21.3675 0.0000 1650400550003 1931017.2500 -0.1955
-4.4193 26.5697 -18.4800 0.0000 1650400550032 1931047.5000 -0.1955
-3.1481 27.1750 -18.7925 0.0000 1650400550061 1931074.2500 -0.1955
-4.2380 27.5682 -18.2361 0.0000 1650400550090 1931104.0000 -0.1960
-2.5782 28.5322 -19.5221 0.0000 1650400550119 1931133.0000 -0.1960
-3.6783 26.4974 -22.4265 0.0000 1650400550147 1931161.7500 -0.1960
-3.8557 29.5559 -21.2062 0.0000 1650400550176 1931190.7500 -0.1960
-2.7309 27.8453 -20.8650 0.0000 1650400550205 1931219.7500 -0.1960
-4.3603 27.9084 -19.6702 0.0000 1650400550234 1931248.7500 -0.1960
-3.7438 25.4079 -19.6619 0.0000 1650400550263 1931277.7500 -0.1960
-1.8845 28.1393 -19.5434 0.0000 1650400550293 1931306.7500 -0.1960
-3.2267 28.0182 -21.5417 0.0000 1650400550322 1931335.7500 -0.1960
-3.0246 28.3576 -22.2734 0.0000 1650400550351 1931364.7500 -0.1960
-3.6084 28.3118 -21.4909 0.0000 1650400550380 1931393.7500 -0.1960
-4.3343 28.1230 -22.9747 0.0000 1650400550408 1931422.7500 -0.1960
-4.4705 27.7484 -19.1009 0.0000 1650400550438 1931451.7500 -0.1960
-5.8354 27.5653 -22.3843 0.0000 1650400550466 1931482.2500 -0.1960
-3.2202 26.4167 -21.5714 0.0000 1650400550495 1931510.5000 -0.1960
-4.6068 26.2591 -21.8452 0.0000 1650400550524 1931538.7500 -0.1955
-3.9557 28.6935 -21.3486 0.0000 1650400550553 1931567.7500 -0.1955
-3.8264 26.9861 -20.1440 0.0000 1650400550582 1931596.7500 -0.1955
-6.4177 28.0664 -21.5542 0.0000 1650400550611 1931625.7500 -0.1955
-4.2808 27.6224 -21.8583 0.0000 1650400550640 1931654.7500 -0.1955
-4.1457 28.3427 -20.2020 0.0000 1650400550669 1931683.7500 -0.1955
-2.2400 26.6092 -23.4031 0.0000 1650400550699 1931712.7500 -0.1955
-2.2517 30.1135 -20.8822 0.0000 1650400550727 1931742.2500 -0.1955
-3.8318 28.4849 -19.5351 0.0000 1650400550757 1931773.5000 -0.1957
-3.1820 29.7280 -21.5147 0.0000 1650400550785 1931799.5000 -0.1960
-4.7808 27.8036 -22.6701 0.0000 1650400550814 1931829.5000 -0.1958
-5.0264 28.4020 -20.7442 0.0000 1650400550843 1931857.2500 -0.1955
0.0949 26.9779 -20.0171 0.0000 1650400550872 1931886.2500 -0.1957
-6.1882 28.0793 -22.7481 0.0000 1650400550901 1931915.2500 -0.1960
-4.2769 29.1552 -22.9273 0.0000 1650400550930 1931944.2500 -0.1960
-6.6966 27.5426 -25.7677 0.0000 1650400550959 1931973.2500 -0.1960
-5.5653 30.3626 -20.8657 0.0000 1650400550987 1932002.2500 -0.1960
-4.5944 30.3273 -19.4323 0.0000 1650400551017 1932031.2500 -0.1960
-3.3896 27.5074 -21.6245 0.0000 1650400551046 1932060.2500 -0.1960
-5.7001 28.7726 -23.0291 0.0000 1650400551075 1932089.2500 -0.1960
-6.7915 29.2596 -25.5347 0.0000 1650400551104 1932118.2500 -0.1960
-5.6911 29.1537 -19.5133 0.0000 1650400551133 1932147.2500 -0.1965
-4.3951 28.6392 -23.1591 0.0000 1650400551162 1932176.0000 -0.1965
-5.2295 31.8170 -24.4271 0.0000 1650400551191 1932205.0000 -0.1965
-7.3540 29.3630 -18.9066 0.0000 1650400551220 1932234.0000 -0.1965
-8.2831 30.4720 -20.7427 0.0000 1650400551249 1932264.2500 -0.1960
-4.9878 30.8330 -23.5484 0.0000 1650400551278 1932293.0000 -0.1960
-4.4536 30.7596 -22.3273 0.0000 1650400551306 1932320.7500 -0.1960
-5.4258 30.1034 -23.0172 0.0000 1650400551336 1932349.7500 -0.1960
-5.8677 30.4285 -20.7619 0.0000 1650400551364 1932378.7500 -0.1955
-6.1746 30.6144 -23.1098 0.0000 1650400551393 1932407.7500 -0.1955
-7.4241 30.8817 -20.3291 0.0000 1650400551422 1932436.7500 -0.1955
-3.2777 32.5309 -23.9995 0.0000 1650400551452 1932465.7500 -0.1955
-3.2064 32.5327 -22.8164 0.0000 1650400551481 1932494.7500 -0.1950
-8.0443 30.0460 -22.0067 0.0000 1650400551510 1932526.5000 -0.1950
-5.1303 32.7075 -23.4546 0.0000 1650400551539 1932552.5000 -0.1952
-5.2319 30.9651 -22.0877 0.0000 1650400551568 1932581.7500 -0.1955
-5.0573 30.8142 -20.4410 0.0000 1650400551597 1932613.5000 -0.1955
-4.8495 32.1733 -23.1232 0.0000 1650400551625 1932639.7500 -0.1955
-8.7742 27.7379 -23.1394 0.0000 1650400551654 1932668.7500 -0.1955
-6.8616 33.1559 -20.3486 0.0000 1650400551683 1932697.7500 -0.1955
-2.5544 28.7198 -21.9278 0.0000 1650400551712 1932726.7500 -0.1955
-4.3483 29.3913 -20.5149 0.0000 1650400551741 1932755.7500 -0.1955
-6.5446 30.5045 -20.0630 0.0000 1650400551770 1932784.7500 -0.1957
-6.1312 27.5107 -19.3027 0.0000 1650400551799 1932813.7500 -0.1960
-4.9485 31.3479 -20.3758 0.0000 1650400551828 1932842.7500 -0.1960
-4.1076 28.9387 -19.9766 0.0000 1650400551858 1932871.5000 -0.1960
-3.2295 27.9736 -18.6854 0.0000 1650400551886 1932900.5000 -0.1960
-2.7209 27.9206 -16.5687 0.0000 1650400551916 1932929.2500 -0.1960
-4.3472 30.2882 -16.5058 0.0000 1650400551944 1932958.2500 -0.1960
-4.1381 28.1947 -16.2077 0.0000 1650400551973 1932987.2500 -0.1960
-4.3646 27.2136 -17.5812 0.0000 1650400552002 1933016.2500 -0.1960
-2.4030 29.3575 -15.0428 0.0000 1650400552031 1933047.7500 -0.1960
-4.3974 28.3079 -17.1516 0.0000 1650400552060 1933074.0000 -0.1960
-2.8001 27.9782 -16.9845 0.0000 1650400552089 1933103.2500 -0.1960
-2.6155 27.3269 -18.1027 0.0000 1650400552118 1933132.2500 -0.1960
-4.1809 26.7782 -19.8801 0.0000 1650400552147 1933161.2500 -0.1960
-4.5520 28.8703 -16.1351 0.0000 1650400552176 1933190.2500 -0.1960
-5.5160 28.6159 -15.8297 0.0000 1650400552205 1933219.2500 -0.1955
-3.5569 27.1425 -19.2058 0.0000 1650400552234 1933248.2500 -0.1955
-4.8432 30.3529 -18.2150 0.0000 1650400552263 1933276.7500 -0.1955
-3.1231 29.1862 -19.4732 0.0000 1650400552292 1933307.0000 -0.1955
-4.0463 28.2517 -15.5489 0.0000 1650400552321 1933335.0000 -0.1955
-2.6132 28.5869 -17.0034 0.0000 1650400552350 1933365.2500 -0.1955
-3.7130 28.4122 -17.2314 0.0000 1650400552379 1933392.5000 -0.1955
-3.7988 28.4411 -17.8121 0.0000 1650400552408 1933421.7500 -0.1955
-1.6536 28.1915 -17.4041 0.0000 1650400552437 1933450.7500 -0.1955
-4.9414 31.5243 -16.3692 0.0000 1650400552465 1933479.7500 -0.1955
-4.5982 31.0288 -20.1737 0.0000 1650400552495 1933508.7500 -0.1955
-2.7316 30.9219 -19.0233 0.0000 1650400552523 1933537.7500 -0.1955
-4.7242 31.0911 -17.9094 0.0000 1650400552552 1933566.7500 -0.1957
-4.1764 28.9996 -17.9205 0.0000 1650400552581 1933595.7500 -0.1960
-6.3504 31.2156 -17.8017 0.0000 1650400552611 1933624.7500 -0.1960
-2.0810 28.6905 -18.4802 0.0000 1650400552640 1933653.7500 -0.1960
-4.9826 30.0353 -17.1491 0.0000 1650400552669 1933682.7500 -0.1960
-3.3678 30.6008 -18.4312 0.0000 1650400552698 1933711.7500 -0.1960
-3.6848 31.3363 -21.3560 0.0000 1650400552727 1933740.7500 -0.1960
-3.0287 32.0170 -17.0811 0.0000 1650400552756 1933769.7500 -0.1960
-4.6349 31.7658 -19.1113 0.0000 1650400552784 1933799.7500 -0.1960
-3.0385 31.8295 -18.9917 0.0000 1650400552813 1933827.2500 -0.1960
-3.8972 29.1984 -18.6676 0.0000 1650400552842 1933856.7500 -0.1960
-6.2095 32.4748 -16.1039 0.0000 1650400552871 1933885.7500 -0.1960
-2.6462 31.6507 -19.7882 0.0000 1650400552900 1933914.7500 -0.1960
-2.2661 30.3301 -16.8698 0.0000 1650400552929 1933943.7500 -0.1960
-3.6175 34.0901 -19.9187 0.0000 1650400552958 1933972.5000 -0.1960
-4.4213 27.9512 -19.1950 0.0000 1650400552987 1934001.5000 -0.1955
-6.6658 29.5440 -17.4134 0.0000 1650400553017 1934030.5000 -0.1955
-2.8358 30.3039 -17.5841 0.0000 1650400553045 1934060.5000 -0.1955
-4.2254 29.7342 -18.1790 0.0000 1650400553075 1934089.7500 -0.1955
-3.0295 33.8016 -16.2481 0.0000 1650400553103 1934117.2500 -0.1955
-4.8192 30.4900 -20.8252 0.0000 1650400553132 1934147.5000 -0.1955
-4.8403 33.6360 -18.9541 0.0000 1650400553161 1934175.2500 -0.1955
-5.0340 33.1742 -18.0527 0.0000 1650400553190 1934204.2500 -0.1955
-3.9992 30.0167 -18.8174 0.0000 1650400553219 1934233.2500 -0.1956
-0.6033 30.0369 -19.1703 0.0000 1650400553248 1934262.2500 -0.1955
-2.2582 30.8672 -16.4641 0.0000 1650400553277 1934291.2500 -0.1955
-2.7848 32.5233 -18.0570 0.0000 1650400553306 1934320.2500 -0.1955
-3.8937 29.9433 -19.3198 0.0000 1650400553335 1934349.2500 -0.1955
-4.6397 28.9324 -17.9843 0.0000 1650400553364 1934378.2500 -0.1955
-4.0613 28.9315 -17.5929 0.0000 1650400553394 1934407.0000 -0.1955
-5.1578 34.0584 -15.0217 0.0000 1650400553422 1934436.0000 -0.1955
-3.1101 34.2302 -18.0696 0.0000 1650400553451 1934465.0000 -0.1956
-3.7036 28.7295 -18.2103 0.0000 1650400553480 1934493.7500 -0.1960
-3.4570 28.7077 -15.4457 0.0000 1650400553509 1934522.7500 -0.1960
-2.5444 32.2952 -18.4688 0.0000 1650400553538 1934551.7500 -0.1960
-2.8522 31.8668 -15.9083 0.0000 1650400553567 1934582.0000 -0.1960
-3.3461 31.1960 -16.2662 0.0000 1650400553596 1934609.5000 -0.1960
-4.4757 31.7890 -19.4806 0.0000 1650400553624 1934638.7500 -0.1960
-3.5114 29.9781 -15.8309 0.0000 1650400553654 1934667.7500 -0.1960
-1.4438 29.8918 -17.2103 0.0000 1650400553682 1934696.7500 -0.1960
0.1629 29.5408 -17.7626 0.0000 1650400553711 1934725.7500 -0.1960
-4.9562 27.8434 -14.8648 0.0000 1650400553740 1934754.7500 -0.1960
-3.4192 26.9698 -17.4053 0.0000 1650400553770 1934783.7500 -0.1960
-1.1229 26.6900 -15.9280 0.0000 1650400553799 1934812.7500 -0.1960
-4.7424 28.9264 -16.5641 0.0000 1650400553828 1934844.0000 -0.1960
-1.5184 29.7404 -18.5435 0.0000 1650400553857 1934870.7500 -0.1960
-4.5221 31.1538 -20.8016 0.0000 1650400553886 1934901.2500 -0.1960
-5.2239 28.4205 -17.6772 0.0000 1650400553915 1934928.5000 -0.1960
-0.9925 29.4610 -19.0025 0.0000 1650400553943 1934957.7500 -0.1955
-5.0742 26.0377 -19.4238 0.0000 1650400553973 1934986.7500 -0.1955
-3.5272 28.6292 -19.1008 0.0000 1650400554001 1935015.7500 -0.1955
-1.9598 25.1548 -16.3804 0.0000 1650400554030 1935044.7500 -0.1955
-1.4533 27.5151 -18.3675 0.0000 1650400554059 1935073.5000 -0.1950
-0.4432 27.8296 -20.0438 0.0000 1650400554088 1935102.5000 -0.1950
-3.5159 27.0402 -19.3804 0.0000 1650400554117 1935131.5000 -0.1951
-4.6961 26.1225 -19.1572 0.0000 1650400554146 1935160.2500 -0.1955
-5.3268 26.0135 -19.7508 0.0000 1650400554176 1935189.2500 -0.1950
-4.4905 27.0034 -20.6854 0.0000 1650400554205 1935218.2500 -0.1950
-3.7064 27.3217 -20.0569 0.0000 1650400554234 1935247.2500 -0.1951
-3.1237 27.4401 -19.4071 0.0000 1650400554262 1935276.2500 -0.1955
-4.4401 26.8402 -19.2503 0.0000 1650400554291 1935305.2500 -0.1960
-4.4278 28.1486 -20.8824 0.0000 1650400554320 1935335.7500 -0.1960
-4.4318 26.9824 -19.1255 0.0000 1650400554349 1935365.7500 -0.1958
-5.1484 25.6821 -18.1500 0.0000 1650400554378 1935392.2500 -0.1955
-2.9105 27.0156 -19.1446 0.0000 1650400554407 1935421.2500 -0.1955
-2.7117 25.7988 -21.2839 0.0000 1650400554436 1935450.2500 -0.1960
-2.7393 29.0448 -22.0969 0.0000 1650400554465 1935479.2500 -0.1960
-5.6139 27.1490 -22.0427 0.0000 1650400554494 1935508.0000 -0.1960
-4.3338 29.3008 -20.7749 0.0000 1650400554523 1935537.0000 -0.1960
-1.7523 26.2869 -21.5120 0.0000 1650400554553 1935566.0000 -0.1955
-3.6183 25.9450 -22.5803 0.0000 1650400554581 1935596.2500 -0.1955
-2.7790 26.9119 -22.9089 0.0000 1650400554610 1935625.0000 -0.1955
-3.6090 27.0503 -20.0367 0.0000 1650400554639 1935652.7500 -0.1955
-0.6438 29.1818 -22.2971 0.0000 1650400554668 1935684.7500 -0.1955
-3.4314 28.7904 -23.1929 0.0000 1650400554697 1935710.7500 -0.1955
-3.6645 31.1540 -23.0206 0.0000 1650400554726 1935739.7500 -0.1950
-2.9084 29.3738 -21.0304 0.0000 1650400554755 1935768.7500 -0.1950
-3.0499 29.1321 -20.5667 0.0000 1650400554784 1935797.7500 -0.1950
-1.7911 27.0218 -21.8758 0.0000 1650400554813 1935826.7500 -0.1950
-3.4633 29.9690 -23.1126 0.0000 1650400554841 1935855.7500 -0.1950
-1.6544 29.9289 -24.0135 0.0000 1650400554870 1935884.7500 -0.1950
-2.4297 32.1206 -21.0640 0.0000 1650400554899 1935913.7500 -0.1945
-2.4512 30.5715 -23.0326 0.0000 1650400554929 1935942.7500 -0.1945
-5.1977 29.3360 -23.2958 0.0000 1650400554958 1935971.7500 -0.1950
-5.9523 28.1906 -22.8235 0.0000 1650400554987 1936000.7500 -0.1950
-2.7160 29.0265 -20.0648 0.0000 1650400555016 1936029.7500 -0.1950
-4.6067 29.7434 -22.2643 0.0000 1650400555045 1936058.7500 -0.1950
-4.8451 28.0210 -24.0549 0.0000 1650400555074 1936087.7500 -0.1950
-3.1676 29.6800 -24.7895 0.0000 1650400555102 1936118.0000 -0.1950
-4.2491 29.4426 -23.0784 0.0000 1650400555132 1936145.0000 -0.1951
-8.2566 27.1892 -21.7406 0.0000 1650400555160 1936174.7500 -0.1955
-5.2267 28.3345 -23.1157 0.0000 1650400555189 1936203.5000 -0.1955
-6.3181 29.7002 -21.0093 0.0000 1650400555218 1936232.5000 -0.1955
-4.2246 30.1520 -21.4045 0.0000 1650400555247 1936261.2500 -0.1955
-4.7860 30.0880 -23.0215 0.0000 1650400555276 1936290.2500 -0.1955
-3.3490 31.4785 -22.8493 0.0000 1650400555305 1936319.2500 -0.1955
-5.5444 30.2571 -22.5834 0.0000 1650400555334 1936348.2500 -0.1960
-5.0153 30.0862 -21.4387 0.0000 1650400555364 1936379.5000 -0.1958
-5.2942 31.1117 -20.3975 0.0000 1650400555393 1936406.2500 -0.1955
-4.3477 29.0033 -20.6840 0.0000 1650400555421 1936435.2500 -0.1955
-4.5783 29.3520 -21.0454 0.0000 1650400555451 1936465.2500 -0.1960
-5.6626 31.5576 -22.1016 0.0000 1650400555479 1936493.2500 -0.1958
-4.7615 30.0581 -23.6081 0.0000 1650400555508 1936522.2500 -0.1955
-4.7839 31.0953 -22.3798 0.0000 1650400555537 1936551.2500 -0.1955
-3.8801 32.4275 -20.0483 0.0000 1650400555566 1936580.2500 -0.1955
-2.4311 30.3188 -19.8175 0.0000 1650400555595 1936609.0000 -0.1955
-6.0437 30.1889 -19.9774 0.0000 1650400555624 1936638.0000 -0.1955
-4.7463 32.2456 -21.8689 0.0000 1650400555653 1936667.0000 -0.1955
-6.8136 28.5675 -21.3168 0.0000 1650400555681 1936696.0000 -0.1950
-5.3962 30.9644 -20.3927 0.0000 1650400555711 1936724.7500 -0.1950
-5.6168 29.6912 -20.5207 0.0000 1650400555740 1936753.7500 -0.1955
-5.5521 28.7025 -17.9655 0.0000 1650400555770 1936782.7500 -0.1955
-4.7115 30.4579 -19.4144 0.0000 1650400555798 1936811.7500 -0.1950
-4.5439 27.6502 -19.4901 0.0000 1650400555827 1936840.7500 -0.1950
-4.2635 28.3603 -18.7290 0.0000 1650400555856 1936871.2500 -0.1955
-5.2127 31.9009 -16.6894 0.0000 1650400555885 1936899.5000 -0.1955
-5.3434 29.7186 -16.9660 0.0000 1650400555914 1936927.7500 -0.1955
-2.8600 30.2714 -18.4537 0.0000 1650400555943 1936956.7500 -0.1955
-3.5014 28.7758 -18.1178 0.0000 1650400555972 1936985.7500 -0.1955
-2.1329 29.4971 -18.6163 0.0000 1650400556000 1937014.7500 -0.1955
-1.2591 30.9927 -15.3096 0.0000 1650400556030 1937043.7500 -0.1956
-4.4974 28.5157 -15.6415 0.0000 1650400556058 1937072.7500 -0.1960
-2.9113 31.8065 -17.4148 0.0000 1650400556087 1937101.7500 -0.1960
-4.4035 29.3613 -18.3392 0.0000 1650400556117 1937131.7500 -0.1960
-6.2981 28.9507 -17.4200 0.0000 1650400556146 1937162.5000 -0.1961
-3.4726 30.1609 -20.9960 0.0000 1650400556175 1937188.7500 -0.1965
-5.9521 28.0121 -14.7288 0.0000 1650400556204 1937218.7500 -0.1965
-1.2414 29.8855 -18.8800 0.0000 1650400556233 1937246.7500 -0.1965
-5.3044 27.4287 -16.2663 0.0000 1650400556262 1937275.7500 -0.1965
-3.1639 27.6904 -15.8808 0.0000 1650400556291 1937304.5000 -0.1965
-2.2787 29.3862 -16.8787 0.0000 1650400556319 1937333.5000 -0.1965
-2.6497 27.9245 -16.2609 0.0000 1650400556348 1937362.5000 -0.1965
-6.2081 28.3524 -18.0461 0.0000 1650400556377 1937391.2500 -0.1965
-4.3596 28.3447 -19.2657 0.0000 1650400556406 1937420.2500 -0.1960
-3.0435 27.9588 -15.9514 0.0000 1650400556435 1937449.2500 -0.1960
-7.4201 29.2330 -18.0528 0.0000 1650400556464 1937478.2500 -0.1960
-1.6396 31.1366 -18.8861 0.0000 1650400556493 1937507.2500 -0.1960
-4.8509 30.5285 -17.8430 0.0000 1650400556523 1937536.2500 -0.1955
-4.5358 30.9991 -19.5001 0.0000 1650400556552 1937565.2500 -0.1955
-3.5746 31.0651 -17.7100 0.0000 1650400556580 1937594.2500 -0.1955
-3.2647 32.0061 -18.4139 0.0000 1650400556610 1937623.2500 -0.1955
-3.9313 30.7995 -16.4053 0.0000 1650400556638 1937653.5000 -0.1955
-2.1819 27.3274 -19.1594 0.0000 1650400556667 1937682.2500 -0.1955
-3.5005 32.0185 -16.9307 0.0000 1650400556696 1937710.2500 -0.1950
-3.6688 30.4165 -17.7750 0.0000 1650400556725 1937739.0000 -0.1950
-5.3314 29.9300 -18.9566 0.0000 1650400556754 1937768.0000 -0.1952
-3.7772 31.4500 -20.1347 0.0000 1650400556783 1937797.0000 -0.1955
-5.1696 31.8322 -16.7353 0.0000 1650400556812 1937825.7500 -0.1955
-3.0559 29.8883 -18.9972 0.0000 1650400556841 1937854.7500 -0.1955
-3.9042 29.4648 -17.1183 0.0000 1650400556870 1937883.7500 -0.1957
-3.7278 30.8312 -17.1344 0.0000 1650400556899 1937915.5000 -0.1960
-4.7977 31.2752 -15.5508 0.0000 1650400556928 1937941.5000 -0.1960
-5.9034 29.8614 -18.0094 0.0000 1650400556957 1937970.7500 -0.1960
-1.8557 30.7139 -20.1736 0.0000 1650400556986 1938002.5000 -0.1960
-3.0967 30.4537 -15.9286 0.0000 1650400557015 1938028.7500 -0.1960
-3.3908 30.3820 -17.1072 0.0000 1650400557044 1938057.7500 -0.1960
-3.6410 31.3239 -17.7118 0.0000 1650400557073 1938086.7500 -0.1960
-5.5018 29.8714 -17.8527 0.0000 1650400557102 1938115.7500 -0.1960
-5.2098 33.1377 -17.3216 0.0000 1650400557131 1938144.7500 -0.1960
-4.0328 31.3851 -15.9010 0.0000 1650400557159 1938173.7500 -0.1960
-5.4693 33.0888 -19.5041 0.0000 1650400557189 1938202.7500 -0.1960
-5.0392 30.8599 -19.1859 0.0000 1650400557217 1938231.7500 -0.1960
-3.4924 32.9694 -16.7420 0.0000 1650400557246 1938260.7500 -0.1960
-3.4957 30.6355 -17.5964 0.0000 1650400557276 1938289.7500 -0.1960
-4.7252 31.3496 -18.2398 0.0000 1650400557305 1938318.7500 -0.1955
-4.2116 31.7457 -17.0443 0.0000 1650400557334 1938347.7500 -0.1955
-3.9811 32.7461 -16.6088 0.0000 1650400557363 1938376.7500 -0.1955
-0.1416 31.1028 -18.5655 0.0000 1650400557392 1938405.7500 -0.1955
-4.9578 30.8741 -19.0283 0.0000 1650400557421 1938437.0000 -0.1955
-3.6903 32.6983 -17.5715 0.0000 1650400557450 1938463.2500 -0.1955
-3.6665 32.9914 -16.9984 0.0000 1650400557478 1938492.2500 -0.1955
-2.4155 31.6403 -16.5304 0.0000 1650400557508 1938521.2500 -0.1955
-3.0044 30.8109 -18.9556 0.0000 1650400557536 1938550.2500 -0.1955
-4.6592 32.0512 -18.3267 0.0000 1650400557565 1938579.2500 -0.1955
-3.9086 30.6871 -16.5958 0.0000 1650400557594 1938608.2500 -0.1955
-5.1682 29.8345 -15.8930 0.0000 1650400557623 1938637.2500 -0.1955
-2.8884 31.0138 -17.7724 0.0000 1650400557652 1938669.2500 -0.1957
-1.2611 29.8140 -16.2486 0.0000 1650400557682 1938696.2500 -0.1960
-4.5645 29.7295 -16.7533 0.0000 1650400557711 1938724.2500 -0.1960
-1.6923 30.0317 -18.4509 0.0000 1650400557740 1938753.2500 -0.1960
-3.9938 27.5863 -19.2088 0.0000 1650400557769 1938782.0000 -0.1960
-3.5334 29.2751 -18.1508 0.0000 1650400557797 1938811.2500 -0.1960
-5.3639 27.4006 -18.7970 0.0000 1650400557826 1938840.0000 -0.1960
-2.2242 28.1007 -19.5782 0.0000 1650400557855 1938869.0000 -0.1960
-2.8780 30.1769 -19.1196 0.0000 1650400557884 1938898.0000 -0.1961
-2.4362 26.9506 -18.5279 0.0000 1650400557913 1938927.0000 -0.1965
-3.6537 29.3763 -19.5427 0.0000 1650400557942 1938955.7500 -0.1965
-0.7701 29.4990 -16.8833 0.0000 1650400557971 1938984.7500 -0.1965
-1.0721 28.4836 -17.2391 0.0000 1650400558000 1939013.7500 -0.1965
-3.3499 27.4385 -19.3224 0.0000 1650400558029 1939042.7500 -0.1965
-4.9597 29.7704 -20.0220 0.0000 1650400558058 1939071.7500 -0.1965
-2.4081 26.1994 -19.5530 0.0000 1650400558088 1939100.7500 -0.1965
-1.6354 27.5526 -17.9629 0.0000 1650400558116 1939129.7500 -0.1965
-4.3038 27.2944 -21.1806 0.0000 1650400558145 1939158.7500 -0.1965
-4.3718 28.3261 -18.5103 0.0000 1650400558174 1939188.7500 -0.1965
-3.2662 27.3938 -20.1302 0.0000 1650400558203 1939219.5000 -0.1960
-4.5786 27.6481 -19.1359 0.0000 1650400558232 1939245.7500 -0.1960
-4.1594 27.8247 -18.8676 0.0000 1650400558261 1939274.7500 -0.1960
-3.2073 27.3303 -19.8228 0.0000 1650400558290 1939303.7500 -0.1960
-5.9530 24.9369 -20.2793 0.0000 1650400558319 1939332.7500 -0.1957
-4.1659 26.9351 -19.5186 0.0000 1650400558348 1939361.7500 -0.1955
-2.8260 25.7877 -19.3437 0.0000 1650400558376 1939390.7500 -0.1960
-6.4720 27.5164 -21.8732 0.0000 1650400558405 1939419.7500 -0.1960
-0.4822 27.9923 -19.5005 0.0000 1650400558435 1939451.2500 -0.1957
-2.2413 29.9387 -22.3312 0.0000 1650400558464 1939479.0000 -0.1955
-1.4393 28.6513 -21.5149 0.0000 1650400558493 1939506.7500 -0.1960
-4.5821 27.4499 -23.5246 0.0000 1650400558522 1939537.0000 -0.1960
-0.4947 26.2160 -21.4420 0.0000 1650400558551 1939564.5000 -0.1960
-2.2262 27.9752 -21.2235 0.0000 1650400558580 1939593.5000 -0.1960
-4.7793 25.5436 -23.4146 0.0000 1650400558609 1939622.2500 -0.1960
-3.0648 28.5771 -21.6545 0.0000 1650400558637 1939651.2500 -0.1960
-2.7490 28.2822 -18.6258 0.0000 1650400558667 1939680.2500 -0.1960
-3.8307 28.5733 -22.4820 0.0000 1650400558695 1939709.2500 -0.1960
-3.4490 26.2404 -22.5627 0.0000 1650400558724 1939738.2500 -0.1960
-3.1547 27.1946 -20.7039 0.0000 1650400558753 1939767.2500 -0.1960
-2.9338 26.1625 -21.8295 0.0000 1650400558782 1939796.2500 -0.1960
-4.8725 28.5933 -19.5007 0.0000 1650400558811 1939825.2500 -0.1960
-1.6470 27.8044 -22.6319 0.0000 1650400558841 1939854.2500 -0.1960
-3.8669 30.0488 -20.5554 0.0000 1650400558870 1939883.2500 -0.1960
-2.2646 26.2275 -21.2542 0.0000 1650400558899 1939912.2500 -0.1960
-3.1053 24.9594 -22.0516 0.0000 1650400558928 1939941.2500 -0.1960
-2.8748 27.0723 -21.1864 0.0000 1650400558956 1939972.5000 -0.1960
-2.1300 28.5930 -23.6448 0.0000 1650400558986 1939998.7500 -0.1955
-3.1085 27.2093 -24.9822 0.0000 1650400559014 1940028.0000 -0.1955
-7.0617 27.5943 -22.0756 0.0000 1650400559043 1940056.7500 -0.1955
-3.9363 28.2152 -22.6465 0.0000 1650400559072 1940085.7500 -0.1955
-5.5510 27.5874 -20.6871 0.0000 1650400559101 1940114.7500 -0.1955
-4.8786 27.6952 -21.1246 0.0000 1650400559130 1940143.7500 -0.1955
-5.4832 29.1968 -21.9764 0.0000 1650400559159 1940172.7500 -0.1955
-5.3608 31.0653 -23.1517 0.0000 1650400559188 1940203.2500 -0.1955
-3.3643 28.4410 -21.6519 0.0000 1650400559217 1940231.5000 -0.1954
-5.8541 29.6731 -20.9804 0.0000 1650400559247 1940259.7500 -0.1950
-6.2447 27.9346 -22.4516 0.0000 1650400559275 1940290.2500 -0.1950
-4.4933 30.8338 -20.9978 0.0000 1650400559304 1940319.0000 -0.1950
-5.8430 29.6484 -23.6679 0.0000 1650400559333 1940346.7500 -0.1950
-4.8991 28.3980 -20.5791 0.0000 1650400559362 1940375.7500 -0.1950
-6.1214 28.4612 -19.5520 0.0000 1650400559391 1940404.7500 -0.1955
-6.6456 32.1999 -22.4590 0.0000 1650400559420 1940433.7500 -0.1955
-5.2756 29.9793 -20.2021 0.0000 1650400559449 1940462.7500 -0.1955
-7.6340 30.5682 -23.0479 0.0000 1650400559478 1940491.7500 -0.1955
-3.9887 30.9696 -18.5358 0.0000 1650400559507 1940520.7500 -0.1955
-6.3107 28.3825 -19.8220 0.0000 1650400559535 1940549.7500 -0.1955
-5.0463 32.6411 -21.0472 0.0000 1650400559565 1940578.7500 -0.1955
-3.3455 29.4413 -18.6438 0.0000 1650400559594 1940607.7500 -0.1955
-4.4836 30.9185 -19.9803 0.0000 1650400559623 1940636.7500 -0.1955
-3.9188 31.0323 -20.8017 0.0000 1650400559651 1940665.5000 -0.1955
-4.2624 30.6677 -22.7209 0.0000 1650400559681 1940694.5000 -0.1955
-6.0297 30.8112 -19.3762 0.0000 1650400559710 1940724.7500 -0.1955
-3.5213 31.9338 -19.0058 0.0000 1650400559739 1940753.0000 -0.1955
-5.6182 26.6586 -18.6795 0.0000 1650400559768 1940781.2500 -0.1955
-5.4547 30.1512 -17.1651 0.0000 1650400559797 1940810.2500 -0.1955
-0.8785 33.7359 -16.7073 0.0000 1650400559826 1940839.2500 -0.1950
-5.1633 29.9566 -19.7708 0.0000 1650400559854 1940868.2500 -0.1950
-4.0657 30.8731 -17.5874 0.0000 1650400559883 1940897.2500 -0.1950
-3.8837 28.5737 -17.4573 0.0000 1650400559912 1940926.2500 -0.1950
-4.2201 30.0687 -20.5924 0.0000 1650400559941 1940955.2500 -0.1950
-4.3927 28.7813 -17.5691 0.0000 1650400559970 1940985.5000 -0.1950
-4.3000 26.5877 -17.6392 0.0000 1650400559999 1941014.2500 -0.1945
-3.2613 31.1556 -16.2097 0.0000 1650400560029 1941042.2500 -0.1945
-3.6873 31.1563 -17.4090 0.0000 1650400560058 1941072.5000 -0.1950
-4.3351 28.2077 -18.2620 0.0000 1650400560087 1941100.0000 -0.1950
-0.8993 28.1383 -17.1482 0.0000 1650400560115 1941129.0000 -0.1950
-5.7447 28.6164 -14.3461 0.0000 1650400560145 1941158.0000 -0.1950
-5.2346 27.3347 -15.7870 0.0000 1650400560173 1941186.7500 -0.1950
-5.3526 28.7068 -16.9435 0.0000 1650400560202 1941215.7500 -0.1950
-3.4346 28.6517 -16.9089 0.0000 1650400560231 1941244.7500 -0.1951
-4.8387 26.1163 -16.7526 0.0000 1650400560260 1941273.7500 -0.1955
-3.2888 26.8503 -16.6977 0.0000 1650400560289 1941302.7500 -0.1955
-1.0311 28.5832 -18.2212 0.0000 1650400560318 1941331.7500 -0.1955
-6.2735 27.4562 -18.1398 0.0000 1650400560347 1941360.7500 -0.1955
-1.6763 30.0698 -16.0359 0.0000 1650400560376 1941389.7500 -0.1955
-4.8166 25.6815 -16.3273 0.0000 1650400560406 1941418.7500 -0.1955
-1.8258 27.4807 -18.3672 0.0000 1650400560434 1941447.7500 -0.1955
-1.9627 28.0938 -16.8783 0.0000 1650400560463 1941476.7500 -0.1955
-4.0327 31.0364 -18.2491 0.0000 1650400560492 1941507.0000 -0.1955
-3.9317 29.0526 -17.9571 0.0000 1650400560521 1941536.0000 -0.1955
-5.6616 30.6386 -16.7606 0.0000 1650400560550 1941563.7500 -0.1955
-4.2115 30.6651 -16.1588 0.0000 1650400560579 1941592.7500 -0.1955
-3.3402 28.1779 -17.5490 0.0000 1650400560608 1941621.5000 -0.1955
-2.8280 28.5312 -15.7591 0.0000 1650400560637 1941650.7500 -0.1955
-3.7223 29.9717 -15.4048 0.0000 1650400560666 1941679.7500 -0.1950
-6.6379 27.8253 -19.5066 0.0000 1650400560694 1941708.7500 -0.1950
-5.1032 30.5021 -17.2044 0.0000 1650400560724 1941737.7500 -0.1950
-6.1348 29.6525 -17.9177 0.0000 1650400560752 1941769.0000 -0.1950
-3.2092 31.8153 -16.5864 0.0000 1650400560782 1941795.5000 -0.1950
-5.0744 29.1195 -17.7876 0.0000 1650400560811 1941824.5000 -0.1950
-4.3198 33.2543 -17.3297 0.0000 1650400560840 1941853.0000 -0.1945
-4.0709 30.2514 -19.2836 0.0000 1650400560869 1941882.2500 -0.1945
-5.1321 29.9757 -17.5144 0.0000 1650400560898 1941911.2500 -0.1950
-4.3066 33.1604 -17.1483 0.0000 1650400560927 1941940.2500 -0.1950
-2.2866 31.7901 -15.8351 0.0000 1650400560956 1941969.2500 -0.1950
-4.2637 29.2651 -18.8032 0.0000 1650400560985 1941998.2500 -0.1950
-4.3714 29.4092 -18.6293 0.0000 1650400561013 1942027.2500 -0.1950
-4.4098 31.4771 -16.6177 0.0000 1650400561043 1942056.2500 -0.1950
-3.1096 32.6407 -17.8699 0.0000 1650400561071 1942085.2500 -0.1952
-2.8161 31.0251 -17.2303 0.0000 1650400561100 1942114.2500 -0.1955
-2.4156 32.9762 -20.0799 0.0000 1650400561129 1942143.2500 -0.1955
-3.8874 29.6739 -20.3158 0.0000 1650400561159 1942172.2500 -0.1955
-2.6414 33.0575 -17.1768 0.0000 1650400561188 1942201.0000 -0.1955
-3.0349 32.7764 -17.8995 0.0000 1650400561217 1942230.0000 -0.1955
-4.0326 29.8675 -20.4075 0.0000 1650400561246 1942260.5000 -0.1955
-3.9628 32.7687 -18.9838 0.0000 1650400561274 1942289.0000 -0.1955
-2.8323 32.3332 -18.1047 0.0000 1650400561304 1942316.7500 -0.1955
-4.2134 30.8660 -17.5684 0.0000 1650400561332 1942345.7500 -0.1955
-4.2732 30.3378 -16.4146 0.0000 1650400561361 1942374.7500 -0.1955
-3.1576 30.7732 -16.3221 0.0000 1650400561390 1942403.7500 -0.1955
-4.0841 31.5093 -19.4328 0.0000 1650400561419 1942432.7500 -0.1955
-3.4984 33.0347 -15.9931 0.0000 1650400561448 1942461.7500 -0.1955
-2.7478 34.1340 -16.2638 0.0000 1650400561477 1942490.7500 -0.1955
-2.6945 31.2382 -15.0781 0.0000 1650400561506 1942520.7500 -0.1955
-3.5796 30.2837 -17.2261 0.0000 1650400561535 1942551.5000 -0.1955
-2.1921 31.0717 -18.1635 0.0000 1650400561564 1942577.7500 -0.1950
-1.9004 29.9907 -17.1002 0.0000 1650400561593 1942607.7500 -0.1950
-2.3465 29.2476 -15.1909 0.0000 1650400561623 1942635.7500 -0.1950
-4.9341 27.7736 -16.3798 0.0000 1650400561651 1942664.7500 -0.1950
-0.2105 29.8492 -18.1017 0.0000 1650400561680 1942693.7500 -0.1950
-1.3261 28.3739 -14.6930 0.0000 1650400561709 1942722.7500 -0.1950
-0.6443 28.3348 -14.7384 0.0000 1650400561738 1942751.7500 -0.1950
-3.0387 25.5974 -15.6508 0.0000 1650400561767 1942780.7500 -0.1950
-1.9241 27.3335 -16.2749 0.0000 1650400561796 1942809.7500 -0.1950
-3.8700 28.3969 -16.4137 0.0000 1650400561825 1942838.7500 -0.1950
-3.9039 27.8027 -16.3958 0.0000 1650400561854 1942867.7500 -0.1952
-0.7756 29.7491 -18.0705 0.0000 1650400561883 1942896.5000 -0.1955
-1.2960 27.0679 -18.5885 0.0000 1650400561911 1942925.5000 -0.1955
-2.3256 28.6712 -15.8832 0.0000 1650400561941 1942954.2500 -0.1955
-2.8629 28.2004 -18.6293 0.0000 1650400561970 1942983.2500 -0.1955
-5.2018 25.9251 -16.7470 0.0000 1650400561999 1943012.2500 -0.1955
-1.5661 28.6753 -20.5103 0.0000 1650400562028 1943042.5000 -0.1955
-1.8492 27.6760 -19.3406 0.0000 1650400562057 1943071.5000 -0.1955
-4.2707 25.6651 -17.2538 0.0000 1650400562086 1943099.2500 -0.1957
-0.9792 26.7524 -21.1464 0.0000 1650400562115 1943128.2500 -0.1960
-1.1448 28.1887 -17.6748 0.0000 1650400562144 1943157.2500 -0.1958
-4.8976 26.9697 -17.8296 0.0000 1650400562172 1943186.2500 -0.1955
-1.5038 28.3785 -19.9477 0.0000 1650400562202 1943215.2500 -0.1955
-2.7929 26.3744 -22.9294 0.0000 1650400562230 1943244.2500 -0.1960
-3.8220 27.2191 -21.0282 0.0000 1650400562259 1943273.2500 -0.1960
-4.5230 28.3744 -20.0162 0.0000 1650400562288 1943306.2500 -0.1955
-3.8353 27.2395 -19.1609 0.0000 1650400562318 1943330.7500 -0.1955
-4.2175 25.5068 -20.1294 0.0000 1650400562347 1943360.0000 -0.1955
-1.9897 28.2447 -21.7145 0.0000 1650400562376 1943391.5000 -0.1955
-3.0655 25.7934 -20.7417 0.0000 1650400562405 1943419.0000 -0.1950
-3.3868 29.5060 -23.0827 0.0000 1650400562434 1943446.7500 -0.1950
-3.5185 26.7049 -18.1206 0.0000 1650400562463 1943475.7500 -0.1955
-3.3261 23.9851 -20.6302 0.0000 1650400562491 1943504.7500 -0.1955
-3.6811 24.5483 -21.6188 0.0000 1650400562520 1943533.7500 -0.1955
-4.3853 28.1830 -21.1691 0.0000 1650400562549 1943562.7500 -0.1955
-1.9689 27.2083 -19.2700 0.0000 1650400562578 1943591.7500 -0.1950
-5.0882 29.1930 -19.2160 0.0000 1650400562607 1943620.7500 -0.1950
-3.2106 26.9256 -21.3766 0.0000 1650400562636 1943649.7500 -0.1950
-3.1546 26.1441 -22.2966 0.0000 1650400562665 1943678.7500 -0.1950
-2.7980 25.7710 -20.0807 0.0000 1650400562694 1943707.7500 -0.1950
-4.5123 27.3149 -21.1934 0.0000 1650400562724 1943736.7500 -0.1950
-2.6417 29.0740 -20.5508 0.0000 1650400562752 1943765.7500 -0.1950
-2.6704 30.8479 -20.5740 0.0000 1650400562782 1943794.7500 -0.1950
-4.1691 27.6745 -22.4907 0.0000 1650400562810 1943827.7500 -0.1950
-6.1584 27.0932 -23.5020 0.0000 1650400562839 1943852.2500 -0.1955
-4.7756 28.1029 -20.8225 0.0000 1650400562868 1943881.7500 -0.1955
-3.1854 28.8318 -25.7101 0.0000 1650400562897 1943910.7500 -0.1955
-4.4720 28.3424 -21.8436 0.0000 1650400562926 1943939.7500 -0.1955
-1.6802 27.8331 -20.8168 0.0000 1650400562955 1943968.7500 -0.1955
-4.4728 28.0457 -21.4917 0.0000 1650400562984 1943997.5000 -0.1955
-5.8613 28.0257 -20.8580 0.0000 1650400563013 1944026.5000 -0.1955
-5.3190 27.2885 -20.5310 0.0000 1650400563042 1944058.2500 -0.1955
-3.7132 26.1931 -23.3285 0.0000 1650400563070 1944085.2500 -0.1950
-6.1674 29.6618 -23.6625 0.0000 1650400563100 1944113.2500 -0.1950
-5.3098 28.3619 -21.7407 0.0000 1650400563129 1944142.2500 -0.1950
-5.2143 30.2288 -22.8127 0.0000 1650400563158 1944171.0000 -0.1950
-4.8617 28.8103 -21.9269 0.0000 1650400563187 1944200.2500 -0.1950
-5.9446 30.8391 -23.5977 0.0000 1650400563216 1944229.2500 -0.1950
-3.5919 31.0320 -23.4757 0.0000 1650400563245 1944258.2500 -0.1950
-5.3568 29.2621 -23.2540 0.0000 1650400563274 1944287.2500 -0.1950
-4.5777 31.4009 -22.4189 0.0000 1650400563303 1944316.2500 -0.1950
-4.1136 31.5457 -24.0585 0.0000 1650400563331 1944345.2500 -0.1950
-5.6465 29.2184 -20.7669 0.0000 1650400563361 1944374.2500 -0.1950
-3.3016 30.8268 -22.0798 0.0000 1650400563389 1944403.2500 -0.1950
-4.7803 30.6690 -21.9283 0.0000 1650400563418 1944432.0000 -0.1950
-7.4411 31.2878 -22.2755 0.0000 1650400563447 1944461.0000 -0.1950
-7.0430 28.9370 -22.3629 0.0000 1650400563477 1944490.0000 -0.1945
-6.0423 32.8806 -20.9651 0.0000 1650400563506 1944518.7500 -0.1945
-4.9605 29.7640 -20.5453 0.0000 1650400563535 1944547.7500 -0.1947
-8.2530 31.6422 -22.6255 0.0000 1650400563564 1944576.5000 -0.1950
-5.7845 28.8808 -22.0157 0.0000 1650400563593 1944605.5000 -0.1950
-7.5816 29.1096 -20.9969 0.0000 1650400563622 1944634.7500 -0.1950
-5.3543 30.4998 -19.7082 0.0000 1650400563650 1944663.7500 -0.1950
-4.4575 32.2732 -21.8699 0.0000 1650400563680 1944692.7500 -0.1950
-5.4310 31.1599 -20.3582 0.0000 1650400563708 1944721.7500 -0.1950
-4.0417 31.0615 -20.9654 0.0000 1650400563737 1944750.7500 -0.1950
-3.8124 33.6578 -23.4778 0.0000 1650400563766 1944779.7500 -0.1950
-4.3560 29.3403 -18.0754 0.0000 1650400563795 1944808.7500 -0.1950
-6.4231 29.9614 -19.2134 0.0000 1650400563824 1944840.5000 -0.1950
-5.2077 29.0723 -17.1027 0.0000 1650400563853 1944868.0000 -0.1950
-2.8196 29.0118 -19.3774 0.0000 1650400563882 1944895.7500 -0.1950
-4.7513 30.9201 -18.1236 0.0000 1650400563912 1944924.5000 -0.1950
-6.1277 29.9470 -17.3605 0.0000 1650400563941 1944953.7500 -0.1950
-7.5358 29.3126 -17.2139 0.0000 1650400563969 1944982.7500 -0.1950
-7.0519 29.0497 -16.5481 0.0000 1650400563998 1945011.7500 -0.1950
-4.8040 28.0650 -16.6905 0.0000 1650400564027 1945040.7500 -0.1950
-3.1431 26.8484 -17.6443 0.0000 1650400564056 1945069.7500 -0.1950
-4.3010 27.2692 -16.2738 0.0000 1650400564085 1945098.5000 -0.1950
-5.5143 27.1606 -15.2479 0.0000 1650400564114 1945127.5000 -0.1950
-2.8056 28.8789 -15.6994 0.0000 1650400564143 1945156.5000 -0.1945
-1.6279 28.6325 -17.7239 0.0000 1650400564172 1945185.2500 -0.1945
-2.1350 29.5658 -15.2500 0.0000 1650400564201 1945214.2500 -0.1945
-4.7095 30.0764 -20.6237 0.0000 1650400564229 1945243.2500 -0.1945
-5.1664 28.2825 -15.8314 0.0000 1650400564259 1945272.2500 -0.1945
-5.2226 30.0813 -19.1351 0.0000 1650400564288 1945301.2500 -0.1945
-5.8480 28.5330 -19.8500 0.0000 1650400564317 1945330.2500 -0.1946
-6.3359 26.4017 -15.5292 0.0000 1650400564346 1945362.0000 -0.1950
-3.9319 29.2358 -17.8410 0.0000 1650400564375 1945388.0000 -0.1945
-0.9929 29.4756 -17.3318 0.0000 1650400564404 1945417.2500 -0.1945
-5.1806 28.4516 -15.5336 0.0000 1650400564433 1945447.7500 -0.1946
-1.8900 29.0434 -18.0165 0.0000 1650400564462 1945475.0000 -0.1950
-6.9883 28.7739 -16.2081 0.0000 1650400564491 1945504.2500 -0.1950
-2.2948 32.9759 -16.3404 0.0000 1650400564520 1945533.0000 -0.1950
-2.6171 28.8371 -18.1068 0.0000 1650400564548 1945562.0000 -0.1950
-5.0492 30.3776 -16.4210 0.0000 1650400564577 1945592.5000 -0.1950
-3.9647 31.1847 -20.5385 0.0000 1650400564606 1945619.2500 -0.1950
-2.2797 30.4885 -18.5054 0.0000 1650400564636 1945648.7500 -0.1950
-5.5043 29.0076 -18.9016 0.0000 1650400564665 1945679.2500 -0.1950
-2.1899 29.7523 -20.0227 0.0000 1650400564694 1945708.0000 -0.1950
-2.0070 32.8406 -17.3554 0.0000 1650400564723 1945735.7500 -0.1950
-6.4997 30.4868 -17.4671 0.0000 1650400564752 1945764.7500 -0.1950
-5.0400 28.5430 -15.7732 0.0000 1650400564781 1945793.7500 -0.1950
-3.2944 30.1691 -21.9984 0.0000 1650400564809 1945822.7500 -0.1950
-2.8364 28.3165 -17.6639 0.0000 1650400564839 1945851.7500 -0.1950
-3.8903 30.8560 -17.8270 0.0000 1650400564867 1945880.7500 -0.1950
-3.6790 31.9747 -16.1399 0.0000 1650400564896 1945909.7500 -0.1950
-5.1600 31.7169 -18.1458 0.0000 1650400564925 1945938.7500 -0.1945
-2.5691 33.1122 -16.2252 0.0000 1650400564954 1945967.7500 -0.1945
-4.6224 29.9307 -16.8244 0.0000 1650400564983 1945996.7500 -0.1945
-3.1813 29.2534 -18.2858 0.0000 1650400565012 1946025.7500 -0.1945
-3.9526 32.0159 -17.0497 0.0000 1650400565041 1946054.7500 -0.1945
-4.0248 32.1420 -19.0471 0.0000 1650400565071 1946083.7500 -0.1945
-2.4679 29.9554 -16.9120 0.0000 1650400565100 1946112.7500 -0.1945
-3.4579 31.5719 -17.4044 0.0000 1650400565128 1946143.7500 -0.1945
-3.3828 29.9959 -17.0507 0.0000 1650400565157 1946170.7500 -0.1940
-4.8461 31.3338 -18.5303 0.0000 1650400565186 1946199.7500 -0.1940
-4.0483 32.5261 -17.6633 0.0000 1650400565215 1946228.5000 -0.1940
-4.7820 31.5067 -19.3338 0.0000 1650400565244 1946257.5000 -0.1940
-3.2051 30.5693 -18.8134 0.0000 1650400565273 1946286.2500 -0.1945
-8.4635 33.2107 -17.1988 0.0000 1650400565302 1946315.2500 -0.1945
-4.7410 31.3121 -18.7160 0.0000 1650400565331 1946344.2500 -0.1944
-5.5349 30.0723 -18.9306 0.0000 1650400565360 1946376.0000 -0.1940
-4.6334 32.8068 -18.2647 0.0000 1650400565388 1946401.7500 -0.1945
-4.5567 31.4641 -18.0976 0.0000 1650400565418 1946431.2500 -0.1945
-3.4136 30.6599 -18.1841 0.0000 1650400565447 1946461.2500 -0.1945
-3.4436 34.7205 -14.0560 0.0000 1650400565476 1946489.2500 -0.1945
-4.6841 35.4969 -16.8504 0.0000 1650400565505 1946518.2500 -0.1945
-5.2698 29.4786 -17.1486 0.0000 1650400565534 1946547.2500 -0.1945
-4.8458 30.2317 -18.2247 0.0000 1650400565563 1946576.2500 -0.1945
-4.2507 29.0836 -15.6670 0.0000 1650400565592 1946605.2500 -0.1945
-3.5180 28.8446 -18.7857 0.0000 1650400565621 1946634.0000 -0.1945
-4.9741 27.4372 -17.0132 0.0000 1650400565650 1946663.0000 -0.1945
-2.5612 30.1257 -17.8731 0.0000 1650400565679 1946692.0000 -0.1944
-1.0810 26.1052 -17.3532 0.0000 1650400565707 1946721.0000 -0.1940
-0.5755 26.8828 -14.2498 0.0000 1650400565737 1946749.7500 -0.1940
-0.2889 26.1936 -17.1675 0.0000 1650400565765 1946778.7500 -0.1940
-1.9243 26.1444 -18.7520 0.0000 1650400565794 1946807.7500 -0.1940
-1.8809 27.4882 -18.0755 0.0000 1650400565823 1946836.7500 -0.1935
-5.1907 26.5459 -16.1350 0.0000 1650400565853 1946865.7500 -0.1935
-0.9923 27.8899 -17.2583 0.0000 1650400565882 1946897.5000 -0.1940
-2.2184 28.4218 -17.1944 0.0000 1650400565911 1946923.5000 -0.1940
-4.5728 28.9522 -19.3577 0.0000 1650400565940 1946952.7500 -0.1950
-1.1803 30.0981 -16.5024 0.0000 1650400565969 1946981.7500 -0.1960
-1.5917 26.8944 -20.4004 0.0000 1650400565998 1947010.7500 -0.1974
-4.0779 28.2303 -18.0074 0.0000 1650400566026 1947039.7500 -0.1974
-1.3272 27.9471 -19.6808 0.0000 1650400566055 1947068.7500 -0.1979
-3.1503 28.1773 -19.8853 0.0000 1650400566084 1947097.7500 -0.1984
-2.0836 25.7086 -20.0487 0.0000 1650400566113 1947126.7500 -0.1989
-2.8526 26.7185 -19.5079 0.0000 1650400566142 1947159.7500 -0.1989
-2.4401 26.7735 -18.3745 0.0000 1650400566171 1947184.2500 -0.1991
-4.1574 27.7173 -21.8329 0.0000 1650400566200 1947213.7500 -0.1994
-3.1496 27.6147 -18.3701 0.0000 1650400566230 1947242.5000 -0.1995
-3.3026 27.0787 -20.2951 0.0000 1650400566259 1947271.7500 -0.1999
-4.9564 25.7122 -21.1174 0.0000 1650400566287 1947302.0000 -0.1999
-4.3775 25.7628 -20.5470 0.0000 1650400566317 1947329.7500 -0.1999
-3.2678 25.7269 -20.7628 0.0000 1650400566345 1947358.5000 -0.1999
-3.7113 25.8242 -24.0379 0.0000 1650400566374 1947387.5000 -0.1999
-5.4725 27.1193 -20.3524 0.0000 1650400566403 1947416.2500 -0.1999
-2.8359 25.6364 -20.1057 0.0000 1650400566432 1947445.2500 -0.1999
-1.0046 25.5325 -20.1389 0.0000 1650400566461 1947474.2500 -0.1999
-4.6675 24.9183 -20.4670 0.0000 1650400566490 1947503.2500 -0.1999
-5.4728 26.7232 -22.3741 0.0000 1650400566519 1947532.2500 -0.1999
-2.1511 27.8921 -22.5278 0.0000 1650400566548 1947561.2500 -0.1999
-3.7308 24.5809 -19.9998 0.0000 1650400566577 1947590.2500 -0.1998
-2.5712 25.9658 -21.7813 0.0000 1650400566606 1947619.2500 -0.1994
-1.7740 25.8296 -22.0503 0.0000 1650400566635 1947648.2500 -0.1994
-2.7976 27.3472 -22.8259 0.0000 1650400566664 1947679.5000 -0.1994
-3.3314 26.7091 -21.2864 0.0000 1650400566693 1947706.2500 -0.1994
-2.5676 27.6680 -21.1248 0.0000 1650400566722 1947735.2500 -0.1994
-4.3790 26.6298 -22.7962 0.0000 1650400566751 1947764.0000 -0.1994
-3.2201 27.6550 -23.2293 0.0000 1650400566780 1947793.0000 -0.1994
-3.4922 26.2829 -21.0157 0.0000 1650400566809 1947822.0000 -0.1994
-4.3397 27.9685 -20.7228 0.0000 1650400566838 1947850.7500 -0.1994
-2.5224 27.4777 -18.3624 0.0000 1650400566866 1947879.7500 -0.1994
-3.8766 27.3102 -21.0590 0.0000 1650400566896 1947910.2500 -0.1994
-6.3630 29.2103 -22.2437 0.0000 1650400566924 1947940.5000 -0.1994
-3.2288 28.0924 -22.7854 0.0000 1650400566953 1947966.7500 -0.1994
-4.2148 29.8725 -22.4625 0.0000 1650400566983 1947997.2500 -0.1994
-6.0548 28.2617 -21.4353 0.0000 1650400567012 1948024.7500 -0.1995
-4.5857 30.1203 -20.1026 0.0000 1650400567041 1948053.7500 -0.1999
-6.5636 27.6422 -20.7613 0.0000 1650400567070 1948082.7500 -0.1999
-5.6296 27.7096 -19.9120 0.0000 1650400567099 1948111.7500 -0.1999
-5.6884 29.2336 -21.3705 0.0000 1650400567128 1948140.7500 -0.1999
-5.0221 30.1225 -23.9908 0.0000 1650400567157 1948169.7500 -0.1999
-4.5645 26.6886 -22.4589 0.0000 1650400567185 1948198.7500 -0.1999
-4.4629 29.2330 -20.1560 0.0000 1650400567214 1948229.0000 -0.1999
-7.5490 29.0396 -21.6441 0.0000 1650400567243 1948256.7500 -0.1999
-4.2564 29.5037 -23.0343 0.0000 1650400567272 1948285.7500 -0.1999
-5.2696 29.5078 -23.8442 0.0000 1650400567301 1948314.7500 -0.1999
-4.9933 26.7394 -21.9730 0.0000 1650400567330 1948343.7500 -0.1994
-4.5755 27.5743 -22.9665 0.0000 1650400567359 1948372.7500 -0.1994
-5.0875 29.4841 -20.5024 0.0000 1650400567389 1948401.7500 -0.1994
-5.2955 26.9195 -22.3623 0.0000 1650400567418 1948431.7500 -0.1994
-3.6595 32.7709 -22.1538 0.0000 1650400567446 1948462.5000 -0.1994
-3.7578 29.6058 -22.2721 0.0000 1650400567476 1948488.5000 -0.1994
-5.9774 30.6559 -20.9529 0.0000 1650400567504 1948517.5000 -0.1994
-6.4395 29.3658 -22.5318 0.0000 1650400567533 1948546.2500 -0.1994
-3.9556 30.4678 -22.0368 0.0000 1650400567562 1948575.2500 -0.1989
-6.0876 30.4116 -21.2923 0.0000 1650400567591 1948604.2500 -0.1989
-4.7585 29.1780 -21.4226 0.0000 1650400567620 1948633.2500 -0.1989
-7.6574 29.1175 -19.4111 0.0000 1650400567649 1948662.2500 -0.1989
-5.0905 30.0293 -21.5867 0.0000 1650400567678 1948693.7500 -0.1989
-6.2126 30.3551 -21.3475 0.0000 1650400567707 1948720.0000 -0.1989
-4.5219 29.4656 -21.3913 0.0000 1650400567736 1948749.2500 -0.1989
-3.7751 31.6083 -19.5340 0.0000 1650400567765 1948779.0000 -0.1989
-3.6811 30.4639 -18.9520 0.0000 1650400567795 1948807.2500 -0.1989
-4.3669 27.1760 -19.5658 0.0000 1650400567823 1948836.2500 -0.1989
-5.4958 29.8386 -17.3744 0.0000 1650400567852 1948865.0000 -0.1991
-6.0711 28.6863 -18.9809 0.0000 1650400567881 1948894.0000 -0.1994
-4.4118 29.4070 -15.6553 0.0000 1650400567910 1948923.0000 -0.1994
-2.1564 26.6061 -15.4703 0.0000 1650400567939 1948952.0000 -0.1994
-4.9434 27.6547 -16.8906 0.0000 1650400567968 1948980.7500 -0.1994
-1.8546 31.0791 -18.6477 0.0000 1650400567997 1949009.7500 -0.1994
-6.3790 27.9641 -17.5657 0.0000 1650400568026 1949038.7500 -0.1994
-4.5955 29.0233 -15.2382 0.0000 1650400568055 1949067.7500 -0.1994
-1.9388 30.6932 -17.3620 0.0000 1650400568083 1949096.7500 -0.1994
-4.5290 29.9142 -16.9611 0.0000 1650400568112 1949125.7500 -0.1994
-3.7321 28.1545 -15.5896 0.0000 1650400568142 1949154.7500 -0.1994
-4.6558 26.1922 -16.2792 0.0000 1650400568171 1949183.7500 -0.1994
-3.4852 27.3250 -17.4096 0.0000 1650400568200 1949213.5000 -0.1994
-6.7714 26.3432 -18.8954 0.0000 1650400568229 1949241.5000 -0.1994
-3.6992 29.1358 -17.1800 0.0000 1650400568258 1949270.7500 -0.1994
-5.0668 29.4139 -17.7206 0.0000 1650400568287 1949299.7500 -0.1989
-4.5194 26.2194 -18.2165 0.0000 1650400568316 1949328.7500 -0.1989
-2.1546 27.9388 -19.1473 0.0000 1650400568344 1949357.7500 -0.1989
-6.6435 28.0039 -16.5533 0.0000 1650400568374 1949386.7500 -0.1989
-3.7009 29.6404 -16.5915 0.0000 1650400568402 1949415.7500 -0.1984
-3.4748 26.2908 -15.1996 0.0000 1650400568432 1949446.0000 -0.1984
-2.9729 29.7826 -15.3445 0.0000 1650400568460 1949474.5000 -0.1984
-3.8056 30.6551 -15.2281 0.0000 1650400568489 1949502.7500 -0.1984
-4.5532 29.0367 -15.0953 0.0000 1650400568518 1949531.7500 -0.1984
-3.3185 30.4826 -16.3711 0.0000 1650400568548 1949560.2500 -0.1984
-4.0400 30.5070 -18.0660 0.0000 1650400568577 1949589.5000 -0.1989
-1.8121 31.8699 -19.5951 0.0000 1650400568606 1949618.5000 -0.1989
-4.6338 29.7403 -19.3633 0.0000 1650400568635 1949647.2500 -0.1989
-5.3180 30.8239 -16.2230 0.0000 1650400568663 1949676.2500 -0.1989
-2.4272 30.3749 -19.3481 0.0000 1650400568692 1949705.2500 -0.1989
-7.5116 26.9344 -17.6666 0.0000 1650400568721 1949734.2500 -0.1989
-3.7237 30.1479 -18.2714 0.0000 1650400568750 1949763.2500 -0.1989
-4.6707 28.5744 -19.7529 0.0000 1650400568779 1949792.2500 -0.1989
-5.3296 29.6423 -17.3155 0.0000 1650400568808 1949821.2500 -0.1989
-4.6400 29.6499 -16.7743 0.0000 1650400568837 1949850.2500 -0.1994
-4.2694 29.5480 -18.2180 0.0000 1650400568866 1949879.2500 -0.1994
-4.6317 30.8492 -18.8533 0.0000 1650400568895 1949908.2500 -0.1994
-4.4965 29.4546 -16.8711 0.0000 1650400568924 1949937.2500 -0.1994
-3.8081 29.7269 -18.4396 0.0000 1650400568954 1949967.5000 -0.1994
-4.9021 28.5757 -19.0902 0.0000 1650400568982 1949996.0000 -0.1994
-1.9981 29.8726 -17.4741 0.0000 1650400569011 1950024.0000 -0.1994
-3.8948 29.7203 -17.1893 0.0000 1650400569040 1950053.0000 -0.1994
-4.8159 31.5114 -16.0975 0.0000 1650400569069 1950081.7500 -0.1994
-3.9711 32.2406 -17.3212 0.0000 1650400569098 1950110.7500 -0.1994
-3.1276 29.5560 -15.7465 0.0000 1650400569127 1950139.7500 -0.1994
-2.4672 32.1523 -16.0292 0.0000 1650400569156 1950168.7500 -0.1994
-3.4076 28.7835 -17.6698 0.0000 1650400569185 1950197.7500 -0.1989
-4.0143 31.0616 -18.4069 0.0000 1650400569214 1950226.5000 -0.1989
-2.3113 30.4740 -20.1848 0.0000 1650400569242 1950257.0000 -0.1989
-5.9601 31.4933 -19.7050 0.0000 1650400569272 1950284.7500 -0.1989
-5.6618 33.8217 -18.4636 0.0000 1650400569300 1950315.0000 -0.1989
-4.9824 27.4964 -15.9713 0.0000 1650400569330 1950342.7500 -0.1989
-5.0227 31.8920 -18.3566 0.0000 1650400569359 1950371.7500 -0.1989
-3.7744 31.3862 -18.1776 0.0000 1650400569388 1950400.7500 -0.1989
-3.1879 31.0149 -16.8352 0.0000 1650400569417 1950429.7500 -0.1989
-5.6642 29.9471 -17.3709 0.0000 1650400569446 1950458.7500 -0.1989
-3.6060 30.6671 -17.3664 0.0000 1650400569475 1950487.7500 -0.1994
-2.0994 32.3657 -19.1496 0.0000 1650400569504 1950516.7500 -0.1994
-0.0663 32.3515 -15.4946 0.0000 1650400569533 1950545.7500 -0.1994
-1.9000 32.1888 -17.6507 0.0000 1650400569561 1950574.7500 -0.1994
-3.7565 31.2616 -16.5127 0.0000 1650400569590 1950603.7500 -0.1994
-4.1781 29.8143 -15.5644 0.0000 1650400569619 1950632.7500 -0.1994
-1.8093 30.9971 -18.1848 0.0000 1650400569648 1950661.7500 -0.1994
-3.7990 26.9664 -15.6561 0.0000 1650400569677 1950690.5000 -0.1994
-1.6384 28.8506 -15.8816 0.0000 1650400569706 1950719.5000 -0.1994
-3.3707 28.9341 -16.6454 0.0000 1650400569736 1950751.0000 -0.1994
-0.5904 26.9252 -15.2984 0.0000 1650400569765 1950776.7500 -0.1994
-2.8989 29.9519 -17.6750 0.0000 1650400569794 1950806.2500 -0.1994
-1.9516 28.9910 -16.2612 0.0000 1650400569822 1950835.2500 -0.1994
-1.4192 25.6359 -15.5312 0.0000 1650400569852 1950864.2500 -0.1994
-2.5829 25.9852 -19.0338 0.0000 1650400569880 1950893.2500 -0.1993
-4.5442 27.8130 -18.0573 0.0000 1650400569909 1950922.2500 -0.1989
-2.9338 24.9789 -19.0523 0.0000 1650400569938 1950951.2500 -0.1989
-2.0648 27.4499 -18.1213 0.0000 1650400569967 1950981.7500 -0.1989
0.5642 27.4746 -18.9335 0.0000 1650400569996 1951011.7500 -0.1989
-1.7901 27.0196 -19.2372 0.0000 1650400570025 1951038.2500 -0.1984
-2.7379 27.9826 -19.2689 0.0000 1650400570054 1951068.7500 -0.1984
-3.7140 27.0124 -17.3131 0.0000 1650400570083 1951097.0000 -0.1984
-3.1213 26.9050 -18.4189 0.0000 1650400570113 1951125.0000 -0.1984
-5.1069 25.3865 -19.5321 0.0000 1650400570141 1951154.0000 -0.1984
-1.6583 26.4376 -20.2170 0.0000 1650400570170 1951183.0000 -0.1984
-1.2907 27.1924 -17.2499 0.0000 1650400570199 1951211.7500 -0.1984
-3.4738 26.3354 -21.0025 0.0000 1650400570228 1951240.7500 -0.1984
-4.4489 27.2375 -22.7050 0.0000 1650400570257 1951269.7500 -0.1984
-4.0770 29.0638 -22.8978 0.0000 1650400570286 1951298.7500 -0.1984
-2.7025 26.7395 -20.1532 0.0000 1650400570315 1951327.7500 -0.1984
-0.9577 25.5097 -22.3498 0.0000 1650400570344 1951356.7500 -0.1984
-5.9121 26.7461 -20.9333 0.0000 1650400570373 1951385.7500 -0.1989
-3.5039 26.4771 -20.0205 0.0000 1650400570401 1951414.7500 -0.1989
-6.0858 26.9839 -20.6814 0.0000 1650400570431 1951443.7500 -0.1989
-1.1490 23.6869 -20.7077 0.0000 1650400570459 1951472.7500 -0.1989
-3.2643 27.4989 -21.2301 0.0000 1650400570489 1951503.2500 -0.1991
-1.7570 26.7587 -20.5217 0.0000 1650400570518 1951529.7500 -0.1994
-4.4836 28.5653 -19.8783 0.0000 1650400570547 1951559.7500 -0.1993
-1.9115 26.0259 -21.6424 0.0000 1650400570576 1951588.7500 -0.1989
-4.8366 27.0661 -20.5168 0.0000 1650400570605 1951617.7500 -0.1989
-3.6434 28.1599 -22.9091 0.0000 1650400570634 1951646.7500 -0.1994
-2.8231 26.0541 -21.2262 0.0000 1650400570663 1951675.7500 -0.1994
-2.9356 27.3689 -21.5515 0.0000 1650400570692 1951704.7500 -0.1994
-2.4652 26.8369 -21.4141 0.0000 1650400570720 1951733.7500 -0.1994
-1.7766 25.8972 -21.8509 0.0000 1650400570749 1951765.2500 -0.1994
-5.7918 23.9042 -21.1172 0.0000 1650400570778 1951793.0000 -0.1994
-3.8276 30.2594 -23.3962 0.0000 1650400570807 1951820.5000 -0.1994
-3.8547 28.0588 -22.9528 0.0000 1650400570836 1951852.0000 -0.1994
-5.4705 27.7738 -23.0578 0.0000 1650400570866 1951878.2500 -0.1994
-2.0254 27.2843 -21.2156 0.0000 1650400570895 1951907.2500 -0.1994
-2.4813 26.6878 -22.8219 0.0000 1650400570924 1951936.2500 -0.1989
-2.8328 27.0765 -22.3134 0.0000 1650400570953 1951965.2500 -0.1989
-1.3252 27.9574 -19.8657 0.0000 1650400570981 1951994.2500 -0.1989
