-8.5177 77.2875 -28.4354 0.0000 1650400322639 1703645.0000 -0.1969
-8.5879 77.2997 -28.6413 0.0000 1650400322693 1703699.0000 -0.1965
-8.5372 77.4561 -28.5311 0.0000 1650400322747 1703753.0000 -0.1969
-8.5436 77.2580 -28.4938 0.0000 1650400322801 1703807.0000 -0.1965
-8.4494 77.2729 -28.6225 0.0000 1650400322856 1703861.0000 -0.1965
-8.5073 77.2809 -28.3249 0.0000 1650400322908 1703915.0000 -0.1965
-8.4273 79.2370 -28.3804 0.0000 1650400322962 1703969.0000 -0.1960
-8.5448 77.3594 -28.2521 0.0000 1650400323016 1704023.0000 -0.1965
-8.4659 77.3940 -28.2963 0.0000 1650400323070 1704077.0000 -0.1965
-8.6012 77.3954 -28.1914 0.0000 1650400323124 1704131.0000 -0.1965
-8.6371 77.2815 -28.1477 0.0000 1650400323178 1704185.0000 -0.1965
-8.5419 77.2172 -28.3566 0.0000 1650400323232 1704239.0000 -0.1965
-8.6695 77.2869 -28.2606 0.0000 1650400323287 1704293.0000 -0.1969
-8.5769 77.2454 -28.5216 0.0000 1650400323341 1704347.0000 -0.1969
-8.5758 77.2846 -28.3425 0.0000 1650400323395 1704400.0000 -0.1965
-8.5638 77.3459 -28.4606 0.0000 1650400323449 1704454.0000 -0.1965
-8.5912 77.2121 -28.5390 0.0000 1650400323501 1704508.0000 -0.1965
-8.5566 77.1874 -28.2729 0.0000 1650400323555 1704562.0000 -0.1965
-8.5393 77.3290 -28.4330 0.0000 1650400323609 1704616.0000 -0.1965
-8.4965 77.2837 -28.3536 0.0000 1650400323664 1704670.0000 -0.1969
-8.4373 77.4481 -28.2874 0.0000 1650400323718 1704724.0000 -0.1965
-8.6778 77.2658 -28.2855 0.0000 1650400323772 1704778.0000 -0.1965
-8.5431 77.2817 -28.5191 0.0000 1650400323826 1704832.0000 -0.1965
-8.5539 77.2762 -28.6271 0.0000 1650400323880 1704886.0000 -0.1965
-8.5422 77.3088 -28.3237 0.0000 1650400323934 1704940.0000 -0.1965
-8.5672 77.2529 -28.3322 0.0000 1650400323988 1704994.0000 -0.1960
-8.4368 77.3444 -28.2746 0.0000 1650400324043 1705048.0000 -0.1965
-8.4659 77.2854 -28.4067 0.0000 1650400324097 1705102.0000 -0.1965
-8.5347 77.2797 -28.3961 0.0000 1650400324149 1705156.0000 -0.1965
-8.4133 77.3237 -28.4260 0.0000 1650400324203 1705210.0000 -0.1965
-8.5040 77.3398 -28.5618 0.0000 1650400324257 1705264.0000 -0.1965
-8.5576 77.2052 -28.2619 0.0000 1650400324311 1705318.0000 -0.1965
-8.5434 77.2199 -28.7476 0.0000 1650400324365 1705372.0000 -0.1965
-8.6396 77.2990 -28.6474 0.0000 1650400324419 1705426.0000 -0.1965
-8.4937 77.2126 -28.3875 0.0000 1650400324474 1705480.0000 -0.1965
-8.5159 77.3245 -28.5819 0.0000 1650400324528 1705534.0000 -0.1960
-8.5040 77.3231 -28.2721 0.0000 1650400324582 1705588.0000 -0.1960
-8.6117 77.3476 -28.2199 0.0000 1650400324636 1705642.0000 -0.1960
-8.4828 77.3520 -28.4127 0.0000 1650400324690 1705696.0000 -0.1960
-8.5820 77.3805 -28.1496 0.0000 1650400324742 1705749.0000 -0.1965
-8.6145 77.2987 -28.1818 0.0000 1650400324796 1705803.0000 -0.1960
-8.4833 77.2674 -28.2137 0.0000 1650400324851 1705857.0000 -0.1960
-8.5180 77.2103 -28.4196 0.0000 1650400324905 1705911.0000 -0.1965
-8.5144 77.3022 -28.1959 0.0000 1650400324959 1705965.0000 -0.1965
-8.4955 77.2858 -28.3207 0.0000 1650400325013 1706019.0000 -0.1960
-8.5583 77.3668 -28.4974 0.0000 1650400325067 1706073.0000 -0.1960
-8.5284 77.3484 -28.4197 0.0000 1650400325121 1706127.0000 -0.1955
-8.5948 77.3664 -28.4199 0.0000 1650400325175 1706181.0000 -0.1960
-8.5356 77.4012 -28.1843 0.0000 1650400325230 1706235.0000 -0.1960
-8.5428 77.2533 -28.3368 0.0000 1650400325284 1706289.0000 -0.1960
-8.6304 77.1711 -28.4448 0.0000 1650400325336 1706343.0000 -0.1960
-8.4374 77.3276 -28.2890 0.0000 1650400325390 1706397.0000 -0.1960
-8.5327 77.2075 -28.3236 0.0000 1650400325444 1706451.0000 -0.1960
-8.4771 77.6263 -27.4619 0.0000 1650400325498 1706505.0000 -0.1960
-8.8000 77.6021 -26.4976 0.0000 1650400325552 1706559.0000 -0.1960
-8.5384 77.6363 -25.2445 0.0000 1650400325607 1706613.0000 -0.1960
-8.6844 77.3626 -23.5232 0.0000 1650400325661 1706667.0000 -0.1960
-8.4449 77.6839 -22.9505 0.0000 1650400325715 1706721.0000 -0.1960
-8.6598 77.2904 -22.1050 0.0000 1650400325769 1706775.0000 -0.1960
-8.6322 77.4859 -20.5148 0.0000 1650400325823 1706829.0000 -0.1960
-8.5056 77.3337 -20.7145 0.0000 1650400325877 1706883.0000 -0.1960
-8.4766 77.5610 -20.9554 0.0000 1650400325931 1706937.0000 -0.1960
-8.4836 77.2253 -20.7858 0.0000 1650400325984 1706991.0000 -0.1960
-8.3348 77.2584 -21.0665 0.0000 1650400326038 1707045.0000 -0.1960
-8.4482 77.1675 -21.1064 0.0000 1650400326092 1707099.0000 -0.1955
-8.4120 77.1470 -20.8625 0.0000 1650400326146 1707152.0000 -0.1955
-8.4050 77.2696 -20.9730 0.0000 1650400326200 1707206.0000 -0.1955
-8.4484 77.2088 -20.9088 0.0000 1650400326254 1707260.0000 -0.1960
-8.4275 77.1380 -20.8642 0.0000 1650400326308 1707314.0000 -0.1960
-8.3797 77.0900 -20.8677 0.0000 1650400326363 1707368.0000 -0.1960
-8.3819 77.1339 -20.7998 0.0000 1650400326417 1707422.0000 -0.1960
-8.3826 77.1109 -20.9821 0.0000 1650400326471 1707476.0000 -0.1960
-8.4282 77.1639 -20.8605 0.0000 1650400326525 1707530.0000 -0.1965
-8.4872 77.2111 -21.0770 0.0000 1650400326577 1707584.0000 -0.1965
-8.3850 77.2016 -20.8615 0.0000 1650400326631 1707638.0000 -0.1960
-8.3507 77.2405 -21.0546 0.0000 1650400326685 1707692.0000 -0.1960
-8.3939 77.1745 -20.9020 0.0000 1650400326740 1707746.0000 -0.1960
-8.2379 77.2829 -20.7953 0.0000 1650400326794 1707800.0000 -0.1960
-8.4521 77.3825 -20.7581 0.0000 1650400326848 1707854.0000 -0.1960
-8.4599 77.1886 -20.8559 0.0000 1650400326902 1707908.0000 -0.1960
-8.4780 77.1744 -20.7191 0.0000 1650400326956 1707962.0000 -0.1955
-8.4401 77.1407 -20.4695 0.0000 1650400327010 1708016.0000 -0.1960
-8.3458 77.1299 -20.7200 0.0000 1650400327064 1708070.0000 -0.1960
-8.4282 76.9453 -20.7818 0.0000 1650400327118 1708124.0000 -0.1955
-8.4632 79.1444 -21.6173 0.0000 1650400327173 1708178.0000 -0.1955
-8.5496 77.2710 -22.0006 0.0000 1650400327225 1708232.0000 -0.1955
-8.5102 78.8905 -23.7511 0.0000 1650400327279 1708286.0000 -0.1955
-8.7624 77.5881 -24.8959 0.0000 1650400327333 1708340.0000 -0.1955
-8.6046 77.3407 -27.0588 0.0000 1650400327387 1708394.0000 -0.1960
-8.1365 77.4462 -28.1920 0.0000 1650400327441 1708447.0000 -0.1960
-8.3619 77.5500 -29.1655 0.0000 1650400327495 1708501.0000 -0.1960
-9.3768 77.2569 -30.6532 0.0000 1650400327550 1708555.0000 -0.1960
-8.9793 77.5640 -30.6711 0.0000 1650400327604 1708609.0000 -0.1960
-8.5098 78.6292 -32.1701 0.0000 1650400327658 1708663.0000 -0.1960
-9.1639 78.6271 -33.5056 0.0000 1650400327712 1708717.0000 -0.1955
-9.1200 77.4618 -34.8071 0.0000 1650400327766 1708771.0000 -0.1955
-8.5814 78.8470 -36.5223 0.0000 1650400327818 1708825.0000 -0.1960
-9.0599 77.4302 -36.5610 0.0000 1650400327872 1708879.0000 -0.1960
-9.0413 78.8394 -37.8164 0.0000 1650400327927 1708933.0000 -0.1965
-9.1248 78.8197 -39.4813 0.0000 1650400327981 1708987.0000 -0.1965
-8.9936 78.8707 -39.9102 0.0000 1650400328035 1709041.0000 -0.1955
-8.9518 78.7343 -40.5362 0.0000 1650400328089 1709095.0000 -0.1960
-8.8845 78.7519 -40.6807 0.0000 1650400328143 1709149.0000 -0.1960
-8.8269 78.7644 -42.1797 0.0000 1650400328197 1709203.0000 -0.1960
-9.0901 78.7094 -41.8508 0.0000 1650400328251 1709257.0000 -0.1960
-8.9221 78.8313 -42.3901 0.0000 1650400328306 1709311.0000 -0.1955
-8.8700 77.2951 -42.4632 0.0000 1650400328360 1709365.0000 -0.1955
-8.9835 78.8085 -43.6291 0.0000 1650400328414 1709419.0000 -0.1955
-8.9759 79.1477 -43.3745 0.0000 1650400328466 1709473.0000 -0.1960
-8.7964 79.2065 -43.9473 0.0000 1650400328520 1709527.0000 -0.1960
-8.8319 79.0199 -44.0711 0.0000 1650400328574 1709581.0000 -0.1955
-8.7542 79.0240 -43.8458 0.0000 1650400328628 1709635.0000 -0.1960
-8.8905 77.3679 -43.3943 0.0000 1650400328683 1709689.0000 -0.1960
-8.8802 77.4066 -42.9734 0.0000 1650400328737 1709743.0000 -0.1955
-8.6764 77.2497 -42.1193 0.0000 1650400328791 1709797.0000 -0.1960
-8.9675 77.1957 -41.7733 0.0000 1650400328845 1709850.0000 -0.1955
-8.9410 77.1721 -40.6143 0.0000 1650400328899 1709904.0000 -0.1960
-8.9264 78.8514 -39.9225 0.0000 1650400328953 1709958.0000 -0.1960
-9.0362 77.4523 -38.8982 0.0000 1650400329007 1710012.0000 -0.1965
-9.0466 77.2909 -38.2150 0.0000 1650400329059 1710066.0000 -0.1960
-9.0397 77.5910 -36.9090 0.0000 1650400329114 1710120.0000 -0.1960
-8.8144 77.6752 -36.1286 0.0000 1650400329168 1710174.0000 -0.1960
-8.9310 77.5564 -34.8448 0.0000 1650400329222 1710228.0000 -0.1960
-8.9734 77.5444 -33.6387 0.0000 1650400329276 1710282.0000 -0.1960
-9.1214 77.4574 -32.3006 0.0000 1650400329330 1710336.0000 -0.1955
-8.3959 79.1814 -30.5706 0.0000 1650400329384 1710390.0000 -0.1955
-9.1248 77.6148 -28.6335 0.0000 1650400329438 1710444.0000 -0.1955
-8.9261 77.5116 -28.7032 0.0000 1650400329493 1710498.0000 -0.1955
-8.8447 77.4074 -26.8457 0.0000 1650400329547 1710552.0000 -0.1960
-8.5791 77.2083 -26.1931 0.0000 1650400329601 1710606.0000 -0.1955
-8.2904 76.9967 -24.5631 0.0000 1650400329653 1710660.0000 -0.1955
-8.4985 79.1063 -23.5588 0.0000 1650400329707 1710714.0000 -0.1960
-8.3707 77.1990 -22.1230 0.0000 1650400329761 1710768.0000 -0.1960
-8.7197 77.1612 -21.3169 0.0000 1650400329815 1710822.0000 -0.1955
-8.7081 77.6778 -20.8851 0.0000 1650400329870 1710876.0000 -0.1955
-8.4919 77.3242 -20.8408 0.0000 1650400329924 1710930.0000 -0.1955
-8.5168 77.2976 -21.0417 0.0000 1650400329978 1710984.0000 -0.1955
-8.4149 77.1774 -21.1035 0.0000 1650400330032 1711038.0000 -0.1960
-8.3060 77.1949 -21.0912 0.0000 1650400330086 1711092.0000 -0.1960
-8.3867 77.2035 -21.0121 0.0000 1650400330140 1711146.0000 -0.1960
-8.3330 77.3464 -21.0075 0.0000 1650400330194 1711199.0000 -0.1960
-8.3428 77.3574 -20.7586 0.0000 1650400330248 1711253.0000 -0.1960
-8.3028 77.2212 -20.8747 0.0000 1650400330301 1711307.0000 -0.1960
-8.3302 77.2592 -20.8812 0.0000 1650400330355 1711361.0000 -0.1960
-8.3406 77.2856 -20.9082 0.0000 1650400330409 1711415.0000 -0.1955
-8.4448 77.1968 -20.5770 0.0000 1650400330463 1711469.0000 -0.1955
-8.4365 77.2100 -20.6996 0.0000 1650400330517 1711523.0000 -0.1955
-8.4005 77.1063 -20.7831 0.0000 1650400330571 1711577.0000 -0.1955
-8.2409 77.2418 -20.7961 0.0000 1650400330625 1711631.0000 -0.1960
-8.4912 77.1551 -20.7515 0.0000 1650400330680 1711685.0000 -0.1955
-8.3478 77.2624 -20.9817 0.0000 1650400330734 1711739.0000 -0.1955
-8.3724 77.2169 -21.0080 0.0000 1650400330788 1711793.0000 -0.1955
-8.3035 77.2367 -21.1201 0.0000 1650400330842 1711847.0000 -0.1955
-8.2151 77.5170 -20.7620 0.0000 1650400330894 1711901.0000 -0.1955
-8.3124 77.5685 -20.7719 0.0000 1650400330948 1711955.0000 -0.1950
-8.4134 77.4542 -20.8927 0.0000 1650400331002 1712009.0000 -0.1950
-8.2922 77.1251 -21.0275 0.0000 1650400331057 1712063.0000 -0.1950
-8.3899 77.1428 -21.0239 0.0000 1650400331111 1712117.0000 -0.1955
-8.3953 77.3462 -20.8381 0.0000 1650400331165 1712171.0000 -0.1955
-8.1037 79.0852 -21.7706 0.0000 1650400331219 1712225.0000 -0.1955
-8.2887 79.0885 -23.1258 0.0000 1650400331273 1712279.0000 -0.1955
-8.6650 77.5562 -24.5597 0.0000 1650400331327 1712333.0000 -0.1955
-8.4746 77.3719 -26.3937 0.0000 1650400331381 1712387.0000 -0.1955
-8.5226 77.6067 -27.2196 0.0000 1650400331436 1712441.0000 -0.1955
-8.4411 77.5577 -27.9759 0.0000 1650400331490 1712495.0000 -0.1955
-8.9447 77.4582 -28.9636 0.0000 1650400331542 1712548.0000 -0.1955
-9.1548 77.4980 -30.5891 0.0000 1650400331596 1712602.0000 -0.1955
-9.0882 78.9983 -32.4516 0.0000 1650400331650 1712656.0000 -0.1955
-9.1461 76.9236 -33.3735 0.0000 1650400331704 1712710.0000 -0.1955
-8.9964 78.9301 -33.7305 0.0000 1650400331758 1712764.0000 -0.1955
-8.9980 79.1489 -35.6622 0.0000 1650400331813 1712818.0000 -0.1955
-9.4277 78.8030 -36.9735 0.0000 1650400331867 1712872.0000 -0.1960
-8.6538 79.0392 -37.9280 0.0000 1650400331921 1712926.0000 -0.1955
-8.9876 78.7704 -39.0460 0.0000 1650400331975 1712980.0000 -0.1955
-9.1417 76.6367 -39.7920 0.0000 1650400332029 1713034.0000 -0.1955
-6.4902 78.9827 -39.6105 0.0000 1650400332083 1713088.0000 -0.1955
-9.1059 76.9673 -40.6737 0.0000 1650400332135 1713142.0000 -0.1950
-8.3654 77.3326 -40.9227 0.0000 1650400332189 1713196.0000 -0.1955
-9.1830 77.3500 -42.0507 0.0000 1650400332244 1713250.0000 -0.1955
-9.0575 78.7174 -43.3141 0.0000 1650400332298 1713304.0000 -0.1950
-8.7904 78.9887 -42.6073 0.0000 1650400332352 1713358.0000 -0.1955
-8.7716 79.1232 -43.9875 0.0000 1650400332406 1713412.0000 -0.1955
-8.8721 78.9995 -43.8535 0.0000 1650400332460 1713466.0000 -0.1955
-8.8924 78.9243 -43.8788 0.0000 1650400332514 1713520.0000 -0.1950
-9.0680 78.9198 -42.9392 0.0000 1650400332569 1713574.0000 -0.1950
-8.9872 78.9684 -43.7776 0.0000 1650400332623 1713628.0000 -0.1950
-9.0586 79.0537 -43.0743 0.0000 1650400332677 1713682.0000 -0.1950
-8.8628 77.2313 -42.7447 0.0000 1650400332729 1713736.0000 -0.1950
-9.0347 77.1628 -42.5072 0.0000 1650400332783 1713790.0000 -0.1955
-8.9368 77.0996 -42.0758 0.0000 1650400332837 1713844.0000 -0.1950
-8.9751 78.7819 -41.0788 0.0000 1650400332891 1713897.0000 -0.1950
-8.9122 77.3088 -40.1211 0.0000 1650400332945 1713951.0000 -0.1955
-9.1730 77.1304 -39.2391 0.0000 1650400333000 1714005.0000 -0.1950
-8.6971 77.6152 -38.8718 0.0000 1650400333054 1714059.0000 -0.1950
-8.6697 77.6454 -37.7368 0.0000 1650400333108 1714113.0000 -0.1950
-8.9895 77.6500 -36.7534 0.0000 1650400333162 1714167.0000 -0.1950
-8.8493 77.6367 -35.8455 0.0000 1650400333216 1714221.0000 -0.1950
-9.0268 77.6685 -34.3564 0.0000 1650400333270 1714275.0000 -0.1950
-8.6126 77.6901 -33.3497 0.0000 1650400333324 1714329.0000 -0.1955
-8.9202 77.2076 -31.4882 0.0000 1650400333377 1714383.0000 -0.1950
-8.8118 77.5314 -31.0320 0.0000 1650400333431 1714437.0000 -0.1950
-8.9497 77.6121 -29.4325 0.0000 1650400333485 1714491.0000 -0.1950
-9.0734 77.5598 -28.0124 0.0000 1650400333539 1714545.0000 -0.1950
-8.4436 77.4774 -26.9273 0.0000 1650400333593 1714599.0000 -0.1950
-8.6166 77.4178 -25.2742 0.0000 1650400333647 1714653.0000 -0.1950
-8.6247 77.3888 -24.2058 0.0000 1650400333701 1714707.0000 -0.1950
-8.6342 77.0306 -22.8530 0.0000 1650400333755 1714761.0000 -0.1950
-8.4951 77.4632 -21.7726 0.0000 1650400333810 1714815.0000 -0.1950
-8.5411 77.6560 -21.4595 0.0000 1650400333864 1714869.0000 -0.1955
-8.5472 77.1637 -21.0473 0.0000 1650400333918 1714923.0000 -0.1950
-8.4349 77.3034 -20.9714 0.0000 1650400333970 1714977.0000 -0.1950
-8.3401 77.1759 -21.0157 0.0000 1650400334024 1715031.0000 -0.1950
-8.3193 77.2470 -21.2092 0.0000 1650400334078 1715085.0000 -0.1950
-8.3351 77.5579 -20.9772 0.0000 1650400334132 1715139.0000 -0.1955
-8.2210 77.3723 -20.9418 0.0000 1650400334187 1715193.0000 -0.1950
-8.3977 77.3928 -21.1157 0.0000 1650400334241 1715246.0000 -0.1950
-8.3551 77.3188 -21.0243 0.0000 1650400334295 1715300.0000 -0.1950
-8.3923 77.2680 -21.0568 0.0000 1650400334349 1715354.0000 -0.1955
-8.3070 77.2914 -20.9570 0.0000 1650400334403 1715408.0000 -0.1955
-8.4390 77.2626 -20.9593 0.0000 1650400334457 1715462.0000 -0.1950
-8.3412 77.2924 -21.0637 0.0000 1650400334511 1715516.0000 -0.1950
-8.3721 77.2011 -21.0485 0.0000 1650400334566 1715570.0000 -0.1950
-8.2385 77.2573 -21.1109 0.0000 1650400334618 1715624.0000 -0.1950
-8.4099 77.2726 -21.1317 0.0000 1650400334672 1715678.0000 -0.1950
-8.3999 77.1585 -21.3067 0.0000 1650400334726 1715732.0000 -0.1950
-8.3921 77.2168 -21.2237 0.0000 1650400334780 1715786.0000 -0.1950
-8.3994 77.4340 -20.9539 0.0000 1650400334834 1715840.0000 -0.1950
-8.4017 77.5306 -20.9750 0.0000 1650400334888 1715894.0000 -0.1955
-8.3789 77.2365 -21.1041 0.0000 1650400334943 1715948.0000 -0.1955
-8.4977 77.3378 -20.8496 0.0000 1650400334997 1716002.0000 -0.1950
-8.4181 77.2675 -21.0835 0.0000 1650400335051 1716056.0000 -0.1955
-8.2334 77.5741 -21.0851 0.0000 1650400335105 1716110.0000 -0.1955
-8.2396 77.1371 -20.9870 0.0000 1650400335159 1716164.0000 -0.1955
-8.4364 79.1031 -21.1794 0.0000 1650400335211 1716218.0000 -0.1955
-8.5848 77.4754 -22.2805 0.0000 1650400335265 1716272.0000 -0.1950
-8.2311 77.7733 -23.6776 0.0000 1650400335320 1716326.0000 -0.1955
-8.3553 77.6408 -25.4588 0.0000 1650400335374 1716380.0000 -0.1955
-8.7715 77.4937 -26.8787 0.0000 1650400335428 1716434.0000 -0.1960
-9.2907 77.6527 -28.0230 0.0000 1650400335482 1716488.0000 -0.1960
-8.5914 77.6166 -29.3471 0.0000 1650400335536 1716542.0000 -0.1955
-9.2274 77.4734 -31.1142 0.0000 1650400335590 1716595.0000 -0.1960
-8.9775 79.0499 -32.0409 0.0000 1650400335644 1716649.0000 -0.1960
-9.0213 78.8913 -32.8062 0.0000 1650400335699 1716703.0000 -0.1955
-8.8499 79.0082 -34.5861 0.0000 1650400335753 1716757.0000 -0.1957
-8.9857 77.0691 -34.4936 0.0000 1650400335807 1716811.0000 -0.1955
-9.0605 76.9502 -36.8552 0.0000 1650400335859 1716865.0000 -0.1955
-9.1835 78.9082 -37.6167 0.0000 1650400335913 1716919.0000 -0.1955
-9.0859 78.7014 -38.0972 0.0000 1650400335967 1716973.0000 -0.1960
-9.1789 78.7379 -39.0982 0.0000 1650400336021 1717027.0000 -0.1960
-8.6536 78.6668 -39.4653 0.0000 1650400336076 1717081.0000 -0.1960
-8.9691 76.7148 -40.6174 0.0000 1650400336130 1717135.0000 -0.1960
-8.3333 78.8453 -40.6785 0.0000 1650400336184 1717189.0000 -0.1965
-9.1628 78.7338 -42.7553 0.0000 1650400336238 1717243.0000 -0.1965
-9.0026 78.7629 -41.8090 0.0000 1650400336292 1717297.0000 -0.1960
-8.7691 78.6599 -42.5226 0.0000 1650400336346 1717351.0000 -0.1960
-8.9058 79.0115 -43.0802 0.0000 1650400336400 1717405.0000 -0.1960
-9.0681 78.9253 -43.5322 0.0000 1650400336453 1717459.0000 -0.1965
-8.9447 79.0276 -43.7803 0.0000 1650400336506 1717513.0000 -0.1969
-8.9775 78.8280 -44.1141 0.0000 1650400336561 1717567.0000 -0.1969
-8.7423 78.9940 -44.0527 0.0000 1650400336615 1717621.0000 -0.1969
-8.6507 78.9717 -43.4946 0.0000 1650400336669 1717675.0000 -0.1979
-8.9586 77.2962 -42.0981 0.0000 1650400336723 1717729.0000 -0.1979
-8.7713 77.3551 -43.1512 0.0000 1650400336777 1717783.0000 -0.1979
-8.7349 77.4439 -42.1568 0.0000 1650400336831 1717837.0000 -0.1979
-8.8557 77.3912 -42.1955 0.0000 1650400336886 1717891.0000 -0.1974
-9.0030 77.2318 -40.8505 0.0000 1650400336940 1717945.0000 -0.1974
-8.9563 77.4680 -39.7963 0.0000 1650400336994 1717998.0000 -0.1979
-8.9276 77.4847 -38.8772 0.0000 1650400337048 1718052.0000 -0.1984
-9.0170 77.6816 -38.3061 0.0000 1650400337100 1718106.0000 -0.1979
-9.1225 77.5782 -37.1320 0.0000 1650400337154 1718160.0000 -0.1979
-8.9389 77.6350 -36.2466 0.0000 1650400337208 1718214.0000 -0.1979
-8.8252 77.7057 -34.4979 0.0000 1650400337263 1718268.0000 -0.1984
-8.1574 77.3248 -32.9524 0.0000 1650400337317 1718322.0000 -0.1979
-8.4067 77.6291 -32.6791 0.0000 1650400337371 1718376.0000 -0.1979
-8.9508 77.6392 -31.2335 0.0000 1650400337425 1718430.0000 -0.1979
-9.0827 77.6093 -30.1978 0.0000 1650400337479 1718484.0000 -0.1979
-9.0981 77.4937 -29.0377 0.0000 1650400337533 1718538.0000 -0.1979
-8.4439 77.6169 -27.1960 0.0000 1650400337587 1718592.0000 -0.1979
-8.4477 77.6608 -26.2621 0.0000 1650400337642 1718646.0000 -0.1979
-8.4931 77.4344 -24.5095 0.0000 1650400337694 1718700.0000 -0.1979
-8.5284 77.4866 -23.6960 0.0000 1650400337748 1718754.0000 -0.1979
-8.2592 77.5818 -22.3713 0.0000 1650400337802 1718808.0000 -0.1979
-8.0411 76.8198 -20.8475 0.0000 1650400337856 1718862.0000 -0.1979
-8.4611 77.3351 -20.0672 0.0000 1650400337910 1718916.0000 -0.1979
-8.4820 77.3237 -21.2228 0.0000 1650400337964 1718970.0000 -0.1974
-8.4702 77.3337 -21.0624 0.0000 1650400338018 1719024.0000 -0.1974
-8.4590 77.2112 -21.2906 0.0000 1650400338073 1719078.0000 -0.1979
-8.4346 77.1767 -21.1143 0.0000 1650400338127 1719132.0000 -0.1979
-8.4267 77.2335 -21.0795 0.0000 1650400338181 1719186.0000 -0.1979
-8.3255 77.1780 -21.1516 0.0000 1650400338235 1719240.0000 -0.1974
-8.3336 77.3159 -21.3218 0.0000 1650400338287 1719294.0000 -0.1979
-8.3949 77.1131 -21.0370 0.0000 1650400338341 1719347.0000 -0.1974
-8.4105 77.0254 -21.0464 0.0000 1650400338395 1719401.0000 -0.1974
-8.2851 77.4979 -20.9424 0.0000 1650400338450 1719455.0000 -0.1974
-8.4377 77.6313 -21.0216 0.0000 1650400338504 1719509.0000 -0.1974
-8.4138 77.4443 -20.9679 0.0000 1650400338558 1719563.0000 -0.1974
-8.4417 77.1764 -21.1583 0.0000 1650400338612 1719617.0000 -0.1979
-8.2569 77.1252 -20.9423 0.0000 1650400338666 1719671.0000 -0.1979
-8.2616 77.4791 -21.1577 0.0000 1650400338720 1719725.0000 -0.1974
-8.2334 77.4989 -21.0706 0.0000 1650400338774 1719779.0000 -0.1974
-8.4403 77.2848 -21.2888 0.0000 1650400338829 1719833.0000 -0.1979
-8.4107 77.4661 -21.0191 0.0000 1650400338883 1719887.0000 -0.1979
-8.3302 77.4953 -21.0676 0.0000 1650400338935 1719941.0000 -0.1974
-8.3504 77.1395 -20.7763 0.0000 1650400338989 1719995.0000 -0.1974
-8.4308 77.4702 -21.1221 0.0000 1650400339043 1720049.0000 -0.1974
-8.2779 77.2369 -20.8045 0.0000 1650400339097 1720103.0000 -0.1974
-8.3496 77.3789 -20.9711 0.0000 1650400339151 1720157.0000 -0.1979
-8.3116 77.5407 -20.9408 0.0000 1650400339206 1720211.0000 -0.1979
-8.5047 77.6956 -22.4352 0.0000 1650400339260 1720265.0000 -0.1979
-8.3451 77.6987 -23.2723 0.0000 1650400339314 1720319.0000 -0.1979
-8.5840 77.5475 -24.4584 0.0000 1650400339368 1720373.0000 -0.1979
-8.4286 77.4975 -26.3977 0.0000 1650400339422 1720427.0000 -0.1979
-8.6213 77.5130 -27.6777 0.0000 1650400339476 1720481.0000 -0.1979
-8.5857 77.4741 -28.3181 0.0000 1650400339528 1720535.0000 -0.1974
-8.7464 77.3536 -29.5594 0.0000 1650400339582 1720589.0000 -0.1979
-9.0599 79.0803 -31.3315 0.0000 1650400339637 1720643.0000 -0.1974
-8.9279 79.0090 -32.8671 0.0000 1650400339691 1720696.0000 -0.1979
-9.2419 77.5366 -33.7619 0.0000 1650400339745 1720750.0000 -0.1979
-8.9792 77.4806 -34.7086 0.0000 1650400339799 1720804.0000 -0.1979
-8.8130 78.7060 -35.7648 0.0000 1650400339853 1720858.0000 -0.1979
-8.5136 77.5291 -35.9195 0.0000 1650400339907 1720912.0000 -0.1979
-8.5633 77.3483 -37.5393 0.0000 1650400339961 1720966.0000 -0.1984
-8.9848 78.8261 -38.7125 0.0000 1650400340016 1721020.0000 -0.1979
-9.2144 76.9819 -39.6081 0.0000 1650400340070 1721074.0000 -0.1979
-8.8377 78.7708 -39.8368 0.0000 1650400340124 1721128.0000 -0.1979
-9.0799 76.8173 -40.4415 0.0000 1650400340176 1721182.0000 -0.1974
-9.0628 76.7216 -41.4200 0.0000 1650400340230 1721236.0000 -0.1979
-9.0856 78.7406 -41.9077 0.0000 1650400340284 1721290.0000 -0.1979
-8.6244 78.8113 -43.0025 0.0000 1650400340338 1721344.0000 -0.1979
-8.9231 78.7794 -42.2634 0.0000 1650400340393 1721398.0000 -0.1979
-8.9996 78.8851 -42.4521 0.0000 1650400340447 1721452.0000 -0.1984
-8.9974 79.0281 -43.8211 0.0000 1650400340501 1721506.0000 -0.1979
-8.9449 79.0217 -44.0403 0.0000 1650400340555 1721560.0000 -0.1979
-9.0173 79.0320 -44.2375 0.0000 1650400340609 1721614.0000 -0.1979
-8.9401 79.1104 -43.3865 0.0000 1650400340663 1721668.0000 -0.1979
-8.9050 78.9220 -43.4386 0.0000 1650400340717 1721722.0000 -0.1979
-8.7573 77.3522 -42.7716 0.0000 1650400340770 1721776.0000 -0.1984
-8.6781 77.3284 -42.6806 0.0000 1650400340824 1721830.0000 -0.1984
-8.6981 77.3728 -42.0980 0.0000 1650400340878 1721884.0000 -0.1979
-8.9141 77.2994 -41.2264 0.0000 1650400340932 1721938.0000 -0.1979
-9.0695 77.3547 -40.5906 0.0000 1650400340986 1721992.0000 -0.1984
-9.0036 77.4606 -39.9769 0.0000 1650400341040 1722045.0000 -0.1979
-8.9253 77.5717 -38.5581 0.0000 1650400341094 1722099.0000 -0.1979
-8.9804 77.5650 -37.9489 0.0000 1650400341149 1722153.0000 -0.1979
-8.8921 77.4612 -36.5383 0.0000 1650400341203 1722207.0000 -0.1979
-9.1064 77.5499 -35.5074 0.0000 1650400341257 1722261.0000 -0.1979
-9.0961 77.6604 -33.2793 0.0000 1650400341311 1722315.0000 -0.1984
-8.2375 77.5866 -32.4744 0.0000 1650400341365 1722369.0000 -0.1984
-8.7824 77.7725 -31.7156 0.0000 1650400341417 1722423.0000 -0.1979
-9.0811 77.5211 -30.7912 0.0000 1650400341471 1722477.0000 -0.1979
-8.8196 77.7335 -29.3109 0.0000 1650400341526 1722531.0000 -0.1979
-8.9603 77.3010 -28.0102 0.0000 1650400341580 1722585.0000 -0.1979
-8.8339 77.6303 -26.7044 0.0000 1650400341634 1722639.0000 -0.1974
-8.4913 77.4269 -25.7386 0.0000 1650400341688 1722693.0000 -0.1974
-8.5172 77.4063 -24.2138 0.0000 1650400341742 1722747.0000 -0.1974
-8.3356 77.2599 -23.0719 0.0000 1650400341796 1722801.0000 -0.1979
-8.3368 77.3003 -21.8745 0.0000 1650400341850 1722855.0000 -0.1979
-8.6024 77.3528 -20.7695 0.0000 1650400341904 1722909.0000 -0.1979
-8.4998 77.3163 -20.9984 0.0000 1650400341959 1722963.0000 -0.1979
-8.5043 77.3692 -20.7639 0.0000 1650400342011 1723017.0000 -0.1979
-8.3699 77.2689 -20.9895 0.0000 1650400342065 1723071.0000 -0.1979
-8.3891 77.0784 -21.0174 0.0000 1650400342119 1723125.0000 -0.1979
-8.4376 77.1167 -21.0868 0.0000 1650400342173 1723179.0000 -0.1979
-8.4566 77.1299 -20.9088 0.0000 1650400342227 1723233.0000 -0.1974
-8.5369 77.1771 -20.7928 0.0000 1650400342281 1723287.0000 -0.1974
-8.4720 77.2212 -20.9866 0.0000 1650400342336 1723341.0000 -0.1979
-8.3934 77.0877 -20.9280 0.0000 1650400342390 1723394.0000 -0.1979
-8.3142 77.0945 -20.9123 0.0000 1650400342444 1723448.0000 -0.1979
-8.5622 77.2376 -20.7623 0.0000 1650400342498 1723502.0000 -0.1974
-8.4366 77.2102 -20.9966 0.0000 1650400342552 1723556.0000 -0.1979
-8.3704 77.1819 -20.6408 0.0000 1650400342606 1723610.0000 -0.1979
-8.5125 77.1060 -20.9870 0.0000 1650400342658 1723664.0000 -0.1979
-8.2629 77.3240 -20.9739 0.0000 1650400342713 1723718.0000 -0.1979
-8.4221 77.4696 -20.9769 0.0000 1650400342767 1723772.0000 -0.1974
-8.4440 77.3227 -21.0921 0.0000 1650400342821 1723826.0000 -0.1974
-8.4527 77.4019 -20.8257 0.0000 1650400342875 1723880.0000 -0.1974
-8.4685 77.3043 -21.0307 0.0000 1650400342929 1723934.0000 -0.1979
-8.3755 77.2162 -20.7142 0.0000 1650400342983 1723988.0000 -0.1979
-8.3667 77.1733 -20.8513 0.0000 1650400343037 1724042.0000 -0.1974
-8.4682 77.4851 -20.9113 0.0000 1650400343092 1724096.0000 -0.1979
-8.3760 77.1940 -21.0423 0.0000 1650400343146 1724150.0000 -0.1984
-8.3839 77.0620 -20.7926 0.0000 1650400343200 1724204.0000 -0.1979
-8.3984 77.8259 -21.2772 0.0000 1650400343252 1724258.0000 -0.1979
-8.1297 79.0877 -22.4696 0.0000 1650400343306 1724312.0000 -0.1974
-8.5349 77.3478 -24.3676 0.0000 1650400343360 1724366.0000 -0.1979
-8.3960 77.6154 -24.9438 0.0000 1650400343414 1724420.0000 -0.1979
-8.7247 77.4298 -26.8039 0.0000 1650400343468 1724474.0000 -0.1979
-8.8332 77.4831 -28.1159 0.0000 1650400343523 1724528.0000 -0.1979
-9.1372 77.4887 -28.9983 0.0000 1650400343577 1724582.0000 -0.1974
-8.9630 77.5226 -30.2951 0.0000 1650400343631 1724636.0000 -0.1979
-9.1364 77.4868 -32.3100 0.0000 1650400343685 1724690.0000 -0.1979
-9.1883 77.6386 -33.2344 0.0000 1650400343739 1724743.0000 -0.1979
-8.9170 79.0268 -33.9668 0.0000 1650400343793 1724797.0000 -0.1974
-8.9466 76.7869 -35.8466 0.0000 1650400343845 1724851.0000 -0.1974
-8.6114 77.2922 -35.4616 0.0000 1650400343900 1724905.0000 -0.1974
-8.9561 78.7514 -38.1055 0.0000 1650400343954 1724959.0000 -0.1974
-9.0268 78.7630 -38.4227 0.0000 1650400344008 1725013.0000 -0.1979
-9.0243 78.8280 -39.1159 0.0000 1650400344062 1725067.0000 -0.1979
-9.0708 78.7078 -39.8072 0.0000 1650400344116 1725121.0000 -0.1974
-8.7457 78.9327 -40.1399 0.0000 1650400344170 1725175.0000 -0.1974
-8.7212 78.6590 -41.1086 0.0000 1650400344224 1725229.0000 -0.1979
-9.1332 77.0059 -41.8591 0.0000 1650400344279 1725283.0000 -0.1974
-8.9292 78.9327 -42.5269 0.0000 1650400344333 1725337.0000 -0.1974
-8.5397 77.2673 -42.8995 0.0000 1650400344387 1725391.0000 -0.1974
-8.9000 78.7046 -43.3143 0.0000 1650400344441 1725445.0000 -0.1974
-8.9420 78.8979 -42.7812 0.0000 1650400344493 1725499.0000 -0.1979
-8.7751 78.8499 -43.7348 0.0000 1650400344547 1725553.0000 -0.1979
-8.9311 79.1935 -44.0817 0.0000 1650400344601 1725607.0000 -0.1979
-8.8676 78.9934 -43.7315 0.0000 1650400344656 1725661.0000 -0.1974
-8.8082 77.6483 -42.4108 0.0000 1650400344710 1725715.0000 -0.1979
-8.8368 77.1862 -43.6355 0.0000 1650400344764 1725769.0000 -0.1979
-8.8109 77.2494 -42.6382 0.0000 1650400344818 1725823.0000 -0.1979
-8.8675 77.2094 -41.7931 0.0000 1650400344872 1725877.0000 -0.1974
-8.7179 78.7448 -41.3214 0.0000 1650400344926 1725931.0000 -0.1974
-9.0774 77.1787 -40.5800 0.0000 1650400344980 1725985.0000 -0.1974
-8.9294 77.5416 -39.8973 0.0000 1650400345035 1726039.0000 -0.1974
-9.0133 77.5882 -39.5131 0.0000 1650400345087 1726092.0000 -0.1979
-9.1372 77.6119 -38.0817 0.0000 1650400345141 1726146.0000 -0.1979
-9.0480 77.5080 -37.4521 0.0000 1650400345195 1726200.0000 -0.1974
-8.9369 77.4345 -36.0048 0.0000 1650400345249 1726254.0000 -0.1979
-9.1335 77.5626 -34.9893 0.0000 1650400345303 1726308.0000 -0.1979
-9.0539 77.5897 -32.9781 0.0000 1650400345357 1726362.0000 -0.1979
-8.9594 77.6020 -32.4113 0.0000 1650400345412 1726416.0000 -0.1974
-8.6165 77.4172 -31.2321 0.0000 1650400345466 1726470.0000 -0.1974
-9.0336 77.5331 -30.1718 0.0000 1650400345520 1726524.0000 -0.1974
-8.9420 77.5572 -29.0271 0.0000 1650400345574 1726578.0000 -0.1974
-8.7964 79.0221 -27.3446 0.0000 1650400345628 1726632.0000 -0.1979
-8.5450 77.5856 -26.1091 0.0000 1650400345682 1726686.0000 -0.1974
-8.5929 77.4015 -24.9629 0.0000 1650400345734 1726740.0000 -0.1974
-8.3289 77.4390 -23.7722 0.0000 1650400345788 1726794.0000 -0.1979
-8.4002 77.3139 -22.4678 0.0000 1650400345843 1726848.0000 -0.1979
-8.6011 77.1241 -21.1798 0.0000 1650400345897 1726902.0000 -0.1974
-8.5127 77.4016 -21.0172 0.0000 1650400345951 1726956.0000 -0.1974
-8.4747 77.5584 -20.6849 0.0000 1650400346005 1727010.0000 -0.1974
-8.3509 77.4186 -20.8830 0.0000 1650400346059 1727064.0000 -0.1974
-8.4074 77.2697 -21.0491 0.0000 1650400346113 1727118.0000 -0.1979
-8.3568 77.1854 -20.7984 0.0000 1650400346168 1727172.0000 -0.1979
-8.5604 77.3103 -21.0075 0.0000 1650400346222 1727226.0000 -0.1979
-8.3665 77.3347 -20.7703 0.0000 1650400346276 1727280.0000 -0.1974
-8.3006 77.2949 -21.0209 0.0000 1650400346328 1727334.0000 -0.1974
-8.4773 77.2921 -20.8355 0.0000 1650400346382 1727388.0000 -0.1979
-8.2655 77.1763 -21.0230 0.0000 1650400346436 1727442.0000 -0.1979
-8.2531 77.2551 -20.8155 0.0000 1650400346490 1727495.0000 -0.1974
-8.4487 77.3296 -20.8626 0.0000 1650400346544 1727549.0000 -0.1974
-8.3802 77.2727 -20.8899 0.0000 1650400346599 1727603.0000 -0.1974
-8.3274 77.1852 -20.8951 0.0000 1650400346653 1727657.0000 -0.1974
-8.2333 77.1397 -20.9380 0.0000 1650400346707 1727711.0000 -0.1974
-8.4187 77.2561 -21.0492 0.0000 1650400346761 1727765.0000 -0.1974
-8.4608 77.2471 -21.0845 0.0000 1650400346815 1727819.0000 -0.1974
-8.2522 77.4748 -20.7801 0.0000 1650400346869 1727873.0000 -0.1979
-8.3580 77.3241 -20.8265 0.0000 1650400346923 1727927.0000 -0.1979
-8.3159 77.2416 -20.8263 0.0000 1650400346976 1727981.0000 -0.1979
-8.3495 77.2074 -20.8423 0.0000 1650400347030 1728035.0000 -0.1974
-8.3670 77.4862 -21.0027 0.0000 1650400347084 1728089.0000 -0.1974
-8.3390 77.6238 -20.9856 0.0000 1650400347138 1728143.0000 -0.1974
-8.2926 77.0723 -20.8589 0.0000 1650400347192 1728197.0000 -0.1979
-8.3806 77.6386 -20.8011 0.0000 1650400347246 1728251.0000 -0.1979
-8.2621 79.1409 -22.1023 0.0000 1650400347300 1728305.0000 -0.1974
-8.5265 77.4137 -23.2133 0.0000 1650400347354 1728359.0000 -0.1974
-8.5545 77.4306 -23.8092 0.0000 1650400347409 1728413.0000 -0.1979
-8.4335 77.4520 -26.0239 0.0000 1650400347463 1728467.0000 -0.1979
-8.7430 77.4016 -27.3991 0.0000 1650400347517 1728521.0000 -0.1979
-8.7289 77.4832 -28.4644 0.0000 1650400347569 1728575.0000 -0.1974
-9.0553 77.4742 -29.4933 0.0000 1650400347623 1728629.0000 -0.1974
-9.0268 77.3797 -30.7820 0.0000 1650400347677 1728683.0000 -0.1974
-9.0608 77.4948 -32.7610 0.0000 1650400347731 1728737.0000 -0.1979
-9.0218 77.5030 -33.7682 0.0000 1650400347786 1728791.0000 -0.1979
-9.1115 77.0967 -35.1157 0.0000 1650400347840 1728844.0000 -0.1979
-8.9331 78.8423 -35.1280 0.0000 1650400347894 1728898.0000 -0.1979
-8.7359 79.1174 -36.1851 0.0000 1650400347948 1728952.0000 -0.1979
-8.8699 79.0837 -37.8105 0.0000 1650400348002 1729006.0000 -0.1979
-8.9937 78.6804 -38.7979 0.0000 1650400348056 1729060.0000 -0.1979
-9.1633 78.6907 -39.5856 0.0000 1650400348111 1729114.0000 -0.1974
-9.0780 77.0344 -39.9344 0.0000 1650400348165 1729168.0000 -0.1974
-9.1005 78.8205 -40.9073 0.0000 1650400348217 1729222.0000 -0.1974
-8.7973 78.7862 -41.8731 0.0000 1650400348271 1729276.0000 -0.1979
-9.1485 78.7220 -41.7729 0.0000 1650400348325 1729330.0000 -0.1979
-8.8432 78.8967 -41.8729 0.0000 1650400348379 1729384.0000 -0.1974
-8.8804 78.6618 -43.6978 0.0000 1650400348433 1729438.0000 -0.1974
-8.7776 78.9399 -43.6510 0.0000 1650400348487 1729492.0000 -0.1974
-8.9715 78.9375 -43.2071 0.0000 1650400348542 1729546.0000 -0.1974
-8.9251 78.9034 -43.5196 0.0000 1650400348596 1729600.0000 -0.1969
-9.0012 79.0382 -43.6098 0.0000 1650400348650 1729654.0000 -0.1969
-9.0430 78.9689 -43.3991 0.0000 1650400348704 1729708.0000 -0.1974
-8.8212 78.9452 -43.3052 0.0000 1650400348758 1729762.0000 -0.1969
-8.7424 77.2872 -43.0444 0.0000 1650400348810 1729816.0000 -0.1974
-8.8330 77.4191 -42.6620 0.0000 1650400348864 1729870.0000 -0.1974
-8.7593 77.3527 -41.6283 0.0000 1650400348919 1729924.0000 -0.1969
-8.9277 77.1440 -41.1263 0.0000 1650400348973 1729978.0000 -0.1974
-8.9256 77.2866 -40.2419 0.0000 1650400349027 1730032.0000 -0.1974
-9.0302 77.2541 -39.8327 0.0000 1650400349081 1730086.0000 -0.1974
-8.9229 77.5208 -38.6869 0.0000 1650400349135 1730140.0000 -0.1974
-8.7827 77.5767 -38.1101 0.0000 1650400349189 1730193.0000 -0.1974
-9.1223 77.6873 -36.8002 0.0000 1650400349243 1730247.0000 -0.1969
-8.9930 77.6396 -35.7001 0.0000 1650400349297 1730301.0000 -0.1969
-8.9077 77.6408 -34.5236 0.0000 1650400349352 1730355.0000 -0.1974
-8.9199 77.4655 -32.0965 0.0000 1650400349404 1730409.0000 -0.1974
-9.0476 77.5829 -32.1307 0.0000 1650400349458 1730463.0000 -0.1974
-8.9661 77.6915 -30.8491 0.0000 1650400349512 1730517.0000 -0.1969
-8.9630 77.5455 -29.7646 0.0000 1650400349566 1730571.0000 -0.1974
-8.4960 77.6018 -28.5279 0.0000 1650400349620 1730625.0000 -0.1974
-8.4953 77.5329 -26.8683 0.0000 1650400349674 1730679.0000 -0.1969
-8.4154 77.4865 -25.8336 0.0000 1650400349729 1730733.0000 -0.1969
-8.3657 77.4651 -24.4074 0.0000 1650400349783 1730787.0000 -0.1969
-8.4273 77.4306 -23.4248 0.0000 1650400349837 1730841.0000 -0.1969
-8.4320 77.4188 -21.8424 0.0000 1650400349891 1730895.0000 -0.1974
-8.5725 77.6909 -20.7722 0.0000 1650400349945 1730949.0000 -0.1974
-8.5291 77.5378 -20.8821 0.0000 1650400349999 1731003.0000 -0.1969
-8.5177 77.4018 -20.8715 0.0000 1650400350051 1731057.0000 -0.1969
-8.3643 77.3457 -20.9636 0.0000 1650400350106 1731111.0000 -0.1974
-8.4442 77.2520 -21.1015 0.0000 1650400350160 1731165.0000 -0.1974
-8.4423 77.3113 -21.1123 0.0000 1650400350214 1731219.0000 -0.1974
-8.5384 77.3478 -20.9001 0.0000 1650400350268 1731273.0000 -0.1969
-8.4048 77.3444 -21.0489 0.0000 1650400350322 1731327.0000 -0.1969
-8.4666 77.3464 -21.1533 0.0000 1650400350378 1731381.0000 -0.1969
-8.4183 77.2617 -20.9962 0.0000 1650400350430 1731435.0000 -0.1974
-8.5257 77.2069 -20.7461 0.0000 1650400350485 1731489.0000 -0.1974
-8.4931 77.1962 -20.8620 0.0000 1650400350539 1731542.0000 -0.1969
-8.5542 77.2793 -21.0723 0.0000 1650400350593 1731596.0000 -0.1969
-8.4844 77.2836 -20.8768 0.0000 1650400350645 1731650.0000 -0.1969
-8.3886 77.2271 -20.8754 0.0000 1650400350699 1731704.0000 -0.1969
-8.4327 77.3176 -20.9010 0.0000 1650400350753 1731758.0000 -0.1969
-8.3611 77.2605 -20.8645 0.0000 1650400350807 1731812.0000 -0.1969
-8.4105 77.3653 -20.8655 0.0000 1650400350862 1731866.0000 -0.1969
-8.5490 77.2022 -21.0099 0.0000 1650400350916 1731920.0000 -0.1969
-8.4352 77.1026 -20.9336 0.0000 1650400350970 1731974.0000 -0.1974
-8.4405 77.3113 -20.6745 0.0000 1650400351024 1732028.0000 -0.1974
-8.4022 77.1355 -21.1037 0.0000 1650400351078 1732082.0000 -0.1969
-8.3699 77.2493 -20.9186 0.0000 1650400351132 1732136.0000 -0.1974
-8.4137 77.2442 -21.1937 0.0000 1650400351186 1732190.0000 -0.1974
-8.3931 77.3645 -20.8762 0.0000 1650400351241 1732244.0000 -0.1974
-8.3126 79.1979 -21.3565 0.0000 1650400351293 1732298.0000 -0.1969
-8.5860 79.0056 -22.3574 0.0000 1650400351347 1732352.0000 -0.1969
-8.5592 78.9981 -23.7025 0.0000 1650400351401 1732406.0000 -0.1969
-8.5438 77.5078 -25.5420 0.0000 1650400351455 1732460.0000 -0.1969
-8.7493 77.3633 -26.7707 0.0000 1650400351509 1732514.0000 -0.1974
-8.6048 77.4966 -27.9973 0.0000 1650400351563 1732568.0000 -0.1974
-9.0031 77.4406 -29.4325 0.0000 1650400351617 1732622.0000 -0.1969
-9.0242 77.5188 -30.0893 0.0000 1650400351672 1732676.0000 -0.1969
-9.0874 79.0811 -31.2540 0.0000 1650400351726 1732730.0000 -0.1969
-9.0083 77.6072 -32.7503 0.0000 1650400351780 1732784.0000 -0.1965
-9.0787 77.4464 -33.7489 0.0000 1650400351834 1732838.0000 -0.1965
-9.1726 78.7410 -35.0589 0.0000 1650400351886 1732891.0000 -0.1965
-8.9349 77.6079 -36.5408 0.0000 1650400351940 1732945.0000 -0.1965
-9.0633 78.7018 -37.1086 0.0000 1650400351994 1732999.0000 -0.1965
-8.8590 77.4192 -37.5367 0.0000 1650400352049 1733053.0000 -0.1969
-9.0265 78.7916 -38.5742 0.0000 1650400352103 1733107.0000 -0.1969
-8.9825 78.7952 -39.5267 0.0000 1650400352157 1733161.0000 -0.1965
-8.7902 76.9015 -40.6561 0.0000 1650400352211 1733215.0000 -0.1969
-8.9592 78.7068 -41.7764 0.0000 1650400352265 1733269.0000 -0.1969
-8.9215 78.7749 -42.5097 0.0000 1650400352319 1733323.0000 -0.1969
-9.0329 78.7465 -41.6213 0.0000 1650400352373 1733377.0000 -0.1965
-9.0483 78.7520 -42.3613 0.0000 1650400352428 1733431.0000 -0.1965
-9.0707 78.7958 -42.6330 0.0000 1650400352480 1733485.0000 -0.1965
-8.9716 79.0308 -43.0377 0.0000 1650400352534 1733539.0000 -0.1965
-8.8653 78.8520 -42.8535 0.0000 1650400352588 1733593.0000 -0.1969
-9.0125 79.1828 -43.9053 0.0000 1650400352642 1733647.0000 -0.1969
-9.0062 78.8392 -44.0536 0.0000 1650400352696 1733701.0000 -0.1965
-9.0389 78.9796 -43.5098 0.0000 1650400352750 1733755.0000 -0.1969
-8.8599 77.2256 -42.8128 0.0000 1650400352805 1733809.0000 -0.1969
-8.7996 77.1036 -42.8479 0.0000 1650400352859 1733863.0000 -0.1969
-8.7947 77.4827 -42.2085 0.0000 1650400352913 1733917.0000 -0.1965
-8.8922 77.3227 -41.7872 0.0000 1650400352967 1733971.0000 -0.1960
