13.8896 -71.0588 -68.1476 26.5792 1690747396723 449.0000 -0.1938
13.7289 -71.4806 -67.9166 29.5286 1690747396756 481.7500 -0.1921
13.5884 -72.3819 -67.3412 32.5682 1690747396789 514.2500 -0.1899
13.4992 -73.1542 -67.6586 31.4762 1690747396821 547.0000 -0.1877
14.6823 -72.6898 -68.3869 29.0300 1690747396854 579.5000 -0.1833
15.8692 -72.9839 -68.7993 25.6811 1690747396887 43.7500 -0.1813
16.4071 -72.4995 -69.0293 30.0077 1690747396919 77.0000 -0.1794
17.1185 -72.1676 -69.3819 21.5547 1690747396951 110.0000 -0.1794
17.2527 -72.5375 -69.3529 18.4250 1690747396985 142.5000 -0.1761
16.9340 -72.8065 -68.9445 19.9938 1690747397017 175.0000 -0.1728
17.1614 -72.7421 -69.0306 19.5602 1690747397049 208.0000 -0.1696
17.6065 -72.1454 -69.4623 19.7351 1690747397083 240.5000 -0.1667
16.5335 -71.3439 -68.7766 19.2862 1690747397116 273.0000 -0.1667
17.0167 -70.3384 -69.8224 15.3992 1690747397148 305.5000 -0.1637
15.7593 -70.7739 -69.8510 19.4917 1690747397181 338.2500 -0.1637
14.4823 -71.0612 -68.8830 21.6005 1690747397214 371.0000 -0.1620
14.0175 -71.0696 -68.2411 29.4887 1690747397246 403.5000 -0.1586
13.7387 -71.0544 -68.2255 26.3300 1690747397280 436.7500 -0.1569
13.5915 -71.2707 -68.0565 26.5329 1690747397314 469.0000 -0.1569
13.7046 -71.8594 -67.7749 31.9076 1690747397347 502.0000 -0.1537
13.6670 -73.0845 -67.9565 32.3382 1690747397379 534.7500 -0.1493
14.5486 -73.3250 -68.4365 29.4176 1690747397411 567.2500 -0.1425
15.9816 -72.9410 -69.4207 30.5315 1690747397443 177.0000 -0.1344
16.6248 -72.7286 -69.5313 31.8899 1690747397475 68.5000 -0.1344
17.3379 -72.1869 -70.4124 26.2942 1690747397508 101.2500 -0.1286
17.7196 -72.2777 -70.2962 20.9140 1690747397541 134.0000 -0.1227
17.7371 -72.7354 -70.2088 20.7537 1690747397573 167.0000 -0.1100
17.5972 -72.7405 -70.1723 17.8715 1690747397605 199.5000 -0.1100
17.6821 -72.5246 -70.3881 17.3401 1690747397639 232.0000 -0.1009
17.2558 -71.9366 -70.3940 17.4368 1690747397671 264.5000 -0.0945
17.6165 -70.8401 -70.6323 11.5483 1690747397703 297.2500 -0.0846
17.4186 -71.2402 -71.2652 17.5035 1690747397737 330.0000 -0.0719
15.8403 -71.3210 -70.5964 22.1842 1690747397769 363.0000 -0.0719
15.1079 -71.5478 -70.1003 29.7177 1690747397801 395.7500 -0.0719
14.9595 -71.3936 -69.8617 28.2910 1690747397834 428.0000 -0.0592
14.9957 -71.4765 -69.6783 32.4711 1690747397868 461.0000 -0.0490
14.5445 -71.8593 -69.5768 33.7241 1690747397900 493.7500 -0.0466
14.7961 -72.9378 -69.4491 38.8990 1690747397932 526.2500 -0.0397
15.2737 -73.6516 -70.4234 32.3969 1690747397966 558.5000 -0.0397
16.5845 -73.1780 -71.1951 26.7982 1690747397998 311.7500 -0.0365
17.7163 -73.1066 -71.5495 29.0026 1690747398030 64.0000 -0.0333
17.8713 -72.6302 -72.1054 22.3912 1690747398064 96.7500 -0.0286
18.9707 -72.5612 -72.4746 17.5691 1690747398096 130.0000 -0.0236
19.2521 -72.8335 -72.5118 16.7859 1690747398128 162.5000 -0.0183
19.4101 -73.3307 -72.5423 16.3207 1690747398161 195.0000 -0.0128
19.0945 -73.3887 -72.4608 15.6657 1690747398194 228.0000 -0.0128
19.0472 -72.6525 -72.7256 18.6752 1690747398226 260.2500 -0.0084
17.9898 -71.3923 -72.2018 19.3446 1690747398259 293.0000 -0.0056
18.5645 -71.0881 -72.5142 19.7161 1690747398293 326.0000 -0.0016
17.8794 -71.3864 -72.3151 20.6672 1690747398325 358.5000 -0.0016
16.8939 -71.7472 -71.6764 24.7571 1690747398357 391.0000 0.0013
16.4210 -71.7843 -71.2839 33.0721 1690747398391 424.0000 0.0031
16.1343 -71.8835 -71.0897 30.8350 1690747398423 456.7500 0.0033
15.9283 -72.1343 -70.2816 29.5087 1690747398455 488.7500 -0.0026
15.8367 -72.8946 -69.6245 37.8981 1690747398488 521.5000 -0.0026
15.7776 -73.3000 -70.4788 33.9906 1690747398521 554.7500 -0.0158
16.1479 -73.4706 -71.4362 26.7855 1690747398553 445.7500 -0.0198
17.3890 -73.0929 -72.0312 26.1554 1690747398586 54.0000 -0.0319
17.8185 -73.0924 -72.0139 23.0137 1690747398622 87.0000 -0.0319
18.3394 -72.3637 -72.5106 22.8880 1690747398652 119.2500 -0.0409
18.7983 -72.5226 -72.5192 20.2211 1690747398684 152.0000 -0.0642
18.9962 -72.9105 -72.2898 19.5816 1690747398718 185.0000 -0.0690
18.5702 -72.9031 -71.6115 18.0385 1690747398750 217.2500 -0.0736
18.6909 -73.0017 -71.9395 17.9186 1690747398782 249.7500 -0.0875
17.5011 -71.7279 -71.8508 24.1516 1690747398815 283.0000 -0.1051
17.5526 -71.1336 -71.1226 19.6078 1690747398848 314.7500 -0.1051
17.3940 -70.4936 -71.7334 18.3066 1690747398880 348.0000 -0.1147
16.1363 -71.5093 -71.2655 21.1836 1690747398913 381.0000 -0.1242
15.1512 -71.8496 -70.2853 29.2523 1690747398946 413.7500 -0.1393
14.7822 -71.8933 -69.7110 29.2599 1690747398978 445.7500 -0.1469
14.8134 -71.8319 -69.4542 24.7603 1690747399011 479.0000 -0.1545
14.6523 -72.4547 -68.8609 27.2790 1690747399045 511.7500 -0.1545
14.9402 -72.9740 -68.7265 32.0433 1690747399077 544.2500 -0.1651
14.9855 -73.4103 -69.3069 26.9592 1690747399109 577.0000 -0.1785
15.5995 -73.1894 -69.9785 27.3286 1690747399142 462.7500 -0.1818
16.7706 -73.5061 -69.9569 25.7584 1690747399175 53.2500 -0.1850
17.5676 -73.1956 -70.3930 22.0588 1690747399207 86.0000 -0.1945
17.9962 -72.7058 -70.5817 24.1053 1690747399240 119.0000 -0.2022
17.8586 -73.2280 -70.2065 17.1997 1690747399273 150.7500 -0.2048
17.7343 -73.7101 -69.8338 19.0415 1690747399305 183.5000 -0.2079
17.6693 -73.7093 -69.9019 17.7281 1690747399337 217.0000 -0.2111
17.8560 -73.2122 -69.9029 17.0433 1690747399371 249.5000 -0.2155
17.1562 -72.1324 -69.6837 16.2263 1690747399404 282.0000 -0.2155
17.8412 -71.6906 -70.4132 11.8559 1690747399436 315.0000 -0.2155
16.5139 -72.0524 -70.3539 19.2566 1690747399470 347.5000 -0.2204
14.8608 -72.2445 -69.7538 26.6861 1690747399502 380.0000 -0.2233
14.2735 -72.0585 -68.7430 30.9270 1690747399534 413.0000 -0.2241
14.2036 -72.0447 -68.7560 28.6359 1690747399567 445.2500 -0.2248
14.1553 -72.1542 -68.5325 32.9175 1690747399600 477.7500 -0.2248
14.0801 -72.4456 -68.1496 31.9899 1690747399632 511.0000 -0.2243
14.0130 -73.4336 -68.1137 27.0215 1690747399665 543.0000 -0.2238
14.4865 -73.5713 -68.5584 29.2011 1690747399698 576.2500 -0.2238
15.2753 -73.4227 -68.8948 34.0008 1690747399730 318.2500 -0.2234
16.1517 -73.6401 -68.5528 27.8042 1690747399763 61.0000 -0.2216
17.3291 -73.5922 -69.5241 22.1052 1690747399797 93.2500 -0.2194
17.2605 -73.5250 -69.6223 19.2131 1690747399829 126.0000 -0.2158
17.2749 -74.0701 -69.3020 19.1140 1690747399861 159.0000 -0.2145
17.4577 -74.1678 -69.5248 16.5296 1690747399894 191.5000 -0.2087
17.3511 -74.0638 -69.3103 16.8916 1690747399927 224.0000 -0.2087
17.2930 -73.3453 -69.7192 14.6156 1690747399959 257.0000 -0.2053
17.0861 -72.2501 -69.5660 17.8784 1690747399992 289.5000 -0.2018
16.6991 -72.3928 -70.4036 22.8169 1690747400025 322.0000 -0.2000
14.9787 -72.3000 -69.8990 25.8464 1690747400057 355.0000 -0.1929
13.8555 -72.0201 -68.8089 31.1238 1690747400089 386.5000 -0.1882
13.7098 -71.8712 -68.8063 27.2662 1690747400123 420.0000 -0.1838
13.6949 -71.9324 -68.6824 30.0270 1690747400155 453.0000 -0.1823
13.6362 -71.8530 -68.5029 38.0075 1690747400188 485.7500 -0.1823
13.5975 -72.6381 -68.0288 31.6790 1690747400221 518.2500 -0.1784
13.6713 -73.5157 -68.2144 27.6159 1690747400254 551.0000 -0.1750
14.4278 -73.6612 -68.4208 27.0695 1690747400286 584.0000 -0.1750
15.4112 -73.7554 -68.4933 25.7498 1690747400319 47.2500 -0.1730
16.1655 -73.7139 -68.9154 31.0386 1690747400352 80.0000 -0.1711
16.9196 -73.6490 -69.4290 19.9749 1690747400384 111.7500 -0.1672
16.9812 -74.1869 -69.3026 20.4009 1690747400416 145.2500 -0.1672
17.4470 -75.0645 -69.1965 18.4649 1690747400450 177.7500 -0.1664
18.0721 -74.5515 -69.4920 21.4153 1690747400482 210.5000 -0.1635
18.0582 -74.0682 -70.5600 24.0430 1690747400514 243.2500 -0.1613
17.5146 -73.7322 -70.3272 22.6560 1690747400548 276.0000 -0.1598
16.7069 -73.2997 -70.0453 21.4666 1690747400581 309.0000 -0.1593
15.2006 -72.8481 -69.2258 27.1275 1690747400613 341.5000 -0.1593
13.9371 -72.5042 -68.5990 29.9220 1690747400646 374.0000 -0.1593
12.8027 -71.9901 -67.2940 40.3979 1690747400679 407.0000 -0.1637
12.1291 -72.0294 -66.3717 35.7090 1690747400711 439.7500 -0.1652
13.3733 -72.8379 -66.3986 31.7700 1690747400743 472.0000 -0.1684
14.7988 -74.2769 -67.1757 24.0025 1690747400777 505.0000 -0.1718
16.0678 -74.7387 -68.4060 25.6167 1690747400809 284.7500 -0.1725
17.3088 -74.1033 -69.1574 25.2645 1690747400841 64.2500 -0.1725
16.7871 -73.6637 -69.0096 25.6861 1690747400875 96.7500 -0.1676
16.8648 -74.2013 -68.7247 24.1276 1690747400907 129.2500 -0.1654
17.0081 -74.5976 -68.9521 26.4602 1690747400939 162.2500 -0.1589
17.2092 -74.4951 -69.2289 23.9353 1690747400973 195.0000 -0.1497
17.6777 -74.5128 -69.4177 19.7240 1690747401006 228.0000 -0.1466
18.0009 -74.5525 -69.6678 18.8701 1690747401038 260.5000 -0.1396
17.9710 -74.3478 -69.5571 22.9870 1690747401070 293.0000 -0.1291
16.7732 -73.5766 -69.8614 30.5999 1690747401104 326.0000 -0.1188
17.4024 -72.3574 -70.3832 25.5777 1690747401136 358.5000 -0.1188
16.8882 -72.5071 -71.2068 29.9704 1690747401168 390.7500 -0.1093
15.3170 -72.6107 -70.4151 27.7891 1690747401202 423.7500 -0.0998
14.3612 -72.1343 -69.6566 30.4098 1690747401234 456.7500 -0.0934
14.1396 -72.1624 -69.9048 28.4009 1690747401266 488.5000 -0.0934
14.1987 -72.1531 -69.7917 28.8943 1690747401299 522.0000 -0.0812
14.1397 -72.2481 -69.4702 36.9860 1690747401333 554.7500 -0.0731
14.2559 -73.1993 -69.5417 27.3220 1690747401365 587.2500 -0.0705
14.4403 -74.0988 -69.7335 30.7176 1690747401397 620.0000 -0.0681
15.2309 -73.9991 -70.4284 31.2853 1690747401431 191.0000 -0.0597
16.1932 -73.8169 -70.4034 27.0479 1690747401463 69.2500 -0.0519
