43.1472 -45.6654 -39.8420 37.6347 1690755198359 75.7500 -0.1984
43.4346 -45.6594 -39.5408 38.2692 1690755198391 86.7500 -0.2011
44.1278 -45.3937 -39.2040 49.5767 1690755198425 53.2500 -0.2038
44.0686 -46.1638 -38.5987 50.8381 1690755198457 85.7500 -0.2038
44.5263 -47.6230 -38.8862 34.6526 1690755198489 118.7500 -0.2060
44.2620 -47.5936 -39.0708 35.4017 1690755198522 68.0000 -0.2090
43.0157 -46.1505 -39.2581 41.0283 1690755198555 73.0000 -0.2116
42.6938 -45.4732 -39.3452 33.0835 1690755198587 84.0000 -0.2116
43.0439 -45.9954 -39.5735 35.8041 1690755198620 52.0000 -0.2131
43.0844 -46.6915 -39.7033 64.6573 1690755198653 85.0000 -0.2148
43.1466 -46.5827 -39.7683 37.1349 1690755198685 117.7500 -0.2155
43.0788 -45.6954 -39.4930 36.3814 1690755198717 46.5000 -0.2156
43.2749 -45.7600 -39.2493 37.2418 1690755198751 79.0000 -0.2160
43.0326 -46.2262 -39.3450 33.3027 1690755198784 111.7500 -0.2160
42.4351 -46.3948 -39.3852 36.1105 1690755198816 144.5000 -0.2160
42.4078 -45.8778 -39.6836 42.0100 1690755198850 70.7500 -0.2164
42.7550 -45.7607 -39.3829 48.3322 1690755198882 67.5000 -0.2167
43.2448 -45.2121 -39.4215 42.4119 1690755198914 42.2500 -0.2170
43.5105 -45.3447 -38.7931 42.6395 1690755198947 75.2500 -0.2166
44.4714 -46.6968 -38.3438 36.0963 1690755198980 107.2500 -0.2165
45.3071 -47.4091 -38.3140 46.9451 1690755199012 46.7500 -0.2165
45.0027 -47.0845 -38.4580 38.0288 1690755199044 79.2500 -0.2158
42.9418 -46.2697 -38.8366 39.6865 1690755199078 46.0000 -0.2144
42.3672 -45.4645 -39.2943 51.2498 1690755199110 78.7500 -0.2131
42.4919 -45.4817 -39.5362 32.9024 1690755199142 54.2500 -0.2101
42.7634 -46.1794 -39.4409 39.5634 1690755199177 68.0000 -0.2101
43.1736 -46.6352 -39.5766 35.5606 1690755199209 100.7500 -0.2098
43.0666 -46.8035 -39.6651 39.8883 1690755199241 63.0000 -0.2087
43.3015 -46.2241 -39.7439 29.7449 1690755199274 72.0000 -0.2084
43.1191 -45.5992 -39.7094 49.1241 1690755199307 104.7500 -0.2079
43.6047 -45.6391 -39.3004 39.6584 1690755199339 137.5000 -0.2072
43.6795 -46.0640 -38.6942 39.9954 1690755199371 42.0000 -0.2048
43.7545 -45.9571 -38.7505 43.2774 1690755199405 74.2500 -0.2048
44.3028 -45.3564 -38.7593 37.8414 1690755199437 107.2500 -0.2048
43.8209 -46.3145 -38.0244 30.0459 1690755199469 48.2500 -0.1994
43.4595 -47.1194 -38.2827 38.4742 1690755199503 80.7500 -0.1957
43.3408 -46.3227 -38.8485 46.7581 1690755199535 113.7500 -0.1945
43.1597 -45.5731 -39.0237 36.5600 1690755199568 146.2500 -0.1896
43.5679 -45.2797 -39.0880 42.5897 1690755199601 178.7500 -0.1896
44.0732 -45.8613 -38.7824 56.9567 1690755199634 211.7500 -0.1852
44.5192 -45.9603 -38.9613 52.1883 1690755199666 189.0000 -0.1827
43.9035 -45.8846 -39.1552 42.2014 1690755199699 55.2500 -0.1811
42.9804 -45.8161 -39.3607 40.0325 1690755199732 88.7500 -0.1789
42.6309 -45.6579 -39.2633 48.4699 1690755199764 120.7500 -0.1789
42.8262 -45.9133 -39.3301 47.4650 1690755199796 91.2500 -0.1772
43.2197 -45.8201 -39.4729 46.5545 1690755199830 61.7500 -0.1755
43.6434 -45.8129 -39.5098 50.7326 1690755199862 94.5000 -0.1735
43.9994 -45.8764 -39.1500 44.4348 1690755199894 56.5000 -0.1725
44.5575 -45.0618 -38.8936 45.3403 1690755199928 65.7500 -0.1716
45.3518 -45.2706 -38.1422 69.8473 1690755199961 98.5000 -0.1716
45.2546 -46.1727 -37.9132 45.9646 1690755199993 42.2500 -0.1706
44.7616 -45.9774 -38.3704 46.2703 1690755200026 74.7500 -0.1695
43.3582 -45.4319 -39.1548 43.6816 1690755200059 107.7500 -0.1691
43.0391 -45.3280 -39.6148 47.3314 1690755200091 140.2500 -0.1695
43.6389 -45.4618 -39.1371 36.8126 1690755200123 99.2500 -0.1696
44.5467 -45.8383 -38.7345 49.3368 1690755200157 58.7500 -0.1711
43.9495 -46.1618 -38.7592 40.2915 1690755200189 90.7500 -0.1723
43.0902 -45.9618 -39.2506 48.9438 1690755200222 123.2500 -0.1735
42.3891 -45.7671 -39.5167 50.5043 1690755200255 46.7500 -0.1779
42.8316 -45.5508 -39.7067 46.3554 1690755200287 79.2500 -0.1794
43.3061 -45.7282 -39.1307 44.6765 1690755200319 112.0000 -0.1794
43.9438 -45.9382 -38.6253 50.0425 1690755200353 61.5000 -0.1791
44.3360 -45.7841 -38.4881 48.8522 1690755200386 66.2500 -0.1789
44.4910 -45.6116 -38.3609 51.4639 1690755200418 42.0000 -0.1750
44.7298 -46.1302 -38.0891 46.4463 1690755200450 74.7500 -0.1720
44.6738 -46.4958 -37.9830 64.9527 1690755200484 107.2500 -0.1691
43.5545 -46.2245 -38.4706 63.6996 1690755200516 110.5000 -0.1598
42.7870 -45.7130 -38.9960 63.2378 1690755200548 55.7500 -0.1598
43.0295 -44.9095 -39.2452 48.6022 1690755200582 52.7500 -0.1486
44.1415 -44.9859 -38.7726 41.6762 1690755200614 71.2500 -0.1486
44.1872 -46.3388 -38.2384 52.4853 1690755200646 41.7500 -0.1409
43.5214 -46.2755 -38.6021 45.4981 1690755200679 74.7500 -0.1383
42.7437 -46.3417 -38.8520 52.4509 1690755200712 107.2500 -0.1286
42.6947 -46.2057 -39.0851 40.5441 1690755200745 139.7500 -0.1286
42.8112 -45.5453 -39.2567 49.8493 1690755200777 172.7500 -0.1177
43.0965 -45.7702 -39.1135 38.0611 1690755200811 42.2500 -0.1115
43.4307 -46.6807 -39.0323 46.4295 1690755200843 62.0000 -0.1115
43.5185 -46.6061 -39.1559 45.8238 1690755200875 55.7500 -0.1053
44.0610 -45.9557 -38.9245 61.7781 1690755200909 88.2500 -0.1032
44.6406 -46.3099 -38.5976 38.4075 1690755200941 121.0000 -0.0954
44.7247 -47.4919 -38.6979 42.1566 1690755200973 89.2500 -0.0917
43.6238 -47.7106 -39.2059 46.3879 1690755201006 57.2500 -0.0880
43.0636 -46.8918 -39.6370 50.6989 1690755201039 89.5000 -0.0880
43.1549 -46.2253 -39.3705 43.2954 1690755201071 75.2500 -0.0807
43.8075 -46.4714 -39.1676 49.5789 1690755201104 60.5000 -0.0775
44.4586 -47.1882 -39.2418 46.5669 1690755201138 93.2500 -0.0744
43.8405 -47.7428 -39.7317 40.9714 1690755201170 125.7500 -0.0685
42.8397 -47.5041 -40.1034 46.8970 1690755201202 158.5000 -0.0685
42.4640 -47.1373 -40.0516 34.4242 1690755201236 147.5000 -0.0673
43.0508 -46.7649 -39.7007 35.8011 1690755201269 48.7500 -0.0636
43.6189 -46.8517 -39.7770 43.3197 1690755201300 81.2500 -0.0607
43.7976 -47.3245 -39.9068 42.6000 1690755201333 114.0000 -0.0592
43.1711 -47.4298 -40.1638 35.3592 1690755201366 115.0000 -0.0578
43.6432 -46.8617 -40.4084 39.4502 1690755201398 52.0000 -0.0578
44.2252 -47.4110 -39.6247 42.9244 1690755201431 85.2500 -0.0565
44.3113 -48.2012 -39.3100 40.2669 1690755201464 118.0000 -0.0553
44.6168 -48.3342 -39.8707 44.5995 1690755201497 150.7500 -0.0527
44.2023 -48.1243 -40.4231 51.6835 1690755201529 183.2500 -0.0513
43.4599 -48.1868 -40.5271 48.0627 1690755201563 45.0000 -0.0495
42.9567 -48.2263 -40.5951 37.6744 1690755201595 77.7500 -0.0495
43.3946 -48.1812 -40.5327 30.3429 1690755201627 110.5000 -0.0484
43.7012 -47.9093 -40.1751 44.8724 1690755201660 85.0000 -0.0484
43.8508 -47.8941 -40.1267 59.2753 1690755201693 59.7500 -0.0495
43.8512 -48.0074 -40.1670 41.4534 1690755201725 92.5000 -0.0524
43.6350 -48.0093 -40.3424 40.3708 1690755201758 99.7500 -0.0579
43.8328 -48.0130 -40.2194 38.9297 1690755201791 55.7500 -0.0656
44.0052 -47.9492 -40.1702 44.3818 1690755201823 58.7500 -0.0733
44.2312 -47.9060 -40.1077 40.0767 1690755201856 63.2500 -0.0758
44.7440 -47.8433 -39.8024 29.1180 1690755201890 95.7500 -0.0758
45.0819 -48.7366 -39.6540 42.4501 1690755201922 79.2500 -0.0875
44.5278 -48.7609 -39.5420 41.1438 1690755201954 62.2500 -0.0939
43.5777 -47.5371 -39.7669 36.1191 1690755201987 75.5000 -0.1002
42.7511 -46.7166 -40.3647 40.6738 1690755202020 49.7500 -0.1129
43.7426 -46.6300 -40.7325 53.0221 1690755202052 82.2500 -0.1129
44.2456 -46.9502 -40.4077 39.9500 1690755202085 115.0000 -0.1160
44.2446 -47.4029 -40.4778 50.6788 1690755202118 115.2500 -0.1252
43.9697 -47.1071 -40.5551 42.7413 1690755202150 54.5000 -0.1315
43.7723 -46.3135 -40.5627 33.1505 1690755202182 88.5000 -0.1379
43.2937 -46.3877 -40.5322 42.9527 1690755202216 119.5000 -0.1505
43.2424 -46.7005 -40.6569 36.2718 1690755202248 48.5000 -0.1535
43.5007 -46.6792 -40.6304 37.3217 1690755202280 81.2500 -0.1645
43.6665 -46.3808 -40.4696 39.3464 1690755202315 113.7500 -0.1711
44.1653 -46.0361 -40.1138 37.7290 1690755202347 115.5000 -0.1752
44.9733 -46.9262 -39.7302 33.1543 1690755202379 55.2500 -0.1794
45.3569 -47.9691 -39.7379 57.5051 1690755202412 87.7500 -0.1794
44.6786 -48.1286 -39.8478 42.7206 1690755202445 120.7500 -0.1794
43.6371 -47.0828 -40.1692 37.4147 1690755202477 48.2500 -0.1867
43.2440 -45.8249 -40.5254 25.5892 1690755202509 80.7500 -0.1930
43.4496 -45.8107 -40.3226 43.5349 1690755202543 53.0000 -0.1960
43.2695 -46.5219 -39.9427 45.6426 1690755202575 65.2500 -0.1989
43.8783 -46.3520 -40.2532 30.3143 1690755202607 97.7500 -0.2033
43.6917 -46.6595 -40.2138 36.3524 1690755202641 81.0000 -0.2043
43.9191 -45.8369 -40.3718 33.6280 1690755202674 65.2500 -0.2072
44.2389 -45.6407 -39.8183 36.0402 1690755202706 98.0000 -0.2072
43.6926 -46.3735 -39.4369 46.3637 1690755202739 130.7500 -0.2072
43.7471 -46.6591 -39.9252 39.2953 1690755202772 128.5000 -0.2109
43.8024 -46.6784 -40.1378 49.6339 1690755202804 56.0000 -0.2131
43.8458 -46.3432 -39.7420 51.7475 1690755202836 88.7500 -0.2131
44.1004 -46.8138 -39.2865 40.9950 1690755202870 48.5000 -0.2149
44.2416 -47.2024 -39.3393 37.3859 1690755202902 80.7500 -0.2153
43.6821 -46.5116 -39.4307 34.5808 1690755202934 44.5000 -0.2150
43.1160 -46.0180 -39.8423 35.7863 1690755202968 75.7500 -0.2150
43.4859 -46.2456 -40.3416 31.2354 1690755203000 107.7500 -0.2143
43.3364 -46.4436 -40.1686 36.4393 1690755203032 140.7500 -0.2140
43.0992 -46.5610 -39.6844 29.7571 1690755203066 74.0000 -0.2126
43.4745 -46.3502 -39.5829 33.6774 1690755203099 73.2500 -0.2122
43.5388 -46.5598 -39.6012 33.5074 1690755203131 106.0000 -0.2123
43.5856 -46.5610 -39.6903 38.6627 1690755203164 109.5000 -0.2131
43.5095 -46.1493 -39.8437 41.1219 1690755203197 54.2500 -0.2149
43.5469 -46.0312 -39.7878 42.3336 1690755203229 87.0000 -0.2155
44.2028 -45.6809 -39.4614 42.8941 1690755203261 56.0000 -0.2155
45.0940 -45.0143 -38.6922 53.4891 1690755203295 67.5000 -0.2162
46.1873 -45.5099 -38.1900 73.5234 1690755203327 47.0000 -0.2170
45.4079 -46.2457 -37.9608 42.5024 1690755203359 79.7500 -0.2165
44.3650 -46.1807 -38.8271 55.9139 1690755203392 112.5000 -0.2150
43.5319 -45.8017 -39.6122 55.9139 1690755203417 136.7500 -0.2150
