-7.3722 78.0440 -36.8612 0.0000 1650400901657 2282647.0000 -0.1990
-7.3722 78.0440 -36.8612 0.0000 1650400901686 2282675.7500 -0.1989
-7.3722 78.0440 -36.8612 0.0000 1650400901715 2282704.2500 -0.1989
-7.3722 78.0440 -36.8612 0.0000 1650400901744 2282733.2500 -0.1989
-7.3722 78.0440 -36.8612 0.0000 1650400901773 2282762.7500 -0.1989
-7.3722 78.0440 -36.8612 0.0000 1650400901802 2282791.0000 -0.1989
-7.3722 78.0440 -36.8612 0.0000 1650400901831 2282820.5000 -0.1989
-7.3722 78.0440 -36.8612 0.0000 1650400901860 2282849.5000 -0.1989
-7.3722 78.0440 -36.8612 0.0000 1650400901888 2282878.5000 -0.1990
-7.3722 78.0440 -36.8612 0.0000 1650400901918 2282907.5000 -0.1994
-7.3722 78.0440 -36.8612 0.0000 1650400901946 2282936.5000 -0.1994
-7.3722 78.0440 -36.8612 0.0000 1650400901975 2282965.5000 -0.1999
-7.3722 78.0440 -36.8612 0.0000 1650400902004 2282994.5000 -0.1999
-7.3722 78.0440 -36.8612 0.0000 1650400902033 2283023.5000 -0.1999
-7.3722 78.0440 -36.8612 0.0000 1650400902062 2283052.5000 -0.1999
-7.3722 78.0440 -36.8612 0.0000 1650400902092 2283081.5000 -0.1999
-7.3722 78.0440 -36.8612 0.0000 1650400902121 2283110.5000 -0.1999
-7.3722 78.0440 -36.8612 0.0000 1650400902150 2283139.5000 -0.1999
-7.3722 78.0440 -36.8612 0.0000 1650400902179 2283168.5000 -0.1999
-7.3722 78.0440 -36.8612 0.0000 1650400902207 2283197.5000 -0.1999
-7.3722 78.0440 -36.8612 0.0000 1650400902237 2283227.7500 -0.1999
-7.3722 78.0440 -36.8612 0.0000 1650400902265 2283256.2500 -0.1999
-7.3722 78.0440 -36.8612 0.0000 1650400902294 2283284.5000 -0.1999
-7.3722 78.0440 -36.8612 0.0000 1650400902323 2283313.5000 -0.1999
-7.3722 78.0440 -36.8612 0.0000 1650400902352 2283342.5000 -0.1999
-7.3722 78.0440 -36.8612 0.0000 1650400902381 2283371.2500 -0.1995
-7.3722 78.0440 -36.8612 0.0000 1650400902410 2283400.2500 -0.1994
-7.3722 78.0440 -36.8612 0.0000 1650400902439 2283429.2500 -0.1994
-7.3722 78.0440 -36.8612 0.0000 1650400902468 2283458.2500 -0.1994
-7.3722 78.0440 -36.8612 0.0000 1650400902498 2283488.0000 -0.1990
-7.3722 78.0440 -36.8612 0.0000 1650400902526 2283516.0000 -0.1989
-7.3722 78.0440 -36.8612 0.0000 1650400902555 2283545.0000 -0.1989
-7.3722 78.0440 -36.8612 0.0000 1650400902584 2283573.5000 -0.1989
-7.3722 78.0440 -36.8612 0.0000 1650400902613 2283603.0000 -0.1993
-8.1349 78.8066 -36.0985 0.0000 1650400902642 2283632.0000 -0.1994
-7.3722 78.0440 -36.8612 0.0000 1650400902671 2283661.0000 -0.1994
-7.3722 78.0440 -36.8612 0.0000 1650400902700 2283690.0000 -0.1994
-7.3722 78.0440 -36.8612 0.0000 1650400902729 2283719.0000 -0.1994
-7.3722 78.0440 -36.8612 0.0000 1650400902758 2283748.0000 -0.1994
-7.3722 78.0440 -36.8612 0.0000 1650400902786 2283777.0000 -0.1995
-7.3722 78.0440 -36.8612 0.0000 1650400902816 2283805.7500 -0.1999
-7.3722 78.0440 -36.8612 0.0000 1650400902845 2283834.7500 -0.1999
-7.3722 78.0440 -36.8612 0.0000 1650400902874 2283863.7500 -0.1999
-7.3722 78.0440 -36.8612 0.0000 1650400902903 2283892.7500 -0.1999
-7.3722 78.0440 -36.8612 0.0000 1650400902932 2283921.5000 -0.1999
-7.3722 78.0440 -36.8612 0.0000 1650400902961 2283950.5000 -0.1999
-7.3722 78.0440 -36.8612 0.0000 1650400902990 2283979.5000 -0.1999
-7.3722 78.0440 -36.8612 0.0000 1650400903019 2284011.2500 -0.1999
-7.3722 78.0440 -36.8612 0.0000 1650400903048 2284037.5000 -0.1999
-7.3722 78.0440 -36.8612 0.0000 1650400903077 2284066.5000 -0.1999
-7.3722 78.0440 -36.8612 0.0000 1650400903105 2284095.5000 -0.1999
-7.3722 78.0440 -36.8612 0.0000 1650400903134 2284124.5000 -0.1999
-7.3722 78.0440 -36.8612 0.0000 1650400903163 2284153.5000 -0.1999
-7.3722 78.0440 -36.8612 0.0000 1650400903192 2284182.5000 -0.1999
-7.3722 78.0440 -36.8612 0.0000 1650400903221 2284211.5000 -0.1995
-7.3722 78.0440 -36.8612 0.0000 1650400903251 2284241.7500 -0.1994
-7.3722 78.0440 -36.8612 0.0000 1650400903280 2284270.7500 -0.1994
-7.3722 78.0440 -36.8612 0.0000 1650400903309 2284298.5000 -0.1994
-7.3722 78.0440 -36.8612 0.0000 1650400903338 2284328.7500 -0.1994
-7.3722 78.0440 -36.8612 0.0000 1650400903366 2284356.5000 -0.1994
-7.3722 78.0440 -36.8612 0.0000 1650400903396 2284385.5000 -0.1994
-7.3722 78.0440 -36.8612 0.0000 1650400903424 2284414.5000 -0.1994
-7.3722 78.0440 -36.8612 0.0000 1650400903453 2284443.5000 -0.1994
-7.3722 78.0440 -36.8612 0.0000 1650400903482 2284472.5000 -0.1994
-7.3722 78.0440 -36.8612 0.0000 1650400903511 2284501.2500 -0.1994
-7.3722 78.0440 -36.8612 0.0000 1650400903540 2284530.2500 -0.1994
-7.3722 78.0440 -36.8612 0.0000 1650400903569 2284559.2500 -0.1994
-7.3722 78.0440 -36.8612 0.0000 1650400903598 2284588.0000 -0.1994
-7.3722 78.0440 -36.8612 0.0000 1650400903627 2284617.0000 -0.1994
-7.3722 78.0440 -36.8612 0.0000 1650400903657 2284646.0000 -0.1998
-7.3722 78.0440 -36.8612 0.0000 1650400903685 2284675.0000 -0.1999
-8.1349 78.8066 -36.0985 0.0000 1650400903714 2284704.0000 -0.1999
-7.3722 78.0440 -36.8612 0.0000 1650400903743 2284733.0000 -0.1999
-7.3722 78.0440 -36.8612 0.0000 1650400903772 2284763.0000 -0.1999
-7.3722 78.0440 -36.8612 0.0000 1650400903801 2284792.2500 -0.1999
-7.3722 78.0440 -36.8612 0.0000 1650400903830 2284820.0000 -0.1999
-7.3722 78.0440 -36.8612 0.0000 1650400903859 2284849.0000 -0.1999
-7.3722 78.0440 -36.8612 0.0000 1650400903888 2284878.0000 -0.1999
-7.3722 78.0440 -36.8612 0.0000 1650400903917 2284906.7500 -0.1999
-7.3722 78.0440 -36.8612 0.0000 1650400903945 2284935.7500 -0.1995
-7.3722 78.0440 -36.8612 0.0000 1650400903975 2284964.7500 -0.1994
-7.3722 78.0440 -36.8612 0.0000 1650400904004 2284993.7500 -0.1994
-9.1517 77.7898 -34.5732 0.0000 1650400904033 2285027.0000 -0.1994
-8.8975 78.0440 -33.8106 0.0000 1650400904062 2285051.2500 -0.1994
-6.8638 77.0271 -34.8274 0.0000 1650400904091 2285080.5000 -0.1994
-7.8807 77.0271 -33.3022 0.0000 1650400904120 2285109.5000 -0.1994
-6.8638 78.0440 -32.7937 0.0000 1650400904149 2285138.5000 -0.1994
-7.3722 76.5187 -32.2853 0.0000 1650400904178 2285167.5000 -0.1994
-7.8807 77.0271 -31.2684 0.0000 1650400904207 2285196.5000 -0.1994
-7.6264 77.7898 -32.0311 0.0000 1650400904236 2285225.5000 -0.1994
-7.6264 77.7898 -32.0311 0.0000 1650400904264 2285254.5000 -0.1994
-7.6264 77.7898 -32.0311 0.0000 1650400904294 2285283.5000 -0.1990
-7.6264 77.7898 -32.5395 0.0000 1650400904322 2285312.5000 -0.1989
-7.6264 77.7898 -32.5395 0.0000 1650400904351 2285341.5000 -0.1990
-7.6264 77.2813 -32.5395 0.0000 1650400904380 2285370.5000 -0.1994
-7.3722 78.0440 -33.8106 0.0000 1650400904410 2285399.5000 -0.1998
-8.6433 78.8066 -35.0817 0.0000 1650400904439 2285428.5000 -0.1999
-6.8638 78.0440 -35.8443 0.0000 1650400904468 2285457.5000 -0.1999
-8.6433 78.8066 -37.1154 0.0000 1650400904497 2285486.5000 -0.1999
-6.8638 78.0440 -37.8780 0.0000 1650400904525 2285515.5000 -0.1999
-8.3891 78.5524 -38.3864 0.0000 1650400904555 2285548.2500 -0.1999
-7.8807 78.5524 -38.3864 0.0000 1650400904583 2285573.0000 -0.1999
-7.6264 77.7898 -39.6575 0.0000 1650400904612 2285602.5000 -0.1999
-7.6264 78.2982 -40.1660 0.0000 1650400904641 2285631.2500 -0.1999
-7.6264 77.7898 -41.1828 0.0000 1650400904670 2285660.2500 -0.1999
-7.6264 77.2813 -41.1828 0.0000 1650400904699 2285689.2500 -0.1999
-8.3891 78.0440 -40.9286 0.0000 1650400904728 2285718.0000 -0.1999
-7.3722 77.0271 -41.9455 0.0000 1650400904757 2285747.0000 -0.1999
-7.6264 78.2982 -41.6912 0.0000 1650400904786 2285777.2500 -0.1999
-7.8807 78.0440 -41.4370 0.0000 1650400904816 2285807.5000 -0.1999
-8.3891 77.5355 -40.4202 0.0000 1650400904844 2285834.0000 -0.1995
-8.6433 77.2813 -40.1660 0.0000 1650400904874 2285863.0000 -0.1994
-7.1180 77.7898 -40.1660 0.0000 1650400904902 2285891.7500 -0.1990
-8.6433 77.2813 -39.1491 0.0000 1650400904931 2285921.0000 -0.1989
-8.1349 77.7898 -38.6407 0.0000 1650400904960 2285950.0000 -0.1989
-7.1180 77.2813 -38.6407 0.0000 1650400904989 2285979.0000 -0.1989
-8.6433 77.2813 -36.0985 0.0000 1650400905018 2286008.0000 -0.1985
-7.8807 76.5187 -35.8443 0.0000 1650400905047 2286036.7500 -0.1984
-7.3722 77.5355 -35.3359 0.0000 1650400905076 2286065.7500 -0.1984
-7.8807 77.0271 -33.8106 0.0000 1650400905105 2286094.7500 -0.1984
-7.8807 77.0271 -32.7937 0.0000 1650400905134 2286123.5000 -0.1985
-7.1180 78.2982 -33.0479 0.0000 1650400905162 2286152.5000 -0.1984
-7.6264 76.7729 -32.0311 0.0000 1650400905192 2286181.5000 -0.1988
-7.6264 77.2813 -31.5226 0.0000 1650400905221 2286210.5000 -0.1989
-7.6264 77.7898 -32.0311 0.0000 1650400905250 2286239.5000 -0.1989
-7.6264 77.7898 -32.5395 0.0000 1650400905279 2286268.5000 -0.1989
-7.3722 77.5355 -32.7937 0.0000 1650400905308 2286298.7500 -0.1989
-7.6264 77.7898 -32.5395 0.0000 1650400905337 2286329.2500 -0.1989
-7.6264 77.7898 -32.5395 0.0000 1650400905366 2286355.5000 -0.1989
-7.1180 78.2982 -33.5564 0.0000 1650400905395 2286384.5000 -0.1994
-7.6264 78.2982 -34.0648 0.0000 1650400905423 2286413.5000 -0.1994
-7.8807 79.0608 -35.8443 0.0000 1650400905453 2286442.5000 -0.1994
-8.3891 78.5524 -36.3527 0.0000 1650400905481 2286471.5000 -0.1994
-8.1349 77.2813 -36.0985 0.0000 1650400905510 2286500.5000 -0.1994
-7.6264 78.2982 -37.6238 0.0000 1650400905539 2286529.5000 -0.1994
-8.1349 77.7898 -37.6238 0.0000 1650400905568 2286562.7500 -0.1998
-7.8807 78.0440 -39.4033 0.0000 1650400905598 2286587.0000 -0.1999
-7.8807 77.5355 -39.4033 0.0000 1650400905627 2286616.5000 -0.1994
-8.6433 79.3150 -39.6575 0.0000 1650400905656 2286646.7500 -0.1994
-7.8807 77.5355 -40.9286 0.0000 1650400905685 2286674.5000 -0.1994
-7.8807 77.5355 -41.4370 0.0000 1650400905714 2286703.5000 -0.1994
-9.1517 78.2982 -40.1660 0.0000 1650400905742 2286732.2500 -0.1990
-7.6264 78.2982 -41.6912 0.0000 1650400905771 2286761.2500 -0.1989
-7.6264 78.2982 -41.6912 0.0000 1650400905800 2286790.2500 -0.1989
-7.8807 77.0271 -40.9286 0.0000 1650400905829 2286819.0000 -0.1989
-8.3891 77.5355 -39.9117 0.0000 1650400905858 2286848.0000 -0.1989
-7.8807 78.0440 -40.4202 0.0000 1650400905887 2286877.0000 -0.1989
-7.3722 78.0440 -39.9117 0.0000 1650400905916 2286906.0000 -0.1985
-8.3891 77.5355 -38.3864 0.0000 1650400905945 2286935.0000 -0.1984
-7.1180 77.7898 -38.1322 0.0000 1650400905975 2286964.0000 -0.1988
-7.6264 76.7729 -37.1154 0.0000 1650400906003 2286993.0000 -0.1989
-7.3722 78.0440 -36.3527 0.0000 1650400906033 2287022.0000 -0.1989
-7.6264 76.7729 -35.0817 0.0000 1650400906061 2287051.0000 -0.1989
-7.3722 78.0440 -34.3190 0.0000 1650400906090 2287082.7500 -0.1989
-7.3722 77.0271 -33.8106 0.0000 1650400906119 2287108.7500 -0.1989
-7.3722 77.5355 -33.3022 0.0000 1650400906148 2287137.7500 -0.1989
-6.6096 77.2813 -33.0479 0.0000 1650400906177 2287166.7500 -0.1994
-7.6264 76.7729 -32.0311 0.0000 1650400906206 2287195.7500 -0.1994
-7.6264 77.2813 -32.0311 0.0000 1650400906235 2287224.7500 -0.1994
-7.3722 77.5355 -31.7769 0.0000 1650400906264 2287253.5000 -0.1994
-7.3722 77.0271 -31.2684 0.0000 1650400906293 2287282.5000 -0.1994
-7.3722 77.5355 -32.2853 0.0000 1650400906321 2287311.5000 -0.1994
-7.6264 77.7898 -32.5395 0.0000 1650400906351 2287343.0000 -0.1994
-6.6096 78.8066 -32.5395 0.0000 1650400906380 2287369.5000 -0.1994
-7.6264 78.8066 -33.0479 0.0000 1650400906409 2287400.0000 -0.1994
-8.1349 78.8066 -34.5732 0.0000 1650400906438 2287427.0000 -0.1994
-7.3722 79.5693 -35.3359 0.0000 1650400906467 2287456.5000 -0.1994
-8.3891 78.5524 -36.3527 0.0000 1650400906496 2287485.5000 -0.1994
-6.6096 78.8066 -36.6069 0.0000 1650400906525 2287514.5000 -0.1994
-7.6264 77.7898 -37.6238 0.0000 1650400906554 2287543.5000 -0.1994
-7.8807 78.5524 -38.3864 0.0000 1650400906582 2287572.5000 -0.1998
-7.8807 78.0440 -39.4033 0.0000 1650400906612 2287601.5000 -0.1999
-8.1349 79.3150 -39.1491 0.0000 1650400906640 2287630.5000 -0.1995
-7.6264 78.2982 -40.6744 0.0000 1650400906669 2287659.5000 -0.1994
-7.8807 77.5355 -40.9286 0.0000 1650400906698 2287688.5000 -0.1994
-7.8807 77.5355 -41.4370 0.0000 1650400906728 2287717.5000 -0.1994
-8.3891 77.5355 -40.9286 0.0000 1650400906757 2287746.5000 -0.1990
-7.6264 78.2982 -41.6912 0.0000 1650400906786 2287775.5000 -0.1989
-8.3891 79.0608 -40.9286 0.0000 1650400906815 2287804.5000 -0.1993
-8.1349 77.2813 -40.6744 0.0000 1650400906844 2287834.7500 -0.1994
-8.6433 77.2813 -40.1660 0.0000 1650400906873 2287863.2500 -0.1994
-7.6264 77.7898 -40.6744 0.0000 1650400906901 2287891.2500 -0.1994
-7.6264 77.7898 -40.1660 0.0000 1650400906931 2287920.2500 -0.1994
-8.6433 77.2813 -38.1322 0.0000 1650400906959 2287949.0000 -0.1994
-7.3722 77.0271 -38.8949 0.0000 1650400906988 2287978.0000 -0.1998
-8.3891 77.5355 -36.3527 0.0000 1650400907017 2288007.0000 -0.1999
-7.1180 77.7898 -36.0985 0.0000 1650400907046 2288036.0000 -0.1999
-8.3891 77.5355 -34.3190 0.0000 1650400907075 2288065.0000 -0.1999
-7.1180 77.7898 -35.0817 0.0000 1650400907104 2288095.0000 -0.1999
-7.8807 77.0271 -33.3022 0.0000 1650400907134 2288124.2500 -0.1999
-7.3722 77.5355 -33.3022 0.0000 1650400907163 2288152.0000 -0.1999
-7.6264 76.7729 -32.0311 0.0000 1650400907192 2288183.7500 -0.1999
-7.6264 77.2813 -31.5226 0.0000 1650400907220 2288210.0000 -0.1999
-7.3722 77.5355 -31.7769 0.0000 1650400907249 2288239.0000 -0.1999
-6.8638 77.0271 -31.7769 0.0000 1650400907278 2288267.7500 -0.1999
-6.8638 77.5355 -31.7769 0.0000 1650400907307 2288296.7500 -0.1999
-7.6264 77.7898 -32.5395 0.0000 1650400907336 2288325.7500 -0.1999
-7.3722 77.5355 -32.7937 0.0000 1650400907365 2288354.5000 -0.1995
-7.1180 78.2982 -33.5564 0.0000 1650400907394 2288383.5000 -0.1994
-7.1180 77.7898 -34.0648 0.0000 1650400907423 2288412.5000 -0.1994
-8.3891 79.0608 -34.8274 0.0000 1650400907452 2288441.5000 -0.1994
-7.1180 78.2982 -35.5901 0.0000 1650400907480 2288470.5000 -0.1990
-8.3891 79.0608 -36.8612 0.0000 1650400907511 2288499.5000 -0.1989
-9.1517 79.8235 -36.6069 0.0000 1650400907539 2288528.5000 -0.1989
-7.6264 77.7898 -37.6238 0.0000 1650400907568 2288557.5000 -0.1989
-7.8807 78.5524 -38.3864 0.0000 1650400907597 2288586.5000 -0.1989
-7.8807 77.5355 -39.4033 0.0000 1650400907626 2288616.7500 -0.1989
-7.6264 78.2982 -40.1660 0.0000 1650400907655 2288645.7500 -0.1989
-7.6264 77.7898 -40.6744 0.0000 1650400907684 2288673.5000 -0.1989
-8.8975 78.5524 -39.9117 0.0000 1650400907713 2288702.5000 -0.1993
-8.1349 77.7898 -41.1828 0.0000 1650400907742 2288731.5000 -0.1994
-8.1349 77.2813 -41.1828 0.0000 1650400907771 2288760.5000 -0.1994
-8.3891 77.5355 -40.9286 0.0000 1650400907799 2288789.5000 -0.1994
-8.1349 77.2813 -40.6744 0.0000 1650400907828 2288818.5000 -0.1994
-8.8975 78.0440 -39.9117 0.0000 1650400907857 2288849.0000 -0.1999
-7.8807 78.0440 -40.4202 0.0000 1650400907887 2288877.2500 -0.1999
-7.6264 77.7898 -40.1660 0.0000 1650400907916 2288905.5000 -0.1999
-9.4060 78.0440 -38.3864 0.0000 1650400907945 2288936.0000 -0.1999
-8.6433 77.2813 -38.1322 0.0000 1650400907974 2288964.2500 -0.1999
-7.3722 77.0271 -37.8780 0.0000 1650400908003 2288992.2500 -0.1999
-8.6433 77.2813 -36.0985 0.0000 1650400908032 2289021.2500 -0.1999
-7.6264 76.7729 -36.0985 0.0000 1650400908060 2289050.0000 -0.1999
-7.3722 77.5355 -35.3359 0.0000 1650400908090 2289079.0000 -0.2004
-7.6264 76.7729 -34.0648 0.0000 1650400908118 2289108.0000 -0.2004
-7.6264 76.7729 -33.0479 0.0000 1650400908147 2289137.0000 -0.2004
-6.8638 77.5355 -33.3022 0.0000 1650400908176 2289166.0000 -0.2004
-7.6264 76.7729 -32.0311 0.0000 1650400908205 2289195.0000 -0.1999
-7.6264 77.2813 -32.0311 0.0000 1650400908234 2289224.0000 -0.1999
-7.3722 77.5355 -31.7769 0.0000 1650400908263 2289253.0000 -0.1999
-7.6264 76.7729 -31.5226 0.0000 1650400908293 2289282.0000 -0.1999
-7.1180 77.2813 -32.0311 0.0000 1650400908322 2289311.0000 -0.1995
-7.3722 77.5355 -32.7937 0.0000 1650400908351 2289340.0000 -0.1994
-8.3891 78.5524 -33.3022 0.0000 1650400908379 2289370.5000 -0.1994
-7.6264 78.8066 -34.0648 0.0000 1650400908409 2289396.7500 -0.1994
-7.1180 77.7898 -34.0648 0.0000 1650400908437 2289426.7500 -0.1994
-7.3722 79.5693 -35.3359 0.0000 1650400908466 2289455.7500 -0.1994
-7.3722 78.0440 -35.8443 0.0000 1650400908495 2289484.5000 -0.1994
-8.6433 77.7898 -36.6069 0.0000 1650400908524 2289513.5000 -0.1994
-7.8807 78.0440 -37.3696 0.0000 1650400908553 2289542.5000 -0.1994
-8.6433 78.2982 -38.1322 0.0000 1650400908582 2289571.5000 -0.1994
-7.8807 78.5524 -38.8949 0.0000 1650400908611 2289600.5000 -0.1994
-7.6264 77.7898 -39.6575 0.0000 1650400908640 2289629.2500 -0.1994
-7.8807 78.5524 -40.4202 0.0000 1650400908669 2289658.0000 -0.1994
-7.8807 77.5355 -40.9286 0.0000 1650400908698 2289687.5000 -0.1994
-7.6264 77.2813 -41.1828 0.0000 1650400908727 2289717.7500 -0.1994
-8.3891 77.5355 -40.9286 0.0000 1650400908756 2289745.5000 -0.1998
-8.3891 79.0608 -40.9286 0.0000 1650400908785 2289774.5000 -0.1999
-7.6264 78.2982 -41.6912 0.0000 1650400908814 2289803.5000 -0.1999
-9.1517 78.2982 -40.1660 0.0000 1650400908843 2289832.5000 -0.1999
-8.6433 77.2813 -40.1660 0.0000 1650400908872 2289861.5000 -0.2002
-7.8807 78.0440 -40.4202 0.0000 1650400908901 2289890.5000 -0.2004
-7.6264 77.7898 -40.1660 0.0000 1650400908930 2289919.5000 -0.2004
-8.3891 77.5355 -38.3864 0.0000 1650400908958 2289948.5000 -0.2004
-7.1180 77.7898 -38.1322 0.0000 1650400908988 2289977.5000 -0.2004
-7.6264 76.2645 -37.6238 0.0000 1650400909016 2290006.5000 -0.2004
-7.3722 78.0440 -36.3527 0.0000 1650400909045 2290035.5000 -0.2000
-7.6264 76.2645 -35.5901 0.0000 1650400909074 2290064.2500 -0.1999
-7.3722 78.0440 -34.3190 0.0000 1650400909104 2290093.2500 -0.1999
-7.3722 76.5187 -34.3190 0.0000 1650400909133 2290122.2500 -0.1999
-7.3722 77.5355 -33.3022 0.0000 1650400909162 2290152.2500 -0.1999
-6.8638 77.5355 -32.7937 0.0000 1650400909191 2290181.2500 -0.1999
-7.8807 77.0271 -31.7769 0.0000 1650400909220 2290209.0000 -0.1995
-7.6264 77.2813 -32.0311 0.0000 1650400909249 2290238.0000 -0.1994
-7.6264 77.7898 -32.0311 0.0000 1650400909277 2290267.0000 -0.1994
-7.8807 77.5355 -31.7769 0.0000 1650400909306 2290296.0000 -0.1994
-7.3722 78.0440 -32.7937 0.0000 1650400909335 2290325.0000 -0.1994
-7.3722 77.5355 -32.7937 0.0000 1650400909364 2290354.0000 -0.1994
-7.1180 79.3150 -33.5564 0.0000 1650400909393 2290383.0000 -0.1994
-7.6264 78.8066 -34.0648 0.0000 1650400909422 2290414.7500 -0.1994
-8.3891 78.5524 -34.8274 0.0000 1650400909451 2290440.7500 -0.1995
-7.3722 79.5693 -35.3359 0.0000 1650400909481 2290470.0000 -0.1999
-8.3891 78.5524 -36.3527 0.0000 1650400909510 2290500.0000 -0.1999
-7.3722 79.5693 -37.3696 0.0000 1650400909538 2290527.7500 -0.1999
-7.8807 78.0440 -37.3696 0.0000 1650400909568 2290556.7500 -0.2000
-8.6433 77.7898 -37.6238 0.0000 1650400909596 2290585.5000 -0.2004
-7.8807 78.0440 -39.4033 0.0000 1650400909625 2290614.5000 -0.2004
-8.1349 79.3150 -39.1491 0.0000 1650400909654 2290643.5000 -0.2004
-7.3722 78.0440 -40.9286 0.0000 1650400909683 2290672.5000 -0.2004
-7.8807 77.5355 -40.9286 0.0000 1650400909712 2290701.5000 -0.2004
-7.8807 77.5355 -41.4370 0.0000 1650400909741 2290730.5000 -0.2004
-8.1349 77.7898 -41.1828 0.0000 1650400909770 2290759.5000 -0.2004
-7.8807 77.0271 -41.4370 0.0000 1650400909799 2290788.5000 -0.2004
-7.6264 78.2982 -41.6912 0.0000 1650400909828 2290817.5000 -0.2004
-8.8975 78.0440 -39.9117 0.0000 1650400909857 2290846.5000 -0.2004
-8.6433 77.2813 -40.1660 0.0000 1650400909886 2290875.5000 -0.2000
-7.6264 77.7898 -40.6744 0.0000 1650400909915 2290904.5000 -0.1999
-8.1349 77.2813 -39.6575 0.0000 1650400909944 2290937.7500 -0.1999
-8.6433 77.2813 -38.1322 0.0000 1650400909973 2290962.0000 -0.1999
-6.8638 77.5355 -38.3864 0.0000 1650400910002 2290991.5000 -0.1995
-8.3891 77.5355 -36.3527 0.0000 1650400910031 2291020.5000 -0.1994
-7.3722 77.5355 -36.3527 0.0000 1650400910060 2291049.5000 -0.1994
-7.8807 77.0271 -34.8274 0.0000 1650400910089 2291078.5000 -0.1994
-7.3722 77.5355 -34.8274 0.0000 1650400910117 2291107.5000 -0.1994
-7.6264 76.7729 -33.0479 0.0000 1650400910147 2291136.5000 -0.1994
-6.8638 78.0440 -32.7937 0.0000 1650400910175 2291165.2500 -0.1994
-7.3722 76.5187 -32.2853 0.0000 1650400910204 2291197.0000 -0.1994
-7.8807 77.0271 -31.7769 0.0000 1650400910234 2291223.2500 -0.1994
-7.6264 77.2813 -32.0311 0.0000 1650400910263 2291255.2500 -0.1994
-7.1180 77.2813 -32.0311 0.0000 1650400910292 2291280.7500 -0.1998
-7.3722 77.5355 -32.2853 0.0000 1650400910321 2291310.0000 -0.1999
-7.6264 77.2813 -32.5395 0.0000 1650400910350 2291339.0000 -0.1999
-7.6264 77.7898 -32.5395 0.0000 1650400910379 2291368.0000 -0.1999
-7.1180 79.3150 -33.5564 0.0000 1650400910408 2291397.0000 -0.2002
-6.8638 78.0440 -33.8106 0.0000 1650400910436 2291426.0000 -0.2004
-8.3891 79.0608 -34.8274 0.0000 1650400910466 2291455.0000 -0.2004
-8.1349 77.7898 -35.5901 0.0000 1650400910494 2291484.0000 -0.1999
-8.3891 78.5524 -36.3527 0.0000 1650400910523 2291513.0000 -0.1999
-7.8807 79.0608 -36.8612 0.0000 1650400910552 2291542.0000 -0.2002
-8.3891 78.5524 -38.3864 0.0000 1650400910581 2291571.0000 -0.2004
-7.8807 78.5524 -38.3864 0.0000 1650400910610 2291599.7500 -0.2004
-7.8807 77.5355 -39.4033 0.0000 1650400910640 2291628.7500 -0.2004
-7.8807 78.5524 -40.4202 0.0000 1650400910669 2291657.7500 -0.2004
-7.3722 78.0440 -40.9286 0.0000 1650400910698 2291687.7500 -0.2004
-8.8975 78.5524 -39.9117 0.0000 1650400910727 2291718.2500 -0.2004
-8.8975 78.5524 -40.4202 0.0000 1650400910755 2291744.5000 -0.2004
-8.1349 77.2813 -41.1828 0.0000 1650400910784 2291773.5000 -0.2000
-7.8807 78.5524 -41.4370 0.0000 1650400910813 2291802.5000 -0.1999
-8.3891 77.5355 -40.9286 0.0000 1650400910842 2291831.5000 -0.1999
-9.4060 78.0440 -39.9117 0.0000 1650400910871 2291860.5000 -0.1999
-8.1349 77.7898 -40.6744 0.0000 1650400910900 2291889.5000 -0.1999
-7.3722 78.0440 -39.9117 0.0000 1650400910929 2291918.5000 -0.1999
-8.1349 76.7729 -39.1491 0.0000 1650400910958 2291950.2500 -0.1999
-8.6433 77.2813 -38.1322 0.0000 1650400910987 2291976.0000 -0.1999
-7.1180 77.2813 -38.6407 0.0000 1650400911016 2292005.5000 -0.1995
-8.1349 76.7729 -36.6069 0.0000 1650400911046 2292035.7500 -0.1994
-7.1180 77.2813 -36.6069 0.0000 1650400911074 2292063.5000 -0.1998
-8.1349 76.7729 -34.5732 0.0000 1650400911103 2292092.5000 -0.1999
-7.6264 76.7729 -34.0648 0.0000 1650400911132 2292121.5000 -0.1999
-7.6264 76.7729 -33.0479 0.0000 1650400911161 2292150.5000 -0.1999
-7.3722 77.0271 -33.3022 0.0000 1650400911190 2292179.5000 -0.2002
-7.6264 76.7729 -32.0311 0.0000 1650400911219 2292208.5000 -0.2004
-7.8807 76.5187 -31.2684 0.0000 1650400911248 2292237.5000 -0.2004
-7.6264 77.7898 -32.0311 0.0000 1650400911277 2292266.5000 -0.2004
-7.6264 77.7898 -32.0311 0.0000 1650400911306 2292295.2500 -0.2004
-7.3722 77.0271 -32.2853 0.0000 1650400911334 2292324.2500 -0.2004
-7.6264 77.7898 -32.5395 0.0000 1650400911363 2292353.2500 -0.2004
-8.8975 78.0440 -32.7937 0.0000 1650400911393 2292382.2500 -0.2004
-7.3722 78.5524 -34.3190 0.0000 1650400911422 2292411.0000 -0.2004
-7.3722 78.0440 -33.8106 0.0000 1650400911451 2292440.0000 -0.2007
-7.8807 79.0608 -35.8443 0.0000 1650400911480 2292471.7500 -0.2009
-8.3891 79.0608 -36.3527 0.0000 1650400911509 2292497.7500 -0.2009
-8.6433 78.2982 -36.6069 0.0000 1650400911538 2292527.0000 -0.2009
-7.8807 78.0440 -37.3696 0.0000 1650400911567 2292556.0000 -0.2009
-8.8975 79.0608 -36.8612 0.0000 1650400911595 2292585.0000 -0.2009
-7.6264 78.2982 -39.1491 0.0000 1650400911625 2292614.0000 -0.2004
-7.8807 77.5355 -39.4033 0.0000 1650400911653 2292643.0000 -0.2004
-8.3891 79.0608 -39.4033 0.0000 1650400911682 2292672.0000 -0.2004
-7.8807 77.5355 -40.9286 0.0000 1650400911711 2292702.5000 -0.2004
-7.6264 77.2813 -41.1828 0.0000 1650400911740 2292732.0000 -0.2004
-8.3891 78.0440 -40.9286 0.0000 1650400911769 2292758.7500 -0.2004
-8.3891 77.5355 -40.9286 0.0000 1650400911798 2292787.7500 -0.2000
-8.3891 77.5355 -40.9286 0.0000 1650400911828 2292816.2500 -0.1999
-8.1349 77.2813 -40.6744 0.0000 1650400911857 2292845.5000 -0.1999
-9.4060 78.0440 -39.4033 0.0000 1650400911886 2292874.5000 -0.1999
-7.8807 78.0440 -40.4202 0.0000 1650400911914 2292903.5000 -0.1999
-7.6264 77.7898 -40.1660 0.0000 1650400911943 2292932.5000 -0.1999
-7.8807 76.5187 -39.4033 0.0000 1650400911972 2292961.5000 -0.1999
-7.3722 77.5355 -38.3864 0.0000 1650400912001 2292990.5000 -0.1999
-7.3722 76.5187 -37.8780 0.0000 1650400912030 2293019.5000 -0.1999
-6.8638 77.5355 -36.8612 0.0000 1650400912059 2293048.5000 -0.2004
-7.6264 76.2645 -35.5901 0.0000 1650400912088 2293077.5000 -0.2004
-7.1180 77.7898 -34.5732 0.0000 1650400912117 2293106.5000 -0.2004
-7.6264 76.7729 -34.0648 0.0000 1650400912146 2293135.5000 -0.2004
-7.3722 77.5355 -33.3022 0.0000 1650400912175 2293164.5000 -0.2004
-6.8638 77.5355 -32.7937 0.0000 1650400912205 2293193.5000 -0.2005
-7.3722 76.5187 -31.7769 0.0000 1650400912233 2293224.0000 -0.2009
-7.6264 77.2813 -32.0311 0.0000 1650400912262 2293252.0000 -0.2009
-7.3722 77.5355 -32.2853 0.0000 1650400912291 2293280.5000 -0.2009
-7.3722 77.5355 -31.7769 0.0000 1650400912320 2293309.5000 -0.2009
-7.1180 77.7898 -32.0311 0.0000 1650400912349 2293338.5000 -0.2009
-7.6264 77.7898 -32.5395 0.0000 1650400912378 2293367.5000 -0.2009
-8.6433 78.2982 -33.0479 0.0000 1650400912407 2293396.5000 -0.2009
-7.1180 78.2982 -33.5564 0.0000 1650400912436 2293425.2500 -0.2009
-8.1349 78.8066 -34.5732 0.0000 1650400912465 2293454.2500 -0.2005
-7.3722 79.5693 -35.3359 0.0000 1650400912493 2293486.2500 -0.2004
-8.3891 78.5524 -36.3527 0.0000 1650400912523 2293513.2500 -0.2004
-7.1180 79.3150 -36.0985 0.0000 1650400912552 2293541.0000 -0.2004
-7.8807 78.0440 -37.3696 0.0000 1650400912581 2293572.7500 -0.2000
-9.4060 78.5524 -36.8612 0.0000 1650400912610 2293599.0000 -0.1999
-7.8807 78.0440 -39.4033 0.0000 1650400912639 2293628.0000 -0.2002
-7.8807 77.5355 -39.4033 0.0000 1650400912668 2293657.0000 -0.2004
-7.6264 78.2982 -40.6744 0.0000 1650400912697 2293686.0000 -0.2004
-7.8807 77.5355 -40.9286 0.0000 1650400912726 2293715.0000 -0.2004
-8.3891 78.0440 -40.9286 0.0000 1650400912755 2293744.0000 -0.2004
-7.6264 78.2982 -41.6912 0.0000 1650400912784 2293773.0000 -0.2004
-9.1517 78.2982 -40.1660 0.0000 1650400912812 2293802.0000 -0.2004
-8.3891 77.5355 -40.9286 0.0000 1650400912841 2293830.7500 -0.2004
-8.1349 77.2813 -40.6744 0.0000 1650400912870 2293859.7500 -0.2005
-8.6433 77.2813 -40.1660 0.0000 1650400912899 2293888.7500 -0.2009
-7.8807 78.0440 -40.4202 0.0000 1650400912928 2293917.7500 -0.2009
-7.6264 77.7898 -40.1660 0.0000 1650400912957 2293946.5000 -0.2009
-8.6433 77.2813 -38.1322 0.0000 1650400912987 2293975.5000 -0.2009
-7.3722 77.5355 -38.3864 0.0000 1650400913016 2294006.0000 -0.2009
-7.3722 76.5187 -37.3696 0.0000 1650400913045 2294034.7500 -0.2009
-6.8638 77.0271 -36.8612 0.0000 1650400913073 2294062.5000 -0.2009
-7.3722 76.5187 -35.3359 0.0000 1650400913103 2294091.5000 -0.2010
-7.3722 77.5355 -34.8274 0.0000 1650400913131 2294120.5000 -0.2013
-7.6264 77.2813 -33.5564 0.0000 1650400913160 2294149.5000 -0.2013
-7.3722 77.5355 -33.3022 0.0000 1650400913189 2294178.5000 -0.2013
-7.1180 76.7729 -32.5395 0.0000 1650400913218 2294207.5000 -0.2013
-7.8807 77.0271 -31.7769 0.0000 1650400913247 2294238.0000 -0.2013
-7.6264 77.2813 -32.0311 0.0000 1650400913276 2294268.0000 -0.2013
-7.1180 77.7898 -32.0311 0.0000 1650400913305 2294294.5000 -0.2010
-7.3722 77.5355 -32.2853 0.0000 1650400913334 2294323.5000 -0.2009
-7.6264 77.7898 -32.5395 0.0000 1650400913364 2294353.7500 -0.2009
-7.6264 77.7898 -32.5395 0.0000 1650400913392 2294381.5000 -0.2009
-6.3554 78.5524 -32.7937 0.0000 1650400913421 2294410.5000 -0.2005
-7.6264 78.8066 -33.0479 0.0000 1650400913450 2294439.5000 -0.2004
-7.8807 78.0440 -34.3190 0.0000 1650400913479 2294468.5000 -0.2004
-7.6264 77.2813 -35.0817 0.0000 1650400913508 2294497.5000 -0.2004
-7.6264 78.2982 -36.0985 0.0000 1650400913537 2294526.2500 -0.2004
-7.8807 79.0608 -36.8612 0.0000 1650400913566 2294555.2500 -0.2004
-7.6264 77.7898 -37.6238 0.0000 1650400913595 2294584.2500 -0.2004
-7.8807 78.5524 -38.3864 0.0000 1650400913624 2294612.7500 -0.2004
-9.1517 78.8066 -38.1322 0.0000 1650400913652 2294642.0000 -0.2004
-7.3722 78.5524 -39.9117 0.0000 1650400913682 2294671.0000 -0.2004
-7.1180 78.2982 -40.6744 0.0000 1650400913710 2294700.0000 -0.2004
-7.8807 77.5355 -41.4370 0.0000 1650400913740 2294729.0000 -0.2004
-8.3891 78.0440 -40.9286 0.0000 1650400913769 2294758.0000 -0.2005
-9.1517 78.2982 -40.1660 0.0000 1650400913798 2294788.0000 -0.2009
-8.3891 77.5355 -40.9286 0.0000 1650400913827 2294816.0000 -0.2009
-8.3891 77.5355 -40.9286 0.0000 1650400913856 2294845.0000 -0.2009
-8.3891 77.5355 -40.4202 0.0000 1650400913885 2294874.0000 -0.2009
-8.1349 77.7898 -40.6744 0.0000 1650400913914 2294903.0000 -0.2009
-7.3722 78.0440 -40.4202 0.0000 1650400913943 2294931.7500 -0.2009
-8.1349 77.2813 -39.6575 0.0000 1650400913971 2294960.7500 -0.2009
-8.6433 77.2813 -38.1322 0.0000 1650400914000 2294989.7500 -0.2009
-7.1180 77.2813 -38.6407 0.0000 1650400914029 2295019.7500 -0.2009
-8.1349 76.7729 -36.6069 0.0000 1650400914058 2295048.7500 -0.2009
-7.1180 77.2813 -36.6069 0.0000 1650400914087 2295076.5000 -0.2009
-7.8807 77.0271 -34.8274 0.0000 1650400914116 2295106.7500 -0.2009
-6.8638 77.5355 -34.8274 0.0000 1650400914146 2295134.5000 -0.2009
-7.6264 76.7729 -33.0479 0.0000 1650400914175 2295163.5000 -0.2009
-7.1180 77.7898 -33.0479 0.0000 1650400914204 2295192.5000 -0.2009
-8.1349 77.2813 -33.0479 0.0000 1650400914232 2295221.5000 -0.2009
-7.6264 77.2813 -32.0311 0.0000 1650400914262 2295250.5000 -0.2009
-7.8807 78.0440 -32.2853 0.0000 1650400914290 2295279.5000 -0.2009
-7.3722 78.0440 -32.2853 0.0000 1650400914319 2295308.5000 -0.2005
-7.6264 77.2813 -32.0311 0.0000 1650400914348 2295337.5000 -0.2004
-7.6264 77.7898 -32.5395 0.0000 1650400914377 2295366.5000 -0.2004
-8.3891 78.5524 -33.3022 0.0000 1650400914406 2295395.5000 -0.2004
-6.3554 78.5524 -32.7937 0.0000 1650400914435 2295424.5000 -0.2004
-7.1180 77.7898 -34.0648 0.0000 1650400914464 2295453.5000 -0.2004
-8.3891 78.5524 -35.3359 0.0000 1650400914493 2295482.5000 -0.2004
-7.3722 78.5524 -35.3359 0.0000 1650400914522 2295512.7500 -0.2004
-8.1349 78.8066 -36.6069 0.0000 1650400914551 2295541.7500 -0.2004
-7.8807 78.5524 -36.8612 0.0000 1650400914581 2295569.0000 -0.2009
-9.1517 78.2982 -36.6069 0.0000 1650400914609 2295598.5000 -0.2009
-7.6264 78.2982 -39.1491 0.0000 1650400914638 2295627.2500 -0.2009
-7.6264 77.7898 -39.6575 0.0000 1650400914667 2295656.2500 -0.2009
-8.6433 79.3150 -39.6575 0.0000 1650400914696 2295685.2500 -0.2013
-7.8807 77.5355 -40.9286 0.0000 1650400914725 2295714.2500 -0.2013
-7.8807 77.5355 -41.4370 0.0000 1650400914754 2295743.0000 -0.2013
-8.1349 77.7898 -41.1828 0.0000 1650400914783 2295772.0000 -0.2013
-8.1349 77.2813 -41.1828 0.0000 1650400914812 2295805.2500 -0.2013
-8.1349 77.2813 -41.1828 0.0000 1650400914841 2295829.7500 -0.2013
-8.1349 77.2813 -41.1828 0.0000 1650400914869 2295859.0000 -0.2013
-8.6433 77.2813 -40.1660 0.0000 1650400914898 2295889.0000 -0.2013
-7.8807 77.5355 -40.9286 0.0000 1650400914928 2295917.0000 -0.2009
-7.1180 77.7898 -40.1660 0.0000 1650400914957 2295946.0000 -0.2009
-8.8975 77.0271 -38.8949 0.0000 1650400914986 2295975.0000 -0.2009
-7.3722 77.5355 -38.3864 0.0000 1650400915015 2296004.0000 -0.2009
-7.8807 76.5187 -38.3864 0.0000 1650400915044 2296033.0000 -0.2009
-7.8807 77.5355 -36.8612 0.0000 1650400915073 2296061.7500 -0.2009
-7.8807 76.5187 -35.8443 0.0000 1650400915102 2296090.7500 -0.2005
-7.3722 77.5355 -35.3359 0.0000 1650400915130 2296119.7500 -0.2004
-7.6264 76.7729 -34.0648 0.0000 1650400915160 2296148.5000 -0.2004
-7.3722 77.5355 -33.3022 0.0000 1650400915188 2296177.5000 -0.2004
-7.1180 77.7898 -33.0479 0.0000 1650400915217 2296206.5000 -0.2004
-7.3722 76.5187 -31.7769 0.0000 1650400915246 2296235.5000 -0.2004
-7.8807 77.5355 -32.2853 0.0000 1650400915276 2296264.5000 -0.2004
-7.3722 77.5355 -32.2853 0.0000 1650400915305 2296293.5000 -0.2004
-6.8638 77.5355 -32.2853 0.0000 1650400915334 2296325.2500 -0.2004
-7.6264 76.7729 -32.0311 0.0000 1650400915363 2296351.0000 -0.2004
-7.6264 77.7898 -32.5395 0.0000 1650400915392 2296380.5000 -0.2004
-7.6264 77.7898 -32.5395 0.0000 1650400915421 2296409.5000 -0.2004
-7.1180 78.2982 -33.5564 0.0000 1650400915449 2296439.7500 -0.2004
-7.3722 78.0440 -33.8106 0.0000 1650400915478 2296467.5000 -0.2009
-7.8807 79.0608 -34.8274 0.0000 1650400915507 2296496.5000 -0.2009
-7.6264 78.2982 -35.5901 0.0000 1650400915536 2296525.5000 -0.2009
-7.8807 79.0608 -37.8780 0.0000 1650400915565 2296554.2500 -0.2009
-8.1349 77.7898 -37.1154 0.0000 1650400915594 2296584.7500 -0.2009
-8.3891 78.0440 -37.3696 0.0000 1650400915623 2296612.5000 -0.2009
-7.6264 78.2982 -39.1491 0.0000 1650400915652 2296643.0000 -0.2009
-8.1349 79.3150 -39.1491 0.0000 1650400915682 2296670.0000 -0.2009
-8.3891 79.0608 -39.9117 0.0000 1650400915710 2296699.5000 -0.2009
-7.8807 77.5355 -40.9286 0.0000 1650400915740 2296728.5000 -0.2009
-7.8807 77.5355 -41.4370 0.0000 1650400915768 2296757.2500 -0.2009
-8.3891 77.5355 -40.9286 0.0000 1650400915797 2296786.2500 -0.2009
-7.6264 78.2982 -41.6912 0.0000 1650400915826 2296815.2500 -0.2009
-8.3891 79.0608 -40.9286 0.0000 1650400915855 2296844.0000 -0.2009
-8.1349 77.2813 -40.6744 0.0000 1650400915884 2296873.0000 -0.2009
-8.6433 77.2813 -40.1660 0.0000 1650400915913 2296902.0000 -0.2009
-7.6264 77.7898 -40.6744 0.0000 1650400915942 2296931.0000 -0.2005
-7.6264 77.7898 -40.1660 0.0000 1650400915971 2296960.0000 -0.2004
-7.6264 76.7729 -39.1491 0.0000 1650400916000 2296989.0000 -0.2004
-7.1180 77.7898 -38.1322 0.0000 1650400916028 2297018.0000 -0.2004
-8.3891 77.5355 -36.3527 0.0000 1650400916058 2297047.0000 -0.2004
-7.1180 77.7898 -36.0985 0.0000 1650400916087 2297077.2500 -0.2004
-7.6264 76.7729 -35.0817 0.0000 1650400916116 2297107.5000 -0.2004
-7.6264 77.7898 -34.5732 0.0000 1650400916145 2297134.0000 -0.2004
-7.8807 77.0271 -33.3022 0.0000 1650400916174 2297162.7500 -0.2004
-7.3722 77.5355 -33.3022 0.0000 1650400916203 2297191.7500 -0.2004
-7.1180 77.7898 -33.0479 0.0000 1650400916232 2297220.7500 -0.2004
-7.6264 76.7729 -31.5226 0.0000 1650400916261 2297249.7500 -0.2004
-7.3722 77.5355 -31.7769 0.0000 1650400916290 2297278.5000 -0.2007
-7.3722 77.5355 -32.2853 0.0000 1650400916319 2297307.5000 -0.2009
-7.1180 77.2813 -32.5395 0.0000 1650400916347 2297339.5000 -0.2009
-7.8807 77.0271 -32.2853 0.0000 1650400916376 2297365.0000 -0.2009
-7.8807 78.0440 -32.2853 0.0000 1650400916405 2297394.5000 -0.2007
-7.8807 78.5524 -32.7937 0.0000 1650400916434 2297424.7500 -0.2011
-7.6264 78.8066 -33.0479 0.0000 1650400916463 2297452.5000 -0.2013
-8.1349 78.8066 -34.5732 0.0000 1650400916493 2297481.5000 -0.2013
-7.8807 80.0777 -34.8274 0.0000 1650400916522 2297510.5000 -0.2013
-8.3891 78.5524 -36.3527 0.0000 1650400916551 2297539.5000 -0.2013
-7.8807 78.5524 -36.3527 0.0000 1650400916580 2297568.5000 -0.2013
-7.6264 77.7898 -37.6238 0.0000 1650400916608 2297597.5000 -0.2009
-7.8807 78.5524 -38.3864 0.0000 1650400916638 2297626.5000 -0.2009
-7.8807 78.0440 -39.4033 0.0000 1650400916666 2297655.5000 -0.2009
-6.8638 79.0608 -39.4033 0.0000 1650400916695 2297684.5000 -0.2009
-7.3722 78.0440 -40.9286 0.0000 1650400916724 2297713.5000 -0.2009
-8.8975 78.5524 -39.9117 0.0000 1650400916753 2297742.5000 -0.2009
-8.3891 78.0440 -40.9286 0.0000 1650400916782 2297771.5000 -0.2005
-8.3891 77.5355 -40.9286 0.0000 1650400916811 2297800.5000 -0.2004
-9.1517 78.2982 -40.1660 0.0000 1650400916840 2297829.5000 -0.2004
-8.3891 77.5355 -40.9286 0.0000 1650400916870 2297861.0000 -0.2004
-8.8975 77.5355 -40.9286 0.0000 1650400916899 2297886.7500 -0.2004
-8.6433 77.2813 -40.1660 0.0000 1650400916927 2297916.2500 -0.2004
-7.3722 77.5355 -40.4202 0.0000 1650400916956 2297945.2500 -0.2004
-8.1349 77.2813 -39.6575 0.0000 1650400916985 2297974.0000 -0.2004
-8.6433 77.2813 -38.1322 0.0000 1650400917014 2298003.0000 -0.2004
-6.8638 77.5355 -38.3864 0.0000 1650400917043 2298032.0000 -0.2004
-8.6433 77.2813 -36.0985 0.0000 1650400917072 2298061.0000 -0.2004
-7.1180 77.2813 -36.6069 0.0000 1650400917101 2298091.5000 -0.2004
-7.8807 77.0271 -34.8274 0.0000 1650400917130 2298121.5000 -0.2004
-6.8638 77.5355 -34.8274 0.0000 1650400917159 2298148.0000 -0.2004
-7.8807 77.0271 -33.3022 0.0000 1650400917187 2298178.5000 -0.2005
-7.1180 77.7898 -33.0479 0.0000 1650400917217 2298205.7500 -0.2009
-8.1349 77.7898 -33.0479 0.0000 1650400917246 2298235.0000 -0.2009
-7.6264 76.7729 -31.5226 0.0000 1650400917275 2298264.0000 -0.2009
-7.6264 77.7898 -32.0311 0.0000 1650400917304 2298292.7500 -0.2009
-6.8638 77.0271 -31.7769 0.0000 1650400917333 2298321.7500 -0.2009
-7.1180 77.2813 -32.5395 0.0000 1650400917362 2298350.7500 -0.2009
-7.3722 77.5355 -32.7937 0.0000 1650400917391 2298379.5000 -0.2009
-7.6264 77.7898 -32.5395 0.0000 1650400917420 2298408.5000 -0.2009
-8.3891 78.0440 -33.3022 0.0000 1650400917449 2298437.5000 -0.2009
-7.1180 77.7898 -34.0648 0.0000 1650400917478 2298466.5000 -0.2009
-8.6433 78.8066 -35.0817 0.0000 1650400917506 2298495.5000 -0.2009
-7.3722 78.5524 -36.3527 0.0000 1650400917535 2298524.5000 -0.2009
-8.3891 79.0608 -36.8612 0.0000 1650400917564 2298553.5000 -0.2009
-7.8807 78.5524 -36.8612 0.0000 1650400917593 2298582.5000 -0.2009
-8.3891 78.5524 -38.3864 0.0000 1650400917622 2298613.0000 -0.2005
-7.3722 78.0440 -38.8949 0.0000 1650400917652 2298642.7500 -0.2004
-7.8807 77.5355 -39.4033 0.0000 1650400917681 2298669.5000 -0.2004
-7.8807 78.5524 -40.4202 0.0000 1650400917710 2298698.5000 -0.2004
-7.8807 77.5355 -40.9286 0.0000 1650400917739 2298727.5000 -0.2004
-8.3891 78.0440 -40.9286 0.0000 1650400917767 2298756.5000 -0.2004
-8.6433 77.7898 -40.6744 0.0000 1650400917797 2298785.5000 -0.2004
-8.3891 79.0608 -40.9286 0.0000 1650400917825 2298814.5000 -0.2004
-8.3891 79.0608 -40.9286 0.0000 1650400917854 2298843.5000 -0.2004
-8.3891 77.5355 -40.9286 0.0000 1650400917883 2298873.7500 -0.2004
-8.3891 77.5355 -40.4202 0.0000 1650400917912 2298902.2500 -0.2004
-8.1349 77.7898 -40.6744 0.0000 1650400917941 2298930.5000 -0.2004
-7.6264 78.2982 -39.6575 0.0000 1650400917970 2298962.2500 -0.2005
-8.3891 77.0271 -38.8949 0.0000 1650400917999 2298988.2500 -0.2009
-7.8807 78.0440 -38.3864 0.0000 1650400918029 2299017.2500 -0.2009
-7.6264 76.7729 -38.1322 0.0000 1650400918058 2299046.2500 -0.2009
-7.6264 77.7898 -36.6069 0.0000 1650400918086 2299075.0000 -0.2010
-7.6264 76.7729 -35.5901 0.0000 1650400918116 2299104.0000 -0.2013
-7.3722 77.5355 -35.3359 0.0000 1650400918144 2299133.0000 -0.2013
-7.6264 76.7729 -34.0648 0.0000 1650400918173 2299162.0000 -0.2013
-7.8807 77.0271 -32.7937 0.0000 1650400918202 2299191.0000 -0.2013
-6.6096 77.2813 -33.0479 0.0000 1650400918231 2299220.0000 -0.2013
-7.6264 76.7729 -32.0311 0.0000 1650400918260 2299249.0000 -0.2013
-7.3722 77.0271 -31.7769 0.0000 1650400918289 2299278.0000 -0.2013
-7.6264 77.7898 -32.0311 0.0000 1650400918318 2299307.0000 -0.2013
-6.8638 77.0271 -31.7769 0.0000 1650400918346 2299336.0000 -0.2013
-7.6264 77.2813 -32.0311 0.0000 1650400918376 2299365.0000 -0.2013
-7.3722 77.5355 -32.7937 0.0000 1650400918405 2299393.2500 -0.2010
-7.1180 78.2982 -33.0479 0.0000 1650400918434 2299424.0000 -0.2009
-7.1180 78.2982 -33.5564 0.0000 1650400918463 2299451.7500 -0.2009
-7.1180 77.7898 -34.0648 0.0000 1650400918492 2299480.7500 -0.2009
-7.3722 79.5693 -35.3359 0.0000 1650400918521 2299509.5000 -0.2009
-7.8807 78.5524 -36.8612 0.0000 1650400918550 2299538.5000 -0.2009
-6.3554 79.0608 -36.3527 0.0000 1650400918579 2299567.5000 -0.2005
-7.8807 78.0440 -37.3696 0.0000 1650400918608 2299596.5000 -0.2004
-9.4060 78.5524 -36.8612 0.0000 1650400918637 2299625.5000 -0.2005
-7.8807 78.0440 -39.4033 0.0000 1650400918665 2299655.7500 -0.2009
-8.1349 78.2982 -39.1491 0.0000 1650400918695 2299683.5000 -0.2005
-7.6264 78.2982 -40.6744 0.0000 1650400918723 2299712.5000 -0.2004
-7.8807 77.5355 -40.9286 0.0000 1650400918752 2299742.7500 -0.2005
-7.6264 77.2813 -41.1828 0.0000 1650400918781 2299770.5000 -0.2009
-8.6433 77.2813 -41.1828 0.0000 1650400918811 2299799.5000 -0.2009
-8.1349 77.2813 -41.1828 0.0000 1650400918840 2299828.5000 -0.2009
-8.3891 79.0608 -40.9286 0.0000 1650400918869 2299857.5000 -0.2009
-8.8975 77.5355 -40.9286 0.0000 1650400918898 2299886.5000 -0.2009
-9.4060 78.0440 -39.4033 0.0000 1650400918927 2299915.5000 -0.2009
-7.8807 78.0440 -40.4202 0.0000 1650400918956 2299944.5000 -0.2012
-7.6264 77.7898 -40.1660 0.0000 1650400918984 2299973.5000 -0.2012
-8.3891 77.5355 -38.3864 0.0000 1650400919013 2300002.5000 -0.2009
-7.1180 77.7898 -38.1322 0.0000 1650400919042 2300031.5000 -0.2009
-8.6433 77.2813 -36.6069 0.0000 1650400919071 2300060.5000 -0.2012
-7.1180 77.7898 -36.0985 0.0000 1650400919100 2300089.2500 -0.2013
-7.3722 76.5187 -35.3359 0.0000 1650400919129 2300118.2500 -0.2010
-7.3722 78.0440 -34.3190 0.0000 1650400919158 2300147.2500 -0.2009
-7.3722 77.0271 -33.8106 0.0000 1650400919188 2300177.0000 -0.2009
-7.3722 77.5355 -33.3022 0.0000 1650400919217 2300205.0000 -0.2009
-6.8638 77.5355 -33.3022 0.0000 1650400919245 2300234.0000 -0.2009
-7.8807 77.0271 -31.7769 0.0000 1650400919275 2300263.0000 -0.2009
-7.3722 77.0271 -31.7769 0.0000 1650400919303 2300292.0000 -0.2005
-7.3722 77.5355 -31.7769 0.0000 1650400919332 2300321.0000 -0.2004
-7.3722 77.5355 -31.7769 0.0000 1650400919361 2300350.0000 -0.2004
-7.8807 77.0271 -32.2853 0.0000 1650400919390 2300379.0000 -0.2004
-7.6264 77.7898 -32.5395 0.0000 1650400919419 2300409.2500 -0.2004
-7.1180 79.3150 -33.5564 0.0000 1650400919448 2300439.5000 -0.2004
-6.8638 78.0440 -33.8106 0.0000 1650400919477 2300466.0000 -0.2000
-7.8807 78.0440 -34.3190 0.0000 1650400919506 2300494.5000 -0.1999
-6.8638 79.0608 -35.8443 0.0000 1650400919535 2300523.7500 -0.2000
-8.3891 78.5524 -36.3527 0.0000 1650400919564 2300552.7500 -0.2004
-8.6433 79.3150 -37.1154 0.0000 1650400919593 2300581.7500 -0.2004
-7.6264 77.7898 -37.6238 0.0000 1650400919622 2300610.5000 -0.2004
-7.8807 78.5524 -38.3864 0.0000 1650400919651 2300639.5000 -0.2004
-8.1349 77.7898 -39.1491 0.0000 1650400919680 2300668.2500 -0.2004
-8.1349 79.3150 -39.1491 0.0000 1650400919709 2300697.5000 -0.2004
-7.6264 78.2982 -40.6744 0.0000 1650400919738 2300726.5000 -0.2004
-8.8975 78.5524 -39.9117 0.0000 1650400919767 2300755.5000 -0.2004
-8.3891 78.0440 -40.9286 0.0000 1650400919796 2300784.5000 -0.2009
-7.3722 78.0440 -41.9455 0.0000 1650400919824 2300813.5000 -0.2009
-7.1180 77.7898 -42.1997 0.0000 1650400919854 2300842.5000 -0.2009
-8.3891 77.5355 -40.9286 0.0000 1650400919882 2300871.5000 -0.2009
-9.1517 77.7898 -40.1660 0.0000 1650400919911 2300900.5000 -0.2009
-8.6433 77.2813 -40.1660 0.0000 1650400919940 2300930.7500 -0.2009
-7.8807 78.0440 -40.4202 0.0000 1650400919970 2300959.7500 -0.2009
-8.1349 77.2813 -39.6575 0.0000 1650400919999 2300987.5000 -0.2009
-8.6433 77.2813 -38.1322 0.0000 1650400920028 2301016.5000 -0.2012
-7.1180 77.2813 -38.6407 0.0000 1650400920057 2301045.5000 -0.2013
-7.8807 76.5187 -36.8612 0.0000 1650400920086 2301074.5000 -0.2013
-7.1180 77.2813 -36.6069 0.0000 1650400920115 2301103.5000 -0.2013
-7.8807 77.0271 -34.8274 0.0000 1650400920143 2301132.5000 -0.2010
-6.8638 77.5355 -34.8274 0.0000 1650400920173 2301161.5000 -0.2009
-7.8807 77.0271 -33.3022 0.0000 1650400920201 2301191.2500 -0.2005
-7.3722 77.5355 -33.3022 0.0000 1650400920230 2301218.7500 -0.2004
-7.3722 77.0271 -32.2853 0.0000 1650400920259 2301248.2500 -0.2007
-7.8807 77.0271 -31.7769 0.0000 1650400920288 2301280.0000 -0.2009
-7.6264 77.2813 -31.5226 0.0000 1650400920317 2301306.0000 -0.2005
-7.3722 77.5355 -31.7769 0.0000 1650400920346 2301335.0000 -0.2004
-7.6264 77.2813 -32.0311 0.0000 1650400920376 2301364.0000 -0.2004
-7.8807 77.5355 -32.2853 0.0000 1650400920404 2301393.0000 -0.2004
-7.6264 77.7898 -32.5395 0.0000 1650400920434 2301422.0000 -0.2004
-6.8638 78.0440 -33.3022 0.0000 1650400920462 2301451.0000 -0.2004
-7.8807 78.5524 -34.8274 0.0000 1650400920491 2301480.0000 -0.2007
-8.3891 78.5524 -35.3359 0.0000 1650400920520 2301509.0000 -0.2009
-7.6264 78.8066 -35.0817 0.0000 1650400920549 2301538.0000 -0.2009
-8.1349 78.8066 -36.6069 0.0000 1650400920578 2301567.0000 -0.2009
-8.6433 79.3150 -36.0985 0.0000 1650400920607 2301596.0000 -0.2012
-7.8807 77.5355 -37.8780 0.0000 1650400920636 2301624.7500 -0.2013
-7.6264 78.2982 -38.6407 0.0000 1650400920665 2301653.7500 -0.2013
-7.8807 77.5355 -39.4033 0.0000 1650400920694 2301682.7500 -0.2013
-8.1349 78.8066 -41.1828 0.0000 1650400920723 2301716.0000 -0.2013
-7.8807 77.5355 -40.9286 0.0000 1650400920753 2301740.2500 -0.2013
-7.8807 77.5355 -40.9286 0.0000 1650400920781 2301769.5000 -0.2013
-9.4060 78.5524 -39.9117 0.0000 1650400920810 2301798.5000 -0.2013
-8.1349 77.2813 -41.1828 0.0000 1650400920839 2301827.5000 -0.2013
-7.6264 78.2982 -41.6912 0.0000 1650400920868 2301856.5000 -0.2013
-8.3891 77.5355 -40.9286 0.0000 1650400920897 2301885.5000 -0.2013
-8.3891 77.5355 -40.4202 0.0000 1650400920926 2301914.5000 -0.2013
-8.1349 77.7898 -40.6744 0.0000 1650400920955 2301944.7500 -0.2013
-7.3722 78.0440 -39.9117 0.0000 1650400920984 2301973.7500 -0.2013
-8.1349 76.7729 -39.6575 0.0000 1650400921013 2302001.5000 -0.2013
-8.1349 77.7898 -38.6407 0.0000 1650400921041 2302031.7500 -0.2013
-7.6264 76.7729 -38.1322 0.0000 1650400921070 2302059.0000 -0.2013
-7.8807 77.5355 -36.8612 0.0000 1650400921099 2302088.5000 -0.2010
-7.8807 76.5187 -35.8443 0.0000 1650400921129 2302117.5000 -0.2009
-7.3722 77.5355 -35.3359 0.0000 1650400921158 2302146.5000 -0.2009
-7.6264 76.7729 -34.0648 0.0000 1650400921187 2302175.5000 -0.2009
-8.1349 77.2813 -33.0479 0.0000 1650400921216 2302204.5000 -0.2009
-6.8638 77.5355 -33.3022 0.0000 1650400921245 2302233.5000 -0.2009
-7.3722 76.5187 -32.2853 0.0000 1650400921274 2302262.5000 -0.2009
-7.6264 77.2813 -32.0311 0.0000 1650400921302 2302291.5000 -0.2009
-7.6264 77.7898 -32.0311 0.0000 1650400921332 2302320.2500 -0.2009
-7.3722 77.5355 -32.2853 0.0000 1650400921360 2302349.2500 -0.2009
-7.3722 78.0440 -32.2853 0.0000 1650400921389 2302378.2500 -0.2012
-7.3722 77.5355 -32.7937 0.0000 1650400921418 2302407.2500 -0.2013
-7.1180 78.2982 -33.0479 0.0000 1650400921447 2302436.2500 -0.2013
-7.1180 78.2982 -33.5564 0.0000 1650400921476 2302466.2500 -0.2013
-7.8807 78.5524 -34.8274 0.0000 1650400921505 2302496.5000 -0.2013
-7.3722 79.5693 -35.3359 0.0000 1650400921535 2302523.0000 -0.2013
-8.6433 78.8066 -36.0985 0.0000 1650400921564 2302552.0000 -0.2013
-7.1180 78.2982 -37.1154 0.0000 1650400921593 2302581.0000 -0.2013
-7.8807 78.0440 -37.3696 0.0000 1650400921621 2302610.0000 -0.2013
-9.1517 78.8066 -36.6069 0.0000 1650400921651 2302639.0000 -0.2013
-7.6264 77.7898 -39.1491 0.0000 1650400921679 2302668.0000 -0.2013
-7.8807 77.5355 -39.4033 0.0000 1650400921708 2302697.0000 -0.2018
-8.6433 79.3150 -39.6575 0.0000 1650400921737 2302728.5000 -0.2018
-7.8807 77.5355 -40.9286 0.0000 1650400921766 2302756.0000 -0.2015
-7.6264 77.2813 -41.1828 0.0000 1650400921795 2302783.7500 -0.2013
-8.3891 77.5355 -40.9286 0.0000 1650400921824 2302813.7500 -0.2013
-7.1180 77.7898 -42.1997 0.0000 1650400921853 2302841.5000 -0.2013
-7.3722 78.0440 -41.9455 0.0000 1650400921882 2302870.5000 -0.2013
-8.6433 77.7898 -40.6744 0.0000 1650400921911 2302899.5000 -0.2013
-8.6433 77.2813 -40.1660 0.0000 1650400921940 2302928.5000 -0.2010
-7.8807 78.0440 -40.4202 0.0000 1650400921969 2302957.5000 -0.2009
-7.3722 78.0440 -39.9117 0.0000 1650400921998 2302986.5000 -0.2009
-8.6433 77.2813 -38.1322 0.0000 1650400922027 2303015.5000 -0.2009
-7.1180 77.7898 -38.1322 0.0000 1650400922056 2303044.5000 -0.2009
-7.3722 76.5187 -37.3696 0.0000 1650400922085 2303073.5000 -0.2009
-7.3722 78.0440 -36.3527 0.0000 1650400922114 2303102.5000 -0.2005
-7.6264 76.2645 -35.5901 0.0000 1650400922143 2303131.5000 -0.2004
-7.1180 78.2982 -34.5732 0.0000 1650400922172 2303160.5000 -0.2007
-7.8807 77.0271 -33.8106 0.0000 1650400922200 2303189.5000 -0.2009
-7.3722 77.5355 -33.3022 0.0000 1650400922230 2303218.5000 -0.2009
-7.3722 77.0271 -32.7937 0.0000 1650400922258 2303248.5000 -0.2013
-7.6264 76.7729 -32.0311 0.0000 1650400922288 2303276.0000 -0.2013
-7.6264 77.2813 -32.0311 0.0000 1650400922317 2303305.5000 -0.2013
-7.6264 77.7898 -32.0311 0.0000 1650400922346 2303334.5000 -0.2013
-7.1180 77.7898 -32.0311 0.0000 1650400922375 2303363.5000 -0.2013
-7.6264 77.2813 -32.5395 0.0000 1650400922404 2303392.5000 -0.2013
-7.6264 77.7898 -32.5395 0.0000 1650400922433 2303421.2500 -0.2013
-7.1180 78.2982 -33.0479 0.0000 1650400922462 2303450.2500 -0.2013
-7.6264 78.8066 -33.0479 0.0000 1650400922491 2303480.7500 -0.2013
-7.8807 78.0440 -34.3190 0.0000 1650400922519 2303510.7500 -0.2013
-7.3722 79.5693 -35.3359 0.0000 1650400922548 2303537.0000 -0.2013
-7.8807 78.0440 -35.8443 0.0000 1650400922577 2303567.5000 -0.2013
-7.8807 80.0777 -36.8612 0.0000 1650400922606 2303596.2500 -0.2013
-7.6264 77.7898 -37.6238 0.0000 1650400922635 2303624.0000 -0.2013
-7.8807 78.5524 -38.3864 0.0000 1650400922664 2303653.0000 -0.2013
-7.8807 78.0440 -39.4033 0.0000 1650400922694 2303682.0000 -0.2013
-8.8975 78.5524 -38.3864 0.0000 1650400922723 2303711.0000 -0.2010
-7.6264 78.2982 -40.6744 0.0000 1650400922752 2303740.0000 -0.2009
-7.8807 77.5355 -40.9286 0.0000 1650400922780 2303769.0000 -0.2009
-9.1517 78.8066 -40.1660 0.0000 1650400922810 2303798.0000 -0.2009
-7.8807 77.0271 -41.4370 0.0000 1650400922838 2303827.0000 -0.2009
-8.3891 77.5355 -40.9286 0.0000 1650400922867 2303855.7500 -0.2009
-8.1349 77.7898 -41.1828 0.0000 1650400922896 2303884.7500 -0.2005
-8.1349 77.2813 -40.6744 0.0000 1650400922925 2303913.7500 -0.2004
-8.3891 77.5355 -39.9117 0.0000 1650400922954 2303942.5000 -0.2005
-7.6264 77.7898 -40.6744 0.0000 1650400922983 2303971.5000 -0.2009
-8.6433 76.7729 -39.1491 0.0000 1650400923012 2304002.2500 -0.2005
-8.6433 77.2813 -38.1322 0.0000 1650400923041 2304032.0000 -0.2004
-7.1180 77.7898 -38.1322 0.0000 1650400923070 2304058.5000 -0.2005
-8.3891 77.5355 -36.3527 0.0000 1650400923099 2304087.5000 -0.2009
-7.1180 77.2813 -36.6069 0.0000 1650400923128 2304116.5000 -0.2009
-7.8807 77.0271 -34.8274 0.0000 1650400923157 2304145.5000 -0.2009
-6.8638 77.5355 -34.8274 0.0000 1650400923186 2304174.5000 -0.2009
-7.8807 77.0271 -33.3022 0.0000 1650400923215 2304203.5000 -0.2009
-7.3722 77.5355 -33.3022 0.0000 1650400923244 2304232.5000 -0.2009
-7.1180 76.7729 -32.5395 0.0000 1650400923273 2304262.7500 -0.2013
-7.6264 76.7729 -31.5226 0.0000 1650400923302 2304291.7500 -0.2013
-7.3722 77.5355 -32.2853 0.0000 1650400923331 2304319.5000 -0.2013
-7.6264 77.7898 -32.5395 0.0000 1650400923359 2304351.2500 -0.2013
-7.1180 77.7898 -32.0311 0.0000 1650400923389 2304377.5000 -0.2013
-7.3722 77.5355 -32.7937 0.0000 1650400923417 2304406.5000 -0.2013
-7.6264 77.7898 -32.5395 0.0000 1650400923447 2304435.5000 -0.2013
-7.6264 78.8066 -34.0648 0.0000 1650400923476 2304464.5000 -0.2013
-7.6264 78.2982 -33.5564 0.0000 1650400923505 2304493.5000 -0.2010
-8.6433 78.8066 -35.0817 0.0000 1650400923534 2304522.5000 -0.2009
-6.8638 78.0440 -35.8443 0.0000 1650400923563 2304551.2500 -0.2009
-8.1349 78.8066 -36.6069 0.0000 1650400923592 2304580.2500 -0.2009
-8.3891 79.5693 -36.3527 0.0000 1650400923621 2304609.2500 -0.2007
-7.6264 77.7898 -37.6238 0.0000 1650400923650 2304638.0000 -0.2004
-7.8807 78.5524 -38.3864 0.0000 1650400923678 2304667.0000 -0.2004
-7.8807 77.5355 -39.4033 0.0000 1650400923707 2304696.0000 -0.2004
-7.6264 78.2982 -40.1660 0.0000 1650400923736 2304725.0000 -0.2004
-7.8807 77.5355 -40.9286 0.0000 1650400923765 2304754.0000 -0.2004
-7.8807 77.5355 -41.4370 0.0000 1650400923794 2304785.5000 -0.2004
-8.3891 77.5355 -40.9286 0.0000 1650400923823 2304811.5000 -0.2004
-8.3891 77.5355 -40.9286 0.0000 1650400923853 2304841.0000 -0.2004
-9.1517 78.2982 -40.1660 0.0000 1650400923882 2304870.0000 -0.2004
-8.3891 77.5355 -40.9286 0.0000 1650400923911 2304899.0000 -0.2011
-8.6433 77.2813 -40.6744 0.0000 1650400923939 2304928.0000 -0.2010
-8.1349 77.7898 -40.6744 0.0000 1650400923969 2304956.7500 -0.2009
-7.6264 78.2982 -40.1660 0.0000 1650400923997 2304985.7500 -0.2009
-8.1349 76.7729 -39.6575 0.0000 1650400924026 2305014.7500 -0.2009
-8.1349 77.7898 -38.6407 0.0000 1650400924055 2305044.7500 -0.2009
-7.6264 76.7729 -38.1322 0.0000 1650400924084 2305072.5000 -0.2010
-7.6264 77.2813 -37.1154 0.0000 1650400924113 2305101.5000 -0.2013
-7.1180 77.2813 -36.6069 0.0000 1650400924142 2305131.7500 -0.2013
-8.1349 76.7729 -34.5732 0.0000 1650400924171 2305159.5000 -0.2013
-7.1180 77.2813 -34.5732 0.0000 1650400924200 2305188.5000 -0.2013
-7.8807 77.0271 -32.7937 0.0000 1650400924229 2305217.5000 -0.2013
-6.8638 77.5355 -33.3022 0.0000 1650400924258 2305246.5000 -0.2013
-7.3722 76.5187 -32.2853 0.0000 1650400924288 2305275.5000 -0.2010
-7.6264 77.2813 -32.0311 0.0000 1650400924316 2305304.5000 -0.2009
-7.8807 78.0440 -32.2853 0.0000 1650400924345 2305333.5000 -0.2012
-7.1180 77.2813 -32.5395 0.0000 1650400924374 2305362.5000 -0.2013
-7.8807 77.5355 -31.7769 0.0000 1650400924403 2305391.5000 -0.2010
-7.3722 77.5355 -32.7937 0.0000 1650400924432 2305420.5000 -0.2009
-7.6264 77.7898 -32.5395 0.0000 1650400924461 2305449.5000 -0.2009
-7.6264 78.8066 -34.0648 0.0000 1650400924490 2305478.5000 -0.2009
-7.6264 78.2982 -34.0648 0.0000 1650400924519 2305507.5000 -0.2009
-7.6264 79.3150 -35.5901 0.0000 1650400924548 2305538.0000 -0.2009
-7.6264 78.2982 -35.5901 0.0000 1650400924576 2305566.2500 -0.2009
-8.6433 78.2982 -36.0985 0.0000 1650400924605 2305594.5000 -0.2009
-7.6264 78.2982 -37.6238 0.0000 1650400924635 2305623.5000 -0.2009
-9.6602 79.3150 -37.1154 0.0000 1650400924664 2305652.5000 -0.2009
-7.3722 78.0440 -38.8949 0.0000 1650400924693 2305681.2500 -0.2009
-7.6264 77.7898 -39.6575 0.0000 1650400924722 2305710.2500 -0.2009
-7.6264 78.2982 -40.6744 0.0000 1650400924751 2305739.2500 -0.2010
-7.8807 77.5355 -40.9286 0.0000 1650400924780 2305768.0000 -0.2013
-7.6264 77.2813 -41.1828 0.0000 1650400924809 2305798.2500 -0.2013
-8.3891 78.0440 -40.9286 0.0000 1650400924837 2305828.5000 -0.2013
-7.6264 78.2982 -41.6912 0.0000 1650400924867 2305855.0000 -0.2013
-8.3891 77.5355 -40.9286 0.0000 1650400924895 2305885.2500 -0.2013
-8.3891 77.5355 -40.9286 0.0000 1650400924924 2305913.0000 -0.2013
-8.6433 77.2813 -40.1660 0.0000 1650400924953 2305942.0000 -0.2013
-7.8807 78.0440 -40.4202 0.0000 1650400924982 2305971.0000 -0.2013
-7.3722 78.0440 -39.9117 0.0000 1650400925011 2306000.0000 -0.2018
-7.8807 76.5187 -39.4033 0.0000 1650400925041 2306029.0000 -0.2018
-7.3722 77.5355 -38.3864 0.0000 1650400925070 2306058.0000 -0.2018
-7.8807 76.5187 -37.3696 0.0000 1650400925099 2306086.7500 -0.2018
-7.3722 78.0440 -36.3527 0.0000 1650400925128 2306115.7500 -0.2018
-7.3722 76.5187 -35.3359 0.0000 1650400925156 2306144.7500 -0.2018
-7.1180 78.2982 -34.5732 0.0000 1650400925185 2306173.5000 -0.2018
-7.6264 76.7729 -34.0648 0.0000 1650400925214 2306202.5000 -0.2018
-7.3722 77.5355 -33.3022 0.0000 1650400925243 2306231.5000 -0.2015
-7.1180 77.7898 -33.0479 0.0000 1650400925272 2306260.5000 -0.2013
-7.3722 76.5187 -31.7769 0.0000 1650400925301 2306289.5000 -0.2013
-7.6264 77.2813 -32.0311 0.0000 1650400925330 2306319.7500 -0.2013
-7.6264 77.7898 -32.0311 0.0000 1650400925359 2306350.2500 -0.2013
-7.3722 77.5355 -32.2853 0.0000 1650400925388 2306376.5000 -0.2013
-7.8807 78.0440 -32.2853 0.0000 1650400925417 2306405.5000 -0.2013
-7.6264 77.7898 -32.5395 0.0000 1650400925447 2306434.5000 -0.2009
-7.3722 78.0440 -32.7937 0.0000 1650400925475 2306463.5000 -0.2009
-7.1180 78.2982 -33.5564 0.0000 1650400925504 2306492.5000 -0.2009
-7.6264 78.2982 -34.0648 0.0000 1650400925533 2306521.5000 -0.2009
-7.8807 80.0777 -34.8274 0.0000 1650400925562 2306550.5000 -0.2013
-7.6264 77.7898 -35.5901 0.0000 1650400925591 2306583.7500 -0.2013
-7.8807 80.0777 -36.8612 0.0000 1650400925620 2306608.0000 -0.2013
-7.8807 78.0440 -37.3696 0.0000 1650400925649 2306637.5000 -0.2013
-7.6264 78.8066 -38.1322 0.0000 1650400925678 2306669.0000 -0.2013
-7.8807 78.0440 -39.4033 0.0000 1650400925707 2306695.5000 -0.2013
-8.8975 80.0777 -39.9117 0.0000 1650400925735 2306724.5000 -0.2017
-7.8807 78.5524 -40.4202 0.0000 1650400925765 2306753.5000 -0.2018
-7.8807 77.5355 -40.9286 0.0000 1650400925794 2306782.2500 -0.2018
-8.3891 78.0440 -40.9286 0.0000 1650400925823 2306811.2500 -0.2018
-8.3891 77.5355 -40.9286 0.0000 1650400925852 2306840.2500 -0.2018
-8.3891 79.0608 -40.9286 0.0000 1650400925881 2306869.2500 -0.2018
-8.3891 77.5355 -40.9286 0.0000 1650400925910 2306898.0000 -0.2018
-8.3891 77.5355 -40.4202 0.0000 1650400925939 2306927.0000 -0.2018
-8.6433 77.2813 -40.1660 0.0000 1650400925968 2306956.0000 -0.2015
-8.1349 77.7898 -40.6744 0.0000 1650400925996 2306985.0000 -0.2013
-7.6264 77.7898 -40.1660 0.0000 1650400926026 2307014.0000 -0.2013
-8.6433 77.2813 -38.1322 0.0000 1650400926054 2307043.0000 -0.2013
-7.3722 77.5355 -38.3864 0.0000 1650400926083 2307072.0000 -0.2010
-8.3891 77.5355 -36.3527 0.0000 1650400926112 2307105.2500 -0.2009
-7.3722 77.5355 -36.3527 0.0000 1650400926141 2307129.7500 -0.2009
-7.8807 77.0271 -34.8274 0.0000 1650400926170 2307159.0000 -0.2009
-7.6264 77.7898 -34.5732 0.0000 1650400926200 2307187.7500 -0.2009
-7.8807 77.0271 -33.3022 0.0000 1650400926229 2307216.7500 -0.2009
-7.3722 77.5355 -33.3022 0.0000 1650400926258 2307245.7500 -0.2009
-7.6264 77.2813 -32.5395 0.0000 1650400926287 2307274.7500 -0.2009
-7.6264 76.7729 -31.5226 0.0000 1650400926315 2307303.5000 -0.2009
-7.8807 77.5355 -31.7769 0.0000 1650400926345 2307332.2500 -0.2009
-7.3722 77.5355 -32.2853 0.0000 1650400926373 2307362.5000 -0.2009
-7.6264 77.2813 -32.0311 0.0000 1650400926402 2307390.5000 -0.2009
-7.3722 77.5355 -32.7937 0.0000 1650400926431 2307421.2500 -0.2009
-7.6264 77.7898 -32.5395 0.0000 1650400926460 2307448.2500 -0.2013
-8.3891 78.0440 -33.3022 0.0000 1650400926489 2307477.5000 -0.2013
-7.1180 78.2982 -33.5564 0.0000 1650400926518 2307506.5000 -0.2013
-8.1349 78.8066 -35.0817 0.0000 1650400926547 2307535.5000 -0.2013
-7.6264 77.2813 -35.0817 0.0000 1650400926576 2307564.5000 -0.2013
-8.3891 79.0608 -36.8612 0.0000 1650400926606 2307593.5000 -0.2013
-8.6433 79.3150 -37.1154 0.0000 1650400926634 2307622.5000 -0.2013
-7.6264 77.7898 -37.6238 0.0000 1650400926663 2307651.5000 -0.2013
-7.8807 78.5524 -38.3864 0.0000 1650400926692 2307680.5000 -0.2018
-7.6264 77.7898 -39.6575 0.0000 1650400926721 2307709.5000 -0.2018
-8.3891 77.5355 -39.4033 0.0000 1650400926750 2307738.5000 -0.2018
-7.3722 78.0440 -40.9286 0.0000 1650400926779 2307767.5000 -0.2018
-9.1517 78.8066 -40.1660 0.0000 1650400926808 2307796.5000 -0.2018
-8.6433 77.7898 -41.1828 0.0000 1650400926837 2307825.5000 -0.2018
-8.1349 77.7898 -41.1828 0.0000 1650400926866 2307855.7500 -0.2015
-8.3891 77.5355 -40.9286 0.0000 1650400926894 2307884.7500 -0.2013
-8.1349 77.2813 -40.6744 0.0000 1650400926924 2307912.2500 -0.2013
-8.6433 77.2813 -40.1660 0.0000 1650400926953 2307941.2500 -0.2013
-8.6433 77.2813 -40.1660 0.0000 1650400926982 2307970.2500 -0.2013
-7.1180 77.7898 -40.1660 0.0000 1650400927011 2307999.0000 -0.2013
-8.3891 77.0271 -39.4033 0.0000 1650400927040 2308028.0000 -0.2010
-8.3891 77.5355 -37.8780 0.0000 1650400927069 2308057.0000 -0.2009
-7.1180 77.2813 -38.6407 0.0000 1650400927098 2308086.0000 -0.2009
-8.6433 77.2813 -36.0985 0.0000 1650400927127 2308116.0000 -0.2009
-7.1180 77.2813 -36.6069 0.0000 1650400927156 2308145.2500 -0.2009
-7.3722 77.5355 -35.3359 0.0000 1650400927185 2308173.0000 -0.2009
-7.6264 76.7729 -34.0648 0.0000 1650400927213 2308201.5000 -0.2009
-7.6264 76.7729 -33.0479 0.0000 1650400927242 2308231.0000 -0.2013
-6.8638 77.5355 -33.3022 0.0000 1650400927271 2308260.0000 -0.2013
-7.3722 76.5187 -32.2853 0.0000 1650400927300 2308289.0000 -0.2013
-7.8807 77.0271 -31.7769 0.0000 1650400927329 2308317.7500 -0.2013
-7.6264 77.7898 -32.0311 0.0000 1650400927359 2308346.7500 -0.2013
-7.3722 77.5355 -32.2853 0.0000 1650400927388 2308375.7500 -0.2015
-7.6264 78.2982 -32.5395 0.0000 1650400927417 2308404.5000 -0.2018
-7.3722 77.5355 -32.7937 0.0000 1650400927446 2308433.5000 -0.2018
-7.6264 77.7898 -32.5395 0.0000 1650400927474 2308462.5000 -0.2018
-7.6264 78.8066 -34.0648 0.0000 1650400927504 2308491.5000 -0.2018
-7.3722 78.0440 -33.8106 0.0000 1650400927532 2308520.5000 -0.2018
-7.8807 79.0608 -35.8443 0.0000 1650400927561 2308549.5000 -0.2018
-7.8807 78.5524 -35.3359 0.0000 1650400927590 2308578.5000 -0.2018
-7.8807 79.0608 -37.8780 0.0000 1650400927619 2308607.5000 -0.2018
-7.6264 78.2982 -37.1154 0.0000 1650400927648 2308639.2500 -0.2015
-8.8975 79.0608 -36.8612 0.0000 1650400927677 2308665.0000 -0.2013
-7.3722 78.0440 -38.8949 0.0000 1650400927706 2308694.5000 -0.2013
-8.6433 78.8066 -38.6407 0.0000 1650400927735 2308723.5000 -0.2013
-8.6433 79.3150 -39.6575 0.0000 1650400927765 2308752.5000 -0.2013
-7.8807 77.5355 -40.9286 0.0000 1650400927793 2308781.5000 -0.2013
-7.8807 77.5355 -41.4370 0.0000 1650400927823 2308810.5000 -0.2010
-8.8975 78.0440 -39.9117 0.0000 1650400927851 2308839.5000 -0.2009
-8.3891 77.5355 -40.9286 0.0000 1650400927880 2308870.0000 -0.2009
-9.1517 78.2982 -40.1660 0.0000 1650400927909 2308899.7500 -0.2009
-8.3891 77.5355 -40.9286 0.0000 1650400927938 2308926.5000 -0.2009
-8.6433 77.2813 -40.1660 0.0000 1650400927967 2308957.0000 -0.2009
-8.1349 77.7898 -40.6744 0.0000 1650400927996 2308985.2500 -0.2009
-7.3722 78.0440 -39.9117 0.0000 1650400928025 2309013.2500 -0.2009
-8.6433 77.2813 -38.6407 0.0000 1650400928053 2309042.2500 -0.2009
-7.6264 77.7898 -38.1322 0.0000 1650400928083 2309071.2500 -0.2009
-8.6433 77.7898 -36.6069 0.0000 1650400928112 2309100.0000 -0.2009
-7.1180 77.7898 -36.0985 0.0000 1650400928141 2309129.0000 -0.2009
-7.3722 76.5187 -35.3359 0.0000 1650400928170 2309158.0000 -0.2010
-7.3722 78.0440 -34.3190 0.0000 1650400928199 2309187.0000 -0.2013
-7.6264 76.7729 -34.0648 0.0000 1650400928228 2309216.0000 -0.2013
-7.3722 77.5355 -33.3022 0.0000 1650400928257 2309245.0000 -0.2013
-6.8638 77.5355 -33.3022 0.0000 1650400928286 2309274.0000 -0.2013
-7.8807 77.0271 -31.7769 0.0000 1650400928315 2309303.0000 -0.2013
-7.6264 77.2813 -32.0311 0.0000 1650400928344 2309332.0000 -0.2013
-7.3722 77.5355 -31.7769 0.0000 1650400928372 2309361.0000 -0.2013
-7.6264 77.7898 -32.0311 0.0000 1650400928402 2309390.0000 -0.2013
-7.6264 78.2982 -32.0311 0.0000 1650400928430 2309421.0000 -0.2017
-7.1180 77.7898 -33.0479 0.0000 1650400928459 2309447.7500 -0.2018
-7.3722 78.0440 -32.7937 0.0000 1650400928488 2309476.7500 -0.2018
-7.1180 78.2982 -33.5564 0.0000 1650400928518 2309505.7500 -0.2018
-7.6264 78.2982 -34.0648 0.0000 1650400928547 2309534.5000 -0.2015
-7.3722 79.5693 -35.3359 0.0000 1650400928576 2309563.5000 -0.2013
-7.8807 77.5355 -35.3359 0.0000 1650400928605 2309592.5000 -0.2013
-8.1349 78.2982 -35.0817 0.0000 1650400928634 2309621.5000 -0.2013
-7.8807 78.0440 -37.3696 0.0000 1650400928663 2309651.7500 -0.2013
-7.1180 79.3150 -37.6238 0.0000 1650400928691 2309680.7500 -0.2013
-7.8807 78.0440 -39.4033 0.0000 1650400928720 2309708.5000 -0.2012
-8.8975 78.5524 -38.3864 0.0000 1650400928749 2309738.7500 -0.2009
-7.6264 78.2982 -40.6744 0.0000 1650400928778 2309766.5000 -0.2009
-7.8807 77.5355 -40.9286 0.0000 1650400928807 2309795.5000 -0.2009
-8.1349 77.7898 -40.6744 0.0000 1650400928836 2309824.5000 -0.2009
-8.6433 78.8066 -41.1828 0.0000 1650400928865 2309853.5000 -0.2009
-8.3891 77.5355 -40.9286 0.0000 1650400928894 2309882.5000 -0.2009
-7.6264 78.2982 -41.6912 0.0000 1650400928924 2309911.5000 -0.2009
-8.1349 77.2813 -40.6744 0.0000 1650400928952 2309940.5000 -0.2009
-8.6433 77.2813 -40.1660 0.0000 1650400928982 2309969.5000 -0.2009
-7.8807 78.0440 -40.4202 0.0000 1650400929010 2309998.5000 -0.2009
-7.3722 78.0440 -39.9117 0.0000 1650400929039 2310027.5000 -0.2013
-8.6433 77.2813 -38.1322 0.0000 1650400929068 2310056.5000 -0.2013
-7.1180 77.7898 -38.1322 0.0000 1650400929097 2310085.5000 -0.2013
-8.3891 77.5355 -36.3527 0.0000 1650400929126 2310114.2500 -0.2013
-7.1180 77.7898 -36.0985 0.0000 1650400929155 2310143.2500 -0.2018
-7.6264 76.7729 -35.0817 0.0000 1650400929184 2310173.2500 -0.2017
-7.3722 78.0440 -34.8274 0.0000 1650400929213 2310200.5000 -0.2013
-8.1349 76.7729 -33.5564 0.0000 1650400929242 2310230.0000 -0.2013
-7.3722 77.5355 -33.3022 0.0000 1650400929270 2310259.0000 -0.2017
-6.6096 77.2813 -33.0479 0.0000 1650400929300 2310288.0000 -0.2018
-7.1180 76.7729 -31.5226 0.0000 1650400929329 2310317.0000 -0.2018
-7.6264 77.2813 -31.5226 0.0000 1650400929358 2310346.0000 -0.2018
-7.1180 77.2813 -31.5226 0.0000 1650400929387 2310375.0000 -0.2018
-6.8638 77.5355 -32.2853 0.0000 1650400929416 2310404.0000 -0.2018
-7.8807 77.0271 -32.2853 0.0000 1650400929445 2310435.7500 -0.2018
-7.6264 77.7898 -32.5395 0.0000 1650400929474 2310461.7500 -0.2018
-6.6096 78.8066 -32.5395 0.0000 1650400929503 2310491.0000 -0.2015
-7.1180 78.2982 -33.5564 0.0000 1650400929531 2310521.2500 -0.2013
-7.8807 78.0440 -34.3190 0.0000 1650400929561 2310548.7500 -0.2010
-7.6264 78.8066 -35.0817 0.0000 1650400929589 2310577.7500 -0.2009
-8.1349 78.8066 -36.6069 0.0000 1650400929618 2310606.7500 -0.2009
-8.6433 78.2982 -36.0985 0.0000 1650400929648 2310635.5000 -0.2009
-7.6264 77.7898 -37.6238 0.0000 1650400929677 2310664.5000 -0.2009
-8.1349 78.8066 -38.6407 0.0000 1650400929706 2310693.5000 -0.2009
-7.8807 77.5355 -39.4033 0.0000 1650400929735 2310722.5000 -0.2009
-8.6433 79.3150 -39.6575 0.0000 1650400929764 2310751.5000 -0.2009
-7.1180 78.2982 -40.6744 0.0000 1650400929793 2310780.5000 -0.2012
-7.8807 77.5355 -41.4370 0.0000 1650400929822 2310809.5000 -0.2013
-9.1517 78.8066 -40.1660 0.0000 1650400929850 2310838.5000 -0.2013
-7.3722 78.0440 -41.9455 0.0000 1650400929880 2310867.5000 -0.2018
-8.3891 77.5355 -40.9286 0.0000 1650400929908 2310896.5000 -0.2018
-8.3891 77.5355 -40.9286 0.0000 1650400929937 2310925.5000 -0.2015
-8.6433 77.2813 -40.6744 0.0000 1650400929966 2310957.0000 -0.2013
-8.1349 77.7898 -40.6744 0.0000 1650400929995 2310983.5000 -0.2018
-7.3722 77.5355 -40.4202 0.0000 1650400930024 2311012.5000 -0.2018
-8.3891 77.0271 -39.4033 0.0000 1650400930053 2311041.5000 -0.2018
-8.6433 77.2813 -38.1322 0.0000 1650400930083 2311071.7500 -0.2018
-6.8638 77.5355 -38.3864 0.0000 1650400930111 2311099.5000 -0.2018
-8.1349 76.7729 -36.6069 0.0000 1650400930141 2311128.5000 -0.2018
-7.1180 77.2813 -36.6069 0.0000 1650400930169 2311157.5000 -0.2018
-7.8807 77.0271 -34.8274 0.0000 1650400930198 2311187.7500 -0.2018
-7.1180 77.2813 -34.5732 0.0000 1650400930227 2311216.7500 -0.2018
-7.6264 76.7729 -33.0479 0.0000 1650400930256 2311244.2500 -0.2018
-6.6096 77.7898 -33.5564 0.0000 1650400930285 2311274.5000 -0.2018
-7.3722 76.5187 -31.7769 0.0000 1650400930314 2311302.2500 -0.2018
-7.8807 77.0271 -31.7769 0.0000 1650400930343 2311331.0000 -0.2015
-7.3722 77.5355 -31.7769 0.0000 1650400930372 2311360.0000 -0.2013
-7.3722 77.5355 -31.7769 0.0000 1650400930401 2311389.0000 -0.2013
-7.1180 77.2813 -32.0311 0.0000 1650400930429 2311418.0000 -0.2013
-7.3722 77.5355 -32.7937 0.0000 1650400930460 2311447.0000 -0.2010
-7.6264 77.7898 -32.5395 0.0000 1650400930488 2311476.0000 -0.2009
-7.8807 77.5355 -32.7937 0.0000 1650400930517 2311505.0000 -0.2009
-7.3722 78.0440 -33.8106 0.0000 1650400930546 2311534.0000 -0.2009
-8.3891 78.5524 -35.3359 0.0000 1650400930575 2311563.0000 -0.2009
-7.8807 78.5524 -35.3359 0.0000 1650400930604 2311592.0000 -0.2009
-8.3891 78.5524 -36.8612 0.0000 1650400930633 2311621.0000 -0.2009
-7.8807 78.5524 -36.8612 0.0000 1650400930662 2311649.7500 -0.2013
-9.4060 79.5693 -37.3696 0.0000 1650400930691 2311678.7500 -0.2013
-8.3891 79.0608 -37.8780 0.0000 1650400930720 2311708.7500 -0.2013
-7.6264 77.7898 -39.6575 0.0000 1650400930748 2311736.0000 -0.2013
-8.3891 79.0608 -40.9286 0.0000 1650400930777 2311765.5000 -0.2018
-7.6264 77.7898 -41.1828 0.0000 1650400930806 2311794.5000 -0.2018
-7.8807 77.5355 -40.9286 0.0000 1650400930836 2311823.5000 -0.2018
-8.3891 77.5355 -40.4202 0.0000 1650400930865 2311852.5000 -0.2018
-7.6264 78.2982 -41.6912 0.0000 1650400930894 2311881.5000 -0.2018
-9.1517 78.2982 -40.1660 0.0000 1650400930923 2311910.5000 -0.2018
-8.8975 78.0440 -39.9117 0.0000 1650400930952 2311939.5000 -0.2018
-8.3891 77.5355 -40.4202 0.0000 1650400930981 2311971.0000 -0.2018
-7.8807 78.0440 -40.4202 0.0000 1650400931009 2311996.7500 -0.2018
-7.1180 77.7898 -40.1660 0.0000 1650400931039 2312026.5000 -0.2018
-7.8807 76.5187 -39.4033 0.0000 1650400931067 2312058.2500 -0.2018
-7.6264 77.7898 -38.1322 0.0000 1650400931096 2312084.5000 -0.2018
-7.3722 77.0271 -37.8780 0.0000 1650400931125 2312113.5000 -0.2015
-7.6264 77.2813 -36.6069 0.0000 1650400931154 2312142.5000 -0.2013
-7.6264 76.7729 -35.5901 0.0000 1650400931183 2312171.5000 -0.2013
-7.1180 78.2982 -34.5732 0.0000 1650400931212 2312200.5000 -0.2013
-7.3722 78.0440 -35.3359 0.0000 1650400931242 2312229.5000 -0.2013
-7.8807 77.5355 -34.3190 0.0000 1650400931271 2312258.5000 -0.2013
-6.6096 77.7898 -35.5901 0.0000 1650400931300 2312287.5000 -0.2013
-6.8638 77.5355 -34.8274 0.0000 1650400931328 2312316.5000 -0.2013
-7.6264 77.2813 -34.5732 0.0000 1650400931357 2312345.2500 -0.2013
-7.6264 77.2813 -34.5732 0.0000 1650400931386 2312374.2500 -0.2013
-6.6096 77.7898 -35.5901 0.0000 1650400931415 2312403.2500 -0.2013
-6.8638 78.0440 -35.3359 0.0000 1650400931444 2312432.2500 -0.2013
-7.8807 77.0271 -34.8274 0.0000 1650400931473 2312461.0000 -0.2013
-6.8638 78.0440 -35.3359 0.0000 1650400931502 2312491.2500 -0.2013
-7.3722 78.0440 -35.3359 0.0000 1650400931531 2312518.7500 -0.2013
-7.3722 78.0440 -35.3359 0.0000 1650400931560 2312548.0000 -0.2013
-7.1180 78.2982 -35.0817 0.0000 1650400931588 2312577.0000 -0.2013
-7.1180 77.7898 -35.5901 0.0000 1650400931618 2312606.0000 -0.2013
-7.1180 77.7898 -35.0817 0.0000 1650400931647 2312635.0000 -0.2013
-7.6264 77.7898 -35.0817 0.0000 1650400931676 2312664.0000 -0.2018
-7.6264 77.7898 -35.0817 0.0000 1650400931705 2312693.0000 -0.2018
-7.6264 77.7898 -35.0817 0.0000 1650400931734 2312725.0000 -0.2018
-7.3722 78.0440 -34.8274 0.0000 1650400931763 2312751.5000 -0.2018
-7.3722 78.0440 -35.3359 0.0000 1650400931792 2312779.7500 -0.2018
-7.3722 78.0440 -35.3359 0.0000 1650400931821 2312810.5000 -0.2018
-7.3722 78.0440 -35.3359 0.0000 1650400931850 2312837.5000 -0.2018
-7.6264 77.7898 -35.0817 0.0000 1650400931879 2312866.5000 -0.2018
-7.6264 77.7898 -35.0817 0.0000 1650400931907 2312895.5000 -0.2018
-7.6264 77.7898 -35.0817 0.0000 1650400931936 2312924.2500 -0.2018
-7.6264 78.2982 -35.0817 0.0000 1650400931965 2312953.5000 -0.2018
-7.6264 77.7898 -35.0817 0.0000 1650400931995 2312982.5000 -0.2018
