-24.3686 76.7578 -38.9347 0.0000 1650410335435 799120.0000 -0.1994
-21.8384 76.8292 -39.1986 0.0000 1650410335487 799174.0000 -0.1989
-22.0042 76.6960 -38.9961 0.0000 1650410335541 799228.0000 -0.1994
-21.7833 76.7945 -39.0451 0.0000 1650410335595 799282.0000 -0.1989
-21.5533 76.9884 -39.0432 0.0000 1650410335650 799335.0000 -0.1994
-24.2112 76.8245 -38.6980 0.0000 1650410335704 799389.0000 -0.1994
-24.2263 76.8967 -38.8895 0.0000 1650410335758 799443.0000 -0.1994
-24.7161 77.2035 -38.9099 0.0000 1650410335812 799497.0000 -0.1989
-24.3293 77.0596 -38.6282 0.0000 1650410335866 799551.0000 -0.1989
-24.2800 77.4057 -38.7169 0.0000 1650410335920 799605.0000 -0.1989
-24.9099 77.2147 -38.7094 0.0000 1650410335974 799659.0000 -0.1989
-24.8430 77.3718 -38.6021 0.0000 1650410336029 799713.0000 -0.1984
-24.1747 77.1730 -38.6238 0.0000 1650410336083 799767.0000 -0.1984
-24.7771 77.0798 -38.6057 0.0000 1650410336135 799821.0000 -0.1984
-23.5755 77.0384 -38.8957 0.0000 1650410336189 799875.0000 -0.1989
-24.1578 77.2722 -38.3775 0.0000 1650410336243 799929.0000 -0.1994
-24.4970 77.2323 -38.5914 0.0000 1650410336297 799983.0000 -0.1989
-24.2010 77.1529 -38.6900 0.0000 1650410336351 800037.0000 -0.1989
-24.1446 77.2110 -38.4984 0.0000 1650410336405 800091.0000 -0.1984
-24.4686 77.1885 -38.6700 0.0000 1650410336460 800145.0000 -0.1989
-24.9820 77.4055 -38.4448 0.0000 1650410336514 800199.0000 -0.1989
-24.7183 76.9707 -38.5569 0.0000 1650410336568 800253.0000 -0.1984
-24.6898 77.1773 -38.2500 0.0000 1650410336622 800307.0000 -0.1989
-24.8476 77.3787 -38.3355 0.0000 1650410336676 800361.0000 -0.1984
-24.8293 77.1048 -38.4609 0.0000 1650410336728 800415.0000 -0.1989
-24.6847 77.3730 -38.5012 0.0000 1650410336783 800469.0000 -0.1994
-25.0179 77.1931 -38.4511 0.0000 1650410336837 800523.0000 -0.1989
-24.8147 77.1272 -38.7080 0.0000 1650410336891 800577.0000 -0.1989
-24.5774 76.9512 -38.5958 0.0000 1650410336945 800631.0000 -0.1984
-24.8880 77.1326 -38.5624 0.0000 1650410336999 800684.0000 -0.1989
-25.2890 77.0270 -38.6192 0.0000 1650410337053 800738.0000 -0.1989
-24.6995 76.9731 -38.4108 0.0000 1650410337107 800792.0000 -0.1984
-24.8493 77.0996 -38.4114 0.0000 1650410337161 800846.0000 -0.1989
-24.7319 76.8586 -38.5028 0.0000 1650410337216 800900.0000 -0.1989
-24.3733 76.9514 -38.5540 0.0000 1650410337270 800954.0000 -0.1989
-25.5433 76.9302 -39.5170 0.0000 1650410337324 801008.0000 -0.1989
-25.8177 78.2342 -36.8277 0.0000 1650410337376 801062.0000 -0.1989
-25.6715 77.7238 -35.8618 0.0000 1650410337430 801116.0000 -0.1984
-25.5751 78.2303 -34.3994 0.0000 1650410337484 801170.0000 -0.1984
-25.6368 78.2244 -32.8990 0.0000 1650410337538 801224.0000 -0.1989
-25.1711 78.2843 -31.8345 0.0000 1650410337593 801278.0000 -0.1989
-24.8731 77.8492 -31.0450 0.0000 1650410337647 801332.0000 -0.1984
-24.9227 77.9306 -31.4664 0.0000 1650410337701 801386.0000 -0.1984
-24.7965 77.3926 -31.6623 0.0000 1650410337755 801440.0000 -0.1984
-24.3643 77.7415 -31.5487 0.0000 1650410337809 801494.0000 -0.1989
-24.3957 77.5009 -31.8117 0.0000 1650410337863 801548.0000 -0.1989
-24.3685 77.6537 -31.7257 0.0000 1650410337918 801602.0000 -0.1984
-24.2883 77.3426 -31.9795 0.0000 1650410337970 801656.0000 -0.1984
-24.4614 77.4704 -31.9210 0.0000 1650410338024 801710.0000 -0.1984
-24.3561 77.4090 -31.8714 0.0000 1650410338078 801764.0000 -0.1989
-24.6920 77.5207 -31.9330 0.0000 1650410338132 801818.0000 -0.1984
-24.4147 77.4622 -31.7467 0.0000 1650410338186 801872.0000 -0.1984
-24.3211 77.5087 -31.9463 0.0000 1650410338240 801926.0000 -0.1984
-24.4284 77.5176 -31.7428 0.0000 1650410338294 801980.0000 -0.1984
-24.3650 77.5214 -31.5499 0.0000 1650410338348 802033.0000 -0.1984
-24.2475 77.6447 -31.6731 0.0000 1650410338403 802087.0000 -0.1984
-24.4183 77.5883 -31.5037 0.0000 1650410338457 802141.0000 -0.1984
-24.5158 77.5817 -31.4554 0.0000 1650410338511 802195.0000 -0.1984
-24.8050 77.7302 -31.4716 0.0000 1650410338565 802249.0000 -0.1984
-24.6820 77.6244 -31.4531 0.0000 1650410338617 802303.0000 -0.1984
-24.9965 77.5778 -31.7491 0.0000 1650410338672 802357.0000 -0.1984
-24.5260 77.5080 -31.8940 0.0000 1650410338726 802411.0000 -0.1979
-24.7226 77.3842 -31.9545 0.0000 1650410338780 802465.0000 -0.1979
-24.7919 77.4355 -31.9131 0.0000 1650410338834 802519.0000 -0.1979
-24.3035 77.3607 -31.6785 0.0000 1650410338888 802573.0000 -0.1984
-24.6760 77.4123 -31.8019 0.0000 1650410338942 802627.0000 -0.1984
-25.1412 77.4283 -31.4614 0.0000 1650410338996 802681.0000 -0.1979
-24.8817 78.2208 -31.7183 0.0000 1650410339050 802735.0000 -0.1979
-24.8727 78.0137 -33.0695 0.0000 1650410339104 802789.0000 -0.1984
-24.6661 77.9878 -34.4479 0.0000 1650410339159 802843.0000 -0.1984
-24.4809 77.8109 -36.0976 0.0000 1650410339211 802897.0000 -0.1984
-24.6847 77.7976 -37.4592 0.0000 1650410339265 802951.0000 -0.1979
-25.1503 77.6811 -38.8335 0.0000 1650410339319 803005.0000 -0.1979
-25.3080 77.5249 -40.0362 0.0000 1650410339373 803059.0000 -0.1979
-25.2200 77.2476 -41.1588 0.0000 1650410339427 803113.0000 -0.1984
-25.3243 77.4406 -42.4564 0.0000 1650410339481 803167.0000 -0.1984
-25.2046 77.3185 -44.0271 0.0000 1650410339536 803221.0000 -0.1979
-25.2739 77.5771 -45.0529 0.0000 1650410339590 803275.0000 -0.1979
-25.1966 77.5432 -46.1968 0.0000 1650410339644 803329.0000 -0.1979
-24.0380 77.0217 -46.8679 0.0000 1650410339698 803382.0000 -0.1984
-25.8816 77.3464 -48.1466 0.0000 1650410339752 803436.0000 -0.1979
-25.7828 77.4493 -49.7819 0.0000 1650410339804 803490.0000 -0.1979
-25.7233 77.2482 -50.6245 0.0000 1650410339858 803544.0000 -0.1979
-25.0275 80.2549 -51.4644 0.0000 1650410339913 803598.0000 -0.1979
-25.1574 80.7165 -52.3963 0.0000 1650410339967 803652.0000 -0.1979
-25.8404 80.4409 -52.6744 0.0000 1650410340021 803706.0000 -0.1979
-26.0991 79.8276 -52.8699 0.0000 1650410340075 803760.0000 -0.1979
-26.0353 80.1679 -53.8240 0.0000 1650410340129 803814.0000 -0.1979
-26.2698 76.6616 -54.1613 0.0000 1650410340183 803868.0000 -0.1979
-26.1230 76.5022 -54.4060 0.0000 1650410340237 803922.0000 -0.1979
-26.4800 76.6647 -54.0935 0.0000 1650410340291 803976.0000 -0.1974
-26.3109 76.8554 -54.2886 0.0000 1650410340346 804030.0000 -0.1974
-26.0305 77.5297 -54.2532 0.0000 1650410340400 804084.0000 -0.1974
-26.2157 77.0769 -54.1716 0.0000 1650410340452 804138.0000 -0.1969
-27.0468 77.1999 -53.4657 0.0000 1650410340506 804192.0000 -0.1974
-26.4745 77.5510 -52.9838 0.0000 1650410340560 804246.0000 -0.1974
-26.9083 78.3181 -52.4254 0.0000 1650410340615 804300.0000 -0.1965
-25.9029 78.7899 -51.5250 0.0000 1650410340669 804354.0000 -0.1965
-26.2159 79.0501 -51.3061 0.0000 1650410340723 804408.0000 -0.1969
-25.4981 77.0576 -50.6206 0.0000 1650410340777 804462.0000 -0.1969
-25.5386 77.2382 -49.5635 0.0000 1650410340831 804516.0000 -0.1965
-24.9933 77.5367 -48.8937 0.0000 1650410340885 804570.0000 -0.1965
-25.5258 77.2612 -47.9208 0.0000 1650410340939 804624.0000 -0.1965
-20.6367 77.1325 -46.7890 0.0000 1650410340993 804678.0000 -0.1965
-24.9795 77.3378 -45.5902 0.0000 1650410341045 804731.0000 -0.1969
-24.5988 77.4127 -44.7430 0.0000 1650410341100 804785.0000 -0.1969
-24.9851 77.4687 -43.3367 0.0000 1650410341154 804839.0000 -0.1969
-25.1815 77.7215 -42.3219 0.0000 1650410341208 804893.0000 -0.1965
-25.2325 77.6774 -40.6894 0.0000 1650410341262 804947.0000 -0.1969
-25.0742 77.7453 -39.6829 0.0000 1650410341316 805001.0000 -0.1974
-24.7993 77.6352 -37.8129 0.0000 1650410341370 805055.0000 -0.1969
-24.8470 77.6529 -36.9509 0.0000 1650410341424 805109.0000 -0.1965
-24.8873 77.5998 -35.7230 0.0000 1650410341478 805163.0000 -0.1969
-25.1105 77.7483 -34.4065 0.0000 1650410341533 805217.0000 -0.1969
-25.3215 77.9144 -33.2707 0.0000 1650410341587 805271.0000 -0.1974
-25.1428 77.7087 -32.1057 0.0000 1650410341641 805325.0000 -0.1965
-24.7471 77.7297 -31.1015 0.0000 1650410341693 805379.0000 -0.1965
-24.9003 77.7539 -31.4902 0.0000 1650410341747 805433.0000 -0.1965
-24.3801 77.4450 -31.7726 0.0000 1650410341801 805487.0000 -0.1969
-24.5590 77.6796 -31.9638 0.0000 1650410341856 805541.0000 -0.1969
-24.4579 77.5223 -31.9635 0.0000 1650410341910 805595.0000 -0.1965
-24.5470 77.5652 -32.1359 0.0000 1650410341964 805649.0000 -0.1965
-24.6332 77.5534 -31.8041 0.0000 1650410342018 805703.0000 -0.1965
-24.6898 77.4873 -31.5171 0.0000 1650410342072 805757.0000 -0.1969
-24.6952 77.6922 -31.5128 0.0000 1650410342126 805811.0000 -0.1969
-24.6837 77.6379 -31.6109 0.0000 1650410342180 805865.0000 -0.1969
-24.3597 77.3702 -31.4722 0.0000 1650410342235 805919.0000 -0.1969
-24.4866 77.4946 -31.6569 0.0000 1650410342287 805973.0000 -0.1969
-24.5744 77.4266 -31.5792 0.0000 1650410342341 806027.0000 -0.1969
-24.7845 77.4676 -31.5703 0.0000 1650410342395 806080.0000 -0.1969
-24.6041 77.3557 -32.0940 0.0000 1650410342449 806134.0000 -0.1965
-24.6327 77.4784 -31.5624 0.0000 1650410342503 806188.0000 -0.1960
-25.0162 77.4877 -31.3856 0.0000 1650410342557 806242.0000 -0.1960
-24.8639 77.6162 -31.6613 0.0000 1650410342612 806296.0000 -0.1965
-24.9257 77.6177 -31.5581 0.0000 1650410342666 806350.0000 -0.1965
-24.9758 77.5152 -31.6481 0.0000 1650410342720 806404.0000 -0.1965
-24.8601 77.5640 -31.5060 0.0000 1650410342774 806458.0000 -0.1965
-24.8032 77.5827 -31.5688 0.0000 1650410342828 806512.0000 -0.1965
-24.5606 77.5968 -31.3251 0.0000 1650410342882 806566.0000 -0.1965
-24.8000 77.5382 -31.4756 0.0000 1650410342934 806620.0000 -0.1965
-24.7913 77.5671 -31.6192 0.0000 1650410342988 806674.0000 -0.1960
-25.0530 77.7662 -31.3474 0.0000 1650410343043 806728.0000 -0.1960
-25.1038 78.4380 -32.4114 0.0000 1650410343097 806782.0000 -0.1960
-24.9190 78.1016 -33.6364 0.0000 1650410343151 806836.0000 -0.1965
-25.0403 77.6511 -35.3828 0.0000 1650410343205 806890.0000 -0.1965
-24.7379 77.8836 -36.8370 0.0000 1650410343259 806944.0000 -0.1965
-25.1379 77.8389 -38.0291 0.0000 1650410343313 806998.0000 -0.1960
-24.8966 77.5539 -39.3046 0.0000 1650410343367 807052.0000 -0.1960
-24.7970 77.4109 -40.6330 0.0000 1650410343421 807106.0000 -0.1965
-24.8818 77.4018 -41.8356 0.0000 1650410343476 807160.0000 -0.1969
-25.0866 77.0366 -43.3620 0.0000 1650410343528 807214.0000 -0.1965
-24.6279 77.1736 -44.3297 0.0000 1650410343582 807268.0000 -0.1965
-25.9436 77.3674 -45.5364 0.0000 1650410343636 807322.0000 -0.1965
-25.6030 77.6067 -46.5100 0.0000 1650410343690 807376.0000 -0.1969
-25.0981 77.1131 -47.4708 0.0000 1650410343745 807430.0000 -0.1974
-25.1204 77.7616 -48.7047 0.0000 1650410343799 807483.0000 -0.1969
-24.4641 77.2863 -49.6439 0.0000 1650410343853 807537.0000 -0.1969
-24.3845 79.9286 -51.0441 0.0000 1650410343907 807591.0000 -0.1969
-25.5884 76.6010 -51.4432 0.0000 1650410343961 807645.0000 -0.1969
-25.0785 80.1800 -52.9672 0.0000 1650410344015 807699.0000 -0.1969
-25.5819 76.6829 -52.7500 0.0000 1650410344069 807753.0000 -0.1965
-25.7828 76.7051 -53.4352 0.0000 1650410344123 807807.0000 -0.1965
-25.4006 76.8164 -54.1271 0.0000 1650410344175 807861.0000 -0.1965
-25.5986 76.7256 -54.0265 0.0000 1650410344230 807915.0000 -0.1969
-25.8497 76.7583 -54.7225 0.0000 1650410344284 807969.0000 -0.1969
-26.1269 76.9148 -54.5831 0.0000 1650410344338 808023.0000 -0.1969
-26.5174 77.0786 -54.1839 0.0000 1650410344392 808077.0000 -0.1965
-26.1602 76.7096 -54.4678 0.0000 1650410344446 808131.0000 -0.1965
-26.4585 77.0022 -53.7685 0.0000 1650410344500 808185.0000 -0.1969
-27.2632 76.7598 -53.3212 0.0000 1650410344555 808239.0000 -0.1965
-27.2889 77.3188 -52.7062 0.0000 1650410344609 808293.0000 -0.1960
-26.6798 77.7515 -52.3867 0.0000 1650410344663 808347.0000 -0.1965
-25.9653 77.3201 -51.4496 0.0000 1650410344717 808401.0000 -0.1965
-26.0295 77.6066 -50.9456 0.0000 1650410344769 808455.0000 -0.1965
-25.8177 78.1727 -50.0855 0.0000 1650410344823 808509.0000 -0.1969
-25.6660 77.9609 -49.2409 0.0000 1650410344877 808563.0000 -0.1965
-25.6632 77.0630 -48.3081 0.0000 1650410344932 808617.0000 -0.1965
-24.4790 77.3406 -47.0126 0.0000 1650410344986 808671.0000 -0.1965
-25.2317 77.1646 -46.2349 0.0000 1650410345040 808725.0000 -0.1969
-24.9916 77.3286 -45.2135 0.0000 1650410345094 808779.0000 -0.1965
-25.2814 77.4102 -44.1952 0.0000 1650410345148 808832.0000 -0.1965
-25.3982 77.8043 -43.0269 0.0000 1650410345202 808886.0000 -0.1960
-25.5018 78.2936 -41.6757 0.0000 1650410345256 808940.0000 -0.1960
-25.0273 77.3397 -40.2027 0.0000 1650410345310 808994.0000 -0.1965
-24.7635 77.7667 -38.9706 0.0000 1650410345363 809048.0000 -0.1969
-25.2377 77.6376 -37.7580 0.0000 1650410345417 809102.0000 -0.1965
-24.9457 77.8168 -35.8915 0.0000 1650410345471 809156.0000 -0.1965
-24.7959 77.9418 -35.1832 0.0000 1650410345525 809210.0000 -0.1965
-25.2253 77.6170 -33.8942 0.0000 1650410345579 809264.0000 -0.1965
-25.2140 77.9820 -32.9177 0.0000 1650410345633 809318.0000 -0.1969
-25.0418 77.7960 -31.7718 0.0000 1650410345687 809372.0000 -0.1960
-24.9065 77.5887 -31.4640 0.0000 1650410345741 809426.0000 -0.1965
-24.7696 77.6794 -31.8314 0.0000 1650410345796 809480.0000 -0.1965
-24.7296 77.6187 -31.9190 0.0000 1650410345850 809534.0000 -0.1969
-24.8527 77.3803 -31.6442 0.0000 1650410345904 809588.0000 -0.1969
-24.6560 77.5720 -31.8042 0.0000 1650410345958 809642.0000 -0.1969
-24.5737 77.4890 -31.6561 0.0000 1650410346010 809696.0000 -0.1965
-24.4293 77.4878 -31.4732 0.0000 1650410346064 809750.0000 -0.1965
-24.8330 77.6732 -31.5324 0.0000 1650410346118 809804.0000 -0.1969
-24.6318 77.5301 -31.2579 0.0000 1650410346173 809858.0000 -0.1965
-24.7575 77.7481 -31.4654 0.0000 1650410346227 809912.0000 -0.1965
-24.5109 77.6301 -31.8272 0.0000 1650410346281 809966.0000 -0.1965
-24.2137 77.6021 -31.5994 0.0000 1650410346335 810020.0000 -0.1965
-24.4143 77.5522 -31.5149 0.0000 1650410346389 810074.0000 -0.1969
-24.7022 77.4486 -31.8726 0.0000 1650410346444 810128.0000 -0.1969
-24.5140 77.6990 -31.3947 0.0000 1650410346497 810181.0000 -0.1965
-24.6571 77.6785 -31.5548 0.0000 1650410346552 810235.0000 -0.1965
-24.6305 77.6526 -31.7193 0.0000 1650410346604 810289.0000 -0.1969
-24.7375 77.5851 -31.3757 0.0000 1650410346658 810343.0000 -0.1969
-24.7361 77.8271 -31.2348 0.0000 1650410346712 810397.0000 -0.1969
-24.9901 77.6468 -31.7527 0.0000 1650410346766 810451.0000 -0.1965
-24.8709 77.7151 -31.5305 0.0000 1650410346820 810505.0000 -0.1965
-24.9943 77.6940 -31.6833 0.0000 1650410346874 810559.0000 -0.1969
-24.9962 77.6697 -31.6384 0.0000 1650410346929 810613.0000 -0.1969
-24.8715 77.5238 -31.4550 0.0000 1650410346983 810667.0000 -0.1969
-24.6543 77.7547 -31.3976 0.0000 1650410347037 810721.0000 -0.1969
-24.9595 78.4058 -31.9049 0.0000 1650410347091 810775.0000 -0.1965
-25.1275 78.2881 -33.1790 0.0000 1650410347145 810829.0000 -0.1969
-24.6597 78.0293 -34.4775 0.0000 1650410347199 810883.0000 -0.1974
-24.5579 78.1991 -35.9572 0.0000 1650410347251 810937.0000 -0.1969
-24.1854 77.8548 -37.4632 0.0000 1650410347305 810991.0000 -0.1969
-24.7299 77.8538 -38.8692 0.0000 1650410347360 811045.0000 -0.1969
-24.8862 77.8912 -39.7937 0.0000 1650410347414 811099.0000 -0.1969
-24.1095 77.3258 -41.3120 0.0000 1650410347468 811153.0000 -0.1974
-25.4194 77.7670 -42.4612 0.0000 1650410347522 811207.0000 -0.1974
-25.0990 77.3233 -43.5634 0.0000 1650410347576 811261.0000 -0.1974
-25.7217 77.3660 -44.8318 0.0000 1650410347631 811315.0000 -0.1969
-25.1273 77.6288 -46.0924 0.0000 1650410347685 811369.0000 -0.1974
-25.0560 77.4870 -47.0930 0.0000 1650410347739 811423.0000 -0.1979
-25.4372 77.0519 -48.2572 0.0000 1650410347793 811477.0000 -0.1974
-25.0340 78.4104 -49.5979 0.0000 1650410347845 811530.0000 -0.1969
-25.3915 76.7034 -49.9799 0.0000 1650410347899 811584.0000 -0.1969
-24.8096 76.9523 -51.7545 0.0000 1650410347953 811638.0000 -0.1969
-24.7977 76.5831 -52.2743 0.0000 1650410348007 811692.0000 -0.1974
-25.5309 77.1212 -52.5883 0.0000 1650410348062 811746.0000 -0.1974
-25.3206 79.8288 -53.4898 0.0000 1650410348116 811800.0000 -0.1969
-25.8683 79.7466 -53.7930 0.0000 1650410348170 811854.0000 -0.1969
-26.5915 76.9779 -54.0199 0.0000 1650410348224 811908.0000 -0.1974
-26.3927 76.4952 -54.3675 0.0000 1650410348278 811962.0000 -0.1974
-26.5009 76.7255 -54.4822 0.0000 1650410348332 812016.0000 -0.1969
-26.2035 77.0117 -54.6182 0.0000 1650410348386 812070.0000 -0.1969
-26.4479 77.0000 -54.0416 0.0000 1650410348440 812124.0000 -0.1969
-26.2300 76.6983 -54.0228 0.0000 1650410348493 812178.0000 -0.1974
-26.3552 76.6802 -53.3646 0.0000 1650410348547 812232.0000 -0.1974
-26.4940 77.2543 -52.6810 0.0000 1650410348601 812286.0000 -0.1974
-26.9040 77.1501 -52.6204 0.0000 1650410348655 812340.0000 -0.1974
-25.7561 76.9504 -51.9291 0.0000 1650410348709 812394.0000 -0.1969
-24.8665 77.6862 -50.8514 0.0000 1650410348763 812448.0000 -0.1974
-26.0479 78.7789 -50.3653 0.0000 1650410348817 812502.0000 -0.1974
-25.8516 79.3634 -49.6153 0.0000 1650410348872 812556.0000 -0.1974
-26.2581 77.6317 -48.9071 0.0000 1650410348926 812610.0000 -0.1974
-25.5167 77.3575 -48.0832 0.0000 1650410348980 812664.0000 -0.1974
-25.8734 77.2686 -46.4891 0.0000 1650410349034 812718.0000 -0.1974
-25.2794 77.5258 -45.8352 0.0000 1650410349086 812772.0000 -0.1979
-25.0578 77.1589 -44.4977 0.0000 1650410349141 812826.0000 -0.1979
-25.7834 77.4250 -43.2524 0.0000 1650410349194 812879.0000 -0.1974
-25.2558 77.5546 -42.3692 0.0000 1650410349248 812933.0000 -0.1974
-25.1671 77.5474 -40.9697 0.0000 1650410349303 812987.0000 -0.1979
-25.7899 77.5158 -39.8375 0.0000 1650410349357 813041.0000 -0.1979
-25.3807 77.6379 -38.2995 0.0000 1650410349411 813095.0000 -0.1974
-25.1953 77.8348 -37.0499 0.0000 1650410349465 813149.0000 -0.1974
-25.0567 77.6562 -35.8415 0.0000 1650410349519 813203.0000 -0.1974
-24.9197 77.7324 -34.5579 0.0000 1650410349573 813257.0000 -0.1974
-25.2017 77.8697 -33.4422 0.0000 1650410349628 813311.0000 -0.1979
-25.2283 78.0717 -31.9191 0.0000 1650410349680 813365.0000 -0.1984
-24.7001 77.9438 -31.0768 0.0000 1650410349734 813419.0000 -0.1984
-24.8818 77.6313 -31.7180 0.0000 1650410349788 813473.0000 -0.1979
-25.1440 77.7273 -31.6590 0.0000 1650410349842 813527.0000 -0.1984
-24.9232 77.7053 -31.5179 0.0000 1650410349896 813581.0000 -0.1984
-24.7673 77.6838 -31.7548 0.0000 1650410349950 813635.0000 -0.1979
-24.5786 77.6418 -31.9578 0.0000 1650410350004 813689.0000 -0.1979
-24.5791 77.5976 -31.6608 0.0000 1650410350059 813743.0000 -0.1979
-24.7385 77.5031 -31.6074 0.0000 1650410350113 813797.0000 -0.1984
-24.9496 77.6498 -31.5068 0.0000 1650410350167 813851.0000 -0.1984
-24.8691 77.6507 -31.7753 0.0000 1650410350221 813905.0000 -0.1984
-24.7571 77.5416 -31.6218 0.0000 1650410350275 813959.0000 -0.1984
-24.9002 77.4991 -31.9491 0.0000 1650410350327 814013.0000 -0.1979
-24.6999 77.5334 -31.7669 0.0000 1650410350381 814067.0000 -0.1984
-24.9036 77.4443 -31.8104 0.0000 1650410350436 814121.0000 -0.1984
-24.9243 77.6129 -31.7586 0.0000 1650410350490 814175.0000 -0.1979
-24.7759 77.6075 -31.4161 0.0000 1650410350544 814228.0000 -0.1979
-24.5843 77.6273 -31.5345 0.0000 1650410350598 814282.0000 -0.1979
-24.7878 77.6424 -31.3569 0.0000 1650410350652 814336.0000 -0.1979
-24.8062 77.7624 -31.6298 0.0000 1650410350706 814390.0000 -0.1984
-24.9763 77.5386 -31.3706 0.0000 1650410350761 814444.0000 -0.1984
-24.7101 77.5542 -31.5563 0.0000 1650410350815 814498.0000 -0.1979
-24.7317 77.5833 -31.4235 0.0000 1650410350869 814552.0000 -0.1979
-25.1322 77.6523 -31.6325 0.0000 1650410350921 814606.0000 -0.1984
-24.9624 77.5018 -31.5250 0.0000 1650410350975 814660.0000 -0.1984
-24.9125 77.5818 -31.5691 0.0000 1650410351029 814714.0000 -0.1979
-25.1626 77.6028 -31.5459 0.0000 1650410351083 814768.0000 -0.1979
-24.9766 78.2168 -32.4124 0.0000 1650410351137 814822.0000 -0.1979
-24.8724 78.1899 -33.9661 0.0000 1650410351191 814876.0000 -0.1984
-24.7671 78.0277 -35.3777 0.0000 1650410351246 814930.0000 -0.1989
-24.5279 77.8985 -36.5880 0.0000 1650410351300 814984.0000 -0.1984
-24.6539 77.8402 -37.8990 0.0000 1650410351354 815038.0000 -0.1984
-24.6798 77.8660 -39.1049 0.0000 1650410351408 815092.0000 -0.1979
-24.9508 77.3900 -40.4188 0.0000 1650410351462 815146.0000 -0.1989
-25.1005 77.4627 -41.8857 0.0000 1650410351516 815200.0000 -0.1984
-25.3448 77.2010 -42.9895 0.0000 1650410351569 815254.0000 -0.1984
-25.1884 77.4172 -44.1990 0.0000 1650410351623 815308.0000 -0.1984
-25.4021 77.4219 -45.2580 0.0000 1650410351677 815362.0000 -0.1984
-25.8775 77.4793 -46.3236 0.0000 1650410351731 815416.0000 -0.1984
-25.2060 77.5492 -47.6025 0.0000 1650410351785 815470.0000 -0.1989
-25.3119 77.0616 -48.8397 0.0000 1650410351839 815524.0000 -0.1989
-25.2439 77.1533 -49.8838 0.0000 1650410351893 815577.0000 -0.1984
-24.5776 77.1159 -50.9631 0.0000 1650410351947 815631.0000 -0.1979
-24.8905 78.5150 -51.2439 0.0000 1650410352002 815685.0000 -0.1984
-25.4892 80.3916 -52.7029 0.0000 1650410352056 815739.0000 -0.1984
-25.5384 80.2689 -52.4811 0.0000 1650410352110 815793.0000 -0.1979
-25.5115 78.9173 -53.2911 0.0000 1650410352162 815847.0000 -0.1979
-25.5175 76.7759 -53.6569 0.0000 1650410352216 815901.0000 -0.1979
-25.6965 76.2537 -54.1751 0.0000 1650410352270 815955.0000 -0.1979
-26.1577 77.0022 -54.3196 0.0000 1650410352325 816009.0000 -0.1984
-26.5239 76.6499 -54.4236 0.0000 1650410352379 816063.0000 -0.1979
-26.5357 76.8687 -54.2375 0.0000 1650410352433 816117.0000 -0.1979
-26.6414 77.0145 -53.9890 0.0000 1650410352487 816171.0000 -0.1979
-26.3777 76.8664 -53.7634 0.0000 1650410352541 816225.0000 -0.1984
-27.0664 76.5095 -52.8661 0.0000 1650410352595 816279.0000 -0.1984
-26.5367 78.9287 -52.4765 0.0000 1650410352649 816333.0000 -0.1979
-26.5291 77.1296 -51.7843 0.0000 1650410352703 816387.0000 -0.1979
-26.6632 77.7214 -51.5822 0.0000 1650410352758 816441.0000 -0.1984
-25.4843 77.5054 -50.9184 0.0000 1650410352810 816495.0000 -0.1984
-24.1939 79.3471 -49.8669 0.0000 1650410352864 816549.0000 -0.1989
-26.0492 77.8007 -49.2845 0.0000 1650410352918 816603.0000 -0.1989
-25.1001 77.4782 -48.5806 0.0000 1650410352972 816657.0000 -0.1989
-25.7864 77.6991 -47.5177 0.0000 1650410353026 816711.0000 -0.1984
-24.4644 77.3820 -46.2661 0.0000 1650410353080 816765.0000 -0.1989
-25.2550 77.4714 -45.6014 0.0000 1650410353134 816819.0000 -0.1989
-25.5440 77.1386 -44.5764 0.0000 1650410353189 816873.0000 -0.1984
-25.5674 77.4201 -42.8856 0.0000 1650410353243 816927.0000 -0.1984
-25.6400 77.5182 -41.6816 0.0000 1650410353297 816980.0000 -0.1984
-25.6416 77.7347 -40.2900 0.0000 1650410353351 817034.0000 -0.1989
-25.5889 77.7464 -38.9403 0.0000 1650410353403 817088.0000 -0.1989
-25.2487 77.8708 -37.8917 0.0000 1650410353458 817142.0000 -0.1989
-25.1992 77.6320 -36.4251 0.0000 1650410353512 817196.0000 -0.1984
-25.2446 77.7199 -35.3125 0.0000 1650410353566 817250.0000 -0.1984
-25.4562 77.7785 -34.0033 0.0000 1650410353620 817304.0000 -0.1989
-24.9678 78.0023 -32.9043 0.0000 1650410353674 817358.0000 -0.1989
-24.9684 77.8793 -31.9647 0.0000 1650410353728 817412.0000 -0.1984
-25.0309 77.8484 -31.9013 0.0000 1650410353782 817466.0000 -0.1984
-24.8690 77.5845 -31.2519 0.0000 1650410353836 817520.0000 -0.1984
-25.0401 77.4006 -31.8149 0.0000 1650410353890 817574.0000 -0.1989
-25.2239 77.7382 -31.7620 0.0000 1650410353945 817628.0000 -0.1989
-24.8544 77.5966 -31.9329 0.0000 1650410353997 817682.0000 -0.1984
-24.8003 77.7192 -31.9616 0.0000 1650410354051 817736.0000 -0.1984
-24.7301 77.6003 -31.7237 0.0000 1650410354105 817790.0000 -0.1989
-24.8561 77.5585 -31.7585 0.0000 1650410354159 817844.0000 -0.1994
-24.7992 77.6076 -31.9041 0.0000 1650410354213 817898.0000 -0.1989
-24.9254 77.7164 -31.5884 0.0000 1650410354267 817952.0000 -0.1989
-24.7742 77.6054 -31.7946 0.0000 1650410354322 818006.0000 -0.1989
-24.8541 77.4564 -31.7678 0.0000 1650410354376 818060.0000 -0.1989
-24.8186 77.4654 -31.8670 0.0000 1650410354430 818114.0000 -0.1989
-25.2325 77.4239 -31.8116 0.0000 1650410354484 818168.0000 -0.1994
-25.3068 77.5559 -31.7971 0.0000 1650410354538 818222.0000 -0.1994
-25.2293 77.5539 -31.7756 0.0000 1650410354592 818276.0000 -0.1989
-25.1085 77.5076 -31.7519 0.0000 1650410354644 818329.0000 -0.1989
-25.0678 77.6637 -31.4150 0.0000 1650410354699 818383.0000 -0.1994
-24.9535 77.6668 -31.3169 0.0000 1650410354753 818437.0000 -0.1989
-24.9664 77.4525 -31.7283 0.0000 1650410354807 818491.0000 -0.1989
-25.0662 77.6635 -31.3875 0.0000 1650410354861 818545.0000 -0.1989
-25.0681 77.6485 -31.7709 0.0000 1650410354915 818599.0000 -0.1989
-24.9817 77.7188 -31.5870 0.0000 1650410354969 818653.0000 -0.1994
-25.2184 77.6110 -31.6714 0.0000 1650410355023 818707.0000 -0.1994
-25.3195 77.6585 -31.3828 0.0000 1650410355078 818761.0000 -0.1989
-24.9800 78.3767 -31.7994 0.0000 1650410355132 818815.0000 -0.1989
-24.4611 78.1849 -33.0947 0.0000 1650410355186 818869.0000 -0.1994
-24.6816 77.9688 -34.7485 0.0000 1650410355238 818923.0000 -0.1994
-24.4392 77.7983 -35.9409 0.0000 1650410355292 818977.0000 -0.1994
-24.5945 77.8097 -37.3316 0.0000 1650410355346 819031.0000 -0.1989
-24.7409 77.6858 -38.7080 0.0000 1650410355400 819085.0000 -0.1989
-24.0618 77.6359 -39.9398 0.0000 1650410355454 819139.0000 -0.1989
-25.1524 77.5593 -41.2491 0.0000 1650410355509 819193.0000 -0.1994
-25.1999 77.3809 -42.4737 0.0000 1650410355563 819247.0000 -0.1994
-25.4177 77.3825 -43.6145 0.0000 1650410355617 819301.0000 -0.1989
-25.3433 77.1051 -44.8758 0.0000 1650410355671 819355.0000 -0.1989
-25.0107 77.5861 -45.7448 0.0000 1650410355725 819409.0000 -0.1989
-25.2169 77.3339 -47.0057 0.0000 1650410355779 819463.0000 -0.1994
-24.5800 77.2187 -47.7987 0.0000 1650410355834 819517.0000 -0.1994
-23.7064 77.0838 -49.1832 0.0000 1650410355886 819571.0000 -0.1989
-24.8886 77.3006 -50.2723 0.0000 1650410355940 819625.0000 -0.1989
-23.8215 77.1126 -51.1056 0.0000 1650410355994 819678.0000 -0.1989
-25.5038 76.9289 -52.3599 0.0000 1650410356048 819732.0000 -0.1994
-24.9510 79.8964 -52.6212 0.0000 1650410356102 819786.0000 -0.1994
-25.1744 76.7596 -53.0075 0.0000 1650410356157 819840.0000 -0.1994
-25.2816 76.5970 -53.2729 0.0000 1650410356210 819894.0000 -0.1994
-26.1624 77.1151 -53.7234 0.0000 1650410356264 819948.0000 -0.1994
-25.9024 76.7009 -54.1669 0.0000 1650410356319 820002.0000 -0.1994
-26.1353 77.0109 -54.2829 0.0000 1650410356373 820056.0000 -0.1994
-26.0252 76.8480 -54.4739 0.0000 1650410356427 820110.0000 -0.1989
-26.2952 76.8863 -54.3283 0.0000 1650410356479 820164.0000 -0.1989
-26.6642 76.7718 -54.0967 0.0000 1650410356533 820218.0000 -0.1994
-26.7396 76.8218 -53.4733 0.0000 1650410356587 820272.0000 -0.1994
-27.0743 76.8578 -52.9974 0.0000 1650410356642 820326.0000 -0.1994
-26.9198 77.7204 -52.4061 0.0000 1650410356696 820380.0000 -0.1989
-26.6454 77.0758 -51.9393 0.0000 1650410356750 820434.0000 -0.1989
-26.6703 77.2581 -51.3164 0.0000 1650410356804 820488.0000 -0.1994
-26.2619 77.6981 -50.7046 0.0000 1650410356858 820542.0000 -0.1999
-25.9150 79.1840 -49.5623 0.0000 1650410356912 820596.0000 -0.1994
-25.6630 77.4903 -49.1428 0.0000 1650410356966 820650.0000 -0.1994
-25.6634 77.6591 -48.1182 0.0000 1650410357020 820704.0000 -0.1989
-25.1687 77.5349 -46.9131 0.0000 1650410357075 820758.0000 -0.1994
-25.6283 77.2751 -46.1971 0.0000 1650410357127 820812.0000 -0.1999
-24.7235 77.6107 -44.6395 0.0000 1650410357181 820866.0000 -0.1999
-25.5156 77.4039 -43.7805 0.0000 1650410357235 820920.0000 -0.1999
-24.8157 77.5026 -42.5323 0.0000 1650410357289 820974.0000 -0.1989
-25.4442 77.6157 -41.0417 0.0000 1650410357343 821027.0000 -0.1994
-25.4717 77.7194 -39.8150 0.0000 1650410357397 821081.0000 -0.1999
-25.0862 77.9392 -38.3669 0.0000 1650410357452 821135.0000 -0.1994
-24.9161 77.8375 -37.1887 0.0000 1650410357506 821189.0000 -0.1989
-25.2748 77.7726 -36.0603 0.0000 1650410357560 821243.0000 -0.1989
-24.9791 77.9662 -34.9470 0.0000 1650410357615 821297.0000 -0.1994
-25.4512 77.8988 -33.4327 0.0000 1650410357668 821351.0000 -0.1994
-25.3332 77.7085 -32.3249 0.0000 1650410357720 821405.0000 -0.1994
-24.9639 77.8234 -31.2034 0.0000 1650410357775 821459.0000 -0.1994
-24.8763 77.8784 -31.5808 0.0000 1650410357828 821513.0000 -0.1989
-25.2556 77.8661 -31.5560 0.0000 1650410357883 821567.0000 -0.1994
-25.1711 77.8062 -31.7469 0.0000 1650410357937 821621.0000 -0.1994
-24.9502 77.6813 -31.7684 0.0000 1650410357991 821675.0000 -0.1989
-24.8879 77.6394 -31.6312 0.0000 1650410358045 821729.0000 -0.1989
-24.9107 77.6726 -31.9216 0.0000 1650410358099 821783.0000 -0.1989
-24.8754 77.7186 -32.0508 0.0000 1650410358153 821837.0000 -0.1989
-24.8948 77.7394 -31.7668 0.0000 1650410358208 821891.0000 -0.1994
-25.0208 77.6831 -31.3176 0.0000 1650410358262 821945.0000 -0.1994
-24.9941 77.7204 -31.8686 0.0000 1650410358316 821999.0000 -0.1989
-24.9210 77.6067 -31.8015 0.0000 1650410358368 822053.0000 -0.1989
-24.9239 77.6264 -31.8552 0.0000 1650410358422 822107.0000 -0.1994
-25.0092 77.6233 -31.8227 0.0000 1650410358476 822161.0000 -0.1994
-25.0555 77.5149 -31.4611 0.0000 1650410358530 822215.0000 -0.1994
-24.9419 77.4566 -31.6761 0.0000 1650410358585 822269.0000 -0.1994
-24.8977 77.5702 -31.5713 0.0000 1650410358639 822323.0000 -0.1989
-24.9852 77.6895 -31.4625 0.0000 1650410358693 822376.0000 -0.1994
-25.0360 77.4657 -31.7213 0.0000 1650410358747 822430.0000 -0.1999
-25.0078 77.5762 -31.9236 0.0000 1650410358801 822484.0000 -0.1994
-25.1726 77.8231 -31.3994 0.0000 1650410358855 822538.0000 -0.1994
-25.0732 77.7953 -31.6357 0.0000 1650410358909 822592.0000 -0.1994
-25.1862 77.5772 -31.7822 0.0000 1650410358961 822646.0000 -0.1999
-25.1410 77.6276 -31.6286 0.0000 1650410359016 822700.0000 -0.1999
-25.1127 77.5945 -31.4648 0.0000 1650410359070 822754.0000 -0.1994
-25.4211 77.5565 -31.4493 0.0000 1650410359124 822808.0000 -0.1989
-24.6899 78.1718 -32.4746 0.0000 1650410359178 822862.0000 -0.1989
-24.6347 78.0964 -33.9779 0.0000 1650410359232 822916.0000 -0.1994
-23.6986 78.2400 -35.0919 0.0000 1650410359287 822970.0000 -0.1994
-24.8891 77.7776 -36.4688 0.0000 1650410359341 823024.0000 -0.1994
-25.0170 77.5102 -38.0237 0.0000 1650410359395 823078.0000 -0.1984
-24.8249 77.6300 -39.1679 0.0000 1650410359449 823132.0000 -0.1984
-25.4371 77.5151 -40.7677 0.0000 1650410359503 823186.0000 -0.1989
-24.9860 77.6250 -41.5228 0.0000 1650410359557 823240.0000 -0.1989
-25.2987 77.7374 -43.0305 0.0000 1650410359609 823294.0000 -0.1984
-25.3665 77.5503 -44.2523 0.0000 1650410359663 823348.0000 -0.1984
-25.4862 77.2653 -45.3635 0.0000 1650410359717 823402.0000 -0.1984
-25.1168 77.4990 -46.1875 0.0000 1650410359771 823456.0000 -0.1989
-25.0543 77.2029 -47.3461 0.0000 1650410359826 823510.0000 -0.1989
-24.9827 77.0806 -48.6340 0.0000 1650410359880 823564.0000 -0.1984
-24.9224 77.5976 -49.8183 0.0000 1650410359934 823618.0000 -0.1984
-24.8427 77.7255 -51.2816 0.0000 1650410359988 823672.0000 -0.1984
-24.7915 77.9599 -51.5014 0.0000 1650410360042 823726.0000 -0.1989
-25.5959 79.8904 -52.1282 0.0000 1650410360096 823779.0000 -0.1989
-26.0544 79.6362 -52.1193 0.0000 1650410360150 823833.0000 -0.1984
-24.9557 76.7792 -53.6370 0.0000 1650410360203 823887.0000 -0.1984
-25.9168 76.8945 -53.3259 0.0000 1650410360257 823941.0000 -0.1984
-25.6520 76.7339 -54.2437 0.0000 1650410360311 823995.0000 -0.1989
-26.1590 76.3215 -54.3337 0.0000 1650410360365 824049.0000 -0.1989
-26.2418 76.9709 -54.0864 0.0000 1650410360419 824103.0000 -0.1984
-26.3654 76.6534 -53.9115 0.0000 1650410360474 824157.0000 -0.1984
-26.0533 76.4001 -54.5701 0.0000 1650410360527 824211.0000 -0.1984
-26.4299 76.6436 -53.7868 0.0000 1650410360582 824265.0000 -0.1989
-26.7403 76.8111 -53.0999 0.0000 1650410360636 824319.0000 -0.1984
-26.9353 76.8857 -52.5770 0.0000 1650410360690 824373.0000 -0.1984
-26.6076 76.9713 -52.1466 0.0000 1650410360744 824427.0000 -0.1984
-25.7944 76.9629 -51.5561 0.0000 1650410360796 824481.0000 -0.1984
-25.6859 77.5154 -51.1100 0.0000 1650410360850 824535.0000 -0.1984
-26.1631 78.1675 -50.2067 0.0000 1650410360905 824589.0000 -0.1989
-25.5669 77.7603 -49.6564 0.0000 1650410360959 824643.0000 -0.1989
-25.5406 77.7381 -48.7341 0.0000 1650410361013 824697.0000 -0.1984
-25.7321 77.6035 -47.5121 0.0000 1650410361067 824751.0000 -0.1984
-25.0864 77.0442 -46.7647 0.0000 1650410361121 824805.0000 -0.1989
-25.4049 77.6848 -45.5851 0.0000 1650410361175 824859.0000 -0.1989
-25.4774 77.2685 -44.4046 0.0000 1650410361229 824913.0000 -0.1984
-25.6188 77.5573 -43.3512 0.0000 1650410361283 824967.0000 -0.1989
-25.0816 77.5984 -42.0127 0.0000 1650410361338 825021.0000 -0.1989
-24.7621 77.5596 -40.6861 0.0000 1650410361392 825074.0000 -0.1989
-25.0551 77.8923 -39.2438 0.0000 1650410361444 825128.0000 -0.1994
-25.1635 77.4151 -38.2054 0.0000 1650410361498 825182.0000 -0.1984
-25.0234 77.8189 -36.6387 0.0000 1650410361552 825236.0000 -0.1984
-25.0084 77.6454 -35.2103 0.0000 1650410361606 825290.0000 -0.1984
-25.1437 77.7400 -34.2943 0.0000 1650410361660 825344.0000 -0.1989
-25.1008 77.7675 -33.0574 0.0000 1650410361714 825398.0000 -0.1989
-25.3158 77.6524 -31.6403 0.0000 1650410361769 825452.0000 -0.1984
-25.1181 77.6443 -31.4689 0.0000 1650410361823 825506.0000 -0.1984
-24.6752 77.8072 -31.0463 0.0000 1650410361877 825560.0000 -0.1984
-25.0007 77.8201 -31.7349 0.0000 1650410361931 825614.0000 -0.1989
-24.9948 77.7525 -31.6568 0.0000 1650410361986 825668.0000 -0.1989
-24.9562 77.5883 -31.9368 0.0000 1650410362037 825722.0000 -0.1989
-24.9121 77.6340 -31.8310 0.0000 1650410362092 825776.0000 -0.1984
-25.0660 77.7049 -31.8364 0.0000 1650410362146 825830.0000 -0.1984
-24.9602 77.7430 -31.2602 0.0000 1650410362200 825884.0000 -0.1994
-24.8675 77.8099 -31.8420 0.0000 1650410362254 825938.0000 -0.1989
-25.1067 77.6904 -31.9310 0.0000 1650410362308 825992.0000 -0.1989
-25.1504 77.5939 -31.7332 0.0000 1650410362362 826046.0000 -0.1984
-25.0146 77.5253 -31.7612 0.0000 1650410362416 826100.0000 -0.1989
-25.1576 77.4897 -31.6053 0.0000 1650410362470 826154.0000 -0.1989
-24.9572 77.7577 -31.7591 0.0000 1650410362525 826208.0000 -0.1989
-24.9741 77.6029 -31.4803 0.0000 1650410362579 826262.0000 -0.1989
-24.9838 77.6930 -31.0777 0.0000 1650410362633 826316.0000 -0.1989
-25.0310 77.5848 -31.8910 0.0000 1650410362685 826370.0000 -0.1989
-25.2209 77.5589 -31.3823 0.0000 1650410362739 826424.0000 -0.1994
-25.3315 77.5307 -31.4382 0.0000 1650410362793 826477.0000 -0.1994
-25.1857 77.6355 -31.7992 0.0000 1650410362847 826531.0000 -0.1989
-25.2230 77.5618 -31.6558 0.0000 1650410362902 826585.0000 -0.1989
-25.0579 77.5279 -31.7844 0.0000 1650410362956 826639.0000 -0.1989
-25.2576 77.5445 -31.4142 0.0000 1650410363010 826693.0000 -0.1994
-25.1920 77.5095 -31.4967 0.0000 1650410363064 826747.0000 -0.1994
-24.9968 77.5212 -31.4567 0.0000 1650410363118 826801.0000 -0.1989
-24.9729 78.6008 -31.5980 0.0000 1650410363173 826855.0000 -0.1989
-24.9664 77.8127 -33.0619 0.0000 1650410363227 826909.0000 -0.1994
-24.5119 78.0942 -34.4262 0.0000 1650410363278 826963.0000 -0.1994
-24.2226 77.8869 -35.7772 0.0000 1650410363333 827017.0000 -0.1994
-25.0810 77.8275 -37.3361 0.0000 1650410363387 827071.0000 -0.1989
-24.8107 77.6499 -38.3972 0.0000 1650410363441 827125.0000 -0.1989
-24.7141 77.5125 -39.7993 0.0000 1650410363495 827179.0000 -0.1989
-24.8622 77.5763 -41.0649 0.0000 1650410363549 827233.0000 -0.1994
-24.6265 77.3722 -42.2684 0.0000 1650410363604 827287.0000 -0.1994
-25.3382 77.3268 -43.6485 0.0000 1650410363658 827341.0000 -0.1994
-24.8179 77.3587 -44.7179 0.0000 1650410363712 827395.0000 -0.1994
-24.8936 77.1554 -45.8801 0.0000 1650410363766 827449.0000 -0.1994
-25.4926 77.7356 -47.0100 0.0000 1650410363820 827503.0000 -0.1994
-24.0463 77.1745 -48.0661 0.0000 1650410363874 827557.0000 -0.1989
-24.8236 77.0743 -48.9849 0.0000 1650410363926 827611.0000 -0.1989
-25.4106 77.4132 -50.1539 0.0000 1650410363980 827665.0000 -0.1989
-24.9460 76.8442 -51.1645 0.0000 1650410364035 827719.0000 -0.1989
-25.3589 80.0807 -51.9687 0.0000 1650410364089 827773.0000 -0.1994
-25.6475 76.4048 -53.0161 0.0000 1650410364143 827826.0000 -0.1994
-25.4034 76.8532 -53.1009 0.0000 1650410364197 827880.0000 -0.1989
-25.4372 79.5833 -53.7547 0.0000 1650410364251 827934.0000 -0.1989
-25.8279 76.6763 -54.0903 0.0000 1650410364305 827988.0000 -0.1989
-25.7360 76.7789 -53.8593 0.0000 1650410364359 828042.0000 -0.1994
-26.0000 76.6373 -54.1216 0.0000 1650410364413 828096.0000 -0.1989
-26.3238 76.8837 -54.3965 0.0000 1650410364468 828150.0000 -0.1989
-26.0928 76.9371 -54.3232 0.0000 1650410364520 828204.0000 -0.1989
-26.3822 76.7743 -54.2491 0.0000 1650410364574 828258.0000 -0.1989
-26.0708 77.1209 -53.4776 0.0000 1650410364628 828312.0000 -0.1994
-26.6300 77.1145 -53.2058 0.0000 1650410364682 828366.0000 -0.1999
-26.5404 77.4911 -52.5292 0.0000 1650410364736 828420.0000 -0.1999
-25.8176 77.2163 -51.9898 0.0000 1650410364791 828474.0000 -0.1989
-24.9903 78.9165 -51.2833 0.0000 1650410364845 828528.0000 -0.1994
-25.1855 78.8184 -50.8614 0.0000 1650410364899 828582.0000 -0.1999
-24.8460 78.0146 -49.9956 0.0000 1650410364953 828636.0000 -0.1994
-25.7926 77.5940 -49.1139 0.0000 1650410365007 828690.0000 -0.1994
