-27.0540 42.0147 -50.0177 0.0000 1650405535367 931110.0000 -0.1965
-25.8845 43.7930 -50.5989 0.0000 1650405535421 931164.0000 -0.1965
-26.3055 44.2017 -46.5705 0.0000 1650405535475 931218.0000 -0.1965
-26.1304 46.1936 -48.4242 0.0000 1650405535529 931272.0000 -0.1969
-26.5605 44.8969 -48.6653 0.0000 1650405535582 931326.0000 -0.1969
-26.8331 45.1520 -47.0528 0.0000 1650405535636 931380.0000 -0.1965
-25.4281 44.4583 -49.5942 0.0000 1650405535690 931434.0000 -0.1969
-28.1244 45.3715 -48.9886 0.0000 1650405535744 931488.0000 -0.1969
-25.6976 45.2333 -48.6682 0.0000 1650405535798 931542.0000 -0.1965
-27.0809 47.1699 -49.7144 0.0000 1650405535852 931596.0000 -0.1965
-26.7665 47.0430 -48.2791 0.0000 1650405535906 931650.0000 -0.1965
-26.7994 47.6701 -50.0986 0.0000 1650405535960 931704.0000 -0.1969
-26.6810 48.0554 -48.7942 0.0000 1650405536015 931758.0000 -0.1969
-27.8948 47.0972 -48.5234 0.0000 1650405536069 931811.0000 -0.1974
-27.3778 46.1537 -48.8203 0.0000 1650405536123 931865.0000 -0.1969
-26.4151 45.7972 -48.9035 0.0000 1650405536175 931919.0000 -0.1965
-25.3404 45.8229 -47.5475 0.0000 1650405536229 931973.0000 -0.1969
-27.6589 44.7300 -49.5352 0.0000 1650405536283 932027.0000 -0.1974
-27.6078 46.2194 -47.5028 0.0000 1650405536337 932081.0000 -0.1969
-26.3163 44.7636 -46.6310 0.0000 1650405536392 932135.0000 -0.1969
-25.4969 46.7803 -47.7781 0.0000 1650405536446 932189.0000 -0.1969
-26.0020 47.6028 -48.7830 0.0000 1650405536500 932243.0000 -0.1969
-27.5514 46.0714 -48.1773 0.0000 1650405536554 932297.0000 -0.1969
-27.2741 46.4152 -46.6615 0.0000 1650405536608 932351.0000 -0.1974
-27.0963 46.9297 -49.1422 0.0000 1650405536662 932405.0000 -0.1974
-27.0470 46.7833 -48.1745 0.0000 1650405536717 932459.0000 -0.1969
-27.4490 46.8645 -47.8720 0.0000 1650405536770 932513.0000 -0.1974
-26.9304 46.0718 -49.5273 0.0000 1650405536823 932567.0000 -0.1974
-27.6831 46.9046 -47.3189 0.0000 1650405536877 932621.0000 -0.1969
-25.9338 49.0368 -49.5156 0.0000 1650405536931 932675.0000 -0.1969
-26.9087 46.8191 -48.8860 0.0000 1650405536985 932729.0000 -0.1969
-27.5315 46.8960 -50.2133 0.0000 1650405537039 932783.0000 -0.1969
-26.3753 48.6945 -48.5213 0.0000 1650405537093 932837.0000 -0.1969
-26.4827 45.8938 -49.7069 0.0000 1650405537148 932891.0000 -0.1974
-26.3188 47.6610 -48.4212 0.0000 1650405537202 932945.0000 -0.1974
-27.2600 46.2698 -47.8529 0.0000 1650405537256 932999.0000 -0.1969
-25.7934 46.2152 -49.5858 0.0000 1650405537310 933053.0000 -0.1969
-25.5574 45.9510 -48.2583 0.0000 1650405537364 933107.0000 -0.1969
-27.4708 45.4040 -49.9428 0.0000 1650405537416 933160.0000 -0.1965
-25.3911 47.4735 -49.1350 0.0000 1650405537470 933214.0000 -0.1965
-26.0794 46.1513 -48.2157 0.0000 1650405537525 933268.0000 -0.1969
-26.7797 47.7474 -48.8886 0.0000 1650405537579 933322.0000 -0.1969
-26.2865 46.9104 -49.6081 0.0000 1650405537633 933376.0000 -0.1969
-27.6449 48.5642 -48.5249 0.0000 1650405537687 933430.0000 -0.1969
-26.4020 47.4636 -49.6169 0.0000 1650405537741 933484.0000 -0.1969
-27.1637 46.2978 -47.8384 0.0000 1650405537795 933538.0000 -0.1965
-26.4082 46.3904 -48.0143 0.0000 1650405537849 933592.0000 -0.1969
-26.2526 44.2153 -47.4413 0.0000 1650405537903 933646.0000 -0.1969
-28.0515 46.7444 -48.1753 0.0000 1650405537958 933700.0000 -0.1965
-27.9931 47.5028 -47.5724 0.0000 1650405538010 933754.0000 -0.1965
-26.6389 44.2192 -48.2534 0.0000 1650405538064 933808.0000 -0.1965
-26.3808 43.2143 -47.7258 0.0000 1650405538118 933862.0000 -0.1965
-26.3977 44.2978 -48.5233 0.0000 1650405538172 933916.0000 -0.1965
-25.6464 43.6477 -46.0994 0.0000 1650405538226 933970.0000 -0.1969
-24.7776 43.2181 -45.5923 0.0000 1650405538280 934024.0000 -0.1965
-26.2729 44.3751 -48.1125 0.0000 1650405538334 934078.0000 -0.1960
-26.5758 46.7912 -47.4132 0.0000 1650405538389 934132.0000 -0.1969
-26.3719 46.1064 -47.6021 0.0000 1650405538443 934186.0000 -0.1969
-26.6756 43.5461 -46.6812 0.0000 1650405538497 934240.0000 -0.1965
-26.3888 43.9274 -46.9057 0.0000 1650405538551 934294.0000 -0.1965
-26.4366 45.5264 -48.2677 0.0000 1650405538605 934348.0000 -0.1965
-27.0188 45.9659 -49.2984 0.0000 1650405538658 934402.0000 -0.1965
-26.6763 44.6152 -47.5537 0.0000 1650405538711 934456.0000 -0.1965
-27.1459 46.1452 -49.6579 0.0000 1650405538766 934509.0000 -0.1969
-27.1703 44.5397 -49.4623 0.0000 1650405538820 934563.0000 -0.1969
-27.5781 45.0096 -48.8017 0.0000 1650405538874 934617.0000 -0.1965
-26.6422 44.0741 -48.4582 0.0000 1650405538928 934671.0000 -0.1969
-26.8384 45.9135 -47.6709 0.0000 1650405538982 934725.0000 -0.1969
-25.5353 46.6393 -47.9574 0.0000 1650405539036 934779.0000 -0.1965
-26.8491 45.9727 -49.3265 0.0000 1650405539091 934833.0000 -0.1965
-25.4323 44.5135 -47.7324 0.0000 1650405539145 934887.0000 -0.1965
-25.4116 46.3509 -47.0272 0.0000 1650405539199 934941.0000 -0.1965
-27.1599 44.3130 -47.3327 0.0000 1650405539251 934995.0000 -0.1965
-25.0580 46.5490 -46.7221 0.0000 1650405539305 935049.0000 -0.1965
-25.6850 44.7803 -47.6077 0.0000 1650405539359 935103.0000 -0.1965
-27.2863 48.1339 -44.9289 0.0000 1650405539413 935157.0000 -0.1960
-26.8122 46.7680 -48.2983 0.0000 1650405539468 935211.0000 -0.1965
-26.8589 47.1531 -49.8161 0.0000 1650405539522 935265.0000 -0.1965
-27.8432 47.2410 -49.2791 0.0000 1650405539576 935319.0000 -0.1960
-26.2336 47.5038 -49.2134 0.0000 1650405539630 935373.0000 -0.1955
-27.0893 46.5684 -48.3114 0.0000 1650405539684 935427.0000 -0.1955
-28.1327 45.4644 -48.3647 0.0000 1650405539738 935481.0000 -0.1960
-26.5059 47.3391 -47.0434 0.0000 1650405539792 935535.0000 -0.1960
-26.8747 46.1098 -48.1424 0.0000 1650405539846 935589.0000 -0.1960
-26.5763 45.0521 -48.4746 0.0000 1650405539899 935643.0000 -0.1960
-27.3932 44.9992 -48.8257 0.0000 1650405539953 935697.0000 -0.1955
-25.8540 45.5388 -49.0289 0.0000 1650405540007 935751.0000 -0.1960
-27.5480 44.8776 -50.2758 0.0000 1650405540061 935805.0000 -0.1960
-26.8226 46.0713 -49.1637 0.0000 1650405540115 935858.0000 -0.1955
-25.9960 45.7981 -50.0416 0.0000 1650405540169 935912.0000 -0.1955
-26.5466 46.4379 -46.7282 0.0000 1650405540223 935966.0000 -0.1960
-27.0982 44.3056 -48.2572 0.0000 1650405540278 936020.0000 -0.1955
-26.9969 44.5613 -49.1924 0.0000 1650405540332 936074.0000 -0.1960
-24.4287 45.2332 -47.1777 0.0000 1650405540386 936128.0000 -0.1960
-25.6776 44.7028 -48.3068 0.0000 1650405540440 936182.0000 -0.1960
-27.3215 45.4558 -48.7648 0.0000 1650405540492 936236.0000 -0.1960
-26.9321 45.5753 -48.5927 0.0000 1650405540546 936290.0000 -0.1965
-27.4559 45.8921 -49.1312 0.0000 1650405540601 936344.0000 -0.1960
-26.4995 45.0385 -50.0799 0.0000 1650405540654 936398.0000 -0.1955
-26.5235 42.9313 -49.8191 0.0000 1650405540709 936452.0000 -0.1960
-25.4438 45.5882 -48.9302 0.0000 1650405540763 936506.0000 -0.1960
-26.9668 44.6417 -49.1622 0.0000 1650405540817 936560.0000 -0.1960
-26.6333 45.5530 -49.1814 0.0000 1650405540871 936614.0000 -0.1960
-25.9870 45.3825 -49.1761 0.0000 1650405540925 936668.0000 -0.1965
-26.9207 44.5186 -49.1027 0.0000 1650405540980 936722.0000 -0.1960
-25.7964 45.7572 -48.6190 0.0000 1650405541034 936776.0000 -0.1960
-25.8008 46.2433 -49.8839 0.0000 1650405541088 936830.0000 -0.1965
-26.0663 45.5864 -49.3061 0.0000 1650405541140 936884.0000 -0.1960
-28.4027 44.7409 -47.5768 0.0000 1650405541194 936938.0000 -0.1960
-26.7592 44.7620 -48.7602 0.0000 1650405541248 936992.0000 -0.1960
-25.6543 44.6627 -47.5541 0.0000 1650405541302 937046.0000 -0.1960
-26.2972 44.5035 -48.8666 0.0000 1650405541356 937100.0000 -0.1960
-28.2131 44.6449 -49.6017 0.0000 1650405541411 937154.0000 -0.1965
-25.0916 44.0074 -48.4936 0.0000 1650405541465 937208.0000 -0.1965
-26.9566 44.4356 -48.2148 0.0000 1650405541519 937261.0000 -0.1960
-26.4634 46.5944 -47.7620 0.0000 1650405541573 937315.0000 -0.1960
-27.0683 44.8378 -47.4157 0.0000 1650405541627 937369.0000 -0.1965
-27.3643 46.3296 -48.9491 0.0000 1650405541681 937423.0000 -0.1965
-27.9373 44.9537 -47.3157 0.0000 1650405541733 937477.0000 -0.1960
-26.5238 45.0729 -47.6563 0.0000 1650405541787 937531.0000 -0.1960
-26.3943 43.5389 -49.3822 0.0000 1650405541842 937585.0000 -0.1960
-27.7936 47.0187 -47.9538 0.0000 1650405541896 937639.0000 -0.1965
-27.1961 44.8174 -47.4281 0.0000 1650405541950 937693.0000 -0.1965
-27.3696 46.0196 -47.3010 0.0000 1650405542004 937747.0000 -0.1965
-26.9895 45.3997 -48.8876 0.0000 1650405542058 937801.0000 -0.1960
-27.1209 46.4333 -48.0391 0.0000 1650405542112 937855.0000 -0.1960
-28.2232 45.6474 -46.9456 0.0000 1650405542166 937909.0000 -0.1965
-25.9136 42.5716 -49.5460 0.0000 1650405542221 937963.0000 -0.1960
-27.0258 44.6661 -45.5800 0.0000 1650405542275 938017.0000 -0.1955
-26.1442 43.4995 -48.2608 0.0000 1650405542327 938071.0000 -0.1955
-26.3900 45.2049 -46.3928 0.0000 1650405542381 938125.0000 -0.1955
-27.0820 43.3315 -48.5134 0.0000 1650405542435 938179.0000 -0.1955
-24.7195 45.4702 -47.9663 0.0000 1650405542489 938233.0000 -0.1960
-25.6707 44.0730 -48.2370 0.0000 1650405542544 938287.0000 -0.1960
-26.2638 45.3218 -47.8731 0.0000 1650405542597 938341.0000 -0.1955
-27.5873 44.8576 -48.6681 0.0000 1650405542652 938395.0000 -0.1955
-26.4272 45.6041 -48.0240 0.0000 1650405542706 938449.0000 -0.1960
-26.8531 43.6461 -47.6387 0.0000 1650405542760 938503.0000 -0.1955
-28.2205 45.4669 -48.6941 0.0000 1650405542814 938557.0000 -0.1955
-27.9074 46.8997 -46.9408 0.0000 1650405542868 938610.0000 -0.1955
-26.9150 45.2158 -47.2608 0.0000 1650405542923 938664.0000 -0.1955
-25.8183 44.4528 -48.2546 0.0000 1650405542975 938718.0000 -0.1960
-26.8104 42.2940 -47.9822 0.0000 1650405543029 938772.0000 -0.1960
-26.9053 45.3748 -47.8704 0.0000 1650405543083 938826.0000 -0.1960
-26.5593 46.5703 -47.3548 0.0000 1650405543137 938880.0000 -0.1955
-27.0873 45.6236 -48.1806 0.0000 1650405543191 938934.0000 -0.1955
-25.7551 44.5511 -45.5444 0.0000 1650405543245 938988.0000 -0.1955
-26.4004 44.7596 -48.7146 0.0000 1650405543299 939042.0000 -0.1950
-25.8308 44.3145 -50.6914 0.0000 1650405543354 939096.0000 -0.1950
-26.9947 46.8243 -46.0968 0.0000 1650405543408 939150.0000 -0.1955
-27.0853 46.1736 -48.0195 0.0000 1650405543462 939204.0000 -0.1950
-26.1294 48.6473 -47.5550 0.0000 1650405543516 939258.0000 -0.1960
-26.1841 48.0680 -48.4267 0.0000 1650405543568 939312.0000 -0.1960
-26.8037 46.8654 -49.8617 0.0000 1650405543622 939366.0000 -0.1955
-26.7023 47.5805 -49.0927 0.0000 1650405543676 939420.0000 -0.1950
-25.3435 49.1983 -47.6806 0.0000 1650405543730 939474.0000 -0.1955
-27.3218 46.4515 -50.8128 0.0000 1650405543785 939528.0000 -0.1955
-25.4214 45.1405 -48.3108 0.0000 1650405543839 939582.0000 -0.1950
-27.0235 45.6360 -47.3471 0.0000 1650405543893 939636.0000 -0.1950
-27.9213 46.1761 -48.9408 0.0000 1650405543947 939690.0000 -0.1950
-26.0632 46.6670 -48.5344 0.0000 1650405544001 939744.0000 -0.1955
-27.1981 44.7211 -48.0027 0.0000 1650405544055 939798.0000 -0.1955
-28.1529 45.4341 -49.0548 0.0000 1650405544109 939852.0000 -0.1960
-25.8639 45.4198 -48.1802 0.0000 1650405544164 939906.0000 -0.1955
-27.2258 45.5062 -48.7330 0.0000 1650405544216 939959.0000 -0.1950
-27.0796 47.2047 -48.6282 0.0000 1650405544270 940013.0000 -0.1955
-25.9048 46.1665 -48.2418 0.0000 1650405544324 940067.0000 -0.1955
-25.0515 45.8091 -46.9347 0.0000 1650405544378 940121.0000 -0.1950
-25.6372 45.9404 -49.2352 0.0000 1650405544432 940175.0000 -0.1950
-25.2113 46.9484 -48.8003 0.0000 1650405544487 940229.0000 -0.1950
-24.5108 44.2760 -48.1999 0.0000 1650405544540 940283.0000 -0.1950
-25.9884 45.3128 -49.8910 0.0000 1650405544595 940337.0000 -0.1955
-27.0067 45.3638 -48.8428 0.0000 1650405544649 940391.0000 -0.1955
-26.4307 43.3377 -48.1367 0.0000 1650405544703 940445.0000 -0.1950
-25.5939 45.5946 -48.5513 0.0000 1650405544757 940499.0000 -0.1945
-26.5902 44.0572 -48.9460 0.0000 1650405544809 940553.0000 -0.1950
-24.2559 43.4926 -49.4180 0.0000 1650405544864 940607.0000 -0.1955
-26.1592 43.3468 -48.0660 0.0000 1650405544918 940661.0000 -0.1950
-26.7975 43.9492 -49.1469 0.0000 1650405544972 940715.0000 -0.1950
-27.2697 45.7379 -50.1461 0.0000 1650405545026 940769.0000 -0.1950
-25.0806 45.4552 -48.1036 0.0000 1650405545080 940823.0000 -0.1950
-25.6609 44.2545 -48.0908 0.0000 1650405545134 940877.0000 -0.1950
-26.7600 45.9335 -49.0237 0.0000 1650405545188 940931.0000 -0.1955
-25.3388 45.2003 -46.7009 0.0000 1650405545242 940985.0000 -0.1950
-26.3624 43.4374 -48.5052 0.0000 1650405545297 941039.0000 -0.1950
-26.5748 44.8336 -47.3737 0.0000 1650405545351 941093.0000 -0.1955
-25.3961 45.0258 -48.6563 0.0000 1650405545405 941147.0000 -0.1955
-27.6171 43.3781 -48.4893 0.0000 1650405545457 941201.0000 -0.1950
-25.9035 44.5255 -47.4464 0.0000 1650405545511 941255.0000 -0.1950
-26.7183 43.8878 -46.9919 0.0000 1650405545565 941308.0000 -0.1950
-27.8484 43.3929 -48.8074 0.0000 1650405545619 941362.0000 -0.1950
-29.2958 46.5334 -48.0916 0.0000 1650405545673 941416.0000 -0.1955
-25.8712 47.0073 -48.6123 0.0000 1650405545728 941470.0000 -0.1955
-27.7455 46.4969 -48.3583 0.0000 1650405545782 941524.0000 -0.1955
-27.6654 44.0174 -48.6706 0.0000 1650405545836 941578.0000 -0.1950
-26.0594 44.4198 -48.4970 0.0000 1650405545890 941632.0000 -0.1955
-26.9526 43.8706 -48.2791 0.0000 1650405545944 941686.0000 -0.1955
-25.9107 44.1559 -48.2446 0.0000 1650405545998 941740.0000 -0.1950
-27.4803 47.1780 -48.2352 0.0000 1650405546050 941794.0000 -0.1950
-27.3339 46.4011 -49.3504 0.0000 1650405546104 941848.0000 -0.1950
-25.5548 46.6774 -47.4090 0.0000 1650405546159 941902.0000 -0.1950
-27.1384 44.2404 -48.7448 0.0000 1650405546213 941956.0000 -0.1950
-26.2694 45.6491 -47.2485 0.0000 1650405546267 942010.0000 -0.1950
-25.0652 44.0620 -47.4640 0.0000 1650405546321 942064.0000 -0.1945
-27.0106 45.2351 -47.7083 0.0000 1650405546375 942118.0000 -0.1945
-25.8830 44.5407 -47.6234 0.0000 1650405546430 942172.0000 -0.1950
-27.0315 45.6396 -47.5478 0.0000 1650405546483 942226.0000 -0.1945
-28.1481 44.5082 -48.1040 0.0000 1650405546538 942280.0000 -0.1940
-26.7676 46.1862 -47.3240 0.0000 1650405546592 942334.0000 -0.1940
-26.3027 46.2976 -47.7947 0.0000 1650405546646 942388.0000 -0.1940
-26.3179 45.3718 -47.6589 0.0000 1650405546698 942442.0000 -0.1940
-26.8843 47.2838 -48.8710 0.0000 1650405546752 942496.0000 -0.1940
-26.9168 46.4289 -47.9854 0.0000 1650405546806 942550.0000 -0.1945
-26.6071 44.3113 -48.2889 0.0000 1650405546861 942604.0000 -0.1945
-26.8749 42.7464 -49.6302 0.0000 1650405546915 942657.0000 -0.1940
-27.0354 43.8168 -48.3266 0.0000 1650405546969 942711.0000 -0.1955
-27.6494 45.6777 -47.5095 0.0000 1650405547023 942765.0000 -0.1969
-27.2096 45.6853 -47.8413 0.0000 1650405547077 942819.0000 -0.1979
-25.5271 45.2169 -46.2191 0.0000 1650405547131 942873.0000 -0.1989
-27.7739 45.8921 -48.7745 0.0000 1650405547185 942927.0000 -0.1994
-26.5034 44.7805 -47.5493 0.0000 1650405547240 942981.0000 -0.1994
-26.6777 45.9127 -48.0751 0.0000 1650405547292 943035.0000 -0.1999
-26.5402 44.8263 -47.0100 0.0000 1650405547346 943089.0000 -0.1999
-27.0560 43.7466 -46.3395 0.0000 1650405547400 943143.0000 -0.1999
-26.5481 46.8864 -46.2731 0.0000 1650405547454 943197.0000 -0.1994
-26.8302 46.8332 -47.0051 0.0000 1650405547508 943251.0000 -0.1999
-26.6565 45.4113 -48.8229 0.0000 1650405547562 943305.0000 -0.1999
-25.6774 46.2542 -48.3921 0.0000 1650405547616 943359.0000 -0.1994
-26.1056 46.5370 -48.7939 0.0000 1650405547671 943413.0000 -0.1999
-27.0969 47.9795 -48.4256 0.0000 1650405547725 943467.0000 -0.1999
-27.6271 46.1822 -50.3298 0.0000 1650405547779 943521.0000 -0.1999
-27.1597 48.0769 -47.7659 0.0000 1650405547833 943575.0000 -0.1999
-28.0939 46.8292 -48.6999 0.0000 1650405547885 943629.0000 -0.1999
-26.0614 46.1283 -49.8382 0.0000 1650405547939 943683.0000 -0.1999
-28.2622 47.4186 -48.8119 0.0000 1650405547993 943737.0000 -0.1994
-26.6467 45.9217 -49.8233 0.0000 1650405548047 943791.0000 -0.1999
-27.2159 45.7287 -47.9226 0.0000 1650405548102 943845.0000 -0.1999
-26.0564 45.1404 -49.5658 0.0000 1650405548156 943899.0000 -0.1994
-25.4984 43.3927 -48.9204 0.0000 1650405548210 943953.0000 -0.1994
-25.7548 45.6073 -48.2028 0.0000 1650405548264 944007.0000 -0.1994
-25.6450 44.7267 -48.9098 0.0000 1650405548318 944060.0000 -0.1994
-27.0219 43.9389 -48.7881 0.0000 1650405548373 944114.0000 -0.1999
-26.8518 44.1529 -47.5077 0.0000 1650405548426 944168.0000 -0.1999
-27.5295 45.8346 -48.3650 0.0000 1650405548481 944222.0000 -0.1999
-24.9449 44.5606 -46.6460 0.0000 1650405548533 944276.0000 -0.1994
-26.2851 47.0431 -47.9439 0.0000 1650405548587 944330.0000 -0.1999
-25.4235 43.8781 -49.8987 0.0000 1650405548641 944384.0000 -0.1994
-24.8173 44.0120 -47.5685 0.0000 1650405548695 944438.0000 -0.1994
-26.6279 47.0533 -48.1280 0.0000 1650405548750 944492.0000 -0.1994
-25.6268 45.1272 -48.6502 0.0000 1650405548804 944546.0000 -0.1994
-28.0173 45.0157 -47.8697 0.0000 1650405548858 944600.0000 -0.1994
-28.4443 45.1183 -49.8200 0.0000 1650405548912 944654.0000 -0.1999
-26.8025 44.1392 -48.0179 0.0000 1650405548966 944708.0000 -0.1999
-26.6798 44.5720 -46.7835 0.0000 1650405549020 944762.0000 -0.1999
-26.8065 44.7290 -48.6756 0.0000 1650405549074 944816.0000 -0.1999
-25.5422 43.2287 -49.6737 0.0000 1650405549126 944870.0000 -0.2004
-25.3772 44.9936 -49.2074 0.0000 1650405549181 944924.0000 -0.1999
-27.0374 45.0827 -47.8583 0.0000 1650405549235 944978.0000 -0.1994
-27.0135 47.5894 -48.6611 0.0000 1650405549289 945032.0000 -0.1999
-25.2200 46.5388 -46.4879 0.0000 1650405549343 945086.0000 -0.1999
-26.3507 43.2502 -47.3503 0.0000 1650405549397 945140.0000 -0.1999
-27.2806 44.4494 -48.2317 0.0000 1650405549451 945194.0000 -0.1999
-27.4050 45.0125 -48.4993 0.0000 1650405549505 945248.0000 -0.2004
-25.4081 45.6092 -48.1351 0.0000 1650405549559 945302.0000 -0.1999
-27.1111 43.6383 -48.1196 0.0000 1650405549614 945356.0000 -0.1999
-26.6711 44.3459 -48.2593 0.0000 1650405549668 945409.0000 -0.1999
-26.4744 45.9141 -48.1972 0.0000 1650405549722 945463.0000 -0.1999
-25.5758 46.2675 -48.1840 0.0000 1650405549774 945517.0000 -0.1999
-28.0406 45.5610 -48.8481 0.0000 1650405549828 945571.0000 -0.1999
-27.5438 43.7480 -47.2655 0.0000 1650405549882 945625.0000 -0.1999
-27.4777 46.2178 -48.3016 0.0000 1650405549936 945679.0000 -0.1999
-26.9754 43.9430 -47.7359 0.0000 1650405549990 945733.0000 -0.1999
-28.2534 44.8140 -49.2715 0.0000 1650405550045 945787.0000 -0.2004
-27.0566 44.8268 -48.2440 0.0000 1650405550099 945841.0000 -0.1999
-26.5683 45.3326 -50.4130 0.0000 1650405550153 945895.0000 -0.1999
-26.5831 42.8465 -47.6432 0.0000 1650405550207 945949.0000 -0.2004
-27.2279 45.9928 -50.0495 0.0000 1650405550261 946003.0000 -0.1999
-27.7714 43.2784 -47.8399 0.0000 1650405550316 946057.0000 -0.1999
-26.4716 44.8982 -46.6362 0.0000 1650405550368 946111.0000 -0.1999
-26.4958 43.2820 -49.4235 0.0000 1650405550422 946165.0000 -0.1999
-27.3152 45.5484 -46.8138 0.0000 1650405550476 946219.0000 -0.1994
-25.8621 43.2444 -45.5816 0.0000 1650405550530 946273.0000 -0.1999
-25.2292 45.4510 -46.3737 0.0000 1650405550584 946327.0000 -0.1999
-27.0381 43.7113 -46.9946 0.0000 1650405550638 946381.0000 -0.1994
-26.6765 46.8379 -47.4382 0.0000 1650405550692 946435.0000 -0.1999
-26.1515 44.9600 -46.7158 0.0000 1650405550747 946489.0000 -0.2004
-27.8486 42.4851 -49.0316 0.0000 1650405550801 946543.0000 -0.1999
-26.6517 44.3444 -48.4262 0.0000 1650405550855 946597.0000 -0.1999
-25.9228 44.6233 -47.9728 0.0000 1650405550909 946651.0000 -0.1999
-26.7664 44.9932 -48.2648 0.0000 1650405550963 946705.0000 -0.1999
-26.1209 45.3353 -48.1824 0.0000 1650405551015 946758.0000 -0.1999
-26.0486 44.3773 -46.9156 0.0000 1650405551069 946812.0000 -0.2004
-27.9119 46.6987 -47.5396 0.0000 1650405551124 946866.0000 -0.2004
-28.1067 43.4289 -46.9270 0.0000 1650405551178 946920.0000 -0.1999
-26.3967 45.5571 -46.8670 0.0000 1650405551232 946974.0000 -0.2004
-26.5430 46.1106 -47.4926 0.0000 1650405551286 947028.0000 -0.2009
-26.9354 45.6118 -47.9209 0.0000 1650405551340 947082.0000 -0.2004
-26.0081 43.6908 -46.0339 0.0000 1650405551394 947136.0000 -0.2004
-27.1155 46.0074 -46.7138 0.0000 1650405551448 947190.0000 -0.2004
-27.3770 46.9468 -48.7387 0.0000 1650405551502 947244.0000 -0.1999
-26.9097 47.4787 -47.3389 0.0000 1650405551557 947298.0000 -0.1999
-25.1838 46.0678 -47.0373 0.0000 1650405551609 947352.0000 -0.2004
-26.6758 44.8343 -47.4376 0.0000 1650405551663 947406.0000 -0.2009
-26.4362 44.9005 -48.3426 0.0000 1650405551717 947460.0000 -0.2004
-28.1552 44.6400 -47.5235 0.0000 1650405551771 947514.0000 -0.2004
-28.5646 46.6562 -49.2348 0.0000 1650405551825 947568.0000 -0.2009
-27.7078 44.5321 -48.8428 0.0000 1650405551879 947622.0000 -0.2009
-26.2869 46.5888 -49.3731 0.0000 1650405551934 947676.0000 -0.2004
-26.4834 45.6862 -48.1797 0.0000 1650405551988 947730.0000 -0.2004
-27.0101 45.0702 -49.9813 0.0000 1650405552042 947784.0000 -0.2004
-27.3795 45.8900 -50.4242 0.0000 1650405552096 947838.0000 -0.2009
-25.7402 45.4456 -49.0414 0.0000 1650405552150 947892.0000 -0.2009
-27.2427 45.5804 -48.3599 0.0000 1650405552204 947946.0000 -0.2009
-27.7640 44.6293 -49.3479 0.0000 1650405552257 948000.0000 -0.2004
-26.9121 43.9164 -48.5595 0.0000 1650405552310 948054.0000 -0.2009
-25.9003 44.4578 -48.7168 0.0000 1650405552365 948107.0000 -0.2009
-26.1149 45.5747 -49.2239 0.0000 1650405552419 948161.0000 -0.2004
-25.5624 45.2859 -48.8016 0.0000 1650405552473 948215.0000 -0.2004
-25.9517 44.5138 -49.1051 0.0000 1650405552527 948269.0000 -0.2004
-27.2272 44.3049 -47.4125 0.0000 1650405552581 948323.0000 -0.2009
-25.1181 44.4969 -48.8846 0.0000 1650405552636 948377.0000 -0.2009
-26.3425 44.3556 -48.6611 0.0000 1650405552690 948431.0000 -0.2009
-26.3886 43.7626 -49.9704 0.0000 1650405552744 948485.0000 -0.2009
-26.6318 45.3454 -49.8141 0.0000 1650405552798 948539.0000 -0.2009
-25.7511 45.4566 -47.3631 0.0000 1650405552850 948593.0000 -0.2013
-25.7803 46.1331 -48.6612 0.0000 1650405552904 948647.0000 -0.2013
-27.0155 44.3129 -49.3939 0.0000 1650405552958 948701.0000 -0.2009
-25.3195 46.2769 -49.3787 0.0000 1650405553012 948755.0000 -0.2004
-26.3283 44.3289 -48.9666 0.0000 1650405553067 948809.0000 -0.2009
-26.6050 43.1991 -48.9696 0.0000 1650405553121 948863.0000 -0.2009
-28.0112 44.3608 -46.2075 0.0000 1650405553175 948917.0000 -0.2009
-26.0888 44.8333 -48.7732 0.0000 1650405553229 948971.0000 -0.2013
-27.8191 45.0535 -47.9951 0.0000 1650405553283 949025.0000 -0.2013
-27.0678 45.3318 -48.6305 0.0000 1650405553337 949079.0000 -0.2009
-26.2480 45.5264 -48.8836 0.0000 1650405553391 949133.0000 -0.2013
-27.3625 44.1321 -48.1011 0.0000 1650405553443 949187.0000 -0.2013
-28.3036 45.8041 -49.1489 0.0000 1650405553498 949241.0000 -0.2009
-26.0970 44.3826 -47.9776 0.0000 1650405553552 949295.0000 -0.2009
-27.1569 44.6717 -47.1575 0.0000 1650405553606 949349.0000 -0.2009
-28.5918 46.0863 -47.1822 0.0000 1650405553660 949403.0000 -0.2013
-26.8541 42.4576 -46.9787 0.0000 1650405553714 949456.0000 -0.2013
-27.0098 46.4174 -47.5483 0.0000 1650405553768 949510.0000 -0.2013
-28.9015 46.7522 -46.8283 0.0000 1650405553822 949564.0000 -0.2013
-25.9565 47.8125 -47.6554 0.0000 1650405553877 949618.0000 -0.2009
-27.0197 44.9406 -48.6729 0.0000 1650405553931 949672.0000 -0.2013
-27.2593 44.7971 -47.3798 0.0000 1650405553985 949726.0000 -0.2013
-26.2317 46.2617 -46.8583 0.0000 1650405554039 949780.0000 -0.2013
-26.3588 46.3229 -48.7136 0.0000 1650405554091 949834.0000 -0.2009
-27.5763 44.3270 -48.0174 0.0000 1650405554145 949888.0000 -0.2013
-27.7337 46.3739 -47.6574 0.0000 1650405554199 949942.0000 -0.2013
-26.2800 43.5398 -48.0262 0.0000 1650405554254 949996.0000 -0.2013
-26.4665 43.6521 -48.7234 0.0000 1650405554308 950050.0000 -0.2018
-26.8065 45.4828 -47.9720 0.0000 1650405554362 950104.0000 -0.2018
-27.7533 43.1900 -45.5427 0.0000 1650405554416 950158.0000 -0.2013
-26.5083 44.5685 -47.4575 0.0000 1650405554470 950212.0000 -0.2018
-25.4317 44.3695 -47.4302 0.0000 1650405554524 950266.0000 -0.2018
-26.2585 43.7716 -47.3417 0.0000 1650405554578 950320.0000 -0.2013
-26.2469 42.8446 -47.0029 0.0000 1650405554633 950374.0000 -0.2013
-24.1876 43.2219 -46.1706 0.0000 1650405554685 950428.0000 -0.2018
-26.4119 41.7560 -46.1564 0.0000 1650405554739 950482.0000 -0.2018
-24.7709 43.7162 -48.3924 0.0000 1650405554793 950536.0000 -0.2018
-26.3542 44.8424 -47.8328 0.0000 1650405554847 950590.0000 -0.2023
-26.0429 43.1403 -48.5381 0.0000 1650405554901 950644.0000 -0.2018
-26.0725 44.6849 -49.1023 0.0000 1650405554955 950698.0000 -0.2018
-26.5479 44.6491 -46.6693 0.0000 1650405555009 950752.0000 -0.2023
-27.1343 45.3382 -48.3686 0.0000 1650405555064 950805.0000 -0.2023
-28.3725 44.6442 -47.7482 0.0000 1650405555118 950859.0000 -0.2018
-26.0862 44.6257 -47.6970 0.0000 1650405555172 950913.0000 -0.2018
-26.9422 45.8040 -47.7060 0.0000 1650405555226 950967.0000 -0.2018
-26.7165 45.4992 -45.1411 0.0000 1650405555281 951021.0000 -0.2023
-26.4310 44.6926 -48.9017 0.0000 1650405555332 951075.0000 -0.2023
-27.2770 45.5948 -48.0188 0.0000 1650405555386 951129.0000 -0.2028
-25.3920 45.3471 -48.4150 0.0000 1650405555441 951183.0000 -0.2023
-25.9327 45.3517 -45.6546 0.0000 1650405555495 951237.0000 -0.2023
-26.8821 47.2554 -47.8842 0.0000 1650405555549 951291.0000 -0.2028
-26.6719 44.6168 -46.9623 0.0000 1650405555603 951345.0000 -0.2023
-26.3394 44.3487 -47.9263 0.0000 1650405555657 951399.0000 -0.2018
-27.8352 45.2910 -47.0499 0.0000 1650405555711 951453.0000 -0.2023
-26.2564 44.9274 -49.9555 0.0000 1650405555766 951507.0000 -0.2023
-27.4013 47.9866 -47.8201 0.0000 1650405555820 951561.0000 -0.2023
-27.2494 45.8192 -47.2461 0.0000 1650405555874 951615.0000 -0.2028
-26.6759 46.1353 -48.6296 0.0000 1650405555926 951669.0000 -0.2028
-26.9362 44.3719 -50.3985 0.0000 1650405555980 951723.0000 -0.2028
-27.2699 46.2133 -48.3895 0.0000 1650405556034 951777.0000 -0.2028
-26.4075 46.2003 -48.1085 0.0000 1650405556088 951831.0000 -0.2028
-27.7243 43.8686 -48.9328 0.0000 1650405556142 951885.0000 -0.2028
-26.7682 45.8541 -48.5665 0.0000 1650405556197 951939.0000 -0.2023
-27.3593 45.9213 -48.3676 0.0000 1650405556251 951993.0000 -0.2023
-27.8486 44.9924 -48.3942 0.0000 1650405556305 952047.0000 -0.2023
-26.6997 43.1076 -48.1568 0.0000 1650405556359 952101.0000 -0.2023
-27.9346 44.1121 -49.2396 0.0000 1650405556413 952154.0000 -0.2028
-27.7562 45.2206 -48.5722 0.0000 1650405556467 952208.0000 -0.2033
-25.8380 44.6737 -46.9088 0.0000 1650405556519 952262.0000 -0.2028
-26.1231 44.3314 -48.6223 0.0000 1650405556574 952316.0000 -0.2028
-25.8882 44.9192 -45.8392 0.0000 1650405556628 952370.0000 -0.2028
-24.3903 43.7039 -47.7504 0.0000 1650405556682 952424.0000 -0.2028
-26.2161 44.7267 -48.3730 0.0000 1650405556736 952478.0000 -0.2023
-26.4838 44.4604 -49.1612 0.0000 1650405556790 952532.0000 -0.2023
-25.6136 44.7929 -48.1250 0.0000 1650405556844 952586.0000 -0.2023
-26.3484 43.1896 -48.6847 0.0000 1650405556898 952640.0000 -0.2023
-26.8786 45.9484 -47.6896 0.0000 1650405556952 952694.0000 -0.2023
-26.3396 45.5347 -49.5348 0.0000 1650405557007 952748.0000 -0.2028
-26.7487 44.1029 -47.1796 0.0000 1650405557061 952802.0000 -0.2023
-26.5911 46.1228 -48.5553 0.0000 1650405557115 952856.0000 -0.2023
-28.6552 45.5388 -49.4389 0.0000 1650405557167 952910.0000 -0.2028
-26.5602 44.2378 -48.1668 0.0000 1650405557221 952964.0000 -0.2028
-25.6732 45.9074 -47.1130 0.0000 1650405557275 953018.0000 -0.2023
-25.6800 46.1161 -49.2254 0.0000 1650405557329 953072.0000 -0.2028
-27.3741 41.5509 -48.5433 0.0000 1650405557384 953126.0000 -0.2028
-27.4211 45.4060 -47.5989 0.0000 1650405557438 953180.0000 -0.2028
-26.7287 45.5892 -47.3318 0.0000 1650405557492 953234.0000 -0.2028
-29.3705 42.8380 -48.5528 0.0000 1650405557546 953288.0000 -0.2028
-26.7620 45.0114 -48.1246 0.0000 1650405557600 953342.0000 -0.2023
-26.2013 44.3783 -45.4196 0.0000 1650405557654 953396.0000 -0.2023
-26.2143 44.9257 -46.1020 0.0000 1650405557709 953450.0000 -0.2028
-26.9806 46.1415 -46.5340 0.0000 1650405557761 953503.0000 -0.2028
-27.9926 43.2910 -48.2144 0.0000 1650405557815 953557.0000 -0.2023
-27.4251 45.0643 -47.0805 0.0000 1650405557869 953611.0000 -0.2023
-28.1337 43.8896 -47.8673 0.0000 1650405557923 953665.0000 -0.2023
-28.1248 45.2067 -46.3359 0.0000 1650405557977 953719.0000 -0.2023
-27.2547 44.9245 -48.9474 0.0000 1650405558031 953773.0000 -0.2023
-27.7724 44.2954 -47.0982 0.0000 1650405558086 953827.0000 -0.2023
-28.6512 46.1897 -47.4194 0.0000 1650405558140 953881.0000 -0.2023
-27.5518 43.1330 -47.0158 0.0000 1650405558194 953935.0000 -0.2023
-26.9542 43.3552 -47.6243 0.0000 1650405558248 953989.0000 -0.2023
-26.9366 44.8458 -48.1871 0.0000 1650405558302 954043.0000 -0.2023
-26.8083 44.5067 -48.9158 0.0000 1650405558356 954097.0000 -0.2018
-25.4941 44.0615 -48.7775 0.0000 1650405558408 954151.0000 -0.2018
-26.8713 45.0938 -47.7016 0.0000 1650405558462 954205.0000 -0.2018
-25.8505 45.2355 -48.3679 0.0000 1650405558517 954259.0000 -0.2018
-25.9888 44.6304 -47.1553 0.0000 1650405558571 954313.0000 -0.2023
-26.7615 43.0457 -47.3115 0.0000 1650405558625 954367.0000 -0.2028
-25.3114 45.0946 -46.9934 0.0000 1650405558679 954421.0000 -0.2023
-24.9614 45.5139 -47.8703 0.0000 1650405558733 954475.0000 -0.2028
-25.0844 46.5895 -46.8073 0.0000 1650405558787 954529.0000 -0.2028
-26.6953 45.7490 -48.1579 0.0000 1650405558841 954583.0000 -0.2023
-26.5954 45.0249 -47.6192 0.0000 1650405558895 954637.0000 -0.2023
-25.7397 45.5026 -47.0556 0.0000 1650405558950 954691.0000 -0.2023
-25.7348 44.8327 -48.0649 0.0000 1650405559002 954745.0000 -0.2023
-25.7270 43.4888 -47.4494 0.0000 1650405559056 954799.0000 -0.2023
-26.1254 44.1533 -49.5294 0.0000 1650405559110 954853.0000 -0.2028
-26.6992 44.5438 -47.7026 0.0000 1650405559164 954906.0000 -0.2028
-25.9729 45.3164 -45.8492 0.0000 1650405559218 954960.0000 -0.2023
-26.6469 44.8387 -48.7803 0.0000 1650405559272 955014.0000 -0.2023
-25.7448 42.8980 -47.5727 0.0000 1650405559327 955068.0000 -0.2028
-26.9597 46.4187 -48.0091 0.0000 1650405559381 955122.0000 -0.2028
-27.5452 45.8683 -48.4488 0.0000 1650405559435 955176.0000 -0.2023
-25.8945 45.9669 -48.0641 0.0000 1650405559489 955230.0000 -0.2023
-26.6623 46.7932 -47.4435 0.0000 1650405559543 955284.0000 -0.2023
-26.1907 45.9199 -46.5642 0.0000 1650405559597 955338.0000 -0.2028
-25.3714 45.5098 -47.3038 0.0000 1650405559650 955392.0000 -0.2028
-25.7161 45.8622 -46.7143 0.0000 1650405559703 955446.0000 -0.2028
-25.9259 46.3629 -46.1213 0.0000 1650405559758 955500.0000 -0.2023
-26.0052 45.8368 -46.9694 0.0000 1650405559812 955554.0000 -0.2028
-27.1499 46.2916 -49.4940 0.0000 1650405559866 955608.0000 -0.2023
-25.6979 45.8324 -49.1059 0.0000 1650405559920 955662.0000 -0.2023
-27.2661 46.0299 -48.4164 0.0000 1650405559974 955716.0000 -0.2018
-27.6255 45.9737 -48.8051 0.0000 1650405560029 955770.0000 -0.2023
-26.7625 45.8008 -48.8388 0.0000 1650405560083 955824.0000 -0.2018
-26.2975 44.7893 -47.1781 0.0000 1650405560137 955878.0000 -0.2018
-27.3912 46.4756 -47.9263 0.0000 1650405560191 955932.0000 -0.2023
-27.2941 45.9745 -47.9686 0.0000 1650405560243 955986.0000 -0.2023
-27.4412 46.7613 -47.8111 0.0000 1650405560297 956040.0000 -0.2018
-26.4309 44.6674 -47.8949 0.0000 1650405560351 956094.0000 -0.2023
-26.0157 43.3937 -49.5403 0.0000 1650405560405 956148.0000 -0.2023
-27.2861 43.3282 -50.4627 0.0000 1650405560460 956202.0000 -0.2018
-26.8682 44.1631 -49.0810 0.0000 1650405560514 956255.0000 -0.2018
-27.9864 44.1482 -48.8066 0.0000 1650405560568 956309.0000 -0.2018
-25.8570 45.4584 -49.5213 0.0000 1650405560622 956363.0000 -0.2018
-26.2086 41.1827 -49.9076 0.0000 1650405560676 956417.0000 -0.2018
-26.2516 43.3894 -49.8555 0.0000 1650405560730 956471.0000 -0.2023
-25.3569 43.3399 -46.8896 0.0000 1650405560784 956525.0000 -0.2023
-25.6314 44.9356 -48.9773 0.0000 1650405560838 956579.0000 -0.2018
-27.9140 44.7852 -48.4179 0.0000 1650405560891 956633.0000 -0.2028
-26.8212 43.8473 -50.1279 0.0000 1650405560945 956687.0000 -0.2023
-26.4919 44.8355 -47.6842 0.0000 1650405560999 956741.0000 -0.2018
-25.1909 43.4217 -48.5663 0.0000 1650405561053 956795.0000 -0.2018
-25.0125 46.6491 -48.1949 0.0000 1650405561107 956849.0000 -0.2018
-27.6762 44.2316 -49.1495 0.0000 1650405561161 956903.0000 -0.2023
-26.8039 45.0378 -49.4637 0.0000 1650405561215 956957.0000 -0.2023
-26.5356 44.6648 -48.7882 0.0000 1650405561270 957011.0000 -0.2023
-27.2192 46.0872 -48.9052 0.0000 1650405561324 957065.0000 -0.2023
-26.6661 44.8230 -48.2667 0.0000 1650405561378 957119.0000 -0.2013
-25.8674 44.6273 -48.4495 0.0000 1650405561432 957173.0000 -0.2018
-25.6566 44.3819 -49.4881 0.0000 1650405561484 957227.0000 -0.2023
-27.9170 44.9348 -48.2628 0.0000 1650405561538 957281.0000 -0.2013
-26.7227 45.9303 -49.1145 0.0000 1650405561593 957335.0000 -0.2013
-27.4041 44.0658 -48.2031 0.0000 1650405561647 957389.0000 -0.2013
-27.5572 46.1777 -47.3564 0.0000 1650405561701 957443.0000 -0.2018
-27.3668 43.2670 -47.6492 0.0000 1650405561755 957497.0000 -0.2018
-27.5026 45.2329 -46.9653 0.0000 1650405561809 957551.0000 -0.2018
-29.6806 44.9691 -48.3462 0.0000 1650405561863 957604.0000 -0.2018
-28.2760 43.6036 -46.7457 0.0000 1650405561917 957658.0000 -0.2013
-26.9879 44.9515 -46.9268 0.0000 1650405561972 957712.0000 -0.2018
-26.4976 43.4123 -46.3034 0.0000 1650405562026 957766.0000 -0.2018
-27.5436 47.1003 -47.0652 0.0000 1650405562078 957820.0000 -0.2013
-27.1970 45.0522 -47.5000 0.0000 1650405562132 957874.0000 -0.2013
-29.2534 45.0587 -49.2708 0.0000 1650405562186 957928.0000 -0.2013
-27.6068 44.1945 -48.3148 0.0000 1650405562240 957982.0000 -0.2013
-26.3165 44.4857 -46.4404 0.0000 1650405562294 958036.0000 -0.2018
-25.9001 44.0078 -47.3330 0.0000 1650405562348 958090.0000 -0.2018
-26.8584 43.6425 -47.8473 0.0000 1650405562403 958144.0000 -0.2018
-26.7787 44.7977 -49.2903 0.0000 1650405562457 958198.0000 -0.2013
-27.5111 45.0951 -47.5403 0.0000 1650405562511 958252.0000 -0.2023
-25.9810 44.0751 -47.3078 0.0000 1650405562565 958306.0000 -0.2018
-26.8875 44.7338 -46.7278 0.0000 1650405562619 958360.0000 -0.2013
-26.9337 46.3925 -48.5869 0.0000 1650405562673 958414.0000 -0.2013
-26.2038 45.4098 -48.4801 0.0000 1650405562725 958468.0000 -0.2013
-25.3163 43.7128 -46.9839 0.0000 1650405562779 958522.0000 -0.2013
-25.6347 44.4522 -47.9999 0.0000 1650405562834 958576.0000 -0.2013
-26.4755 43.0999 -47.8275 0.0000 1650405562888 958630.0000 -0.2018
-26.0893 44.7892 -47.2774 0.0000 1650405562942 958684.0000 -0.2018
-25.7768 43.9979 -46.5084 0.0000 1650405562996 958738.0000 -0.2013
-25.9937 43.1236 -47.0407 0.0000 1650405563050 958792.0000 -0.2018
-27.4486 45.1288 -48.9945 0.0000 1650405563104 958846.0000 -0.2013
-26.7466 46.9357 -47.2850 0.0000 1650405563158 958900.0000 -0.2013
-27.8146 44.5026 -47.4204 0.0000 1650405563213 958953.0000 -0.2013
-27.2617 45.3661 -47.1069 0.0000 1650405563267 959007.0000 -0.2013
-27.3370 45.9667 -46.9360 0.0000 1650405563319 959061.0000 -0.2013
-28.2991 43.3644 -47.2709 0.0000 1650405563373 959115.0000 -0.2018
-27.8334 43.0423 -48.4412 0.0000 1650405563427 959169.0000 -0.2018
-26.7750 44.8119 -49.9860 0.0000 1650405563481 959223.0000 -0.2018
-26.5801 45.4691 -47.3504 0.0000 1650405563536 959277.0000 -0.2013
-27.2011 45.3049 -48.5340 0.0000 1650405563590 959331.0000 -0.2018
-27.1720 46.7958 -47.1960 0.0000 1650405563644 959385.0000 -0.2018
-27.3658 46.1482 -47.0992 0.0000 1650405563698 959439.0000 -0.2013
-25.0157 48.1842 -47.4870 0.0000 1650405563752 959493.0000 -0.2013
-26.7602 45.2495 -48.0312 0.0000 1650405563806 959547.0000 -0.2013
-27.6533 44.8550 -46.8903 0.0000 1650405563860 959601.0000 -0.2013
-27.1064 45.2616 -48.7733 0.0000 1650405563915 959655.0000 -0.2018
-25.9348 46.4780 -47.5575 0.0000 1650405563967 959709.0000 -0.2018
-26.6991 46.5767 -46.6855 0.0000 1650405564021 959763.0000 -0.2018
-27.8250 44.7523 -47.4464 0.0000 1650405564075 959817.0000 -0.2013
-26.8186 45.2604 -50.1128 0.0000 1650405564129 959871.0000 -0.2018
-26.3457 45.6858 -47.7880 0.0000 1650405564183 959925.0000 -0.2018
-28.2359 45.8730 -49.2137 0.0000 1650405564237 959979.0000 -0.2013
-26.9874 46.3342 -49.1110 0.0000 1650405564291 960033.0000 -0.2018
-27.4442 43.7959 -49.1080 0.0000 1650405564346 960087.0000 -0.2018
-27.2515 44.8126 -48.6189 0.0000 1650405564400 960141.0000 -0.2018
-28.4169 44.4517 -48.6025 0.0000 1650405564454 960195.0000 -0.2018
-26.9266 43.8899 -47.4106 0.0000 1650405564508 960249.0000 -0.2023
-26.7211 44.8787 -50.2141 0.0000 1650405564560 960302.0000 -0.2018
-26.0460 44.0232 -49.6548 0.0000 1650405564614 960356.0000 -0.2018
-25.6413 43.8150 -48.8419 0.0000 1650405564668 960410.0000 -0.2023
-26.8587 43.9355 -49.0174 0.0000 1650405564722 960464.0000 -0.2023
-25.8393 44.5586 -48.0052 0.0000 1650405564777 960518.0000 -0.2018
-24.9014 43.5480 -48.8601 0.0000 1650405564831 960572.0000 -0.2018
-26.4917 43.6580 -49.0282 0.0000 1650405564885 960626.0000 -0.2018
-26.2143 43.0753 -48.0863 0.0000 1650405564939 960680.0000 -0.2018
-26.7401 41.8355 -48.2743 0.0000 1650405564993 960734.0000 -0.2023
