15.8793 -73.1360 -49.2815 27.0375 1690737180050 504.0000 -0.0321
16.3933 -73.0467 -49.9921 26.2943 1690737180082 536.5000 -0.0206
16.7025 -72.9505 -49.7955 23.8902 1690737180116 569.2500 -0.0177
16.6900 -72.0355 -50.7127 43.2571 1690737180148 602.0000 -0.0177
16.8163 -71.7070 -50.6994 43.6904 1690737180181 634.7500 -0.0079
16.7809 -71.5962 -50.3919 45.2776 1690737180214 668.5000 -0.0031
16.6372 -71.6704 -49.9158 50.3360 1690737180247 700.0000 0.0018
16.3547 -71.7480 -49.3758 41.6589 1690737180279 732.7500 0.0045
15.9113 -71.9701 -49.0410 42.5940 1690737180312 47.5000 0.0126
15.4852 -72.4780 -48.6419 38.4782 1690737180345 80.0000 0.0228
15.2278 -73.2404 -49.0163 34.5236 1690737180377 113.0000 0.0228
15.3101 -73.4878 -49.7415 33.3358 1690737180409 145.5000 0.0336
15.3111 -73.3957 -50.2817 29.5482 1690737180443 178.0000 0.0369
15.5049 -73.3079 -49.8454 31.7361 1690737180475 211.0000 0.0380
15.5892 -73.1301 -49.2248 31.9278 1690737180507 244.7500 0.0393
14.9868 -73.6585 -48.9258 42.6445 1690737180541 276.0000 0.0437
14.7538 -73.5155 -49.6157 30.8147 1690737180574 309.0000 0.0448
14.7866 -73.1402 -50.2535 34.3816 1690737180606 341.0000 0.0448
14.9708 -73.0588 -50.2234 31.0980 1690737180639 374.2500 0.0422
14.6943 -72.9293 -50.1363 30.7607 1690737180672 407.0000 0.0414
14.7164 -72.8478 -49.9178 28.9788 1690737180704 439.7500 0.0311
14.5268 -72.8557 -49.7687 33.0473 1690737180736 472.5000 0.0194
14.4794 -72.7511 -49.6027 25.4046 1690737180770 505.0000 0.0111
14.1853 -72.8861 -49.7268 20.2502 1690737180802 537.7500 0.0111
15.2181 -72.6808 -49.1318 26.0954 1690737180834 570.2500 -0.0099
15.7923 -72.4766 -49.6894 36.1372 1690737180867 603.0000 -0.0275
16.1842 -71.9898 -50.1649 53.3360 1690737180900 636.0000 -0.0333
16.4996 -71.6823 -49.5971 38.9715 1690737180932 668.5000 -0.0385
16.5298 -71.8541 -49.0829 36.0715 1690737180966 701.0000 -0.0538
16.2871 -72.0629 -48.5022 43.6089 1690737180999 733.7500 -0.0586
16.1271 -72.1875 -47.7504 45.6167 1690737181031 579.5000 -0.0729
16.2466 -72.4730 -47.2985 38.3437 1690737181063 52.0000 -0.0919
16.1333 -73.0904 -47.0938 27.2194 1690737181097 85.0000 -0.0919
16.0291 -73.7507 -47.4593 24.9376 1690737181129 117.5000 -0.1005
15.7923 -73.4352 -48.7110 22.6958 1690737181161 150.2500 -0.1186
15.8037 -73.2417 -48.9276 34.2265 1690737181195 183.0000 -0.1281
16.4583 -73.3558 -48.5158 29.5883 1690737181227 215.5000 -0.1281
17.5701 -73.8677 -47.1186 38.0394 1690737181259 248.2500 -0.1418
17.4307 -74.4530 -47.0399 35.7299 1690737181292 281.0000 -0.1579
17.1588 -74.4350 -48.0949 28.4084 1690737181325 313.7500 -0.1579
17.4298 -74.2842 -48.6432 36.5226 1690737181358 346.5000 -0.1678
17.4966 -74.0890 -48.7931 41.2512 1690737181390 378.7500 -0.1769
17.6504 -73.9718 -48.8357 37.6126 1690737181424 411.7500 -0.1828
17.6873 -73.6770 -48.9315 31.8345 1690737181456 444.5000 -0.1828
17.7248 -73.5473 -48.9322 37.4521 1690737181488 477.0000 -0.1955
17.7171 -73.2174 -48.6246 29.2589 1690737181522 510.0000 -0.2017
18.9636 -73.1909 -48.7343 36.3816 1690737181554 542.5000 -0.2038
19.1034 -72.4314 -48.4455 29.6870 1690737181590 575.0000 -0.2074
18.6835 -71.6667 -49.4865 36.5957 1690737181621 608.0000 -0.2087
18.1530 -71.0319 -49.7024 38.0822 1690737181654 640.5000 -0.2106
17.8607 -70.9114 -49.1725 36.7483 1690737181686 673.2500 -0.2131
17.6385 -71.4523 -48.4920 35.9090 1690737181719 706.0000 -0.2145
17.3421 -71.7899 -47.6581 36.5268 1690737181752 738.5000 -0.2145
16.9730 -72.1112 -47.1471 28.8918 1690737181783 399.2500 -0.2164
16.6668 -72.5578 -46.8295 29.4044 1690737181815 59.5000 -0.2175
16.5442 -73.3051 -47.0104 23.8770 1690737181849 92.2500 -0.2179
16.8249 -74.0909 -47.3794 31.5088 1690737181881 125.5000 -0.2179
17.0345 -74.0539 -47.9253 33.5044 1690737181913 158.0000 -0.2155
17.7358 -73.9365 -47.8375 34.0597 1690737181946 190.7500 -0.2133
18.1666 -73.6710 -47.5443 38.3439 1690737181979 223.5000 -0.2126
18.2460 -74.0517 -47.2277 41.0587 1690737182011 256.0000 -0.2094
17.9403 -73.9604 -47.8357 36.4602 1690737182044 289.0000 -0.2062
18.0549 -73.8207 -48.1846 25.2021 1690737182077 321.5000 -0.2044
18.2537 -73.8339 -48.3809 32.1465 1690737182110 353.7500 -0.1989
18.3706 -73.8266 -48.4930 27.5005 1690737182142 388.5000 -0.1911
18.5811 -73.5898 -48.5521 31.3848 1690737182176 419.5000 -0.1911
18.5773 -73.4056 -48.6838 22.9058 1690737182208 451.5000 -0.1864
18.6631 -73.2114 -48.3041 30.8169 1690737182240 485.0000 -0.1803
19.3750 -73.4667 -48.6749 30.5435 1690737182273 517.5000 -0.1759
19.7088 -72.9392 -48.2080 23.4257 1690737182306 550.2500 -0.1759
19.1496 -72.2498 -49.5357 25.6145 1690737182338 583.0000 -0.1740
18.4202 -71.3553 -49.8931 46.9440 1690737182371 615.5000 -0.1695
18.0265 -70.9529 -49.4908 45.9308 1690737182404 648.2500 -0.1686
17.7975 -71.2053 -48.6928 47.3071 1690737182436 681.0000 -0.1675
17.3554 -71.6504 -48.1869 40.1840 1690737182469 713.7500 -0.1642
16.8949 -71.7764 -47.7055 27.6232 1690737182503 387.0000 -0.1618
16.4024 -72.1710 -47.2750 26.3950 1690737182535 60.0000 -0.1596
16.1593 -72.8780 -47.1789 25.2493 1690737182567 92.7500 -0.1574
16.1258 -73.6788 -47.5514 30.3896 1690737182600 125.5000 -0.1564
16.4642 -73.8463 -48.3850 32.4253 1690737182633 157.5000 -0.1554
17.0380 -73.7853 -48.5518 29.8350 1690737182668 191.0000 -0.1540
17.4557 -73.5960 -48.0022 31.9724 1690737182699 223.5000 -0.1535
17.3677 -73.9428 -47.3748 32.2207 1690737182731 256.0000 -0.1520
16.8881 -73.9000 -48.0911 34.7065 1690737182763 289.0000 -0.1505
16.9163 -73.7166 -48.5170 38.3034 1690737182795 321.5000 -0.1498
17.0831 -73.7842 -48.6144 25.3125 1690737182829 354.2500 -0.1476
17.1206 -73.8587 -48.7163 27.6021 1690737182861 387.0000 -0.1437
17.4714 -73.8975 -48.7737 21.1323 1690737182894 419.5000 -0.1437
17.5562 -73.6559 -48.6854 29.3919 1690737182928 451.5000 -0.1427
17.5070 -73.2568 -48.4217 21.8583 1690737182960 484.7500 -0.1364
17.4826 -73.4802 -48.5442 28.5395 1690737182992 517.7500 -0.1330
18.6675 -72.6918 -48.5490 27.1404 1690737183025 550.0000 -0.1330
18.2518 -72.3783 -49.4899 23.3349 1690737183058 583.0000 -0.1234
18.0256 -71.5721 -50.1902 39.5721 1690737183090 615.7500 -0.1066
17.7507 -71.2586 -50.1594 40.8570 1690737183122 648.5000 -0.1066
17.6036 -71.3923 -49.5905 46.4836 1690737183156 681.0000 -0.0967
17.2348 -71.6073 -49.0422 32.5478 1690737183188 714.0000 -0.0868
16.8004 -71.8086 -48.6742 39.7795 1690737183220 387.5000 -0.0802
16.3863 -72.3093 -48.0857 37.3180 1690737183254 61.0000 -0.0802
15.8152 -72.9360 -48.2798 32.6773 1690737183287 94.0000 -0.0670
15.8112 -73.4242 -48.5868 32.1205 1690737183319 126.5000 -0.0564
15.8994 -73.7914 -49.2112 26.6625 1690737183352 159.0000 -0.0529
16.4438 -73.7368 -49.4214 37.0411 1690737183385 192.0000 -0.0497
16.6250 -73.4958 -49.1631 34.9767 1690737183417 224.5000 -0.0402
16.6482 -73.9066 -48.3061 32.7842 1690737183449 258.2500 -0.0255
15.6996 -73.9742 -48.8527 41.1268 1690737183483 290.0000 -0.0255
15.7547 -73.6398 -49.4957 26.7595 1690737183515 322.5000 -0.0178
15.9896 -73.7091 -49.8452 31.5395 1690737183547 355.2500 -0.0104
16.0286 -73.7807 -49.6277 35.1284 1690737183581 388.0000 -0.0055
15.9329 -73.8312 -49.6197 27.9872 1690737183613 420.7500 -0.0032
16.0237 -73.6875 -49.4782 21.8289 1690737183645 453.5000 0.0038
15.9748 -73.5425 -49.2322 38.4188 1690737183679 486.0000 0.0038
15.4384 -73.4982 -49.2264 36.5821 1690737183713 518.7500 0.0101
15.9710 -73.0843 -49.6371 31.5388 1690737183744 551.0000 0.0142
16.2258 -73.3217 -49.6123 34.2171 1690737183777 584.0000 0.0155
16.5004 -72.7460 -50.8325 32.3925 1690737183810 616.7500 0.0165
16.8205 -72.2468 -50.8187 44.5535 1690737183842 649.2500 0.0194
16.8425 -72.1483 -50.5335 42.4861 1690737183874 682.0000 0.0248
16.5874 -72.2005 -50.1098 43.5950 1690737183908 715.0000 0.0248
16.3134 -72.2183 -49.5791 39.5768 1690737183940 565.7500 0.0270
16.0019 -72.4007 -49.2601 42.7831 1690737183972 53.2500 0.0295
15.6686 -72.8182 -48.9442 38.0455 1690737184006 86.0000 0.0306
15.5198 -73.1427 -48.9708 35.7484 1690737184038 118.5000 0.0306
15.2638 -73.3371 -49.8766 34.8642 1690737184071 151.2500 0.0274
15.0136 -73.0202 -50.0763 30.7800 1690737184104 184.0000 0.0192
15.1116 -73.0178 -49.4735 38.6186 1690737184137 216.7500 0.0121
15.5561 -73.2364 -48.6266 31.8789 1690737184169 249.5000 0.0076
15.1629 -73.7962 -48.0954 35.3962 1690737184201 282.0000 -0.0060
14.9922 -73.8418 -48.8154 28.1028 1690737184235 314.5000 -0.0245
15.3799 -73.7299 -49.2903 39.3701 1690737184267 347.2500 -0.0245
15.4629 -73.6582 -49.4129 29.7844 1690737184299 380.0000 -0.0465
15.5520 -73.4979 -49.1681 30.6508 1690737184332 413.0000 -0.0465
15.3817 -73.3645 -48.9617 30.8410 1690737184365 445.5000 -0.0645
15.2887 -73.4735 -48.8413 26.7579 1690737184397 478.0000 -0.0812
15.4054 -73.4417 -48.8490 24.4314 1690737184431 511.0000 -0.0919
15.2935 -73.3859 -48.8998 33.3279 1690737184464 543.5000 -0.0968
16.7681 -73.1742 -48.3446 25.4409 1690737184496 576.0000 -0.1115
16.9055 -72.6984 -49.0366 28.8742 1690737184528 608.7500 -0.1156
16.8995 -71.9761 -49.7488 39.0709 1690737184562 641.2500 -0.1281
17.1176 -71.5417 -49.4590 44.1949 1690737184594 674.2500 -0.1452
17.1175 -71.7864 -48.6752 44.1544 1690737184626 706.7500 -0.1452
16.7241 -72.0487 -48.1801 45.3388 1690737184660 739.5000 -0.1490
16.4782 -72.3051 -47.5883 36.1104 1690737184692 584.0000 -0.1641
16.4787 -72.5559 -47.1321 47.0036 1690737184724 51.0000 -0.1755
16.3498 -73.4646 -47.0286 32.1904 1690737184757 83.7500 -0.1755
16.4726 -74.1986 -47.4092 28.0641 1690737184790 116.5000 -0.1896
16.4937 -74.3149 -48.2672 31.1707 1690737184822 149.0000 -0.1999
16.7441 -74.0258 -48.4837 32.3735 1690737184855 181.7500 -0.2033
17.5353 -74.0693 -48.1447 34.1049 1690737184889 214.5000 -0.2051
18.3914 -74.0413 -47.2549 36.1934 1690737184921 247.0000 -0.2106
18.2098 -74.5856 -47.3531 28.2999 1690737184953 280.0000 -0.2175
18.1786 -74.6247 -48.1204 31.1295 1690737184987 312.5000 -0.2175
18.2004 -74.4470 -48.6749 31.2457 1690737185019 345.0000 -0.2219
18.3983 -74.3031 -48.9452 37.5786 1690737185051 379.2500 -0.2231
18.5665 -74.1306 -49.0635 40.1671 1690737185084 410.2500 -0.2243
18.6856 -73.7509 -48.9632 29.2310 1690737185117 443.2500 -0.2245
18.8097 -73.6576 -49.0405 38.2577 1690737185149 476.0000 -0.2253
18.8935 -73.6107 -48.4464 27.6020 1690737185182 508.5000 -0.2250
20.2942 -73.3908 -48.7942 31.5028 1690737185216 541.2500 -0.2214
19.8884 -72.6848 -48.6300 33.9146 1690737185248 574.0000 -0.2214
19.0457 -71.7291 -49.5960 44.4635 1690737185280 606.7500 -0.2214
18.7125 -71.4265 -49.8840 44.4635 1690737185297 623.0000 -0.2211
