32.2407 -71.0434 -55.3294 29.0543 1690744322376 326.2500 -0.2238
32.0279 -71.5834 -55.3818 28.2797 1690744322409 357.0000 -0.2205
32.3132 -71.5557 -55.2579 30.2695 1690744322441 390.0000 -0.2181
32.4542 -71.3408 -55.3658 26.6952 1690744322475 422.7500 -0.2140
32.2919 -71.0760 -55.3268 26.5316 1690744322508 455.2500 -0.2111
31.9970 -71.3576 -55.3856 28.6369 1690744322540 488.2500 -0.2101
31.9617 -71.6714 -55.6014 17.3465 1690744322572 520.7500 -0.2088
32.1757 -71.7977 -55.8294 24.8490 1690744322606 553.2500 -0.2048
31.9794 -71.1372 -56.6636 19.9387 1690744322638 586.2500 -0.2009
31.4145 -70.1964 -57.0867 25.0260 1690744322670 618.5000 -0.2009
30.9761 -70.4990 -56.8490 20.2937 1690744322703 494.0000 -0.1991
31.4008 -71.5816 -55.8948 38.9431 1690744322736 56.2500 -0.1960
32.8626 -71.0254 -55.7912 37.0299 1690744322768 88.5000 -0.1945
32.6024 -70.6572 -56.0190 35.1262 1690744322801 121.5000 -0.1945
33.0636 -71.2148 -55.6349 29.2706 1690744322834 154.2500 -0.1906
34.0225 -71.6500 -55.0349 36.4432 1690744322867 187.0000 -0.1891
33.3742 -71.2789 -54.6332 19.9151 1690744322899 219.7500 -0.1877
33.4805 -71.5794 -54.7787 25.1800 1690744322933 252.2500 -0.1877
33.0201 -70.6553 -54.8949 27.3580 1690744322965 285.0000 -0.1838
32.1516 -71.1503 -55.1013 24.2428 1690744322997 317.5000 -0.1816
31.8383 -71.4672 -55.1428 26.8905 1690744323031 350.2500 -0.1808
32.0757 -71.6438 -55.1215 29.5413 1690744323063 383.2500 -0.1764
32.0192 -71.3675 -55.1765 24.4132 1690744323095 415.7500 -0.1764
32.0020 -71.3149 -55.2782 20.4260 1690744323128 448.2500 -0.1757
31.3734 -71.4991 -55.3816 21.1031 1690744323161 481.2500 -0.1735
31.3550 -71.9908 -55.5310 16.7348 1690744323193 513.5000 -0.1681
31.2614 -71.9173 -55.6381 23.9271 1690744323226 546.2500 -0.1593
31.6126 -71.5932 -56.4016 14.3363 1690744323260 579.2500 -0.1564
30.9813 -70.7717 -57.1131 29.3055 1690744323292 611.7500 -0.1529
30.5537 -70.1245 -57.1552 22.7633 1690744323324 335.5000 -0.1422
31.1953 -71.1500 -56.2062 35.8380 1690744323361 59.2500 -0.1271
32.2929 -71.2974 -56.0197 52.9349 1690744323391 92.0000 -0.1271
31.9886 -70.8959 -56.3067 26.6042 1690744323424 124.5000 -0.1154
32.0754 -71.3986 -56.0453 35.0434 1690744323457 157.2500 -0.1115
33.3157 -71.8158 -55.6500 36.0346 1690744323490 189.7500 -0.0954
32.7516 -71.4059 -55.1537 16.9507 1690744323520 222.2500 -0.0954
32.7423 -72.0323 -55.3166 28.9897 1690744323553 255.2500 -0.0833
32.3155 -71.2547 -55.4867 29.2694 1690744323586 289.2500 -0.0668
31.6563 -71.4028 -55.8108 38.7787 1690744323619 320.7500 -0.0626
31.4587 -72.0380 -55.7363 33.2678 1690744323650 353.2500 -0.0626
31.4305 -72.3873 -55.7330 25.6777 1690744323685 386.2500 -0.0505
31.4585 -72.4486 -55.7349 21.7217 1690744323717 418.7500 -0.0333
31.4050 -72.2637 -55.8635 20.7911 1690744323749 451.2500 -0.0333
31.0039 -72.5878 -55.7030 21.5933 1690744323782 484.2500 -0.0245
30.8988 -72.7815 -55.6873 21.7990 1690744323815 516.7500 -0.0216
31.0558 -72.7667 -55.8736 29.0642 1690744323847 549.5000 -0.0216
31.0302 -72.8315 -56.2877 10.9670 1690744323880 582.2500 -0.0132
30.3056 -71.6745 -57.0509 24.4315 1690744323913 615.0000 -0.0034
30.0618 -70.6701 -57.4593 24.1489 1690744323945 192.2500 -0.0011
29.3770 -71.8718 -57.1610 27.4620 1690744323978 73.2500 0.0072
29.1402 -74.2122 -56.3538 22.2508 1690744324012 107.2500 0.0072
30.2264 -73.8186 -55.5513 24.1476 1690744324043 138.5000 0.0118
31.0555 -73.3085 -55.7406 54.4335 1690744324076 171.2500 0.0176
31.8855 -73.7923 -55.4803 33.6766 1690744324109 204.0000 0.0209
32.1959 -73.9938 -55.2243 19.4986 1690744324142 236.7500 0.0238
31.8356 -74.2942 -55.0183 27.5781 1690744324174 269.2500 0.0284
31.6027 -73.6548 -55.3707 19.6303 1690744324207 302.2500 0.0336
30.7959 -72.7792 -56.0479 19.9741 1690744324240 334.7500 0.0336
29.6003 -72.2117 -56.5391 32.7057 1690744324272 367.2500 0.0344
29.0129 -71.3581 -56.8589 29.9019 1690744324304 400.0000 0.0355
29.1230 -71.6558 -56.6234 31.3227 1690744324338 432.5000 0.0311
29.7254 -72.0964 -56.0658 42.0038 1690744324370 465.5000 0.0311
29.3820 -71.8605 -55.9412 26.3363 1690744324403 498.0000 0.0205
29.1317 -71.8292 -56.4404 25.4338 1690744324437 530.7500 0.0087
29.1024 -71.9430 -56.3656 32.5820 1690744324469 563.5000 0.0004
29.0318 -71.7733 -56.4972 29.4927 1690744324504 596.2500 -0.0161
29.1539 -71.7307 -56.4388 28.7746 1690744324534 628.5000 -0.0243
29.2752 -71.7368 -56.4520 30.9846 1690744324567 661.7500 -0.0397
29.1761 -71.7326 -56.5756 30.1758 1690744324599 694.2500 -0.0447
29.1285 -71.5577 -56.4542 33.0703 1690744324631 727.0000 -0.0597
29.0541 -71.8015 -56.3809 28.0724 1690744324665 759.7500 -0.0597
29.3867 -71.9435 -56.3217 27.2292 1690744324697 792.2500 -0.0736
30.1624 -72.5650 -55.1014 27.7033 1690744324729 825.0000 -0.0871
31.4335 -72.2275 -55.2216 26.4000 1690744324763 857.7500 -0.0958
31.2019 -71.9676 -55.6171 27.9234 1690744324796 890.0000 -0.0958
31.2448 -71.8163 -55.6121 30.3162 1690744324828 923.0000 -0.1083
30.8102 -71.1889 -56.0794 41.7520 1690744324861 955.7500 -0.1198
30.3234 -71.8907 -56.1111 35.5543 1690744324894 988.2500 -0.1313
30.1109 -72.6535 -55.8062 38.0059 1690744324926 1021.2500 -0.1403
29.7829 -72.7456 -55.5693 27.6514 1690744324958 1053.7500 -0.1403
29.8476 -72.3536 -55.7996 31.6454 1690744324992 1086.5000 -0.1476
29.9661 -72.3644 -55.5601 32.6856 1690744325024 1119.2500 -0.1549
30.0908 -72.5906 -55.2688 30.4613 1690744325056 1152.0000 -0.1659
30.3486 -73.1199 -55.0787 33.9790 1690744325090 1184.5000 -0.1791
30.9473 -73.1897 -55.1279 24.8699 1690744325122 1217.0000 -0.1823
30.8325 -72.3439 -55.7782 23.9547 1690744325154 1250.0000 -0.1935
30.3986 -71.2248 -56.5361 19.9510 1690744325188 348.5000 -0.1935
30.0735 -70.9760 -56.4298 22.8535 1690744325221 70.2500 -0.2038
31.5155 -71.7301 -55.8997 48.4735 1690744325253 103.0000 -0.2038
32.5790 -71.0761 -55.7211 55.6066 1690744325286 135.2500 -0.2072
31.9404 -71.0855 -55.8059 38.9483 1690744325319 168.2500 -0.2120
32.3366 -71.6586 -55.6086 31.8567 1690744325351 201.2500 -0.2160
33.5012 -71.9483 -55.2616 38.7155 1690744325383 233.7500 -0.2160
33.0611 -71.0069 -54.8585 23.1701 1690744325417 266.2500 -0.2200
33.2627 -71.8406 -54.9137 22.0701 1690744325449 299.2500 -0.2247
32.6740 -70.7863 -55.0825 25.8246 1690744325481 331.7500 -0.2258
31.7961 -71.0469 -55.4555 27.3140 1690744325514 364.5000 -0.2258
31.7219 -71.4188 -55.3596 35.2381 1690744325547 397.2500 -0.2282
31.8069 -71.8040 -55.3130 28.9978 1690744325580 429.7500 -0.2282
31.9515 -71.5726 -55.4251 23.3500 1690744325613 461.7500 -0.2282
31.6579 -71.5335 -55.4188 25.3254 1690744325646 495.2500 -0.2282
31.5972 -71.4268 -55.4000 24.3576 1690744325678 528.0000 -0.2282
31.4538 -71.8677 -55.3593 23.0354 1690744325710 560.5000 -0.2280
31.3572 -71.9675 -55.4061 22.0359 1690744325744 593.2500 -0.2274
31.8075 -71.6428 -56.3948 19.3614 1690744325776 626.0000 -0.2263
31.2133 -70.8134 -56.8858 19.9350 1690744325808 658.7500 -0.2263
30.7422 -70.1761 -56.9956 20.2215 1690744325841 523.2500 -0.2256
30.8702 -71.5539 -56.0366 22.2119 1690744325874 52.0000 -0.2238
32.5338 -71.4038 -55.7932 46.6247 1690744325906 86.2500 -0.2190
32.5555 -70.8327 -55.7216 31.3233 1690744325939 117.0000 -0.2158
32.7492 -71.1035 -55.7210 38.0535 1690744325973 150.2500 -0.2106
33.5355 -71.5229 -55.0934 35.8282 1690744326005 182.0000 -0.2038
33.5927 -71.2652 -54.8502 22.5148 1690744326037 215.0000 -0.2022
33.3731 -71.6388 -55.4004 24.4045 1690744326071 248.2500 -0.1974
33.2835 -70.7169 -55.2613 21.8853 1690744326103 280.7500 -0.1974
31.9774 -70.9130 -55.3852 24.6220 1690744326135 313.5000 -0.1943
31.6925 -71.4226 -55.2288 32.8287 1690744326169 346.2500 -0.1899
31.7728 -71.7575 -55.0822 26.4067 1690744326201 379.0000 -0.1862
31.8572 -71.6538 -55.2463 20.9370 1690744326233 411.5000 -0.1828
31.7188 -71.3296 -55.3170 21.3570 1690744326266 444.2500 -0.1828
31.4753 -71.3048 -55.3525 30.1526 1690744326299 477.0000 -0.1816
31.2039 -71.6935 -55.3701 19.0436 1690744326331 509.7500 -0.1797
31.3995 -71.8209 -55.5807 29.0599 1690744326364 542.2500 -0.1779
31.5407 -71.4744 -56.1678 19.5409 1690744326398 574.7500 -0.1779
31.1134 -71.2502 -56.9700 18.5144 1690744326430 607.2500 -0.1774
30.5821 -70.3316 -57.1799 19.2662 1690744326462 640.2500 -0.1769
30.2600 -71.4150 -56.1901 19.4255 1690744326496 48.2500 -0.1766
31.8141 -71.6601 -55.7684 44.8843 1690744326528 80.7500 -0.1755
31.8535 -71.0012 -55.6988 34.6387 1690744326560 113.2500 -0.1745
31.8547 -71.4875 -55.8791 29.5980 1690744326593 146.2500 -0.1745
32.7734 -72.0407 -55.1753 19.8121 1690744326626 178.7500 -0.1712
33.5739 -71.6687 -54.9957 35.5019 1690744326658 211.5000 -0.1701
33.0269 -71.7135 -55.2897 31.8083 1690744326691 244.2500 -0.1606
32.9769 -71.4525 -54.9750 21.2015 1690744326725 276.5000 -0.1422
31.9517 -71.1765 -55.5156 27.4678 1690744326757 309.5000 -0.1381
31.4752 -71.5358 -55.4429 42.0432 1690744326789 341.5000 -0.1256
31.4934 -72.1390 -55.3265 31.2137 1690744326823 375.0000 -0.1256
31.5157 -72.3581 -55.3725 17.1240 1690744326855 407.5000 -0.1125
31.4841 -71.8859 -55.4903 15.8361 1690744326887 440.2500 -0.1000
31.1081 -71.9988 -55.5297 29.9387 1690744326920 473.0000 -0.0919
30.9519 -72.1568 -55.6006 33.1506 1690744326953 505.7500 -0.0880
30.7071 -72.5904 -55.7135 28.6751 1690744326985 538.2500 -0.0763
31.2005 -72.5140 -56.1558 17.8045 1690744327018 571.0000 -0.0650
30.4200 -71.8013 -56.7983 23.9170 1690744327051 603.7500 -0.0612
30.1426 -70.6301 -57.3011 24.7042 1690744327083 482.0000 -0.0581
29.6108 -70.8992 -56.7057 25.0572 1690744327115 52.2500 -0.0490
30.7898 -71.8044 -56.0835 42.5204 1690744327150 84.7500 -0.0358
30.8815 -71.4263 -55.9101 30.7869 1690744327182 117.2500 -0.0358
30.4262 -71.7545 -56.2899 24.2169 1690744327214 150.0000 -0.0326
31.0819 -72.3411 -55.6938 20.9906 1690744327247 182.5000 -0.0206
32.2293 -72.2334 -55.5321 36.4003 1690744327280 215.5000 -0.0133
31.3923 -72.0696 -55.6099 40.7404 1690744327312 248.2500 -0.0089
31.8141 -72.3654 -55.4828 21.6779 1690744327345 281.0000 -0.0045
31.5468 -72.0035 -56.0540 32.1288 1690744327378 313.5000 -0.0045
31.3249 -72.2658 -56.3469 32.1288 1690744327386 321.7500 -0.0045
