-14.3488 76.2061 -35.6246 0.0000 1650405535367 931110.0000 -0.1965
-14.3498 76.1573 -35.6058 0.0000 1650405535421 931164.0000 -0.1965
-14.3792 76.1222 -35.6109 0.0000 1650405535475 931218.0000 -0.1965
-14.2249 76.1263 -35.6270 0.0000 1650405535529 931272.0000 -0.1969
-14.3558 76.0309 -35.6148 0.0000 1650405535582 931326.0000 -0.1969
-14.3502 76.0259 -35.6726 0.0000 1650405535636 931380.0000 -0.1965
-14.3555 76.1355 -35.7735 0.0000 1650405535690 931434.0000 -0.1969
-14.3680 76.1078 -35.6883 0.0000 1650405535744 931488.0000 -0.1969
-14.3695 76.0126 -35.7406 0.0000 1650405535798 931542.0000 -0.1965
-14.4327 76.0243 -35.6944 0.0000 1650405535852 931596.0000 -0.1965
-14.2518 76.1049 -35.7714 0.0000 1650405535906 931650.0000 -0.1965
-14.3336 76.0491 -35.8302 0.0000 1650405535960 931704.0000 -0.1969
-14.3379 75.9779 -35.7257 0.0000 1650405536015 931758.0000 -0.1969
-14.3241 76.0358 -35.8222 0.0000 1650405536069 931811.0000 -0.1974
-14.3661 76.0809 -35.8708 0.0000 1650405536123 931865.0000 -0.1969
-14.3303 76.0232 -35.8539 0.0000 1650405536175 931919.0000 -0.1965
-14.3076 76.0207 -35.8089 0.0000 1650405536229 931973.0000 -0.1969
-14.3611 76.0706 -35.8000 0.0000 1650405536283 932027.0000 -0.1974
-14.3459 76.0750 -35.7751 0.0000 1650405536337 932081.0000 -0.1969
-14.3945 75.9894 -35.7008 0.0000 1650405536392 932135.0000 -0.1969
-14.4072 76.0637 -35.8441 0.0000 1650405536446 932189.0000 -0.1969
-14.2681 76.0103 -35.8225 0.0000 1650405536500 932243.0000 -0.1969
-14.3442 76.0739 -35.7913 0.0000 1650405536554 932297.0000 -0.1969
-14.3464 76.0215 -35.6802 0.0000 1650405536608 932351.0000 -0.1974
-14.4068 76.0082 -35.7951 0.0000 1650405536662 932405.0000 -0.1974
-14.3016 76.0780 -35.7557 0.0000 1650405536717 932459.0000 -0.1969
-14.2921 76.0021 -35.8899 0.0000 1650405536770 932513.0000 -0.1974
-14.3329 76.0974 -35.8215 0.0000 1650405536823 932567.0000 -0.1974
-14.3249 76.1230 -35.7881 0.0000 1650405536877 932621.0000 -0.1969
-14.4115 76.0262 -35.8464 0.0000 1650405536931 932675.0000 -0.1969
-14.3680 76.0410 -35.7424 0.0000 1650405536985 932729.0000 -0.1969
-14.3714 76.0420 -35.6835 0.0000 1650405537039 932783.0000 -0.1969
-14.3997 76.1365 -35.6713 0.0000 1650405537093 932837.0000 -0.1969
-14.3366 76.1490 -35.9595 0.0000 1650405537148 932891.0000 -0.1974
-14.3132 76.1185 -35.7704 0.0000 1650405537202 932945.0000 -0.1974
-14.3747 76.0719 -35.6943 0.0000 1650405537256 932999.0000 -0.1969
-14.4271 76.1004 -35.8018 0.0000 1650405537310 933053.0000 -0.1969
-14.4001 76.0388 -35.7795 0.0000 1650405537364 933107.0000 -0.1969
-14.2824 76.1797 -35.8263 0.0000 1650405537416 933160.0000 -0.1965
-14.3345 76.1130 -35.8245 0.0000 1650405537470 933214.0000 -0.1965
-14.3484 76.0733 -35.7897 0.0000 1650405537525 933268.0000 -0.1969
-14.4004 76.1125 -35.6606 0.0000 1650405537579 933322.0000 -0.1969
-14.4453 76.1361 -35.7510 0.0000 1650405537633 933376.0000 -0.1969
-14.3684 76.1285 -35.9525 0.0000 1650405537687 933430.0000 -0.1969
-14.1322 76.6554 -34.5341 0.0000 1650405537741 933484.0000 -0.1969
-11.6443 76.7253 -33.4219 0.0000 1650405537795 933538.0000 -0.1965
-11.7221 76.6549 -31.9119 0.0000 1650405537849 933592.0000 -0.1969
-11.7026 76.7835 -30.5222 0.0000 1650405537903 933646.0000 -0.1969
-11.8189 76.7197 -29.3614 0.0000 1650405537958 933700.0000 -0.1965
-11.7985 76.7239 -28.1437 0.0000 1650405538010 933754.0000 -0.1965
-14.4239 76.2667 -27.9738 0.0000 1650405538064 933808.0000 -0.1965
-14.2063 76.6921 -28.0334 0.0000 1650405538118 933862.0000 -0.1965
-14.2747 76.7581 -27.9557 0.0000 1650405538172 933916.0000 -0.1965
-11.6783 76.7863 -27.9060 0.0000 1650405538226 933970.0000 -0.1969
-14.3000 76.8240 -27.7361 0.0000 1650405538280 934024.0000 -0.1965
-14.2556 76.7134 -27.6443 0.0000 1650405538334 934078.0000 -0.1960
-11.5710 76.8950 -28.1450 0.0000 1650405538389 934132.0000 -0.1969
-14.2039 76.7994 -28.2336 0.0000 1650405538443 934186.0000 -0.1969
-14.2781 76.8303 -28.2619 0.0000 1650405538497 934240.0000 -0.1965
-14.3575 76.7459 -27.9621 0.0000 1650405538551 934294.0000 -0.1965
-14.2165 76.7368 -28.1884 0.0000 1650405538605 934348.0000 -0.1965
-14.2995 76.9498 -27.9660 0.0000 1650405538658 934402.0000 -0.1965
-14.2909 76.8249 -28.0663 0.0000 1650405538711 934456.0000 -0.1965
-14.3792 76.8806 -27.9356 0.0000 1650405538766 934509.0000 -0.1969
-14.4310 76.8120 -27.9944 0.0000 1650405538820 934563.0000 -0.1969
-14.2471 76.8153 -27.8299 0.0000 1650405538874 934617.0000 -0.1965
-14.2531 76.7971 -27.8438 0.0000 1650405538928 934671.0000 -0.1969
-14.3167 76.8874 -27.9601 0.0000 1650405538982 934725.0000 -0.1969
-14.2393 76.8414 -27.9842 0.0000 1650405539036 934779.0000 -0.1965
-14.2844 76.8177 -28.1298 0.0000 1650405539091 934833.0000 -0.1965
-14.3398 76.8147 -27.8519 0.0000 1650405539145 934887.0000 -0.1965
-14.4040 76.7646 -27.9761 0.0000 1650405539199 934941.0000 -0.1965
-14.3921 76.8482 -28.0129 0.0000 1650405539251 934995.0000 -0.1965
-14.3231 76.7878 -28.0481 0.0000 1650405539305 935049.0000 -0.1965
-14.4840 76.9362 -28.3278 0.0000 1650405539359 935103.0000 -0.1965
-11.6256 76.8144 -30.1223 0.0000 1650405539413 935157.0000 -0.1960
-11.7085 76.8834 -31.3048 0.0000 1650405539468 935211.0000 -0.1965
-11.5459 76.2200 -32.1662 0.0000 1650405539522 935265.0000 -0.1965
-11.5752 76.2693 -33.3230 0.0000 1650405539576 935319.0000 -0.1960
-11.6794 76.1116 -34.6208 0.0000 1650405539630 935373.0000 -0.1955
-11.7332 76.0148 -35.6774 0.0000 1650405539684 935427.0000 -0.1955
-11.7905 76.0641 -37.4664 0.0000 1650405539738 935481.0000 -0.1960
-11.8081 75.9316 -38.5666 0.0000 1650405539792 935535.0000 -0.1960
-11.7638 75.8389 -39.6265 0.0000 1650405539846 935589.0000 -0.1960
-13.8547 75.6825 -40.8187 0.0000 1650405539899 935643.0000 -0.1960
-11.8016 75.8077 -42.2410 0.0000 1650405539953 935697.0000 -0.1955
-11.8308 75.6019 -43.2916 0.0000 1650405540007 935751.0000 -0.1960
-13.8719 75.7056 -44.1773 0.0000 1650405540061 935805.0000 -0.1960
-11.7615 75.1662 -45.1791 0.0000 1650405540115 935858.0000 -0.1955
-13.8618 75.5335 -46.4023 0.0000 1650405540169 935912.0000 -0.1955
-11.8494 75.5556 -46.9270 0.0000 1650405540223 935966.0000 -0.1960
-13.7735 75.3533 -47.8473 0.0000 1650405540278 936020.0000 -0.1955
-11.3984 75.0292 -48.4611 0.0000 1650405540332 936074.0000 -0.1960
-13.7319 75.0628 -49.0744 0.0000 1650405540386 936128.0000 -0.1960
-11.8281 75.4272 -49.5818 0.0000 1650405540440 936182.0000 -0.1960
-11.6074 75.1389 -49.9284 0.0000 1650405540492 936236.0000 -0.1960
-11.4762 75.1922 -50.0878 0.0000 1650405540546 936290.0000 -0.1965
-13.5878 75.1917 -50.5463 0.0000 1650405540601 936344.0000 -0.1960
-13.6681 75.2625 -50.5718 0.0000 1650405540654 936398.0000 -0.1955
-13.7207 75.1419 -50.5588 0.0000 1650405540709 936452.0000 -0.1960
-13.6807 75.2009 -50.4085 0.0000 1650405540763 936506.0000 -0.1960
-13.6522 75.1319 -50.4233 0.0000 1650405540817 936560.0000 -0.1960
-13.5683 75.4605 -50.0940 0.0000 1650405540871 936614.0000 -0.1960
-11.6071 75.2924 -49.5677 0.0000 1650405540925 936668.0000 -0.1965
-11.7144 75.4857 -48.9230 0.0000 1650405540980 936722.0000 -0.1960
-11.7267 75.4765 -48.3753 0.0000 1650405541034 936776.0000 -0.1960
-11.6826 75.3520 -47.7593 0.0000 1650405541088 936830.0000 -0.1965
-11.6831 75.4602 -46.9820 0.0000 1650405541140 936884.0000 -0.1960
-11.7213 75.5766 -45.9816 0.0000 1650405541194 936938.0000 -0.1960
-11.7052 75.5389 -45.3537 0.0000 1650405541248 936992.0000 -0.1960
-11.7453 75.6098 -44.1790 0.0000 1650405541302 937046.0000 -0.1960
-11.7964 75.7587 -43.0880 0.0000 1650405541356 937100.0000 -0.1960
-11.8216 75.6803 -41.8970 0.0000 1650405541411 937154.0000 -0.1965
-11.8526 75.7140 -40.6712 0.0000 1650405541465 937208.0000 -0.1965
-11.7908 75.9121 -39.5784 0.0000 1650405541519 937261.0000 -0.1960
-12.0497 75.8622 -38.3007 0.0000 1650405541573 937315.0000 -0.1960
-12.0785 75.9422 -37.1958 0.0000 1650405541627 937369.0000 -0.1965
-11.9634 75.9470 -35.8617 0.0000 1650405541681 937423.0000 -0.1965
-11.9791 76.0814 -34.4354 0.0000 1650405541733 937477.0000 -0.1960
-11.8995 76.4171 -33.1415 0.0000 1650405541787 937531.0000 -0.1960
-11.7422 76.4883 -32.0395 0.0000 1650405541842 937585.0000 -0.1960
-11.8214 76.5746 -30.9057 0.0000 1650405541896 937639.0000 -0.1965
-11.7595 76.4787 -29.5888 0.0000 1650405541950 937693.0000 -0.1965
-11.7748 76.6942 -28.4982 0.0000 1650405542004 937747.0000 -0.1965
-14.2873 76.5605 -28.0140 0.0000 1650405542058 937801.0000 -0.1960
-14.4794 76.7809 -27.9873 0.0000 1650405542112 937855.0000 -0.1960
-14.3771 76.7323 -27.9362 0.0000 1650405542166 937909.0000 -0.1965
-14.1824 76.6963 -27.9377 0.0000 1650405542221 937963.0000 -0.1960
-14.3294 76.7045 -27.8059 0.0000 1650405542275 938017.0000 -0.1955
-14.3002 76.6589 -27.9874 0.0000 1650405542327 938071.0000 -0.1955
-14.1719 76.8955 -28.2866 0.0000 1650405542381 938125.0000 -0.1955
-14.2712 76.7266 -28.3472 0.0000 1650405542435 938179.0000 -0.1955
-14.3518 76.6926 -28.2084 0.0000 1650405542489 938233.0000 -0.1960
-14.3014 76.7368 -27.7635 0.0000 1650405542544 938287.0000 -0.1960
-11.5564 76.7175 -28.3240 0.0000 1650405542597 938341.0000 -0.1955
-14.2275 76.6781 -28.0093 0.0000 1650405542652 938395.0000 -0.1955
-14.2449 76.8199 -28.3716 0.0000 1650405542706 938449.0000 -0.1960
-14.2433 76.7696 -27.9264 0.0000 1650405542760 938503.0000 -0.1955
-11.7009 76.7459 -28.2641 0.0000 1650405542814 938557.0000 -0.1955
-14.1540 76.7786 -28.0759 0.0000 1650405542868 938610.0000 -0.1955
-14.3037 76.7249 -28.0056 0.0000 1650405542923 938664.0000 -0.1955
-14.2899 76.8982 -27.9876 0.0000 1650405542975 938718.0000 -0.1960
-14.2157 76.8135 -27.9103 0.0000 1650405543029 938772.0000 -0.1960
-14.1357 76.7332 -27.8002 0.0000 1650405543083 938826.0000 -0.1960
-14.3598 76.8342 -27.7817 0.0000 1650405543137 938880.0000 -0.1955
-14.2873 76.7504 -27.8861 0.0000 1650405543191 938934.0000 -0.1955
-14.2895 76.7614 -27.8523 0.0000 1650405543245 938988.0000 -0.1955
-14.2263 76.8056 -28.1184 0.0000 1650405543299 939042.0000 -0.1950
-14.1874 76.7452 -27.9746 0.0000 1650405543354 939096.0000 -0.1950
-14.2515 76.9420 -29.3349 0.0000 1650405543408 939150.0000 -0.1955
-11.6139 76.6798 -30.7291 0.0000 1650405543462 939204.0000 -0.1950
-11.5906 76.2534 -31.7472 0.0000 1650405543516 939258.0000 -0.1960
-11.5129 76.3727 -32.7993 0.0000 1650405543568 939312.0000 -0.1960
-11.6286 76.2674 -33.9777 0.0000 1650405543622 939366.0000 -0.1955
-11.7834 76.2427 -35.2886 0.0000 1650405543676 939420.0000 -0.1950
-11.8315 76.0532 -36.4679 0.0000 1650405543730 939474.0000 -0.1955
-11.6793 76.0411 -37.9400 0.0000 1650405543785 939528.0000 -0.1955
-11.8341 75.8637 -39.0477 0.0000 1650405543839 939582.0000 -0.1950
-11.8463 75.7429 -40.3061 0.0000 1650405543893 939636.0000 -0.1950
-11.7940 75.7017 -41.5007 0.0000 1650405543947 939690.0000 -0.1950
-11.9924 75.8365 -42.4901 0.0000 1650405544001 939744.0000 -0.1955
-13.8376 75.6253 -43.6510 0.0000 1650405544055 939798.0000 -0.1955
-13.8430 75.5743 -44.6921 0.0000 1650405544109 939852.0000 -0.1960
-11.8422 75.4817 -45.4212 0.0000 1650405544164 939906.0000 -0.1955
-13.8422 75.5829 -46.5859 0.0000 1650405544216 939959.0000 -0.1950
-13.8275 75.4955 -47.6900 0.0000 1650405544270 940013.0000 -0.1955
-13.6390 75.5511 -48.2059 0.0000 1650405544324 940067.0000 -0.1955
-11.6880 75.4291 -48.6891 0.0000 1650405544378 940121.0000 -0.1950
-13.5784 75.5008 -49.5672 0.0000 1650405544432 940175.0000 -0.1950
-13.5679 75.1576 -49.6282 0.0000 1650405544487 940229.0000 -0.1950
-13.6074 75.1509 -50.1210 0.0000 1650405544540 940283.0000 -0.1950
-13.6776 75.2253 -50.0169 0.0000 1650405544595 940337.0000 -0.1955
-13.7893 75.1912 -50.6288 0.0000 1650405544649 940391.0000 -0.1955
-13.7668 75.2093 -50.6549 0.0000 1650405544703 940445.0000 -0.1950
-13.6904 75.3355 -50.6319 0.0000 1650405544757 940499.0000 -0.1945
-13.7558 75.2558 -50.4836 0.0000 1650405544809 940553.0000 -0.1950
-13.7917 75.5294 -50.0500 0.0000 1650405544864 940607.0000 -0.1955
-13.6040 75.4873 -49.9459 0.0000 1650405544918 940661.0000 -0.1950
-11.6840 75.4428 -49.2868 0.0000 1650405544972 940715.0000 -0.1950
-11.7892 75.4988 -48.7899 0.0000 1650405545026 940769.0000 -0.1950
-11.6768 75.5381 -48.1715 0.0000 1650405545080 940823.0000 -0.1950
-11.6060 75.5667 -47.4340 0.0000 1650405545134 940877.0000 -0.1950
-11.7729 75.5643 -46.5073 0.0000 1650405545188 940931.0000 -0.1955
-11.8375 75.6701 -45.6021 0.0000 1650405545242 940985.0000 -0.1950
-11.8094 75.5212 -44.6159 0.0000 1650405545297 941039.0000 -0.1950
-11.7818 75.5878 -43.6304 0.0000 1650405545351 941093.0000 -0.1955
-11.7069 75.8394 -42.4921 0.0000 1650405545405 941147.0000 -0.1955
-11.6142 75.7337 -41.3543 0.0000 1650405545457 941201.0000 -0.1950
-11.7505 75.9010 -39.9919 0.0000 1650405545511 941255.0000 -0.1950
-11.7959 75.9450 -38.8461 0.0000 1650405545565 941308.0000 -0.1950
-11.9350 75.9076 -37.6740 0.0000 1650405545619 941362.0000 -0.1950
-12.0088 75.9801 -36.4141 0.0000 1650405545673 941416.0000 -0.1955
-12.1195 76.0446 -35.2856 0.0000 1650405545728 941470.0000 -0.1955
-11.9571 76.0531 -33.9765 0.0000 1650405545782 941524.0000 -0.1955
-14.3730 76.4941 -32.7246 0.0000 1650405545836 941578.0000 -0.1950
-11.7899 76.3887 -31.3283 0.0000 1650405545890 941632.0000 -0.1955
-11.6674 76.5538 -30.3817 0.0000 1650405545944 941686.0000 -0.1955
-11.7156 76.7480 -29.1026 0.0000 1650405545998 941740.0000 -0.1950
-11.6376 76.7400 -28.0054 0.0000 1650405546050 941794.0000 -0.1950
-11.6304 76.6887 -28.2143 0.0000 1650405546104 941848.0000 -0.1950
-14.2272 76.7221 -27.9182 0.0000 1650405546159 941902.0000 -0.1950
-11.8652 76.8183 -28.1184 0.0000 1650405546213 941956.0000 -0.1950
-14.3177 76.6699 -27.8616 0.0000 1650405546267 942010.0000 -0.1950
-11.7663 76.8337 -27.8622 0.0000 1650405546321 942064.0000 -0.1945
-11.5355 76.7222 -28.1412 0.0000 1650405546375 942118.0000 -0.1945
-14.2040 76.7169 -28.0449 0.0000 1650405546430 942172.0000 -0.1950
-14.2374 76.8224 -28.0888 0.0000 1650405546483 942226.0000 -0.1945
-14.2075 76.7159 -27.9585 0.0000 1650405546538 942280.0000 -0.1940
-14.1630 76.7001 -28.0989 0.0000 1650405546592 942334.0000 -0.1940
-11.5844 76.7637 -28.1088 0.0000 1650405546646 942388.0000 -0.1940
-11.6871 76.6637 -27.7962 0.0000 1650405546698 942442.0000 -0.1940
-11.8088 76.7850 -28.1142 0.0000 1650405546752 942496.0000 -0.1940
-14.2195 76.7766 -28.1356 0.0000 1650405546806 942550.0000 -0.1945
-14.1281 76.7927 -28.2839 0.0000 1650405546861 942604.0000 -0.1945
-14.2738 76.8019 -27.8387 0.0000 1650405546915 942657.0000 -0.1940
-14.2235 76.7797 -27.8748 0.0000 1650405546969 942711.0000 -0.1955
-14.0965 76.7667 -28.1907 0.0000 1650405547023 942765.0000 -0.1969
-14.1623 76.8974 -28.1274 0.0000 1650405547077 942819.0000 -0.1979
-14.1564 76.8438 -28.0998 0.0000 1650405547131 942873.0000 -0.1989
-14.0951 76.7423 -27.7092 0.0000 1650405547185 942927.0000 -0.1994
-14.0699 76.7486 -27.7967 0.0000 1650405547240 942981.0000 -0.1994
-14.1390 76.8060 -27.8768 0.0000 1650405547292 943035.0000 -0.1999
-14.1452 76.8357 -28.2043 0.0000 1650405547346 943089.0000 -0.1999
-14.0998 76.7773 -28.3810 0.0000 1650405547400 943143.0000 -0.1999
-11.6143 76.7270 -29.9179 0.0000 1650405547454 943197.0000 -0.1994
-11.6752 76.8202 -31.3331 0.0000 1650405547508 943251.0000 -0.1999
-11.7283 76.4552 -32.3021 0.0000 1650405547562 943305.0000 -0.1999
-11.5860 76.2616 -33.4653 0.0000 1650405547616 943359.0000 -0.1994
-11.7011 76.2161 -34.6913 0.0000 1650405547671 943413.0000 -0.1999
-11.7653 76.0553 -35.8761 0.0000 1650405547725 943467.0000 -0.1999
-14.2203 76.0886 -37.0010 0.0000 1650405547779 943521.0000 -0.1999
-11.8276 75.8342 -38.2178 0.0000 1650405547833 943575.0000 -0.1999
-11.9196 75.8188 -39.6051 0.0000 1650405547885 943629.0000 -0.1999
-11.8399 75.6772 -40.7933 0.0000 1650405547939 943683.0000 -0.1999
-11.8890 75.8056 -41.9736 0.0000 1650405547993 943737.0000 -0.1994
-11.8847 75.6813 -43.1419 0.0000 1650405548047 943791.0000 -0.1999
-11.8699 75.6358 -44.2715 0.0000 1650405548102 943845.0000 -0.1999
-11.8773 75.6120 -45.1804 0.0000 1650405548156 943899.0000 -0.1994
-13.7702 75.5545 -45.9341 0.0000 1650405548210 943953.0000 -0.1994
-13.6439 75.4537 -46.8971 0.0000 1650405548264 944007.0000 -0.1994
-13.6021 75.2127 -47.7724 0.0000 1650405548318 944060.0000 -0.1994
-13.7233 75.4554 -48.2414 0.0000 1650405548373 944114.0000 -0.1999
-13.6426 75.4459 -49.0472 0.0000 1650405548426 944168.0000 -0.1999
-13.6183 75.4268 -49.5392 0.0000 1650405548481 944222.0000 -0.1999
-13.5786 75.2348 -49.9980 0.0000 1650405548533 944276.0000 -0.1994
-13.5854 75.2290 -50.2563 0.0000 1650405548587 944330.0000 -0.1999
-13.6275 75.2233 -50.5771 0.0000 1650405548641 944384.0000 -0.1994
-13.7018 75.1622 -50.5423 0.0000 1650405548695 944438.0000 -0.1994
-13.7911 75.2666 -50.4835 0.0000 1650405548750 944492.0000 -0.1994
-13.7868 75.2295 -50.5930 0.0000 1650405548804 944546.0000 -0.1994
-13.5628 75.2101 -50.3458 0.0000 1650405548858 944600.0000 -0.1994
-13.5286 75.5084 -50.0402 0.0000 1650405548912 944654.0000 -0.1999
-13.5742 75.3174 -49.4584 0.0000 1650405548966 944708.0000 -0.1999
-11.7272 75.5202 -48.9629 0.0000 1650405549020 944762.0000 -0.1999
-11.7424 75.4698 -48.2800 0.0000 1650405549074 944816.0000 -0.1999
-11.6430 75.5595 -47.7035 0.0000 1650405549126 944870.0000 -0.2004
-11.6812 75.5423 -47.0304 0.0000 1650405549181 944924.0000 -0.1999
-11.8598 75.5719 -46.0794 0.0000 1650405549235 944978.0000 -0.1994
-11.9498 75.5745 -45.2059 0.0000 1650405549289 945032.0000 -0.1999
-11.8049 75.5579 -44.1830 0.0000 1650405549343 945086.0000 -0.1999
-11.8431 75.6076 -43.0759 0.0000 1650405549397 945140.0000 -0.1999
-11.7776 75.7398 -41.8721 0.0000 1650405549451 945194.0000 -0.1999
-11.7356 75.7571 -40.7923 0.0000 1650405549505 945248.0000 -0.2004
-11.8447 75.8546 -39.5562 0.0000 1650405549559 945302.0000 -0.1999
-11.8804 75.8160 -38.3972 0.0000 1650405549614 945356.0000 -0.1999
-11.9724 75.9971 -37.1875 0.0000 1650405549668 945409.0000 -0.1999
-11.9143 76.0908 -36.0247 0.0000 1650405549722 945463.0000 -0.1999
-12.0030 76.3412 -34.8125 0.0000 1650405549774 945517.0000 -0.1999
-11.8989 76.4249 -33.5554 0.0000 1650405549828 945571.0000 -0.1999
-11.7904 76.1467 -32.3667 0.0000 1650405549882 945625.0000 -0.1999
-11.7173 76.5467 -30.9442 0.0000 1650405549936 945679.0000 -0.1999
-11.7647 76.6040 -29.6803 0.0000 1650405549990 945733.0000 -0.1999
-14.2710 76.7561 -28.4771 0.0000 1650405550045 945787.0000 -0.2004
-14.3869 76.6333 -27.8348 0.0000 1650405550099 945841.0000 -0.1999
-14.3807 76.7876 -27.7367 0.0000 1650405550153 945895.0000 -0.1999
-14.3297 76.8402 -28.0044 0.0000 1650405550207 945949.0000 -0.2004
-11.8380 76.6794 -27.9273 0.0000 1650405550261 946003.0000 -0.1999
-11.6221 76.6862 -27.9103 0.0000 1650405550316 946057.0000 -0.1999
-11.6726 76.8537 -28.2165 0.0000 1650405550368 946111.0000 -0.1999
-11.5238 76.7823 -28.0180 0.0000 1650405550422 946165.0000 -0.1999
-11.5619 76.8584 -27.8831 0.0000 1650405550476 946219.0000 -0.1994
-11.7391 76.8369 -28.0784 0.0000 1650405550530 946273.0000 -0.1999
-11.7412 76.7246 -28.2162 0.0000 1650405550584 946327.0000 -0.1999
-11.6762 76.7631 -28.2450 0.0000 1650405550638 946381.0000 -0.1994
-11.6022 76.7582 -27.8427 0.0000 1650405550692 946435.0000 -0.1999
-14.2643 76.8150 -27.8437 0.0000 1650405550747 946489.0000 -0.2004
-14.1295 76.7966 -28.0828 0.0000 1650405550801 946543.0000 -0.1999
-11.6781 76.7625 -27.8116 0.0000 1650405550855 946597.0000 -0.1999
-11.6265 76.7714 -28.1449 0.0000 1650405550909 946651.0000 -0.1999
-14.1766 76.7696 -28.1442 0.0000 1650405550963 946705.0000 -0.1999
-14.1150 76.7959 -27.8764 0.0000 1650405551015 946758.0000 -0.1999
-14.1530 76.8413 -27.8164 0.0000 1650405551069 946812.0000 -0.2004
-11.7066 76.9611 -27.7803 0.0000 1650405551124 946866.0000 -0.2004
-11.6285 76.7760 -27.8603 0.0000 1650405551178 946920.0000 -0.1999
-14.1633 76.8372 -27.7108 0.0000 1650405551232 946974.0000 -0.2004
-11.7799 76.7370 -27.7959 0.0000 1650405551286 947028.0000 -0.2009
-14.1673 76.7801 -28.0434 0.0000 1650405551340 947082.0000 -0.2004
-14.1396 76.8013 -27.7512 0.0000 1650405551394 947136.0000 -0.2004
-14.1163 76.8361 -29.2285 0.0000 1650405551448 947190.0000 -0.2004
-11.5358 76.8861 -30.7804 0.0000 1650405551502 947244.0000 -0.1999
-11.6260 76.7238 -31.8088 0.0000 1650405551557 947298.0000 -0.1999
-13.7789 76.7993 -32.8150 0.0000 1650405551609 947352.0000 -0.2004
-11.4574 76.3645 -33.9789 0.0000 1650405551663 947406.0000 -0.2009
-11.6554 76.1035 -35.2083 0.0000 1650405551717 947460.0000 -0.2004
-11.6581 76.0112 -36.3282 0.0000 1650405551771 947514.0000 -0.2004
-11.7521 76.0787 -37.5867 0.0000 1650405551825 947568.0000 -0.2009
-11.7078 75.8461 -38.6364 0.0000 1650405551879 947622.0000 -0.2009
-11.7516 75.7878 -40.0809 0.0000 1650405551934 947676.0000 -0.2004
-11.8326 75.6521 -41.4583 0.0000 1650405551988 947730.0000 -0.2004
-11.9112 75.6949 -42.4932 0.0000 1650405552042 947784.0000 -0.2004
-11.7073 75.5990 -43.7759 0.0000 1650405552096 947838.0000 -0.2009
-13.7559 75.5280 -44.8004 0.0000 1650405552150 947892.0000 -0.2009
-11.8067 75.5282 -45.6219 0.0000 1650405552204 947946.0000 -0.2009
-13.7194 75.5043 -46.5165 0.0000 1650405552257 948000.0000 -0.2004
-11.8911 75.4520 -47.4538 0.0000 1650405552310 948054.0000 -0.2009
-13.7035 75.1450 -48.4612 0.0000 1650405552365 948107.0000 -0.2009
-11.8542 75.0508 -49.0185 0.0000 1650405552419 948161.0000 -0.2004
-13.5197 75.4210 -49.1886 0.0000 1650405552473 948215.0000 -0.2004
-11.4170 75.3906 -49.6385 0.0000 1650405552527 948269.0000 -0.2004
-13.5098 75.1282 -50.0943 0.0000 1650405552581 948323.0000 -0.2009
-13.5258 75.1135 -50.2693 0.0000 1650405552636 948377.0000 -0.2009
-13.5618 75.2059 -50.7039 0.0000 1650405552690 948431.0000 -0.2009
-13.5156 75.2949 -50.5723 0.0000 1650405552744 948485.0000 -0.2009
-13.5491 75.2235 -50.5601 0.0000 1650405552798 948539.0000 -0.2009
-13.6344 75.2345 -50.5073 0.0000 1650405552850 948593.0000 -0.2013
-13.6282 75.1809 -50.0453 0.0000 1650405552904 948647.0000 -0.2013
-13.5400 75.5388 -49.8363 0.0000 1650405552958 948701.0000 -0.2009
-11.6913 75.4849 -49.3011 0.0000 1650405553012 948755.0000 -0.2004
-11.6896 75.2471 -48.8053 0.0000 1650405553067 948809.0000 -0.2009
-11.5950 75.4787 -48.1292 0.0000 1650405553121 948863.0000 -0.2009
-11.5670 75.5386 -47.2935 0.0000 1650405553175 948917.0000 -0.2009
-11.6579 75.6118 -46.5328 0.0000 1650405553229 948971.0000 -0.2013
-11.8724 75.5801 -45.7659 0.0000 1650405553283 949025.0000 -0.2013
-11.7613 75.5756 -44.6918 0.0000 1650405553337 949079.0000 -0.2009
-11.7980 75.6201 -43.4873 0.0000 1650405553391 949133.0000 -0.2013
-11.8130 75.6474 -42.4185 0.0000 1650405553443 949187.0000 -0.2013
-11.8253 75.6162 -41.1891 0.0000 1650405553498 949241.0000 -0.2009
-11.8599 75.8213 -40.0302 0.0000 1650405553552 949295.0000 -0.2009
-11.9978 75.8622 -38.9132 0.0000 1650405553606 949349.0000 -0.2009
-12.0690 75.8489 -37.6970 0.0000 1650405553660 949403.0000 -0.2013
-12.0562 75.9682 -36.5717 0.0000 1650405553714 949456.0000 -0.2013
-11.9347 76.1099 -35.3762 0.0000 1650405553768 949510.0000 -0.2013
-12.0062 76.0959 -34.1433 0.0000 1650405553822 949564.0000 -0.2013
-11.7546 76.4607 -32.9451 0.0000 1650405553877 949618.0000 -0.2009
-11.9096 76.5297 -31.6446 0.0000 1650405553931 949672.0000 -0.2013
-11.8284 76.5897 -30.3000 0.0000 1650405553985 949726.0000 -0.2013
-11.7237 76.6506 -29.0369 0.0000 1650405554039 949780.0000 -0.2013
-11.6997 76.6279 -27.9822 0.0000 1650405554091 949834.0000 -0.2009
-11.6646 76.7015 -27.7699 0.0000 1650405554145 949888.0000 -0.2013
-11.6574 76.6673 -28.2039 0.0000 1650405554199 949942.0000 -0.2013
-14.2558 76.7258 -27.8923 0.0000 1650405554254 949996.0000 -0.2013
-11.7728 76.7636 -28.1161 0.0000 1650405554308 950050.0000 -0.2018
-14.2805 76.6033 -27.8626 0.0000 1650405554362 950104.0000 -0.2018
-14.2067 76.6994 -28.1774 0.0000 1650405554416 950158.0000 -0.2013
-11.5616 76.7614 -28.2050 0.0000 1650405554470 950212.0000 -0.2018
-11.5672 76.7995 -28.0841 0.0000 1650405554524 950266.0000 -0.2018
-11.6309 76.7837 -28.1794 0.0000 1650405554578 950320.0000 -0.2013
-11.5230 76.6898 -27.9974 0.0000 1650405554633 950374.0000 -0.2013
-11.5254 76.7309 -27.9388 0.0000 1650405554685 950428.0000 -0.2018
-11.5484 76.8689 -28.1191 0.0000 1650405554739 950482.0000 -0.2018
-14.1891 76.7929 -28.1739 0.0000 1650405554793 950536.0000 -0.2018
-11.6958 76.7411 -28.1092 0.0000 1650405554847 950590.0000 -0.2023
-11.6070 76.7181 -28.0161 0.0000 1650405554901 950644.0000 -0.2018
-11.5397 76.7360 -27.9490 0.0000 1650405554955 950698.0000 -0.2018
-14.1440 76.7621 -27.8266 0.0000 1650405555009 950752.0000 -0.2023
-14.1472 76.9193 -27.8675 0.0000 1650405555064 950805.0000 -0.2023
-14.1379 76.8934 -27.8517 0.0000 1650405555118 950859.0000 -0.2018
-11.5072 76.7371 -27.7842 0.0000 1650405555172 950913.0000 -0.2018
-11.6783 76.7619 -27.9350 0.0000 1650405555226 950967.0000 -0.2018
-11.5255 76.7805 -27.9758 0.0000 1650405555281 951021.0000 -0.2023
-14.1417 76.6793 -27.8944 0.0000 1650405555332 951075.0000 -0.2023
-11.7255 76.8024 -27.9262 0.0000 1650405555386 951129.0000 -0.2028
-11.6317 76.8346 -28.4572 0.0000 1650405555441 951183.0000 -0.2023
-11.4969 76.7732 -29.8830 0.0000 1650405555495 951237.0000 -0.2023
-11.5174 76.8558 -31.2260 0.0000 1650405555549 951291.0000 -0.2028
-11.4497 76.6300 -32.0579 0.0000 1650405555603 951345.0000 -0.2023
-11.4630 76.3477 -33.2729 0.0000 1650405555657 951399.0000 -0.2018
-11.6304 76.1235 -34.4698 0.0000 1650405555711 951453.0000 -0.2023
-11.7684 76.0520 -35.7296 0.0000 1650405555766 951507.0000 -0.2023
-11.6269 76.0672 -36.9566 0.0000 1650405555820 951561.0000 -0.2023
-11.6838 75.9802 -38.1210 0.0000 1650405555874 951615.0000 -0.2028
-11.8280 75.8911 -39.6118 0.0000 1650405555926 951669.0000 -0.2028
-11.7368 75.7938 -40.7036 0.0000 1650405555980 951723.0000 -0.2028
-13.8458 75.6359 -41.8431 0.0000 1650405556034 951777.0000 -0.2028
-11.8422 75.7228 -43.0114 0.0000 1650405556088 951831.0000 -0.2028
-11.9624 75.4982 -44.3101 0.0000 1650405556142 951885.0000 -0.2028
-13.7794 75.5580 -45.0705 0.0000 1650405556197 951939.0000 -0.2023
-11.8265 75.5044 -46.1239 0.0000 1650405556251 951993.0000 -0.2023
-13.7787 75.4543 -47.3540 0.0000 1650405556305 952047.0000 -0.2023
-13.7116 75.4633 -47.7877 0.0000 1650405556359 952101.0000 -0.2023
-11.3796 75.5147 -48.4001 0.0000 1650405556413 952154.0000 -0.2028
-11.2984 75.5258 -48.9955 0.0000 1650405556467 952208.0000 -0.2033
-11.3803 75.4403 -49.5227 0.0000 1650405556519 952262.0000 -0.2028
-13.5146 75.1174 -49.9324 0.0000 1650405556574 952316.0000 -0.2028
-11.4650 75.1394 -50.0049 0.0000 1650405556628 952370.0000 -0.2028
-13.5299 75.2531 -50.2216 0.0000 1650405556682 952424.0000 -0.2028
-13.6143 75.1237 -50.6774 0.0000 1650405556736 952478.0000 -0.2023
-13.8104 75.1766 -50.5171 0.0000 1650405556790 952532.0000 -0.2023
-13.6105 75.3281 -50.5358 0.0000 1650405556844 952586.0000 -0.2023
-13.7015 75.1918 -50.3930 0.0000 1650405556898 952640.0000 -0.2023
-13.5375 75.2310 -50.0124 0.0000 1650405556952 952694.0000 -0.2023
-11.7563 75.4985 -49.4968 0.0000 1650405557007 952748.0000 -0.2028
-11.7134 75.4839 -48.8861 0.0000 1650405557061 952802.0000 -0.2023
-11.7044 75.5117 -48.2910 0.0000 1650405557115 952856.0000 -0.2023
-11.6240 75.4661 -47.7271 0.0000 1650405557167 952910.0000 -0.2028
-11.5546 75.5139 -47.0811 0.0000 1650405557221 952964.0000 -0.2028
-11.8239 75.5606 -46.1067 0.0000 1650405557275 953018.0000 -0.2023
-11.8716 75.5451 -45.2133 0.0000 1650405557329 953072.0000 -0.2028
-11.6993 75.6576 -44.1576 0.0000 1650405557384 953126.0000 -0.2028
-11.9208 75.6435 -42.8474 0.0000 1650405557438 953180.0000 -0.2028
-11.7234 75.7505 -41.9197 0.0000 1650405557492 953234.0000 -0.2028
-11.9000 75.8154 -40.6493 0.0000 1650405557546 953288.0000 -0.2028
-11.8803 75.8118 -39.5172 0.0000 1650405557600 953342.0000 -0.2023
-14.1497 75.8364 -38.3701 0.0000 1650405557654 953396.0000 -0.2023
-11.8887 75.9234 -37.0896 0.0000 1650405557709 953450.0000 -0.2028
-12.0254 75.8797 -35.8606 0.0000 1650405557761 953503.0000 -0.2028
-12.1594 76.1402 -34.6629 0.0000 1650405557815 953557.0000 -0.2023
-11.9711 76.2047 -33.4194 0.0000 1650405557869 953611.0000 -0.2023
-11.9106 76.4000 -32.3079 0.0000 1650405557923 953665.0000 -0.2023
-11.7595 76.5559 -30.7463 0.0000 1650405557977 953719.0000 -0.2023
-11.7442 76.6430 -29.7480 0.0000 1650405558031 953773.0000 -0.2023
-11.6223 76.6614 -28.4741 0.0000 1650405558086 953827.0000 -0.2023
-11.5942 76.6793 -27.9501 0.0000 1650405558140 953881.0000 -0.2023
-14.3073 76.8005 -27.8861 0.0000 1650405558194 953935.0000 -0.2023
-11.6922 76.7069 -28.0110 0.0000 1650405558248 953989.0000 -0.2023
-11.7619 76.7504 -27.8258 0.0000 1650405558302 954043.0000 -0.2023
-11.6466 76.7261 -27.9605 0.0000 1650405558356 954097.0000 -0.2018
-11.6004 76.6302 -27.9219 0.0000 1650405558408 954151.0000 -0.2018
-11.5457 76.9173 -27.7878 0.0000 1650405558462 954205.0000 -0.2018
-14.2529 76.6382 -27.7795 0.0000 1650405558517 954259.0000 -0.2018
-14.2875 76.8936 -28.2408 0.0000 1650405558571 954313.0000 -0.2023
-11.7082 76.8060 -27.7827 0.0000 1650405558625 954367.0000 -0.2028
-11.6027 76.5884 -27.7941 0.0000 1650405558679 954421.0000 -0.2023
-11.4676 76.6591 -27.8697 0.0000 1650405558733 954475.0000 -0.2028
-11.6857 76.7425 -27.7646 0.0000 1650405558787 954529.0000 -0.2028
-11.5631 76.8569 -27.7906 0.0000 1650405558841 954583.0000 -0.2023
-11.5962 76.7268 -27.8236 0.0000 1650405558895 954637.0000 -0.2023
-11.5917 76.7314 -27.9702 0.0000 1650405558950 954691.0000 -0.2023
-11.4877 76.8684 -27.7624 0.0000 1650405559002 954745.0000 -0.2023
-11.5327 76.8323 -27.7319 0.0000 1650405559056 954799.0000 -0.2023
-11.6049 76.8269 -27.8238 0.0000 1650405559110 954853.0000 -0.2028
-11.6003 76.8417 -27.8337 0.0000 1650405559164 954906.0000 -0.2028
-14.1019 76.7842 -27.8001 0.0000 1650405559218 954960.0000 -0.2023
-14.1917 76.8379 -27.8260 0.0000 1650405559272 955014.0000 -0.2023
-14.1535 76.7495 -27.8515 0.0000 1650405559327 955068.0000 -0.2028
-11.6157 76.8741 -27.8554 0.0000 1650405559381 955122.0000 -0.2028
-14.1263 76.6999 -27.7961 0.0000 1650405559435 955176.0000 -0.2023
-14.0698 76.8759 -29.1992 0.0000 1650405559489 955230.0000 -0.2023
-11.5264 76.9029 -30.5406 0.0000 1650405559543 955284.0000 -0.2023
-13.7585 76.8979 -31.5737 0.0000 1650405559597 955338.0000 -0.2028
-11.3642 76.7250 -32.6673 0.0000 1650405559650 955392.0000 -0.2028
-11.3698 76.2471 -33.8096 0.0000 1650405559703 955446.0000 -0.2028
-11.5238 76.0732 -34.9228 0.0000 1650405559758 955500.0000 -0.2023
-11.6276 76.1088 -36.2898 0.0000 1650405559812 955554.0000 -0.2028
-14.1143 75.9811 -37.5687 0.0000 1650405559866 955608.0000 -0.2023
-11.7316 76.0677 -38.7435 0.0000 1650405559920 955662.0000 -0.2023
-11.7503 75.8880 -40.2348 0.0000 1650405559974 955716.0000 -0.2018
-11.6924 75.7676 -41.2314 0.0000 1650405560029 955770.0000 -0.2023
-13.8006 75.6329 -42.5018 0.0000 1650405560083 955824.0000 -0.2018
-11.6915 75.6527 -43.6669 0.0000 1650405560137 955878.0000 -0.2018
-13.8271 75.5771 -44.4892 0.0000 1650405560191 955932.0000 -0.2023
-11.8389 75.4984 -45.6700 0.0000 1650405560243 955986.0000 -0.2023
-13.6722 75.4599 -46.7337 0.0000 1650405560297 956040.0000 -0.2018
-13.5990 75.3955 -47.4317 0.0000 1650405560351 956094.0000 -0.2023
-13.6882 75.4223 -48.4988 0.0000 1650405560405 956148.0000 -0.2023
-13.6189 75.1463 -49.1136 0.0000 1650405560460 956202.0000 -0.2018
-13.5690 75.3839 -49.3590 0.0000 1650405560514 956255.0000 -0.2018
-13.6079 75.1689 -49.7698 0.0000 1650405560568 956309.0000 -0.2018
-11.3868 75.0478 -50.1172 0.0000 1650405560622 956363.0000 -0.2018
-13.6164 75.1524 -50.1913 0.0000 1650405560676 956417.0000 -0.2018
-13.6351 75.3038 -50.6247 0.0000 1650405560730 956471.0000 -0.2023
-13.6097 75.3541 -50.5913 0.0000 1650405560784 956525.0000 -0.2023
-13.6256 75.1848 -50.5812 0.0000 1650405560838 956579.0000 -0.2018
-13.6235 75.2864 -50.5115 0.0000 1650405560891 956633.0000 -0.2028
-13.5406 75.2745 -50.2222 0.0000 1650405560945 956687.0000 -0.2023
-13.6078 75.5391 -49.8597 0.0000 1650405560999 956741.0000 -0.2018
-11.7659 75.5779 -49.4877 0.0000 1650405561053 956795.0000 -0.2018
-11.7728 75.4164 -48.8023 0.0000 1650405561107 956849.0000 -0.2018
-11.7011 75.4060 -48.1826 0.0000 1650405561161 956903.0000 -0.2023
-11.6001 75.5361 -47.2314 0.0000 1650405561215 956957.0000 -0.2023
-11.7804 75.5762 -46.5574 0.0000 1650405561270 957011.0000 -0.2023
-11.6793 75.6074 -45.3648 0.0000 1650405561324 957065.0000 -0.2023
-11.7688 75.6693 -44.6950 0.0000 1650405561378 957119.0000 -0.2013
-11.8998 75.7391 -43.5816 0.0000 1650405561432 957173.0000 -0.2018
-11.8380 75.6610 -42.4256 0.0000 1650405561484 957227.0000 -0.2023
-11.8277 75.7180 -41.2198 0.0000 1650405561538 957281.0000 -0.2013
-11.7869 75.7236 -40.1330 0.0000 1650405561593 957335.0000 -0.2013
-12.0121 75.8123 -38.8949 0.0000 1650405561647 957389.0000 -0.2013
-11.8571 75.9437 -37.8312 0.0000 1650405561701 957443.0000 -0.2018
-12.1875 75.9647 -36.5350 0.0000 1650405561755 957497.0000 -0.2018
-11.9911 75.9885 -35.3213 0.0000 1650405561809 957551.0000 -0.2018
-11.9652 76.1083 -34.0481 0.0000 1650405561863 957604.0000 -0.2018
-11.8768 76.3333 -32.9180 0.0000 1650405561917 957658.0000 -0.2013
-11.8103 76.4605 -31.8405 0.0000 1650405561972 957712.0000 -0.2018
-11.6958 76.5957 -30.3354 0.0000 1650405562026 957766.0000 -0.2018
-14.2376 76.6417 -29.1141 0.0000 1650405562078 957820.0000 -0.2013
-11.6949 76.7314 -27.9265 0.0000 1650405562132 957874.0000 -0.2013
-11.5872 76.5763 -27.7481 0.0000 1650405562186 957928.0000 -0.2013
-11.6423 76.7677 -27.8922 0.0000 1650405562240 957982.0000 -0.2013
-14.2368 76.7837 -27.6966 0.0000 1650405562294 958036.0000 -0.2018
-14.3141 76.6923 -27.8159 0.0000 1650405562348 958090.0000 -0.2018
-11.7769 76.6946 -27.8874 0.0000 1650405562403 958144.0000 -0.2018
-11.5741 76.8413 -27.6833 0.0000 1650405562457 958198.0000 -0.2013
-14.1360 76.7279 -27.8553 0.0000 1650405562511 958252.0000 -0.2023
-14.1450 76.8480 -27.8752 0.0000 1650405562565 958306.0000 -0.2018
-14.2798 76.7848 -27.7177 0.0000 1650405562619 958360.0000 -0.2013
-14.2088 76.6705 -27.7568 0.0000 1650405562673 958414.0000 -0.2013
-11.5477 76.6495 -27.8171 0.0000 1650405562725 958468.0000 -0.2013
-14.1773 76.6848 -27.8023 0.0000 1650405562779 958522.0000 -0.2013
-14.1852 76.8639 -27.7748 0.0000 1650405562834 958576.0000 -0.2013
-14.1739 76.7792 -27.7439 0.0000 1650405562888 958630.0000 -0.2018
-11.6324 76.9104 -27.8442 0.0000 1650405562942 958684.0000 -0.2018
-11.4393 76.8468 -27.8615 0.0000 1650405562996 958738.0000 -0.2013
-14.1857 76.7943 -27.8282 0.0000 1650405563050 958792.0000 -0.2018
-14.1131 76.9100 -27.8629 0.0000 1650405563104 958846.0000 -0.2013
-11.5100 76.8225 -27.8423 0.0000 1650405563158 958900.0000 -0.2013
-11.6039 76.8167 -27.8684 0.0000 1650405563213 958953.0000 -0.2013
-11.5581 76.8368 -27.7481 0.0000 1650405563267 959007.0000 -0.2013
-11.5921 76.8844 -27.8377 0.0000 1650405563319 959061.0000 -0.2013
-11.6052 76.8147 -27.9857 0.0000 1650405563373 959115.0000 -0.2018
-11.6408 76.8536 -27.7748 0.0000 1650405563427 959169.0000 -0.2018
-14.1986 76.9218 -28.2139 0.0000 1650405563481 959223.0000 -0.2018
-11.5293 76.8227 -29.9557 0.0000 1650405563536 959277.0000 -0.2013
-11.6381 76.9102 -31.0211 0.0000 1650405563590 959331.0000 -0.2018
-11.4068 76.7262 -31.8747 0.0000 1650405563644 959385.0000 -0.2018
-11.3376 76.2330 -33.1875 0.0000 1650405563698 959439.0000 -0.2013
-11.5647 76.3287 -34.3424 0.0000 1650405563752 959493.0000 -0.2013
-11.6298 76.1132 -35.7901 0.0000 1650405563806 959547.0000 -0.2013
-11.6952 75.9633 -36.9294 0.0000 1650405563860 959601.0000 -0.2013
-11.7026 75.9071 -38.0785 0.0000 1650405563915 959655.0000 -0.2018
-11.7037 75.9106 -39.5817 0.0000 1650405563967 959709.0000 -0.2018
-11.6716 75.8099 -40.7547 0.0000 1650405564021 959763.0000 -0.2018
-11.7072 75.6623 -41.9457 0.0000 1650405564075 959817.0000 -0.2013
-13.7604 75.6540 -43.0407 0.0000 1650405564129 959871.0000 -0.2018
-11.7573 75.5379 -44.1600 0.0000 1650405564183 959925.0000 -0.2018
-13.7543 75.5446 -44.9662 0.0000 1650405564237 959979.0000 -0.2013
-11.8570 75.5098 -46.2071 0.0000 1650405564291 960033.0000 -0.2018
-13.6847 75.5089 -47.2060 0.0000 1650405564346 960087.0000 -0.2018
-11.7766 75.6135 -47.5579 0.0000 1650405564400 960141.0000 -0.2018
-11.3582 75.5300 -48.2366 0.0000 1650405564454 960195.0000 -0.2018
-11.4207 75.4826 -49.1741 0.0000 1650405564508 960249.0000 -0.2023
-11.4325 75.4413 -49.5817 0.0000 1650405564560 960302.0000 -0.2018
-11.3284 75.2342 -50.0306 0.0000 1650405564614 960356.0000 -0.2018
-13.6011 75.2328 -50.1825 0.0000 1650405564668 960410.0000 -0.2023
-13.6555 75.2496 -50.3146 0.0000 1650405564722 960464.0000 -0.2023
-13.6709 75.2745 -50.6533 0.0000 1650405564777 960518.0000 -0.2018
-13.7591 75.2502 -50.8245 0.0000 1650405564831 960572.0000 -0.2018
-13.7009 75.3454 -50.6997 0.0000 1650405564885 960626.0000 -0.2018
-13.5807 75.3641 -50.6049 0.0000 1650405564939 960680.0000 -0.2018
-13.5529 75.2752 -50.1561 0.0000 1650405564993 960734.0000 -0.2023
