-7.4758 77.9974 -36.4057 0.0000 1650400541107 1922122.2500 -0.1960
-7.4661 77.9658 -36.3473 0.0000 1650400541136 1922151.0000 -0.1960
-7.4960 77.9156 -36.3233 0.0000 1650400541165 1922180.0000 -0.1960
-7.5140 77.9244 -36.3648 0.0000 1650400541194 1922209.0000 -0.1960
-7.4716 77.9557 -36.3732 0.0000 1650400541223 1922237.7500 -0.1960
-7.3514 77.9363 -36.4008 0.0000 1650400541252 1922271.2500 -0.1960
-7.4014 77.7923 -36.3976 0.0000 1650400541280 1922295.5000 -0.1955
-7.3695 77.9140 -36.3646 0.0000 1650400541310 1922324.7500 -0.1955
-7.4609 77.8980 -36.4155 0.0000 1650400541339 1922353.7500 -0.1955
-7.2264 77.8279 -36.4798 0.0000 1650400541368 1922382.7500 -0.1955
-7.2698 77.8776 -36.4174 0.0000 1650400541397 1922411.7500 -0.1955
-7.1822 77.7880 -36.4645 0.0000 1650400541426 1922440.7500 -0.1955
-7.2579 77.7854 -36.4605 0.0000 1650400541455 1922469.7500 -0.1955
-7.1345 77.7277 -36.4803 0.0000 1650400541484 1922499.7500 -0.1955
-7.0872 77.6928 -36.5415 0.0000 1650400541513 1922530.5000 -0.1960
-7.3499 77.8666 -36.4208 0.0000 1650400541542 1922556.7500 -0.1960
-7.1894 77.7369 -36.4936 0.0000 1650400541571 1922588.7500 -0.1957
-7.4309 77.9634 -36.3796 0.0000 1650400541599 1922614.5000 -0.1955
-7.3304 77.8578 -36.3881 0.0000 1650400541629 1922643.7500 -0.1956
-7.2412 77.7226 -36.4717 0.0000 1650400541657 1922672.7500 -0.1960
-7.4203 77.8899 -36.4161 0.0000 1650400541686 1922701.7500 -0.1957
-7.3943 77.8304 -36.4503 0.0000 1650400541715 1922730.7500 -0.1955
-7.3516 77.9797 -36.4653 0.0000 1650400541745 1922759.7500 -0.1955
-7.4036 77.9345 -36.4075 0.0000 1650400541774 1922788.7500 -0.1955
-7.4397 77.9057 -36.3875 0.0000 1650400541803 1922817.7500 -0.1955
-7.3705 77.8939 -36.4112 0.0000 1650400541832 1922846.5000 -0.1960
-7.5094 78.0323 -36.4209 0.0000 1650400541861 1922875.5000 -0.1960
-7.3906 77.9658 -36.5086 0.0000 1650400541890 1922904.2500 -0.1955
-7.3053 77.8374 -36.5211 0.0000 1650400541918 1922933.2500 -0.1955
-7.4175 77.9261 -36.4710 0.0000 1650400541947 1922962.2500 -0.1955
-7.4005 77.9285 -36.4029 0.0000 1650400541976 1922991.2500 -0.1955
-7.4005 77.9124 -36.4496 0.0000 1650400542005 1923020.0000 -0.1955
-7.2375 77.9706 -36.4702 0.0000 1650400542034 1923052.0000 -0.1955
-7.3191 77.8505 -36.4392 0.0000 1650400542063 1923078.2500 -0.1955
-7.4155 77.9146 -36.3176 0.0000 1650400542092 1923107.2500 -0.1955
-7.3421 77.9257 -36.4382 0.0000 1650400542122 1923136.2500 -0.1955
-7.3905 77.9074 -36.3687 0.0000 1650400542151 1923165.2500 -0.1955
-7.2880 77.9062 -36.4478 0.0000 1650400542179 1923194.2500 -0.1955
-7.3042 77.8179 -36.5267 0.0000 1650400542209 1923223.2500 -0.1955
-7.2324 77.8717 -36.5415 0.0000 1650400542237 1923252.0000 -0.1955
-7.3575 77.9076 -36.5023 0.0000 1650400542266 1923283.5000 -0.1955
-7.4690 78.0024 -36.4734 0.0000 1650400542295 1923309.7500 -0.1955
-7.4077 77.8938 -36.4418 0.0000 1650400542324 1923339.0000 -0.1955
-7.3818 77.8929 -36.5033 0.0000 1650400542353 1923369.0000 -0.1955
-7.3687 77.8898 -36.4773 0.0000 1650400542382 1923396.7500 -0.1955
-7.4873 77.9066 -36.4563 0.0000 1650400542411 1923425.7500 -0.1955
-7.3642 77.8823 -36.5127 0.0000 1650400542440 1923454.7500 -0.1955
-7.2339 77.8834 -36.4287 0.0000 1650400542469 1923483.7500 -0.1957
-7.3858 78.0215 -36.4552 0.0000 1650400542498 1923512.7500 -0.1960
-7.3572 77.8261 -36.4701 0.0000 1650400542527 1923541.7500 -0.1960
-7.1850 77.8030 -36.5285 0.0000 1650400542556 1923570.7500 -0.1960
-7.4694 78.0246 -36.3706 0.0000 1650400542585 1923599.7500 -0.1960
-7.3853 77.8964 -36.4423 0.0000 1650400542614 1923628.7500 -0.1960
-7.3260 77.9366 -36.4720 0.0000 1650400542643 1923657.7500 -0.1960
-7.3401 77.9550 -36.4227 0.0000 1650400542672 1923686.7500 -0.1960
-7.3908 77.9939 -36.4369 0.0000 1650400542701 1923715.7500 -0.1960
-7.3632 77.9621 -36.4746 0.0000 1650400542730 1923744.7500 -0.1960
-7.4618 77.9942 -36.4591 0.0000 1650400542758 1923773.7500 -0.1960
-7.4435 77.9993 -36.4697 0.0000 1650400542788 1923805.2500 -0.1960
-7.6245 78.1895 -36.3814 0.0000 1650400542816 1923831.2500 -0.1960
-7.5284 78.0599 -36.4526 0.0000 1650400542845 1923860.7500 -0.1955
-7.4522 77.8985 -36.5892 0.0000 1650400542874 1923889.7500 -0.1955
-7.4952 77.9469 -36.5788 0.0000 1650400542904 1923918.7500 -0.1955
-7.6439 78.0887 -36.4622 0.0000 1650400542933 1923947.5000 -0.1955
-7.6142 78.1421 -36.4636 0.0000 1650400542962 1923976.5000 -0.1950
-7.2647 77.8203 -36.5705 0.0000 1650400542991 1924005.5000 -0.1950
-7.5071 77.9360 -36.4494 0.0000 1650400543020 1924035.7500 -0.1950
-7.3697 78.0330 -36.4867 0.0000 1650400543049 1924065.7500 -0.1950
-7.5288 77.8997 -36.4301 0.0000 1650400543077 1924092.2500 -0.1950
-7.4915 78.0056 -36.5435 0.0000 1650400543107 1924121.2500 -0.1950
-7.4747 78.0329 -36.4068 0.0000 1650400543135 1924150.0000 -0.1950
-7.3648 78.0317 -36.4713 0.0000 1650400543164 1924179.2500 -0.1950
-7.4347 78.0573 -36.4350 0.0000 1650400543193 1924208.2500 -0.1955
-7.5627 78.0582 -36.3674 0.0000 1650400543222 1924237.2500 -0.1955
-7.4088 77.9975 -36.4191 0.0000 1650400543251 1924266.2500 -0.1955
-7.2698 77.8543 -36.5143 0.0000 1650400543281 1924295.2500 -0.1955
-7.3422 77.9929 -36.4916 0.0000 1650400543310 1924324.2500 -0.1957
-7.4401 78.0257 -36.3709 0.0000 1650400543338 1924353.2500 -0.1960
-7.6845 78.2341 -36.3505 0.0000 1650400543368 1924382.0000 -0.1960
-7.5450 78.1898 -36.3879 0.0000 1650400543396 1924411.0000 -0.1960
-7.6112 78.1325 -36.4052 0.0000 1650400543425 1924440.0000 -0.1960
-7.5719 78.1191 -36.4369 0.0000 1650400543454 1924468.7500 -0.1960
-7.4514 78.0322 -36.5170 0.0000 1650400543483 1924497.7500 -0.1960
-7.6056 78.0696 -36.4015 0.0000 1650400543512 1924526.7500 -0.1960
-7.3888 77.9780 -36.4932 0.0000 1650400543541 1924557.2500 -0.1960
-7.4646 78.0226 -36.5467 0.0000 1650400543570 1924584.2500 -0.1960
-7.5745 78.1685 -36.4150 0.0000 1650400543599 1924613.7500 -0.1960
-7.5199 78.1147 -36.4351 0.0000 1650400543628 1924642.7500 -0.1960
-7.7260 78.2289 -36.3011 0.0000 1650400543657 1924671.7500 -0.1960
-8.2922 78.5333 -35.8365 0.0000 1650400543687 1924700.7500 -0.1960
-8.6511 78.6889 -35.1511 0.0000 1650400543715 1924729.7500 -0.1960
-7.9929 78.1369 -34.8873 0.0000 1650400543744 1924758.7500 -0.1960
-8.0173 78.6269 -34.0317 0.0000 1650400543773 1924787.7500 -0.1960
-7.3699 77.8673 -33.8321 0.0000 1650400543802 1924819.5000 -0.1955
-7.4980 78.0114 -33.1789 0.0000 1650400543831 1924847.0000 -0.1955
-7.7620 78.1656 -32.3745 0.0000 1650400543860 1924874.7500 -0.1955
-7.2843 77.8956 -31.9515 0.0000 1650400543889 1924904.7500 -0.1955
-7.3801 78.2105 -31.1257 0.0000 1650400543918 1924932.7500 -0.1955
-7.0945 78.0265 -30.5385 0.0000 1650400543947 1924961.7500 -0.1955
-7.4100 78.2652 -29.9208 0.0000 1650400543975 1924990.7500 -0.1955
-7.3131 78.3324 -29.2409 0.0000 1650400544004 1925019.7500 -0.1955
-7.1550 78.2872 -29.0630 0.0000 1650400544033 1925048.5000 -0.1955
-6.8912 78.3145 -28.9257 0.0000 1650400544063 1925077.5000 -0.1955
-6.7628 78.1542 -28.9844 0.0000 1650400544092 1925106.5000 -0.1955
-6.8900 78.3575 -28.8155 0.0000 1650400544121 1925135.2500 -0.1955
-6.6377 78.4969 -29.0344 0.0000 1650400544150 1925164.2500 -0.1955
-6.6467 78.5930 -28.9261 0.0000 1650400544179 1925193.2500 -0.1955
-6.7165 78.7219 -28.8981 0.0000 1650400544208 1925222.2500 -0.1960
-6.5485 78.7464 -28.8526 0.0000 1650400544236 1925251.2500 -0.1960
-6.7337 78.5874 -28.7743 0.0000 1650400544266 1925280.2500 -0.1960
-6.6602 78.6979 -28.9319 0.0000 1650400544294 1925309.2500 -0.1960
-6.7634 78.6919 -28.8320 0.0000 1650400544323 1925339.5000 -0.1960
-6.8565 78.6814 -28.8038 0.0000 1650400544352 1925368.2500 -0.1960
-6.7554 78.4925 -28.7947 0.0000 1650400544381 1925396.2500 -0.1960
-6.8240 78.5780 -28.7718 0.0000 1650400544410 1925425.2500 -0.1960
-6.8399 78.5933 -28.7274 0.0000 1650400544439 1925454.2500 -0.1960
-6.7947 78.6068 -28.6708 0.0000 1650400544469 1925483.0000 -0.1960
-6.6512 78.4587 -28.7188 0.0000 1650400544498 1925512.0000 -0.1960
-6.6695 78.4968 -28.6612 0.0000 1650400544527 1925541.0000 -0.1960
-6.8096 78.5950 -28.6811 0.0000 1650400544555 1925570.0000 -0.1960
-6.6613 78.4240 -28.7184 0.0000 1650400544584 1925600.0000 -0.1955
-6.6819 78.3742 -28.6637 0.0000 1650400544613 1925627.7500 -0.1955
-6.8080 78.4648 -28.7295 0.0000 1650400544642 1925658.2500 -0.1955
-6.8586 78.4235 -28.6391 0.0000 1650400544671 1925687.0000 -0.1955
-6.7212 78.2549 -28.7002 0.0000 1650400544700 1925714.7500 -0.1955
-6.7533 78.4567 -28.6427 0.0000 1650400544729 1925743.7500 -0.1955
-6.7441 78.3137 -28.7741 0.0000 1650400544758 1925772.7500 -0.1955
-6.8201 78.4016 -28.7138 0.0000 1650400544789 1925801.7500 -0.1955
-6.8238 78.3494 -28.6898 0.0000 1650400544816 1925830.7500 -0.1955
-6.8579 78.3492 -28.5486 0.0000 1650400544846 1925859.7500 -0.1955
-6.8995 78.4138 -28.6638 0.0000 1650400544874 1925888.7500 -0.1955
-6.8377 78.4369 -28.7402 0.0000 1650400544903 1925917.7500 -0.1955
-6.8304 78.3786 -28.6506 0.0000 1650400544932 1925946.7500 -0.1955
-6.9424 78.3724 -28.7047 0.0000 1650400544961 1925975.7500 -0.1955
-6.8640 78.2300 -28.6933 0.0000 1650400544990 1926004.7500 -0.1955
-6.8851 78.1446 -28.7659 0.0000 1650400545019 1926033.7500 -0.1955
-6.8121 78.2069 -28.7333 0.0000 1650400545048 1926062.7500 -0.1956
-6.8988 78.1936 -28.7123 0.0000 1650400545077 1926093.0000 -0.1960
-6.8252 78.2340 -28.6569 0.0000 1650400545106 1926121.2500 -0.1960
-6.7671 78.1393 -28.8010 0.0000 1650400545134 1926149.7500 -0.1960
-6.9137 78.2014 -28.6877 0.0000 1650400545164 1926178.5000 -0.1960
-6.8201 78.1881 -28.7725 0.0000 1650400545192 1926207.5000 -0.1960
-6.9721 78.1522 -28.6531 0.0000 1650400545222 1926236.2500 -0.1960
-6.9869 78.4100 -28.7265 0.0000 1650400545251 1926265.0000 -0.1960
-6.9283 78.2870 -28.7435 0.0000 1650400545280 1926294.2500 -0.1958
-6.9939 78.2687 -28.7062 0.0000 1650400545309 1926323.2500 -0.1955
-6.9206 78.2445 -28.7580 0.0000 1650400545338 1926353.5000 -0.1955
-6.8299 78.1283 -29.2126 0.0000 1650400545367 1926384.0000 -0.1960
-6.9174 77.8207 -29.9599 0.0000 1650400545396 1926410.2500 -0.1960
-7.1725 77.9490 -30.5808 0.0000 1650400545425 1926440.5000 -0.1955
-6.8192 78.2168 -31.4231 0.0000 1650400545453 1926468.2500 -0.1955
-6.9758 77.9981 -31.8946 0.0000 1650400545482 1926497.2500 -0.1955
-7.1177 78.2042 -32.6852 0.0000 1650400545511 1926526.2500 -0.1955
-7.0087 78.3419 -33.2407 0.0000 1650400545540 1926555.2500 -0.1955
-7.3599 78.1860 -33.8681 0.0000 1650400545569 1926584.2500 -0.1955
-7.0984 78.3662 -34.7408 0.0000 1650400545598 1926613.0000 -0.1955
-7.3146 78.4114 -35.2743 0.0000 1650400545628 1926642.0000 -0.1955
-7.4424 78.3652 -35.9673 0.0000 1650400545657 1926671.0000 -0.1960
-7.3582 78.4145 -36.7887 0.0000 1650400545686 1926699.7500 -0.1960
-7.5462 78.5053 -37.2315 0.0000 1650400545714 1926728.7500 -0.1962
-7.4247 78.5441 -38.0793 0.0000 1650400545744 1926757.7500 -0.1955
-7.5588 78.4769 -38.6739 0.0000 1650400545772 1926786.7500 -0.1957
-7.6060 78.5999 -39.2702 0.0000 1650400545801 1926815.7500 -0.1960
-7.6600 78.6859 -40.0215 0.0000 1650400545830 1926844.7500 -0.1960
-7.7667 78.8650 -40.4443 0.0000 1650400545859 1926874.7500 -0.1960
-7.7771 78.6963 -41.2850 0.0000 1650400545888 1926902.5000 -0.1960
-7.8108 78.7747 -41.8256 0.0000 1650400545917 1926931.7500 -0.1960
-7.7908 78.7974 -42.3065 0.0000 1650400545946 1926960.7500 -0.1960
-7.6641 78.7290 -43.1345 0.0000 1650400545975 1926989.7500 -0.1960
-7.8896 78.8785 -43.6663 0.0000 1650400546004 1927018.7500 -0.1960
-7.6912 78.7181 -44.1528 0.0000 1650400546033 1927047.7500 -0.1960
-7.8224 78.8005 -44.8286 0.0000 1650400546062 1927076.7500 -0.1960
-7.8995 78.9705 -45.4380 0.0000 1650400546091 1927105.7500 -0.1960
-7.7834 78.6991 -46.1214 0.0000 1650400546120 1927138.7500 -0.1960
-8.0480 78.7643 -46.6570 0.0000 1650400546149 1927163.2500 -0.1960
-7.8343 78.8930 -47.0318 0.0000 1650400546178 1927192.7500 -0.1960
-7.9844 78.7614 -47.4838 0.0000 1650400546207 1927224.5000 -0.1960
-7.8622 78.7569 -47.9894 0.0000 1650400546236 1927250.7500 -0.1960
-7.9558 78.6198 -48.6869 0.0000 1650400546265 1927279.7500 -0.1960
-7.6719 78.5456 -48.8275 0.0000 1650400546293 1927308.5000 -0.1960
-7.8072 78.8607 -49.0633 0.0000 1650400546323 1927337.5000 -0.1955
-7.6990 78.6140 -49.4963 0.0000 1650400546351 1927366.2500 -0.1955
-7.7634 78.5971 -49.8793 0.0000 1650400546381 1927395.2500 -0.1955
-7.7905 78.4817 -50.2598 0.0000 1650400546410 1927424.2500 -0.1955
-7.8676 78.4657 -50.5105 0.0000 1650400546439 1927453.2500 -0.1955
-7.9900 78.7244 -50.6050 0.0000 1650400546468 1927482.2500 -0.1955
-7.8589 78.8673 -50.7795 0.0000 1650400546497 1927511.2500 -0.1955
-7.8907 78.7189 -50.7887 0.0000 1650400546526 1927540.2500 -0.1955
-8.1930 78.8125 -50.8723 0.0000 1650400546555 1927569.2500 -0.1955
-8.3997 78.8452 -51.0585 0.0000 1650400546584 1927598.2500 -0.1955
-8.1819 78.7313 -51.2003 0.0000 1650400546612 1927627.2500 -0.1955
-8.2266 78.5803 -51.2484 0.0000 1650400546641 1927658.7500 -0.1955
-8.2861 78.5962 -51.0985 0.0000 1650400546670 1927685.0000 -0.1957
-8.3660 78.5694 -51.1995 0.0000 1650400546699 1927714.0000 -0.1960
-8.2705 78.3562 -51.2984 0.0000 1650400546728 1927743.0000 -0.1960
-8.4217 78.4856 -51.2004 0.0000 1650400546757 1927772.0000 -0.1960
-8.4288 78.5897 -51.1722 0.0000 1650400546787 1927800.7500 -0.1960
-8.4245 78.4282 -51.0104 0.0000 1650400546816 1927829.7500 -0.1960
-8.4805 78.4959 -50.6664 0.0000 1650400546845 1927858.7500 -0.1961
-8.5809 78.6857 -50.4092 0.0000 1650400546873 1927887.7500 -0.1965
-8.4272 78.6557 -50.2331 0.0000 1650400546903 1927918.0000 -0.1965
-8.3757 78.3834 -50.2473 0.0000 1650400546931 1927945.7500 -0.1960
-8.2904 78.1519 -50.1534 0.0000 1650400546960 1927977.7500 -0.1959
-8.4762 78.1788 -49.7418 0.0000 1650400546989 1928003.5000 -0.1960
-8.5767 78.2938 -49.4582 0.0000 1650400547018 1928032.7500 -0.1960
-8.3183 78.1859 -49.2855 0.0000 1650400547047 1928061.7500 -0.1960
-8.0685 78.1775 -48.8840 0.0000 1650400547076 1928090.7500 -0.1960
-8.3209 78.2025 -48.4035 0.0000 1650400547105 1928119.7500 -0.1960
-8.2731 78.0876 -48.0641 0.0000 1650400547134 1928148.7500 -0.1960
-8.0154 78.0886 -47.5893 0.0000 1650400547163 1928177.7500 -0.1960
-8.0692 78.4087 -47.2322 0.0000 1650400547192 1928206.7500 -0.1960
-8.0730 78.2579 -46.7038 0.0000 1650400547222 1928235.7500 -0.1955
-8.1071 78.3191 -46.1539 0.0000 1650400547250 1928264.7500 -0.1955
-7.6343 78.1573 -45.6091 0.0000 1650400547279 1928293.7500 -0.1955
-7.8171 78.2829 -45.1077 0.0000 1650400547308 1928322.7500 -0.1955
-7.8334 78.1839 -44.5977 0.0000 1650400547337 1928351.7500 -0.1955
-7.7043 78.2377 -44.0669 0.0000 1650400547366 1928380.7500 -0.1955
-7.8450 78.3765 -43.2766 0.0000 1650400547395 1928409.0000 -0.1955
-7.8881 78.3955 -42.7300 0.0000 1650400547424 1928441.5000 -0.1955
-7.6321 78.3127 -42.0925 0.0000 1650400547453 1928467.2500 -0.1957
-7.5793 78.1689 -41.5966 0.0000 1650400547482 1928496.2500 -0.1960
-7.7378 78.3129 -40.9166 0.0000 1650400547510 1928525.2500 -0.1960
-7.4122 78.2644 -40.3514 0.0000 1650400547540 1928554.2500 -0.1960
-7.7229 78.5505 -39.6579 0.0000 1650400547569 1928583.2500 -0.1960
-7.5030 78.2160 -39.0297 0.0000 1650400547598 1928612.2500 -0.1960
-7.3003 78.1700 -38.4229 0.0000 1650400547627 1928641.2500 -0.1960
-7.4092 78.3094 -37.6015 0.0000 1650400547656 1928673.0000 -0.1965
-7.3501 78.2751 -36.9375 0.0000 1650400547685 1928699.0000 -0.1965
-7.2842 78.2574 -36.2495 0.0000 1650400547714 1928728.2500 -0.1965
-7.2409 78.3014 -35.5195 0.0000 1650400547743 1928758.5000 -0.1965
-7.2794 78.3434 -34.8259 0.0000 1650400547771 1928786.2500 -0.1960
-7.1303 78.2006 -34.1048 0.0000 1650400547801 1928815.0000 -0.1960
-7.1521 78.3688 -33.4960 0.0000 1650400547829 1928844.0000 -0.1965
-7.2441 78.3640 -32.7691 0.0000 1650400547858 1928873.0000 -0.1965
-7.0889 78.0799 -32.1813 0.0000 1650400547887 1928902.0000 -0.1960
-7.1613 78.4457 -31.4573 0.0000 1650400547916 1928930.7500 -0.1960
-7.2137 78.4242 -30.7783 0.0000 1650400547946 1928959.7500 -0.1960
-7.1115 78.2924 -30.2521 0.0000 1650400547975 1928988.7500 -0.1960
-7.1432 78.4918 -29.7529 0.0000 1650400548004 1929017.7500 -0.1960
-7.0552 78.4742 -28.9359 0.0000 1650400548033 1929046.7500 -0.1960
-6.8479 78.3599 -28.9432 0.0000 1650400548062 1929075.7500 -0.1960
-6.8615 78.5540 -28.9291 0.0000 1650400548090 1929104.7500 -0.1960
-6.7264 78.4871 -28.9791 0.0000 1650400548119 1929133.7500 -0.1957
-6.8507 78.6206 -28.9326 0.0000 1650400548148 1929162.7500 -0.1955
-6.8870 78.8110 -28.8097 0.0000 1650400548177 1929194.5000 -0.1955
-6.8713 78.7999 -28.9136 0.0000 1650400548206 1929220.5000 -0.1955
-6.6611 78.8288 -28.9115 0.0000 1650400548235 1929249.7500 -0.1955
-6.6584 78.8161 -28.9822 0.0000 1650400548264 1929278.7500 -0.1955
-6.7381 78.7919 -28.7762 0.0000 1650400548293 1929307.7500 -0.1955
-6.7034 78.8346 -28.9176 0.0000 1650400548322 1929336.7500 -0.1955
-6.6069 78.8409 -28.8447 0.0000 1650400548351 1929365.7500 -0.1957
-6.6731 78.8991 -28.7595 0.0000 1650400548381 1929394.7500 -0.1960
-6.6040 78.9951 -28.7941 0.0000 1650400548409 1929425.0000 -0.1960
-6.7075 78.9674 -28.8124 0.0000 1650400548438 1929454.7500 -0.1960
-6.6325 78.9588 -28.8074 0.0000 1650400548467 1929481.7500 -0.1961
-6.6104 78.9552 -28.7203 0.0000 1650400548496 1929510.5000 -0.1965
-6.5552 78.8565 -28.8467 0.0000 1650400548525 1929539.2500 -0.1965
-6.6092 78.7944 -28.7923 0.0000 1650400548554 1929568.5000 -0.1965
-6.6114 78.8570 -28.7130 0.0000 1650400548583 1929597.2500 -0.1965
-6.5578 78.7823 -28.6513 0.0000 1650400548612 1929626.2500 -0.1965
-6.6959 78.8739 -28.6795 0.0000 1650400548641 1929655.2500 -0.1965
-6.6767 78.9061 -28.6697 0.0000 1650400548669 1929684.2500 -0.1965
-6.7361 78.8931 -28.6511 0.0000 1650400548699 1929713.2500 -0.1965
-6.6747 78.7748 -28.6044 0.0000 1650400548728 1929742.2500 -0.1965
-6.6159 78.6083 -28.7243 0.0000 1650400548757 1929771.2500 -0.1965
-6.4836 78.6705 -28.6703 0.0000 1650400548786 1929800.2500 -0.1960
-6.6482 78.6190 -28.6558 0.0000 1650400548815 1929829.2500 -0.1960
-6.6501 78.6193 -28.6885 0.0000 1650400548844 1929858.2500 -0.1965
-6.7632 78.7713 -28.7298 0.0000 1650400548873 1929887.2500 -0.1965
-6.6411 78.5785 -28.7406 0.0000 1650400548902 1929916.0000 -0.1960
-6.5944 78.5556 -28.6783 0.0000 1650400548930 1929946.5000 -0.1960
-6.7066 78.6076 -28.6620 0.0000 1650400548960 1929976.5000 -0.1960
-6.4628 78.5537 -28.7256 0.0000 1650400548988 1930003.0000 -0.1960
-6.4615 78.4945 -28.6160 0.0000 1650400549017 1930032.0000 -0.1963
-6.5985 78.5731 -28.6713 0.0000 1650400549046 1930060.7500 -0.1960
-6.5900 78.5494 -28.6164 0.0000 1650400549075 1930089.7500 -0.1960
-6.5196 78.5473 -28.6617 0.0000 1650400549104 1930118.7500 -0.1960
-6.6598 78.6234 -28.6717 0.0000 1650400549134 1930147.7500 -0.1960
-6.6653 78.5453 -28.6946 0.0000 1650400549163 1930176.7500 -0.1960
-6.6088 78.7507 -28.7569 0.0000 1650400549192 1930208.5000 -0.1960
-6.6302 78.5183 -28.7350 0.0000 1650400549221 1930234.2500 -0.1960
-6.6790 78.5712 -28.7047 0.0000 1650400549249 1930263.7500 -0.1961
-6.6640 78.6096 -28.6640 0.0000 1650400549279 1930295.2500 -0.1965
-6.5306 78.4920 -28.7775 0.0000 1650400549307 1930321.7500 -0.1965
-6.6736 78.5134 -28.6595 0.0000 1650400549336 1930350.7500 -0.1965
-6.6431 78.5391 -28.7964 0.0000 1650400549365 1930379.7500 -0.1965
-6.5618 78.4420 -29.6257 0.0000 1650400549394 1930408.7500 -0.1965
-7.0387 78.2403 -30.1384 0.0000 1650400549423 1930437.7500 -0.1965
-7.0946 78.4467 -30.8020 0.0000 1650400549452 1930466.7500 -0.1960
-6.8684 78.2117 -31.5750 0.0000 1650400549481 1930495.7500 -0.1961
-7.2129 78.4036 -31.9705 0.0000 1650400549510 1930524.7500 -0.1965
-7.0823 78.4780 -32.8204 0.0000 1650400549540 1930553.7500 -0.1965
-7.1647 78.3099 -33.5033 0.0000 1650400549568 1930582.7500 -0.1960
-7.5373 78.3813 -34.0108 0.0000 1650400549597 1930611.7500 -0.1960
-7.2558 78.4947 -34.8480 0.0000 1650400549626 1930640.5000 -0.1960
-7.6021 78.5240 -35.3545 0.0000 1650400549655 1930669.5000 -0.1960
-7.4692 78.6066 -36.1413 0.0000 1650400549684 1930698.2500 -0.1960
-7.4865 78.4440 -36.8091 0.0000 1650400549713 1930730.0000 -0.1960
-7.6777 78.3615 -37.4204 0.0000 1650400549742 1930757.2500 -0.1960
-7.5361 78.5083 -38.3694 0.0000 1650400549771 1930785.2500 -0.1960
-7.6975 78.5014 -38.7480 0.0000 1650400549800 1930815.5000 -0.1955
-7.6683 78.5062 -39.4974 0.0000 1650400549828 1930843.2500 -0.1955
-7.6668 78.6113 -40.2359 0.0000 1650400549858 1930872.2500 -0.1955
-7.8008 78.6627 -40.6322 0.0000 1650400549887 1930901.2500 -0.1955
-7.6708 78.6968 -41.5087 0.0000 1650400549916 1930930.2500 -0.1955
-7.7466 78.7368 -42.0494 0.0000 1650400549945 1930959.2500 -0.1955
-7.6150 78.6794 -42.6601 0.0000 1650400549974 1930989.0000 -0.1955
-7.6722 78.6717 -43.3382 0.0000 1650400550003 1931017.2500 -0.1955
-7.9583 78.9989 -43.6911 0.0000 1650400550032 1931047.5000 -0.1955
-7.8078 78.6714 -44.4299 0.0000 1650400550061 1931074.2500 -0.1955
-7.6960 78.5673 -45.1772 0.0000 1650400550090 1931104.0000 -0.1960
-7.8865 78.7496 -45.5745 0.0000 1650400550119 1931133.0000 -0.1960
-7.9526 78.9484 -46.0542 0.0000 1650400550147 1931161.7500 -0.1960
-7.9575 78.7025 -46.9228 0.0000 1650400550176 1931190.7500 -0.1960
-7.8049 78.7520 -47.2250 0.0000 1650400550205 1931219.7500 -0.1960
-7.9553 78.9190 -47.6156 0.0000 1650400550234 1931248.7500 -0.1960
-7.9560 78.6433 -48.1477 0.0000 1650400550263 1931277.7500 -0.1960
-8.0182 78.7333 -48.7591 0.0000 1650400550293 1931306.7500 -0.1960
-7.7818 78.6647 -49.0299 0.0000 1650400550322 1931335.7500 -0.1960
-7.6823 78.6801 -49.0833 0.0000 1650400550351 1931364.7500 -0.1960
-8.0277 78.7888 -49.5706 0.0000 1650400550380 1931393.7500 -0.1960
-7.8798 78.4667 -50.0024 0.0000 1650400550408 1931422.7500 -0.1960
-7.7508 78.5151 -50.2006 0.0000 1650400550438 1931451.7500 -0.1960
-7.7408 78.4446 -50.5408 0.0000 1650400550466 1931482.2500 -0.1960
-7.7539 78.4843 -50.6481 0.0000 1650400550495 1931510.5000 -0.1960
-7.9408 78.6350 -50.7653 0.0000 1650400550524 1931538.7500 -0.1955
-7.9432 78.6043 -50.9108 0.0000 1650400550553 1931567.7500 -0.1955
-8.1343 78.7981 -51.0197 0.0000 1650400550582 1931596.7500 -0.1955
-8.1847 78.7600 -51.0105 0.0000 1650400550611 1931625.7500 -0.1955
-8.2034 78.5497 -51.2976 0.0000 1650400550640 1931654.7500 -0.1955
-8.1539 78.3562 -51.2589 0.0000 1650400550669 1931683.7500 -0.1955
-8.1833 78.2973 -51.2595 0.0000 1650400550699 1931712.7500 -0.1955
-8.2905 78.3847 -51.2463 0.0000 1650400550727 1931742.2500 -0.1955
-8.2426 78.4211 -51.2674 0.0000 1650400550757 1931773.5000 -0.1957
-8.1888 78.2144 -51.2850 0.0000 1650400550785 1931799.5000 -0.1960
-8.3930 78.4641 -51.0827 0.0000 1650400550814 1931829.5000 -0.1958
-8.3846 78.4267 -50.9053 0.0000 1650400550843 1931857.2500 -0.1955
-8.4783 78.5328 -50.5885 0.0000 1650400550872 1931886.2500 -0.1957
-8.5274 78.6435 -50.3685 0.0000 1650400550901 1931915.2500 -0.1960
-8.1969 78.4777 -50.2106 0.0000 1650400550930 1931944.2500 -0.1960
-8.2725 78.4160 -50.1298 0.0000 1650400550959 1931973.2500 -0.1960
-8.3808 78.2357 -50.1037 0.0000 1650400550987 1932002.2500 -0.1960
-8.3145 78.2181 -49.5983 0.0000 1650400551017 1932031.2500 -0.1960
-8.3871 78.3110 -49.4351 0.0000 1650400551046 1932060.2500 -0.1960
-8.1608 78.4512 -48.9896 0.0000 1650400551075 1932089.2500 -0.1960
-8.1752 78.4138 -48.8456 0.0000 1650400551104 1932118.2500 -0.1960
-8.2440 78.1428 -48.4857 0.0000 1650400551133 1932147.2500 -0.1965
-8.2307 78.1041 -48.0090 0.0000 1650400551162 1932176.0000 -0.1965
-8.1314 78.3566 -47.5321 0.0000 1650400551191 1932205.0000 -0.1965
-7.7853 78.1148 -47.2670 0.0000 1650400551220 1932234.0000 -0.1965
-8.1242 78.3475 -46.5327 0.0000 1650400551249 1932264.2500 -0.1960
-8.1603 78.1281 -46.2132 0.0000 1650400551278 1932293.0000 -0.1960
-7.8904 78.1830 -45.5363 0.0000 1650400551306 1932320.7500 -0.1960
-8.1509 78.4093 -44.9807 0.0000 1650400551336 1932349.7500 -0.1960
-7.9291 78.1933 -44.4144 0.0000 1650400551364 1932378.7500 -0.1955
-7.6522 78.0524 -43.9115 0.0000 1650400551393 1932407.7500 -0.1955
-7.7861 78.2046 -43.2724 0.0000 1650400551422 1932436.7500 -0.1955
-7.7359 78.2496 -42.5760 0.0000 1650400551452 1932465.7500 -0.1955
-7.5041 78.2307 -42.0637 0.0000 1650400551481 1932494.7500 -0.1950
-7.7391 78.3040 -41.2969 0.0000 1650400551510 1932526.5000 -0.1950
-7.5981 78.1172 -40.6667 0.0000 1650400551539 1932552.5000 -0.1952
-7.5391 78.3104 -40.0103 0.0000 1650400551568 1932581.7500 -0.1955
-7.5369 78.2331 -39.3586 0.0000 1650400551597 1932613.5000 -0.1955
-7.3931 78.1444 -38.7907 0.0000 1650400551625 1932639.7500 -0.1955
-7.4434 78.3702 -38.0864 0.0000 1650400551654 1932668.7500 -0.1955
-7.4974 78.2086 -37.4238 0.0000 1650400551683 1932697.7500 -0.1955
-7.3152 78.1931 -36.6916 0.0000 1650400551712 1932726.7500 -0.1955
-7.3605 78.2884 -35.9562 0.0000 1650400551741 1932755.7500 -0.1955
-7.3720 78.2685 -35.2691 0.0000 1650400551770 1932784.7500 -0.1957
-7.2708 78.1478 -34.6623 0.0000 1650400551799 1932813.7500 -0.1960
-7.3230 78.3007 -33.9476 0.0000 1650400551828 1932842.7500 -0.1960
-7.3497 78.4187 -33.3099 0.0000 1650400551858 1932871.5000 -0.1960
-7.2441 78.2775 -32.6253 0.0000 1650400551886 1932900.5000 -0.1960
-7.1666 78.1996 -31.9419 0.0000 1650400551916 1932929.2500 -0.1960
-7.1573 78.4235 -31.2685 0.0000 1650400551944 1932958.2500 -0.1960
-7.1158 78.3862 -30.5186 0.0000 1650400551973 1932987.2500 -0.1960
-6.9654 78.3068 -30.0329 0.0000 1650400552002 1933016.2500 -0.1960
-7.1491 78.3947 -29.3838 0.0000 1650400552031 1933047.7500 -0.1960
-7.0846 78.3619 -28.8817 0.0000 1650400552060 1933074.0000 -0.1960
-7.0900 78.4893 -28.9121 0.0000 1650400552089 1933103.2500 -0.1960
-6.7521 78.5501 -28.9595 0.0000 1650400552118 1933132.2500 -0.1960
-6.8653 78.5190 -28.9738 0.0000 1650400552147 1933161.2500 -0.1960
-7.0229 78.7132 -28.8266 0.0000 1650400552176 1933190.2500 -0.1960
-6.9721 78.7894 -28.8725 0.0000 1650400552205 1933219.2500 -0.1955
-6.8772 78.7440 -28.9373 0.0000 1650400552234 1933248.2500 -0.1955
-7.0223 78.9927 -28.8664 0.0000 1650400552263 1933276.7500 -0.1955
-6.9991 79.1353 -28.8217 0.0000 1650400552292 1933307.0000 -0.1955
-6.6180 78.9730 -28.9019 0.0000 1650400552321 1933335.0000 -0.1955
-6.8186 78.9919 -28.8051 0.0000 1650400552350 1933365.2500 -0.1955
-6.5483 78.9821 -28.7490 0.0000 1650400552379 1933392.5000 -0.1955
-6.8470 79.1753 -28.8082 0.0000 1650400552408 1933421.7500 -0.1955
-6.8135 78.9796 -28.7889 0.0000 1650400552437 1933450.7500 -0.1955
-6.7656 79.0810 -28.7331 0.0000 1650400552465 1933479.7500 -0.1955
-6.7941 79.1196 -28.6707 0.0000 1650400552495 1933508.7500 -0.1955
-6.6937 78.9688 -28.6947 0.0000 1650400552523 1933537.7500 -0.1955
-6.6179 78.9320 -28.7120 0.0000 1650400552552 1933566.7500 -0.1957
-6.6241 78.9621 -28.6804 0.0000 1650400552581 1933595.7500 -0.1960
-6.5926 79.0020 -28.6202 0.0000 1650400552611 1933624.7500 -0.1960
-6.5652 78.9876 -28.6031 0.0000 1650400552640 1933653.7500 -0.1960
-6.5005 78.9414 -28.6200 0.0000 1650400552669 1933682.7500 -0.1960
-6.6048 78.8702 -28.7147 0.0000 1650400552698 1933711.7500 -0.1960
-6.6833 79.0333 -28.6224 0.0000 1650400552727 1933740.7500 -0.1960
-6.6258 78.7543 -28.6592 0.0000 1650400552756 1933769.7500 -0.1960
-6.6853 78.8973 -28.6387 0.0000 1650400552784 1933799.7500 -0.1960
-6.6853 78.8987 -28.5880 0.0000 1650400552813 1933827.2500 -0.1960
-6.4751 78.7906 -28.6889 0.0000 1650400552842 1933856.7500 -0.1960
-6.5895 78.9181 -28.6230 0.0000 1650400552871 1933885.7500 -0.1960
-6.6273 78.8470 -28.6619 0.0000 1650400552900 1933914.7500 -0.1960
-6.6380 78.8185 -28.6185 0.0000 1650400552929 1933943.7500 -0.1960
-6.7196 78.9278 -28.6633 0.0000 1650400552958 1933972.5000 -0.1960
-6.6484 78.7984 -28.6684 0.0000 1650400552987 1934001.5000 -0.1955
-6.6653 78.7974 -28.5617 0.0000 1650400553017 1934030.5000 -0.1955
-6.7046 78.8692 -28.5969 0.0000 1650400553045 1934060.5000 -0.1955
-6.6051 78.6644 -28.6609 0.0000 1650400553075 1934089.7500 -0.1955
-6.5932 78.8181 -28.5879 0.0000 1650400553103 1934117.2500 -0.1955
-6.6267 78.6934 -28.6170 0.0000 1650400553132 1934147.5000 -0.1955
-6.6354 78.6530 -28.6536 0.0000 1650400553161 1934175.2500 -0.1955
-6.7048 78.7042 -28.6049 0.0000 1650400553190 1934204.2500 -0.1955
-6.5792 78.6820 -28.6200 0.0000 1650400553219 1934233.2500 -0.1956
-6.5727 78.7451 -28.6687 0.0000 1650400553248 1934262.2500 -0.1955
-6.7680 78.8350 -28.5945 0.0000 1650400553277 1934291.2500 -0.1955
-6.6684 78.7572 -28.6438 0.0000 1650400553306 1934320.2500 -0.1955
-6.7347 78.8144 -28.6363 0.0000 1650400553335 1934349.2500 -0.1955
-6.7904 78.8109 -28.5424 0.0000 1650400553364 1934378.2500 -0.1955
-6.7402 78.7594 -28.8474 0.0000 1650400553394 1934407.0000 -0.1955
-6.6937 78.4875 -29.6505 0.0000 1650400553422 1934436.0000 -0.1955
-7.3679 78.3460 -30.1449 0.0000 1650400553451 1934465.0000 -0.1956
-7.0981 78.5645 -30.9391 0.0000 1650400553480 1934493.7500 -0.1960
-6.9664 78.3863 -31.5733 0.0000 1650400553509 1934522.7500 -0.1960
-7.2442 78.3354 -32.2300 0.0000 1650400553538 1934551.7500 -0.1960
-7.0916 78.6250 -33.0091 0.0000 1650400553567 1934582.0000 -0.1960
-7.2401 78.3178 -33.6208 0.0000 1650400553596 1934609.5000 -0.1960
-7.4637 78.5097 -34.2488 0.0000 1650400553624 1934638.7500 -0.1960
-7.2765 78.3304 -35.0035 0.0000 1650400553654 1934667.7500 -0.1960
-7.6270 78.4893 -35.5380 0.0000 1650400553682 1934696.7500 -0.1960
-7.4625 78.4170 -36.4749 0.0000 1650400553711 1934725.7500 -0.1960
-7.4557 78.4507 -36.9356 0.0000 1650400553740 1934754.7500 -0.1960
-7.7264 78.3981 -37.6908 0.0000 1650400553770 1934783.7500 -0.1960
-7.5909 78.4233 -38.4245 0.0000 1650400553799 1934812.7500 -0.1960
-7.4985 78.4158 -39.0034 0.0000 1650400553828 1934844.0000 -0.1960
-7.6598 78.5278 -39.7523 0.0000 1650400553857 1934870.7500 -0.1960
-7.7201 78.6571 -40.2900 0.0000 1650400553886 1934901.2500 -0.1960
-7.7683 78.6213 -40.9818 0.0000 1650400553915 1934928.5000 -0.1960
-7.6200 78.5897 -41.7711 0.0000 1650400553943 1934957.7500 -0.1955
-7.7427 78.7771 -42.1044 0.0000 1650400553973 1934986.7500 -0.1955
-7.7843 78.5433 -42.8733 0.0000 1650400554001 1935015.7500 -0.1955
-7.8450 78.7195 -43.5400 0.0000 1650400554030 1935044.7500 -0.1955
-7.7816 78.8586 -43.9050 0.0000 1650400554059 1935073.5000 -0.1950
-7.8102 78.7014 -44.5156 0.0000 1650400554088 1935102.5000 -0.1950
-7.8873 78.7278 -45.3204 0.0000 1650400554117 1935131.5000 -0.1951
-7.9025 78.8938 -45.6212 0.0000 1650400554146 1935160.2500 -0.1955
-7.7978 78.6047 -46.4099 0.0000 1650400554176 1935189.2500 -0.1950
-7.8858 78.6805 -47.0960 0.0000 1650400554205 1935218.2500 -0.1950
-7.8167 78.8612 -47.3528 0.0000 1650400554234 1935247.2500 -0.1951
-7.9103 78.7002 -47.7367 0.0000 1650400554262 1935276.2500 -0.1955
-7.9392 78.7031 -48.3657 0.0000 1650400554291 1935305.2500 -0.1960
-7.6889 78.3647 -48.8683 0.0000 1650400554320 1935335.7500 -0.1960
-7.8583 78.5890 -49.0672 0.0000 1650400554349 1935365.7500 -0.1958
-7.8032 78.6055 -49.2788 0.0000 1650400554378 1935392.2500 -0.1955
-7.9007 78.7195 -49.5916 0.0000 1650400554407 1935421.2500 -0.1955
-8.0932 78.5269 -50.1675 0.0000 1650400554436 1935450.2500 -0.1960
-7.6832 78.3605 -50.4153 0.0000 1650400554465 1935479.2500 -0.1960
-7.8133 78.4590 -50.7046 0.0000 1650400554494 1935508.0000 -0.1960
-7.7633 78.4883 -50.6149 0.0000 1650400554523 1935537.0000 -0.1960
-7.8527 78.5815 -50.8734 0.0000 1650400554553 1935566.0000 -0.1955
-8.0585 78.6348 -50.8481 0.0000 1650400554581 1935596.2500 -0.1955
-7.8814 78.6289 -51.0361 0.0000 1650400554610 1935625.0000 -0.1955
-7.9821 78.6286 -51.1400 0.0000 1650400554639 1935652.7500 -0.1955
-8.1107 78.4422 -51.2607 0.0000 1650400554668 1935684.7500 -0.1955
-8.0879 78.3903 -51.2310 0.0000 1650400554697 1935710.7500 -0.1955
-8.2775 78.4159 -51.2305 0.0000 1650400554726 1935739.7500 -0.1950
-8.2001 78.2933 -51.2769 0.0000 1650400554755 1935768.7500 -0.1950
-8.1426 78.1982 -51.4365 0.0000 1650400554784 1935797.7500 -0.1950
-8.3202 78.2696 -51.1615 0.0000 1650400554813 1935826.7500 -0.1950
-8.2482 78.4210 -50.9996 0.0000 1650400554841 1935855.7500 -0.1950
-8.4498 78.4879 -50.7661 0.0000 1650400554870 1935884.7500 -0.1950
-8.3816 78.5092 -50.5298 0.0000 1650400554899 1935913.7500 -0.1945
-8.2883 78.5203 -50.3661 0.0000 1650400554929 1935942.7500 -0.1945
-8.1068 78.3237 -50.2209 0.0000 1650400554958 1935971.7500 -0.1950
-8.3298 78.3342 -49.9984 0.0000 1650400554987 1936000.7500 -0.1950
-8.4475 78.2903 -49.7917 0.0000 1650400555016 1936029.7500 -0.1950
-8.3873 78.3323 -49.4297 0.0000 1650400555045 1936058.7500 -0.1950
-8.3973 78.4833 -49.2027 0.0000 1650400555074 1936087.7500 -0.1950
-8.2938 78.5313 -48.7837 0.0000 1650400555102 1936118.0000 -0.1950
-8.3319 78.4300 -48.5209 0.0000 1650400555132 1936145.0000 -0.1951
-8.2724 78.3506 -48.1789 0.0000 1650400555160 1936174.7500 -0.1955
-8.2495 78.1571 -47.8076 0.0000 1650400555189 1936203.5000 -0.1955
-7.9677 78.2564 -47.4140 0.0000 1650400555218 1936232.5000 -0.1955
-7.9711 78.1364 -46.9907 0.0000 1650400555247 1936261.2500 -0.1955
-7.9607 78.1374 -46.4531 0.0000 1650400555276 1936290.2500 -0.1955
-7.9738 78.0936 -45.9937 0.0000 1650400555305 1936319.2500 -0.1955
-7.8306 78.2494 -45.3896 0.0000 1650400555334 1936348.2500 -0.1960
-7.9791 78.1350 -44.7108 0.0000 1650400555364 1936379.5000 -0.1958
-7.8410 78.0822 -44.1185 0.0000 1650400555393 1936406.2500 -0.1955
-7.6844 78.2110 -43.5965 0.0000 1650400555421 1936435.2500 -0.1955
-7.8198 78.1309 -43.0919 0.0000 1650400555451 1936465.2500 -0.1960
-7.6709 78.2110 -42.3867 0.0000 1650400555479 1936493.2500 -0.1958
-7.4774 78.1597 -41.8418 0.0000 1650400555508 1936522.2500 -0.1955
-7.6698 78.2434 -41.0882 0.0000 1650400555537 1936551.2500 -0.1955
-7.6567 78.3217 -40.5273 0.0000 1650400555566 1936580.2500 -0.1955
-7.4828 78.2291 -39.9108 0.0000 1650400555595 1936609.0000 -0.1955
-7.7310 78.3672 -39.1766 0.0000 1650400555624 1936638.0000 -0.1955
-7.3654 78.1355 -38.5687 0.0000 1650400555653 1936667.0000 -0.1955
-7.4928 78.4015 -37.8070 0.0000 1650400555681 1936696.0000 -0.1950
-7.5392 78.2736 -37.1002 0.0000 1650400555711 1936724.7500 -0.1950
-7.4557 78.3084 -36.5792 0.0000 1650400555740 1936753.7500 -0.1955
-7.4738 78.2740 -35.7698 0.0000 1650400555770 1936782.7500 -0.1955
-7.5064 78.3666 -35.1535 0.0000 1650400555798 1936811.7500 -0.1950
-7.4187 78.3942 -34.5112 0.0000 1650400555827 1936840.7500 -0.1950
-7.2949 78.2553 -33.7671 0.0000 1650400555856 1936871.2500 -0.1955
-7.3265 78.4497 -33.0746 0.0000 1650400555885 1936899.5000 -0.1955
-7.3933 78.3114 -32.5149 0.0000 1650400555914 1936927.7500 -0.1955
-7.2182 78.2709 -31.7988 0.0000 1650400555943 1936956.7500 -0.1955
-7.2309 78.4833 -31.1071 0.0000 1650400555972 1936985.7500 -0.1955
-7.3209 78.4089 -30.3735 0.0000 1650400556000 1937014.7500 -0.1955
-7.2505 78.3773 -29.6962 0.0000 1650400556030 1937043.7500 -0.1956
-7.2065 78.3473 -29.1616 0.0000 1650400556058 1937072.7500 -0.1960
-7.0637 78.4701 -28.8461 0.0000 1650400556087 1937101.7500 -0.1960
-6.8148 78.3337 -28.8582 0.0000 1650400556117 1937131.7500 -0.1960
-6.8511 78.5237 -28.8547 0.0000 1650400556146 1937162.5000 -0.1961
-6.9259 78.5141 -28.7831 0.0000 1650400556175 1937188.7500 -0.1965
-6.9764 78.8322 -28.8152 0.0000 1650400556204 1937218.7500 -0.1965
-7.0283 78.7407 -28.8340 0.0000 1650400556233 1937246.7500 -0.1965
-6.8745 78.9368 -28.8317 0.0000 1650400556262 1937275.7500 -0.1965
-7.0155 78.7914 -28.7922 0.0000 1650400556291 1937304.5000 -0.1965
-6.8990 78.8149 -28.8464 0.0000 1650400556319 1937333.5000 -0.1965
-7.1157 78.9491 -28.7282 0.0000 1650400556348 1937362.5000 -0.1965
-6.8630 78.9476 -28.8215 0.0000 1650400556377 1937391.2500 -0.1965
-6.8213 79.1400 -28.7815 0.0000 1650400556406 1937420.2500 -0.1960
-6.7461 78.8855 -28.8237 0.0000 1650400556435 1937449.2500 -0.1960
-6.7514 79.0333 -28.7565 0.0000 1650400556464 1937478.2500 -0.1960
-6.8277 79.1047 -28.7688 0.0000 1650400556493 1937507.2500 -0.1960
-6.7365 78.9142 -28.7387 0.0000 1650400556523 1937536.2500 -0.1955
-6.8021 79.1722 -28.7231 0.0000 1650400556552 1937565.2500 -0.1955
-6.7283 78.9760 -28.7447 0.0000 1650400556580 1937594.2500 -0.1955
-6.8401 79.0418 -28.6349 0.0000 1650400556610 1937623.2500 -0.1955
-6.7011 79.0416 -28.6801 0.0000 1650400556638 1937653.5000 -0.1955
-6.8115 79.1154 -28.7358 0.0000 1650400556667 1937682.2500 -0.1955
-6.6904 78.9316 -28.6373 0.0000 1650400556696 1937710.2500 -0.1950
-6.8777 78.9900 -28.5641 0.0000 1650400556725 1937739.0000 -0.1950
-6.7777 78.9139 -28.6069 0.0000 1650400556754 1937768.0000 -0.1952
-6.7685 78.9159 -28.5188 0.0000 1650400556783 1937797.0000 -0.1955
-6.8859 79.0988 -28.5955 0.0000 1650400556812 1937825.7500 -0.1955
-6.6100 78.8030 -28.6603 0.0000 1650400556841 1937854.7500 -0.1955
-6.8424 79.1343 -28.5747 0.0000 1650400556870 1937883.7500 -0.1957
-6.7052 78.8903 -28.6326 0.0000 1650400556899 1937915.5000 -0.1960
-6.9300 78.8893 -28.6512 0.0000 1650400556928 1937941.5000 -0.1960
-6.8049 78.8785 -28.5138 0.0000 1650400556957 1937970.7500 -0.1960
-6.8389 78.9002 -28.6030 0.0000 1650400556986 1938002.5000 -0.1960
-6.9162 78.8369 -28.5830 0.0000 1650400557015 1938028.7500 -0.1960
-6.7671 78.8915 -28.6198 0.0000 1650400557044 1938057.7500 -0.1960
-6.7339 78.7054 -28.5123 0.0000 1650400557073 1938086.7500 -0.1960
-6.8343 78.6754 -28.5202 0.0000 1650400557102 1938115.7500 -0.1960
-6.6893 78.7271 -28.5936 0.0000 1650400557131 1938144.7500 -0.1960
-6.7882 78.8278 -28.6425 0.0000 1650400557159 1938173.7500 -0.1960
-6.6507 78.6664 -28.6305 0.0000 1650400557189 1938202.7500 -0.1960
-6.7221 78.5081 -28.6386 0.0000 1650400557217 1938231.7500 -0.1960
-6.8083 78.6618 -28.5767 0.0000 1650400557246 1938260.7500 -0.1960
-6.8394 78.6263 -28.6099 0.0000 1650400557276 1938289.7500 -0.1960
-6.7941 78.6403 -28.5899 0.0000 1650400557305 1938318.7500 -0.1955
-6.8679 78.7160 -28.5255 0.0000 1650400557334 1938347.7500 -0.1955
-6.8171 78.7575 -28.6224 0.0000 1650400557363 1938376.7500 -0.1955
-6.9108 78.7726 -28.5517 0.0000 1650400557392 1938405.7500 -0.1955
-7.0263 78.8300 -28.9874 0.0000 1650400557421 1938437.0000 -0.1955
-6.7913 78.4167 -29.6677 0.0000 1650400557450 1938463.2500 -0.1955
-7.1581 78.3418 -30.2296 0.0000 1650400557478 1938492.2500 -0.1955
-6.8974 78.5455 -31.1554 0.0000 1650400557508 1938521.2500 -0.1955
-7.1063 78.3596 -31.7426 0.0000 1650400557536 1938550.2500 -0.1955
-7.2902 78.2826 -32.3227 0.0000 1650400557565 1938579.2500 -0.1955
-7.0705 78.5516 -33.1579 0.0000 1650400557594 1938608.2500 -0.1955
-7.4399 78.4009 -33.6963 0.0000 1650400557623 1938637.2500 -0.1955
-7.3123 78.4526 -34.4665 0.0000 1650400557652 1938669.2500 -0.1957
-7.4379 78.4218 -35.1524 0.0000 1650400557682 1938696.2500 -0.1960
-7.7713 78.5408 -35.6333 0.0000 1650400557711 1938724.2500 -0.1960
-7.5528 78.5877 -36.5610 0.0000 1650400557740 1938753.2500 -0.1960
-7.6252 78.5518 -36.9627 0.0000 1650400557769 1938782.0000 -0.1960
-7.6107 78.5180 -37.9398 0.0000 1650400557797 1938811.2500 -0.1960
-7.6313 78.5264 -38.4665 0.0000 1650400557826 1938840.0000 -0.1960
-7.8699 78.6395 -38.9354 0.0000 1650400557855 1938869.0000 -0.1960
-7.5633 78.4474 -39.9745 0.0000 1650400557884 1938898.0000 -0.1961
-7.6750 78.7008 -40.3210 0.0000 1650400557913 1938927.0000 -0.1965
-7.6996 78.5289 -41.1412 0.0000 1650400557942 1938955.7500 -0.1965
-7.8045 78.6916 -41.8193 0.0000 1650400557971 1938984.7500 -0.1965
-7.7298 78.6112 -42.2215 0.0000 1650400558000 1939013.7500 -0.1965
-7.7082 78.6460 -42.8593 0.0000 1650400558029 1939042.7500 -0.1965
-7.7457 78.7810 -43.6575 0.0000 1650400558058 1939071.7500 -0.1965
-7.7259 78.7152 -44.0217 0.0000 1650400558088 1939100.7500 -0.1965
-7.8250 78.7002 -44.7185 0.0000 1650400558116 1939129.7500 -0.1965
-7.7797 78.5860 -45.4469 0.0000 1650400558145 1939158.7500 -0.1965
-7.8364 78.6738 -45.7648 0.0000 1650400558174 1939188.7500 -0.1965
-7.9053 78.7069 -46.4731 0.0000 1650400558203 1939219.5000 -0.1960
-7.8257 78.6427 -47.2493 0.0000 1650400558232 1939245.7500 -0.1960
-7.7012 78.5971 -47.4993 0.0000 1650400558261 1939274.7500 -0.1960
-7.9235 78.7453 -47.9264 0.0000 1650400558290 1939303.7500 -0.1960
-8.0463 78.6782 -48.4500 0.0000 1650400558319 1939332.7500 -0.1957
-7.6277 78.3133 -49.0484 0.0000 1650400558348 1939361.7500 -0.1955
-8.0057 78.6955 -49.0680 0.0000 1650400558376 1939390.7500 -0.1960
-7.7250 78.5917 -49.3609 0.0000 1650400558405 1939419.7500 -0.1960
-8.0255 78.6226 -49.8418 0.0000 1650400558435 1939451.2500 -0.1957
-7.7050 78.2367 -50.1561 0.0000 1650400558464 1939479.0000 -0.1955
-7.9703 78.4984 -50.4372 0.0000 1650400558493 1939506.7500 -0.1960
-7.7703 78.3299 -50.8322 0.0000 1650400558522 1939537.0000 -0.1960
-7.8409 78.4321 -50.7072 0.0000 1650400558551 1939564.5000 -0.1960
-7.8680 78.4676 -50.9039 0.0000 1650400558580 1939593.5000 -0.1960
-7.9270 78.5385 -50.9221 0.0000 1650400558609 1939622.2500 -0.1960
-8.0259 78.6097 -50.9111 0.0000 1650400558637 1939651.2500 -0.1960
-8.0319 78.5010 -51.2304 0.0000 1650400558667 1939680.2500 -0.1960
-8.0539 78.3645 -51.3505 0.0000 1650400558695 1939709.2500 -0.1960
-8.2013 78.3609 -51.3005 0.0000 1650400558724 1939738.2500 -0.1960
-8.2585 78.2636 -51.3288 0.0000 1650400558753 1939767.2500 -0.1960
-8.3586 78.3964 -51.2382 0.0000 1650400558782 1939796.2500 -0.1960
-8.3642 78.4601 -51.2142 0.0000 1650400558811 1939825.2500 -0.1960
-8.2598 78.1848 -51.2986 0.0000 1650400558841 1939854.2500 -0.1960
-8.3350 78.2529 -51.0142 0.0000 1650400558870 1939883.2500 -0.1960
-8.3781 78.4102 -50.6838 0.0000 1650400558899 1939912.2500 -0.1960
-8.5664 78.6428 -50.4189 0.0000 1650400558928 1939941.2500 -0.1960
-8.3142 78.3856 -50.2745 0.0000 1650400558956 1939972.5000 -0.1960
-8.2746 78.3432 -50.0867 0.0000 1650400558986 1939998.7500 -0.1955
-8.4215 78.1878 -49.9980 0.0000 1650400559014 1940028.0000 -0.1955
-8.4435 78.2631 -49.7356 0.0000 1650400559043 1940056.7500 -0.1955
-8.4135 78.3211 -49.5393 0.0000 1650400559072 1940085.7500 -0.1955
-8.2687 78.3600 -49.1213 0.0000 1650400559101 1940114.7500 -0.1955
-8.1089 78.2806 -48.9064 0.0000 1650400559130 1940143.7500 -0.1955
-8.3444 78.3034 -48.4950 0.0000 1650400559159 1940172.7500 -0.1955
-8.2515 78.1307 -48.1435 0.0000 1650400559188 1940203.2500 -0.1955
-8.2607 78.1180 -47.8182 0.0000 1650400559217 1940231.5000 -0.1954
-7.9787 78.1037 -47.3180 0.0000 1650400559247 1940259.7500 -0.1950
-8.0694 78.2186 -46.9067 0.0000 1650400559275 1940290.2500 -0.1950
-8.0392 78.1033 -46.2664 0.0000 1650400559304 1940319.0000 -0.1950
-7.8041 77.9211 -45.7843 0.0000 1650400559333 1940346.7500 -0.1950
-7.7478 78.0494 -45.4227 0.0000 1650400559362 1940375.7500 -0.1950
-7.9693 78.1367 -44.7057 0.0000 1650400559391 1940404.7500 -0.1955
-7.8549 78.0702 -44.0941 0.0000 1650400559420 1940433.7500 -0.1955
-7.7974 78.3270 -43.2611 0.0000 1650400559449 1940462.7500 -0.1955
-7.9377 78.1553 -42.9559 0.0000 1650400559478 1940491.7500 -0.1955
-7.8123 78.1719 -42.2306 0.0000 1650400559507 1940520.7500 -0.1955
-7.7241 78.1293 -41.6949 0.0000 1650400559535 1940549.7500 -0.1955
-7.8953 78.2826 -41.0774 0.0000 1650400559565 1940578.7500 -0.1955
-7.6780 78.1546 -40.4592 0.0000 1650400559594 1940607.7500 -0.1955
-7.6534 78.1604 -39.7788 0.0000 1650400559623 1940636.7500 -0.1955
-7.6900 78.1912 -39.0732 0.0000 1650400559651 1940665.5000 -0.1955
-7.4044 78.1812 -38.4929 0.0000 1650400559681 1940694.5000 -0.1955
-7.4305 78.2371 -37.7842 0.0000 1650400559710 1940724.7500 -0.1955
-7.4878 78.2004 -37.0496 0.0000 1650400559739 1940753.0000 -0.1955
-7.3886 78.1674 -36.2764 0.0000 1650400559768 1940781.2500 -0.1955
-7.5363 78.3595 -35.5064 0.0000 1650400559797 1940810.2500 -0.1955
-7.4415 78.2184 -34.8991 0.0000 1650400559826 1940839.2500 -0.1950
-7.3140 78.2586 -34.2217 0.0000 1650400559854 1940868.2500 -0.1950
-7.3418 78.3294 -33.5936 0.0000 1650400559883 1940897.2500 -0.1950
-7.4260 78.3874 -32.9231 0.0000 1650400559912 1940926.2500 -0.1950
-7.2062 78.4067 -32.2086 0.0000 1650400559941 1940955.2500 -0.1950
-7.0648 78.2351 -31.6582 0.0000 1650400559970 1940985.5000 -0.1950
-7.1888 78.4000 -31.0065 0.0000 1650400559999 1941014.2500 -0.1945
-7.0241 78.2405 -30.3104 0.0000 1650400560029 1941042.2500 -0.1945
-7.1835 78.3258 -29.6544 0.0000 1650400560058 1941072.5000 -0.1950
-7.1107 78.3692 -29.1694 0.0000 1650400560087 1941100.0000 -0.1950
-7.0127 78.3049 -28.8590 0.0000 1650400560115 1941129.0000 -0.1950
-6.8065 78.4750 -28.8421 0.0000 1650400560145 1941158.0000 -0.1950
-6.8715 78.4870 -28.8487 0.0000 1650400560173 1941186.7500 -0.1950
-6.8850 78.6701 -28.7983 0.0000 1650400560202 1941215.7500 -0.1950
-6.7777 78.6697 -28.9096 0.0000 1650400560231 1941244.7500 -0.1951
-6.9955 78.8945 -28.8260 0.0000 1650400560260 1941273.7500 -0.1955
-6.9841 78.8169 -28.8285 0.0000 1650400560289 1941302.7500 -0.1955
-6.9289 78.9585 -28.7917 0.0000 1650400560318 1941331.7500 -0.1955
-6.9498 78.9173 -28.7936 0.0000 1650400560347 1941360.7500 -0.1955
-6.9651 79.0373 -28.8595 0.0000 1650400560376 1941389.7500 -0.1955
-6.9904 79.0426 -28.7343 0.0000 1650400560406 1941418.7500 -0.1955
-7.0465 79.0756 -28.6676 0.0000 1650400560434 1941447.7500 -0.1955
-6.9550 79.0683 -28.6558 0.0000 1650400560463 1941476.7500 -0.1955
-6.8769 78.9849 -28.6785 0.0000 1650400560492 1941507.0000 -0.1955
-7.0456 79.1510 -28.7161 0.0000 1650400560521 1941536.0000 -0.1955
-7.0424 78.9731 -28.6676 0.0000 1650400560550 1941563.7500 -0.1955
-6.8266 78.9607 -28.6712 0.0000 1650400560579 1941592.7500 -0.1955
-6.8534 79.0152 -28.6465 0.0000 1650400560608 1941621.5000 -0.1955
-6.9926 78.9472 -28.5121 0.0000 1650400560637 1941650.7500 -0.1955
-6.7025 78.8789 -28.6512 0.0000 1650400560666 1941679.7500 -0.1950
-6.8322 78.9335 -28.6156 0.0000 1650400560694 1941708.7500 -0.1950
-6.9175 78.8974 -28.6008 0.0000 1650400560724 1941737.7500 -0.1950
-6.7727 78.8979 -28.6483 0.0000 1650400560752 1941769.0000 -0.1950
-6.9024 78.8738 -28.5702 0.0000 1650400560782 1941795.5000 -0.1950
-6.8584 78.9713 -28.6195 0.0000 1650400560811 1941824.5000 -0.1950
-6.9341 78.8058 -28.5443 0.0000 1650400560840 1941853.0000 -0.1945
-6.8603 78.8181 -28.6098 0.0000 1650400560869 1941882.2500 -0.1945
-6.9664 78.8116 -28.5344 0.0000 1650400560898 1941911.2500 -0.1950
-6.8195 78.8308 -28.5164 0.0000 1650400560927 1941940.2500 -0.1950
-6.8308 78.7482 -28.5249 0.0000 1650400560956 1941969.2500 -0.1950
-6.9479 78.8481 -28.5259 0.0000 1650400560985 1941998.2500 -0.1950
-7.0084 78.7749 -28.4636 0.0000 1650400561013 1942027.2500 -0.1950
-6.7549 78.6492 -28.5221 0.0000 1650400561043 1942056.2500 -0.1950
-6.8277 78.8379 -28.5243 0.0000 1650400561071 1942085.2500 -0.1952
-6.9259 78.6984 -28.4830 0.0000 1650400561100 1942114.2500 -0.1955
-6.8841 78.7223 -28.5339 0.0000 1650400561129 1942143.2500 -0.1955
-6.6687 78.6615 -28.4982 0.0000 1650400561159 1942172.2500 -0.1955
-6.8615 78.6139 -28.5516 0.0000 1650400561188 1942201.0000 -0.1955
-6.8422 78.6321 -28.4986 0.0000 1650400561217 1942230.0000 -0.1955
-6.8666 78.6466 -28.4717 0.0000 1650400561246 1942260.5000 -0.1955
-6.7416 78.5944 -28.6290 0.0000 1650400561274 1942289.0000 -0.1955
-7.0297 78.6489 -28.4762 0.0000 1650400561304 1942316.7500 -0.1955
-6.9265 78.7300 -28.5344 0.0000 1650400561332 1942345.7500 -0.1955
-6.9397 78.6275 -28.5239 0.0000 1650400561361 1942374.7500 -0.1955
-6.9306 78.5890 -28.5282 0.0000 1650400561390 1942403.7500 -0.1955
-6.7674 78.5734 -28.6044 0.0000 1650400561419 1942432.7500 -0.1955
-6.7221 78.5077 -29.1176 0.0000 1650400561448 1942461.7500 -0.1955
-7.0118 78.2028 -29.8019 0.0000 1650400561477 1942490.7500 -0.1955
-7.3124 78.2730 -30.2917 0.0000 1650400561506 1942520.7500 -0.1955
-6.8199 78.4030 -31.2331 0.0000 1650400561535 1942551.5000 -0.1955
-7.1928 78.3354 -31.8402 0.0000 1650400561564 1942577.7500 -0.1950
-7.2262 78.4141 -32.5392 0.0000 1650400561593 1942607.7500 -0.1950
-6.9921 78.3969 -33.3361 0.0000 1650400561623 1942635.7500 -0.1950
-7.5745 78.4027 -33.8296 0.0000 1650400561651 1942664.7500 -0.1950
-7.2814 78.4950 -34.5776 0.0000 1650400561680 1942693.7500 -0.1950
-7.5349 78.4279 -35.1262 0.0000 1650400561709 1942722.7500 -0.1950
-7.5541 78.4223 -35.8718 0.0000 1650400561738 1942751.7500 -0.1950
-7.4628 78.5256 -36.7414 0.0000 1650400561767 1942780.7500 -0.1950
-7.6545 78.4342 -37.0576 0.0000 1650400561796 1942809.7500 -0.1950
-7.5773 78.4705 -38.1509 0.0000 1650400561825 1942838.7500 -0.1950
-7.5860 78.4331 -38.5838 0.0000 1650400561854 1942867.7500 -0.1952
-7.6706 78.4295 -39.2297 0.0000 1650400561883 1942896.5000 -0.1955
-7.6930 78.5981 -40.1039 0.0000 1650400561911 1942925.5000 -0.1955
-7.9863 78.6099 -40.4667 0.0000 1650400561941 1942954.2500 -0.1955
-7.8827 78.5948 -41.1782 0.0000 1650400561970 1942983.2500 -0.1955
-7.8655 78.5525 -41.9761 0.0000 1650400561999 1943012.2500 -0.1955
-7.7310 78.5281 -42.5125 0.0000 1650400562028 1943042.5000 -0.1955
-7.7231 78.6226 -43.1790 0.0000 1650400562057 1943071.5000 -0.1955
-7.8782 78.7250 -43.6330 0.0000 1650400562086 1943099.2500 -0.1957
-7.7444 78.6816 -44.2647 0.0000 1650400562115 1943128.2500 -0.1960
-7.8490 78.6609 -44.9400 0.0000 1650400562144 1943157.2500 -0.1958
-7.7020 78.5664 -45.4930 0.0000 1650400562172 1943186.2500 -0.1955
-7.8928 78.8222 -45.9516 0.0000 1650400562202 1943215.2500 -0.1955
-7.8762 78.7170 -46.5633 0.0000 1650400562230 1943244.2500 -0.1960
-7.9069 78.7059 -47.2395 0.0000 1650400562259 1943273.2500 -0.1960
-7.8872 78.7941 -47.4418 0.0000 1650400562288 1943306.2500 -0.1955
-7.7992 78.6349 -48.0576 0.0000 1650400562318 1943330.7500 -0.1955
-7.8834 78.5581 -48.5549 0.0000 1650400562347 1943360.0000 -0.1955
-7.6660 78.5292 -48.8451 0.0000 1650400562376 1943391.5000 -0.1955
-7.9065 78.6236 -49.1912 0.0000 1650400562405 1943419.0000 -0.1950
-7.8017 78.5522 -49.3117 0.0000 1650400562434 1943446.7500 -0.1950
-7.6411 78.2757 -50.0564 0.0000 1650400562463 1943475.7500 -0.1955
-7.8178 78.4497 -50.2919 0.0000 1650400562491 1943504.7500 -0.1955
-7.8258 78.5715 -50.4734 0.0000 1650400562520 1943533.7500 -0.1955
-7.6620 78.4307 -50.7750 0.0000 1650400562549 1943562.7500 -0.1955
-7.8884 78.5307 -50.6742 0.0000 1650400562578 1943591.7500 -0.1950
-7.9104 78.4044 -50.9308 0.0000 1650400562607 1943620.7500 -0.1950
-7.9084 78.6828 -50.9584 0.0000 1650400562636 1943649.7500 -0.1950
-8.0529 78.5588 -51.1435 0.0000 1650400562665 1943678.7500 -0.1950
-8.2460 78.6132 -51.1117 0.0000 1650400562694 1943707.7500 -0.1950
-8.2334 78.4718 -51.2402 0.0000 1650400562724 1943736.7500 -0.1950
-8.2280 78.3279 -51.2817 0.0000 1650400562752 1943765.7500 -0.1950
-8.2614 78.2862 -51.3076 0.0000 1650400562782 1943794.7500 -0.1950
-8.2601 78.3043 -51.2536 0.0000 1650400562810 1943827.7500 -0.1950
-8.2984 78.2552 -51.2499 0.0000 1650400562839 1943852.2500 -0.1955
-8.3100 78.2626 -51.2262 0.0000 1650400562868 1943881.7500 -0.1955
-8.3687 78.2473 -51.0841 0.0000 1650400562897 1943910.7500 -0.1955
-8.2777 78.3506 -50.7138 0.0000 1650400562926 1943939.7500 -0.1955
-8.3537 78.5473 -50.4279 0.0000 1650400562955 1943968.7500 -0.1955
-8.3792 78.6137 -50.0371 0.0000 1650400562984 1943997.5000 -0.1955
-8.4096 78.4348 -50.0455 0.0000 1650400563013 1944026.5000 -0.1955
-8.4201 78.2424 -49.9227 0.0000 1650400563042 1944058.2500 -0.1955
-8.3891 78.2174 -49.7179 0.0000 1650400563070 1944085.2500 -0.1950
-8.4367 78.1679 -49.4864 0.0000 1650400563100 1944113.2500 -0.1950
-8.2876 78.3741 -49.0737 0.0000 1650400563129 1944142.2500 -0.1950
-8.1930 78.3453 -48.7658 0.0000 1650400563158 1944171.0000 -0.1950
-8.2306 78.1134 -48.5245 0.0000 1650400563187 1944200.2500 -0.1950
-8.2455 78.2440 -47.9721 0.0000 1650400563216 1944229.2500 -0.1950
-8.0294 78.1838 -47.6433 0.0000 1650400563245 1944258.2500 -0.1950
-7.9742 78.2269 -47.2070 0.0000 1650400563274 1944287.2500 -0.1950
-8.1294 78.1747 -46.7351 0.0000 1650400563303 1944316.2500 -0.1950
-8.1211 78.0552 -46.2600 0.0000 1650400563331 1944345.2500 -0.1950
-7.7723 77.9620 -45.8112 0.0000 1650400563361 1944374.2500 -0.1950
-7.9092 78.2195 -45.0183 0.0000 1650400563389 1944403.2500 -0.1950
-7.8390 77.9967 -44.4067 0.0000 1650400563418 1944432.0000 -0.1950
-7.6717 78.1260 -44.0437 0.0000 1650400563447 1944461.0000 -0.1950
-7.5424 78.0545 -43.4395 0.0000 1650400563477 1944490.0000 -0.1945
-7.9564 78.1945 -42.6604 0.0000 1650400563506 1944518.7500 -0.1945
-7.6464 77.9045 -42.2004 0.0000 1650400563535 1944547.7500 -0.1947
-7.7901 78.2636 -41.4634 0.0000 1650400563564 1944576.5000 -0.1950
-8.0270 78.2464 -40.8701 0.0000 1650400563593 1944605.5000 -0.1950
-7.5581 78.0733 -40.3386 0.0000 1650400563622 1944634.7500 -0.1950
-7.6491 78.2204 -39.5827 0.0000 1650400563650 1944663.7500 -0.1950
-7.6468 78.0789 -38.9849 0.0000 1650400563680 1944692.7500 -0.1950
-7.5531 78.1182 -38.1049 0.0000 1650400563708 1944721.7500 -0.1950
-7.5686 78.3961 -37.5228 0.0000 1650400563737 1944750.7500 -0.1950
-7.4937 78.2041 -36.8667 0.0000 1650400563766 1944779.7500 -0.1950
-7.4322 78.3604 -36.2010 0.0000 1650400563795 1944808.7500 -0.1950
-7.5320 78.3426 -35.4682 0.0000 1650400563824 1944840.5000 -0.1950
-7.3129 78.2908 -34.8477 0.0000 1650400563853 1944868.0000 -0.1950
-7.3067 78.2198 -34.0942 0.0000 1650400563882 1944895.7500 -0.1950
-7.4102 78.4235 -33.4617 0.0000 1650400563912 1944924.5000 -0.1950
-7.2035 78.2272 -32.8124 0.0000 1650400563941 1944953.7500 -0.1950
-7.1543 78.1245 -32.1686 0.0000 1650400563969 1944982.7500 -0.1950
-7.3675 78.5264 -31.5447 0.0000 1650400563998 1945011.7500 -0.1950
-7.2653 78.3529 -30.8272 0.0000 1650400564027 1945040.7500 -0.1950
-7.0784 78.2825 -30.1514 0.0000 1650400564056 1945069.7500 -0.1950
-7.2875 78.3627 -29.5324 0.0000 1650400564085 1945098.5000 -0.1950
-6.9506 78.2908 -29.0030 0.0000 1650400564114 1945127.5000 -0.1950
-6.9378 78.5239 -28.9227 0.0000 1650400564143 1945156.5000 -0.1945
-6.8629 78.5381 -28.9025 0.0000 1650400564172 1945185.2500 -0.1945
-6.8890 78.4484 -28.8417 0.0000 1650400564201 1945214.2500 -0.1945
-6.6824 78.5105 -28.9193 0.0000 1650400564229 1945243.2500 -0.1945
-6.9760 78.8088 -28.7637 0.0000 1650400564259 1945272.2500 -0.1945
-6.9645 78.9401 -28.7584 0.0000 1650400564288 1945301.2500 -0.1945
-7.0229 78.9019 -28.9076 0.0000 1650400564317 1945330.2500 -0.1946
-6.7934 78.9750 -28.7248 0.0000 1650400564346 1945362.0000 -0.1950
-6.8381 78.9254 -28.8493 0.0000 1650400564375 1945388.0000 -0.1945
-6.8238 78.8856 -28.8418 0.0000 1650400564404 1945417.2500 -0.1945
-6.9031 79.0707 -28.7410 0.0000 1650400564433 1945447.7500 -0.1946
-6.9416 79.0137 -28.6944 0.0000 1650400564462 1945475.0000 -0.1950
-6.9211 79.1847 -28.7463 0.0000 1650400564491 1945504.2500 -0.1950
-6.7624 78.8813 -28.7579 0.0000 1650400564520 1945533.0000 -0.1950
-6.8699 79.1670 -28.7320 0.0000 1650400564548 1945562.0000 -0.1950
-6.8607 78.9707 -28.7183 0.0000 1650400564577 1945592.5000 -0.1950
-6.7195 78.9080 -28.7877 0.0000 1650400564606 1945619.2500 -0.1950
-7.0434 79.0079 -28.6371 0.0000 1650400564636 1945648.7500 -0.1950
-6.9105 78.9136 -28.6208 0.0000 1650400564665 1945679.2500 -0.1950
-6.8601 78.7333 -28.6290 0.0000 1650400564694 1945708.0000 -0.1950
-6.9984 78.9712 -28.4608 0.0000 1650400564723 1945735.7500 -0.1950
-6.8588 78.7465 -28.5452 0.0000 1650400564752 1945764.7500 -0.1950
-6.8920 78.8905 -28.6607 0.0000 1650400564781 1945793.7500 -0.1950
-6.7306 78.8204 -28.5796 0.0000 1650400564809 1945822.7500 -0.1950
-6.8521 78.8662 -28.6237 0.0000 1650400564839 1945851.7500 -0.1950
-6.9360 78.7430 -28.5401 0.0000 1650400564867 1945880.7500 -0.1950
-6.8069 78.7878 -28.6458 0.0000 1650400564896 1945909.7500 -0.1950
-6.7149 78.7119 -28.6563 0.0000 1650400564925 1945938.7500 -0.1945
-6.9621 78.7233 -28.5938 0.0000 1650400564954 1945967.7500 -0.1945
-6.7616 78.8443 -28.6385 0.0000 1650400564983 1945996.7500 -0.1945
-6.7663 78.6195 -28.6323 0.0000 1650400565012 1946025.7500 -0.1945
-6.8285 78.5796 -28.6531 0.0000 1650400565041 1946054.7500 -0.1945
-6.9556 78.6184 -28.5466 0.0000 1650400565071 1946083.7500 -0.1945
-6.8638 78.5387 -28.6544 0.0000 1650400565100 1946112.7500 -0.1945
-6.8351 78.6244 -28.6509 0.0000 1650400565128 1946143.7500 -0.1945
-6.9129 78.5824 -28.5543 0.0000 1650400565157 1946170.7500 -0.1940
-6.9782 78.6207 -28.6616 0.0000 1650400565186 1946199.7500 -0.1940
-6.8050 78.6081 -28.6055 0.0000 1650400565215 1946228.5000 -0.1940
-6.8036 78.6991 -28.6150 0.0000 1650400565244 1946257.5000 -0.1940
-6.8784 78.4813 -28.5224 0.0000 1650400565273 1946286.2500 -0.1945
-6.8246 78.6362 -28.6906 0.0000 1650400565302 1946315.2500 -0.1945
-6.8792 78.6518 -28.7028 0.0000 1650400565331 1946344.2500 -0.1944
-6.9136 78.5280 -28.6459 0.0000 1650400565360 1946376.0000 -0.1940
-6.9029 78.5905 -28.6365 0.0000 1650400565388 1946401.7500 -0.1945
-6.9429 78.6502 -28.6110 0.0000 1650400565418 1946431.2500 -0.1945
-6.9632 78.5145 -28.8143 0.0000 1650400565447 1946461.2500 -0.1945
-6.8866 78.5338 -29.4283 0.0000 1650400565476 1946489.2500 -0.1945
-7.1065 78.2582 -30.0199 0.0000 1650400565505 1946518.2500 -0.1945
-7.4096 78.2812 -30.5439 0.0000 1650400565534 1946547.2500 -0.1945
-6.8674 78.3705 -31.5165 0.0000 1650400565563 1946576.2500 -0.1945
-7.2166 78.2805 -31.9980 0.0000 1650400565592 1946605.2500 -0.1945
-7.2272 78.6391 -32.6837 0.0000 1650400565621 1946634.0000 -0.1945
-7.2611 78.3418 -33.4360 0.0000 1650400565650 1946663.0000 -0.1945
-7.5843 78.3298 -33.9537 0.0000 1650400565679 1946692.0000 -0.1944
-7.4045 78.6228 -34.7086 0.0000 1650400565707 1946721.0000 -0.1940
-7.5110 78.4285 -35.3217 0.0000 1650400565737 1946749.7500 -0.1940
-7.4715 78.4667 -36.0833 0.0000 1650400565765 1946778.7500 -0.1940
-7.4946 78.4362 -36.8047 0.0000 1650400565794 1946807.7500 -0.1940
-7.7679 78.3465 -37.3759 0.0000 1650400565823 1946836.7500 -0.1935
-7.4640 78.4804 -38.2010 0.0000 1650400565853 1946865.7500 -0.1935
-7.6603 78.5849 -38.7023 0.0000 1650400565882 1946897.5000 -0.1940
-7.7625 78.4523 -39.4321 0.0000 1650400565911 1946923.5000 -0.1940
-7.7381 78.3811 -40.1950 0.0000 1650400565940 1946952.7500 -0.1950
-7.8327 78.5746 -40.6010 0.0000 1650400565969 1946981.7500 -0.1960
-7.5857 78.6033 -41.4999 0.0000 1650400565998 1947010.7500 -0.1974
-7.7402 78.7406 -41.8994 0.0000 1650400566026 1947039.7500 -0.1974
-7.8310 78.5757 -42.5695 0.0000 1650400566055 1947068.7500 -0.1979
-7.8060 78.7085 -43.2381 0.0000 1650400566084 1947097.7500 -0.1984
-7.8547 78.6990 -43.8057 0.0000 1650400566113 1947126.7500 -0.1989
-7.7508 78.5394 -44.3881 0.0000 1650400566142 1947159.7500 -0.1989
-7.8829 78.6018 -45.0508 0.0000 1650400566171 1947184.2500 -0.1991
-7.7900 78.6506 -45.5050 0.0000 1650400566200 1947213.7500 -0.1994
-7.7808 78.6070 -46.1648 0.0000 1650400566230 1947242.5000 -0.1995
-7.9339 78.8181 -46.7310 0.0000 1650400566259 1947271.7500 -0.1999
-7.8055 78.8087 -47.3591 0.0000 1650400566287 1947302.0000 -0.1999
-7.7820 78.7025 -47.6422 0.0000 1650400566317 1947329.7500 -0.1999
-7.9558 78.5523 -48.2185 0.0000 1650400566345 1947358.5000 -0.1999
-7.7992 78.4498 -48.6890 0.0000 1650400566374 1947387.5000 -0.1999
-7.8143 78.4219 -49.1157 0.0000 1650400566403 1947416.2500 -0.1999
-7.7344 78.6255 -49.3171 0.0000 1650400566432 1947445.2500 -0.1999
-7.7743 78.4521 -49.6298 0.0000 1650400566461 1947474.2500 -0.1999
-7.9029 78.5197 -49.8572 0.0000 1650400566490 1947503.2500 -0.1999
-7.8273 78.3444 -50.4339 0.0000 1650400566519 1947532.2500 -0.1999
-7.6530 78.4352 -50.4551 0.0000 1650400566548 1947561.2500 -0.1999
-7.8866 78.4089 -50.8080 0.0000 1650400566577 1947590.2500 -0.1998
-7.7825 78.5419 -50.7625 0.0000 1650400566606 1947619.2500 -0.1994
-7.8793 78.6055 -50.8422 0.0000 1650400566635 1947648.2500 -0.1994
-7.7463 78.4863 -51.1140 0.0000 1650400566664 1947679.5000 -0.1994
-7.9878 78.4324 -51.2194 0.0000 1650400566693 1947706.2500 -0.1994
-8.1821 78.4537 -51.3562 0.0000 1650400566722 1947735.2500 -0.1994
-8.1181 78.5065 -51.2623 0.0000 1650400566751 1947764.0000 -0.1994
-8.1969 78.4278 -51.2287 0.0000 1650400566780 1947793.0000 -0.1994
-8.1800 78.2798 -51.2988 0.0000 1650400566809 1947822.0000 -0.1994
-8.2507 78.2360 -51.3100 0.0000 1650400566838 1947850.7500 -0.1994
-8.2287 78.3524 -51.3304 0.0000 1650400566866 1947879.7500 -0.1994
-8.2605 78.2512 -51.1744 0.0000 1650400566896 1947910.2500 -0.1994
-8.3508 78.3864 -50.8794 0.0000 1650400566924 1947940.5000 -0.1994
-8.4411 78.5235 -50.5495 0.0000 1650400566953 1947966.7500 -0.1994
-8.2823 78.4375 -50.3941 0.0000 1650400566983 1947997.2500 -0.1994
-8.2588 78.4515 -50.2148 0.0000 1650400567012 1948024.7500 -0.1995
-8.4156 78.4306 -50.0806 0.0000 1650400567041 1948053.7500 -0.1999
-8.3199 78.2912 -49.8901 0.0000 1650400567070 1948082.7500 -0.1999
-8.3825 78.2171 -49.7345 0.0000 1650400567099 1948111.7500 -0.1999
-8.2777 78.0877 -49.5009 0.0000 1650400567128 1948140.7500 -0.1999
-8.3046 78.4291 -49.0053 0.0000 1650400567157 1948169.7500 -0.1999
-8.1551 78.2827 -48.7027 0.0000 1650400567185 1948198.7500 -0.1999
-8.2385 78.2259 -48.4189 0.0000 1650400567214 1948229.0000 -0.1999
-8.1305 78.1114 -47.9770 0.0000 1650400567243 1948256.7500 -0.1999
-7.9647 78.0208 -47.6636 0.0000 1650400567272 1948285.7500 -0.1999
-7.9711 78.2008 -47.1310 0.0000 1650400567301 1948314.7500 -0.1999
-8.0546 78.1538 -46.5793 0.0000 1650400567330 1948343.7500 -0.1994
-8.0024 78.0117 -46.0783 0.0000 1650400567359 1948372.7500 -0.1994
-7.7350 78.0080 -45.4091 0.0000 1650400567389 1948401.7500 -0.1994
-7.8303 78.0185 -44.9775 0.0000 1650400567418 1948431.7500 -0.1994
-7.9328 78.1468 -44.3327 0.0000 1650400567446 1948462.5000 -0.1994
-7.7745 78.0747 -43.8800 0.0000 1650400567476 1948488.5000 -0.1994
-7.8419 78.2154 -43.0864 0.0000 1650400567504 1948517.5000 -0.1994
-7.7746 78.0355 -42.5909 0.0000 1650400567533 1948546.2500 -0.1994
-7.6864 78.2373 -42.0174 0.0000 1650400567562 1948575.2500 -0.1989
-7.7905 78.2901 -41.3985 0.0000 1650400567591 1948604.2500 -0.1989
-7.7291 78.1649 -40.7073 0.0000 1650400567620 1948633.2500 -0.1989
-7.4724 78.0888 -40.0752 0.0000 1650400567649 1948662.2500 -0.1989
-7.6171 78.3177 -39.4386 0.0000 1650400567678 1948693.7500 -0.1989
-7.6552 78.1899 -38.6795 0.0000 1650400567707 1948720.0000 -0.1989
-7.4179 78.1594 -38.0569 0.0000 1650400567736 1948749.2500 -0.1989
-7.4689 78.2636 -37.3554 0.0000 1650400567765 1948779.0000 -0.1989
-7.2781 78.2618 -36.7660 0.0000 1650400567795 1948807.2500 -0.1989
-7.4047 78.2923 -36.0104 0.0000 1650400567823 1948836.2500 -0.1989
-7.3784 78.2689 -35.4143 0.0000 1650400567852 1948865.0000 -0.1991
-7.3444 78.3260 -34.6982 0.0000 1650400567881 1948894.0000 -0.1994
-7.2106 78.3039 -33.9852 0.0000 1650400567910 1948923.0000 -0.1994
-7.2953 78.4371 -33.2883 0.0000 1650400567939 1948952.0000 -0.1994
-7.1978 78.3466 -32.7088 0.0000 1650400567968 1948980.7500 -0.1994
-6.9843 78.1058 -31.9959 0.0000 1650400567997 1949009.7500 -0.1994
-7.0876 78.3379 -31.4426 0.0000 1650400568026 1949038.7500 -0.1994
-7.0694 78.3427 -30.6894 0.0000 1650400568055 1949067.7500 -0.1994
-7.0912 78.3173 -30.1199 0.0000 1650400568083 1949096.7500 -0.1994
-7.1290 78.3275 -29.3319 0.0000 1650400568112 1949125.7500 -0.1994
-7.1274 78.3519 -28.8588 0.0000 1650400568142 1949154.7500 -0.1994
-6.8209 78.2629 -28.9501 0.0000 1650400568171 1949183.7500 -0.1994
-6.7748 78.3374 -28.9084 0.0000 1650400568200 1949213.5000 -0.1994
-6.9550 78.6038 -28.9128 0.0000 1650400568229 1949241.5000 -0.1994
-7.1403 78.7685 -28.7689 0.0000 1650400568258 1949270.7500 -0.1994
-7.0342 78.7746 -28.8411 0.0000 1650400568287 1949299.7500 -0.1989
-6.9526 78.9750 -28.8945 0.0000 1650400568316 1949328.7500 -0.1989
-6.9257 79.0695 -28.9011 0.0000 1650400568344 1949357.7500 -0.1989
-6.9474 78.9202 -28.8463 0.0000 1650400568374 1949386.7500 -0.1989
-7.0258 79.0754 -28.7834 0.0000 1650400568402 1949415.7500 -0.1984
-6.9563 79.0556 -28.8188 0.0000 1650400568432 1949446.0000 -0.1984
-6.9913 79.2222 -28.7065 0.0000 1650400568460 1949474.5000 -0.1984
-6.8929 79.1374 -28.7437 0.0000 1650400568489 1949502.7500 -0.1984
-6.8682 78.7769 -28.6573 0.0000 1650400568518 1949531.7500 -0.1984
-6.9299 79.1661 -28.7224 0.0000 1650400568548 1949560.2500 -0.1984
-6.8719 78.9738 -28.6643 0.0000 1650400568577 1949589.5000 -0.1989
-6.9097 78.9906 -28.6427 0.0000 1650400568606 1949618.5000 -0.1989
-6.8946 78.9743 -28.6934 0.0000 1650400568635 1949647.2500 -0.1989
-6.7856 78.7482 -28.6770 0.0000 1650400568663 1949676.2500 -0.1989
-6.9449 78.9705 -28.7466 0.0000 1650400568692 1949705.2500 -0.1989
-6.7568 78.7856 -28.6487 0.0000 1650400568721 1949734.2500 -0.1989
-6.9572 78.7972 -28.6674 0.0000 1650400568750 1949763.2500 -0.1989
-6.8328 78.8040 -28.8100 0.0000 1650400568779 1949792.2500 -0.1989
-6.7801 78.7338 -28.7192 0.0000 1650400568808 1949821.2500 -0.1989
-7.0957 78.8773 -28.5374 0.0000 1650400568837 1949850.2500 -0.1994
-6.7466 78.7000 -28.6208 0.0000 1650400568866 1949879.2500 -0.1994
-6.8478 78.7357 -28.6765 0.0000 1650400568895 1949908.2500 -0.1994
-6.8624 78.8329 -28.7283 0.0000 1650400568924 1949937.2500 -0.1994
-6.9557 78.7126 -28.6539 0.0000 1650400568954 1949967.5000 -0.1994
-6.7982 78.7382 -28.7597 0.0000 1650400568982 1949996.0000 -0.1994
-6.8197 78.5630 -28.7420 0.0000 1650400569011 1950024.0000 -0.1994
-6.9480 78.5913 -28.7204 0.0000 1650400569040 1950053.0000 -0.1994
-6.8486 78.6680 -28.6972 0.0000 1650400569069 1950081.7500 -0.1994
-6.8315 78.5622 -28.6590 0.0000 1650400569098 1950110.7500 -0.1994
-6.9235 78.5697 -28.6169 0.0000 1650400569127 1950139.7500 -0.1994
-6.8434 78.4842 -28.6602 0.0000 1650400569156 1950168.7500 -0.1994
-6.8296 78.3869 -28.6448 0.0000 1650400569185 1950197.7500 -0.1989
-6.8817 78.4382 -28.6788 0.0000 1650400569214 1950226.5000 -0.1989
-7.0452 78.4951 -28.6682 0.0000 1650400569242 1950257.0000 -0.1989
-6.8902 78.3964 -28.6213 0.0000 1650400569272 1950284.7500 -0.1989
-6.9368 78.5429 -28.6166 0.0000 1650400569300 1950315.0000 -0.1989
-6.9839 78.6230 -28.7149 0.0000 1650400569330 1950342.7500 -0.1989
-6.9482 78.4978 -28.7054 0.0000 1650400569359 1950371.7500 -0.1989
-6.9368 78.5432 -28.6390 0.0000 1650400569388 1950400.7500 -0.1989
-7.0472 78.5113 -28.6346 0.0000 1650400569417 1950429.7500 -0.1989
-6.8432 78.5157 -28.6515 0.0000 1650400569446 1950458.7500 -0.1989
-6.8265 78.4905 -28.9236 0.0000 1650400569475 1950487.7500 -0.1994
-7.0185 78.4799 -29.5577 0.0000 1650400569504 1950516.7500 -0.1994
-7.3391 78.2542 -30.0626 0.0000 1650400569533 1950545.7500 -0.1994
-7.2361 78.4614 -30.7841 0.0000 1650400569561 1950574.7500 -0.1994
-6.9164 78.4409 -31.5727 0.0000 1650400569590 1950603.7500 -0.1994
-7.3096 78.3145 -32.0546 0.0000 1650400569619 1950632.7500 -0.1994
-7.1981 78.8013 -32.9122 0.0000 1650400569648 1950661.7500 -0.1994
-7.4307 78.5455 -33.5020 0.0000 1650400569677 1950690.5000 -0.1994
-7.6485 78.5550 -34.0732 0.0000 1650400569706 1950719.5000 -0.1994
-7.3893 78.6556 -34.9063 0.0000 1650400569736 1950751.0000 -0.1994
-7.6827 78.3039 -35.3977 0.0000 1650400569765 1950776.7500 -0.1994
-7.4586 78.5183 -36.3228 0.0000 1650400569794 1950806.2500 -0.1994
-7.7033 78.6021 -36.8420 0.0000 1650400569822 1950835.2500 -0.1994
-7.8531 78.4221 -37.4133 0.0000 1650400569852 1950864.2500 -0.1994
-7.5567 78.4613 -38.3937 0.0000 1650400569880 1950893.2500 -0.1993
-7.8130 78.5409 -38.7178 0.0000 1650400569909 1950922.2500 -0.1989
-7.7886 78.4387 -39.7252 0.0000 1650400569938 1950951.2500 -0.1989
-7.6229 78.6054 -40.2787 0.0000 1650400569967 1950981.7500 -0.1989
-7.9557 78.5862 -40.8998 0.0000 1650400569996 1951011.7500 -0.1989
-7.8536 78.6209 -41.6356 0.0000 1650400570025 1951038.2500 -0.1984
-7.8006 78.6548 -42.1679 0.0000 1650400570054 1951068.7500 -0.1984
-7.9925 78.7192 -42.7328 0.0000 1650400570083 1951097.0000 -0.1984
-7.8459 78.6097 -43.5384 0.0000 1650400570113 1951125.0000 -0.1984
-7.7782 78.7003 -43.8971 0.0000 1650400570141 1951154.0000 -0.1984
-7.7335 78.5609 -44.6150 0.0000 1650400570170 1951183.0000 -0.1984
-7.6542 78.5507 -45.3063 0.0000 1650400570199 1951211.7500 -0.1984
-7.8307 78.5905 -45.6904 0.0000 1650400570228 1951240.7500 -0.1984
-7.9461 78.7297 -46.1272 0.0000 1650400570257 1951269.7500 -0.1984
-7.7434 78.6829 -47.0184 0.0000 1650400570286 1951298.7500 -0.1984
-8.1025 78.8188 -47.3558 0.0000 1650400570315 1951327.7500 -0.1984
-7.7986 78.7025 -47.6751 0.0000 1650400570344 1951356.7500 -0.1984
-7.8108 78.5490 -48.2968 0.0000 1650400570373 1951385.7500 -0.1989
-7.7669 78.5154 -48.8480 0.0000 1650400570401 1951414.7500 -0.1989
-7.7757 78.6546 -49.0071 0.0000 1650400570431 1951443.7500 -0.1989
-8.0049 78.6765 -49.3588 0.0000 1650400570459 1951472.7500 -0.1989
-7.6906 78.4122 -49.6783 0.0000 1650400570489 1951503.2500 -0.1991
-7.8728 78.5321 -50.1331 0.0000 1650400570518 1951529.7500 -0.1994
-7.7252 78.5584 -50.1819 0.0000 1650400570547 1951559.7500 -0.1993
-8.0996 78.5599 -50.6198 0.0000 1650400570576 1951588.7500 -0.1989
-7.8204 78.4820 -50.6523 0.0000 1650400570605 1951617.7500 -0.1989
-7.7695 78.5549 -50.7370 0.0000 1650400570634 1951646.7500 -0.1994
-8.0043 78.7896 -50.8585 0.0000 1650400570663 1951675.7500 -0.1994
-7.8851 78.6828 -51.0407 0.0000 1650400570692 1951704.7500 -0.1994
-8.0063 78.4850 -51.1175 0.0000 1650400570720 1951733.7500 -0.1994
-8.1123 78.4192 -51.2906 0.0000 1650400570749 1951765.2500 -0.1994
-8.3067 78.5390 -51.2842 0.0000 1650400570778 1951793.0000 -0.1994
-8.2287 78.4259 -51.2353 0.0000 1650400570807 1951820.5000 -0.1994
-8.2887 78.3678 -51.3176 0.0000 1650400570836 1951852.0000 -0.1994
-8.2936 78.2702 -51.2876 0.0000 1650400570866 1951878.2500 -0.1994
-8.5245 78.4988 -51.2220 0.0000 1650400570895 1951907.2500 -0.1994
-8.3100 78.2931 -51.1084 0.0000 1650400570924 1951936.2500 -0.1989
-8.3603 78.3137 -50.8643 0.0000 1650400570953 1951965.2500 -0.1989
-8.4564 78.4424 -50.5521 0.0000 1650400570981 1951994.2500 -0.1989
