29.8157 -63.8536 -11.9322 32.0168 1690741381759 599.5000 -0.1845
29.3102 -63.8826 -12.4281 39.3278 1690741381792 632.2500 -0.1838
28.9924 -64.0988 -13.0892 38.3226 1690741381825 664.7500 -0.1823
29.0436 -64.2275 -13.2472 40.4623 1690741381858 697.5000 -0.1808
28.9723 -64.2047 -13.3563 35.9938 1690741381891 730.2500 -0.1799
29.0122 -64.3278 -13.7088 36.7344 1690741381923 762.7500 -0.1769
28.7635 -64.4915 -13.6974 40.9973 1690741381955 44.7500 -0.1736
27.1968 -63.9495 -12.0717 22.6792 1690741381989 77.2500 -0.1725
26.9453 -64.9303 -10.7173 20.7400 1690741382021 109.7500 -0.1725
26.3938 -65.8406 -9.0496 20.2851 1690741382053 142.7500 -0.1705
26.5721 -66.2707 -7.8593 34.4214 1690741382086 175.2500 -0.1686
26.9434 -65.7924 -7.3434 42.9146 1690741382119 208.0000 -0.1617
27.8433 -65.8870 -7.7998 27.5804 1690741382151 240.2500 -0.1593
27.7502 -65.2893 -8.2238 32.9469 1690741382184 273.2500 -0.1593
27.5816 -64.5869 -8.0649 46.0296 1690741382218 306.0000 -0.1447
27.5746 -64.6141 -7.8725 37.5848 1690741382250 338.7500 -0.1337
27.7201 -64.6132 -7.6605 28.9415 1690741382282 371.5000 -0.1260
28.1092 -64.8632 -7.9362 27.9330 1690741382316 404.0000 -0.1139
28.0084 -64.8363 -8.2531 25.0180 1690741382348 436.7500 -0.1139
28.0731 -64.8307 -8.3156 22.9316 1690741382380 469.5000 -0.1018
28.8317 -64.4613 -9.2447 21.8509 1690741382413 502.2500 -0.0978
30.1612 -64.1431 -10.4154 30.2428 1690741382446 536.0000 -0.0978
29.4318 -64.1015 -11.1249 24.9549 1690741382478 567.7500 -0.0817
28.7677 -64.2290 -12.5508 26.2344 1690741382511 599.7500 -0.0739
28.3537 -64.7620 -13.0955 36.6079 1690741382544 632.7500 -0.0626
28.0214 -64.6653 -13.4677 19.1590 1690741382577 665.7500 -0.0524
28.0055 -64.8671 -13.7306 31.9707 1690741382609 698.2500 -0.0397
27.8971 -64.8785 -14.2389 31.9777 1690741382643 731.0000 -0.0397
28.2906 -65.2840 -14.1038 32.7331 1690741382675 215.5000 -0.0368
28.1088 -65.5191 -14.2428 36.7512 1690741382707 65.2500 -0.0280
26.7636 -65.2238 -13.0805 20.0899 1690741382741 98.0000 -0.0236
25.8091 -66.7192 -11.3792 23.5482 1690741382773 130.7500 -0.0122
23.7561 -66.8195 -9.5015 21.4623 1690741382805 163.5000 -0.0099
23.9440 -67.3491 -7.7990 33.3095 1690741382838 196.0000 -0.0082
24.5699 -66.9389 -7.5850 33.1243 1690741382871 228.7500 -0.0031
24.4010 -67.2465 -8.8041 31.0818 1690741382903 261.5000 0.0032
24.5959 -66.3487 -8.7576 40.4768 1690741382936 293.5000 0.0053
24.2427 -66.4605 -8.4936 33.7066 1690741382969 326.5000 0.0076
23.6305 -66.2002 -8.7291 32.9899 1690741383002 359.5000 0.0145
23.3976 -66.4258 -8.5447 21.0537 1690741383034 392.2500 0.0215
24.0651 -67.1104 -8.2818 25.7173 1690741383068 424.7500 0.0238
23.5464 -67.1771 -7.9518 27.5749 1690741383100 457.7500 0.0272
23.6703 -66.7778 -8.2942 29.2011 1690741383132 490.2500 0.0306
24.0259 -66.0277 -9.0883 32.1756 1690741383165 522.7500 0.0331
25.6317 -66.1979 -10.7299 27.4723 1690741383198 555.7500 0.0331
26.3266 -66.4354 -11.3203 33.3536 1690741383230 587.7500 0.0309
26.0088 -65.7787 -12.4199 29.5113 1690741383262 620.5000 0.0250
26.4387 -66.2639 -12.7161 38.0594 1690741383296 653.7500 0.0140
26.5418 -65.9012 -12.9989 35.4205 1690741383328 686.2500 -0.0021
26.6502 -65.6382 -13.2104 30.9708 1690741383360 719.0000 -0.0021
27.2173 -65.5587 -13.5215 46.5283 1690741383395 751.7500 -0.0118
27.7688 -65.3170 -13.4501 39.5207 1690741383427 224.2500 -0.0216
27.7012 -65.3234 -13.2861 41.8761 1690741383459 70.0000 -0.0326
26.4826 -65.2285 -12.4357 26.5645 1690741383492 102.7500 -0.0486
24.8065 -65.9107 -11.3841 19.0221 1690741383525 135.5000 -0.0636
23.5947 -66.0311 -9.0313 24.5885 1690741383557 168.2500 -0.0689
24.6183 -65.8496 -7.8440 23.4861 1690741383590 200.7500 -0.0846
26.4416 -66.1088 -7.3212 40.6018 1690741383623 233.7500 -0.0846
27.2096 -66.1853 -7.6375 31.4182 1690741383655 266.2500 -0.1056
27.2018 -66.0278 -8.1628 36.0412 1690741383687 298.7500 -0.1142
27.1294 -65.4301 -8.2120 41.1801 1690741383721 331.7500 -0.1227
27.0824 -65.2720 -8.3184 47.0562 1690741383753 363.2500 -0.1227
27.3928 -65.6154 -7.7959 35.6437 1690741383786 397.0000 -0.1398
27.5260 -65.7435 -7.6037 29.7052 1690741383819 429.7500 -0.1545
27.0112 -64.8356 -7.7584 23.9214 1690741383852 462.2500 -0.1603
27.2668 -65.0693 -8.2433 25.3295 1690741383884 495.0000 -0.1662
28.1114 -64.7508 -8.6414 22.5114 1690741383917 527.7500 -0.1662
29.5310 -64.4919 -10.1094 23.7245 1690741383950 560.5000 -0.1769
29.6445 -64.0627 -10.2576 22.4872 1690741383982 593.0000 -0.1850
29.1694 -64.2734 -11.8335 23.2506 1690741384014 625.7500 -0.1877
29.0708 -64.6097 -12.6009 21.6914 1690741384048 658.0000 -0.1877
28.6397 -64.5954 -13.1446 34.3335 1690741384080 691.0000 -0.1955
28.5203 -64.5303 -13.0960 35.5629 1690741384112 723.7500 -0.1984
28.7115 -64.5637 -13.4759 36.0096 1690741384146 756.2500 -0.2013
28.8893 -64.3834 -13.4178 40.5109 1690741384179 789.2500 -0.2072
28.9302 -64.4230 -13.3683 35.1736 1690741384211 231.5000 -0.2072
28.2494 -64.6568 -12.5638 23.6572 1690741384244 67.7500 -0.2134
26.8534 -64.2983 -10.7788 18.7316 1690741384277 100.2500 -0.2181
25.7315 -64.8656 -9.3938 21.7726 1690741384309 132.7500 -0.2258
26.6706 -66.0499 -7.6562 35.5804 1690741384341 165.7500 -0.2258
27.2974 -65.7354 -6.9861 40.3778 1690741384375 198.2500 -0.2287
28.1758 -65.4284 -7.5935 29.3531 1690741384407 231.0000 -0.2309
28.3543 -64.8626 -8.5130 40.1989 1690741384439 263.7500 -0.2321
28.1459 -64.4822 -8.5450 31.7357 1690741384473 296.2500 -0.2326
28.6196 -64.3745 -8.2406 26.3289 1690741384505 329.0000 -0.2326
28.6541 -64.1927 -8.5863 30.3795 1690741384538 363.5000 -0.2324
29.3856 -64.3855 -8.3229 34.9668 1690741384571 394.0000 -0.2305
29.7062 -64.6859 -8.0813 19.6394 1690741384604 427.0000 -0.2272
29.8009 -64.4643 -8.3221 19.4938 1690741384636 459.7500 -0.2272
29.8782 -64.1962 -8.4555 28.2174 1690741384668 492.5000 -0.2250
30.7055 -63.5395 -9.8951 20.2843 1690741384702 525.2500 -0.2217
30.6113 -62.9080 -10.9224 24.6125 1690741384734 557.7500 -0.2184
30.3242 -63.6871 -11.5959 18.4637 1690741384766 590.7500 -0.2184
29.3136 -63.5042 -12.5849 34.3649 1690741384800 623.2500 -0.2151
28.7660 -63.6715 -13.1256 30.2494 1690741384832 655.7500 -0.2140
28.8479 -64.2085 -13.2354 40.0683 1690741384864 687.7500 -0.2111
28.8632 -64.2680 -13.4288 37.7558 1690741384898 721.2500 -0.2063
28.9215 -64.3116 -13.3935 32.0611 1690741384931 753.7500 -0.2048
29.0558 -64.4647 -13.6015 36.4531 1690741384963 595.2500 -0.1984
28.5039 -64.8094 -13.2910 39.5914 1690741384995 54.2500 -0.1984
27.1282 -64.0927 -11.3696 23.3655 1690741385029 87.0000 -0.1945
26.8180 -65.3586 -10.1029 21.9126 1690741385061 119.7500 -0.1912
26.4018 -66.0710 -8.5750 28.0326 1690741385093 152.5000 -0.1901
26.4936 -65.7614 -7.2957 29.7906 1690741385127 185.0000 -0.1895
26.8570 -65.3392 -7.1498 29.8148 1690741385159 217.7500 -0.1877
28.1577 -65.5171 -7.9069 34.9560 1690741385191 250.5000 -0.1858
27.9374 -64.9419 -8.1712 32.0985 1690741385225 283.2500 -0.1852
27.8906 -64.3858 -8.0299 43.1744 1690741385257 315.7500 -0.1852
28.0491 -64.5531 -8.1075 36.3141 1690741385290 348.5000 -0.1808
28.6229 -64.6810 -8.0392 41.0049 1690741385323 381.2500 -0.1791
28.8642 -64.5922 -8.2354 39.5289 1690741385356 413.7500 -0.1762
29.0696 -64.9973 -8.3030 32.9304 1690741385388 446.5000 -0.1750
28.6801 -64.4508 -8.9087 21.4486 1690741385420 479.2500 -0.1750
29.3321 -63.6728 -9.9215 23.6600 1690741385454 511.7500 -0.1728
30.5217 -63.7801 -10.2582 28.1755 1690741385486 544.7500 -0.1696
29.3797 -63.4818 -11.5194 30.0063 1690741385518 577.2500 -0.1672
29.1477 -63.9827 -12.3948 27.4291 1690741385551 610.0000 -0.1576
28.7148 -64.2417 -12.9893 30.9722 1690741385584 642.7500 -0.1545
28.5539 -64.3807 -13.0867 36.0811 1690741385616 675.2500 -0.1503
28.7739 -64.6315 -13.5092 32.4970 1690741385649 708.0000 -0.1339
28.5549 -64.5707 -13.8491 28.5981 1690741385682 740.2500 -0.1222
28.4186 -64.8540 -14.0405 32.8223 1690741385715 218.5000 -0.1144
28.2544 -65.1697 -13.7053 35.2486 1690741385747 65.7500 -0.1066
26.3508 -64.4726 -12.3041 21.7310 1690741385781 98.7500 -0.1066
25.8706 -66.1110 -10.0045 25.2431 1690741385813 131.5000 -0.0952
25.1378 -66.8315 -8.4830 29.6781 1690741385845 164.2500 -0.0880
25.1589 -66.8984 -7.2408 33.4115 1690741385878 196.7500 -0.0778
25.6550 -66.5434 -7.3593 33.7490 1690741385911 229.7500 -0.0778
25.8141 -66.0384 -8.4805 29.2307 1690741385943 262.2500 -0.0686
25.8449 -66.0601 -8.4069 39.9780 1690741385976 294.7500 -0.0625
25.5031 -65.8503 -8.5204 39.6445 1690741386009 327.7500 -0.0534
24.9709 -65.6140 -8.6012 36.8270 1690741386041 360.2500 -0.0397
25.4169 -65.8245 -8.1646 40.5871 1690741386074 393.0000 -0.0397
25.5083 -66.1487 -7.8375 27.9735 1690741386108 425.7500 -0.0324
24.9426 -65.9718 -7.6770 40.5466 1690741386140 458.2500 -0.0250
24.8048 -65.4590 -8.0029 33.3069 1690741386172 492.2500 -0.0143
25.9304 -65.4904 -9.1158 27.2268 1690741386206 523.7500 -0.0016
27.5378 -65.4763 -10.7595 17.6144 1690741386238 556.5000 -0.0016
27.5913 -65.8573 -11.7979 23.5763 1690741386270 589.0000 0.0004
27.4375 -65.6847 -12.7220 31.8581 1690741386303 621.7500 0.0062
27.1181 -65.8607 -13.3021 31.0872 1690741386336 654.5000 0.0125
27.0422 -65.7742 -13.7779 38.7892 1690741386368 687.2500 0.0145
27.2743 -65.7763 -14.1772 38.9411 1690741386400 719.7500 0.0145
27.4114 -65.8213 -14.2911 41.8226 1690741386434 568.7500 0.0219
27.6176 -65.9402 -14.6212 34.6707 1690741386467 49.7500 0.0252
27.5815 -65.9703 -14.5610 31.7079 1690741386491 74.5000 0.0263
