25.6484 -55.2064 -13.8512 22.4452 1690741381759 599.5000 -0.1845
25.4918 -55.8211 -14.0394 22.2981 1690741381792 632.2500 -0.1838
25.1376 -55.6579 -14.2862 23.2763 1690741381825 664.7500 -0.1823
24.8258 -55.7814 -14.6061 21.2474 1690741381858 697.5000 -0.1808
24.6896 -55.9452 -14.7523 23.5119 1690741381891 730.2500 -0.1799
25.3310 -56.5251 -14.6279 20.7443 1690741381923 762.7500 -0.1769
24.8208 -55.6792 -14.4857 21.6169 1690741381955 44.7500 -0.1736
24.7802 -55.2492 -14.0288 24.8531 1690741381989 77.2500 -0.1725
24.2906 -56.3915 -13.5482 16.8218 1690741382021 109.7500 -0.1725
24.3280 -58.0919 -11.5757 21.8448 1690741382053 142.7500 -0.1705
24.1597 -58.4377 -10.1543 25.9921 1690741382086 175.2500 -0.1686
23.9335 -58.3181 -10.4675 19.8034 1690741382119 208.0000 -0.1617
24.5680 -56.8367 -10.1594 16.0434 1690741382151 240.2500 -0.1593
23.9732 -57.5102 -11.2526 14.1638 1690741382184 273.2500 -0.1593
24.4204 -57.5750 -11.0705 20.8876 1690741382218 306.0000 -0.1447
24.3302 -57.4749 -11.1506 35.3634 1690741382250 338.7500 -0.1337
24.3059 -56.9514 -10.7565 27.7464 1690741382282 371.5000 -0.1260
24.5495 -57.2550 -10.7606 22.8704 1690741382316 404.0000 -0.1139
24.8687 -56.8301 -10.7210 35.7989 1690741382348 436.7500 -0.1139
24.5565 -57.0255 -11.2186 24.8876 1690741382380 469.5000 -0.1018
25.2796 -56.0959 -11.7733 20.9433 1690741382413 502.2500 -0.0978
26.3916 -55.9995 -12.8375 22.3690 1690741382446 536.0000 -0.0978
25.0757 -56.1852 -13.4477 25.0023 1690741382478 567.7500 -0.0817
24.9711 -56.2766 -13.8740 16.8369 1690741382511 599.7500 -0.0739
24.9194 -56.7659 -14.5867 22.8349 1690741382544 632.7500 -0.0626
24.5490 -56.7773 -14.5810 20.8763 1690741382577 665.7500 -0.0524
25.1404 -57.3752 -14.3696 21.5777 1690741382609 698.2500 -0.0397
24.6621 -56.9539 -15.1146 22.5318 1690741382643 731.0000 -0.0397
24.7552 -57.0483 -15.3189 24.4388 1690741382675 215.5000 -0.0368
24.6910 -56.9254 -15.0510 28.9462 1690741382707 65.2500 -0.0280
24.0975 -56.4436 -13.8333 28.0120 1690741382741 98.0000 -0.0236
22.7499 -57.6738 -12.5877 19.7143 1690741382773 130.7500 -0.0122
21.5211 -58.7762 -10.7109 25.9693 1690741382805 163.5000 -0.0099
21.6517 -59.0782 -10.3042 24.3990 1690741382838 196.0000 -0.0082
22.0767 -59.8554 -10.3498 16.8047 1690741382871 228.7500 -0.0031
21.8975 -58.8607 -11.7719 13.4885 1690741382903 261.5000 0.0032
21.8454 -58.9646 -12.3889 17.6598 1690741382936 293.5000 0.0053
20.7335 -57.9437 -11.3563 21.2584 1690741382969 326.5000 0.0076
20.9930 -58.4738 -10.8798 28.7564 1690741383002 359.5000 0.0145
21.2241 -58.5868 -11.1842 31.3269 1690741383034 392.2500 0.0215
21.1691 -58.5250 -10.6759 28.9304 1690741383068 424.7500 0.0238
20.6437 -58.6714 -11.1713 20.8727 1690741383100 457.7500 0.0272
20.2350 -58.3754 -11.4473 29.9577 1690741383132 490.2500 0.0306
20.2188 -57.4508 -11.8241 30.3578 1690741383165 522.7500 0.0331
23.1014 -57.5319 -12.1043 24.1680 1690741383198 555.7500 0.0331
22.6576 -57.6187 -13.5534 22.9178 1690741383230 587.7500 0.0309
22.6386 -57.8246 -14.6285 25.3423 1690741383262 620.5000 0.0250
23.3131 -58.0275 -14.2893 27.5006 1690741383296 653.7500 0.0140
24.3301 -58.3900 -13.6906 29.2146 1690741383328 686.2500 -0.0021
23.6544 -57.2619 -14.6945 27.6784 1690741383360 719.0000 -0.0021
23.9837 -57.7084 -14.8973 21.9862 1690741383395 751.7500 -0.0118
24.5263 -56.9979 -15.0291 22.9570 1690741383427 224.2500 -0.0216
24.3028 -56.3462 -14.2585 23.6012 1690741383459 70.0000 -0.0326
24.1439 -56.3422 -14.1143 27.3463 1690741383492 102.7500 -0.0486
22.0881 -56.7797 -12.7497 19.8858 1690741383525 135.5000 -0.0636
22.1559 -57.9577 -11.5383 23.1455 1690741383557 168.2500 -0.0689
22.3865 -57.9719 -10.1000 19.3365 1690741383590 200.7500 -0.0846
24.9875 -58.7532 -9.3851 21.4551 1690741383623 233.7500 -0.0846
24.9825 -59.3440 -10.1591 15.4386 1690741383655 266.2500 -0.1056
23.0376 -57.8929 -11.2995 19.3648 1690741383687 298.7500 -0.1142
23.5840 -57.1915 -11.0264 17.2191 1690741383721 331.7500 -0.1227
23.2158 -56.8299 -10.6373 19.3245 1690741383753 363.2500 -0.1227
23.5634 -56.9179 -10.8884 15.5483 1690741383786 397.0000 -0.1398
23.9268 -57.6402 -10.8812 28.5179 1690741383819 429.7500 -0.1545
23.8634 -57.2259 -11.2765 24.8491 1690741383852 462.2500 -0.1603
23.9495 -57.1226 -11.3756 21.2538 1690741383884 495.0000 -0.1662
24.2053 -56.5952 -12.0233 21.3981 1690741383917 527.7500 -0.1662
25.2937 -56.0919 -12.3035 25.7330 1690741383950 560.5000 -0.1769
25.5950 -55.9020 -13.1086 18.9460 1690741383982 593.0000 -0.1850
24.8736 -55.9744 -13.8734 26.7801 1690741384014 625.7500 -0.1877
24.9757 -56.2497 -14.1596 23.3644 1690741384048 658.0000 -0.1877
24.6166 -56.2182 -14.4617 22.2219 1690741384080 691.0000 -0.1955
24.8633 -56.1993 -14.7460 20.0265 1690741384112 723.7500 -0.1984
25.4242 -56.6751 -14.0712 22.6312 1690741384146 756.2500 -0.2013
25.0252 -56.2398 -14.7912 21.9367 1690741384179 789.2500 -0.2072
25.1384 -55.9056 -14.5943 17.4203 1690741384211 231.5000 -0.2072
24.9390 -55.1644 -13.7855 20.7160 1690741384244 67.7500 -0.2134
24.0676 -55.4740 -12.5323 16.9539 1690741384277 100.2500 -0.2181
23.2993 -56.9012 -10.8574 21.7055 1690741384309 132.7500 -0.2258
24.3962 -58.0340 -10.4464 21.2410 1690741384341 165.7500 -0.2258
23.8524 -57.7649 -9.7225 19.8937 1690741384375 198.2500 -0.2287
26.7795 -57.8299 -9.3278 12.7419 1690741384407 231.0000 -0.2309
25.3780 -57.5352 -11.2867 16.2555 1690741384439 263.7500 -0.2321
25.2935 -57.0455 -11.0864 12.7105 1690741384473 296.2500 -0.2326
25.0361 -56.6871 -10.9874 25.7643 1690741384505 329.0000 -0.2326
25.8562 -55.9722 -10.4356 24.2200 1690741384538 363.5000 -0.2324
26.2253 -56.3431 -10.6354 10.4257 1690741384571 394.0000 -0.2305
26.2038 -55.9698 -10.6715 19.2847 1690741384604 427.0000 -0.2272
25.8670 -55.8708 -10.4577 27.5697 1690741384636 459.7500 -0.2272
26.0849 -56.2987 -11.1688 23.0540 1690741384668 492.5000 -0.2250
26.3275 -55.6147 -12.1134 19.0691 1690741384702 525.2500 -0.2217
27.5209 -55.1085 -12.2645 21.9109 1690741384734 557.7500 -0.2184
26.4180 -55.0431 -13.0164 21.1542 1690741384766 590.7500 -0.2184
25.8336 -55.7167 -13.6740 20.8151 1690741384800 623.2500 -0.2151
25.5801 -56.1582 -14.4784 15.8145 1690741384832 655.7500 -0.2140
25.2908 -56.1581 -14.3198 21.9805 1690741384864 687.7500 -0.2111
25.1306 -56.1394 -14.8328 21.4607 1690741384898 721.2500 -0.2063
25.0428 -55.9114 -15.0727 22.5594 1690741384931 753.7500 -0.2048
24.8926 -56.0302 -14.8179 20.7645 1690741384963 595.2500 -0.1984
25.3532 -56.0384 -14.8492 23.8945 1690741384995 54.2500 -0.1984
24.2166 -55.6187 -13.3821 20.5619 1690741385029 87.0000 -0.1945
24.3307 -56.9304 -12.4409 22.2500 1690741385061 119.7500 -0.1912
24.2989 -58.2717 -10.9291 25.6887 1690741385093 152.5000 -0.1901
23.6347 -58.1652 -10.2030 26.1555 1690741385127 185.0000 -0.1895
23.9687 -58.1745 -10.9775 24.7303 1690741385159 217.7500 -0.1877
24.5285 -57.4083 -10.8962 15.8605 1690741385191 250.5000 -0.1858
24.4995 -57.7312 -11.2011 20.5750 1690741385225 283.2500 -0.1852
25.0030 -57.2512 -10.9613 23.0627 1690741385257 315.7500 -0.1852
24.9610 -56.9233 -10.7305 18.7900 1690741385290 348.5000 -0.1808
25.1822 -57.1777 -10.9439 22.0480 1690741385323 381.2500 -0.1791
25.8825 -56.5625 -10.6896 28.7452 1690741385356 413.7500 -0.1762
26.3643 -56.7843 -9.7670 23.9982 1690741385388 446.5000 -0.1750
25.6940 -56.1339 -10.4841 27.9371 1690741385420 479.2500 -0.1750
26.0644 -55.7185 -11.5611 20.6046 1690741385454 511.7500 -0.1728
26.1925 -55.3918 -12.5201 19.6172 1690741385486 544.7500 -0.1696
25.3877 -55.4467 -13.1551 22.5994 1690741385518 577.2500 -0.1672
25.2212 -55.8097 -13.9624 25.1638 1690741385551 610.0000 -0.1576
25.0124 -55.9224 -14.2962 15.3246 1690741385584 642.7500 -0.1545
25.0350 -56.1122 -14.7397 29.3453 1690741385616 675.2500 -0.1503
24.7089 -56.1780 -15.1011 18.7593 1690741385649 708.0000 -0.1339
25.0098 -56.7262 -15.1202 21.1559 1690741385682 740.2500 -0.1222
24.8142 -56.5944 -14.8427 27.8051 1690741385715 218.5000 -0.1144
24.5204 -56.0077 -14.5115 29.9586 1690741385747 65.7500 -0.1066
24.1653 -56.2910 -13.7004 24.9001 1690741385781 98.7500 -0.1066
23.0454 -56.9591 -12.0643 24.4076 1690741385813 131.5000 -0.0952
22.9626 -58.7856 -11.0116 23.7562 1690741385845 164.2500 -0.0880
23.6054 -59.3634 -9.2490 22.3889 1690741385878 196.7500 -0.0778
23.3959 -59.2510 -9.7589 16.5049 1690741385911 229.7500 -0.0778
23.4416 -58.6852 -11.1422 13.0746 1690741385943 262.2500 -0.0686
22.6404 -58.5722 -11.4825 22.1498 1690741385976 294.7500 -0.0625
22.5481 -58.0286 -11.2555 19.9402 1690741386009 327.7500 -0.0534
22.1912 -58.3491 -10.9114 24.4560 1690741386041 360.2500 -0.0397
21.9664 -58.3819 -10.9808 26.2010 1690741386074 393.0000 -0.0397
22.2970 -58.4685 -11.0047 32.3713 1690741386108 425.7500 -0.0324
21.9345 -58.3708 -11.2017 25.3959 1690741386140 458.2500 -0.0250
21.9512 -57.7921 -11.2284 26.5711 1690741386172 492.2500 -0.0143
23.1284 -56.9408 -11.9372 27.7576 1690741386206 523.7500 -0.0016
24.6370 -56.8218 -12.6793 24.8883 1690741386238 556.5000 -0.0016
24.0919 -57.1787 -13.9161 27.5918 1690741386270 589.0000 0.0004
23.9561 -57.2308 -14.3258 25.1057 1690741386303 621.7500 0.0062
24.1214 -57.6215 -15.0409 21.0785 1690741386336 654.5000 0.0125
23.8569 -57.7211 -15.0016 21.2011 1690741386368 687.2500 0.0145
24.3128 -57.8600 -15.3326 26.8607 1690741386400 719.7500 0.0145
24.6548 -58.1104 -15.0336 29.2860 1690741386434 568.7500 0.0219
24.8846 -58.0366 -15.0707 28.0000 1690741386467 49.7500 0.0252
24.9830 -57.8642 -14.6624 25.9598 1690741386491 74.5000 0.0263
