15.5227 -92.8105 -26.9497 20.9310 1685210502311 372.7500 -0.2140
15.0088 -92.3192 -27.0167 25.7462 1685210502345 405.2500 -0.2116
14.7941 -92.6770 -28.3326 26.3645 1685210502377 438.0000 -0.2116
14.6096 -92.2240 -28.5189 25.9478 1685210502410 470.7500 -0.2106
14.3843 -91.9836 -29.1258 31.8908 1685210502442 503.2500 -0.2096
14.2236 -91.9661 -29.3242 30.1442 1685210502476 535.7500 -0.2087
14.3033 -91.4684 -28.6549 29.7667 1685210502508 568.2500 -0.2087
15.5144 -93.1633 -27.4992 26.6767 1685210502540 601.2500 -0.2018
15.9799 -92.3243 -26.9555 28.9825 1685210502574 634.2500 -0.1906
17.3949 -92.2940 -28.3863 19.2322 1685210502606 180.7500 -0.1906
17.6092 -93.7050 -28.3112 24.6700 1685210502638 51.5000 -0.1789
19.6842 -94.1363 -26.4463 19.3445 1685210502671 84.2500 -0.1789
20.4315 -93.9787 -25.2306 37.5851 1685210502704 117.0000 -0.1618
20.1766 -94.7701 -24.8561 29.8788 1685210502737 149.5000 -0.1618
19.6076 -94.5838 -25.7609 16.5615 1685210502769 182.2500 -0.1479
19.5411 -95.0051 -25.4929 23.2325 1685210502803 214.7500 -0.1432
20.4481 -95.0306 -23.5611 26.8471 1685210502835 247.7500 -0.1319
18.3929 -95.3153 -25.1432 21.7555 1685210502867 280.0000 -0.1208
18.0573 -93.9345 -24.3452 23.3861 1685210502901 313.0000 -0.1134
17.7776 -92.9553 -24.9557 16.1865 1685210502933 345.7500 -0.1024
16.0125 -93.3732 -26.4297 19.5840 1685210502965 378.2500 -0.0988
15.1397 -93.6977 -27.6290 27.3768 1685210502998 411.2500 -0.0874
15.6346 -92.7452 -28.5849 29.1755 1685210503031 443.7500 -0.0836
15.0519 -93.0332 -28.6998 30.2761 1685210503063 476.2500 -0.0768
14.6599 -92.9560 -29.3756 30.4518 1685210503096 509.2500 -0.0700
14.2990 -92.8675 -29.8351 36.8680 1685210503130 541.7500 -0.0608
14.3985 -92.3453 -29.4866 24.8540 1685210503162 574.5000 -0.0509
15.8872 -93.7672 -28.6820 28.8826 1685210503194 607.2500 -0.0441
16.5327 -94.1404 -27.1790 27.1259 1685210503228 640.0000 -0.0375
16.4093 -94.4832 -28.2682 30.8833 1685210503260 32.5000 -0.0309
16.9462 -94.7671 -28.2657 19.9752 1685210503292 65.0000 -0.0245
18.2969 -94.8082 -27.0711 28.7159 1685210503325 97.5000 -0.0182
19.4901 -95.6572 -25.1164 33.0928 1685210503358 130.7500 -0.0045
19.3474 -96.3149 -24.7388 26.7692 1685210503390 163.2500 -0.0045
17.9376 -95.7259 -26.0085 20.9606 1685210503423 196.0000 0.0016
18.0839 -96.1404 -25.6724 24.7533 1685210503456 228.7500 0.0107
19.6328 -96.5738 -24.1344 23.4823 1685210503488 261.2500 0.0199
18.9297 -96.2405 -24.5517 22.4538 1685210503521 294.0000 0.0250
17.7303 -95.6255 -25.0355 18.5557 1685210503555 326.7500 0.0302
18.2688 -94.1910 -25.3864 29.3517 1685210503587 358.7500 0.0360
16.6845 -95.1150 -27.1323 25.4592 1685210503619 392.0000 0.0380
15.8473 -94.9698 -28.2921 30.4969 1685210503652 424.7500 0.0438
15.5109 -94.7611 -28.7452 32.4435 1685210503685 457.0000 0.0458
15.2003 -94.7600 -29.6524 25.8676 1685210503717 490.2500 0.0509
15.0330 -94.1457 -29.9097 34.1409 1685210503750 522.7500 0.0535
15.0322 -93.7180 -29.8993 38.9679 1685210503783 555.5000 0.0560
14.7063 -93.5892 -29.8242 26.9867 1685210503815 588.2500 0.0560
14.9301 -93.0669 -29.1453 24.4430 1685210503847 621.0000 0.0549
16.1280 -94.6984 -27.1626 23.3702 1685210503881 490.5000 0.0454
16.1624 -95.0554 -27.5879 21.4411 1685210503914 34.2500 0.0424
16.4341 -94.8983 -28.0601 25.2730 1685210503946 67.0000 0.0328
17.4058 -94.8551 -26.9989 24.8509 1685210503980 99.7500 0.0233
19.2594 -95.7215 -24.7952 31.5217 1685210504012 132.2500 0.0094
19.4443 -95.8548 -24.1947 39.8858 1685210504044 165.0000 0.0023
18.9286 -95.4547 -25.0153 25.2269 1685210504077 197.5000 -0.0106
18.8074 -95.9287 -25.9605 22.5299 1685210504110 229.7500 -0.0162
20.5789 -96.1849 -23.6423 19.7172 1685210504142 263.2500 -0.0270
19.5477 -95.3287 -23.9304 20.7257 1685210504174 295.7500 -0.0429
18.1604 -95.0634 -24.8172 23.9623 1685210504208 328.2500 -0.0582
18.2403 -94.0311 -25.1655 16.8832 1685210504240 361.2500 -0.0634
16.9968 -94.5729 -27.0169 26.4417 1685210504272 393.7500 -0.0788
16.0179 -94.6203 -27.9465 26.7738 1685210504307 426.5000 -0.0883
15.5599 -94.3398 -28.3883 37.2309 1685210504339 459.2500 -0.0978
15.7559 -93.6976 -28.6003 31.4039 1685210504371 492.0000 -0.1026
15.3120 -93.3941 -29.1177 27.4655 1685210504404 523.7500 -0.1168
15.0938 -93.2231 -29.3233 33.2208 1685210504437 557.2500 -0.1349
14.6248 -92.6389 -29.0663 26.5386 1685210504469 589.7500 -0.1349
15.5307 -92.9134 -27.4363 28.3948 1685210504501 622.7500 -0.1477
16.4868 -93.3284 -26.1053 24.9728 1685210504535 655.2500 -0.1558
16.6619 -93.1256 -26.6005 24.2064 1685210504567 517.0000 -0.1672
17.7909 -93.4934 -27.7375 16.8183 1685210504599 36.7500 -0.1705
19.3225 -94.5549 -26.3955 16.4430 1685210504633 69.2500 -0.1803
20.9749 -94.0521 -25.1067 29.0484 1685210504665 102.2500 -0.1877
21.7291 -93.8944 -24.4071 39.1044 1685210504698 134.7500 -0.1901
20.9376 -93.4030 -24.7774 27.1409 1685210504731 167.2500 -0.1923
21.1190 -94.0073 -24.7762 16.6508 1685210504764 200.2500 -0.2009
21.2544 -94.3568 -24.0187 18.6174 1685210504796 232.7500 -0.2067
21.2014 -93.8073 -24.1162 19.6973 1685210504829 265.5000 -0.2087
19.8697 -93.6597 -24.9245 28.2530 1685210504862 298.2500 -0.2145
19.3543 -92.4507 -24.1067 19.7711 1685210504894 330.5000 -0.2145
17.6362 -92.4946 -25.6181 18.6651 1685210504926 363.2500 -0.2223
16.2288 -92.3483 -26.7502 31.3201 1685210504960 396.2500 -0.2223
15.5486 -92.8370 -27.6447 18.6855 1685210504992 429.0000 -0.2260
15.7561 -92.3348 -27.9434 26.2010 1685210505024 461.5000 -0.2272
15.5978 -92.3999 -28.4632 27.6723 1685210505058 494.2500 -0.2326
15.5324 -91.9272 -28.6181 20.9734 1685210505091 527.0000 -0.2360
15.3500 -91.7867 -28.5700 27.3670 1685210505123 559.7500 -0.2360
14.9930 -92.1108 -28.1698 22.7871 1685210505156 592.2500 -0.2370
16.4329 -92.5741 -26.7970 28.7686 1685210505189 624.5000 -0.2370
17.9413 -93.1277 -27.2537 20.3376 1685210505221 657.7500 -0.2370
17.9950 -93.3804 -28.2523 21.9329 1685210505253 26.2500 -0.2365
19.1944 -93.2398 -27.8795 26.0901 1685210505287 59.0000 -0.2360
20.6266 -93.8292 -25.7004 26.9305 1685210505319 91.7500 -0.2360
21.0771 -93.4113 -24.9571 37.1535 1685210505351 124.2500 -0.2324
21.2669 -94.0243 -24.7274 26.0760 1685210505384 157.2500 -0.2256
20.3736 -93.4630 -24.6655 24.6073 1685210505417 189.7500 -0.2238
20.6789 -93.5269 -23.6778 25.4129 1685210505450 222.5000 -0.2201
20.3914 -93.4876 -23.5041 22.7525 1685210505483 255.2500 -0.2189
19.3773 -93.2384 -24.0927 22.1122 1685210505516 288.0000 -0.2149
19.3239 -91.7297 -23.2279 16.4792 1685210505548 320.5000 -0.2136
16.9209 -91.9971 -25.0274 18.1028 1685210505580 353.2500 -0.2106
15.5138 -92.1584 -26.1016 28.1241 1685210505614 386.0000 -0.2077
15.3666 -92.5291 -26.8598 26.2265 1685210505646 418.7500 -0.2033
15.4869 -92.4680 -28.3735 24.0592 1685210505678 450.7500 -0.1987
15.2723 -91.8884 -28.6054 33.2430 1685210505712 483.7500 -0.1955
14.8332 -92.0054 -29.3919 30.7726 1685210505744 516.7500 -0.1918
14.1647 -92.1341 -29.1213 20.4350 1685210505776 549.2500 -0.1882
15.4549 -92.4421 -28.5480 23.4086 1685210505809 582.0000 -0.1847
16.0223 -92.6491 -27.1752 26.6596 1685210505842 614.7500 -0.1813
16.6735 -92.9449 -28.5143 21.8665 1685210505874 328.7500 -0.1745
17.1752 -93.5974 -28.7222 17.6582 1685210505907 43.2500 -0.1745
18.3173 -93.6069 -27.8624 18.7168 1685210505941 75.7500 -0.1718
19.6336 -94.2250 -25.9705 30.4357 1685210505973 108.0000 -0.1662
19.8971 -94.1212 -24.9043 38.0330 1685210506005 141.0000 -0.1632
19.1963 -93.8437 -25.3672 19.0617 1685210506039 173.7500 -0.1620
18.9526 -94.3573 -25.4802 26.4435 1685210506071 205.7500 -0.1584
20.0833 -94.5411 -23.3383 31.7186 1685210506103 239.2500 -0.1574
18.6809 -94.0126 -23.6724 15.6900 1685210506136 272.0000 -0.1545
17.8922 -92.8091 -24.3650 23.1639 1685210506169 304.5000 -0.1537
17.4743 -92.2035 -24.5549 23.6118 1685210506201 337.2500 -0.1530
15.6899 -93.0939 -25.8269 21.0195 1685210506234 370.0000 -0.1525
14.5226 -92.9679 -26.8042 30.9423 1685210506267 402.7500 -0.1504
14.2855 -93.3277 -27.9559 29.0403 1685210506300 435.2500 -0.1486
14.3137 -92.8749 -28.4814 33.2973 1685210506332 468.0000 -0.1479
14.3056 -92.3425 -29.0074 26.9248 1685210506366 500.7500 -0.1457
13.6152 -92.3354 -29.5295 33.4300 1685210506398 533.2500 -0.1449
13.2342 -91.9041 -29.8454 26.0690 1685210506430 566.2500 -0.1427
14.3403 -92.5731 -28.0734 23.2416 1685210506463 598.7500 -0.1420
15.3669 -92.8778 -27.1971 30.7330 1685210506496 630.7500 -0.1398
15.7559 -92.8866 -27.7901 24.8381 1685210506528 182.0000 -0.1398
16.3639 -93.8664 -28.6497 22.3016 1685210506561 53.7500 -0.1383
17.1505 -94.1088 -27.8470 22.1565 1685210506594 86.5000 -0.1349
19.2058 -94.5094 -25.7005 28.9339 1685210506626 119.2500 -0.1349
19.1603 -95.1099 -25.1201 35.2447 1685210506659 152.0000 -0.1280
18.3517 -94.8965 -25.8730 21.6921 1685210506693 184.5000 -0.1256
18.0515 -94.8293 -25.5197 21.0800 1685210506725 217.2500 -0.1129
19.4946 -95.2599 -23.9670 23.1156 1685210506757 250.0000 -0.1129
18.3461 -94.6891 -23.9907 15.6111 1685210506790 282.0000 -0.1002
18.0425 -93.5866 -24.3022 21.7788 1685210506823 315.2500 -0.0939
17.7266 -93.3363 -24.9516 28.1178 1685210506855 347.7500 -0.0875
15.6457 -94.3235 -26.7863 29.2625 1685210506888 380.5000 -0.0875
15.1126 -93.7927 -27.2972 25.5591 1685210506921 413.2500 -0.0748
14.8155 -93.6147 -28.1035 25.5642 1685210506953 446.0000 -0.0646
14.5553 -93.4855 -28.6948 26.3600 1685210506986 478.7500 -0.0612
13.9978 -93.3555 -29.8095 25.5668 1685210507020 511.2500 -0.0513
14.2097 -92.8681 -29.8870 29.7179 1685210507052 544.2500 -0.0449
13.7290 -93.0671 -30.1026 22.4006 1685210507084 576.7500 -0.0358
14.3258 -92.4546 -29.2045 22.5685 1685210507117 609.2500 -0.0358
