-13.1358 76.5138 -36.8593 0.0000 1650406224474 1620193.5000 -0.2009
-13.1222 76.8403 -36.9794 0.0000 1650406224503 1620222.7500 -0.2009
-13.1269 76.7069 -36.8912 0.0000 1650406224532 1620252.2500 -0.2009
-13.0598 76.9935 -37.0862 0.0000 1650406224561 1620280.7500 -0.2009
-12.9387 76.8902 -37.0625 0.0000 1650406224590 1620309.7500 -0.2009
-13.0973 76.8038 -36.9687 0.0000 1650406224619 1620338.0000 -0.2009
-13.0634 77.0099 -37.0677 0.0000 1650406224648 1620367.7500 -0.2009
-13.0637 77.0952 -37.1308 0.0000 1650406224677 1620396.5000 -0.2009
-13.0278 77.0323 -37.0392 0.0000 1650406224706 1620425.5000 -0.2009
-13.0108 77.0460 -37.1889 0.0000 1650406224735 1620454.2500 -0.2009
-12.8813 77.1449 -37.1870 0.0000 1650406224764 1620483.2500 -0.2009
-12.7985 77.1193 -37.1944 0.0000 1650406224793 1620512.2500 -0.2009
-12.7841 77.1308 -37.2302 0.0000 1650406224822 1620541.2500 -0.2009
-12.8415 77.0231 -37.1841 0.0000 1650406224851 1620570.2500 -0.2009
-12.7965 77.0561 -37.2074 0.0000 1650406224880 1620599.2500 -0.2004
-12.8914 77.0001 -37.1559 0.0000 1650406224909 1620628.2500 -0.2004
-12.8483 76.9842 -37.2100 0.0000 1650406224938 1620657.2500 -0.2004
-12.8285 76.7858 -37.0604 0.0000 1650406224967 1620686.2500 -0.2004
-12.8387 76.9466 -37.1397 0.0000 1650406224996 1620715.2500 -0.1999
-12.9545 76.8352 -37.0768 0.0000 1650406225024 1620745.7500 -0.1999
-12.8954 76.8357 -37.0703 0.0000 1650406225054 1620773.5000 -0.2004
-12.9110 76.9669 -37.1460 0.0000 1650406225083 1620802.0000 -0.2004
-12.9400 76.7971 -37.0140 0.0000 1650406225112 1620831.0000 -0.2004
-13.0923 76.6709 -36.9397 0.0000 1650406225140 1620860.0000 -0.2004
-13.0789 76.8818 -37.0630 0.0000 1650406225170 1620888.7500 -0.2004
-12.9770 76.8605 -37.0069 0.0000 1650406225199 1620917.7500 -0.2004
-13.0754 76.5518 -36.9001 0.0000 1650406225228 1620946.7500 -0.2004
-12.9714 76.8810 -37.0003 0.0000 1650406225257 1620975.7500 -0.2004
-13.1303 76.5590 -36.8335 0.0000 1650406225285 1621006.2500 -0.2004
-13.0097 76.6627 -36.9403 0.0000 1650406225315 1621033.5000 -0.2004
-12.9246 76.7882 -37.0290 0.0000 1650406225343 1621062.7500 -0.2009
-13.1815 76.5478 -36.9242 0.0000 1650406225372 1621092.7500 -0.2009
-13.0861 76.6028 -36.8290 0.0000 1650406225401 1621122.0000 -0.2009
-12.9893 76.6956 -36.9442 0.0000 1650406225430 1621149.7500 -0.2009
-13.1080 76.7052 -36.9028 0.0000 1650406225459 1621178.7500 -0.2009
-13.0339 76.6668 -36.9455 0.0000 1650406225488 1621207.7500 -0.2009
-13.0364 76.7148 -36.9308 0.0000 1650406225517 1621236.7500 -0.2009
-13.0052 76.7745 -36.9827 0.0000 1650406225547 1621265.7500 -0.2009
-12.8234 76.8986 -37.0652 0.0000 1650406225576 1621294.7500 -0.2009
-13.0237 76.7209 -36.9991 0.0000 1650406225604 1621323.7500 -0.2009
-12.9922 76.8919 -36.9979 0.0000 1650406225634 1621352.7500 -0.2009
-12.8782 76.9611 -37.0530 0.0000 1650406225662 1621381.7500 -0.2009
-12.8715 77.0721 -37.1591 0.0000 1650406225691 1621410.7500 -0.2009
-12.9143 76.9097 -37.0950 0.0000 1650406225720 1621439.7500 -0.2004
-12.7644 76.9170 -37.1136 0.0000 1650406225749 1621468.7500 -0.2004
-12.7810 77.2001 -37.2799 0.0000 1650406225778 1621497.5000 -0.2004
-12.6047 77.0377 -37.2534 0.0000 1650406225807 1621526.2500 -0.2004
-12.6558 77.0149 -37.1925 0.0000 1650406225836 1621557.0000 -0.2004
-12.7253 76.8423 -37.1255 0.0000 1650406225865 1621584.2500 -0.2004
-12.7650 76.8758 -37.1171 0.0000 1650406225894 1621613.2500 -0.2004
-12.8070 76.9535 -37.1705 0.0000 1650406225923 1621642.2500 -0.2004
-12.8780 76.8774 -37.0872 0.0000 1650406225952 1621671.2500 -0.2004
-12.7209 76.9150 -37.1089 0.0000 1650406225981 1621700.2500 -0.2004
-12.8931 76.7602 -37.0456 0.0000 1650406226010 1621729.2500 -0.2004
-12.8804 76.6966 -36.9757 0.0000 1650406226039 1621758.2500 -0.2004
-12.8692 76.8458 -37.0606 0.0000 1650406226068 1621788.0000 -0.2004
-12.9114 76.7621 -37.0233 0.0000 1650406226097 1621816.0000 -0.2004
-12.9688 76.8022 -37.0209 0.0000 1650406226126 1621845.2500 -0.2009
-13.0520 76.6812 -36.9646 0.0000 1650406226155 1621873.7500 -0.2009
-13.1226 76.4671 -36.8085 0.0000 1650406226183 1621903.2500 -0.2009
-13.0072 76.6476 -36.9016 0.0000 1650406226213 1621932.0000 -0.2009
-13.0429 76.5628 -36.9069 0.0000 1650406226241 1621961.0000 -0.1999
-12.9016 76.7050 -36.9394 0.0000 1650406226271 1621990.0000 -0.2009
-12.9984 76.8808 -37.1928 0.0000 1650406226299 1622018.7500 -0.2009
-12.8771 76.8677 -36.7602 0.0000 1650406226329 1622047.7500 -0.2009
-12.2025 76.9292 -36.0403 0.0000 1650406226358 1622076.7500 -0.2009
-13.6939 75.6152 -34.3125 0.0000 1650406226387 1622105.7500 -0.2009
-12.3020 77.3528 -34.4264 0.0000 1650406226416 1622134.7500 -0.2009
-12.8354 76.4636 -33.5106 0.0000 1650406226445 1622163.7500 -0.2009
-12.8826 76.6148 -32.8255 0.0000 1650406226474 1622192.7500 -0.2009
-13.2318 76.0716 -31.9484 0.0000 1650406226502 1622221.7500 -0.2009
-13.5626 75.1255 -31.1443 0.0000 1650406226531 1622250.7500 -0.2007
-13.7796 73.7622 -30.1809 0.0000 1650406226560 1622279.7500 -0.2004
-14.2999 74.3725 -30.7149 0.0000 1650406226589 1622308.0000 -0.2004
-13.1236 76.9728 -32.6093 0.0000 1650406226618 1622337.5000 -0.2004
-12.8646 77.1448 -32.8887 0.0000 1650406226647 1622366.7500 -0.2004
-12.6460 77.1315 -33.4389 0.0000 1650406226676 1622395.7500 -0.1999
-12.1189 77.2144 -34.1770 0.0000 1650406226705 1622424.7500 -0.1999
-12.1620 76.5616 -34.7839 0.0000 1650406226735 1622453.7500 -0.1999
-11.6276 76.8558 -35.7389 0.0000 1650406226763 1622482.7500 -0.1999
-12.0210 76.6651 -36.6881 0.0000 1650406226793 1622511.7500 -0.1999
-11.8274 76.7536 -37.5412 0.0000 1650406226821 1622540.2500 -0.1999
-11.8552 76.6678 -38.5139 0.0000 1650406226850 1622571.0000 -0.2004
-11.8837 77.0895 -39.3870 0.0000 1650406226879 1622598.5000 -0.2004
-11.9137 76.9725 -40.0751 0.0000 1650406226908 1622628.5000 -0.2004
-12.0731 76.8664 -40.7427 0.0000 1650406226937 1622656.2500 -0.2004
-12.1727 76.7027 -41.2590 0.0000 1650406226966 1622685.2500 -0.2004
-12.0168 76.9435 -41.8921 0.0000 1650406226995 1622714.2500 -0.2004
-12.1520 76.9473 -42.1552 0.0000 1650406227024 1622743.2500 -0.2004
-12.5444 76.7236 -41.9852 0.0000 1650406227053 1622772.2500 -0.2004
-12.9059 76.4056 -41.8591 0.0000 1650406227082 1622801.2500 -0.2005
-12.7690 76.8286 -41.7184 0.0000 1650406227112 1622830.2500 -0.2009
-12.8810 76.4777 -41.1162 0.0000 1650406227140 1622859.2500 -0.2009
-12.4444 76.6228 -40.8823 0.0000 1650406227169 1622888.2500 -0.2009
-12.6614 76.4458 -40.5578 0.0000 1650406227198 1622917.2500 -0.2009
-12.9245 76.9305 -40.0161 0.0000 1650406227227 1622946.2500 -0.2009
-12.7501 76.7401 -38.9123 0.0000 1650406227256 1622975.2500 -0.2009
-14.0536 75.2907 -37.2682 0.0000 1650406227285 1623004.2500 -0.2009
-12.8863 76.5855 -37.2157 0.0000 1650406227314 1623033.0000 -0.2009
-14.1021 74.8966 -35.1970 0.0000 1650406227342 1623061.7500 -0.2009
-13.0886 76.6745 -35.3763 0.0000 1650406227372 1623092.0000 -0.2009
-13.9251 75.2799 -33.6813 0.0000 1650406227400 1623119.7500 -0.2009
-12.8483 76.7198 -33.9017 0.0000 1650406227430 1623148.7500 -0.2009
-14.0668 74.4930 -31.8874 0.0000 1650406227459 1623177.7500 -0.2004
-13.4170 74.9453 -31.4324 0.0000 1650406227488 1623206.7500 -0.2004
-13.0616 76.4915 -32.0842 0.0000 1650406227517 1623235.7500 -0.2004
-14.0683 74.1283 -30.4140 0.0000 1650406227546 1623264.7500 -0.2004
-13.5226 73.0870 -29.5962 0.0000 1650406227575 1623293.7500 -0.2004
-14.2813 73.9877 -30.6011 0.0000 1650406227604 1623322.2500 -0.2004
-12.5908 77.0250 -32.6404 0.0000 1650406227633 1623351.5000 -0.2004
-12.8850 77.0451 -32.7964 0.0000 1650406227661 1623380.7500 -0.2004
-12.8758 76.8029 -33.4337 0.0000 1650406227691 1623409.5000 -0.2004
-12.6409 76.9033 -34.2116 0.0000 1650406227719 1623438.7500 -0.2004
-12.7292 76.3942 -34.7926 0.0000 1650406227748 1623467.7500 -0.2004
-12.2221 77.0251 -36.1394 0.0000 1650406227777 1623496.7500 -0.2004
-12.0469 76.7950 -36.9520 0.0000 1650406227807 1623525.7500 -0.2004
-11.7389 77.3585 -38.2446 0.0000 1650406227835 1623554.7500 -0.2004
-12.1908 76.8278 -38.6662 0.0000 1650406227864 1623583.7500 -0.2004
-12.1150 76.8971 -39.5489 0.0000 1650406227894 1623612.7500 -0.2009
-12.0469 76.7253 -40.1938 0.0000 1650406227923 1623641.7500 -0.2009
-11.9954 76.8175 -40.8248 0.0000 1650406227952 1623670.7500 -0.2009
-12.0443 76.7012 -41.4980 0.0000 1650406227980 1623699.7500 -0.2009
-12.1776 76.5923 -41.7482 0.0000 1650406228009 1623728.5000 -0.2009
-12.1474 76.6817 -42.0861 0.0000 1650406228038 1623757.5000 -0.2009
-12.5185 76.6904 -42.0890 0.0000 1650406228067 1623786.2500 -0.2004
-12.5271 76.6612 -41.9187 0.0000 1650406228096 1623815.2500 -0.2004
-12.6729 76.6298 -41.6046 0.0000 1650406228125 1623845.0000 -0.2009
-12.5334 76.8861 -41.1667 0.0000 1650406228154 1623873.0000 -0.2009
-12.5715 76.5966 -40.7537 0.0000 1650406228183 1623902.2500 -0.2004
-12.5178 76.5736 -40.4648 0.0000 1650406228212 1623931.2500 -0.2004
-12.6770 76.8772 -39.6724 0.0000 1650406228241 1623960.2500 -0.2004
-12.9222 76.7727 -38.8391 0.0000 1650406228271 1623989.2500 -0.2004
-13.3891 75.9714 -37.3787 0.0000 1650406228299 1624018.2500 -0.1999
-12.8635 76.4930 -36.8887 0.0000 1650406228328 1624047.2500 -0.1999
-13.5874 75.5862 -35.2237 0.0000 1650406228357 1624077.7500 -0.1994
-12.8786 76.3944 -35.0668 0.0000 1650406228386 1624104.2500 -0.1994
-12.9432 76.2141 -34.0825 0.0000 1650406228415 1624134.0000 -0.1994
-13.2179 76.2309 -33.3557 0.0000 1650406228444 1624164.5000 -0.1994
-13.9626 74.7396 -31.9186 0.0000 1650406228473 1624191.7500 -0.1996
-12.6331 76.5999 -32.5151 0.0000 1650406228502 1624221.0000 -0.1999
-12.7545 75.8903 -31.6317 0.0000 1650406228531 1624249.7500 -0.1999
-12.3032 71.0670 -27.3290 0.0000 1650406228559 1624278.7500 -0.1999
-13.8433 73.6404 -30.2743 0.0000 1650406228589 1624307.7500 -0.2001
-14.0397 73.8817 -30.4858 0.0000 1650406228618 1624336.7500 -0.2004
-12.6542 76.4591 -32.5636 0.0000 1650406228647 1624365.7500 -0.2004
-12.5558 77.1593 -33.2282 0.0000 1650406228676 1624394.7500 -0.2004
-12.2004 77.3741 -33.9967 0.0000 1650406228705 1624423.7500 -0.2006
-14.3442 74.8177 -33.2429 0.0000 1650406228734 1624452.7500 -0.2009
-12.3831 77.0634 -35.4141 0.0000 1650406228763 1624481.7500 -0.2009
-12.2716 76.9457 -36.4308 0.0000 1650406228792 1624510.7500 -0.2009
-12.1383 77.0242 -37.2781 0.0000 1650406228820 1624539.7500 -0.2009
-11.7255 77.1891 -38.4738 0.0000 1650406228850 1624568.7500 -0.2009
-12.1644 77.0585 -39.0731 0.0000 1650406228878 1624597.7500 -0.2009
-11.9887 76.8617 -39.9537 0.0000 1650406228907 1624626.2500 -0.2009
-12.1086 76.7853 -40.4101 0.0000 1650406228936 1624655.7500 -0.2004
-12.0078 76.7156 -41.0491 0.0000 1650406228966 1624684.7500 -0.2009
-12.2689 76.6563 -41.6607 0.0000 1650406228994 1624713.7500 -0.2009
-11.9910 76.8267 -42.0282 0.0000 1650406229023 1624742.7500 -0.2009
-12.1385 76.9014 -42.2331 0.0000 1650406229052 1624771.7500 -0.2009
-12.3406 76.6549 -41.9379 0.0000 1650406229082 1624800.7500 -0.2004
-12.4421 76.5928 -41.8877 0.0000 1650406229111 1624829.5000 -0.2004
-12.5318 76.6763 -41.4540 0.0000 1650406229139 1624858.2500 -0.2004
-12.4031 76.7856 -41.0394 0.0000 1650406229169 1624887.0000 -0.2004
-12.2421 76.9015 -40.9171 0.0000 1650406229197 1624916.2500 -0.1999
-12.6670 76.5511 -40.2366 0.0000 1650406229226 1624946.2500 -0.1999
-12.3289 76.8786 -39.4785 0.0000 1650406229255 1624974.2500 -0.2004
-12.7735 76.9987 -38.7448 0.0000 1650406229284 1625003.2500 -0.2004
-12.8362 76.2529 -37.2956 0.0000 1650406229313 1625032.2500 -0.2004
-14.1101 74.8196 -35.5284 0.0000 1650406229342 1625061.2500 -0.2004
-12.7175 76.3404 -35.4896 0.0000 1650406229371 1625090.2500 -0.2004
-14.0707 74.4376 -33.5568 0.0000 1650406229400 1625119.2500 -0.2004
-12.8189 76.6620 -34.0509 0.0000 1650406229430 1625148.2500 -0.2004
-13.5996 74.8082 -32.3490 0.0000 1650406229458 1625177.2500 -0.2004
-12.8600 76.5318 -32.9610 0.0000 1650406229487 1625206.2500 -0.2006
-12.8331 76.2227 -31.9931 0.0000 1650406229516 1625235.2500 -0.2013
-13.6200 74.0609 -30.4127 0.0000 1650406229545 1625264.0000 -0.2009
-13.7634 73.3510 -29.9873 0.0000 1650406229574 1625293.0000 -0.2009
-12.3912 71.2640 -27.7951 0.0000 1650406229603 1625322.0000 -0.2009
-12.5006 77.0141 -32.6023 0.0000 1650406229632 1625350.7500 -0.2009
-12.5890 77.3028 -32.8995 0.0000 1650406229661 1625381.0000 -0.2009
-12.5201 77.1220 -33.3630 0.0000 1650406229690 1625408.2500 -0.2009
-12.2149 77.0852 -34.1476 0.0000 1650406229718 1625437.7500 -0.2009
-12.5300 76.5953 -34.7313 0.0000 1650406229748 1625466.7500 -0.2009
-11.9929 77.1756 -35.8251 0.0000 1650406229777 1625495.7500 -0.2009
-11.9684 76.4940 -36.5633 0.0000 1650406229806 1625524.7500 -0.2009
-11.9378 76.9424 -37.5660 0.0000 1650406229835 1625553.7500 -0.2009
-12.1190 76.7673 -38.4637 0.0000 1650406229864 1625582.7500 -0.2009
-11.8668 77.1482 -39.2764 0.0000 1650406229893 1625611.7500 -0.2009
-12.0188 76.6204 -40.0867 0.0000 1650406229922 1625640.0000 -0.2004
-11.9872 76.9126 -40.7583 0.0000 1650406229951 1625669.7500 -0.2004
-12.0977 76.8852 -41.3882 0.0000 1650406229980 1625698.7500 -0.2004
-12.0817 76.7275 -41.7416 0.0000 1650406230009 1625729.0000 -0.2004
-11.8736 76.7192 -42.0558 0.0000 1650406230037 1625756.7500 -0.1999
-12.1990 76.7681 -42.1017 0.0000 1650406230066 1625785.7500 -0.1999
-12.3375 76.4550 -41.9112 0.0000 1650406230095 1625814.7500 -0.1999
-12.7465 76.6092 -41.6714 0.0000 1650406230125 1625843.7500 -0.1999
-12.7051 76.5310 -41.2299 0.0000 1650406230153 1625872.7500 -0.1999
-12.3258 76.7656 -41.0585 0.0000 1650406230183 1625901.7500 -0.1999
-12.4161 76.7576 -40.7104 0.0000 1650406230212 1625930.7500 -0.1999
-12.5370 76.7088 -40.1132 0.0000 1650406230241 1625959.5000 -0.1999
-12.4376 76.7087 -39.1669 0.0000 1650406230270 1625988.5000 -0.2000
-13.6263 75.9827 -37.8533 0.0000 1650406230298 1626017.2500 -0.2004
-12.8069 76.6163 -37.2419 0.0000 1650406230328 1626046.2500 -0.2009
-13.8278 74.6311 -35.0849 0.0000 1650406230356 1626075.2500 -0.2009
-12.6702 76.3657 -35.3827 0.0000 1650406230385 1626104.2500 -0.2009
-14.0445 74.8469 -33.4813 0.0000 1650406230414 1626134.7500 -0.2009
-12.8354 76.4048 -33.8016 0.0000 1650406230443 1626161.5000 -0.2009
-12.6251 76.7342 -33.5250 0.0000 1650406230472 1626191.2500 -0.2009
-12.7294 76.2840 -32.5909 0.0000 1650406230501 1626220.2500 -0.2010
-12.9109 76.5727 -32.1860 0.0000 1650406230530 1626249.2500 -0.2013
-12.8060 76.6145 -32.1215 0.0000 1650406230559 1626278.2500 -0.2013
-13.7274 73.9502 -30.3932 0.0000 1650406230589 1626307.2500 -0.2013
-12.9864 76.4441 -32.1717 0.0000 1650406230617 1626336.2500 -0.2013
-12.8612 76.6794 -32.4754 0.0000 1650406230646 1626365.0000 -0.2013
-12.4456 77.1562 -33.0079 0.0000 1650406230675 1626393.5000 -0.2013
-12.6200 76.8963 -33.3588 0.0000 1650406230704 1626423.7500 -0.2013
-11.9507 77.2331 -34.4402 0.0000 1650406230733 1626452.0000 -0.2013
-12.5814 76.5308 -34.9042 0.0000 1650406230762 1626482.2500 -0.2009
-12.0302 77.1168 -36.2384 0.0000 1650406230791 1626509.7500 -0.2009
-12.1438 76.5835 -36.8738 0.0000 1650406230820 1626538.7500 -0.2009
-11.9925 76.7564 -37.8802 0.0000 1650406230849 1626567.7500 -0.2009
-12.1462 76.7555 -38.6402 0.0000 1650406230877 1626596.7500 -0.2004
-11.7935 76.6357 -39.4988 0.0000 1650406230907 1626625.7500 -0.2004
-12.1190 76.5168 -40.2725 0.0000 1650406230936 1626654.7500 -0.2004
-11.7910 76.9492 -40.9463 0.0000 1650406230965 1626683.7500 -0.2004
-12.0394 76.5756 -41.4137 0.0000 1650406230994 1626712.7500 -0.2004
-12.0780 76.6175 -41.7659 0.0000 1650406231023 1626741.7500 -0.2004
-12.0238 76.8443 -42.2157 0.0000 1650406231052 1626770.7500 -0.2004
-12.4639 76.3024 -41.9686 0.0000 1650406231081 1626799.7500 -0.2004
-12.1660 76.8085 -42.1044 0.0000 1650406231110 1626828.7500 -0.2004
-12.5847 76.5654 -41.8054 0.0000 1650406231139 1626857.7500 -0.2004
-12.5078 76.5296 -41.1580 0.0000 1650406231168 1626886.7500 -0.2005
-12.4058 76.9092 -40.9528 0.0000 1650406231196 1626915.2500 -0.2009
-12.4167 76.6880 -40.5288 0.0000 1650406231226 1626944.5000 -0.2009
-12.3420 76.6798 -39.6895 0.0000 1650406231254 1626973.7500 -0.2009
-12.4706 76.8494 -38.9991 0.0000 1650406231284 1627002.7500 -0.2010
-13.2895 75.9686 -37.5466 0.0000 1650406231312 1627031.7500 -0.2013
-12.8421 76.7415 -37.1719 0.0000 1650406231342 1627060.5000 -0.2013
-13.4551 75.4317 -35.3195 0.0000 1650406231370 1627089.0000 -0.2013
-12.9346 76.6173 -35.2643 0.0000 1650406231400 1627118.5000 -0.2013
-13.3182 76.0946 -34.0106 0.0000 1650406231429 1627147.2500 -0.2013
-12.9045 76.4164 -33.6848 0.0000 1650406231458 1627180.2500 -0.2013
-13.7162 74.4737 -31.8927 0.0000 1650406231487 1627205.0000 -0.2013
-13.0006 76.1564 -32.3026 0.0000 1650406231515 1627234.2500 -0.2013
-12.8690 76.8148 -32.2153 0.0000 1650406231544 1627264.2500 -0.2013
-14.2510 73.8652 -30.3302 0.0000 1650406231573 1627292.2500 -0.2013
-14.2197 73.7788 -30.3654 0.0000 1650406231602 1627321.2500 -0.2009
-12.8902 76.9264 -32.3807 0.0000 1650406231631 1627350.2500 -0.2009
-12.6934 76.7080 -32.5718 0.0000 1650406231660 1627379.2500 -0.2009
-12.5462 77.0778 -33.0511 0.0000 1650406231689 1627408.2500 -0.2009
-12.4537 76.8707 -33.5748 0.0000 1650406231718 1627437.2500 -0.2004
-12.5616 76.4208 -34.3925 0.0000 1650406231748 1627466.2500 -0.2004
-12.1660 76.8586 -35.3414 0.0000 1650406231776 1627495.0000 -0.2009
-12.0084 76.7954 -36.3638 0.0000 1650406231806 1627524.0000 -0.2009
-11.9499 76.7298 -37.2249 0.0000 1650406231834 1627553.0000 -0.2004
-11.8248 76.7170 -38.2259 0.0000 1650406231863 1627581.7500 -0.2004
-11.9066 76.9016 -38.9247 0.0000 1650406231892 1627610.7500 -0.2004
-11.7757 76.8150 -39.8261 0.0000 1650406231921 1627639.7500 -0.2004
-12.0037 76.8865 -40.4296 0.0000 1650406231950 1627668.7500 -0.2004
-11.8269 76.7594 -40.9689 0.0000 1650406231979 1627699.0000 -0.2004
-11.9315 76.6560 -41.6530 0.0000 1650406232008 1627726.5000 -0.2006
-12.2761 76.6711 -42.0055 0.0000 1650406232037 1627755.7500 -0.2009
-12.1634 76.8429 -42.0452 0.0000 1650406232066 1627784.7500 -0.2009
-12.4537 76.5141 -41.9674 0.0000 1650406232095 1627813.7500 -0.2009
-12.1296 76.6219 -42.0188 0.0000 1650406232124 1627842.7500 -0.2011
-12.7021 76.3954 -41.2990 0.0000 1650406232153 1627871.7500 -0.2013
-12.5141 76.7676 -40.9849 0.0000 1650406232182 1627900.7500 -0.2013
-12.7653 76.3987 -40.6679 0.0000 1650406232211 1627929.2500 -0.2013
-12.3561 76.6203 -40.3584 0.0000 1650406232240 1627958.2500 -0.2013
-12.4264 76.7931 -39.5340 0.0000 1650406232269 1627987.7500 -0.2013
-12.9634 76.6062 -38.6089 0.0000 1650406232298 1628016.2500 -0.2013
-13.0364 76.0974 -37.3129 0.0000 1650406232327 1628045.2500 -0.2013
-14.1895 74.7945 -35.5303 0.0000 1650406232355 1628074.7500 -0.2013
-13.2060 75.7424 -35.2336 0.0000 1650406232385 1628103.7500 -0.2009
-13.9229 74.4048 -33.6254 0.0000 1650406232413 1628132.7500 -0.2009
-12.9924 76.2245 -33.9110 0.0000 1650406232442 1628161.7500 -0.2009
-12.9777 76.0629 -33.1944 0.0000 1650406232471 1628190.5000 -0.2009
-13.9263 75.0360 -32.0186 0.0000 1650406232501 1628219.5000 -0.2009
-12.7639 76.3539 -32.3221 0.0000 1650406232530 1628248.2500 -0.2009
-12.9677 76.4105 -32.0316 0.0000 1650406232559 1628277.2500 -0.2006
-13.9593 74.1403 -30.5236 0.0000 1650406232588 1628306.2500 -0.2004
-13.9957 74.6273 -30.9867 0.0000 1650406232617 1628335.2500 -0.2004
-12.6515 77.0610 -32.4704 0.0000 1650406232646 1628364.2500 -0.2004
-12.5622 76.9746 -32.6777 0.0000 1650406232674 1628393.2500 -0.2004
-12.4563 77.2222 -33.3403 0.0000 1650406232703 1628422.2500 -0.2004
-12.1150 77.0383 -33.9877 0.0000 1650406232732 1628452.5000 -0.2004
-12.6099 76.2511 -34.5492 0.0000 1650406232761 1628480.0000 -0.2004
-12.1688 76.6044 -35.5431 0.0000 1650406232790 1628509.2500 -0.2004
-12.0019 76.3702 -36.5141 0.0000 1650406232819 1628538.2500 -0.2004
-11.9515 76.7903 -37.4941 0.0000 1650406232848 1628567.2500 -0.2009
-11.8554 76.5642 -38.3110 0.0000 1650406232877 1628596.0000 -0.2009
-11.9877 76.7074 -39.1516 0.0000 1650406232906 1628625.0000 -0.2009
-11.8433 76.7647 -40.0584 0.0000 1650406232935 1628654.0000 -0.2009
-11.9245 76.7114 -40.5981 0.0000 1650406232965 1628683.0000 -0.2009
-12.1009 76.7965 -41.2963 0.0000 1650406232993 1628711.5000 -0.2009
-11.8822 76.9660 -41.8434 0.0000 1650406233022 1628740.5000 -0.2009
-12.2024 76.6760 -41.9673 0.0000 1650406233051 1628769.7500 -0.2009
-12.2313 76.7049 -42.0581 0.0000 1650406233080 1628798.5000 -0.2009
-12.2971 76.6693 -42.0447 0.0000 1650406233109 1628827.7500 -0.2009
-12.7109 76.5685 -41.7515 0.0000 1650406233138 1628856.7500 -0.2009
-12.8168 76.3571 -41.1785 0.0000 1650406233167 1628885.7500 -0.2009
-12.5206 76.6386 -40.9523 0.0000 1650406233196 1628914.7500 -0.2009
-12.9031 75.9037 -40.3099 0.0000 1650406233225 1628943.7500 -0.2009
-12.4789 76.5730 -40.1614 0.0000 1650406233254 1628972.7500 -0.2009
-12.5577 76.6998 -39.1214 0.0000 1650406233283 1629001.7500 -0.2009
-13.1643 76.2200 -38.1682 0.0000 1650406233312 1629030.7500 -0.2009
-12.9123 76.2398 -37.1276 0.0000 1650406233341 1629059.7500 -0.2009
-14.0685 74.4895 -35.0771 0.0000 1650406233370 1629088.7500 -0.2009
-12.8970 76.3211 -35.4207 0.0000 1650406233399 1629117.7500 -0.2004
-14.1187 74.6651 -33.5771 0.0000 1650406233428 1629146.7500 -0.2004
-12.8080 76.1020 -33.6321 0.0000 1650406233457 1629175.7500 -0.2004
-14.0376 74.6889 -32.1930 0.0000 1650406233486 1629204.7500 -0.1999
-12.8877 76.5694 -32.7502 0.0000 1650406233514 1629234.7500 -0.1999
-12.8159 76.7165 -32.3851 0.0000 1650406233544 1629262.2500 -0.1999
-14.2032 74.0440 -30.4302 0.0000 1650406233572 1629291.5000 -0.1999
-13.8185 74.6981 -30.9944 0.0000 1650406233601 1629320.5000 -0.1999
-14.4663 74.4756 -30.8117 0.0000 1650406233631 1629349.5000 -0.1999
-12.9418 76.7578 -32.4028 0.0000 1650406233660 1629378.2500 -0.1999
-12.5800 76.8084 -32.7880 0.0000 1650406233688 1629407.2500 -0.2001
-12.6714 76.7676 -33.2184 0.0000 1650406233718 1629436.2500 -0.2004
-12.0730 76.8284 -34.1954 0.0000 1650406233747 1629465.2500 -0.2004
-12.0079 76.5347 -34.9246 0.0000 1650406233776 1629496.7500 -0.2004
-11.9730 76.7734 -36.0358 0.0000 1650406233805 1629523.2500 -0.2004
-12.1215 76.2876 -36.6057 0.0000 1650406233833 1629553.7500 -0.2004
-11.7223 76.8612 -37.8571 0.0000 1650406233863 1629581.0000 -0.2004
-12.0808 76.7437 -38.5984 0.0000 1650406233891 1629610.2500 -0.2004
-11.9548 76.8518 -39.4534 0.0000 1650406233920 1629639.2500 -0.2005
-11.9625 76.5964 -40.1289 0.0000 1650406233949 1629668.2500 -0.2009
-11.7426 76.8761 -40.7751 0.0000 1650406233978 1629697.2500 -0.2009
-12.0240 76.7285 -41.3675 0.0000 1650406234007 1629726.0000 -0.2009
-12.0197 76.7149 -41.8149 0.0000 1650406234036 1629755.0000 -0.2009
-12.2381 76.7872 -42.1275 0.0000 1650406234065 1629784.0000 -0.2009
-12.2628 76.7444 -42.1097 0.0000 1650406234095 1629812.5000 -0.2009
-12.5583 76.4757 -41.8485 0.0000 1650406234124 1629841.7500 -0.2004
-12.5178 76.5703 -41.7606 0.0000 1650406234152 1629870.7500 -0.2004
-12.6873 76.4639 -41.1883 0.0000 1650406234181 1629899.7500 -0.2004
-12.4671 76.7389 -41.0082 0.0000 1650406234210 1629928.7500 -0.2004
-12.9265 75.8550 -40.1401 0.0000 1650406234239 1629957.7500 -0.1999
-12.4079 76.3806 -39.8041 0.0000 1650406234268 1629988.2500 -0.1999
-12.6636 76.6996 -39.0264 0.0000 1650406234297 1630015.5000 -0.1999
-13.1483 76.1912 -37.9010 0.0000 1650406234326 1630044.7500 -0.1999
-12.9463 76.5430 -37.1193 0.0000 1650406234355 1630073.7500 -0.1999
-13.5705 74.7077 -35.0057 0.0000 1650406234384 1630102.7500 -0.1999
-13.0622 76.3364 -35.2579 0.0000 1650406234413 1630131.7500 -0.1999
-13.5369 75.1600 -33.6336 0.0000 1650406234442 1630160.7500 -0.1999
-13.0875 76.1507 -33.4843 0.0000 1650406234471 1630189.7500 -0.2001
-14.2678 74.1273 -31.6730 0.0000 1650406234500 1630218.7500 -0.2004
-12.9597 76.5082 -32.5534 0.0000 1650406234529 1630250.5000 -0.2004
-12.9263 76.3165 -31.9278 0.0000 1650406234558 1630277.5000 -0.2004
-14.0010 73.8462 -30.3592 0.0000 1650406234587 1630305.7500 -0.2004
-14.1478 74.1778 -30.5714 0.0000 1650406234616 1630334.7500 -0.2004
-12.8963 76.3779 -32.0133 0.0000 1650406234645 1630363.2500 -0.2004
-12.8108 76.6613 -32.5159 0.0000 1650406234674 1630392.7500 -0.2009
-12.7503 76.9277 -33.0582 0.0000 1650406234703 1630421.5000 -0.2009
-12.2285 77.0194 -33.7241 0.0000 1650406234731 1630450.5000 -0.2009
-12.2440 76.7501 -34.4370 0.0000 1650406234760 1630479.2500 -0.2009
-12.1437 76.5761 -35.1896 0.0000 1650406234789 1630508.2500 -0.2009
-12.0176 76.7577 -36.4454 0.0000 1650406234819 1630537.2500 -0.2009
-11.9882 76.3571 -36.9881 0.0000 1650406234848 1630566.2500 -0.2009
-11.9320 76.8351 -38.1292 0.0000 1650406234877 1630595.2500 -0.2009
-12.0390 76.7641 -38.8589 0.0000 1650406234906 1630624.2500 -0.2009
-11.9158 76.7388 -39.7604 0.0000 1650406234935 1630653.2500 -0.2009
-12.2276 76.6264 -40.3658 0.0000 1650406234964 1630682.2500 -0.2009
-11.9613 77.0261 -41.0998 0.0000 1650406234992 1630711.2500 -0.2009
-12.0388 76.7758 -41.6327 0.0000 1650406235022 1630740.2500 -0.2009
-12.0425 76.6360 -41.8993 0.0000 1650406235050 1630770.5000 -0.2009
-12.0235 76.9578 -42.2259 0.0000 1650406235079 1630799.0000 -0.2004
-12.4297 76.6111 -41.9745 0.0000 1650406235108 1630827.0000 -0.2004
-12.5303 76.4481 -41.8735 0.0000 1650406235137 1630856.0000 -0.2004
-12.7841 76.1713 -41.4203 0.0000 1650406235166 1630885.0000 -0.2004
-12.4896 76.6315 -41.0053 0.0000 1650406235195 1630913.7500 -0.2004
-12.4356 76.5140 -40.8375 0.0000 1650406235224 1630942.7500 -0.2004
-12.4530 76.1550 -40.2319 0.0000 1650406235254 1630971.7500 -0.2001
-12.4835 76.6359 -39.5104 0.0000 1650406235283 1631000.7500 -0.1999
-14.1631 74.5708 -37.2275 0.0000 1650406235311 1631032.5000 -0.2004
-13.3663 76.2504 -37.3805 0.0000 1650406235341 1631058.5000 -0.2004
-14.2310 74.9803 -35.8816 0.0000 1650406235369 1631087.7500 -0.2004
-13.1954 75.6422 -35.2653 0.0000 1650406235398 1631116.5000 -0.2004
-14.0268 74.9409 -34.0645 0.0000 1650406235427 1631145.7500 -0.2004
-13.1976 76.1084 -33.8461 0.0000 1650406235456 1631174.7500 -0.2004
-13.1519 75.9751 -33.2498 0.0000 1650406235485 1631203.7500 -0.2005
-13.6686 75.1566 -32.2295 0.0000 1650406235514 1631232.7500 -0.2009
-13.1959 75.5982 -31.7273 0.0000 1650406235543 1631261.7500 -0.2009
-13.1206 76.3630 -31.8926 0.0000 1650406235572 1631290.7500 -0.2009
-14.1535 73.8679 -30.3847 0.0000 1650406235601 1631319.7500 -0.2009
-14.2046 74.4930 -30.8413 0.0000 1650406235630 1631348.7500 -0.2009
-12.8097 76.7009 -32.2888 0.0000 1650406235659 1631377.7500 -0.2009
-12.6671 76.6956 -32.4855 0.0000 1650406235688 1631406.7500 -0.2009
-12.5826 76.8570 -33.0756 0.0000 1650406235717 1631435.7500 -0.2009
-12.0083 77.3466 -34.1719 0.0000 1650406235746 1631464.7500 -0.2009
-12.4056 76.4418 -34.6263 0.0000 1650406235775 1631493.7500 -0.2009
-11.9986 76.6785 -35.6094 0.0000 1650406235804 1631522.5000 -0.2009
-11.9432 76.4094 -36.4031 0.0000 1650406235833 1631552.7500 -0.2009
-11.7675 76.5375 -37.2621 0.0000 1650406235862 1631580.0000 -0.2004
-12.0905 76.5161 -38.2717 0.0000 1650406235890 1631609.2500 -0.2004
-11.9618 76.8056 -39.1343 0.0000 1650406235920 1631638.2500 -0.2004
-11.9848 76.5088 -39.8471 0.0000 1650406235948 1631667.2500 -0.2004
-11.8346 76.8149 -40.5851 0.0000 1650406235978 1631696.2500 -0.1999
-12.0168 76.8146 -41.2300 0.0000 1650406236006 1631725.2500 -0.1999
-12.0829 76.4707 -41.6206 0.0000 1650406236036 1631754.2500 -0.1999
-12.1042 76.6700 -41.9829 0.0000 1650406236065 1631784.7500 -0.1999
-12.3734 76.6718 -42.1078 0.0000 1650406236094 1631814.7500 -0.1999
-12.8078 76.0000 -41.7515 0.0000 1650406236123 1631841.2500 -0.1999
-12.7655 76.2088 -41.7025 0.0000 1650406236152 1631870.2500 -0.2000
-12.6137 76.3067 -41.3328 0.0000 1650406236181 1631898.5000 -0.2004
-12.4219 76.7935 -41.0947 0.0000 1650406236209 1631928.2500 -0.2004
-12.6340 76.3390 -40.5248 0.0000 1650406236238 1631957.0000 -0.2004
-12.5177 76.6928 -40.1861 0.0000 1650406236267 1631986.0000 -0.2004
-12.5361 76.7132 -39.2553 0.0000 1650406236296 1632015.0000 -0.2004
-13.9494 75.3802 -37.5914 0.0000 1650406236325 1632043.7500 -0.2009
-13.1423 75.9377 -37.0114 0.0000 1650406236355 1632072.7500 -0.2009
-14.2986 74.3140 -35.1521 0.0000 1650406236383 1632101.7500 -0.2009
-13.0016 76.0380 -35.2666 0.0000 1650406236413 1632130.7500 -0.2009
-14.3179 74.4573 -33.4228 0.0000 1650406236442 1632159.7500 -0.2009
-12.7673 76.2960 -33.8251 0.0000 1650406236470 1632188.7500 -0.2009
-13.7649 74.8828 -32.4612 0.0000 1650406236500 1632217.7500 -0.2009
-12.8739 76.2432 -32.6848 0.0000 1650406236528 1632246.7500 -0.2009
-13.0521 75.9301 -31.9439 0.0000 1650406236557 1632275.7500 -0.2009
-14.0074 74.6047 -30.8156 0.0000 1650406236586 1632304.7500 -0.2009
-14.2530 74.0700 -30.4190 0.0000 1650406236615 1632336.0000 -0.2009
-13.2260 76.0327 -31.9158 0.0000 1650406236644 1632362.7500 -0.2009
-14.1421 74.7342 -31.1371 0.0000 1650406236673 1632391.7500 -0.2009
-12.8155 76.5864 -32.6579 0.0000 1650406236702 1632420.7500 -0.2009
-12.4261 76.6671 -33.3032 0.0000 1650406236731 1632449.7500 -0.2009
-12.3375 76.6578 -34.0449 0.0000 1650406236760 1632478.7500 -0.2004
-12.2508 76.1961 -34.6742 0.0000 1650406236789 1632507.7500 -0.2004
-12.0428 76.7200 -35.8738 0.0000 1650406236818 1632536.7500 -0.2009
-11.9210 76.4161 -36.6688 0.0000 1650406236847 1632565.5000 -0.2009
-11.5862 76.6986 -37.7363 0.0000 1650406236876 1632594.5000 -0.2004
-12.0280 76.5109 -38.3763 0.0000 1650406236905 1632623.5000 -0.2004
-11.8586 76.7116 -39.3716 0.0000 1650406236934 1632655.0000 -0.2004
-12.1908 76.5222 -39.9852 0.0000 1650406236963 1632681.5000 -0.2004
-12.0340 76.8939 -40.7011 0.0000 1650406236992 1632710.2500 -0.2004
-12.0174 76.8128 -41.3808 0.0000 1650406237021 1632739.2500 -0.2004
-11.8920 76.8405 -41.8218 0.0000 1650406237049 1632768.2500 -0.2004
-12.0267 76.9406 -42.2132 0.0000 1650406237079 1632797.2500 -0.2004
-12.4170 76.6723 -42.0657 0.0000 1650406237107 1632826.2500 -0.2006
-12.5047 76.6028 -42.0323 0.0000 1650406237137 1632855.2500 -0.2009
-12.8917 76.4078 -41.6477 0.0000 1650406237166 1632884.2500 -0.2009
-12.5600 76.3604 -41.2651 0.0000 1650406237195 1632913.2500 -0.2009
-12.3928 76.7812 -41.0972 0.0000 1650406237224 1632942.2500 -0.2011
-12.8284 76.1736 -40.3122 0.0000 1650406237253 1632971.2500 -0.2013
-12.5882 76.6102 -39.8591 0.0000 1650406237282 1633000.2500 -0.2013
-12.4270 76.6860 -38.9915 0.0000 1650406237311 1633029.2500 -0.2013
-13.4191 75.9989 -37.6780 0.0000 1650406237340 1633058.0000 -0.2013
-12.8128 76.4821 -37.0458 0.0000 1650406237368 1633089.5000 -0.2013
-13.9153 74.7725 -34.9997 0.0000 1650406237398 1633117.0000 -0.2013
-13.0612 75.9911 -35.0618 0.0000 1650406237426 1633144.7500 -0.2013
-13.7504 74.8486 -33.4564 0.0000 1650406237455 1633173.7500 -0.2013
-12.8534 76.1683 -33.5746 0.0000 1650406237484 1633202.7500 -0.2009
-14.0062 73.9801 -31.5689 0.0000 1650406237513 1633231.7500 -0.2009
-12.9001 76.1499 -32.4437 0.0000 1650406237542 1633260.7500 -0.2009
-12.8119 76.0137 -31.9460 0.0000 1650406237571 1633289.7500 -0.2009
-14.2204 74.0301 -30.4313 0.0000 1650406237601 1633318.7500 -0.2004
-14.1046 74.2642 -30.6472 0.0000 1650406237629 1633348.5000 -0.2004
-14.2098 74.6358 -30.9569 0.0000 1650406237659 1633376.5000 -0.2004
-13.6642 75.4607 -31.7984 0.0000 1650406237687 1633405.7500 -0.2004
-12.7472 76.8054 -32.9136 0.0000 1650406237716 1633436.0000 -0.2004
-12.4058 76.6676 -33.5257 0.0000 1650406237745 1633463.7500 -0.2004
-12.7092 76.0947 -34.1939 0.0000 1650406237774 1633492.7500 -0.2004
-12.2281 76.3447 -35.0054 0.0000 1650406237803 1633521.7500 -0.2004
-11.9154 76.6517 -36.2113 0.0000 1650406237832 1633550.7500 -0.2004
-11.8541 76.5770 -37.0125 0.0000 1650406237861 1633579.7500 -0.2004
-11.7504 76.4951 -37.9740 0.0000 1650406237890 1633608.7500 -0.2004
-11.9610 76.6491 -38.7560 0.0000 1650406237919 1633637.7500 -0.2004
-11.7736 76.8050 -39.6848 0.0000 1650406237948 1633666.7500 -0.2005
-12.0853 76.4771 -40.0940 0.0000 1650406237978 1633696.7500 -0.2009
-11.8307 76.7308 -40.9289 0.0000 1650406238006 1633724.7500 -0.2009
-11.9966 76.8642 -41.5360 0.0000 1650406238035 1633753.5000 -0.2009
-11.9815 76.6512 -41.8671 0.0000 1650406238064 1633782.5000 -0.2010
-11.9325 77.0244 -42.3389 0.0000 1650406238093 1633811.2500 -0.2013
-12.0779 77.0283 -42.3261 0.0000 1650406238122 1633840.2500 -0.2011
-12.3003 76.7983 -42.1243 0.0000 1650406238151 1633870.0000 -0.2009
-12.7011 76.3938 -41.6382 0.0000 1650406238180 1633898.2500 -0.2009
-12.7369 76.6439 -41.1648 0.0000 1650406238209 1633927.2500 -0.2009
-12.5099 76.7044 -40.8780 0.0000 1650406238238 1633956.2500 -0.2009
-12.6407 76.4746 -40.3517 0.0000 1650406238266 1633985.2500 -0.2009
-12.5511 76.4449 -39.4140 0.0000 1650406238296 1634014.2500 -0.2009
-12.5719 76.5987 -38.6974 0.0000 1650406238325 1634043.2500 -0.2009
-12.8075 76.4126 -37.6174 0.0000 1650406238354 1634072.2500 -0.2009
-13.3248 76.0255 -36.5455 0.0000 1650406238383 1634101.0000 -0.2009
-12.8918 75.4903 -35.3644 0.0000 1650406238412 1634131.0000 -0.2009
-13.0488 75.4654 -34.5397 0.0000 1650406238441 1634159.2500 -0.2004
-13.2947 75.5833 -33.5220 0.0000 1650406238470 1634189.5000 -0.2004
-13.2439 75.6655 -33.0865 0.0000 1650406238499 1634216.7500 -0.1999
-13.4986 75.0121 -32.2360 0.0000 1650406238527 1634246.0000 -0.1999
-12.9403 76.2463 -32.3549 0.0000 1650406238557 1634274.7500 -0.1999
-13.2508 76.0263 -31.6903 0.0000 1650406238585 1634303.7500 -0.1999
-14.0009 73.9068 -30.2767 0.0000 1650406238614 1634332.7500 -0.1999
-13.8900 73.9460 -30.4178 0.0000 1650406238643 1634361.7500 -0.1999
-14.4277 74.5728 -30.8508 0.0000 1650406238673 1634390.7500 -0.1999
-12.9325 76.4352 -32.2673 0.0000 1650406238701 1634419.7500 -0.1999
-12.8301 76.7018 -33.0145 0.0000 1650406238730 1634448.7500 -0.1999
-12.1794 76.5854 -33.8297 0.0000 1650406238759 1634477.7500 -0.1999
-13.4906 74.7598 -33.4693 0.0000 1650406238789 1634506.7500 -0.2001
-12.0492 76.6097 -35.5726 0.0000 1650406238818 1634535.7500 -0.2004
-11.7797 76.5137 -36.4597 0.0000 1650406238846 1634564.7500 -0.2004
-11.8484 76.7782 -37.3676 0.0000 1650406238875 1634593.7500 -0.2004
-11.7557 76.6416 -38.2647 0.0000 1650406238904 1634623.7500 -0.2004
-11.9035 76.7131 -39.0253 0.0000 1650406238933 1634651.2500 -0.2004
-12.0399 76.6395 -39.8463 0.0000 1650406238962 1634680.7500 -0.2004
-12.1399 76.7740 -40.5830 0.0000 1650406238991 1634709.7500 -0.2004
-12.1634 76.4634 -41.0115 0.0000 1650406239020 1634738.7500 -0.2004
-12.0769 76.4126 -41.5162 0.0000 1650406239049 1634767.7500 -0.2004
-11.8728 76.8532 -42.0848 0.0000 1650406239078 1634796.7500 -0.2004
-12.2986 76.5684 -42.1009 0.0000 1650406239107 1634825.7500 -0.2004
-12.2213 76.8591 -42.1179 0.0000 1650406239137 1634854.7500 -0.2004
-12.9970 76.1510 -41.6364 0.0000 1650406239165 1634884.5000 -0.2004
-12.7056 76.1843 -41.2804 0.0000 1650406239194 1634912.2500 -0.2004
-12.3420 76.8265 -41.1635 0.0000 1650406239223 1634941.2500 -0.2004
-12.6042 76.5069 -40.6779 0.0000 1650406239252 1634969.5000 -0.2004
-12.6517 76.8101 -40.3045 0.0000 1650406239281 1634999.2500 -0.1999
-12.2752 76.7662 -39.3465 0.0000 1650406239310 1635028.2500 -0.1999
-13.1022 76.4328 -38.2666 0.0000 1650406239339 1635057.2500 -0.1999
-12.8389 76.2261 -37.0690 0.0000 1650406239368 1635086.2500 -0.1999
-13.9055 74.4111 -35.2527 0.0000 1650406239397 1635115.2500 -0.1999
-12.8305 75.9883 -35.2762 0.0000 1650406239425 1635144.2500 -0.1999
-14.0233 74.5216 -33.5326 0.0000 1650406239455 1635173.2500 -0.1999
-12.7722 76.1547 -33.6941 0.0000 1650406239484 1635202.2500 -0.1999
-13.6891 74.6844 -32.3955 0.0000 1650406239513 1635231.2500 -0.1999
-13.5004 75.3190 -32.2017 0.0000 1650406239542 1635260.2500 -0.1999
-13.0118 75.7047 -31.8667 0.0000 1650406239571 1635289.0000 -0.1996
-13.8120 74.2890 -30.6673 0.0000 1650406239600 1635318.0000 -0.1994
-13.6570 73.7420 -30.4713 0.0000 1650406239629 1635347.0000 -0.1999
-13.5240 73.8799 -30.3404 0.0000 1650406239658 1635375.7500 -0.1999
-14.0450 74.2856 -30.9945 0.0000 1650406239687 1635407.5000 -0.1999
-13.0824 76.2781 -32.3741 0.0000 1650406239716 1635433.5000 -0.1999
-12.5303 76.8565 -33.2730 0.0000 1650406239744 1635462.7500 -0.1999
-12.1392 76.9142 -34.0437 0.0000 1650406239773 1635491.7500 -0.2004
-12.6477 75.5791 -34.2652 0.0000 1650406239802 1635520.7500 -0.2004
-11.9638 76.4250 -35.6387 0.0000 1650406239831 1635549.7500 -0.2004
-12.0874 76.2756 -36.5648 0.0000 1650406239860 1635578.7500 -0.2004
-11.8692 76.8303 -37.5919 0.0000 1650406239890 1635607.7500 -0.2004
-11.9612 76.3342 -38.3267 0.0000 1650406239919 1635638.2500 -0.2004
-11.8414 76.9286 -39.2908 0.0000 1650406239948 1635666.7500 -0.2004
-11.9576 76.5666 -40.0936 0.0000 1650406239977 1635694.7500 -0.2004
-11.9288 76.7321 -40.7167 0.0000 1650406240005 1635723.7500 -0.2004
-12.0151 76.6275 -41.2301 0.0000 1650406240035 1635752.2500 -0.2004
-11.8512 76.8743 -41.9357 0.0000 1650406240063 1635781.7500 -0.2004
-11.8759 77.0462 -42.2609 0.0000 1650406240092 1635810.7500 -0.2004
-12.0256 76.7751 -42.1003 0.0000 1650406240121 1635839.7500 -0.2004
-12.3726 76.5395 -42.0672 0.0000 1650406240150 1635868.7500 -0.2004
-12.7064 76.2256 -41.6627 0.0000 1650406240179 1635897.7500 -0.1999
-12.8191 76.5005 -41.2621 0.0000 1650406240208 1635926.7500 -0.1999
-12.4886 76.8711 -41.0354 0.0000 1650406240237 1635955.7500 -0.1999
-12.6672 76.5373 -40.5510 0.0000 1650406240266 1635984.5000 -0.1999
-12.5779 76.7053 -40.0094 0.0000 1650406240295 1636013.5000 -0.1999
-12.5383 76.8992 -39.1727 0.0000 1650406240324 1636042.2500 -0.1999
-13.0548 76.6791 -38.1852 0.0000 1650406240353 1636071.2500 -0.1999
-12.7005 76.4177 -37.0026 0.0000 1650406240382 1636100.2500 -0.1999
-13.6311 74.9702 -35.2157 0.0000 1650406240411 1636129.2500 -0.1999
-12.7179 76.3641 -35.2478 0.0000 1650406240440 1636158.2500 -0.1999
-13.6407 74.6497 -33.3870 0.0000 1650406240469 1636188.5000 -0.2000
-12.8458 76.0492 -33.6107 0.0000 1650406240498 1636216.2500 -0.2004
-13.9461 74.2565 -31.8232 0.0000 1650406240527 1636245.2500 -0.2004
-12.9167 76.1039 -32.3950 0.0000 1650406240556 1636274.2500 -0.2004
-13.1215 76.0735 -31.9216 0.0000 1650406240584 1636303.2500 -0.2004
-13.9055 73.8501 -30.3473 0.0000 1650406240614 1636332.2500 -0.2004
-13.8262 73.4610 -30.2290 0.0000 1650406240643 1636361.2500 -0.2004
-14.0347 74.5056 -30.9546 0.0000 1650406240672 1636390.0000 -0.2004
-14.0402 74.6945 -31.2026 0.0000 1650406240701 1636420.0000 -0.2004
-13.0016 76.1090 -32.5501 0.0000 1650406240730 1636447.2500 -0.2004
-12.6192 76.5897 -33.2591 0.0000 1650406240759 1636477.0000 -0.2004
-12.7362 76.4712 -34.0712 0.0000 1650406240788 1636507.0000 -0.2004
-12.4778 76.5724 -35.0307 0.0000 1650406240817 1636534.7500 -0.2004
-11.8850 76.7035 -36.1578 0.0000 1650406240846 1636563.7500 -0.2004
-12.0577 76.3904 -36.8421 0.0000 1650406240875 1636592.7500 -0.2004
-12.0302 76.6849 -37.9296 0.0000 1650406240903 1636621.7500 -0.1999
-12.0737 76.5738 -38.6733 0.0000 1650406240932 1636650.7500 -0.1999
-11.8616 76.7799 -39.5344 0.0000 1650406240961 1636681.0000 -0.1999
-11.9264 76.3301 -40.1046 0.0000 1650406240991 1636708.7500 -0.1999
-11.7237 76.9482 -40.9593 0.0000 1650406241019 1636737.7500 -0.1994
-12.0794 76.5783 -41.4560 0.0000 1650406241049 1636766.7500 -0.1994
-12.0059 76.4869 -41.7572 0.0000 1650406241078 1636795.7500 -0.1994
-12.0351 76.9810 -42.2755 0.0000 1650406241107 1636824.7500 -0.1994
-12.2296 76.4121 -41.9048 0.0000 1650406241136 1636853.7500 -0.1989
-12.4627 76.3586 -41.9350 0.0000 1650406241164 1636882.7500 -0.1989
-12.3267 76.7090 -41.7495 0.0000 1650406241194 1636911.7500 -0.1989
-12.4272 76.5973 -41.1129 0.0000 1650406241222 1636941.7500 -0.1989
-12.3593 76.5830 -40.7623 0.0000 1650406241251 1636969.0000 -0.1989
-12.5069 76.6281 -40.3733 0.0000 1650406241280 1636998.7500 -0.1989
-12.3531 76.9631 -39.6673 0.0000 1650406241309 1637027.7500 -0.1994
-12.5318 76.8335 -38.9117 0.0000 1650406241338 1637056.7500 -0.1994
-12.8826 76.6735 -37.8426 0.0000 1650406241367 1637085.5000 -0.1994
-12.6928 76.6126 -36.9789 0.0000 1650406241396 1637114.5000 -0.1994
-13.2911 75.4387 -35.2434 0.0000 1650406241425 1637143.5000 -0.1999
-12.8971 76.3545 -35.0769 0.0000 1650406241454 1637172.2500 -0.1999
-13.0573 75.2288 -33.5636 0.0000 1650406241483 1637202.2500 -0.1999
-12.9764 75.9477 -33.3931 0.0000 1650406241513 1637230.2500 -0.1999
-13.8335 74.3809 -31.8483 0.0000 1650406241541 1637259.2500 -0.1999
-12.7371 75.9999 -32.2851 0.0000 1650406241570 1637287.5000 -0.1999
-13.2634 76.0131 -31.8497 0.0000 1650406241599 1637317.2500 -0.1999
-13.8204 74.0654 -30.6271 0.0000 1650406241628 1637346.2500 -0.1999
-13.9548 73.6311 -30.3017 0.0000 1650406241657 1637375.2500 -0.1999
-14.1368 74.5898 -30.8836 0.0000 1650406241686 1637404.2500 -0.1999
-13.2002 76.3575 -32.3030 0.0000 1650406241715 1637433.2500 -0.1999
-12.7232 76.8827 -33.0800 0.0000 1650406241744 1637462.2500 -0.1999
-12.4220 76.8549 -33.7478 0.0000 1650406241773 1637491.2500 -0.1999
-14.0077 74.3213 -33.2747 0.0000 1650406241801 1637520.0000 -0.1994
-12.1749 76.5667 -35.3104 0.0000 1650406241831 1637549.0000 -0.1994
-12.2250 76.4286 -36.3538 0.0000 1650406241860 1637578.0000 -0.1994
-12.0020 76.8172 -37.2830 0.0000 1650406241889 1637606.5000 -0.1994
-11.8442 76.7450 -38.2349 0.0000 1650406241918 1637635.7500 -0.1989
-11.8885 76.5777 -38.8719 0.0000 1650406241947 1637664.7500 -0.1989
-12.0294 76.3948 -39.6724 0.0000 1650406241976 1637693.7500 -0.1989
-12.1582 76.7553 -40.5300 0.0000 1650406242005 1637722.0000 -0.1989
-11.8623 76.7762 -40.9536 0.0000 1650406242034 1637751.7500 -0.1984
-11.9626 76.8754 -41.7862 0.0000 1650406242062 1637780.7500 -0.1984
-12.0268 76.6005 -41.8877 0.0000 1650406242092 1637809.7500 -0.1987
-12.1161 76.6127 -42.1796 0.0000 1650406242120 1637838.7500 -0.1989
-12.2658 76.7268 -42.1717 0.0000 1650406242149 1637867.7500 -0.1989
-12.0953 76.8463 -42.1824 0.0000 1650406242178 1637896.7500 -0.1989
-12.4951 76.6341 -41.4791 0.0000 1650406242208 1637925.7500 -0.1991
-12.5273 76.7077 -40.9961 0.0000 1650406242236 1637954.0000 -0.1994
-12.6162 76.5438 -40.6815 0.0000 1650406242265 1637983.5000 -0.1994
-12.3088 76.7665 -40.3100 0.0000 1650406242295 1638012.7500 -0.1994
-12.4070 76.8363 -39.3464 0.0000 1650406242324 1638042.7500 -0.1994
-13.9641 75.3669 -37.7409 0.0000 1650406242353 1638070.7500 -0.1994
-12.9093 76.4559 -37.3389 0.0000 1650406242381 1638099.7500 -0.1994
-14.2232 74.5935 -35.3699 0.0000 1650406242410 1638128.7500 -0.1994
-12.8484 76.1314 -35.4196 0.0000 1650406242439 1638157.7500 -0.1994
-13.7977 73.9842 -33.3188 0.0000 1650406242468 1638186.7500 -0.1994
-12.9447 75.9360 -33.7268 0.0000 1650406242497 1638215.5000 -0.1994
-13.6033 74.6980 -32.4294 0.0000 1650406242526 1638244.5000 -0.1994
-13.1329 75.7243 -32.4562 0.0000 1650406242555 1638273.2500 -0.1994
-12.9776 75.6307 -31.8692 0.0000 1650406242584 1638302.2500 -0.1994
-13.4657 75.1544 -31.2835 0.0000 1650406242613 1638331.2500 -0.1994
-13.7463 73.5069 -30.2799 0.0000 1650406242642 1638360.2500 -0.1994
-13.9272 73.9971 -30.6501 0.0000 1650406242672 1638389.2500 -0.1994
-14.1516 74.3663 -30.9147 0.0000 1650406242700 1638418.2500 -0.1989
-12.8444 76.3329 -32.3811 0.0000 1650406242729 1638447.2500 -0.1989
-12.8895 76.7615 -33.1149 0.0000 1650406242758 1638479.0000 -0.1989
-12.7815 76.4064 -33.7507 0.0000 1650406242787 1638506.2500 -0.1989
-12.4335 76.4145 -34.7046 0.0000 1650406242816 1638534.2500 -0.1989
-11.8205 76.7670 -35.8113 0.0000 1650406242845 1638563.2500 -0.1989
-11.9102 76.4672 -36.7286 0.0000 1650406242874 1638592.2500 -0.1987
-11.9673 76.7294 -37.6183 0.0000 1650406242903 1638621.0000 -0.1984
-11.9980 76.4541 -38.3691 0.0000 1650406242932 1638650.0000 -0.1984
-11.8409 76.9845 -39.3038 0.0000 1650406242961 1638679.0000 -0.1984
-11.8306 76.6873 -40.0800 0.0000 1650406242990 1638707.7500 -0.1987
-12.0288 76.9513 -40.8047 0.0000 1650406243019 1638737.7500 -0.1989
-12.0120 76.5497 -41.2229 0.0000 1650406243048 1638765.7500 -0.1989
-12.1247 76.6597 -41.7206 0.0000 1650406243077 1638794.7500 -0.1989
-11.8418 76.9182 -42.1756 0.0000 1650406243106 1638825.0000 -0.1989
-12.0938 76.7967 -42.2094 0.0000 1650406243135 1638852.7500 -0.1989
-12.1286 76.7933 -42.0463 0.0000 1650406243164 1638881.7500 -0.1989
-12.5320 76.3710 -41.7930 0.0000 1650406243193 1638910.7500 -0.1994
-12.6475 76.3823 -41.1854 0.0000 1650406243221 1638939.7500 -0.1994
-12.4598 76.8996 -40.9487 0.0000 1650406243251 1638968.7500 -0.1994
-12.9641 76.3113 -40.3388 0.0000 1650406243279 1638997.7500 -0.1994
-12.6518 76.6952 -39.9656 0.0000 1650406243308 1639026.7500 -0.1994
-12.5210 77.0609 -39.2597 0.0000 1650406243337 1639055.7500 -0.1994
-13.0233 76.4791 -38.1385 0.0000 1650406243367 1639084.7500 -0.1994
-12.7856 76.3200 -37.0439 0.0000 1650406243395 1639113.7500 -0.1994
-13.6437 74.7832 -35.2105 0.0000 1650406243425 1639142.7500 -0.1994
-13.0252 76.1019 -35.2403 0.0000 1650406243454 1639171.7500 -0.1994
-13.6067 74.4799 -33.4082 0.0000 1650406243483 1639200.7500 -0.1989
-12.8892 76.3016 -33.7118 0.0000 1650406243512 1639229.7500 -0.1989
-13.8577 74.0430 -31.8065 0.0000 1650406243540 1639259.5000 -0.1984
-12.9457 76.0197 -32.5443 0.0000 1650406243570 1639287.7500 -0.1984
-13.0989 76.2086 -32.0122 0.0000 1650406243598 1639316.5000 -0.1984
-13.8494 74.1620 -30.5172 0.0000 1650406243627 1639345.5000 -0.1984
-13.6620 73.7877 -30.6825 0.0000 1650406243656 1639374.5000 -0.1984
-14.1785 74.4135 -30.8497 0.0000 1650406243685 1639403.2500 -0.1984
-13.9105 75.2893 -31.4871 0.0000 1650406243714 1639432.2500 -0.1984
-12.8225 76.9706 -32.9322 0.0000 1650406243743 1639461.2500 -0.1984
-12.6918 76.9861 -33.4979 0.0000 1650406243772 1639491.5000 -0.1984
-12.4290 76.6390 -34.2463 0.0000 1650406243802 1639518.5000 -0.1984
-12.2135 76.3415 -34.9311 0.0000 1650406243831 1639548.2500 -0.1984
-11.8203 76.7487 -36.0674 0.0000 1650406243859 1639577.0000 -0.1984
-11.9033 76.2859 -36.7508 0.0000 1650406243888 1639606.0000 -0.1987
-11.6502 76.7905 -37.9020 0.0000 1650406243917 1639635.2500 -0.1989
-11.9011 76.8036 -38.7239 0.0000 1650406243946 1639664.2500 -0.1989
-11.9275 76.9454 -39.6142 0.0000 1650406243975 1639693.2500 -0.1989
-12.0242 76.8321 -40.2663 0.0000 1650406244004 1639722.2500 -0.1991
-12.0002 76.9021 -40.8814 0.0000 1650406244033 1639751.0000 -0.1994
-12.0867 76.7081 -41.4550 0.0000 1650406244062 1639780.0000 -0.1994
-12.1520 76.7340 -41.9028 0.0000 1650406244091 1639809.0000 -0.1994
-12.0400 76.9626 -42.2122 0.0000 1650406244120 1639837.7500 -0.1991
-11.9634 76.7978 -42.1257 0.0000 1650406244149 1639866.7500 -0.1994
-12.3604 76.4503 -41.9578 0.0000 1650406244178 1639895.7500 -0.1994
-12.6160 76.4906 -41.5929 0.0000 1650406244207 1639924.7500 -0.1989
-12.6391 76.5774 -41.1203 0.0000 1650406244236 1639953.7500 -0.1989
-12.4101 76.8804 -40.8547 0.0000 1650406244265 1639982.7500 -0.1989
-12.7895 76.4288 -40.2779 0.0000 1650406244294 1640011.7500 -0.1989
-12.5604 76.8874 -39.7529 0.0000 1650406244323 1640040.2500 -0.1989
-12.5936 76.7686 -38.9483 0.0000 1650406244352 1640069.7500 -0.1989
-13.0272 76.2716 -37.7266 0.0000 1650406244381 1640098.7500 -0.1989
-13.0045 76.6472 -37.1339 0.0000 1650406244410 1640127.7500 -0.1989
-13.4218 75.7970 -35.5321 0.0000 1650406244438 1640156.7500 -0.1984
-12.9402 76.1866 -35.0575 0.0000 1650406244467 1640185.7500 -0.1984
-13.5445 75.2009 -33.4725 0.0000 1650406244496 1640214.7500 -0.1984
-13.0630 76.1768 -33.5131 0.0000 1650406244526 1640243.7500 -0.1984
-13.9031 75.0828 -32.3214 0.0000 1650406244554 1640273.7500 -0.1983
-12.8694 76.2396 -32.4955 0.0000 1650406244584 1640301.2500 -0.1979
-13.1557 75.9361 -31.8851 0.0000 1650406244613 1640330.7500 -0.1979
-13.5583 73.2272 -29.8209 0.0000 1650406244642 1640359.5000 -0.1979
-13.8709 74.3169 -30.7305 0.0000 1650406244671 1640388.7500 -0.1980
-14.4675 74.6085 -30.8212 0.0000 1650406244699 1640417.7500 -0.1984
-13.1232 76.4265 -32.2640 0.0000 1650406244729 1640446.5000 -0.1984
-12.8822 76.8418 -32.9276 0.0000 1650406244757 1640475.5000 -0.1984
-12.7059 76.5313 -33.4307 0.0000 1650406244786 1640504.2500 -0.1984
-12.1753 76.7818 -34.5796 0.0000 1650406244815 1640533.2500 -0.1984
-12.2520 76.4674 -35.3143 0.0000 1650406244844 1640562.2500 -0.1984
-11.9738 76.3876 -36.2345 0.0000 1650406244873 1640591.2500 -0.1989
-11.7408 76.6840 -37.1777 0.0000 1650406244902 1640620.2500 -0.1989
-11.6608 76.8316 -38.1744 0.0000 1650406244931 1640649.2500 -0.1989
-12.0120 76.6224 -38.8289 0.0000 1650406244961 1640678.2500 -0.1989
-11.8992 76.9828 -39.9522 0.0000 1650406244990 1640707.2500 -0.1989
-12.0377 76.7794 -40.4144 0.0000 1650406245018 1640736.2500 -0.1989
-11.7356 77.0237 -41.1714 0.0000 1650406245047 1640765.2500 -0.1989
-12.0249 76.9933 -41.7518 0.0000 1650406245076 1640796.7500 -0.1989
-12.0249 77.0068 -42.0164 0.0000 1650406245105 1640823.0000 -0.1989
-12.2631 76.8007 -42.1034 0.0000 1650406245134 1640852.0000 -0.1989
-12.5339 76.3908 -41.8115 0.0000 1650406245163 1640881.0000 -0.1984
-12.4356 76.5334 -41.9550 0.0000 1650406245192 1640910.0000 -0.1984
-12.6812 76.4701 -41.3429 0.0000 1650406245221 1640938.7500 -0.1984
-12.6902 76.8686 -41.0863 0.0000 1650406245250 1640967.7500 -0.1984
-12.5503 76.7609 -40.7235 0.0000 1650406245279 1640996.7500 -0.1984
-12.7598 76.3439 -40.0723 0.0000 1650406245308 1641027.2500 -0.1984
-12.6944 76.8315 -39.3943 0.0000 1650406245337 1641055.7500 -0.1979
-14.2951 74.8826 -37.4952 0.0000 1650406245366 1641083.7500 -0.1979
-13.0641 76.2084 -37.3384 0.0000 1650406245395 1641114.2500 -0.1979
-13.8732 75.0203 -35.7977 0.0000 1650406245424 1641141.5000 -0.1979
-12.9580 75.8121 -35.3640 0.0000 1650406245453 1641170.7500 -0.1980
-14.1261 74.7459 -33.7755 0.0000 1650406245482 1641199.7500 -0.1984
-13.1639 75.7623 -33.6453 0.0000 1650406245511 1641228.7500 -0.1984
-13.3145 75.4557 -32.9767 0.0000 1650406245540 1641257.7500 -0.1984
-12.8374 76.1107 -32.8628 0.0000 1650406245569 1641286.7500 -0.1984
-12.7710 75.8428 -32.1159 0.0000 1650406245597 1641315.7500 -0.1984
-13.0467 75.8449 -31.6465 0.0000 1650406245627 1641344.7500 -0.1989
-13.8344 73.6658 -30.3068 0.0000 1650406245655 1641373.7500 -0.1989
-14.0850 74.4618 -30.8221 0.0000 1650406245684 1641402.7500 -0.1989
-14.0210 74.6474 -30.9618 0.0000 1650406245713 1641431.7500 -0.1989
-12.9817 76.6831 -32.5595 0.0000 1650406245743 1641460.7500 -0.1989
-12.9264 76.6915 -33.1089 0.0000 1650406245772 1641489.7500 -0.1994
-12.3537 76.8469 -33.9105 0.0000 1650406245801 1641518.7500 -0.1994
-12.1746 76.5318 -34.7841 0.0000 1650406245830 1641548.7500 -0.1994
-11.7293 76.5820 -35.7168 0.0000 1650406245859 1641576.0000 -0.1994
-11.7472 76.5134 -36.5097 0.0000 1650406245888 1641605.5000 -0.1994
-11.6655 76.7292 -37.4509 0.0000 1650406245916 1641634.2500 -0.1993
-11.6505 76.6326 -38.3913 0.0000 1650406245945 1641663.2500 -0.1989
-11.8814 77.0440 -39.2428 0.0000 1650406245974 1641692.2500 -0.1989
-11.9451 76.8728 -40.0573 0.0000 1650406246003 1641721.2500 -0.1989
-12.0926 76.8576 -40.6415 0.0000 1650406246032 1641750.2500 -0.1989
-11.9517 76.6460 -41.1225 0.0000 1650406246061 1641779.2500 -0.1984
-11.9957 76.7606 -41.7429 0.0000 1650406246090 1641809.5000 -0.1984
-12.1456 76.6673 -41.9437 0.0000 1650406246120 1641838.2500 -0.1984
-12.1786 76.7562 -42.0644 0.0000 1650406246149 1641866.2500 -0.1984
-12.5218 76.6697 -41.9819 0.0000 1650406246177 1641896.5000 -0.1979
-12.8388 76.2301 -41.6688 0.0000 1650406246207 1641924.2500 -0.1979
-12.7499 76.3289 -41.1815 0.0000 1650406246235 1641953.2500 -0.1979
-12.3538 76.7727 -40.9283 0.0000 1650406246264 1641982.0000 -0.1979
-12.6918 76.3896 -40.4012 0.0000 1650406246293 1642011.0000 -0.1979
-12.7400 76.6424 -39.9745 0.0000 1650406246322 1642040.0000 -0.1979
-12.5062 76.8653 -39.2071 0.0000 1650406246351 1642068.7500 -0.1979
-13.5556 75.6005 -37.6887 0.0000 1650406246380 1642097.7500 -0.1979
-12.8835 76.5515 -37.1885 0.0000 1650406246409 1642126.7500 -0.1984
-13.9464 75.2006 -35.5680 0.0000 1650406246438 1642155.7500 -0.1984
-12.9263 76.1602 -35.2850 0.0000 1650406246467 1642184.7500 -0.1984
-14.0938 74.7108 -33.6384 0.0000 1650406246496 1642213.7500 -0.1984
-12.7901 76.1423 -33.6712 0.0000 1650406246525 1642242.7500 -0.1984
-13.8493 74.4734 -32.1975 0.0000 1650406246554 1642271.7500 -0.1984
-13.1209 75.3894 -32.1808 0.0000 1650406246583 1642300.7500 -0.1985
-12.8822 76.0084 -32.1223 0.0000 1650406246612 1642332.5000 -0.1989
-13.2380 75.4637 -31.4649 0.0000 1650406246641 1642358.2500 -0.1989
-14.0839 73.6582 -30.2067 0.0000 1650406246670 1642387.7500 -0.1989
-13.9088 74.9129 -31.1505 0.0000 1650406246699 1642416.7500 -0.1989
-14.0984 75.2098 -31.3841 0.0000 1650406246728 1642445.7500 -0.1989
-12.8961 76.5500 -32.6080 0.0000 1650406246756 1642474.7500 -0.1989
-12.6454 76.6107 -33.2824 0.0000 1650406246786 1642503.7500 -0.1989
-12.0614 76.6929 -34.1251 0.0000 1650406246814 1642532.7500 -0.1988
-11.9912 76.0525 -34.7338 0.0000 1650406246844 1642563.0000 -0.1984
-11.8070 76.8170 -35.9502 0.0000 1650406246873 1642591.0000 -0.1984
-11.7681 76.6950 -36.8611 0.0000 1650406246902 1642619.7500 -0.1984
-11.5870 76.7075 -37.6420 0.0000 1650406246931 1642649.7500 -0.1984
-11.8523 76.8086 -38.6997 0.0000 1650406246960 1642679.0000 -0.1979
-11.7612 77.0907 -39.5427 0.0000 1650406246989 1642706.5000 -0.1979
-11.8679 77.0310 -40.4782 0.0000 1650406247018 1642735.2500 -0.1979
-11.7650 77.0250 -40.8288 0.0000 1650406247047 1642764.2500 -0.1979
-12.2567 76.9300 -41.4391 0.0000 1650406247075 1642793.2500 -0.1974
-12.2019 76.5113 -41.7507 0.0000 1650406247105 1642822.2500 -0.1974
-12.0879 76.9644 -42.1444 0.0000 1650406247133 1642851.2500 -0.1979
-12.2866 76.6459 -42.0843 0.0000 1650406247162 1642880.2500 -0.1979
-12.5785 76.3615 -41.8897 0.0000 1650406247191 1642909.2500 -0.1979
-12.6333 76.3486 -41.5886 0.0000 1650406247220 1642938.2500 -0.1979
-12.6912 76.6751 -41.1646 0.0000 1650406247249 1642967.2500 -0.1979
-12.6195 76.7199 -40.9026 0.0000 1650406247278 1642996.2500 -0.1979
-12.7780 76.3476 -40.3455 0.0000 1650406247308 1643025.2500 -0.1979
-12.5295 77.0093 -39.8483 0.0000 1650406247336 1643054.2500 -0.1979
-12.7185 76.8659 -39.0035 0.0000 1650406247366 1643084.5000 -0.1980
-13.4579 76.0851 -37.6783 0.0000 1650406247394 1643111.5000 -0.1984
-12.8748 76.5587 -37.1498 0.0000 1650406247423 1643141.0000 -0.1984
-13.6308 75.4484 -35.4137 0.0000 1650406247452 1643169.7500 -0.1984
-13.0465 76.2121 -35.2052 0.0000 1650406247481 1643198.7500 -0.1984
-13.5518 75.2326 -33.6071 0.0000 1650406247510 1643227.7500 -0.1984
-12.7926 76.5714 -33.8258 0.0000 1650406247539 1643256.7500 -0.1984
-14.0761 74.4919 -31.9401 0.0000 1650406247568 1643285.7500 -0.1979
-12.7587 76.4624 -32.6694 0.0000 1650406247597 1643314.7500 -0.1979
-12.9009 75.9000 -31.9152 0.0000 1650406247626 1643343.2500 -0.1979
-13.7346 74.1000 -30.6364 0.0000 1650406247655 1643372.5000 -0.1979
-14.0700 74.3408 -30.7733 0.0000 1650406247685 1643401.7500 -0.1979
-14.4549 74.6926 -30.9131 0.0000 1650406247713 1643430.7500 -0.1979
-12.9037 76.5152 -32.3800 0.0000 1650406247742 1643459.7500 -0.1979
-12.7302 76.8290 -32.9311 0.0000 1650406247771 1643488.7500 -0.1979
-12.4520 76.7698 -33.5263 0.0000 1650406247800 1643517.7500 -0.1974
-12.0787 76.2858 -34.1976 0.0000 1650406247829 1643546.7500 -0.1974
-11.8921 76.3815 -35.1258 0.0000 1650406247858 1643575.7500 -0.1974
-11.8240 76.3662 -36.0704 0.0000 1650406247887 1643604.7500 -0.1974
-11.7507 76.5886 -37.0454 0.0000 1650406247916 1643633.7500 -0.1974
-11.8012 76.6356 -38.0939 0.0000 1650406247945 1643662.7500 -0.1974
-12.0083 76.7203 -38.8363 0.0000 1650406247973 1643691.7500 -0.1974
-11.8608 76.7854 -39.6634 0.0000 1650406248002 1643720.7500 -0.1974
-12.0564 76.8713 -40.4376 0.0000 1650406248032 1643749.7500 -0.1974
-11.8200 76.9345 -41.0786 0.0000 1650406248061 1643778.5000 -0.1974
-12.1537 76.7172 -41.4964 0.0000 1650406248090 1643807.5000 -0.1977
-12.0024 76.7883 -41.9452 0.0000 1650406248119 1643836.2500 -0.1979
-12.2618 76.7156 -42.1391 0.0000 1650406248148 1643866.5000 -0.1979
-12.3231 76.8592 -42.1327 0.0000 1650406248177 1643893.7500 -0.1979
-12.7124 76.3997 -41.8587 0.0000 1650406248206 1643923.2500 -0.1979
-12.7097 76.6714 -41.5469 0.0000 1650406248234 1643952.2500 -0.1979
-12.7130 76.6761 -41.0070 0.0000 1650406248264 1643981.2500 -0.1979
-12.7933 76.6604 -40.6145 0.0000 1650406248292 1644010.2500 -0.1979
-12.6759 76.4355 -40.2104 0.0000 1650406248321 1644039.2500 -0.1982
-12.7387 76.7439 -39.4259 0.0000 1650406248350 1644068.2500 -0.1984
-13.3586 76.3624 -38.4300 0.0000 1650406248379 1644097.2500 -0.1984
-13.0928 76.3842 -37.5685 0.0000 1650406248408 1644125.5000 -0.1984
-14.0461 74.7441 -35.6194 0.0000 1650406248437 1644155.0000 -0.1984
-13.2078 76.0592 -35.5295 0.0000 1650406248467 1644184.0000 -0.1984
-13.8196 74.6960 -33.9358 0.0000 1650406248496 1644214.0000 -0.1984
-13.1279 76.1548 -33.9809 0.0000 1650406248525 1644242.0000 -0.1979
-13.0050 76.2081 -33.5121 0.0000 1650406248553 1644271.0000 -0.1979
-13.3061 74.9168 -32.0700 0.0000 1650406248582 1644299.7500 -0.1979
-12.8905 76.3078 -32.2945 0.0000 1650406248611 1644328.7500 -0.1979
-12.9759 76.0222 -31.8431 0.0000 1650406248640 1644357.7500 -0.1979
-13.7802 73.8001 -30.2541 0.0000 1650406248669 1644386.7500 -0.1979
-13.9673 74.3038 -30.7116 0.0000 1650406248698 1644415.7500 -0.1974
-14.2311 74.4799 -30.7772 0.0000 1650406248727 1644444.7500 -0.1974
-12.9666 76.8141 -32.5710 0.0000 1650406248756 1644473.7500 -0.1974
-13.1576 76.2979 -32.9712 0.0000 1650406248785 1644502.7500 -0.1974
-12.2806 76.6857 -33.8525 0.0000 1650406248814 1644531.7500 -0.1974
-12.0069 76.3533 -34.6030 0.0000 1650406248844 1644560.7500 -0.1974
-11.7537 76.6778 -35.5866 0.0000 1650406248872 1644589.7500 -0.1974
-11.8104 76.5603 -36.4824 0.0000 1650406248901 1644618.7500 -0.1974
-11.7131 76.7464 -37.3239 0.0000 1650406248930 1644648.5000 -0.1979
-11.8505 76.4924 -38.2413 0.0000 1650406248959 1644676.7500 -0.1979
-11.7761 76.7297 -38.9952 0.0000 1650406248988 1644705.7500 -0.1979
-12.0964 76.8523 -39.9244 0.0000 1650406249017 1644734.7500 -0.1979
-12.0307 77.0129 -40.6118 0.0000 1650406249046 1644763.7500 -0.1979
-12.0554 76.8363 -41.2409 0.0000 1650406249075 1644792.7500 -0.1984
-12.4573 76.4598 -41.4843 0.0000 1650406249104 1644821.7500 -0.1984
-12.0973 76.8263 -42.0044 0.0000 1650406249132 1644850.7500 -0.1984
-12.0758 77.1768 -42.3142 0.0000 1650406249162 1644880.5000 -0.1984
-12.1480 76.7944 -42.1568 0.0000 1650406249191 1644909.7500 -0.1984
-12.7477 76.4299 -41.7063 0.0000 1650406249220 1644937.5000 -0.1984
-12.7748 76.3500 -41.1982 0.0000 1650406249249 1644967.7500 -0.1984
-12.7029 76.7151 -40.8565 0.0000 1650406249278 1644995.0000 -0.1984
-12.9251 76.3232 -40.4650 0.0000 1650406249307 1645024.2500 -0.1984
-12.6675 76.6189 -40.1322 0.0000 1650406249336 1645053.2500 -0.1984
-12.5631 76.8807 -39.2272 0.0000 1650406249365 1645082.2500 -0.1979
-13.7830 75.2086 -37.5326 0.0000 1650406249394 1645111.2500 -0.1979
-12.6613 76.1425 -37.1282 0.0000 1650406249423 1645140.2500 -0.1979
-14.0678 75.1521 -35.6072 0.0000 1650406249451 1645169.2500 -0.1979
-12.7516 75.9761 -35.3713 0.0000 1650406249480 1645198.2500 -0.1979
-14.0783 74.6880 -33.5848 0.0000 1650406249509 1645227.2500 -0.1979
-13.1032 76.2777 -33.8102 0.0000 1650406249538 1645256.2500 -0.1974
-13.8769 74.4240 -32.1082 0.0000 1650406249567 1645285.2500 -0.1974
-12.9787 76.3231 -32.7484 0.0000 1650406249596 1645314.0000 -0.1974
-12.6569 76.6792 -32.5632 0.0000 1650406249626 1645343.0000 -0.1974
-12.9109 76.2230 -31.9916 0.0000 1650406249655 1645372.0000 -0.1974
-13.8989 74.0974 -30.4858 0.0000 1650406249684 1645400.5000 -0.1974
-14.1330 74.3613 -30.7106 0.0000 1650406249712 1645429.2500 -0.1974
-14.4567 74.9133 -31.0922 0.0000 1650406249742 1645458.7500 -0.1974
-12.9504 76.7790 -32.6646 0.0000 1650406249770 1645487.7500 -0.1977
-13.0565 76.2028 -33.0459 0.0000 1650406249799 1645516.7500 -0.1979
-12.1381 76.7884 -34.1507 0.0000 1650406249828 1645545.7500 -0.1979
-12.1100 76.3833 -34.8629 0.0000 1650406249857 1645574.7500 -0.1979
-11.7629 76.8565 -35.9625 0.0000 1650406249886 1645603.7500 -0.1979
-11.7199 76.5370 -36.7217 0.0000 1650406249915 1645632.7500 -0.1979
-11.5394 76.6763 -37.5980 0.0000 1650406249944 1645664.5000 -0.1979
-11.6929 76.7577 -38.5259 0.0000 1650406249973 1645690.5000 -0.1984
-11.8049 76.9546 -39.3311 0.0000 1650406250003 1645719.7500 -0.1984
-11.9605 76.7458 -40.2873 0.0000 1650406250031 1645748.5000 -0.1984
-12.0567 77.0633 -40.8368 0.0000 1650406250060 1645777.7500 -0.1984
-12.2200 76.4451 -41.2032 0.0000 1650406250089 1645806.7500 -0.1984
-12.2526 76.5680 -41.7362 0.0000 1650406250118 1645835.7500 -0.1984
-12.0438 76.8854 -42.1702 0.0000 1650406250147 1645864.7500 -0.1984
-12.3402 76.6178 -42.0209 0.0000 1650406250176 1645893.7500 -0.1984
-12.2636 76.8788 -42.2051 0.0000 1650406250205 1645922.7500 -0.1984
-12.6270 76.4181 -41.7999 0.0000 1650406250234 1645951.7500 -0.1984
-12.7083 76.4534 -41.2061 0.0000 1650406250263 1645980.7500 -0.1979
-12.7169 76.5816 -40.7271 0.0000 1650406250291 1646009.5000 -0.1979
-12.8241 76.4244 -40.3463 0.0000 1650406250321 1646038.5000 -0.1979
-12.7350 76.8416 -39.8093 0.0000 1650406250350 1646067.2500 -0.1979
-12.5796 76.9291 -39.0748 0.0000 1650406250379 1646096.2500 -0.1979
-13.5328 76.0981 -37.7718 0.0000 1650406250408 1646125.2500 -0.1979
-12.8202 76.6261 -37.1625 0.0000 1650406250437 1646154.2500 -0.1974
-13.5673 76.0176 -35.9315 0.0000 1650406250466 1646182.5000 -0.1974
-13.1212 76.2902 -35.2104 0.0000 1650406250495 1646212.0000 -0.1974
-13.7130 75.3759 -33.8067 0.0000 1650406250524 1646241.2500 -0.1974
-13.0805 76.0030 -33.5340 0.0000 1650406250553 1646270.2500 -0.1976
-14.0758 74.7188 -32.2348 0.0000 1650406250582 1646299.2500 -0.1979
-13.1570 75.9581 -32.4014 0.0000 1650406250610 1646328.2500 -0.1979
-13.0732 76.4391 -32.1591 0.0000 1650406250639 1646357.2500 -0.1979
-13.8107 74.1889 -30.5378 0.0000 1650406250668 1646386.2500 -0.1979
-13.7581 74.1508 -30.6066 0.0000 1650406250697 1646416.5000 -0.1979
-14.2472 74.4104 -30.6754 0.0000 1650406250726 1646446.5000 -0.1984
-13.1122 76.2853 -32.2685 0.0000 1650406250756 1646473.0000 -0.1984
-12.9998 76.6101 -32.8291 0.0000 1650406250784 1646502.0000 -0.1984
-12.7085 76.5844 -33.4863 0.0000 1650406250814 1646530.5000 -0.1984
-13.5266 74.3960 -32.9514 0.0000 1650406250843 1646559.7500 -0.1984
-12.0435 76.4205 -35.0153 0.0000 1650406250871 1646588.7500 -0.1984
-11.8541 76.5374 -36.1266 0.0000 1650406250901 1646617.7500 -0.1984
-11.6764 76.2357 -36.6784 0.0000 1650406250929 1646646.7500 -0.1984
-11.7795 76.9102 -38.0141 0.0000 1650406250958 1646675.7500 -0.1984
-11.9226 76.6640 -38.6251 0.0000 1650406250987 1646704.7500 -0.1984
-11.8034 76.7800 -39.5380 0.0000 1650406251016 1646733.7500 -0.1984
-12.1670 76.6030 -40.3236 0.0000 1650406251045 1646762.7500 -0.1984
-11.9357 76.7771 -40.8579 0.0000 1650406251074 1646791.7500 -0.1984
-11.9810 76.8707 -41.6483 0.0000 1650406251103 1646820.7500 -0.1979
-12.3201 76.4567 -41.7455 0.0000 1650406251132 1646849.7500 -0.1979
-12.0849 76.6955 -42.1210 0.0000 1650406251161 1646878.7500 -0.1974
-12.2471 76.5033 -42.0356 0.0000 1650406251190 1646907.7500 -0.1974
-12.2426 76.7742 -42.0921 0.0000 1650406251220 1646936.7500 -0.1974
-12.6739 76.4746 -41.4942 0.0000 1650406251248 1646965.5000 -0.1974
-12.8336 76.4813 -40.8812 0.0000 1650406251277 1646994.7500 -0.1974
-12.7917 76.5592 -40.7015 0.0000 1650406251306 1647023.7500 -0.1974
-12.8733 76.5821 -40.2133 0.0000 1650406251335 1647052.7500 -0.1974
-12.4215 76.8961 -39.6209 0.0000 1650406251364 1647081.7500 -0.1974
-12.7951 76.9048 -38.8534 0.0000 1650406251393 1647110.5000 -0.1974
-13.2431 76.5828 -37.7101 0.0000 1650406251422 1647139.5000 -0.1974
-12.9937 76.5066 -36.9162 0.0000 1650406251450 1647168.5000 -0.1976
-13.5446 75.6339 -35.3536 0.0000 1650406251480 1647198.5000 -0.1979
-13.2045 75.9326 -34.7166 0.0000 1650406251509 1647227.2500 -0.1979
-13.2688 76.1892 -33.9387 0.0000 1650406251538 1647255.2500 -0.1979
-13.0587 76.0825 -33.3559 0.0000 1650406251567 1647287.0000 -0.1979
-13.6881 75.7195 -32.6290 0.0000 1650406251596 1647313.2500 -0.1979
-12.8464 76.3702 -32.5671 0.0000 1650406251625 1647342.2500 -0.1984
-13.1186 75.8367 -31.6599 0.0000 1650406251654 1647371.2500 -0.1984
-13.6734 74.1094 -30.5170 0.0000 1650406251683 1647400.2500 -0.1984
-14.2643 74.1516 -30.6375 0.0000 1650406251712 1647429.2500 -0.1984
-14.0144 74.8230 -31.0053 0.0000 1650406251741 1647458.2500 -0.1984
-13.0147 76.4150 -32.4358 0.0000 1650406251769 1647487.2500 -0.1984
-12.7095 76.9856 -33.1457 0.0000 1650406251799 1647516.2500 -0.1984
-12.5833 76.7732 -33.6243 0.0000 1650406251827 1647545.0000 -0.1984
-13.5685 74.3885 -33.0772 0.0000 1650406251856 1647574.0000 -0.1984
-11.9255 76.6675 -35.4835 0.0000 1650406251885 1647603.0000 -0.1979
-11.8914 76.2278 -36.2392 0.0000 1650406251915 1647631.7500 -0.1979
-11.7474 76.6460 -37.3021 0.0000 1650406251944 1647660.7500 -0.1979
-11.8454 76.5508 -38.1301 0.0000 1650406251973 1647689.7500 -0.1979
-11.8509 76.9202 -38.9520 0.0000 1650406252002 1647718.5000 -0.1979
-11.7777 76.8089 -40.0136 0.0000 1650406252031 1647749.0000 -0.1979
-11.9914 76.9213 -40.5639 0.0000 1650406252060 1647776.7500 -0.1979
-11.9357 77.0180 -41.2399 0.0000 1650406252088 1647805.7500 -0.1979
-12.2018 76.6678 -41.5523 0.0000 1650406252117 1647834.7500 -0.1974
-12.0998 76.7543 -42.0312 0.0000 1650406252146 1647863.7500 -0.1974
-12.2722 76.8674 -42.1169 0.0000 1650406252175 1647892.7500 -0.1979
-12.4687 76.6483 -42.0334 0.0000 1650406252204 1647921.7500 -0.1979
-12.2823 76.8220 -42.0435 0.0000 1650406252233 1647952.2500 -0.1979
-12.7087 76.7113 -41.4349 0.0000 1650406252262 1647979.0000 -0.1979
-12.7182 76.7344 -40.9546 0.0000 1650406252291 1648008.7500 -0.1979
-12.8692 76.4377 -40.5921 0.0000 1650406252320 1648039.0000 -0.1979
-13.0425 76.4118 -39.9292 0.0000 1650406252349 1648066.0000 -0.1980
-12.5466 76.8206 -39.2453 0.0000 1650406252379 1648095.7500 -0.1984
-13.0100 76.9606 -38.5119 0.0000 1650406252407 1648124.7500 -0.1984
-12.8649 76.6375 -37.4523 0.0000 1650406252436 1648153.7500 -0.1984
-14.4987 75.1975 -35.6321 0.0000 1650406252465 1648182.7500 -0.1984
-12.8648 76.3163 -35.5084 0.0000 1650406252494 1648211.7500 -0.1984
-14.0409 74.3432 -33.4578 0.0000 1650406252523 1648240.5000 -0.1984
-12.7822 76.6479 -34.0557 0.0000 1650406252552 1648269.5000 -0.1984
-13.7012 75.3004 -32.8090 0.0000 1650406252581 1648298.2500 -0.1985
-13.2928 75.6292 -32.3571 0.0000 1650406252610 1648327.2500 -0.1989
-13.0555 76.4762 -32.4894 0.0000 1650406252639 1648356.2500 -0.1989
-13.9551 74.3136 -30.6344 0.0000 1650406252667 1648385.2500 -0.1989
-14.0945 73.8800 -30.4305 0.0000 1650406252697 1648414.2500 -0.1988
-14.2393 74.3557 -30.7553 0.0000 1650406252726 1648443.2500 -0.1984
-14.0751 74.9773 -31.2456 0.0000 1650406252755 1648472.2500 -0.1984
-12.7779 76.8492 -32.7167 0.0000 1650406252784 1648500.5000 -0.1984
-12.9317 76.5621 -33.1663 0.0000 1650406252813 1648530.2500 -0.1984
-12.6605 76.5310 -33.9241 0.0000 1650406252842 1648559.2500 -0.1984
-12.2653 76.2460 -34.6439 0.0000 1650406252871 1648588.2500 -0.1984
-11.8152 76.7041 -35.8685 0.0000 1650406252900 1648617.2500 -0.1984
-11.6962 76.4849 -36.6711 0.0000 1650406252928 1648646.0000 -0.1984
-11.7037 76.8017 -37.5656 0.0000 1650406252958 1648675.0000 -0.1982
-11.8034 76.7389 -38.4272 0.0000 1650406252986 1648704.0000 -0.1979
-11.8335 77.0171 -39.3605 0.0000 1650406253015 1648734.5000 -0.1979
-11.8263 76.5888 -40.0344 0.0000 1650406253044 1648761.5000 -0.1979
-12.0033 76.7548 -40.7027 0.0000 1650406253074 1648790.7500 -0.1982
-11.8946 76.9083 -41.4430 0.0000 1650406253102 1648821.2500 -0.1984
-12.3038 76.5460 -41.7042 0.0000 1650406253132 1648848.7500 -0.1984
-12.2970 76.4915 -41.9691 0.0000 1650406253161 1648877.7500 -0.1984
-12.0313 76.7703 -42.1927 0.0000 1650406253190 1648906.7500 -0.1984
-12.3374 76.6210 -42.0138 0.0000 1650406253219 1648935.7500 -0.1984
-12.8100 76.4843 -41.7636 0.0000 1650406253247 1648964.7500 -0.1984
-12.5411 76.5487 -41.3552 0.0000 1650406253277 1648993.7500 -0.1984
-12.6901 76.8809 -40.9675 0.0000 1650406253305 1649022.7500 -0.1987
-12.8687 76.4955 -40.3781 0.0000 1650406253334 1649051.7500 -0.1989
-12.6486 76.8631 -40.0086 0.0000 1650406253363 1649080.7500 -0.1989
-12.4234 77.0798 -39.2276 0.0000 1650406253392 1649109.7500 -0.1989
-13.0562 76.8411 -38.2627 0.0000 1650406253421 1649138.7500 -0.1989
-12.8228 76.4201 -37.0293 0.0000 1650406253450 1649167.7500 -0.1989
-13.7083 75.3145 -35.4955 0.0000 1650406253479 1649196.7500 -0.1989
-12.9596 76.0673 -35.1695 0.0000 1650406253508 1649225.7500 -0.1989
-13.4338 75.2394 -33.7984 0.0000 1650406253537 1649254.7500 -0.1989
-12.7329 76.2140 -33.6161 0.0000 1650406253566 1649285.0000 -0.1989
-13.7802 74.2237 -31.8611 0.0000 1650406253595 1649312.7500 -0.1989
-13.1592 75.8131 -32.3173 0.0000 1650406253624 1649341.5000 -0.1989
-13.0489 76.3785 -32.2173 0.0000 1650406253653 1649370.5000 -0.1989
-13.8235 74.6819 -30.8574 0.0000 1650406253682 1649399.2500 -0.1984
-13.9549 74.3249 -30.8258 0.0000 1650406253711 1649428.2500 -0.1984
-14.1761 74.5663 -30.8970 0.0000 1650406253740 1649457.2500 -0.1984
-13.7069 75.1445 -31.2827 0.0000 1650406253769 1649486.2500 -0.1984
-13.0517 76.6527 -32.6982 0.0000 1650406253798 1649516.2500 -0.1984
-13.0236 76.4412 -33.1679 0.0000 1650406253826 1649544.0000 -0.1984
-12.3120 76.7675 -34.3359 0.0000 1650406253857 1649573.2500 -0.1982
-12.2240 76.4080 -35.0590 0.0000 1650406253885 1649601.7500 -0.1979
-11.9499 76.5421 -36.0387 0.0000 1650406253914 1649631.2500 -0.1979
-11.7957 76.4119 -36.8271 0.0000 1650406253943 1649660.2500 -0.1979
-11.7289 76.8663 -38.0833 0.0000 1650406253972 1649689.2500 -0.1982
-12.0902 76.7132 -38.5179 0.0000 1650406253994 1649711.0000 -0.1984
