26.2470 -56.0704 -13.4811 22.4452 1690741381759 599.5000 -0.1845
25.9097 -56.3258 -13.8803 22.2981 1690741381792 632.2500 -0.1838
25.6004 -56.3565 -14.0382 23.2763 1690741381825 664.7500 -0.1823
25.4208 -56.4908 -14.2341 21.2474 1690741381858 697.5000 -0.1808
25.2637 -56.6778 -14.4103 23.5119 1690741381891 730.2500 -0.1799
25.5215 -56.6482 -14.4811 20.7443 1690741381923 762.7500 -0.1769
25.7249 -56.5447 -14.5226 21.6169 1690741381955 44.7500 -0.1736
25.1337 -56.2441 -14.1944 24.8531 1690741381989 77.2500 -0.1725
24.0776 -56.9236 -13.1046 16.8218 1690741382021 109.7500 -0.1725
24.0069 -58.3042 -11.2747 21.8448 1690741382053 142.7500 -0.1705
24.1922 -58.9182 -10.0016 25.9921 1690741382086 175.2500 -0.1686
24.3767 -58.9340 -10.6687 19.8034 1690741382119 208.0000 -0.1617
25.0167 -57.9358 -10.3337 16.0434 1690741382151 240.2500 -0.1593
24.2894 -58.3037 -11.1809 14.1638 1690741382184 273.2500 -0.1593
24.6615 -57.8430 -10.8615 20.8876 1690741382218 306.0000 -0.1447
24.7567 -57.8247 -10.9837 35.3634 1690741382250 338.7500 -0.1337
24.6436 -57.4369 -10.4073 27.7464 1690741382282 371.5000 -0.1260
24.9831 -57.6790 -10.6226 22.8704 1690741382316 404.0000 -0.1139
24.6536 -57.3417 -10.5027 35.7989 1690741382348 436.7500 -0.1139
24.9022 -57.5127 -11.2101 24.8876 1690741382380 469.5000 -0.1018
25.0871 -56.6488 -11.4783 20.9433 1690741382413 502.2500 -0.0978
26.7018 -56.3513 -12.2319 22.3690 1690741382446 536.0000 -0.0978
25.2485 -56.5126 -12.8879 25.0023 1690741382478 567.7500 -0.0817
25.5806 -56.7888 -13.5926 16.8369 1690741382511 599.7500 -0.0739
25.4028 -57.2342 -14.2121 22.8349 1690741382544 632.7500 -0.0626
25.3590 -57.2324 -14.5040 20.8763 1690741382577 665.7500 -0.0524
25.3072 -57.3951 -14.7981 21.5777 1690741382609 698.2500 -0.0397
25.2679 -57.4957 -14.9252 22.5318 1690741382643 731.0000 -0.0397
25.2451 -57.5309 -15.0398 24.4388 1690741382675 215.5000 -0.0368
25.2408 -57.4983 -14.7243 28.9462 1690741382707 65.2500 -0.0280
24.5302 -57.3629 -14.1033 28.0120 1690741382741 98.0000 -0.0236
23.0146 -58.2988 -12.5660 19.7143 1690741382773 130.7500 -0.0122
21.9245 -59.4078 -10.9457 25.9693 1690741382805 163.5000 -0.0099
21.9328 -59.7309 -10.1145 24.3990 1690741382838 196.0000 -0.0082
21.9845 -59.8319 -10.4377 16.8047 1690741382871 228.7500 -0.0031
22.7697 -59.5219 -11.1157 13.4885 1690741382903 261.5000 0.0032
21.7535 -59.3962 -12.2892 17.6598 1690741382936 293.5000 0.0053
21.3452 -58.7534 -10.9605 21.2584 1690741382969 326.5000 0.0076
21.2857 -58.9002 -10.7898 28.7564 1690741383002 359.5000 0.0145
20.9986 -58.9786 -11.1823 31.3269 1690741383034 392.2500 0.0215
21.2950 -59.3447 -10.6699 28.9304 1690741383068 424.7500 0.0238
20.8996 -59.2476 -10.7511 20.8727 1690741383100 457.7500 0.0272
20.4760 -59.2196 -10.8857 29.9577 1690741383132 490.2500 0.0306
20.7190 -58.3114 -11.7189 30.3578 1690741383165 522.7500 0.0331
23.5981 -58.1070 -12.2672 24.1680 1690741383198 555.7500 0.0331
23.0855 -58.2832 -13.1311 22.9178 1690741383230 587.7500 0.0309
22.8960 -58.3548 -14.3354 25.3423 1690741383262 620.5000 0.0250
23.7967 -58.5956 -13.9512 27.5006 1690741383296 653.7500 0.0140
24.0435 -58.1837 -13.9989 29.2146 1690741383328 686.2500 -0.0021
24.1934 -57.8584 -14.3702 27.6784 1690741383360 719.0000 -0.0021
24.5298 -57.9891 -14.7623 21.9862 1690741383395 751.7500 -0.0118
24.9963 -57.5713 -14.5767 22.9570 1690741383427 224.2500 -0.0216
25.1185 -57.1542 -14.1749 23.6012 1690741383459 70.0000 -0.0326
24.1858 -56.9258 -13.9059 27.3463 1690741383492 102.7500 -0.0486
22.4783 -57.7104 -12.8269 19.8858 1690741383525 135.5000 -0.0636
21.7508 -58.2947 -11.2959 23.1455 1690741383557 168.2500 -0.0689
22.4020 -58.3099 -9.7887 19.3365 1690741383590 200.7500 -0.0846
24.2295 -58.7538 -9.5416 21.4551 1690741383623 233.7500 -0.0846
24.6524 -58.8821 -10.4104 15.4386 1690741383655 266.2500 -0.1056
23.8474 -58.9522 -11.2855 19.3648 1690741383687 298.7500 -0.1142
23.9838 -57.8623 -10.8261 17.2191 1690741383721 331.7500 -0.1227
23.9992 -57.5944 -10.5544 19.3245 1690741383753 363.2500 -0.1227
23.8048 -57.6995 -10.3411 15.5483 1690741383786 397.0000 -0.1398
24.0164 -57.9583 -10.0943 28.5179 1690741383819 429.7500 -0.1545
23.8757 -57.6343 -10.8204 24.8491 1690741383852 462.2500 -0.1603
24.0085 -57.5126 -10.8015 21.2538 1690741383884 495.0000 -0.1662
24.4230 -57.0066 -11.5368 21.3981 1690741383917 527.7500 -0.1662
25.6720 -56.3662 -11.8344 25.7330 1690741383950 560.5000 -0.1769
25.7527 -56.3259 -12.4950 18.9460 1690741383982 593.0000 -0.1850
25.5071 -56.2889 -13.7459 26.7801 1690741384014 625.7500 -0.1877
25.5843 -56.7589 -13.9179 23.3644 1690741384048 658.0000 -0.1877
25.1874 -56.8905 -14.3286 22.2219 1690741384080 691.0000 -0.1955
25.2706 -56.9007 -14.5033 20.0265 1690741384112 723.7500 -0.1984
25.3662 -56.8907 -14.0917 22.6312 1690741384146 756.2500 -0.2013
25.5416 -56.7707 -14.4643 21.9367 1690741384179 789.2500 -0.2072
25.6358 -56.6458 -14.2033 17.4203 1690741384211 231.5000 -0.2072
25.4281 -56.4902 -13.9567 20.7160 1690741384244 67.7500 -0.2134
24.1577 -56.1730 -12.6614 16.9539 1690741384277 100.2500 -0.2181
23.5621 -57.2128 -11.3074 21.7055 1690741384309 132.7500 -0.2258
24.1300 -58.3326 -10.2200 21.2410 1690741384341 165.7500 -0.2258
24.2761 -58.0943 -8.9754 19.8937 1690741384375 198.2500 -0.2287
25.6450 -58.1483 -10.4620 12.7419 1690741384407 231.0000 -0.2309
25.9945 -57.8162 -11.1640 16.2555 1690741384439 263.7500 -0.2321
25.8880 -57.4112 -10.8113 12.7105 1690741384473 296.2500 -0.2326
25.3555 -57.0109 -10.5195 25.7643 1690741384505 329.0000 -0.2326
25.8174 -56.6697 -10.3249 24.2200 1690741384538 363.5000 -0.2324
26.2704 -56.8914 -10.4621 10.4257 1690741384571 394.0000 -0.2305
26.1360 -56.6798 -10.6424 19.2847 1690741384604 427.0000 -0.2272
26.0014 -56.4019 -10.4815 27.5697 1690741384636 459.7500 -0.2272
26.3254 -56.7405 -10.8398 23.0540 1690741384668 492.5000 -0.2250
26.6995 -55.8586 -11.5797 19.0691 1690741384702 525.2500 -0.2217
27.5485 -55.7199 -12.1183 21.9109 1690741384734 557.7500 -0.2184
26.5847 -55.9994 -12.9777 21.1542 1690741384766 590.7500 -0.2184
26.2484 -56.1581 -13.3639 20.8151 1690741384800 623.2500 -0.2151
25.9475 -56.3188 -13.8704 15.8145 1690741384832 655.7500 -0.2140
25.7708 -56.4574 -14.0781 21.9805 1690741384864 687.7500 -0.2111
25.5612 -56.6294 -14.3343 21.4607 1690741384898 721.2500 -0.2063
25.5418 -56.6802 -14.6057 22.5594 1690741384931 753.7500 -0.2048
25.3856 -56.6872 -14.3538 20.7645 1690741384963 595.2500 -0.1984
25.8823 -56.7770 -14.5732 23.8945 1690741384995 54.2500 -0.1984
24.6326 -56.3037 -13.3930 20.5619 1690741385029 87.0000 -0.1945
24.1434 -57.4796 -12.1961 22.2500 1690741385061 119.7500 -0.1912
23.9858 -58.5148 -10.6088 25.6887 1690741385093 152.5000 -0.1901
24.0140 -58.4579 -9.5750 26.1555 1690741385127 185.0000 -0.1895
24.4934 -58.7886 -11.2106 24.7303 1690741385159 217.7500 -0.1877
25.0091 -58.0858 -10.5606 15.8605 1690741385191 250.5000 -0.1858
24.8768 -57.6809 -10.5289 20.5750 1690741385225 283.2500 -0.1852
25.3669 -57.4385 -10.7778 23.0627 1690741385257 315.7500 -0.1852
25.2930 -57.1743 -10.2177 18.7900 1690741385290 348.5000 -0.1808
25.4370 -57.4458 -10.1848 22.0480 1690741385323 381.2500 -0.1791
25.9894 -57.1840 -10.4353 28.7452 1690741385356 413.7500 -0.1762
25.8462 -57.2531 -9.9220 23.9982 1690741385388 446.5000 -0.1750
25.8640 -56.8621 -10.4200 27.9371 1690741385420 479.2500 -0.1750
25.9421 -56.2001 -11.5606 20.6046 1690741385454 511.7500 -0.1728
26.8067 -56.1604 -11.9288 19.6172 1690741385486 544.7500 -0.1696
25.9159 -55.9663 -12.7583 22.5994 1690741385518 577.2500 -0.1672
25.7566 -56.3021 -13.4749 25.1638 1690741385551 610.0000 -0.1576
25.6050 -56.6752 -14.1722 15.3246 1690741385584 642.7500 -0.1545
25.4250 -56.6916 -14.5043 29.3453 1690741385616 675.2500 -0.1503
25.2826 -56.7704 -14.7187 18.7593 1690741385649 708.0000 -0.1339
25.4113 -57.0558 -14.7337 21.1559 1690741385682 740.2500 -0.1222
25.4723 -57.0516 -14.6650 27.8051 1690741385715 218.5000 -0.1144
25.2789 -57.0173 -14.4675 29.9586 1690741385747 65.7500 -0.1066
24.4113 -56.7486 -13.7690 24.9001 1690741385781 98.7500 -0.1066
23.0690 -57.7385 -12.2247 24.4076 1690741385813 131.5000 -0.0952
22.9038 -59.3084 -10.8758 23.7562 1690741385845 164.2500 -0.0880
23.1618 -59.4519 -9.4402 22.3889 1690741385878 196.7500 -0.0778
23.7210 -59.2337 -10.0836 16.5049 1690741385911 229.7500 -0.0778
23.6315 -58.6650 -10.6438 13.0746 1690741385943 262.2500 -0.0686
22.8688 -59.0545 -11.4349 22.1498 1690741385976 294.7500 -0.0625
23.0778 -58.5722 -10.9877 19.9402 1690741386009 327.7500 -0.0534
22.5491 -58.5172 -10.5069 24.4560 1690741386041 360.2500 -0.0397
22.1924 -58.6342 -10.5416 26.2010 1690741386074 393.0000 -0.0397
22.7369 -58.8424 -10.9670 32.3713 1690741386108 425.7500 -0.0324
22.4398 -58.9454 -10.9097 25.3959 1690741386140 458.2500 -0.0250
22.1112 -58.2767 -10.8818 26.5711 1690741386172 492.2500 -0.0143
23.2536 -57.6390 -11.7641 27.7576 1690741386206 523.7500 -0.0016
24.9934 -57.4629 -12.6651 24.8883 1690741386238 556.5000 -0.0016
24.4855 -57.7833 -13.5938 27.5918 1690741386270 589.0000 0.0004
24.4923 -58.0395 -13.9445 25.1057 1690741386303 621.7500 0.0062
24.1726 -58.0701 -14.2017 21.0785 1690741386336 654.5000 0.0125
24.3031 -58.2023 -14.6358 21.2011 1690741386368 687.2500 0.0145
24.5090 -58.0435 -14.7603 26.8607 1690741386400 719.7500 0.0145
24.8656 -58.1392 -15.1140 29.2860 1690741386434 568.7500 0.0219
25.3215 -58.1584 -15.0410 28.0000 1690741386467 49.7500 0.0252
25.2185 -57.9554 -14.8638 25.9598 1690741386491 74.5000 0.0263
