-7.7342 79.1282 -27.8243 48.5612 1650400901657 2282647.0000 -0.1990
-7.5592 79.2710 -27.6973 36.2689 1650400901686 2282675.7500 -0.1989
-7.6654 79.2440 -27.6495 34.9524 1650400901715 2282704.2500 -0.1989
-7.7496 79.0833 -27.8070 34.4750 1650400901744 2282733.2500 -0.1989
-7.8296 79.1091 -27.7356 39.2117 1650400901773 2282762.7500 -0.1989
-7.8246 79.0472 -27.8029 41.8291 1650400901802 2282791.0000 -0.1989
-7.7145 79.0479 -27.7678 37.5763 1650400901831 2282820.5000 -0.1989
-7.7179 79.1284 -27.9269 28.2148 1650400901860 2282849.5000 -0.1989
-7.6576 79.2650 -27.6478 56.9593 1650400901888 2282878.5000 -0.1990
-7.8169 79.0138 -27.7657 42.1416 1650400901918 2282907.5000 -0.1994
-7.7000 79.1324 -27.6206 33.9107 1650400901946 2282936.5000 -0.1994
-7.7590 78.9313 -27.8954 33.2883 1650400901975 2282965.5000 -0.1999
-7.6759 79.0602 -27.9250 39.2885 1650400902004 2282994.5000 -0.1999
-7.7966 79.0105 -28.0258 35.0858 1650400902033 2283023.5000 -0.1999
-7.7257 79.0628 -27.8944 39.1344 1650400902062 2283052.5000 -0.1999
-7.7035 79.0122 -27.9716 36.5024 1650400902092 2283081.5000 -0.1999
-7.7555 78.9735 -28.0343 33.5740 1650400902121 2283110.5000 -0.1999
-7.7448 79.0581 -27.9253 35.0344 1650400902150 2283139.5000 -0.1999
-7.8635 78.9268 -27.9973 40.0377 1650400902179 2283168.5000 -0.1999
-7.6811 79.0944 -27.9794 37.0518 1650400902207 2283197.5000 -0.1999
-7.8019 78.9423 -28.0870 33.2570 1650400902237 2283227.7500 -0.1999
-7.8179 78.9757 -28.1507 36.0083 1650400902265 2283256.2500 -0.1999
-7.8012 78.9995 -28.1653 41.3799 1650400902294 2283284.5000 -0.1999
-7.8476 78.9270 -28.0711 40.2575 1650400902323 2283313.5000 -0.1999
-7.7961 78.9881 -28.0844 38.4650 1650400902352 2283342.5000 -0.1999
-7.8220 78.9773 -28.0948 35.5548 1650400902381 2283371.2500 -0.1995
-7.8147 79.0549 -28.0080 39.9679 1650400902410 2283400.2500 -0.1994
-7.8228 79.0153 -27.8907 30.1122 1650400902439 2283429.2500 -0.1994
-7.8844 78.9141 -28.1112 39.7362 1650400902468 2283458.2500 -0.1994
-7.7756 78.9476 -27.9139 31.3757 1650400902498 2283488.0000 -0.1990
-7.7512 79.0678 -27.9156 32.4116 1650400902526 2283516.0000 -0.1989
-7.7971 79.0231 -27.9105 38.7055 1650400902555 2283545.0000 -0.1989
-7.5916 79.2108 -27.8115 46.6020 1650400902584 2283573.5000 -0.1989
-7.8154 79.0774 -27.8600 31.3062 1650400902613 2283603.0000 -0.1993
-7.8028 79.1366 -27.8865 29.9487 1650400902642 2283632.0000 -0.1994
-7.8228 79.0025 -27.9042 38.4144 1650400902671 2283661.0000 -0.1994
-7.6876 79.1546 -27.9381 44.2864 1650400902700 2283690.0000 -0.1994
-7.6591 79.1566 -27.9068 37.4168 1650400902729 2283719.0000 -0.1994
-7.6621 79.1903 -27.9576 36.0583 1650400902758 2283748.0000 -0.1994
-7.8681 78.9865 -27.9815 40.7650 1650400902786 2283777.0000 -0.1995
-7.8325 79.0350 -28.0482 36.0147 1650400902816 2283805.7500 -0.1999
-7.7802 78.9639 -27.9622 40.1292 1650400902845 2283834.7500 -0.1999
-7.7538 79.0614 -27.9242 37.2602 1650400902874 2283863.7500 -0.1999
-7.8154 78.8773 -28.1121 39.6183 1650400902903 2283892.7500 -0.1999
-7.6323 79.0192 -28.0788 30.9146 1650400902932 2283921.5000 -0.1999
-7.6979 78.8672 -28.0515 37.1455 1650400902961 2283950.5000 -0.1999
-7.7938 78.9625 -27.9964 34.2850 1650400902990 2283979.5000 -0.1999
-7.6926 79.0522 -28.1307 42.2191 1650400903019 2284011.2500 -0.1999
-7.8416 78.9474 -28.2611 30.7193 1650400903048 2284037.5000 -0.1999
-7.8229 78.9709 -28.0341 42.7902 1650400903077 2284066.5000 -0.1999
-7.7999 79.0259 -28.0755 40.5851 1650400903105 2284095.5000 -0.1999
-7.8936 78.8123 -28.2236 53.5979 1650400903134 2284124.5000 -0.1999
-7.8073 78.9575 -28.1422 37.3909 1650400903163 2284153.5000 -0.1999
-7.8637 78.8824 -28.0917 34.9741 1650400903192 2284182.5000 -0.1999
-7.8761 78.8744 -28.1284 45.0118 1650400903221 2284211.5000 -0.1995
-7.8240 78.9796 -28.0940 29.3814 1650400903251 2284241.7500 -0.1994
-7.8587 78.8966 -28.1742 38.3391 1650400903280 2284270.7500 -0.1994
-7.7903 78.9727 -28.1594 37.2154 1650400903309 2284298.5000 -0.1994
-7.7555 78.9786 -28.0947 41.4391 1650400903338 2284328.7500 -0.1994
-7.7581 78.8739 -28.0981 37.1868 1650400903366 2284356.5000 -0.1994
-7.8139 78.9899 -28.1746 32.8115 1650400903396 2284385.5000 -0.1994
-7.8562 78.9836 -28.0479 43.2446 1650400903424 2284414.5000 -0.1994
-7.8532 78.8579 -27.9745 29.1445 1650400903453 2284443.5000 -0.1994
-7.9184 79.0744 -27.9339 49.9299 1650400903482 2284472.5000 -0.1994
-7.7665 78.9459 -27.9932 36.3236 1650400903511 2284501.2500 -0.1994
-7.7358 79.0732 -27.8652 29.8559 1650400903540 2284530.2500 -0.1994
-7.8913 78.9609 -28.0273 37.5642 1650400903569 2284559.2500 -0.1994
-7.7205 78.9939 -27.9631 52.1979 1650400903598 2284588.0000 -0.1994
-7.5689 79.1169 -27.7749 34.8560 1650400903627 2284617.0000 -0.1994
-7.7621 79.0091 -27.9820 36.8445 1650400903657 2284646.0000 -0.1998
-7.6252 79.0632 -27.8998 50.1617 1650400903685 2284675.0000 -0.1999
-7.5283 79.1717 -27.7655 29.2552 1650400903714 2284704.0000 -0.1999
-7.8558 78.9930 -28.1451 37.5848 1650400903743 2284733.0000 -0.1999
-7.6748 79.0522 -27.9538 29.4496 1650400903772 2284763.0000 -0.1999
-7.7298 78.9273 -28.0729 38.1132 1650400903801 2284792.2500 -0.1999
-7.6777 78.9796 -28.0349 29.5800 1650400903830 2284820.0000 -0.1999
-7.8129 78.8503 -28.2527 41.3635 1650400903859 2284849.0000 -0.1999
-7.8694 78.8003 -28.0031 36.3731 1650400903888 2284878.0000 -0.1999
-7.8603 78.7307 -28.2326 40.5005 1650400903917 2284906.7500 -0.1999
-7.8705 78.8888 -28.1279 38.5556 1650400903945 2284935.7500 -0.1995
-7.8250 78.9419 -28.0502 33.0897 1650400903975 2284964.7500 -0.1994
-7.6155 78.7869 -28.1757 45.3603 1650400904004 2284993.7500 -0.1994
-8.0484 78.4778 -27.3127 22.2281 1650400904033 2285027.0000 -0.1994
-7.7899 78.6405 -26.4455 53.1955 1650400904062 2285051.2500 -0.1994
-7.8668 78.0450 -25.8769 48.7712 1650400904091 2285080.5000 -0.1994
-7.9264 78.1870 -25.3503 43.8528 1650400904120 2285109.5000 -0.1994
-7.5929 78.1151 -25.0667 56.8885 1650400904149 2285138.5000 -0.1994
-7.8501 78.0135 -23.9287 36.5408 1650400904178 2285167.5000 -0.1994
-7.7005 78.3111 -23.7799 47.1801 1650400904207 2285196.5000 -0.1994
-7.4929 78.2596 -23.6112 50.9536 1650400904236 2285225.5000 -0.1994
-7.8066 78.4382 -23.4738 36.8114 1650400904264 2285254.5000 -0.1994
-7.7417 78.4234 -23.5330 34.0229 1650400904294 2285283.5000 -0.1990
-7.7108 78.8567 -23.6176 40.1385 1650400904322 2285312.5000 -0.1989
-8.0149 78.7333 -23.9270 36.3399 1650400904351 2285341.5000 -0.1990
-8.0755 78.5596 -24.6403 28.7101 1650400904380 2285370.5000 -0.1994
-7.5548 78.5631 -25.4691 45.4521 1650400904410 2285399.5000 -0.1998
-7.8992 78.5341 -25.7952 42.8749 1650400904439 2285428.5000 -0.1999
-7.8017 78.7787 -26.9989 35.4241 1650400904468 2285457.5000 -0.1999
-7.8242 78.5373 -27.8126 36.4131 1650400904497 2285486.5000 -0.1999
-7.8352 78.7701 -28.7724 35.5684 1650400904525 2285515.5000 -0.1999
-8.1107 78.4868 -29.3952 30.1852 1650400904555 2285548.2500 -0.1999
-7.8545 78.8890 -30.4735 34.9078 1650400904583 2285573.0000 -0.1999
-7.8542 78.4965 -31.0946 29.8793 1650400904612 2285602.5000 -0.1999
-8.0202 78.3743 -31.9675 27.8638 1650400904641 2285631.2500 -0.1999
-7.7645 78.5175 -32.4780 37.2716 1650400904670 2285660.2500 -0.1999
-7.8595 78.5251 -32.7037 29.8971 1650400904699 2285689.2500 -0.1999
-7.8362 78.3461 -33.4098 30.6665 1650400904728 2285718.0000 -0.1999
-7.7097 78.4298 -33.2150 22.5580 1650400904757 2285747.0000 -0.1999
-7.9337 78.6276 -32.9387 23.8310 1650400904786 2285777.2500 -0.1999
-7.7989 78.5705 -32.7638 26.5698 1650400904816 2285807.5000 -0.1999
-7.7784 78.9954 -32.2435 24.4795 1650400904844 2285834.0000 -0.1995
-7.6548 78.6226 -32.1369 35.0099 1650400904874 2285863.0000 -0.1994
-7.5209 78.3926 -31.6657 37.1234 1650400904902 2285891.7500 -0.1990
-7.7187 78.3700 -31.0060 44.8550 1650400904931 2285921.0000 -0.1989
-7.6322 78.3907 -30.2312 36.9281 1650400904960 2285950.0000 -0.1989
-7.6919 78.1726 -29.3669 35.7226 1650400904989 2285979.0000 -0.1989
-7.7553 78.3033 -28.3700 33.6343 1650400905018 2286008.0000 -0.1985
-7.7217 78.4984 -27.2590 35.2306 1650400905047 2286036.7500 -0.1984
-7.8184 78.6568 -26.7229 33.7031 1650400905076 2286065.7500 -0.1984
-7.4545 78.3151 -25.7642 26.6460 1650400905105 2286094.7500 -0.1984
-7.6783 78.6913 -25.0966 34.0454 1650400905134 2286123.5000 -0.1985
-7.9899 78.4639 -24.6343 27.4349 1650400905162 2286152.5000 -0.1984
-7.4022 78.0561 -24.0563 34.7727 1650400905192 2286181.5000 -0.1988
-7.6271 78.6094 -23.3687 30.6557 1650400905221 2286210.5000 -0.1989
-7.3372 78.4429 -23.7009 29.1134 1650400905250 2286239.5000 -0.1989
-7.6524 78.3749 -23.4411 33.5446 1650400905279 2286268.5000 -0.1989
-7.4163 78.8501 -23.2712 32.8078 1650400905308 2286298.7500 -0.1989
-7.6787 78.8464 -23.6466 32.5689 1650400905337 2286329.2500 -0.1989
-7.8439 78.4308 -24.3791 33.9198 1650400905366 2286355.5000 -0.1989
-8.2086 78.7093 -24.9026 28.9394 1650400905395 2286384.5000 -0.1994
-7.7443 78.9093 -25.7242 43.8069 1650400905423 2286413.5000 -0.1994
-8.1636 78.6331 -26.4349 35.4562 1650400905453 2286442.5000 -0.1994
-7.8616 78.8917 -27.1919 30.3111 1650400905481 2286471.5000 -0.1994
-8.4236 78.5814 -28.0738 30.6383 1650400905510 2286500.5000 -0.1994
-7.5473 78.9873 -28.9340 33.9400 1650400905539 2286529.5000 -0.1994
-8.5002 78.1989 -30.1242 22.4439 1650400905568 2286562.7500 -0.1998
-7.8723 79.0266 -30.5706 36.0680 1650400905598 2286587.0000 -0.1999
-7.8005 78.5022 -31.3351 32.8204 1650400905627 2286616.5000 -0.1994
-7.7713 78.4690 -32.2845 24.2997 1650400905656 2286646.7500 -0.1994
-7.8875 78.8911 -32.3112 26.9786 1650400905685 2286674.5000 -0.1994
-7.9493 78.8958 -32.6789 35.3948 1650400905714 2286703.5000 -0.1994
-7.6265 78.3094 -33.2501 24.8063 1650400905742 2286732.2500 -0.1990
-7.6593 78.4835 -33.1990 29.5395 1650400905771 2286761.2500 -0.1989
-7.9533 78.6014 -32.8986 25.2424 1650400905800 2286790.2500 -0.1989
-7.7361 78.8170 -32.6420 28.9776 1650400905829 2286819.0000 -0.1989
-7.6469 78.5772 -32.5200 35.9607 1650400905858 2286848.0000 -0.1989
-7.5009 78.8299 -32.1179 27.5886 1650400905887 2286877.0000 -0.1989
-7.5053 78.3634 -31.4862 25.0584 1650400905916 2286906.0000 -0.1985
-7.6146 78.3606 -30.8130 43.6542 1650400905945 2286935.0000 -0.1984
-7.5253 78.1998 -30.1064 34.1724 1650400905975 2286964.0000 -0.1988
-7.5038 78.1761 -29.1355 37.9244 1650400906003 2286993.0000 -0.1989
-7.5959 78.3482 -28.1266 34.3283 1650400906033 2287022.0000 -0.1989
-7.5613 78.2379 -27.3392 36.1390 1650400906061 2287051.0000 -0.1989
-7.5809 78.4284 -26.3328 27.9617 1650400906090 2287082.7500 -0.1989
-7.4167 78.2086 -25.6044 40.2483 1650400906119 2287108.7500 -0.1989
-7.6359 78.3327 -25.0959 35.4689 1650400906148 2287137.7500 -0.1989
-7.6137 78.3929 -24.1664 25.3338 1650400906177 2287166.7500 -0.1994
-7.5548 78.1605 -23.7756 32.3939 1650400906206 2287195.7500 -0.1994
-7.7013 78.4690 -23.4310 30.5641 1650400906235 2287224.7500 -0.1994
-7.4039 78.6886 -23.3131 34.0550 1650400906264 2287253.5000 -0.1994
-7.5676 78.4706 -23.4275 29.9907 1650400906293 2287282.5000 -0.1994
-7.4036 78.9420 -23.1553 33.5894 1650400906321 2287311.5000 -0.1994
-7.5532 78.7554 -23.7002 31.8185 1650400906351 2287343.0000 -0.1994
-7.9830 78.3264 -24.6064 22.7347 1650400906380 2287369.5000 -0.1994
-7.7998 78.8318 -25.1189 24.0292 1650400906409 2287400.0000 -0.1994
-7.9281 78.7641 -25.8070 26.9472 1650400906438 2287427.0000 -0.1994
-7.9682 78.6852 -26.5745 42.8760 1650400906467 2287456.5000 -0.1994
-7.6546 78.7550 -27.4595 43.1117 1650400906496 2287485.5000 -0.1994
-8.3172 78.4608 -28.5740 30.8168 1650400906525 2287514.5000 -0.1994
-7.5057 78.7681 -29.1446 27.9373 1650400906554 2287543.5000 -0.1994
-7.8554 78.9199 -29.9344 23.0955 1650400906582 2287572.5000 -0.1998
-7.9938 79.0556 -30.8207 41.4573 1650400906612 2287601.5000 -0.1999
-7.9244 78.8400 -31.3353 27.7920 1650400906640 2287630.5000 -0.1995
-7.7289 78.7576 -32.2753 35.8541 1650400906669 2287659.5000 -0.1994
-7.7333 78.7883 -32.5916 30.3158 1650400906698 2287688.5000 -0.1994
-8.0307 78.6964 -33.0189 27.6237 1650400906728 2287717.5000 -0.1994
-7.8072 78.6064 -33.1979 30.2345 1650400906757 2287746.5000 -0.1990
-7.8098 78.8329 -32.9779 25.5737 1650400906786 2287775.5000 -0.1989
-7.6144 78.7369 -33.1007 28.7821 1650400906815 2287804.5000 -0.1993
-7.7990 78.7798 -32.5547 21.6163 1650400906844 2287834.7500 -0.1994
-7.6110 78.7111 -32.1202 38.8839 1650400906873 2287863.2500 -0.1994
-7.4855 78.8046 -31.7964 30.5097 1650400906901 2287891.2500 -0.1994
-7.5443 78.3902 -31.0920 25.6514 1650400906931 2287920.2500 -0.1994
-7.9477 78.6149 -30.4483 30.6477 1650400906959 2287949.0000 -0.1994
-7.6500 77.9066 -29.9297 30.4269 1650400906988 2287978.0000 -0.1998
-7.4886 78.0604 -28.9332 35.5617 1650400907017 2288007.0000 -0.1999
-7.6843 78.2779 -27.8298 28.0434 1650400907046 2288036.0000 -0.1999
-7.4479 78.0407 -26.9990 34.2631 1650400907075 2288065.0000 -0.1999
-7.7705 78.0457 -26.1624 28.8240 1650400907104 2288095.0000 -0.1999
-7.8024 78.3858 -25.1266 39.5113 1650400907134 2288124.2500 -0.1999
-7.6837 78.4085 -24.5961 30.9008 1650400907163 2288152.0000 -0.1999
-7.7684 78.0324 -24.0155 24.8905 1650400907192 2288183.7500 -0.1999
-7.3604 78.2390 -23.7603 36.3162 1650400907220 2288210.0000 -0.1999
-7.3461 78.6306 -23.5632 30.1603 1650400907249 2288239.0000 -0.1999
-7.4300 78.8130 -23.1138 28.6184 1650400907278 2288267.7500 -0.1999
-7.6433 78.6973 -23.2169 33.4294 1650400907307 2288296.7500 -0.1999
-7.3067 79.1635 -23.3917 30.2412 1650400907336 2288325.7500 -0.1999
-7.9184 78.6496 -23.8234 28.5687 1650400907365 2288354.5000 -0.1995
-8.0290 78.7448 -24.5720 24.6621 1650400907394 2288383.5000 -0.1994
-7.6137 78.9976 -25.2904 37.6933 1650400907423 2288412.5000 -0.1994
-7.7938 79.0165 -25.8051 40.5615 1650400907452 2288441.5000 -0.1994
-7.8552 78.9283 -26.7475 28.4053 1650400907480 2288470.5000 -0.1990
-7.9841 78.8879 -27.5157 33.9952 1650400907511 2288499.5000 -0.1989
-7.8467 79.1066 -28.5638 35.6244 1650400907539 2288528.5000 -0.1989
-7.9530 78.7952 -29.2713 29.3093 1650400907568 2288557.5000 -0.1989
-7.8411 78.8897 -30.3309 28.8078 1650400907597 2288586.5000 -0.1989
-7.8524 78.6903 -31.1443 28.1316 1650400907626 2288616.7500 -0.1989
-7.6221 78.6159 -31.7478 27.0196 1650400907655 2288645.7500 -0.1989
-7.4403 78.8018 -32.3135 34.2235 1650400907684 2288673.5000 -0.1989
-7.9284 78.9850 -32.5031 28.7097 1650400907713 2288702.5000 -0.1993
-7.7793 78.5894 -33.1596 33.8297 1650400907742 2288731.5000 -0.1994
-7.6067 78.5012 -33.1962 32.2039 1650400907771 2288760.5000 -0.1994
-7.5114 78.5318 -33.1330 23.4959 1650400907799 2288789.5000 -0.1994
-7.6904 78.8429 -32.8305 23.9872 1650400907828 2288818.5000 -0.1994
-7.6049 78.6704 -32.4563 34.7246 1650400907857 2288849.0000 -0.1999
-7.5713 78.7619 -31.9495 39.2977 1650400907887 2288877.2500 -0.1999
-7.6075 78.6065 -31.5481 25.8203 1650400907916 2288905.5000 -0.1999
-7.6378 78.2893 -30.8553 23.4953 1650400907945 2288936.0000 -0.1999
-7.6208 78.2252 -30.2696 28.4526 1650400907974 2288964.2500 -0.1999
-7.5613 77.9859 -29.2763 29.3004 1650400908003 2288992.2500 -0.1999
-7.8406 78.2562 -28.5071 31.9211 1650400908032 2289021.2500 -0.1999
-7.6318 78.1181 -27.3459 29.9304 1650400908060 2289050.0000 -0.1999
-7.5198 78.0324 -26.9118 34.7699 1650400908090 2289079.0000 -0.2004
-7.1546 78.2415 -25.7735 28.9976 1650400908118 2289108.0000 -0.2004
-7.6577 78.3571 -25.0235 35.5499 1650400908147 2289137.0000 -0.2004
-7.6761 78.3915 -24.3849 23.4363 1650400908176 2289166.0000 -0.2004
-7.5238 78.2771 -23.6660 23.2860 1650400908205 2289195.0000 -0.1999
-7.5965 78.6498 -23.3174 36.2758 1650400908234 2289224.0000 -0.1999
-7.5075 78.7932 -23.3380 30.4077 1650400908263 2289253.0000 -0.1999
-7.4020 78.8393 -23.1258 36.7611 1650400908293 2289282.0000 -0.1999
-7.5389 78.8725 -23.2442 29.9263 1650400908322 2289311.0000 -0.1995
-7.7213 79.0544 -23.4312 26.0450 1650400908351 2289340.0000 -0.1994
-7.6737 78.6480 -24.1272 34.9402 1650400908379 2289370.5000 -0.1994
-7.9375 79.0815 -24.5582 30.3354 1650400908409 2289396.7500 -0.1994
-7.5209 78.9035 -25.4671 40.5555 1650400908437 2289426.7500 -0.1994
-8.2672 78.5924 -26.2060 30.0073 1650400908466 2289455.7500 -0.1994
-7.3041 78.9824 -26.9622 31.0936 1650400908495 2289484.5000 -0.1994
-8.1381 78.6228 -27.9755 33.3133 1650400908524 2289513.5000 -0.1994
-7.8057 79.0552 -28.8145 27.8717 1650400908553 2289542.5000 -0.1994
-8.1538 78.6343 -29.7910 30.9094 1650400908582 2289571.5000 -0.1994
-7.7081 78.8134 -30.7108 32.4299 1650400908611 2289600.5000 -0.1994
-8.0147 78.8875 -31.1886 37.3224 1650400908640 2289629.2500 -0.1994
-7.8219 78.9184 -31.9641 27.0349 1650400908669 2289658.0000 -0.1994
-7.6675 78.8390 -32.3850 37.7713 1650400908698 2289687.5000 -0.1994
-8.0543 78.8812 -32.7375 29.7287 1650400908727 2289717.7500 -0.1994
-7.8286 78.5485 -33.0605 32.8501 1650400908756 2289745.5000 -0.1998
-7.8700 78.6458 -33.0084 31.3554 1650400908785 2289774.5000 -0.1999
-7.6734 78.8126 -32.8156 26.6830 1650400908814 2289803.5000 -0.1999
-7.7881 78.7736 -32.6873 25.5499 1650400908843 2289832.5000 -0.1999
-7.7252 78.7017 -32.2831 31.3153 1650400908872 2289861.5000 -0.2002
-7.5298 78.8304 -31.6805 30.8774 1650400908901 2289890.5000 -0.2004
-7.4284 78.3108 -31.4329 28.9488 1650400908930 2289919.5000 -0.2004
-7.6475 78.2408 -30.6586 37.7853 1650400908958 2289948.5000 -0.2004
-7.3754 78.1614 -29.9199 33.1650 1650400908988 2289977.5000 -0.2004
-7.3586 78.0433 -28.9969 23.6304 1650400909016 2290006.5000 -0.2004
-7.5231 78.1794 -27.9785 30.5912 1650400909045 2290035.5000 -0.2000
-7.4272 77.9657 -27.2164 31.4969 1650400909074 2290064.2500 -0.1999
-7.4484 78.3943 -26.2099 30.7918 1650400909104 2290093.2500 -0.1999
-7.4060 77.9092 -25.5470 25.9387 1650400909133 2290122.2500 -0.1999
-7.4900 78.4884 -24.6742 40.8222 1650400909162 2290152.2500 -0.1999
-7.8531 77.9453 -24.2940 22.8624 1650400909191 2290181.2500 -0.1999
-7.2957 78.1296 -23.6927 36.0061 1650400909220 2290209.0000 -0.1995
-7.5095 78.7685 -23.1138 29.2330 1650400909249 2290238.0000 -0.1994
-7.5035 78.6767 -23.1598 29.8343 1650400909277 2290267.0000 -0.1994
-7.7554 78.7316 -23.4236 28.4672 1650400909306 2290296.0000 -0.1994
-7.5656 78.8978 -23.3701 31.7577 1650400909335 2290325.0000 -0.1994
-7.3816 78.3805 -23.8932 27.6868 1650400909364 2290354.0000 -0.1994
-8.0225 78.8161 -24.2853 37.5287 1650400909393 2290383.0000 -0.1994
-8.0012 78.9145 -24.8579 28.9122 1650400909422 2290414.7500 -0.1994
-7.6166 79.0195 -25.3135 35.8103 1650400909451 2290440.7500 -0.1995
-8.0981 78.5456 -26.4710 30.4620 1650400909481 2290470.0000 -0.1999
-7.6719 78.7734 -27.4645 31.6918 1650400909510 2290500.0000 -0.1999
-7.9537 78.7882 -28.2336 30.7229 1650400909538 2290527.7500 -0.1999
-7.8411 78.9923 -29.0796 28.1286 1650400909568 2290556.7500 -0.2000
-7.7422 78.6862 -30.2068 35.0698 1650400909596 2290585.5000 -0.2004
-7.8561 79.2152 -30.5785 33.6080 1650400909625 2290614.5000 -0.2004
-8.0759 78.7558 -31.3774 44.6367 1650400909654 2290643.5000 -0.2004
-7.6555 78.9630 -31.9863 29.8373 1650400909683 2290672.5000 -0.2004
-8.0430 78.9025 -32.6019 42.8218 1650400909712 2290701.5000 -0.2004
-7.9192 78.7742 -32.8272 32.2180 1650400909741 2290730.5000 -0.2004
-7.7638 78.4820 -33.1408 40.6120 1650400909770 2290759.5000 -0.2004
-7.7638 78.4987 -33.1041 30.5581 1650400909799 2290788.5000 -0.2004
-7.7417 78.6198 -32.8120 26.3914 1650400909828 2290817.5000 -0.2004
-7.7576 78.6212 -32.4930 24.6759 1650400909857 2290846.5000 -0.2004
-7.6379 78.5808 -32.0410 30.8511 1650400909886 2290875.5000 -0.2000
-7.5278 78.5419 -31.7213 28.4246 1650400909915 2290904.5000 -0.1999
-7.8057 78.2870 -30.7894 34.3175 1650400909944 2290937.7500 -0.1999
-7.3660 78.1324 -30.3928 34.0523 1650400909973 2290962.0000 -0.1999
-7.3148 77.9009 -29.6725 34.2394 1650400910002 2290991.5000 -0.1995
-7.4272 78.0659 -28.6981 37.3857 1650400910031 2291020.5000 -0.1994
-7.3342 78.0026 -27.8448 27.5250 1650400910060 2291049.5000 -0.1994
-7.3235 78.1061 -26.8852 34.7933 1650400910089 2291078.5000 -0.1994
-7.7542 78.1959 -26.1191 24.9682 1650400910117 2291107.5000 -0.1994
-7.2238 78.1513 -25.4621 25.4682 1650400910147 2291136.5000 -0.1994
-7.6500 78.4621 -24.6526 30.6691 1650400910175 2291165.2500 -0.1994
-7.7406 78.0908 -24.2376 19.2532 1650400910204 2291197.0000 -0.1994
-7.5405 78.3744 -23.3711 31.7927 1650400910234 2291223.2500 -0.1994
-7.3136 78.8036 -23.1487 27.9439 1650400910263 2291255.2500 -0.1994
-7.3332 78.8604 -23.2728 37.0098 1650400910292 2291280.7500 -0.1998
-7.3543 78.7352 -23.2510 27.7948 1650400910321 2291310.0000 -0.1999
-7.5731 78.9870 -23.5735 29.9474 1650400910350 2291339.0000 -0.1999
-7.9974 78.9987 -23.7103 30.3001 1650400910379 2291368.0000 -0.1999
-7.9452 78.7733 -24.5126 25.3336 1650400910408 2291397.0000 -0.2002
-7.8502 79.0365 -24.9686 37.6704 1650400910436 2291426.0000 -0.2004
-7.9378 78.7168 -25.7706 30.7242 1650400910466 2291455.0000 -0.2004
-7.9199 79.0451 -26.5200 37.1855 1650400910494 2291484.0000 -0.1999
-7.8956 78.8013 -27.5940 27.8323 1650400910523 2291513.0000 -0.1999
-7.8442 78.7129 -28.7693 29.3687 1650400910552 2291542.0000 -0.2002
-8.0418 78.5837 -29.3112 27.7822 1650400910581 2291571.0000 -0.2004
-7.7129 78.7702 -30.4457 27.0451 1650400910610 2291599.7500 -0.2004
-7.8561 78.9545 -30.8437 30.9106 1650400910640 2291628.7500 -0.2004
-7.9997 78.8141 -31.7050 25.2376 1650400910669 2291657.7500 -0.2004
-7.3593 78.8780 -32.1265 29.9924 1650400910698 2291687.7500 -0.2004
-7.9548 78.9346 -32.4600 33.3416 1650400910727 2291718.2500 -0.2004
-7.7319 78.3952 -33.3089 27.1515 1650400910755 2291744.5000 -0.2004
-7.8426 78.6924 -32.8600 31.8586 1650400910784 2291773.5000 -0.2000
-7.8308 78.6479 -32.8513 30.2280 1650400910813 2291802.5000 -0.1999
-7.7369 78.5046 -32.8531 32.2254 1650400910842 2291831.5000 -0.1999
-7.8630 78.6270 -32.1669 34.0065 1650400910871 2291860.5000 -0.1999
-7.4108 78.4051 -31.7926 41.7024 1650400910900 2291889.5000 -0.1999
-7.3594 78.4163 -31.4770 34.6789 1650400910929 2291918.5000 -0.1999
-7.4887 78.3206 -30.7677 33.4381 1650400910958 2291950.2500 -0.1999
-7.2209 78.0848 -30.1830 36.1831 1650400910987 2291976.0000 -0.1999
-7.2987 78.1823 -29.2281 32.9115 1650400911016 2292005.5000 -0.1995
-7.4905 78.3147 -28.2412 39.6535 1650400911046 2292035.7500 -0.1994
-7.7895 77.6909 -27.7445 31.1037 1650400911074 2292063.5000 -0.1998
-7.6191 78.4944 -26.4173 32.0831 1650400911103 2292092.5000 -0.1999
-7.5349 78.0917 -25.7793 28.8071 1650400911132 2292121.5000 -0.1999
-7.1369 78.2837 -24.9404 36.3015 1650400911161 2292150.5000 -0.1999
-7.4880 78.1508 -24.3858 27.9356 1650400911190 2292179.5000 -0.2002
-7.4102 78.4030 -23.6798 24.0001 1650400911219 2292208.5000 -0.2004
-7.5070 78.5357 -23.3986 29.5910 1650400911248 2292237.5000 -0.2004
-7.5374 78.7663 -23.3418 25.7835 1650400911277 2292266.5000 -0.2004
-7.3227 78.7835 -23.2403 31.2320 1650400911306 2292295.2500 -0.2004
-7.6950 78.8865 -23.4580 35.8266 1650400911334 2292324.2500 -0.2004
-7.6306 79.0496 -23.5264 32.9139 1650400911363 2292353.2500 -0.2004
-8.0636 78.6583 -24.1509 30.6662 1650400911393 2292382.2500 -0.2004
-7.9999 78.6178 -24.5593 29.8925 1650400911422 2292411.0000 -0.2004
-7.7780 78.9471 -25.3014 41.4865 1650400911451 2292440.0000 -0.2007
-8.1258 78.6766 -26.0648 29.3994 1650400911480 2292471.7500 -0.2009
-7.5510 78.8878 -27.1499 33.6947 1650400911509 2292497.7500 -0.2009
-8.1886 78.7579 -27.8146 32.9965 1650400911538 2292527.0000 -0.2009
-7.8139 79.0398 -28.5922 29.8139 1650400911567 2292556.0000 -0.2009
-8.0503 78.7588 -29.5722 30.1835 1650400911595 2292585.0000 -0.2009
-7.5745 78.8584 -30.6384 32.6321 1650400911625 2292614.0000 -0.2004
-8.0018 78.9217 -30.9376 24.9334 1650400911653 2292643.0000 -0.2004
-8.0055 78.8975 -31.8457 24.7247 1650400911682 2292672.0000 -0.2004
-7.8557 78.7922 -32.2465 33.0394 1650400911711 2292702.5000 -0.2004
-7.8467 78.8524 -32.5751 27.1072 1650400911740 2292732.0000 -0.2004
-7.7595 78.4210 -33.2424 24.8555 1650400911769 2292758.7500 -0.2004
-7.5119 78.5447 -33.1474 37.0949 1650400911798 2292787.7500 -0.2000
-8.1764 78.5341 -33.1085 26.3513 1650400911828 2292816.2500 -0.1999
-7.7834 78.6327 -32.6978 23.2617 1650400911857 2292845.5000 -0.1999
-7.5032 78.5620 -32.1573 27.8831 1650400911886 2292874.5000 -0.1999
-7.4498 78.3738 -31.8237 34.0832 1650400911914 2292903.5000 -0.1999
-7.2675 78.2530 -31.3182 28.2931 1650400911943 2292932.5000 -0.1999
-7.5257 78.2259 -30.6006 37.1669 1650400911972 2292961.5000 -0.1999
-7.4701 78.2024 -29.9165 42.5442 1650400912001 2292990.5000 -0.1999
-7.3802 78.2897 -28.8819 31.8167 1650400912030 2293019.5000 -0.1999
-7.2854 78.1685 -28.2031 35.7182 1650400912059 2293048.5000 -0.2004
-7.3924 78.1742 -27.2416 29.8878 1650400912088 2293077.5000 -0.2004
-7.3295 78.4254 -26.1371 35.5318 1650400912117 2293106.5000 -0.2004
-7.6640 78.1623 -25.4039 31.4915 1650400912146 2293135.5000 -0.2004
-7.5531 78.4696 -24.6509 36.9748 1650400912175 2293164.5000 -0.2004
-7.5857 78.3444 -23.9978 23.9195 1650400912205 2293193.5000 -0.2005
-7.5197 78.3870 -23.5458 26.6804 1650400912233 2293224.0000 -0.2009
-7.4278 78.5214 -23.2411 33.7434 1650400912262 2293252.0000 -0.2009
-7.5626 78.5084 -23.5978 29.9615 1650400912291 2293280.5000 -0.2009
-7.5684 78.8508 -23.2987 23.1732 1650400912320 2293309.5000 -0.2009
-7.6264 78.7754 -23.5362 26.1597 1650400912349 2293338.5000 -0.2009
-7.9359 78.7827 -23.9019 24.9328 1650400912378 2293367.5000 -0.2009
-8.1649 78.5077 -24.6586 37.6945 1650400912407 2293396.5000 -0.2009
-7.7038 78.7250 -24.9134 28.4707 1650400912436 2293425.2500 -0.2009
-7.7197 78.9867 -25.3624 29.1251 1650400912465 2293454.2500 -0.2005
-8.0433 78.6876 -26.4545 26.3775 1650400912493 2293486.2500 -0.2004
-7.5178 79.2024 -27.0757 43.0297 1650400912523 2293513.2500 -0.2004
-8.2966 78.7360 -28.2753 31.3198 1650400912552 2293541.0000 -0.2004
-7.5479 78.6365 -29.2245 34.9223 1650400912581 2293572.7500 -0.2000
-8.1829 78.6756 -30.0138 28.4225 1650400912610 2293599.0000 -0.1999
-7.6880 79.2159 -30.4936 26.8881 1650400912639 2293628.0000 -0.2002
-8.0073 78.6017 -31.3671 28.9935 1650400912668 2293657.0000 -0.2004
-7.6894 78.5465 -32.1781 31.0941 1650400912697 2293686.0000 -0.2004
-7.8048 78.6556 -32.3824 37.0011 1650400912726 2293715.0000 -0.2004
-8.0783 78.6737 -32.8453 28.5774 1650400912755 2293744.0000 -0.2004
-7.6769 78.3652 -33.2856 22.6781 1650400912784 2293773.0000 -0.2004
-7.8529 78.5456 -32.9873 29.8161 1650400912812 2293802.0000 -0.2004
-7.7189 78.7249 -32.8448 25.0724 1650400912841 2293830.7500 -0.2004
-7.7431 78.7152 -32.2625 30.6427 1650400912870 2293859.7500 -0.2005
-7.7253 78.4181 -32.1224 33.2276 1650400912899 2293888.7500 -0.2009
-7.5022 78.4272 -31.8092 35.1696 1650400912928 2293917.7500 -0.2009
-7.4420 78.1237 -31.2627 38.0885 1650400912957 2293946.5000 -0.2009
-7.6836 78.5078 -30.2709 46.7159 1650400912987 2293975.5000 -0.2009
-7.3927 77.9669 -29.8861 28.8471 1650400913016 2294006.0000 -0.2009
-7.4098 78.2264 -28.7580 43.4279 1650400913045 2294034.7500 -0.2009
-7.6455 78.2751 -27.8236 31.7629 1650400913073 2294062.5000 -0.2009
-7.6353 78.5662 -26.6540 31.9046 1650400913103 2294091.5000 -0.2010
-7.7959 78.1555 -26.1436 24.5037 1650400913131 2294120.5000 -0.2013
-7.5799 78.4760 -25.1855 30.6665 1650400913160 2294149.5000 -0.2013
-7.3804 78.4496 -24.6741 36.9640 1650400913189 2294178.5000 -0.2013
-7.4541 78.4911 -24.0383 29.6776 1650400913218 2294207.5000 -0.2013
-7.6961 78.4809 -23.5175 34.7897 1650400913247 2294238.0000 -0.2013
-7.4541 78.7209 -23.1680 32.6242 1650400913276 2294268.0000 -0.2013
-7.5246 78.6589 -23.4387 35.2834 1650400913305 2294294.5000 -0.2010
-7.4750 78.8622 -23.2682 33.8872 1650400913334 2294323.5000 -0.2009
-7.6752 79.0199 -23.5921 29.9986 1650400913364 2294353.7500 -0.2009
-7.6225 78.8621 -24.1297 36.2523 1650400913392 2294381.5000 -0.2009
-8.2261 78.5658 -24.5411 26.5153 1650400913421 2294410.5000 -0.2005
-7.8538 79.0651 -25.1315 37.8311 1650400913450 2294439.5000 -0.2004
-7.9890 78.9657 -25.7877 38.4756 1650400913479 2294468.5000 -0.2004
-7.6521 78.8832 -26.8444 35.9204 1650400913508 2294497.5000 -0.2004
-7.6987 79.0433 -27.3288 33.6705 1650400913537 2294526.2500 -0.2004
-7.8657 78.7715 -28.4357 31.4922 1650400913566 2294555.2500 -0.2004
-7.7490 78.8093 -29.1229 28.4080 1650400913595 2294584.2500 -0.2004
-7.9163 78.7938 -30.2096 27.5672 1650400913624 2294612.7500 -0.2004
-7.6947 79.1729 -30.6871 32.1591 1650400913652 2294642.0000 -0.2004
-7.9930 78.6733 -31.5547 25.7936 1650400913682 2294671.0000 -0.2004
-7.7819 78.8152 -32.1547 28.9412 1650400913710 2294700.0000 -0.2004
-7.9446 78.8021 -32.4998 36.4326 1650400913740 2294729.0000 -0.2004
-7.8481 78.5771 -33.2000 31.4147 1650400913769 2294758.0000 -0.2005
-7.9971 78.4591 -33.4414 26.5657 1650400913798 2294788.0000 -0.2009
-7.7534 78.7163 -32.8402 25.3212 1650400913827 2294816.0000 -0.2009
-7.8222 78.8447 -32.7801 28.9202 1650400913856 2294845.0000 -0.2009
-7.9244 78.7370 -32.2345 31.9296 1650400913885 2294874.0000 -0.2009
-7.3429 78.4277 -31.7345 36.9366 1650400913914 2294903.0000 -0.2009
-7.1904 78.3720 -31.5282 38.6832 1650400913943 2294931.7500 -0.2009
-7.4799 78.3925 -30.6830 27.6190 1650400913971 2294960.7500 -0.2009
-7.5297 78.2859 -29.9618 44.5047 1650400914000 2294989.7500 -0.2009
-7.4400 78.1096 -29.6517 31.5422 1650400914029 2295019.7500 -0.2009
-7.3886 78.2210 -28.7250 33.7247 1650400914058 2295048.7500 -0.2009
-7.3140 78.3242 -27.6979 32.4486 1650400914087 2295076.5000 -0.2009
-7.3663 78.5123 -26.6713 38.2967 1650400914116 2295106.7500 -0.2009
-7.6383 78.2726 -25.8600 29.0551 1650400914146 2295134.5000 -0.2009
-7.5969 78.4894 -25.0044 32.0113 1650400914175 2295163.5000 -0.2009
-7.3764 78.3352 -24.9032 31.7629 1650400914204 2295192.5000 -0.2009
-7.6769 78.6464 -23.9941 29.3048 1650400914232 2295221.5000 -0.2009
-7.1075 78.4530 -23.7120 30.3195 1650400914262 2295250.5000 -0.2009
-7.2558 78.5881 -23.5567 36.0577 1650400914290 2295279.5000 -0.2009
-7.6431 78.6596 -23.4828 34.7202 1650400914319 2295308.5000 -0.2005
-7.5785 78.9788 -23.6131 28.0081 1650400914348 2295337.5000 -0.2004
-7.6718 79.1400 -23.5349 25.5587 1650400914377 2295366.5000 -0.2004
-7.7496 78.6521 -24.4419 35.0718 1650400914406 2295395.5000 -0.2004
-7.7991 78.9050 -24.5096 38.2137 1650400914435 2295424.5000 -0.2004
-7.6098 78.7940 -25.3719 31.9208 1650400914464 2295453.5000 -0.2004
-7.9276 78.9099 -25.7460 35.9398 1650400914493 2295482.5000 -0.2004
-7.8077 78.9984 -26.9932 28.9822 1650400914522 2295512.7500 -0.2004
-8.0560 78.7314 -27.6551 25.4540 1650400914551 2295541.7500 -0.2004
-7.7705 78.7856 -28.9229 29.7587 1650400914581 2295569.0000 -0.2009
-8.1180 78.7657 -29.4202 35.5007 1650400914609 2295598.5000 -0.2009
-7.8003 79.1086 -30.2867 25.2874 1650400914638 2295627.2500 -0.2009
-7.9929 78.7829 -30.9265 34.9719 1650400914667 2295656.2500 -0.2009
-7.9316 78.6043 -32.1297 22.5246 1650400914696 2295685.2500 -0.2013
-7.5274 78.7313 -32.3278 38.4006 1650400914725 2295714.2500 -0.2013
-8.1937 78.7541 -32.6297 34.2393 1650400914754 2295743.0000 -0.2013
-7.7216 78.5263 -33.2222 25.9181 1650400914783 2295772.0000 -0.2013
-7.7862 78.6969 -33.1673 24.0586 1650400914812 2295805.2500 -0.2013
-8.2128 78.7695 -33.1953 25.4060 1650400914841 2295829.7500 -0.2013
-7.7401 78.4901 -32.7720 32.4037 1650400914869 2295859.0000 -0.2013
-8.0150 78.7873 -32.1223 32.8907 1650400914898 2295889.0000 -0.2013
-7.3830 78.4827 -31.6903 31.9517 1650400914928 2295917.0000 -0.2009
-7.4008 78.2740 -31.5154 30.3502 1650400914957 2295946.0000 -0.2009
-7.5772 78.3755 -30.5935 39.2568 1650400914986 2295975.0000 -0.2009
-7.4006 78.0718 -29.8866 36.9177 1650400915015 2296004.0000 -0.2009
-7.4679 78.0900 -29.0679 35.1550 1650400915044 2296033.0000 -0.2009
-7.6485 78.6132 -28.1116 33.6356 1650400915073 2296061.7500 -0.2009
-7.6943 78.5738 -27.1461 35.8257 1650400915102 2296090.7500 -0.2005
-7.5105 78.7473 -26.3291 31.5610 1650400915130 2296119.7500 -0.2004
-7.5884 78.0627 -25.7719 30.5642 1650400915160 2296148.5000 -0.2004
-7.5824 78.6382 -24.8985 34.1700 1650400915188 2296177.5000 -0.2004
-7.5672 78.4547 -24.6107 27.8402 1650400915217 2296206.5000 -0.2004
-7.4950 78.4696 -23.5593 35.7072 1650400915246 2296235.5000 -0.2004
-7.7288 78.6758 -23.4891 37.5270 1650400915276 2296264.5000 -0.2004
-7.3229 78.7281 -23.5994 38.6576 1650400915305 2296293.5000 -0.2004
-7.6977 78.8241 -23.5394 29.7945 1650400915334 2296325.2500 -0.2004
-7.6443 78.9290 -23.3976 45.2954 1650400915363 2296351.0000 -0.2004
-7.8780 79.1082 -23.9380 43.6079 1650400915392 2296380.5000 -0.2004
-7.9462 78.8172 -24.3357 37.4023 1650400915421 2296409.5000 -0.2004
-7.9817 78.9396 -25.0449 38.3018 1650400915449 2296439.7500 -0.2004
-7.6525 79.1679 -25.4958 33.9854 1650400915478 2296467.5000 -0.2009
-7.9390 78.6639 -26.4815 41.1070 1650400915507 2296496.5000 -0.2009
-7.3399 78.8819 -27.2829 32.9767 1650400915536 2296525.5000 -0.2009
-8.0104 78.7071 -28.1246 34.0511 1650400915565 2296554.2500 -0.2009
-7.6831 79.1303 -28.7659 38.6568 1650400915594 2296584.7500 -0.2009
-7.9934 78.6498 -29.8660 30.2678 1650400915623 2296612.5000 -0.2009
-7.6749 79.1312 -30.4913 37.9009 1650400915652 2296643.0000 -0.2009
-8.0422 78.6254 -31.2211 37.2837 1650400915682 2296670.0000 -0.2009
-7.6382 78.6887 -32.1842 31.1305 1650400915710 2296699.5000 -0.2009
-7.6689 78.8006 -32.6361 36.6284 1650400915740 2296728.5000 -0.2009
-8.1382 78.7100 -32.7893 31.6380 1650400915768 2296757.2500 -0.2009
-8.0175 78.2579 -33.5464 21.9220 1650400915797 2296786.2500 -0.2009
-7.8707 78.5813 -33.2932 31.2098 1650400915826 2296815.2500 -0.2009
-7.9495 78.8115 -33.0889 29.3035 1650400915855 2296844.0000 -0.2009
-7.9876 78.5297 -32.4791 26.3084 1650400915884 2296873.0000 -0.2009
-7.6376 78.6393 -32.3841 32.3545 1650400915913 2296902.0000 -0.2009
-7.6389 78.7141 -31.9087 36.9929 1650400915942 2296931.0000 -0.2005
-7.4686 78.4276 -31.2602 31.8269 1650400915971 2296960.0000 -0.2004
-7.6128 78.4266 -30.5961 39.6660 1650400916000 2296989.0000 -0.2004
-7.4615 78.4358 -29.5853 32.1060 1650400916028 2297018.0000 -0.2004
-7.5863 78.3615 -28.8717 33.2657 1650400916058 2297047.0000 -0.2004
-7.3664 78.2481 -27.9895 36.9607 1650400916087 2297077.2500 -0.2004
-7.5175 78.3653 -27.0605 24.8619 1650400916116 2297107.5000 -0.2004
-7.5230 78.5048 -26.0665 31.1058 1650400916145 2297134.0000 -0.2004
-7.6645 78.7107 -25.2219 38.7714 1650400916174 2297162.7500 -0.2004
-7.4838 78.5777 -24.9520 38.9173 1650400916203 2297191.7500 -0.2004
-7.5611 78.7938 -24.0938 27.8772 1650400916232 2297220.7500 -0.2004
-7.2701 78.2962 -23.8872 30.8399 1650400916261 2297249.7500 -0.2004
-7.3406 78.8323 -23.2141 37.4935 1650400916290 2297278.5000 -0.2007
-7.4516 78.9952 -23.3560 37.0296 1650400916319 2297307.5000 -0.2009
-7.5699 78.9459 -23.3318 29.3628 1650400916347 2297339.5000 -0.2009
-7.4293 79.1405 -23.4333 32.5589 1650400916376 2297365.0000 -0.2009
-7.3325 78.7762 -24.1671 42.4454 1650400916405 2297394.5000 -0.2007
-7.8736 78.8437 -24.3924 37.7761 1650400916434 2297424.7500 -0.2011
-7.8851 79.0853 -25.2101 26.0429 1650400916463 2297452.5000 -0.2013
-7.7787 78.8357 -25.7432 37.3089 1650400916493 2297481.5000 -0.2013
-7.9512 78.8459 -26.6362 34.5668 1650400916522 2297510.5000 -0.2013
-7.6850 79.0139 -27.3972 34.0317 1650400916551 2297539.5000 -0.2013
-7.8688 78.6915 -28.4711 33.3469 1650400916580 2297568.5000 -0.2013
-7.7711 78.9286 -29.2434 33.4977 1650400916608 2297597.5000 -0.2009
-7.7742 78.7538 -30.1771 25.9033 1650400916638 2297626.5000 -0.2009
-7.9416 78.7691 -30.8199 28.2582 1650400916666 2297655.5000 -0.2009
-7.9503 78.6347 -31.8523 29.8774 1650400916695 2297684.5000 -0.2009
-7.9137 78.8380 -32.0673 41.5277 1650400916724 2297713.5000 -0.2009
-7.9004 78.8352 -32.4270 34.9364 1650400916753 2297742.5000 -0.2009
-7.8993 78.4652 -33.1509 36.1577 1650400916782 2297771.5000 -0.2005
-7.7141 78.2797 -33.3505 32.3030 1650400916811 2297800.5000 -0.2004
-7.8187 78.4588 -33.1940 29.6551 1650400916840 2297829.5000 -0.2004
-7.6569 78.5953 -33.1544 27.7997 1650400916870 2297861.0000 -0.2004
-7.6869 78.6418 -32.7576 29.5749 1650400916899 2297886.7500 -0.2004
-7.6403 78.6376 -32.1571 30.6482 1650400916927 2297916.2500 -0.2004
-7.4510 78.5983 -31.6240 36.1821 1650400916956 2297945.2500 -0.2004
-7.6146 78.3402 -30.8136 31.6146 1650400916985 2297974.0000 -0.2004
-7.6804 78.4755 -30.4051 38.5392 1650400917014 2298003.0000 -0.2004
-7.3881 78.4323 -29.6654 27.6053 1650400917043 2298032.0000 -0.2004
-7.7759 78.6543 -28.4008 36.8312 1650400917072 2298061.0000 -0.2004
-7.3673 78.3247 -27.5969 43.8766 1650400917101 2298091.5000 -0.2004
-7.6847 78.7612 -26.5725 39.9389 1650400917130 2298121.5000 -0.2004
-7.6903 78.2467 -26.0214 29.3096 1650400917159 2298148.0000 -0.2004
-7.5625 78.7661 -24.9357 39.7582 1650400917187 2298178.5000 -0.2005
-7.8523 78.6066 -24.5233 33.1233 1650400917217 2298205.7500 -0.2009
-7.3520 78.5956 -23.9225 26.9708 1650400917246 2298235.0000 -0.2009
-7.1204 78.2587 -23.6988 29.5716 1650400917275 2298264.0000 -0.2009
-7.3722 78.8429 -23.3651 44.9765 1650400917304 2298292.7500 -0.2009
-7.3116 78.9446 -23.2238 39.1083 1650400917333 2298321.7500 -0.2009
-7.3036 79.0891 -23.2755 33.1974 1650400917362 2298350.7500 -0.2009
-7.6346 79.0043 -23.6416 38.9756 1650400917391 2298379.5000 -0.2009
-7.8230 78.6759 -24.2130 33.6216 1650400917420 2298408.5000 -0.2009
-8.1244 78.8635 -24.7736 31.2688 1650400917449 2298437.5000 -0.2009
-7.7054 79.2389 -25.2142 44.4205 1650400917478 2298466.5000 -0.2009
-8.1606 78.8568 -26.2796 35.1856 1650400917506 2298495.5000 -0.2009
-7.7665 79.1161 -26.8252 40.3438 1650400917535 2298524.5000 -0.2009
-7.9063 78.6272 -27.7977 35.6926 1650400917564 2298553.5000 -0.2009
-7.7709 79.0198 -28.6894 48.5792 1650400917593 2298582.5000 -0.2009
-7.8061 78.4248 -29.6968 33.0914 1650400917622 2298613.0000 -0.2005
-7.8538 78.8332 -30.4786 31.2972 1650400917652 2298642.7500 -0.2004
-7.8868 78.6967 -31.1184 33.1603 1650400917681 2298669.5000 -0.2004
-8.0102 78.7354 -31.9067 27.6332 1650400917710 2298698.5000 -0.2004
-7.9124 79.0478 -32.3097 33.7537 1650400917739 2298727.5000 -0.2004
-8.0474 78.8387 -32.7005 37.7196 1650400917767 2298756.5000 -0.2004
-7.9460 78.7392 -33.0761 26.2226 1650400917797 2298785.5000 -0.2004
-7.7425 78.4289 -33.2015 28.0732 1650400917825 2298814.5000 -0.2004
-8.0973 78.9615 -32.9200 29.8303 1650400917854 2298843.5000 -0.2004
-7.6979 78.3139 -33.2488 29.3947 1650400917883 2298873.7500 -0.2004
-7.9492 78.8970 -32.2843 28.1403 1650400917912 2298902.2500 -0.2004
-7.5424 78.8354 -32.0199 33.9129 1650400917941 2298930.5000 -0.2004
-7.5216 78.7056 -31.4673 31.6357 1650400917970 2298962.2500 -0.2005
-7.5549 78.4056 -30.6605 37.6157 1650400917999 2298988.2500 -0.2009
-7.4344 78.3141 -30.1611 32.6547 1650400918029 2299017.2500 -0.2009
-7.5211 78.2806 -29.1032 35.9384 1650400918058 2299046.2500 -0.2009
-7.6113 78.6143 -28.2071 40.5590 1650400918086 2299075.0000 -0.2010
-7.4095 78.3246 -27.3718 49.8716 1650400918116 2299104.0000 -0.2013
-7.5158 78.4652 -26.4039 34.3948 1650400918144 2299133.0000 -0.2013
-7.6727 78.3372 -25.3296 33.7167 1650400918173 2299162.0000 -0.2013
-7.6297 78.6014 -24.7995 39.9535 1650400918202 2299191.0000 -0.2013
-7.6354 78.4002 -24.0675 27.5816 1650400918231 2299220.0000 -0.2013
-7.4513 78.4965 -23.5828 28.1819 1650400918260 2299249.0000 -0.2013
-7.4283 78.6863 -23.3715 34.2368 1650400918289 2299278.0000 -0.2013
-7.4308 78.9126 -23.2826 28.2323 1650400918318 2299307.0000 -0.2013
-7.5218 78.9714 -23.2454 24.5870 1650400918346 2299336.0000 -0.2013
-7.5399 79.3552 -23.2381 34.4443 1650400918376 2299365.0000 -0.2013
-7.1405 78.9425 -23.5767 31.2200 1650400918405 2299393.2500 -0.2010
-8.0262 78.9523 -24.2794 34.8595 1650400918434 2299424.0000 -0.2009
-8.0266 78.9911 -24.9619 30.9915 1650400918463 2299451.7500 -0.2009
-7.7868 79.0947 -25.4750 38.6808 1650400918492 2299480.7500 -0.2009
-8.1290 78.4654 -26.4886 41.2357 1650400918521 2299509.5000 -0.2009
-7.4170 78.8855 -27.2345 41.4669 1650400918550 2299538.5000 -0.2009
-8.1004 78.5480 -28.1208 34.8452 1650400918579 2299567.5000 -0.2005
-7.4031 78.8792 -29.1068 28.7058 1650400918608 2299596.5000 -0.2004
-8.0390 78.7454 -29.8845 30.8599 1650400918637 2299625.5000 -0.2005
-7.9620 78.9259 -30.7709 31.3764 1650400918665 2299655.7500 -0.2009
-7.8853 78.7557 -31.1675 34.4371 1650400918695 2299683.5000 -0.2005
-7.9926 78.9285 -31.9811 27.1694 1650400918723 2299712.5000 -0.2004
-7.8191 78.6344 -32.7468 31.6075 1650400918752 2299742.7500 -0.2005
-8.0117 78.8622 -32.7689 35.9309 1650400918781 2299770.5000 -0.2009
-7.7339 78.3596 -33.3385 29.4448 1650400918811 2299799.5000 -0.2009
-7.9495 78.4401 -33.3910 33.1830 1650400918840 2299828.5000 -0.2009
-7.7203 78.5424 -33.0524 34.9372 1650400918869 2299857.5000 -0.2009
-7.6908 78.5626 -32.9535 26.7864 1650400918898 2299886.5000 -0.2009
-7.7267 78.6447 -32.5061 24.5628 1650400918927 2299915.5000 -0.2009
-7.4282 78.8117 -31.8648 30.0377 1650400918956 2299944.5000 -0.2012
-7.2835 78.4695 -31.2603 27.7672 1650400918984 2299973.5000 -0.2012
-7.4609 78.4544 -30.6101 34.8660 1650400919013 2300002.5000 -0.2009
-7.3956 78.1972 -29.9147 38.4571 1650400919042 2300031.5000 -0.2009
-7.4749 78.2688 -28.8480 33.8297 1650400919071 2300060.5000 -0.2012
-7.6086 78.2716 -27.9676 32.9269 1650400919100 2300089.2500 -0.2013
-7.4592 78.3318 -26.9867 31.0311 1650400919129 2300118.2500 -0.2010
-7.3539 78.4404 -26.0627 30.9496 1650400919158 2300147.2500 -0.2009
-7.4007 78.4584 -25.0119 34.6063 1650400919188 2300177.0000 -0.2009
-7.3298 78.5004 -24.6943 40.1825 1650400919217 2300205.0000 -0.2009
-7.6835 78.2317 -24.1646 25.1252 1650400919245 2300234.0000 -0.2009
-7.4603 78.5991 -23.5870 28.0557 1650400919275 2300263.0000 -0.2009
-7.5059 78.9004 -23.2105 42.5893 1650400919303 2300292.0000 -0.2005
-7.5203 78.9653 -23.2126 36.9835 1650400919332 2300321.0000 -0.2004
-7.5292 78.8794 -23.3332 31.3741 1650400919361 2300350.0000 -0.2004
-7.6262 79.1141 -23.4961 39.1256 1650400919390 2300379.0000 -0.2004
-7.6651 78.8980 -23.8394 29.8010 1650400919419 2300409.2500 -0.2004
-7.9074 78.7717 -24.5338 37.5356 1650400919448 2300439.5000 -0.2004
-7.9409 79.1000 -25.1445 34.3508 1650400919477 2300466.0000 -0.2000
-7.7430 78.8675 -25.8264 48.0012 1650400919506 2300494.5000 -0.1999
-7.9185 78.5309 -26.5550 29.2707 1650400919535 2300523.7500 -0.2000
-7.8080 78.7254 -27.6208 38.2789 1650400919564 2300552.7500 -0.2004
-7.6482 78.5103 -28.6499 35.5838 1650400919593 2300581.7500 -0.2004
-7.5274 78.6525 -29.3309 34.9028 1650400919622 2300610.5000 -0.2004
-7.7327 78.6107 -30.3404 31.2254 1650400919651 2300639.5000 -0.2004
-7.6615 78.8697 -31.1437 43.7631 1650400919680 2300668.2500 -0.2004
-8.0172 78.8494 -31.4041 31.7850 1650400919709 2300697.5000 -0.2004
-7.6625 78.7654 -32.3607 31.2399 1650400919738 2300726.5000 -0.2004
-8.0291 78.8947 -32.6110 35.1249 1650400919767 2300755.5000 -0.2004
-7.8514 78.6569 -33.2349 34.8657 1650400919796 2300784.5000 -0.2009
-7.9306 78.5051 -33.4475 32.7033 1650400919824 2300813.5000 -0.2009
-7.8098 78.6127 -33.2595 33.8593 1650400919854 2300842.5000 -0.2009
-7.9109 78.7635 -32.9550 24.9224 1650400919882 2300871.5000 -0.2009
-7.9433 78.8779 -32.6074 26.4325 1650400919911 2300900.5000 -0.2009
-7.7528 78.6311 -32.0378 32.7863 1650400919940 2300930.7500 -0.2009
-7.5188 78.6949 -31.6758 30.1936 1650400919970 2300959.7500 -0.2009
-7.6094 78.1700 -30.9766 31.8380 1650400919999 2300987.5000 -0.2009
-7.6439 78.4343 -30.4318 39.5155 1650400920028 2301016.5000 -0.2012
-7.2941 78.0823 -29.6542 29.0098 1650400920057 2301045.5000 -0.2013
-7.4021 78.1740 -28.7878 33.2615 1650400920086 2301074.5000 -0.2013
-7.5508 78.1793 -27.5838 29.5033 1650400920115 2301103.5000 -0.2013
-7.4757 78.2326 -26.8062 34.9966 1650400920143 2301132.5000 -0.2010
-7.6746 78.2656 -25.9438 29.0558 1650400920173 2301161.5000 -0.2009
-7.6442 78.4321 -24.9310 34.1131 1650400920201 2301191.2500 -0.2005
-7.4411 78.3242 -24.8611 33.5071 1650400920230 2301218.7500 -0.2004
-7.5091 78.3477 -23.7674 36.4344 1650400920259 2301248.2500 -0.2007
-7.2735 78.3210 -23.7700 32.8510 1650400920288 2301280.0000 -0.2009
-7.1579 78.6623 -23.3522 30.3382 1650400920317 2301306.0000 -0.2005
-7.4786 78.8765 -23.2568 25.3483 1650400920346 2301335.0000 -0.2004
-7.3829 78.8673 -23.1010 35.8324 1650400920376 2301364.0000 -0.2004
-7.6848 79.1304 -23.4688 38.0944 1650400920404 2301393.0000 -0.2004
-7.6483 78.5715 -24.0821 34.7387 1650400920434 2301422.0000 -0.2004
-8.1363 78.6403 -24.6854 24.1924 1650400920462 2301451.0000 -0.2004
-7.5274 78.9735 -25.4194 34.2247 1650400920491 2301480.0000 -0.2007
-7.9158 78.7723 -25.8851 34.8941 1650400920520 2301509.0000 -0.2009
-7.5622 78.6347 -27.1264 37.3557 1650400920549 2301538.0000 -0.2009
-7.9045 78.6464 -27.8043 47.8222 1650400920578 2301567.0000 -0.2009
-7.8293 78.8648 -28.8397 29.6437 1650400920607 2301596.0000 -0.2012
-8.0071 78.5808 -29.4789 34.4998 1650400920636 2301624.7500 -0.2013
-7.7515 78.9648 -30.4366 30.8712 1650400920665 2301653.7500 -0.2013
-7.7791 78.6155 -31.2797 39.5722 1650400920694 2301682.7500 -0.2013
-8.1122 79.0536 -31.8678 27.7323 1650400920723 2301716.0000 -0.2013
-7.6823 78.7546 -32.5466 31.2529 1650400920753 2301740.2500 -0.2013
-7.7682 78.6209 -32.8713 33.5034 1650400920781 2301769.5000 -0.2013
-7.9509 78.4723 -33.5508 33.5741 1650400920810 2301798.5000 -0.2013
-7.7847 78.5331 -33.2509 24.7042 1650400920839 2301827.5000 -0.2013
-7.9630 78.6552 -33.0629 28.4604 1650400920868 2301856.5000 -0.2013
-7.7921 78.7220 -32.7160 32.1271 1650400920897 2301885.5000 -0.2013
-7.6805 78.6268 -32.3896 25.1384 1650400920926 2301914.5000 -0.2013
-7.5099 78.6131 -31.9828 35.1112 1650400920955 2301944.7500 -0.2013
-7.4176 78.5642 -31.4754 31.7805 1650400920984 2301973.7500 -0.2013
-7.4970 78.3434 -30.7820 36.1297 1650400921013 2302001.5000 -0.2013
-7.3918 78.2282 -30.0810 37.7015 1650400921041 2302031.7500 -0.2013
-7.6986 77.8584 -29.3568 32.4503 1650400921070 2302059.0000 -0.2013
-7.4134 78.3346 -27.9641 43.9593 1650400921099 2302088.5000 -0.2010
-7.8251 78.0937 -27.4025 27.7213 1650400921129 2302117.5000 -0.2009
-7.4918 78.6088 -26.3141 28.5688 1650400921158 2302146.5000 -0.2009
-7.2498 78.1667 -25.6829 27.9511 1650400921187 2302175.5000 -0.2009
-7.4280 78.5684 -24.6978 34.0655 1650400921216 2302204.5000 -0.2009
-7.4537 78.6974 -24.3190 22.6930 1650400921245 2302233.5000 -0.2009
-7.3250 78.4084 -23.5830 34.9486 1650400921274 2302262.5000 -0.2009
-7.5310 78.4911 -23.3582 34.4868 1650400921302 2302291.5000 -0.2009
-7.1245 78.6237 -23.3543 34.4429 1650400921332 2302320.2500 -0.2009
-7.2297 78.9886 -23.0531 32.0581 1650400921360 2302349.2500 -0.2009
-7.6412 78.9252 -23.3546 31.6964 1650400921389 2302378.2500 -0.2012
-7.4256 79.0507 -23.4303 29.7275 1650400921418 2302407.2500 -0.2013
-7.8223 78.6336 -24.2283 29.8472 1650400921447 2302436.2500 -0.2013
-7.8122 78.8555 -24.9970 31.5248 1650400921476 2302466.2500 -0.2013
-7.6133 79.0213 -25.4616 37.3170 1650400921505 2302496.5000 -0.2013
-8.0896 78.5773 -26.3185 32.9855 1650400921535 2302523.0000 -0.2013
-7.5085 78.7460 -27.3420 44.0370 1650400921564 2302552.0000 -0.2013
-8.2133 78.5728 -28.0891 31.8637 1650400921593 2302581.0000 -0.2013
-7.9568 79.0455 -29.0029 32.5183 1650400921621 2302610.0000 -0.2013
-7.9983 78.7237 -29.7834 27.2768 1650400921651 2302639.0000 -0.2013
-7.8997 79.0641 -30.6052 32.6444 1650400921679 2302668.0000 -0.2013
-8.0444 78.8372 -31.0995 42.5163 1650400921708 2302697.0000 -0.2018
-8.0306 78.9474 -32.0455 22.7512 1650400921737 2302728.5000 -0.2018
-7.9869 78.9827 -32.3751 27.5682 1650400921766 2302756.0000 -0.2015
-8.0752 78.9385 -32.7471 33.3731 1650400921795 2302783.7500 -0.2013
-7.8737 78.7116 -33.1015 26.9507 1650400921824 2302813.7500 -0.2013
-7.5973 78.3795 -33.1067 25.7653 1650400921853 2302841.5000 -0.2013
-7.8550 78.7078 -33.0209 26.6182 1650400921882 2302870.5000 -0.2013
-7.7518 78.6670 -32.7574 27.7698 1650400921911 2302899.5000 -0.2013
-7.7982 78.5377 -32.2829 35.6502 1650400921940 2302928.5000 -0.2010
-7.4358 78.4862 -31.6869 27.1617 1650400921969 2302957.5000 -0.2009
-7.3540 78.2894 -31.2592 28.3290 1650400921998 2302986.5000 -0.2009
-7.5690 78.2051 -30.7229 38.6433 1650400922027 2303015.5000 -0.2009
-7.4527 78.1368 -30.0232 29.3317 1650400922056 2303044.5000 -0.2009
-7.3703 78.1195 -28.7911 39.6538 1650400922085 2303073.5000 -0.2009
-7.5274 78.1203 -28.0498 31.6987 1650400922114 2303102.5000 -0.2005
-7.3887 78.2839 -27.0446 39.6412 1650400922143 2303131.5000 -0.2004
-7.6280 78.0849 -26.2977 25.9650 1650400922172 2303160.5000 -0.2007
-7.4677 78.2899 -25.1666 31.6755 1650400922200 2303189.5000 -0.2009
-7.2330 78.3066 -25.0867 36.3581 1650400922230 2303218.5000 -0.2009
-7.2923 78.0476 -24.3197 30.8612 1650400922258 2303248.5000 -0.2013
-7.3037 78.1451 -23.8302 28.5673 1650400922288 2303276.0000 -0.2013
-7.2801 78.8912 -23.4205 37.1905 1650400922317 2303305.5000 -0.2013
-7.2073 78.6515 -23.4991 31.1769 1650400922346 2303334.5000 -0.2013
-7.5912 78.7120 -23.4481 29.8196 1650400922375 2303363.5000 -0.2013
-7.2297 79.0552 -23.2456 27.2852 1650400922404 2303392.5000 -0.2013
-7.5140 78.7469 -24.2300 33.8904 1650400922433 2303421.2500 -0.2013
-8.1016 78.7093 -24.5309 29.1211 1650400922462 2303450.2500 -0.2013
-7.7979 78.7981 -25.1079 37.6852 1650400922491 2303480.7500 -0.2013
-7.7879 78.7280 -25.7453 39.4677 1650400922519 2303510.7500 -0.2013
-7.9415 78.7044 -26.6472 36.6340 1650400922548 2303537.0000 -0.2013
-7.4186 78.8309 -27.4899 30.0466 1650400922577 2303567.5000 -0.2013
-7.6974 78.6201 -28.5371 28.5156 1650400922606 2303596.2500 -0.2013
-7.7352 78.9979 -29.2007 42.1948 1650400922635 2303624.0000 -0.2013
-7.9637 78.8617 -30.1042 28.2814 1650400922664 2303653.0000 -0.2013
-7.7304 78.8606 -31.0302 27.3659 1650400922694 2303682.0000 -0.2013
-7.9751 78.5418 -31.7996 33.1927 1650400922723 2303711.0000 -0.2010
-7.4314 78.7967 -32.0998 28.3491 1650400922752 2303740.0000 -0.2009
-8.0310 78.9273 -32.4538 30.9088 1650400922780 2303769.0000 -0.2009
-8.1851 78.6907 -32.9436 31.6848 1650400922810 2303798.0000 -0.2009
-7.7257 78.3522 -33.3888 32.3129 1650400922838 2303827.0000 -0.2009
-7.5746 78.6448 -33.0732 23.3384 1650400922867 2303855.7500 -0.2009
-7.7790 78.5899 -33.2109 27.8674 1650400922896 2303884.7500 -0.2005
-7.7492 78.7438 -32.3528 26.7722 1650400922925 2303913.7500 -0.2004
-7.5931 78.6229 -32.0873 25.5075 1650400922954 2303942.5000 -0.2005
-7.3913 78.4449 -31.6330 34.1397 1650400922983 2303971.5000 -0.2009
-7.3986 78.1510 -30.9645 22.2252 1650400923012 2304002.2500 -0.2005
-7.2932 77.9692 -30.3649 38.8984 1650400923041 2304032.0000 -0.2004
-7.4966 78.0388 -29.6478 33.2895 1650400923070 2304058.5000 -0.2005
-7.4277 78.2559 -28.7219 34.7785 1650400923099 2304087.5000 -0.2009
-7.5797 77.9772 -27.7579 26.5882 1650400923128 2304116.5000 -0.2009
-7.5424 78.4250 -26.5375 43.1347 1650400923157 2304145.5000 -0.2009
-7.7787 77.9745 -26.1645 23.2656 1650400923186 2304174.5000 -0.2009
-7.4718 78.4430 -24.9716 37.9726 1650400923215 2304203.5000 -0.2009
-7.1956 78.0826 -24.8941 29.8344 1650400923244 2304232.5000 -0.2009
-7.4236 78.6901 -24.0048 27.4141 1650400923273 2304262.7500 -0.2013
-7.4078 78.4429 -23.6709 36.1534 1650400923302 2304291.7500 -0.2013
-7.0439 78.5118 -23.4077 33.8833 1650400923331 2304319.5000 -0.2013
-7.4661 78.6699 -23.4893 26.9905 1650400923359 2304351.2500 -0.2013
-7.3664 78.9852 -23.1203 35.8718 1650400923389 2304377.5000 -0.2013
-7.6243 79.2151 -23.5417 33.3362 1650400923417 2304406.5000 -0.2013
-7.5772 78.5524 -23.9854 32.9208 1650400923447 2304435.5000 -0.2013
-7.9850 78.6478 -24.5737 39.4117 1650400923476 2304464.5000 -0.2013
-7.6428 78.9036 -25.0919 43.5925 1650400923505 2304493.5000 -0.2010
-7.8407 78.8260 -25.8921 42.0416 1650400923534 2304522.5000 -0.2009
-7.7332 78.8051 -26.9732 34.3866 1650400923563 2304551.2500 -0.2009
-7.9635 78.8779 -27.6573 39.8264 1650400923592 2304580.2500 -0.2009
-7.5254 78.8308 -28.8896 26.5472 1650400923621 2304609.2500 -0.2007
-7.6869 78.5505 -29.4885 30.1047 1650400923650 2304638.0000 -0.2004
-7.5929 78.7474 -30.4611 30.7883 1650400923678 2304667.0000 -0.2004
-7.7121 78.7022 -31.1633 29.4497 1650400923707 2304696.0000 -0.2004
-8.0779 78.8193 -31.6821 23.4734 1650400923736 2304725.0000 -0.2004
-7.9386 78.8808 -32.2240 29.6129 1650400923765 2304754.0000 -0.2004
-7.9846 78.9457 -32.5739 35.3081 1650400923794 2304785.5000 -0.2004
-8.0300 78.6539 -33.1268 37.8569 1650400923823 2304811.5000 -0.2004
-7.9661 78.6400 -33.0979 28.5863 1650400923853 2304841.0000 -0.2004
-7.9538 78.5284 -33.0496 26.4241 1650400923882 2304870.0000 -0.2004
-7.6003 78.4408 -32.9516 27.9894 1650400923911 2304899.0000 -0.2011
-7.7833 78.7686 -32.1380 33.9517 1650400923939 2304928.0000 -0.2010
-7.4543 78.4126 -31.9990 34.0215 1650400923969 2304956.7500 -0.2009
-7.2984 78.3621 -31.5191 35.5078 1650400923997 2304985.7500 -0.2009
-7.5985 78.1733 -30.8385 27.5520 1650400924026 2305014.7500 -0.2009
-7.3740 78.0581 -30.0845 37.8380 1650400924055 2305044.7500 -0.2009
-7.6923 77.8458 -29.3811 26.1992 1650400924084 2305072.5000 -0.2010
-7.6038 78.4281 -28.2567 39.9682 1650400924113 2305101.5000 -0.2013
-7.7783 78.2183 -27.3018 29.1348 1650400924142 2305131.7500 -0.2013
-7.6118 78.4425 -26.4575 27.2400 1650400924171 2305159.5000 -0.2013
-7.5182 77.8740 -25.9176 27.2832 1650400924200 2305188.5000 -0.2013
-7.4807 78.6962 -25.0555 35.4687 1650400924229 2305217.5000 -0.2013
-7.6538 78.5014 -24.5846 22.5716 1650400924258 2305246.5000 -0.2013
-7.5094 78.5032 -23.8111 29.4658 1650400924288 2305275.5000 -0.2010
-7.4108 78.5469 -23.4894 32.8434 1650400924316 2305304.5000 -0.2009
-7.1910 78.6877 -23.4479 37.1425 1650400924345 2305333.5000 -0.2012
-7.6002 79.0272 -23.3901 24.8836 1650400924374 2305362.5000 -0.2013
-7.5611 78.8036 -23.3251 31.1376 1650400924403 2305391.5000 -0.2010
-7.7571 79.2057 -23.7913 35.5352 1650400924432 2305420.5000 -0.2009
-7.6378 78.5874 -24.4885 31.9589 1650400924461 2305449.5000 -0.2009
-7.9187 78.6174 -24.9010 26.0938 1650400924490 2305478.5000 -0.2009
-7.4020 78.6717 -25.5116 35.4479 1650400924519 2305507.5000 -0.2009
-8.1096 78.7208 -26.3307 29.7350 1650400924548 2305538.0000 -0.2009
-7.6290 79.0338 -27.0359 35.7384 1650400924576 2305566.2500 -0.2009
-7.9859 78.5881 -27.8325 32.4211 1650400924605 2305594.5000 -0.2009
-7.5860 79.0913 -28.7389 34.9271 1650400924635 2305623.5000 -0.2009
-8.1310 78.8116 -29.7274 30.3574 1650400924664 2305652.5000 -0.2009
-7.7402 79.2430 -30.4342 28.3365 1650400924693 2305681.2500 -0.2009
-7.8762 78.7120 -31.2758 29.0732 1650400924722 2305710.2500 -0.2009
-8.1057 78.8967 -31.9978 28.9109 1650400924751 2305739.2500 -0.2010
-7.7764 78.6793 -32.5617 30.9241 1650400924780 2305768.0000 -0.2013
-8.1436 78.6958 -32.8298 34.8369 1650400924809 2305798.2500 -0.2013
-7.9744 78.3900 -33.6125 26.9980 1650400924837 2305828.5000 -0.2013
-7.7670 78.4441 -33.3909 26.8829 1650400924867 2305855.0000 -0.2013
-7.8172 78.7253 -32.8380 23.4747 1650400924895 2305885.2500 -0.2013
-7.8312 78.5652 -32.6287 31.2219 1650400924924 2305913.0000 -0.2013
-7.8262 78.6284 -32.1267 33.8542 1650400924953 2305942.0000 -0.2013
-7.5672 78.3801 -32.0582 37.1237 1650400924982 2305971.0000 -0.2013
-7.2841 78.3123 -31.3400 29.6943 1650400925011 2306000.0000 -0.2018
-7.3896 78.0784 -30.5787 34.1572 1650400925041 2306029.0000 -0.2018
-7.3994 78.1127 -29.9390 36.3318 1650400925070 2306058.0000 -0.2018
-7.4429 78.1542 -28.9614 37.0586 1650400925099 2306086.7500 -0.2018
-7.4780 78.1904 -27.8188 30.5908 1650400925128 2306115.7500 -0.2018
-7.5660 78.3138 -27.0274 40.7186 1650400925156 2306144.7500 -0.2018
-7.5315 78.5732 -26.3174 31.2228 1650400925185 2306173.5000 -0.2018
-7.6777 78.3097 -25.5354 27.8502 1650400925214 2306202.5000 -0.2018
-7.4958 78.3948 -24.6524 35.8243 1650400925243 2306231.5000 -0.2015
-7.3686 78.5023 -24.4402 27.3310 1650400925272 2306260.5000 -0.2013
-7.6081 78.3798 -23.6213 32.3392 1650400925301 2306289.5000 -0.2013
-7.6555 78.4468 -23.2625 27.4926 1650400925330 2306319.7500 -0.2013
-7.3015 78.8770 -23.2600 32.1634 1650400925359 2306350.2500 -0.2013
-7.5145 78.7549 -23.3833 34.3100 1650400925388 2306376.5000 -0.2013
-7.4288 79.2856 -23.3407 29.4789 1650400925417 2306405.5000 -0.2013
-7.7329 78.7571 -24.1352 33.7141 1650400925447 2306434.5000 -0.2009
-8.1218 78.6242 -24.5661 36.8911 1650400925475 2306463.5000 -0.2009
-7.9077 78.8311 -25.0066 41.9145 1650400925504 2306492.5000 -0.2009
-7.5406 78.9966 -25.4504 39.5727 1650400925533 2306521.5000 -0.2009
-7.8699 78.6686 -26.5566 30.7180 1650400925562 2306550.5000 -0.2013
-7.3748 78.9166 -27.3454 27.8955 1650400925591 2306583.7500 -0.2013
-7.8681 78.5116 -28.7224 30.7519 1650400925620 2306608.0000 -0.2013
-7.6150 78.9472 -29.1756 31.0257 1650400925649 2306637.5000 -0.2013
-8.0044 78.8289 -30.0990 27.1932 1650400925678 2306669.0000 -0.2013
-7.8216 78.9990 -30.8630 40.0149 1650400925707 2306695.5000 -0.2013
-7.9815 78.7977 -31.2829 32.7434 1650400925735 2306724.5000 -0.2017
-7.6769 78.7008 -32.4964 29.8790 1650400925765 2306753.5000 -0.2018
-8.0130 78.8517 -32.4610 28.1692 1650400925794 2306782.2500 -0.2018
-8.0060 78.7290 -32.9210 36.1622 1650400925823 2306811.2500 -0.2018
-7.8078 78.6040 -33.4523 20.6890 1650400925852 2306840.2500 -0.2018
-7.7307 78.8210 -32.8138 31.9523 1650400925881 2306869.2500 -0.2018
-7.8749 78.6038 -32.8562 26.4315 1650400925910 2306898.0000 -0.2018
-7.8968 78.5142 -32.4291 29.2304 1650400925939 2306927.0000 -0.2018
-7.6061 78.5879 -32.2329 28.4823 1650400925968 2306956.0000 -0.2015
-7.4917 78.6834 -31.7546 34.2505 1650400925996 2306985.0000 -0.2013
-7.5529 78.1792 -31.1504 27.5135 1650400926026 2307014.0000 -0.2013
-7.8223 78.5307 -30.4646 31.4742 1650400926054 2307043.0000 -0.2013
-7.3558 78.0484 -29.7870 33.2801 1650400926083 2307072.0000 -0.2010
-7.5088 78.0344 -28.9033 30.6797 1650400926112 2307105.2500 -0.2009
-7.5054 78.1165 -27.7288 25.5979 1650400926141 2307129.7500 -0.2009
-7.3492 78.0322 -27.0531 33.6983 1650400926170 2307159.0000 -0.2009
-7.4399 78.5148 -25.8437 28.2125 1650400926200 2307187.7500 -0.2009
-7.5648 78.4174 -25.0916 36.7673 1650400926229 2307216.7500 -0.2009
-7.3470 78.1967 -24.8430 31.4079 1650400926258 2307245.7500 -0.2009
-7.1705 78.3407 -24.4000 27.9892 1650400926287 2307274.7500 -0.2009
-7.4482 78.4406 -23.5956 38.5700 1650400926315 2307303.5000 -0.2009
-7.5269 78.7170 -23.2853 31.7900 1650400926345 2307332.2500 -0.2009
-7.3954 78.7204 -23.4047 38.4209 1650400926373 2307362.5000 -0.2009
-7.4766 79.1112 -23.3155 31.9324 1650400926402 2307390.5000 -0.2009
-7.2834 79.6104 -23.2427 34.0793 1650400926431 2307421.2500 -0.2009
-7.7447 78.5704 -24.2676 40.6801 1650400926460 2307448.2500 -0.2013
-7.9548 78.7461 -24.5865 30.5855 1650400926489 2307477.5000 -0.2013
-7.7578 78.9021 -25.2567 33.3590 1650400926518 2307506.5000 -0.2013
-7.7195 78.7492 -25.6866 39.3474 1650400926547 2307535.5000 -0.2013
-7.7504 78.8961 -26.7917 29.8491 1650400926576 2307564.5000 -0.2013
-7.6836 78.8573 -27.5384 27.8781 1650400926606 2307593.5000 -0.2013
-7.8214 78.9067 -28.6956 30.1437 1650400926634 2307622.5000 -0.2013
-8.0713 78.6934 -29.4429 29.6601 1650400926663 2307651.5000 -0.2013
-7.9538 79.0240 -30.3828 33.3132 1650400926692 2307680.5000 -0.2018
-7.8972 78.8275 -30.9599 32.9800 1650400926721 2307709.5000 -0.2018
-7.8600 78.7475 -31.8469 27.1047 1650400926750 2307738.5000 -0.2018
-7.8498 78.7542 -32.4280 31.5241 1650400926779 2307767.5000 -0.2018
-7.8211 78.7829 -32.6563 42.1095 1650400926808 2307796.5000 -0.2018
-7.7818 78.4652 -33.2997 28.4821 1650400926837 2307825.5000 -0.2018
-8.0442 78.6847 -33.0775 27.4192 1650400926866 2307855.7500 -0.2015
-7.8246 78.7162 -32.9454 28.3538 1650400926894 2307884.7500 -0.2013
-7.7990 78.5975 -32.7976 26.7209 1650400926924 2307912.2500 -0.2013
-7.8051 78.3604 -32.6880 34.1462 1650400926953 2307941.2500 -0.2013
-7.5240 78.5607 -32.1106 37.5359 1650400926982 2307970.2500 -0.2013
-7.2590 78.5338 -31.5816 32.3185 1650400927011 2307999.0000 -0.2013
-7.6014 78.2560 -31.0573 27.9610 1650400927040 2308028.0000 -0.2010
-7.5163 78.1848 -30.3669 31.5061 1650400927069 2308057.0000 -0.2009
-7.4691 78.1710 -29.5104 24.4834 1650400927098 2308086.0000 -0.2009
-7.5865 78.5819 -28.3058 35.6862 1650400927127 2308116.0000 -0.2009
-7.5288 77.9093 -27.8167 28.5177 1650400927156 2308145.2500 -0.2009
-7.6586 78.5583 -26.6365 33.9868 1650400927185 2308173.0000 -0.2009
-7.6421 78.2113 -25.8522 23.8447 1650400927213 2308201.5000 -0.2009
-7.2767 78.3093 -25.0946 36.5551 1650400927242 2308231.0000 -0.2013
-7.6919 78.3228 -24.4604 22.3156 1650400927271 2308260.0000 -0.2013
-7.4918 78.4414 -24.1800 32.9625 1650400927300 2308289.0000 -0.2013
-7.4205 78.3955 -23.9607 41.4266 1650400927329 2308317.7500 -0.2013
-7.2507 78.6314 -23.5216 40.3940 1650400927359 2308346.7500 -0.2013
-7.4958 78.9462 -23.2608 29.9932 1650400927388 2308375.7500 -0.2015
-7.6700 78.8502 -23.4310 31.2437 1650400927417 2308404.5000 -0.2018
-7.6130 78.9223 -23.7048 30.3781 1650400927446 2308433.5000 -0.2018
-7.8706 78.4236 -24.3468 27.5818 1650400927474 2308462.5000 -0.2018
-7.8932 78.6898 -24.6530 35.3702 1650400927504 2308491.5000 -0.2018
-7.7422 79.1860 -25.4354 42.7822 1650400927532 2308520.5000 -0.2018
-8.0077 78.4897 -26.1112 43.1591 1650400927561 2308549.5000 -0.2018
-7.6885 79.0309 -27.1663 39.0882 1650400927590 2308578.5000 -0.2018
-7.9872 78.6526 -27.8244 32.3817 1650400927619 2308607.5000 -0.2018
-7.8507 79.1836 -28.8717 28.6229 1650400927648 2308639.2500 -0.2015
-7.9904 78.6518 -29.6924 30.3622 1650400927677 2308665.0000 -0.2013
-7.4954 78.9153 -30.7564 23.4732 1650400927706 2308694.5000 -0.2013
-7.8825 78.6556 -31.2850 41.1219 1650400927735 2308723.5000 -0.2013
-7.5739 78.6524 -32.1780 25.6736 1650400927765 2308752.5000 -0.2013
-7.6386 78.9687 -32.6752 40.1759 1650400927793 2308781.5000 -0.2013
-8.1865 78.8918 -32.6921 39.2193 1650400927823 2308810.5000 -0.2010
-7.8057 78.4823 -33.2992 27.3754 1650400927851 2308839.5000 -0.2009
-7.6928 78.7061 -33.2746 25.7357 1650400927880 2308870.0000 -0.2009
-8.0081 78.8441 -33.0402 27.3008 1650400927909 2308899.7500 -0.2009
-7.6524 78.8512 -32.7612 21.6716 1650400927938 2308926.5000 -0.2009
-7.6259 78.5906 -32.3396 34.9225 1650400927967 2308957.0000 -0.2009
-7.7130 78.7439 -32.0639 35.1934 1650400927996 2308985.2500 -0.2009
-7.3731 78.4645 -31.4114 27.4549 1650400928025 2309013.2500 -0.2009
-7.5046 78.2527 -30.8562 37.4904 1650400928053 2309042.2500 -0.2009
-7.4897 78.2613 -30.0137 35.3854 1650400928083 2309071.2500 -0.2009
-7.3911 78.2766 -29.0524 33.9544 1650400928112 2309100.0000 -0.2009
-7.5706 78.3140 -28.1357 34.1472 1650400928141 2309129.0000 -0.2009
-7.7152 78.5155 -27.0761 25.2963 1650400928170 2309158.0000 -0.2010
-7.8512 78.3666 -26.5160 35.1725 1650400928199 2309187.0000 -0.2013
-7.3322 78.1173 -25.5848 31.8244 1650400928228 2309216.0000 -0.2013
-7.6466 78.4772 -25.0061 39.8474 1650400928257 2309245.0000 -0.2013
-7.5931 78.6596 -24.2196 29.2960 1650400928286 2309274.0000 -0.2013
-7.4895 78.2057 -24.2055 39.7444 1650400928315 2309303.0000 -0.2013
-7.4366 78.7954 -23.1081 33.1147 1650400928344 2309332.0000 -0.2013
-7.2487 78.5199 -23.6406 34.7795 1650400928372 2309361.0000 -0.2013
-7.6164 78.8811 -23.3412 33.5071 1650400928402 2309390.0000 -0.2013
-7.6432 79.1879 -23.3116 24.5075 1650400928430 2309421.0000 -0.2017
-7.4592 78.9558 -24.1789 34.9084 1650400928459 2309447.7500 -0.2018
-8.1217 78.5609 -24.3790 28.7307 1650400928488 2309476.7500 -0.2018
-7.7355 78.6581 -25.0400 28.4058 1650400928518 2309505.7500 -0.2018
-7.6226 78.7133 -25.5404 35.8653 1650400928547 2309534.5000 -0.2015
-7.7798 78.6149 -26.3503 39.5584 1650400928576 2309563.5000 -0.2013
-7.5332 78.8441 -27.4304 33.2385 1650400928605 2309592.5000 -0.2013
-8.0211 78.6949 -28.2648 30.2819 1650400928634 2309621.5000 -0.2013
-7.4319 78.8507 -29.2290 36.0713 1650400928663 2309651.7500 -0.2013
-7.9113 78.9335 -29.9232 29.7564 1650400928691 2309680.7500 -0.2013
-7.8355 79.0005 -30.7399 31.9770 1650400928720 2309708.5000 -0.2012
-8.0207 78.8328 -31.3755 36.2845 1650400928749 2309738.7500 -0.2009
-7.6701 78.6273 -32.4250 25.8067 1650400928778 2309766.5000 -0.2009
-7.7289 78.8711 -32.5161 33.9667 1650400928807 2309795.5000 -0.2009
-8.0428 78.8283 -32.9088 32.4087 1650400928836 2309824.5000 -0.2009
-7.7408 78.5314 -33.3287 28.9537 1650400928865 2309853.5000 -0.2009
-8.0775 78.5874 -33.1527 27.0353 1650400928894 2309882.5000 -0.2009
-7.5745 78.5936 -33.1101 24.7511 1650400928924 2309911.5000 -0.2009
-8.0166 78.7014 -32.7419 35.5311 1650400928952 2309940.5000 -0.2009
-7.6842 78.7477 -32.3175 26.8833 1650400928982 2309969.5000 -0.2009
-7.3792 78.8613 -31.8527 24.8362 1650400929010 2309998.5000 -0.2009
-7.7067 78.5202 -31.2608 34.7486 1650400929039 2310027.5000 -0.2013
-7.6594 78.4698 -30.6295 33.4823 1650400929068 2310056.5000 -0.2013
-7.5254 78.0461 -29.8689 27.3240 1650400929097 2310085.5000 -0.2013
-7.4891 78.2685 -28.7590 33.9019 1650400929126 2310114.2500 -0.2013
-7.6492 78.2025 -27.9513 25.8587 1650400929155 2310143.2500 -0.2018
-7.6378 78.3972 -26.7853 41.3089 1650400929184 2310173.2500 -0.2017
-7.7804 78.2167 -26.2251 19.7604 1650400929213 2310200.5000 -0.2013
-7.2678 78.1621 -25.3233 36.3903 1650400929242 2310230.0000 -0.2013
-7.3775 78.4063 -24.7704 26.3704 1650400929270 2310259.0000 -0.2017
-7.5723 78.4327 -23.8182 26.1496 1650400929300 2310288.0000 -0.2018
-7.3154 78.1684 -23.7951 29.8626 1650400929329 2310317.0000 -0.2018
-7.2701 78.9054 -23.1316 32.4733 1650400929358 2310346.0000 -0.2018
-7.3258 78.9721 -22.9654 39.9009 1650400929387 2310375.0000 -0.2018
-7.6475 78.7943 -23.4556 33.2460 1650400929416 2310404.0000 -0.2018
-7.5311 78.9450 -23.4452 26.8618 1650400929445 2310435.7500 -0.2018
-7.3695 78.6629 -24.1496 40.6601 1650400929474 2310461.7500 -0.2018
-7.8807 78.6480 -24.5477 30.6452 1650400929503 2310491.0000 -0.2015
-7.7500 79.0442 -25.0195 35.6866 1650400929531 2310521.2500 -0.2013
-7.7941 78.5725 -25.8386 27.8666 1650400929561 2310548.7500 -0.2010
-7.8365 78.9329 -26.6782 36.5484 1650400929589 2310577.7500 -0.2009
-7.7539 78.8583 -27.5267 31.9696 1650400929618 2310606.7500 -0.2009
-7.5991 78.7829 -28.7931 23.9819 1650400929648 2310635.5000 -0.2009
-7.8125 78.5634 -29.4808 31.5186 1650400929677 2310664.5000 -0.2009
-7.5831 78.9203 -30.3068 24.9971 1650400929706 2310693.5000 -0.2009
-7.9125 78.9900 -30.8647 30.0760 1650400929735 2310722.5000 -0.2009
-8.1340 78.8779 -31.7418 26.7971 1650400929764 2310751.5000 -0.2009
-7.8215 78.8188 -32.5449 27.8998 1650400929793 2310780.5000 -0.2012
-8.1754 78.8290 -32.6774 38.7346 1650400929822 2310809.5000 -0.2013
-7.7627 78.5207 -33.2455 36.4459 1650400929850 2310838.5000 -0.2013
-7.8051 78.5185 -33.2447 26.7821 1650400929880 2310867.5000 -0.2018
-7.6563 78.5260 -33.1917 27.0809 1650400929908 2310896.5000 -0.2018
-7.6872 78.6227 -33.1049 24.3636 1650400929937 2310925.5000 -0.2015
-7.9789 78.6883 -32.5647 31.0221 1650400929966 2310957.0000 -0.2013
-7.5741 78.6664 -32.1375 33.1817 1650400929995 2310983.5000 -0.2018
-7.3632 78.6557 -31.5935 32.8119 1650400930024 2311012.5000 -0.2018
-7.6781 78.5091 -30.8974 21.7325 1650400930053 2311041.5000 -0.2018
-7.8134 78.4552 -30.1083 29.0538 1650400930083 2311071.7500 -0.2018
-7.4685 78.1298 -29.4738 31.0771 1650400930111 2311099.5000 -0.2018
-7.4381 78.2206 -28.7290 41.3109 1650400930141 2311128.5000 -0.2018
-7.6335 78.5247 -27.3184 29.2641 1650400930169 2311157.5000 -0.2018
-7.5955 78.5202 -26.5156 34.0142 1650400930198 2311187.7500 -0.2018
-7.3565 78.5332 -25.5378 29.1771 1650400930227 2311216.7500 -0.2018
-7.6697 78.4381 -25.1183 28.2490 1650400930256 2311244.2500 -0.2018
-7.4990 78.5386 -24.3257 26.1428 1650400930285 2311274.5000 -0.2018
-7.7066 78.5087 -23.9501 27.4161 1650400930314 2311302.2500 -0.2018
-7.4523 78.6853 -23.4461 37.8528 1650400930343 2311331.0000 -0.2015
-7.4054 78.7851 -23.2364 31.8969 1650400930372 2311360.0000 -0.2013
-7.0800 78.6367 -23.4045 31.9232 1650400930401 2311389.0000 -0.2013
-7.6188 78.9385 -23.3105 23.9596 1650400930429 2311418.0000 -0.2013
-7.2162 78.6171 -23.8708 28.6588 1650400930460 2311447.0000 -0.2010
-7.8879 78.7036 -24.3534 30.8097 1650400930488 2311476.0000 -0.2009
-8.1918 78.6188 -24.8129 34.4852 1650400930517 2311505.0000 -0.2009
-7.4015 78.8867 -25.5575 41.9848 1650400930546 2311534.0000 -0.2009
-8.2391 78.5100 -26.0967 43.5622 1650400930575 2311563.0000 -0.2009
-7.5372 78.6962 -27.3068 41.1769 1650400930604 2311592.0000 -0.2009
-7.8836 78.3466 -27.9444 37.5689 1650400930633 2311621.0000 -0.2009
-7.6357 79.1935 -28.6686 30.0085 1650400930662 2311649.7500 -0.2013
-7.8503 78.6866 -29.5523 30.7489 1650400930691 2311678.7500 -0.2013
-7.8346 79.1823 -30.4298 32.4948 1650400930720 2311708.7500 -0.2013
-7.9890 78.9603 -31.0662 34.4486 1650400930748 2311736.0000 -0.2013
-7.7058 78.7126 -31.9807 25.9592 1650400930777 2311765.5000 -0.2018
-7.6370 78.9549 -32.4444 30.2411 1650400930806 2311794.5000 -0.2018
-7.9730 78.8600 -32.6964 33.8307 1650400930836 2311823.5000 -0.2018
-8.0945 78.7416 -33.1764 29.9685 1650400930865 2311852.5000 -0.2018
-8.0154 78.6292 -33.2383 28.1584 1650400930894 2311881.5000 -0.2018
-7.9661 78.7344 -32.9644 29.5431 1650400930923 2311910.5000 -0.2018
-7.8588 78.7440 -32.8267 20.9979 1650400930952 2311939.5000 -0.2018
-7.8640 78.8728 -32.2672 23.7825 1650400930981 2311971.0000 -0.2018
-7.5531 78.6367 -31.9014 34.9302 1650400931009 2311996.7500 -0.2018
-7.5779 78.4421 -31.5545 31.2450 1650400931039 2312026.5000 -0.2018
-7.6923 78.2797 -30.7501 31.4316 1650400931067 2312058.2500 -0.2018
-7.3588 78.3410 -30.2514 38.4447 1650400931096 2312084.5000 -0.2018
-7.4841 78.1839 -29.1347 37.6181 1650400931125 2312113.5000 -0.2015
-7.4224 78.3367 -27.9226 36.0484 1650400931154 2312142.5000 -0.2013
-7.6696 78.2631 -27.1701 30.4464 1650400931183 2312171.5000 -0.2013
-7.6671 78.6282 -26.4205 39.6998 1650400931212 2312200.5000 -0.2013
-7.7286 78.6465 -26.5422 32.7354 1650400931242 2312229.5000 -0.2013
-7.7329 78.6358 -26.3902 28.0212 1650400931271 2312258.5000 -0.2013
-7.5750 78.9022 -26.1912 20.2992 1650400931300 2312287.5000 -0.2013
-7.7129 79.0331 -26.2444 31.4120 1650400931328 2312316.5000 -0.2013
-7.8905 78.6423 -26.6947 24.0828 1650400931357 2312345.2500 -0.2013
-7.7352 79.0775 -26.1041 28.0666 1650400931386 2312374.2500 -0.2013
-8.0698 78.8910 -26.4433 36.9291 1650400931415 2312403.2500 -0.2013
-8.0718 78.8331 -26.5596 32.5720 1650400931444 2312432.2500 -0.2013
-8.1770 78.7557 -26.5370 29.0093 1650400931473 2312461.0000 -0.2013
-7.9462 78.8357 -26.4838 32.4225 1650400931502 2312491.2500 -0.2013
-8.0259 78.7125 -26.3439 33.3017 1650400931531 2312518.7500 -0.2013
-7.9518 78.8670 -26.3254 32.9194 1650400931560 2312548.0000 -0.2013
-7.9612 78.8455 -26.3566 33.1934 1650400931588 2312577.0000 -0.2013
-7.9517 78.7796 -26.4124 32.5808 1650400931618 2312606.0000 -0.2013
-7.8319 78.9112 -26.3118 33.3186 1650400931647 2312635.0000 -0.2013
-7.8877 78.8348 -26.5621 34.1739 1650400931676 2312664.0000 -0.2018
-7.7506 78.8445 -26.4025 37.3637 1650400931705 2312693.0000 -0.2018
-7.7071 78.8875 -26.4234 35.1675 1650400931734 2312725.0000 -0.2018
-7.7907 78.9683 -26.2713 36.6381 1650400931763 2312751.5000 -0.2018
-7.6106 78.8665 -26.3158 32.3659 1650400931792 2312779.7500 -0.2018
-7.7652 78.8300 -26.2769 34.1414 1650400931821 2312810.5000 -0.2018
-7.6422 78.8629 -26.2372 31.9159 1650400931850 2312837.5000 -0.2018
-7.6782 78.9319 -26.2278 38.0638 1650400931879 2312866.5000 -0.2018
-7.7512 79.0218 -26.2806 40.1268 1650400931907 2312895.5000 -0.2018
-7.7014 78.9129 -26.2659 32.1357 1650400931936 2312924.2500 -0.2018
-7.7033 79.0358 -26.3037 39.9564 1650400931965 2312953.5000 -0.2018
-7.7522 78.9639 -26.2062 38.0122 1650400931995 2312982.5000 -0.2018
