-11.2405 76.5921 -30.5170 0.0000 1650405935537 1331253.0000 -0.1984
-11.5921 76.7003 -29.1989 0.0000 1650405935591 1331307.0000 -0.1984
-11.4597 76.5932 -30.5237 0.0000 1650405935645 1331361.0000 -0.1984
-11.4726 76.7081 -29.1562 0.0000 1650405935699 1331415.0000 -0.1979
-11.3883 76.6353 -28.9687 0.0000 1650405935753 1331468.0000 -0.1984
-11.5939 76.4799 -30.5797 0.0000 1650405935807 1331522.0000 -0.1984
-11.6766 76.7345 -28.6895 0.0000 1650405935861 1331576.0000 -0.1984
-11.2386 76.8008 -30.5647 0.0000 1650405935916 1331630.0000 -0.1989
-11.2840 76.7181 -29.1282 0.0000 1650405935968 1331684.0000 -0.1984
-11.2014 76.6823 -29.2406 0.0000 1650405936022 1331738.0000 -0.1984
-11.3395 76.6230 -29.2188 0.0000 1650405936076 1331792.0000 -0.1989
-11.6081 76.5887 -29.3209 0.0000 1650405936130 1331846.0000 -0.1989
-11.3328 76.7938 -30.5970 0.0000 1650405936184 1331900.0000 -0.1984
-11.6312 76.7078 -30.7211 0.0000 1650405936238 1331954.0000 -0.1984
-11.3765 76.6322 -30.5684 0.0000 1650405936292 1332008.0000 -0.1984
-11.4304 76.7743 -30.5829 0.0000 1650405936347 1332062.0000 -0.1984
-11.4896 76.7530 -30.4466 0.0000 1650405936401 1332116.0000 -0.1984
-11.5543 76.6221 -29.2768 0.0000 1650405936455 1332170.0000 -0.1989
-11.4031 76.5077 -29.0783 0.0000 1650405936509 1332224.0000 -0.1984
-11.5208 76.5604 -29.5015 0.0000 1650405936563 1332278.0000 -0.1984
-11.3459 76.6553 -29.2665 0.0000 1650405936615 1332332.0000 -0.1984
-11.3218 76.6379 -30.5947 0.0000 1650405936669 1332386.0000 -0.1984
-11.5313 76.6219 -29.2054 0.0000 1650405936724 1332440.0000 -0.1984
-11.5372 76.6028 -30.6859 0.0000 1650405936778 1332494.0000 -0.1979
-11.3806 76.7481 -29.3217 0.0000 1650405936832 1332548.0000 -0.1984
-11.1262 76.5637 -30.5048 0.0000 1650405936886 1332602.0000 -0.1984
-11.4985 76.6870 -29.2764 0.0000 1650405936940 1332656.0000 -0.1989
-11.3130 76.5215 -29.2748 0.0000 1650405936994 1332710.0000 -0.1989
-11.3189 76.4392 -30.4856 0.0000 1650405937049 1332764.0000 -0.1984
-11.5509 76.5214 -29.2586 0.0000 1650405937103 1332817.0000 -0.1984
-11.6426 76.7057 -29.1318 0.0000 1650405937157 1332871.0000 -0.1984
-11.5215 76.6035 -30.5289 0.0000 1650405937209 1332925.0000 -0.1984
-11.2276 76.7278 -30.4115 0.0000 1650405937263 1332979.0000 -0.1984
-11.3967 76.6592 -30.3406 0.0000 1650405937317 1333033.0000 -0.1979
-11.3143 76.6164 -30.6553 0.0000 1650405937371 1333087.0000 -0.1984
-11.2247 76.6242 -30.2791 0.0000 1650405937426 1333141.0000 -0.1984
-11.2697 76.5403 -30.5869 0.0000 1650405937480 1333195.0000 -0.1989
-11.2551 76.5129 -29.3000 0.0000 1650405937534 1333249.0000 -0.1989
-11.2513 76.6435 -30.6834 0.0000 1650405937588 1333303.0000 -0.1989
-11.5742 76.5770 -29.4114 0.0000 1650405937642 1333357.0000 -0.1989
-11.5049 76.7291 -29.3381 0.0000 1650405937696 1333411.0000 -0.1994
-11.5314 76.5416 -30.4579 0.0000 1650405937750 1333465.0000 -0.1989
-11.4432 76.6270 -29.2914 0.0000 1650405937804 1333519.0000 -0.1989
-11.3581 76.4364 -29.3976 0.0000 1650405937857 1333573.0000 -0.1984
-11.4958 76.5277 -30.6603 0.0000 1650405937911 1333627.0000 -0.1989
-11.5582 76.5589 -29.4410 0.0000 1650405937965 1333681.0000 -0.1989
-11.2959 76.5554 -30.8804 0.0000 1650405938019 1333735.0000 -0.1989
-11.5321 76.6843 -30.6171 0.0000 1650405938073 1333789.0000 -0.1994
-11.5128 77.1603 -30.7013 0.0000 1650405938127 1333843.0000 -0.1989
-11.4468 76.7800 -28.7288 0.0000 1650405938181 1333897.0000 -0.1989
-11.0358 77.1706 -27.7601 0.0000 1650405938235 1333951.0000 -0.1989
-11.1235 77.2787 -26.7331 0.0000 1650405938290 1334005.0000 -0.1989
-10.9486 77.1830 -25.7513 0.0000 1650405938344 1334059.0000 -0.1989
-10.9187 76.8036 -24.6018 0.0000 1650405938398 1334113.0000 -0.1984
-10.9152 77.2712 -25.2979 0.0000 1650405938450 1334166.0000 -0.1984
-10.6534 76.8686 -24.9719 0.0000 1650405938504 1334220.0000 -0.1984
-10.9579 76.9960 -26.8497 0.0000 1650405938558 1334274.0000 -0.1989
-11.1390 77.1444 -27.7591 0.0000 1650405938612 1334328.0000 -0.1989
-11.0516 76.9663 -30.2388 0.0000 1650405938667 1334382.0000 -0.1984
-11.0128 76.8771 -31.9742 0.0000 1650405938721 1334436.0000 -0.1989
-10.8790 76.6144 -33.3467 0.0000 1650405938775 1334490.0000 -0.1989
-10.9251 76.8187 -34.8710 0.0000 1650405938829 1334544.0000 -0.1989
-10.6975 76.6366 -35.5387 0.0000 1650405938883 1334598.0000 -0.1989
-10.7866 76.6298 -35.0806 0.0000 1650405938937 1334652.0000 -0.1989
-10.8794 76.6394 -33.4783 0.0000 1650405938992 1334706.0000 -0.1984
-11.1194 76.7583 -33.9503 0.0000 1650405939045 1334760.0000 -0.1984
-11.0379 77.0355 -32.8856 0.0000 1650405939098 1334814.0000 -0.1989
-11.2366 76.8804 -31.1360 0.0000 1650405939152 1334868.0000 -0.1989
-10.9757 76.9111 -29.3489 0.0000 1650405939206 1334922.0000 -0.1984
-11.0521 77.0478 -26.9192 0.0000 1650405939260 1334976.0000 -0.1989
-10.9433 76.9781 -26.6007 0.0000 1650405939314 1335030.0000 -0.1989
-10.9621 76.8245 -24.7066 0.0000 1650405939369 1335084.0000 -0.1984
-11.0463 76.9039 -25.1318 0.0000 1650405939423 1335138.0000 -0.1984
-10.9176 76.7929 -24.5218 0.0000 1650405939477 1335192.0000 -0.1984
-10.7273 76.8230 -26.4341 0.0000 1650405939531 1335246.0000 -0.1984
-10.9402 76.9580 -27.4922 0.0000 1650405939585 1335300.0000 -0.1984
-10.9008 76.9965 -29.2574 0.0000 1650405939639 1335354.0000 -0.1989
-10.9883 76.9906 -31.2868 0.0000 1650405939691 1335408.0000 -0.1989
-10.7875 76.9828 -31.4991 0.0000 1650405939745 1335462.0000 -0.1984
-10.8960 76.7965 -33.0797 0.0000 1650405939800 1335515.0000 -0.1984
-10.7814 76.7890 -34.4194 0.0000 1650405939854 1335569.0000 -0.1989
-10.7701 76.6985 -35.6842 0.0000 1650405939908 1335623.0000 -0.1979
-10.3581 76.6506 -35.8271 0.0000 1650405939962 1335677.0000 -0.1979
-10.9488 76.8114 -34.8252 0.0000 1650405940016 1335731.0000 -0.1984
-11.3160 76.6963 -33.6949 0.0000 1650405940070 1335785.0000 -0.1979
-11.1649 76.8896 -32.2941 0.0000 1650405940124 1335839.0000 -0.1984
-11.0391 77.1640 -30.4495 0.0000 1650405940178 1335893.0000 -0.1984
-10.9443 77.0220 -29.0066 0.0000 1650405940233 1335947.0000 -0.1984
-10.9804 77.0331 -26.5350 0.0000 1650405940285 1336001.0000 -0.1979
-10.7888 77.0842 -25.3807 0.0000 1650405940339 1336055.0000 -0.1984
-10.8353 76.9653 -25.4141 0.0000 1650405940393 1336109.0000 -0.1984
-11.0036 76.6992 -24.3834 0.0000 1650405940447 1336163.0000 -0.1984
-10.7393 76.9634 -25.9441 0.0000 1650405940501 1336217.0000 -0.1984
-10.8741 76.8339 -25.4811 0.0000 1650405940555 1336271.0000 -0.1984
-11.0912 77.0360 -28.0177 0.0000 1650405940610 1336325.0000 -0.1984
-11.0044 76.9411 -29.9821 0.0000 1650405940664 1336379.0000 -0.1984
-10.9306 76.8427 -31.6418 0.0000 1650405940718 1336433.0000 -0.1984
-10.9893 76.8046 -33.1716 0.0000 1650405940772 1336487.0000 -0.1984
-10.9254 76.8801 -34.5065 0.0000 1650405940826 1336541.0000 -0.1979
-10.8220 76.8427 -35.4847 0.0000 1650405940880 1336595.0000 -0.1984
-10.6991 76.6531 -35.4063 0.0000 1650405940933 1336649.0000 -0.1984
-11.1117 76.7173 -35.1898 0.0000 1650405940986 1336703.0000 -0.1974
-11.0667 76.8464 -34.2569 0.0000 1650405941041 1336757.0000 -0.1974
-10.9307 76.8656 -33.1657 0.0000 1650405941095 1336811.0000 -0.1974
-11.0335 77.0344 -31.8422 0.0000 1650405941149 1336864.0000 -0.1974
-10.9765 76.9911 -29.9403 0.0000 1650405941203 1336918.0000 -0.1974
-10.9212 77.0752 -28.1691 0.0000 1650405941257 1336972.0000 -0.1979
-10.9540 77.0549 -27.0108 0.0000 1650405941312 1337026.0000 -0.1979
-10.8622 76.9401 -25.8366 0.0000 1650405941366 1337080.0000 -0.1974
-10.8193 77.0158 -25.4767 0.0000 1650405941420 1337134.0000 -0.1979
-11.0892 76.8469 -24.5901 0.0000 1650405941474 1337188.0000 -0.1979
-11.2281 76.7931 -26.4390 0.0000 1650405941526 1337242.0000 -0.1979
-11.0593 77.0180 -26.6175 0.0000 1650405941580 1337296.0000 -0.1974
-10.9364 77.1668 -27.7745 0.0000 1650405941634 1337350.0000 -0.1974
-10.8572 77.0709 -30.8128 0.0000 1650405941688 1337404.0000 -0.1974
-10.7440 76.9392 -32.4496 0.0000 1650405941743 1337458.0000 -0.1979
-10.7678 76.9311 -33.8835 0.0000 1650405941797 1337512.0000 -0.1979
-10.9591 76.8420 -34.9393 0.0000 1650405941851 1337566.0000 -0.1974
-10.6476 76.7027 -34.6004 0.0000 1650405941905 1337620.0000 -0.1974
-10.6227 76.6349 -35.6090 0.0000 1650405941959 1337674.0000 -0.1979
-11.0653 76.7901 -34.8926 0.0000 1650405942013 1337728.0000 -0.1979
-11.1618 76.6960 -33.9001 0.0000 1650405942067 1337782.0000 -0.1969
-11.2469 76.8296 -31.6674 0.0000 1650405942121 1337836.0000 -0.1969
-11.1101 76.9926 -30.0568 0.0000 1650405942174 1337890.0000 -0.1969
-11.1266 77.1166 -28.2950 0.0000 1650405942228 1337944.0000 -0.1969
-11.0341 77.0056 -27.7745 0.0000 1650405942282 1337998.0000 -0.1974
-10.8433 77.2327 -26.5430 0.0000 1650405942336 1338052.0000 -0.1979
-10.7930 77.1186 -25.3620 0.0000 1650405942390 1338106.0000 -0.1974
-10.9038 77.0527 -25.8356 0.0000 1650405942444 1338160.0000 -0.1974
-11.1400 77.1347 -24.0576 0.0000 1650405942498 1338214.0000 -0.1974
-10.9385 76.7819 -25.3411 0.0000 1650405942552 1338267.0000 -0.1979
-10.8755 77.1373 -26.7252 0.0000 1650405942607 1338321.0000 -0.1969
-10.8484 77.0942 -29.5326 0.0000 1650405942661 1338375.0000 -0.1969
-10.9224 76.9770 -31.3501 0.0000 1650405942715 1338429.0000 -0.1969
-11.0727 76.8735 -32.9118 0.0000 1650405942767 1338483.0000 -0.1969
-10.9666 76.7138 -34.3503 0.0000 1650405942821 1338537.0000 -0.1974
-11.0364 76.7422 -35.2359 0.0000 1650405942875 1338591.0000 -0.1974
-10.8033 76.6025 -35.8059 0.0000 1650405942929 1338645.0000 -0.1974
-10.8663 76.4619 -35.5392 0.0000 1650405942984 1338699.0000 -0.1974
-11.2176 76.7551 -34.4310 0.0000 1650405943038 1338753.0000 -0.1979
-11.2280 76.7511 -33.7044 0.0000 1650405943092 1338807.0000 -0.1979
-11.0508 76.9399 -32.1780 0.0000 1650405943146 1338861.0000 -0.1979
-11.0898 77.0535 -29.4419 0.0000 1650405943200 1338915.0000 -0.1974
-10.9343 77.0533 -27.7210 0.0000 1650405943255 1338969.0000 -0.1974
-10.9955 77.1748 -27.3350 0.0000 1650405943309 1339023.0000 -0.1974
-10.8876 77.0840 -25.1917 0.0000 1650405943363 1339077.0000 -0.1974
-10.6655 77.2169 -25.7294 0.0000 1650405943415 1339131.0000 -0.1974
-11.0703 77.1185 -24.5115 0.0000 1650405943469 1339185.0000 -0.1974
-11.0042 76.8384 -26.0757 0.0000 1650405943523 1339239.0000 -0.1969
-10.9570 76.9437 -27.0886 0.0000 1650405943577 1339293.0000 -0.1974
-11.0440 77.1168 -28.5333 0.0000 1650405943631 1339347.0000 -0.1974
-10.9257 77.0842 -30.4152 0.0000 1650405943686 1339401.0000 -0.1969
-11.0188 76.8051 -32.0409 0.0000 1650405943740 1339455.0000 -0.1969
-10.8305 76.8900 -33.4607 0.0000 1650405943794 1339509.0000 -0.1969
-10.8732 76.8206 -34.7350 0.0000 1650405943848 1339563.0000 -0.1969
-10.8394 76.6646 -35.7943 0.0000 1650405943902 1339616.0000 -0.1969
-10.6855 76.5352 -35.5102 0.0000 1650405943956 1339670.0000 -0.1969
-10.9626 76.5442 -33.8153 0.0000 1650405944008 1339724.0000 -0.1969
-11.2866 76.7216 -34.0209 0.0000 1650405944062 1339778.0000 -0.1965
-11.1392 76.7950 -33.0302 0.0000 1650405944117 1339832.0000 -0.1969
-11.1017 77.1561 -30.5417 0.0000 1650405944171 1339886.0000 -0.1965
-11.1715 77.1844 -28.7443 0.0000 1650405944225 1339940.0000 -0.1960
-10.9628 77.1747 -27.1800 0.0000 1650405944279 1339994.0000 -0.1960
-10.9582 77.0287 -25.8667 0.0000 1650405944333 1340048.0000 -0.1965
-10.8716 77.0476 -25.8982 0.0000 1650405944387 1340102.0000 -0.1965
-10.7443 76.9678 -24.4356 0.0000 1650405944442 1340156.0000 -0.1969
-11.1707 76.8983 -25.8583 0.0000 1650405944496 1340210.0000 -0.1969
-10.9602 76.7261 -26.3835 0.0000 1650405944550 1340264.0000 -0.1965
-10.7803 77.1153 -26.3972 0.0000 1650405944604 1340318.0000 -0.1965
-11.0269 77.1756 -29.2596 0.0000 1650405944656 1340372.0000 -0.1965
-10.9541 77.0302 -30.8911 0.0000 1650405944710 1340426.0000 -0.1965
-11.0441 76.8818 -32.5687 0.0000 1650405944764 1340480.0000 -0.1965
-10.8007 76.7602 -34.0404 0.0000 1650405944819 1340534.0000 -0.1960
-10.8507 76.7215 -35.0044 0.0000 1650405944873 1340588.0000 -0.1960
-10.9464 76.7083 -35.7605 0.0000 1650405944927 1340642.0000 -0.1960
-10.7957 76.6914 -35.6815 0.0000 1650405944981 1340696.0000 -0.1965
-11.3043 76.8198 -34.8400 0.0000 1650405945035 1340750.0000 -0.1965
-11.4246 76.6908 -33.8113 0.0000 1650405945089 1340804.0000 -0.1960
-11.2761 77.0821 -32.3288 0.0000 1650405945143 1340858.0000 -0.1960
-11.3062 77.0894 -30.8628 0.0000 1650405945197 1340912.0000 -0.1965
-10.9052 77.1133 -29.2053 0.0000 1650405945250 1340965.0000 -0.1960
-10.8700 77.0922 -27.5746 0.0000 1650405945304 1341019.0000 -0.1960
-10.9034 77.0833 -26.3837 0.0000 1650405945358 1341073.0000 -0.1960
-10.8754 76.9661 -25.4881 0.0000 1650405945412 1341127.0000 -0.1960
-11.0905 76.9714 -24.9210 0.0000 1650405945466 1341181.0000 -0.1960
-11.0581 76.6776 -25.9838 0.0000 1650405945520 1341235.0000 -0.1960
-11.0392 76.8130 -25.5833 0.0000 1650405945574 1341289.0000 -0.1965
-10.9226 77.1652 -26.8821 0.0000 1650405945628 1341343.0000 -0.1960
-10.9068 77.2146 -29.6960 0.0000 1650405945683 1341397.0000 -0.1960
-10.9158 76.9792 -31.4344 0.0000 1650405945737 1341451.0000 -0.1965
-11.0456 76.8537 -33.1204 0.0000 1650405945791 1341505.0000 -0.1960
-10.9140 76.5657 -34.3408 0.0000 1650405945843 1341559.0000 -0.1955
-10.9519 76.8658 -35.4894 0.0000 1650405945897 1341613.0000 -0.1955
-11.0431 76.7720 -35.3852 0.0000 1650405945951 1341667.0000 -0.1955
-10.8538 76.5705 -35.5556 0.0000 1650405946005 1341721.0000 -0.1955
-11.2421 76.6553 -33.7904 0.0000 1650405946060 1341775.0000 -0.1960
-11.2205 76.8060 -33.3803 0.0000 1650405946114 1341829.0000 -0.1965
-11.2652 77.1203 -31.9415 0.0000 1650405946168 1341883.0000 -0.1960
-11.1213 77.0075 -30.1920 0.0000 1650405946222 1341937.0000 -0.1960
-11.0612 77.1035 -27.6227 0.0000 1650405946276 1341991.0000 -0.1960
-10.9413 76.9712 -27.1832 0.0000 1650405946330 1342045.0000 -0.1960
-10.8891 77.1264 -26.1460 0.0000 1650405946385 1342099.0000 -0.1955
-10.8865 77.0673 -25.7372 0.0000 1650405946438 1342153.0000 -0.1955
-11.1854 77.0722 -24.4657 0.0000 1650405946491 1342207.0000 -0.1955
-10.8209 77.0513 -25.0750 0.0000 1650405946545 1342261.0000 -0.1955
-10.9204 77.0136 -26.9640 0.0000 1650405946599 1342314.0000 -0.1965
-10.8844 77.1470 -27.9963 0.0000 1650405946653 1342368.0000 -0.1965
-11.0414 77.0185 -29.7737 0.0000 1650405946707 1342422.0000 -0.1960
-10.9429 76.9259 -32.1171 0.0000 1650405946762 1342476.0000 -0.1965
-10.9519 76.9214 -33.7007 0.0000 1650405946816 1342530.0000 -0.1960
-10.8327 76.7728 -34.7903 0.0000 1650405946870 1342584.0000 -0.1965
-10.8578 76.8423 -35.5179 0.0000 1650405946924 1342638.0000 -0.1965
-10.8818 76.7144 -35.7098 0.0000 1650405946978 1342692.0000 -0.1960
-11.1435 76.5805 -34.8990 0.0000 1650405947032 1342746.0000 -0.1960
-11.2508 76.7757 -33.8940 0.0000 1650405947084 1342800.0000 -0.1960
-11.2531 76.9362 -33.1430 0.0000 1650405947138 1342854.0000 -0.1965
-11.2488 77.0603 -31.4390 0.0000 1650405947193 1342908.0000 -0.1960
-10.9294 77.0455 -29.6950 0.0000 1650405947247 1342962.0000 -0.1955
-11.0353 77.0731 -27.2542 0.0000 1650405947301 1343016.0000 -0.1960
-11.0444 77.1126 -26.6894 0.0000 1650405947355 1343070.0000 -0.1965
-10.9539 76.9941 -25.9969 0.0000 1650405947409 1343124.0000 -0.1965
-10.8525 76.7548 -25.6360 0.0000 1650405947463 1343178.0000 -0.1960
-10.9787 76.9238 -26.1127 0.0000 1650405947517 1343232.0000 -0.1960
-10.8250 76.9874 -26.5483 0.0000 1650405947571 1343286.0000 -0.1960
-10.7818 77.0811 -27.7625 0.0000 1650405947626 1343340.0000 -0.1960
-10.8465 77.0791 -29.4439 0.0000 1650405947680 1343394.0000 -0.1965
-10.8405 77.0905 -30.2056 0.0000 1650405947732 1343448.0000 -0.1965
-10.9640 76.9175 -32.6201 0.0000 1650405947786 1343502.0000 -0.1960
-10.8327 76.8001 -34.2102 0.0000 1650405947840 1343556.0000 -0.1965
-10.8641 76.6405 -35.0415 0.0000 1650405947894 1343610.0000 -0.1965
-10.7950 76.7006 -34.4084 0.0000 1650405947948 1343663.0000 -0.1960
-10.8622 76.4305 -35.6184 0.0000 1650405948002 1343717.0000 -0.1960
-11.1291 76.7467 -34.4647 0.0000 1650405948057 1343771.0000 -0.1960
-11.1405 76.7922 -33.6936 0.0000 1650405948111 1343825.0000 -0.1960
-11.0962 77.0257 -32.3595 0.0000 1650405948165 1343879.0000 -0.1960
-11.1086 77.0068 -29.6831 0.0000 1650405948219 1343933.0000 -0.1965
-11.1148 77.1999 -27.7313 0.0000 1650405948273 1343987.0000 -0.1965
-11.1064 76.9994 -26.4312 0.0000 1650405948326 1344041.0000 -0.1960
-10.9974 76.8009 -26.4959 0.0000 1650405948380 1344095.0000 -0.1965
-10.9867 77.0130 -25.6079 0.0000 1650405948434 1344149.0000 -0.1965
-11.0175 77.1236 -25.4878 0.0000 1650405948488 1344203.0000 -0.1960
-11.0105 76.8417 -24.7972 0.0000 1650405948542 1344257.0000 -0.1960
-10.9850 77.1409 -25.9984 0.0000 1650405948596 1344311.0000 -0.1960
-10.9369 77.1253 -28.5633 0.0000 1650405948650 1344365.0000 -0.1960
-10.9400 77.0871 -29.9533 0.0000 1650405948705 1344419.0000 -0.1965
-10.9139 76.9802 -31.6278 0.0000 1650405948759 1344473.0000 -0.1965
-10.8245 76.7365 -32.9814 0.0000 1650405948813 1344527.0000 -0.1965
-10.7643 76.8295 -33.6176 0.0000 1650405948867 1344581.0000 -0.1960
-10.8978 76.8812 -35.5259 0.0000 1650405948921 1344635.0000 -0.1965
-10.7678 76.5024 -35.8095 0.0000 1650405948973 1344689.0000 -0.1969
-11.0531 76.5630 -34.9999 0.0000 1650405949027 1344743.0000 -0.1965
-11.0283 76.7163 -34.1324 0.0000 1650405949081 1344797.0000 -0.1965
-11.1777 76.8370 -32.1758 0.0000 1650405949136 1344851.0000 -0.1965
-11.1430 77.1102 -30.6484 0.0000 1650405949190 1344905.0000 -0.1969
-11.0177 77.0109 -30.0621 0.0000 1650405949244 1344959.0000 -0.1969
-11.0208 76.7669 -28.1698 0.0000 1650405949298 1345012.0000 -0.1974
-11.0341 76.9809 -27.1062 0.0000 1650405949352 1345066.0000 -0.1974
-10.8624 76.6455 -25.8721 0.0000 1650405949406 1345120.0000 -0.1969
-10.8710 77.0064 -25.4200 0.0000 1650405949460 1345174.0000 -0.1974
-10.9497 76.9425 -25.3028 0.0000 1650405949514 1345228.0000 -0.1974
-10.7475 76.6668 -25.1675 0.0000 1650405949567 1345282.0000 -0.1969
-10.8041 76.9755 -26.3482 0.0000 1650405949621 1345336.0000 -0.1969
-10.8476 77.0751 -27.9560 0.0000 1650405949675 1345390.0000 -0.1969
-10.9869 77.0180 -30.6176 0.0000 1650405949729 1345444.0000 -0.1969
-10.7929 76.8528 -32.1758 0.0000 1650405949783 1345498.0000 -0.1969
-10.8874 76.7000 -33.5376 0.0000 1650405949837 1345552.0000 -0.1969
-10.7635 76.7797 -34.7846 0.0000 1650405949891 1345606.0000 -0.1969
-10.7156 76.6332 -35.6023 0.0000 1650405949946 1345660.0000 -0.1965
-10.6442 76.6637 -35.4745 0.0000 1650405950000 1345714.0000 -0.1969
-10.8199 76.7182 -34.4155 0.0000 1650405950054 1345768.0000 -0.1969
-10.9371 76.8646 -34.0231 0.0000 1650405950108 1345822.0000 -0.1969
-11.0612 76.9774 -31.6808 0.0000 1650405950162 1345876.0000 -0.1965
-11.1834 76.9937 -29.8496 0.0000 1650405950214 1345930.0000 -0.1969
-11.1165 77.0431 -28.2231 0.0000 1650405950269 1345984.0000 -0.1969
-10.9002 76.9118 -27.6487 0.0000 1650405950323 1346038.0000 -0.1969
-10.7441 77.2579 -26.5169 0.0000 1650405950377 1346092.0000 -0.1969
-10.7114 77.0794 -25.4276 0.0000 1650405950431 1346146.0000 -0.1969
-11.2902 77.2418 -25.7798 0.0000 1650405950485 1346200.0000 -0.1965
-10.9118 76.9271 -25.9902 0.0000 1650405950539 1346254.0000 -0.1969
-10.5894 76.8552 -26.7084 0.0000 1650405950593 1346308.0000 -0.1969
-10.7468 76.9555 -27.9677 0.0000 1650405950648 1346362.0000 -0.1969
-10.8536 77.0469 -29.6993 0.0000 1650405950702 1346415.0000 -0.1965
-10.7372 76.8361 -31.3308 0.0000 1650405950756 1346469.0000 -0.1965
-10.8122 76.8030 -32.6681 0.0000 1650405950808 1346523.0000 -0.1965
-10.7195 76.6681 -34.1920 0.0000 1650405950862 1346577.0000 -0.1969
-10.7942 76.7338 -34.4967 0.0000 1650405950916 1346631.0000 -0.1969
-10.9398 76.6378 -35.5214 0.0000 1650405950970 1346685.0000 -0.1965
-10.7655 76.6690 -35.6999 0.0000 1650405951024 1346739.0000 -0.1965
-10.8591 76.7427 -33.2413 0.0000 1650405951079 1346793.0000 -0.1965
-10.9734 76.7650 -33.8832 0.0000 1650405951133 1346847.0000 -0.1965
-10.9229 77.0512 -31.0777 0.0000 1650405951187 1346901.0000 -0.1960
-11.0177 77.0292 -29.4132 0.0000 1650405951241 1346955.0000 -0.1960
-11.0915 77.0046 -27.5881 0.0000 1650405951295 1347009.0000 -0.1960
-10.9316 77.0090 -27.1509 0.0000 1650405951349 1347063.0000 -0.1960
-10.8406 77.2873 -26.1026 0.0000 1650405951401 1347117.0000 -0.1965
-10.5698 77.0407 -25.5258 0.0000 1650405951455 1347171.0000 -0.1969
-10.8264 76.8207 -24.7671 0.0000 1650405951510 1347225.0000 -0.1965
-10.7879 76.7148 -24.6828 0.0000 1650405951564 1347279.0000 -0.1965
-10.5369 76.9831 -27.0307 0.0000 1650405951618 1347333.0000 -0.1969
-10.8842 77.0851 -27.9215 0.0000 1650405951672 1347387.0000 -0.1965
-10.9475 77.0495 -30.0776 0.0000 1650405951726 1347441.0000 -0.1960
-10.6275 76.8415 -31.6873 0.0000 1650405951780 1347495.0000 -0.1960
-10.8899 76.8235 -33.3703 0.0000 1650405951834 1347549.0000 -0.1960
-10.7458 76.8119 -34.7451 0.0000 1650405951889 1347603.0000 -0.1960
-10.8067 76.8342 -35.6180 0.0000 1650405951943 1347657.0000 -0.1965
-10.9018 76.6645 -35.7060 0.0000 1650405951997 1347711.0000 -0.1969
-10.7461 76.9630 -33.5168 0.0000 1650405952049 1347764.0000 -0.1965
-10.8488 76.8381 -34.6314 0.0000 1650405952103 1347818.0000 -0.1965
-10.8369 76.8381 -33.2084 0.0000 1650405952157 1347872.0000 -0.1969
-10.9475 76.9586 -31.4443 0.0000 1650405952212 1347926.0000 -0.1965
-10.9128 77.1402 -28.7496 0.0000 1650405952265 1347980.0000 -0.1969
-10.9344 77.0804 -28.1522 0.0000 1650405952320 1348034.0000 -0.1965
-10.8862 77.2569 -25.7057 0.0000 1650405952374 1348088.0000 -0.1965
-10.7000 76.9618 -25.9919 0.0000 1650405952428 1348142.0000 -0.1965
-10.8242 77.1520 -25.4731 0.0000 1650405952482 1348196.0000 -0.1969
-11.2646 76.8989 -24.5861 0.0000 1650405952536 1348250.0000 -0.1969
-10.6657 76.5424 -24.8563 0.0000 1650405952591 1348304.0000 -0.1965
-10.7301 76.8561 -26.8721 0.0000 1650405952643 1348358.0000 -0.1969
-10.9249 76.8331 -29.0950 0.0000 1650405952697 1348412.0000 -0.1969
-10.7964 76.9939 -30.9357 0.0000 1650405952752 1348466.0000 -0.1965
-10.9844 76.8237 -32.5120 0.0000 1650405952805 1348520.0000 -0.1965
-10.8432 76.6155 -33.1315 0.0000 1650405952859 1348574.0000 -0.1965
-10.9275 76.7891 -34.8553 0.0000 1650405952913 1348628.0000 -0.1965
-10.5957 76.7657 -35.4451 0.0000 1650405952967 1348682.0000 -0.1965
-10.6436 76.7350 -35.6896 0.0000 1650405953022 1348736.0000 -0.1965
-10.9659 76.9343 -34.9011 0.0000 1650405953076 1348790.0000 -0.1969
-10.8367 76.9082 -33.9820 0.0000 1650405953130 1348844.0000 -0.1965
-10.9733 76.9877 -32.5883 0.0000 1650405953184 1348898.0000 -0.1965
-11.0851 76.9819 -30.7076 0.0000 1650405953238 1348952.0000 -0.1969
-11.0947 77.0879 -28.2286 0.0000 1650405953290 1349006.0000 -0.1965
-10.9023 77.1047 -26.5694 0.0000 1650405953344 1349060.0000 -0.1965
-10.9269 77.0895 -26.5118 0.0000 1650405953398 1349113.0000 -0.1965
-10.7495 77.3027 -25.5364 0.0000 1650405953453 1349167.0000 -0.1965
-10.8391 76.8825 -25.6100 0.0000 1650405953507 1349221.0000 -0.1965
-11.0717 76.9580 -24.3607 0.0000 1650405953561 1349275.0000 -0.1969
-10.5801 76.7672 -25.8546 0.0000 1650405953615 1349329.0000 -0.1969
-10.8253 77.0695 -27.4532 0.0000 1650405953669 1349383.0000 -0.1965
-10.5365 76.9345 -28.9920 0.0000 1650405953723 1349437.0000 -0.1965
-10.8180 76.9577 -31.2597 0.0000 1650405953777 1349491.0000 -0.1969
-10.8424 76.8834 -33.0636 0.0000 1650405953832 1349545.0000 -0.1969
-10.8764 76.9010 -34.3263 0.0000 1650405953884 1349599.0000 -0.1965
-10.8409 76.7120 -35.2153 0.0000 1650405953938 1349653.0000 -0.1965
-10.7212 76.9566 -35.7294 0.0000 1650405953992 1349707.0000 -0.1965
-10.6792 76.9109 -35.4900 0.0000 1650405954046 1349761.0000 -0.1969
-10.8498 76.8780 -34.5345 0.0000 1650405954100 1349815.0000 -0.1969
-10.8486 76.8939 -33.4682 0.0000 1650405954155 1349869.0000 -0.1974
-11.2362 76.9305 -31.8089 0.0000 1650405954209 1349923.0000 -0.1969
-11.1433 77.0701 -30.0650 0.0000 1650405954263 1349977.0000 -0.1969
-10.9769 76.9775 -27.5493 0.0000 1650405954317 1350031.0000 -0.1974
-10.7503 77.3831 -27.1632 0.0000 1650405954371 1350085.0000 -0.1969
-10.9212 77.1131 -26.0064 0.0000 1650405954425 1350139.0000 -0.1969
-10.7287 77.2809 -25.4988 0.0000 1650405954477 1350193.0000 -0.1969
-11.0152 77.1721 -24.5924 0.0000 1650405954532 1350247.0000 -0.1969
-10.7206 76.7980 -24.4760 0.0000 1650405954586 1350301.0000 -0.1969
-10.7694 76.9460 -27.1170 0.0000 1650405954640 1350355.0000 -0.1974
-10.7666 76.8640 -27.9525 0.0000 1650405954694 1350409.0000 -0.1974
-10.9210 76.8315 -30.4308 0.0000 1650405954748 1350462.0000 -0.1969
-10.9536 76.7912 -32.0603 0.0000 1650405954802 1350516.0000 -0.1974
-10.8305 76.7879 -33.5745 0.0000 1650405954856 1350570.0000 -0.1974
-10.7647 76.7578 -34.9631 0.0000 1650405954910 1350624.0000 -0.1974
-10.5742 76.8771 -35.7362 0.0000 1650405954965 1350678.0000 -0.1974
-10.7414 76.7754 -34.6612 0.0000 1650405955019 1350732.0000 -0.1974
-10.9035 76.7763 -34.5899 0.0000 1650405955073 1350786.0000 -0.1974
-10.9395 76.9172 -34.2209 0.0000 1650405955125 1350840.0000 -0.1974
-10.9868 76.9382 -32.9407 0.0000 1650405955179 1350894.0000 -0.1979
-11.1945 77.0061 -31.1904 0.0000 1650405955233 1350948.0000 -0.1979
-10.9071 77.1081 -29.2503 0.0000 1650405955287 1351002.0000 -0.1974
-10.8764 77.0832 -26.9216 0.0000 1650405955341 1351056.0000 -0.1979
-10.6645 77.0731 -26.5844 0.0000 1650405955396 1351110.0000 -0.1979
-10.7511 77.1181 -24.5767 0.0000 1650405955450 1351164.0000 -0.1979
-10.8053 77.0755 -25.5489 0.0000 1650405955504 1351218.0000 -0.1979
-10.9918 77.0141 -24.0862 0.0000 1650405955558 1351272.0000 -0.1974
-10.7820 76.8162 -25.4110 0.0000 1650405955612 1351326.0000 -0.1974
-10.5452 77.0396 -27.6490 0.0000 1650405955666 1351380.0000 -0.1974
-11.0446 77.0678 -28.8192 0.0000 1650405955720 1351434.0000 -0.1979
-10.8764 76.9034 -31.0172 0.0000 1650405955773 1351488.0000 -0.1979
-11.0072 76.6643 -31.8139 0.0000 1650405955827 1351542.0000 -0.1979
-10.8803 76.8516 -33.8936 0.0000 1650405955881 1351596.0000 -0.1979
-11.0570 76.6924 -35.1281 0.0000 1650405955935 1351650.0000 -0.1979
-10.7996 76.6832 -35.8317 0.0000 1650405955989 1351704.0000 -0.1974
-10.8665 76.7560 -35.4906 0.0000 1650405956043 1351758.0000 -0.1974
-10.8637 76.7997 -34.6508 0.0000 1650405956098 1351811.0000 -0.1974
-10.9173 76.8380 -33.7587 0.0000 1650405956151 1351865.0000 -0.1974
-11.1230 77.0513 -32.2989 0.0000 1650405956206 1351919.0000 -0.1974
-11.0699 77.0284 -30.5222 0.0000 1650405956260 1351973.0000 -0.1979
-11.0649 77.1129 -28.8787 0.0000 1650405956314 1352027.0000 -0.1979
-10.8756 77.1749 -26.4255 0.0000 1650405956366 1352081.0000 -0.1974
-10.7520 77.1060 -25.0532 0.0000 1650405956420 1352135.0000 -0.1979
-10.8243 76.9016 -25.7519 0.0000 1650405956474 1352189.0000 -0.1979
-10.9752 77.2017 -24.5789 0.0000 1650405956529 1352243.0000 -0.1979
-10.9752 76.9826 -25.9897 0.0000 1650405956583 1352297.0000 -0.1974
-10.6332 76.8395 -27.0536 0.0000 1650405956637 1352351.0000 -0.1974
-10.6806 77.1170 -28.1282 0.0000 1650405956691 1352405.0000 -0.1974
-11.0762 76.8679 -29.9979 0.0000 1650405956745 1352459.0000 -0.1974
-11.0597 76.8430 -30.5357 0.0000 1650405956799 1352513.0000 -0.1979
-10.9283 76.7216 -33.1794 0.0000 1650405956853 1352567.0000 -0.1979
-10.8765 76.7560 -33.7011 0.0000 1650405956908 1352621.0000 -0.1974
-10.6447 76.7673 -35.4089 0.0000 1650405956960 1352675.0000 -0.1979
-10.6615 76.7274 -35.6480 0.0000 1650405957014 1352729.0000 -0.1979
-10.9426 76.7805 -34.9863 0.0000 1650405957068 1352783.0000 -0.1974
-11.0603 76.9707 -34.4289 0.0000 1650405957122 1352837.0000 -0.1974
-11.0215 77.0289 -32.2031 0.0000 1650405957176 1352891.0000 -0.1974
-11.0564 77.0137 -31.8105 0.0000 1650405957230 1352945.0000 -0.1974
-11.2229 77.1923 -29.9442 0.0000 1650405957284 1352999.0000 -0.1974
-10.9059 77.1535 -28.3486 0.0000 1650405957339 1353053.0000 -0.1979
-10.8456 77.1669 -27.0749 0.0000 1650405957393 1353107.0000 -0.1979
-10.7422 76.9905 -26.0157 0.0000 1650405957447 1353160.0000 -0.1974
-10.7577 76.9330 -25.7331 0.0000 1650405957501 1353214.0000 -0.1979
-10.6762 77.0374 -24.5161 0.0000 1650405957555 1353268.0000 -0.1979
-10.7748 76.9084 -25.2494 0.0000 1650405957607 1353322.0000 -0.1979
-10.5537 77.1378 -27.0799 0.0000 1650405957661 1353376.0000 -0.1974
-11.1215 77.0886 -29.0718 0.0000 1650405957716 1353430.0000 -0.1969
-10.8976 76.7781 -30.6030 0.0000 1650405957770 1353484.0000 -0.1969
-10.9873 76.8585 -32.2037 0.0000 1650405957824 1353538.0000 -0.1974
-10.9102 76.8533 -33.3241 0.0000 1650405957878 1353592.0000 -0.1974
-10.9763 76.6790 -34.9137 0.0000 1650405957932 1353646.0000 -0.1974
-10.5974 76.5927 -35.7313 0.0000 1650405957986 1353700.0000 -0.1974
-10.5996 76.7073 -35.6855 0.0000 1650405958041 1353754.0000 -0.1974
-10.9658 76.8252 -34.8942 0.0000 1650405958094 1353808.0000 -0.1974
-10.9335 76.7842 -34.1153 0.0000 1650405958149 1353862.0000 -0.1974
-11.2198 76.9393 -31.6955 0.0000 1650405958201 1353916.0000 -0.1969
-11.3559 77.0360 -30.0741 0.0000 1650405958255 1353970.0000 -0.1969
-11.0113 77.1614 -28.1076 0.0000 1650405958309 1354024.0000 -0.1969
-10.8949 77.1427 -27.6253 0.0000 1650405958363 1354078.0000 -0.1969
-10.8990 77.0555 -26.5645 0.0000 1650405958417 1354132.0000 -0.1974
-10.9381 77.1094 -24.5732 0.0000 1650405958472 1354186.0000 -0.1974
-10.9340 77.0147 -24.7044 0.0000 1650405958526 1354240.0000 -0.1969
-10.8113 76.8633 -24.5434 0.0000 1650405958580 1354294.0000 -0.1974
-10.6778 76.9577 -25.5292 0.0000 1650405958634 1354348.0000 -0.1974
-10.8206 77.1453 -27.8840 0.0000 1650405958688 1354402.0000 -0.1969
-10.8728 77.2082 -29.3910 0.0000 1650405958742 1354456.0000 -0.1969
-11.0397 76.9793 -31.1488 0.0000 1650405958796 1354510.0000 -0.1969
-10.8886 76.6463 -32.7526 0.0000 1650405958849 1354563.0000 -0.1969
-10.7918 76.7066 -34.1630 0.0000 1650405958903 1354617.0000 -0.1974
-10.7601 76.6959 -34.1660 0.0000 1650405958957 1354671.0000 -0.1974
-10.6274 76.7396 -35.9577 0.0000 1650405959011 1354725.0000 -0.1974
-10.7862 76.6464 -35.7223 0.0000 1650405959065 1354779.0000 -0.1969
-11.1596 76.8275 -34.6442 0.0000 1650405959119 1354833.0000 -0.1974
-11.1073 76.9222 -33.6474 0.0000 1650405959173 1354887.0000 -0.1979
-11.2845 77.1012 -30.9030 0.0000 1650405959227 1354941.0000 -0.1979
-11.0982 77.1053 -30.5340 0.0000 1650405959282 1354995.0000 -0.1974
-11.0079 77.1392 -28.7970 0.0000 1650405959336 1355049.0000 -0.1974
-10.8453 76.9311 -26.2971 0.0000 1650405959390 1355103.0000 -0.1974
-11.0941 76.9201 -25.1311 0.0000 1650405959442 1355157.0000 -0.1974
-10.8317 77.0674 -25.4899 0.0000 1650405959496 1355211.0000 -0.1974
-10.8438 76.7921 -24.5310 0.0000 1650405959550 1355265.0000 -0.1974
-10.9424 76.7784 -26.0399 0.0000 1650405959604 1355319.0000 -0.1974
-10.7417 76.8936 -27.1042 0.0000 1650405959659 1355373.0000 -0.1974
-10.8648 77.1293 -28.3844 0.0000 1650405959713 1355427.0000 -0.1974
-11.0083 76.9571 -30.2183 0.0000 1650405959767 1355481.0000 -0.1969
-10.8659 76.8290 -31.6557 0.0000 1650405959821 1355535.0000 -0.1969
-10.9527 76.7708 -33.4979 0.0000 1650405959875 1355589.0000 -0.1969
-10.9527 76.7587 -34.5628 0.0000 1650405959929 1355643.0000 -0.1969
-10.6664 76.7630 -35.6388 0.0000 1650405959984 1355697.0000 -0.1974
-10.7430 76.6672 -35.8195 0.0000 1650405960036 1355751.0000 -0.1974
-10.8870 76.7514 -33.9973 0.0000 1650405960090 1355805.0000 -0.1974
-11.0984 76.7787 -34.2563 0.0000 1650405960144 1355859.0000 -0.1974
-11.2549 77.0061 -33.1439 0.0000 1650405960198 1355912.0000 -0.1974
-11.2191 77.1362 -31.5434 0.0000 1650405960252 1355966.0000 -0.1974
-11.0740 77.0039 -28.8702 0.0000 1650405960306 1356020.0000 -0.1969
-11.0446 77.2463 -28.2061 0.0000 1650405960361 1356074.0000 -0.1969
-10.9025 77.0335 -25.7997 0.0000 1650405960415 1356128.0000 -0.1969
-10.8560 76.9409 -26.0051 0.0000 1650405960469 1356182.0000 -0.1969
-10.7490 76.9654 -25.6367 0.0000 1650405960523 1356236.0000 -0.1974
-10.8391 76.9631 -24.7876 0.0000 1650405960577 1356290.0000 -0.1974
-10.8977 76.8765 -24.9661 0.0000 1650405960631 1356344.0000 -0.1974
-10.7307 76.9771 -26.4129 0.0000 1650405960683 1356398.0000 -0.1974
-11.1077 77.0184 -29.2802 0.0000 1650405960737 1356452.0000 -0.1979
-10.8516 76.9434 -30.6674 0.0000 1650405960792 1356506.0000 -0.1979
-11.1021 76.7491 -32.4372 0.0000 1650405960846 1356560.0000 -0.1979
-10.7652 76.7126 -33.6220 0.0000 1650405960900 1356614.0000 -0.1974
-10.8121 76.6749 -35.0965 0.0000 1650405960954 1356668.0000 -0.1974
-10.6322 76.6519 -35.7722 0.0000 1650405961008 1356722.0000 -0.1974
-10.6045 76.6275 -35.6266 0.0000 1650405961062 1356776.0000 -0.1979
-10.9253 76.6785 -34.9970 0.0000 1650405961116 1356830.0000 -0.1979
-11.0344 76.9775 -32.8737 0.0000 1650405961170 1356884.0000 -0.1979
-11.3205 76.9819 -32.4030 0.0000 1650405961225 1356938.0000 -0.1979
-11.2526 77.0089 -30.6645 0.0000 1650405961277 1356992.0000 -0.1984
-11.2477 77.1870 -28.2519 0.0000 1650405961331 1357046.0000 -0.1984
-11.1145 77.1402 -27.5709 0.0000 1650405961385 1357100.0000 -0.1979
-10.9024 77.2770 -26.4676 0.0000 1650405961439 1357154.0000 -0.1979
-10.8293 77.1477 -25.5889 0.0000 1650405961493 1357208.0000 -0.1979
-10.8936 76.9901 -25.7621 0.0000 1650405961547 1357261.0000 -0.1979
-10.8116 76.8871 -24.4279 0.0000 1650405961602 1357315.0000 -0.1984
-10.7696 76.8840 -25.5850 0.0000 1650405961656 1357369.0000 -0.1984
-10.8854 77.0180 -27.3378 0.0000 1650405961710 1357423.0000 -0.1984
-10.8816 77.0999 -29.7116 0.0000 1650405961764 1357477.0000 -0.1984
-11.0136 76.8613 -31.2088 0.0000 1650405961818 1357531.0000 -0.1989
-10.7729 76.8334 -33.0387 0.0000 1650405961872 1357585.0000 -0.1984
-10.7911 76.8706 -34.1036 0.0000 1650405961925 1357639.0000 -0.1984
-10.8744 76.7457 -35.3996 0.0000 1650405961979 1357693.0000 -0.1979
-10.6700 76.7824 -35.8841 0.0000 1650405962033 1357747.0000 -0.1979
-10.8507 76.7084 -35.5493 0.0000 1650405962087 1357801.0000 -0.1984
-11.0372 76.8073 -33.3949 0.0000 1650405962141 1357855.0000 -0.1984
-11.1583 76.9974 -33.5829 0.0000 1650405962195 1357909.0000 -0.1989
-11.1537 76.9588 -31.8464 0.0000 1650405962249 1357963.0000 -0.1984
-11.1907 77.0215 -30.0470 0.0000 1650405962304 1358017.0000 -0.1984
-11.0758 77.0231 -28.3361 0.0000 1650405962358 1358071.0000 -0.1984
-10.8759 77.0639 -27.0981 0.0000 1650405962412 1358125.0000 -0.1984
-10.8326 76.9661 -26.0437 0.0000 1650405962466 1358179.0000 -0.1984
-10.9591 76.9496 -25.5742 0.0000 1650405962518 1358233.0000 -0.1984
-10.8649 77.0017 -24.5113 0.0000 1650405962572 1358287.0000 -0.1979
-10.8052 76.6666 -24.7311 0.0000 1650405962626 1358341.0000 -0.1979
-10.8067 76.9202 -26.8964 0.0000 1650405962680 1358395.0000 -0.1984
-10.9123 77.1165 -28.8002 0.0000 1650405962735 1358449.0000 -0.1984
-10.9277 76.9436 -30.2963 0.0000 1650405962789 1358503.0000 -0.1979
-10.8977 76.8663 -32.0657 0.0000 1650405962843 1358557.0000 -0.1984
-10.9809 76.8526 -33.6241 0.0000 1650405962897 1358610.0000 -0.1984
-10.7886 76.6965 -34.9094 0.0000 1650405962951 1358664.0000 -0.1984
-10.6971 76.7564 -35.6276 0.0000 1650405963005 1358718.0000 -0.1984
-10.6388 76.6260 -35.8488 0.0000 1650405963059 1358772.0000 -0.1979
-11.0879 76.7879 -34.9978 0.0000 1650405963113 1358826.0000 -0.1979
-11.0813 76.9044 -34.1274 0.0000 1650405963166 1358880.0000 -0.1984
-11.2752 76.8579 -33.0310 0.0000 1650405963220 1358934.0000 -0.1984
-11.1542 76.9271 -31.1896 0.0000 1650405963274 1358988.0000 -0.1984
-11.0845 77.0412 -29.3959 0.0000 1650405963328 1359042.0000 -0.1984
-10.9123 76.9579 -26.9204 0.0000 1650405963382 1359096.0000 -0.1989
-10.8723 77.0357 -26.7378 0.0000 1650405963436 1359150.0000 -0.1989
-10.7382 77.1065 -25.9055 0.0000 1650405963490 1359204.0000 -0.1984
-10.9066 76.9609 -25.6495 0.0000 1650405963545 1359258.0000 -0.1989
-10.9834 76.8760 -25.8566 0.0000 1650405963599 1359312.0000 -0.1984
-10.8746 76.7067 -26.5012 0.0000 1650405963653 1359366.0000 -0.1984
-10.8971 76.9877 -27.6496 0.0000 1650405963707 1359420.0000 -0.1984
-10.8374 76.8638 -29.3905 0.0000 1650405963759 1359474.0000 -0.1989
-10.9224 76.8868 -31.0914 0.0000 1650405963813 1359528.0000 -0.1989
-10.8964 76.8889 -32.6007 0.0000 1650405963868 1359582.0000 -0.1979
-10.8429 76.9122 -34.1283 0.0000 1650405963921 1359636.0000 -0.1984
-10.7344 76.8935 -34.9456 0.0000 1650405963976 1359690.0000 -0.1984
-10.4199 76.8834 -35.8303 0.0000 1650405964030 1359744.0000 -0.1984
-10.7627 76.7538 -35.4634 0.0000 1650405964084 1359798.0000 -0.1984
-10.9797 76.8967 -34.7082 0.0000 1650405964138 1359852.0000 -0.1979
-11.1370 76.7457 -33.9361 0.0000 1650405964192 1359906.0000 -0.1979
-11.2959 76.8879 -32.2130 0.0000 1650405964247 1359959.0000 -0.1979
-11.2093 76.9327 -30.7598 0.0000 1650405964301 1360013.0000 -0.1984
-11.1356 77.0238 -29.0549 0.0000 1650405964353 1360067.0000 -0.1984
-10.9005 76.9930 -27.4637 0.0000 1650405964407 1360121.0000 -0.1979
-10.9734 77.0066 -26.3966 0.0000 1650405964461 1360175.0000 -0.1984
-10.8233 76.9976 -25.3696 0.0000 1650405964515 1360229.0000 -0.1984
-10.8240 76.9158 -25.6723 0.0000 1650405964569 1360283.0000 -0.1979
-11.0189 76.9730 -24.8706 0.0000 1650405964623 1360337.0000 -0.1979
-10.8929 76.8134 -26.0104 0.0000 1650405964678 1360391.0000 -0.1979
-10.8518 77.0664 -28.3188 0.0000 1650405964732 1360445.0000 -0.1979
-11.0089 77.0386 -30.2357 0.0000 1650405964786 1360499.0000 -0.1984
-10.9540 76.9754 -31.8364 0.0000 1650405964840 1360553.0000 -0.1984
-10.8536 76.7778 -33.1192 0.0000 1650405964894 1360607.0000 -0.1984
-10.8632 76.8366 -34.3727 0.0000 1650405964948 1360661.0000 -0.1979
-10.6964 76.8397 -35.3554 0.0000 1650405965000 1360715.0000 -0.1984
-10.6893 76.8207 -35.7396 0.0000 1650405965054 1360769.0000 -0.1984
-10.9075 76.8224 -35.2476 0.0000 1650405965109 1360823.0000 -0.1984
-11.1671 76.7555 -34.1688 0.0000 1650405965163 1360877.0000 -0.1984
-11.1519 76.9194 -32.1996 0.0000 1650405965217 1360931.0000 -0.1979
-11.2281 76.9587 -31.6544 0.0000 1650405965271 1360985.0000 -0.1979
-11.0801 77.0627 -30.0643 0.0000 1650405965325 1361039.0000 -0.1979
-11.0664 77.0089 -28.1431 0.0000 1650405965379 1361093.0000 -0.1979
-10.8041 77.0540 -25.7659 0.0000 1650405965433 1361147.0000 -0.1979
-10.7105 77.2048 -25.9872 0.0000 1650405965488 1361201.0000 -0.1974
-11.0303 77.0214 -25.4683 0.0000 1650405965542 1361255.0000 -0.1979
-10.9238 77.0895 -25.4587 0.0000 1650405965594 1361308.0000 -0.1974
-10.9579 76.9621 -24.7933 0.0000 1650405965648 1361362.0000 -0.1974
-10.8462 76.8621 -26.4878 0.0000 1650405965702 1361416.0000 -0.1974
-10.9350 76.9697 -28.8778 0.0000 1650405965756 1361470.0000 -0.1974
-10.9685 76.9528 -30.4423 0.0000 1650405965811 1361524.0000 -0.1974
-10.9631 76.9298 -32.2332 0.0000 1650405965864 1361578.0000 -0.1974
-10.8259 76.7595 -33.7712 0.0000 1650405965919 1361632.0000 -0.1979
-10.7003 76.7333 -35.0174 0.0000 1650405965973 1361686.0000 -0.1974
