-10.2740 76.0274 -30.8219 0.0000 1650405935537 1331253.0000 -0.1984
-10.8611 76.0274 -28.4736 0.0000 1650405935591 1331307.0000 -0.1984
-10.8611 76.0274 -30.8219 0.0000 1650405935645 1331361.0000 -0.1984
-10.2740 76.0274 -28.4736 0.0000 1650405935699 1331415.0000 -0.1979
-10.2740 76.0274 -28.4736 0.0000 1650405935753 1331468.0000 -0.1984
-10.8611 76.0274 -30.8219 0.0000 1650405935807 1331522.0000 -0.1984
-10.8611 76.0274 -28.4736 0.0000 1650405935861 1331576.0000 -0.1984
-10.2740 76.0274 -30.8219 0.0000 1650405935916 1331630.0000 -0.1989
-10.2740 76.0274 -28.4736 0.0000 1650405935968 1331684.0000 -0.1984
-10.2740 76.0274 -28.4736 0.0000 1650405936022 1331738.0000 -0.1984
-10.2740 76.0274 -28.4736 0.0000 1650405936076 1331792.0000 -0.1989
-10.8611 76.0274 -28.4736 0.0000 1650405936130 1331846.0000 -0.1989
-10.2740 76.0274 -30.8219 0.0000 1650405936184 1331900.0000 -0.1984
-10.8611 76.0274 -30.8219 0.0000 1650405936238 1331954.0000 -0.1984
-10.2740 76.0274 -30.8219 0.0000 1650405936292 1332008.0000 -0.1984
-10.8611 76.0274 -30.8219 0.0000 1650405936347 1332062.0000 -0.1984
-10.8611 76.0274 -30.8219 0.0000 1650405936401 1332116.0000 -0.1984
-10.8611 76.0274 -28.4736 0.0000 1650405936455 1332170.0000 -0.1989
-10.8611 76.0274 -28.4736 0.0000 1650405936509 1332224.0000 -0.1984
-10.8611 76.0274 -28.4736 0.0000 1650405936563 1332278.0000 -0.1984
-10.8611 76.0274 -28.4736 0.0000 1650405936615 1332332.0000 -0.1984
-10.8611 76.0274 -30.8219 0.0000 1650405936669 1332386.0000 -0.1984
-10.8611 76.0274 -28.4736 0.0000 1650405936724 1332440.0000 -0.1984
-10.8611 76.0274 -30.8219 0.0000 1650405936778 1332494.0000 -0.1979
-10.8611 76.0274 -28.4736 0.0000 1650405936832 1332548.0000 -0.1984
-10.2740 76.0274 -30.8219 0.0000 1650405936886 1332602.0000 -0.1984
-10.8611 76.0274 -28.4736 0.0000 1650405936940 1332656.0000 -0.1989
-10.8611 76.0274 -28.4736 0.0000 1650405936994 1332710.0000 -0.1989
-10.8611 76.0274 -30.8219 0.0000 1650405937049 1332764.0000 -0.1984
-10.8611 76.0274 -28.4736 0.0000 1650405937103 1332817.0000 -0.1984
-10.8611 76.0274 -28.4736 0.0000 1650405937157 1332871.0000 -0.1984
-10.8611 76.0274 -30.8219 0.0000 1650405937209 1332925.0000 -0.1984
-10.2740 76.0274 -30.8219 0.0000 1650405937263 1332979.0000 -0.1984
-10.8611 76.0274 -30.8219 0.0000 1650405937317 1333033.0000 -0.1979
-10.8611 76.0274 -30.8219 0.0000 1650405937371 1333087.0000 -0.1984
-10.2740 76.0274 -30.8219 0.0000 1650405937426 1333141.0000 -0.1984
-10.8611 76.0274 -30.8219 0.0000 1650405937480 1333195.0000 -0.1989
-10.2740 76.0274 -28.4736 0.0000 1650405937534 1333249.0000 -0.1989
-10.2740 76.0274 -30.8219 0.0000 1650405937588 1333303.0000 -0.1989
-10.8611 76.0274 -28.4736 0.0000 1650405937642 1333357.0000 -0.1989
-10.8611 76.0274 -28.4736 0.0000 1650405937696 1333411.0000 -0.1994
-10.8611 76.0274 -30.8219 0.0000 1650405937750 1333465.0000 -0.1989
-10.8611 76.0274 -28.4736 0.0000 1650405937804 1333519.0000 -0.1989
-10.8611 76.0274 -28.4736 0.0000 1650405937857 1333573.0000 -0.1984
-10.8611 76.0274 -30.8219 0.0000 1650405937911 1333627.0000 -0.1989
-10.8611 76.0274 -28.4736 0.0000 1650405937965 1333681.0000 -0.1989
-10.8611 76.0274 -30.8219 0.0000 1650405938019 1333735.0000 -0.1989
-10.8611 76.0274 -30.8219 0.0000 1650405938073 1333789.0000 -0.1994
-10.8611 76.6145 -30.8219 0.0000 1650405938127 1333843.0000 -0.1989
-10.8611 76.0274 -28.4736 0.0000 1650405938181 1333897.0000 -0.1989
-10.2740 76.0274 -28.4736 0.0000 1650405938235 1333951.0000 -0.1989
-10.2740 76.0274 -27.2994 0.0000 1650405938290 1334005.0000 -0.1989
-10.2740 76.6145 -26.1252 0.0000 1650405938344 1334059.0000 -0.1989
-10.2740 76.0274 -23.7769 0.0000 1650405938398 1334113.0000 -0.1984
-10.2740 76.0274 -25.5382 0.0000 1650405938450 1334166.0000 -0.1984
-10.2740 76.0274 -24.3640 0.0000 1650405938504 1334220.0000 -0.1984
-10.2740 76.0274 -27.2994 0.0000 1650405938558 1334274.0000 -0.1989
-10.2740 76.0274 -26.7123 0.0000 1650405938612 1334328.0000 -0.1989
-10.2740 76.0274 -30.2348 0.0000 1650405938667 1334382.0000 -0.1984
-10.2740 76.0274 -31.9961 0.0000 1650405938721 1334436.0000 -0.1989
-10.2740 76.0274 -33.7573 0.0000 1650405938775 1334490.0000 -0.1989
-10.2740 76.0274 -34.9315 0.0000 1650405938829 1334544.0000 -0.1989
-10.2740 76.0274 -35.5186 0.0000 1650405938883 1334598.0000 -0.1989
-10.2740 76.0274 -35.5186 0.0000 1650405938937 1334652.0000 -0.1989
-10.2740 76.0274 -33.1703 0.0000 1650405938992 1334706.0000 -0.1984
-10.2740 76.0274 -34.3444 0.0000 1650405939045 1334760.0000 -0.1984
-10.2740 76.0274 -33.1703 0.0000 1650405939098 1334814.0000 -0.1989
-10.2740 76.0274 -31.4090 0.0000 1650405939152 1334868.0000 -0.1989
-10.2740 76.0274 -29.6477 0.0000 1650405939206 1334922.0000 -0.1984
-10.2740 76.0274 -26.1252 0.0000 1650405939260 1334976.0000 -0.1989
-10.2740 76.0274 -26.7123 0.0000 1650405939314 1335030.0000 -0.1989
-10.2740 76.0274 -23.7769 0.0000 1650405939369 1335084.0000 -0.1984
-10.2740 76.0274 -25.5382 0.0000 1650405939423 1335138.0000 -0.1984
-10.2740 76.0274 -23.7769 0.0000 1650405939477 1335192.0000 -0.1984
-10.2740 76.0274 -26.7123 0.0000 1650405939531 1335246.0000 -0.1984
-10.2740 76.0274 -27.8865 0.0000 1650405939585 1335300.0000 -0.1984
-10.2740 76.0274 -29.6477 0.0000 1650405939639 1335354.0000 -0.1989
-10.2740 76.0274 -31.4090 0.0000 1650405939691 1335408.0000 -0.1989
-10.2740 76.0274 -30.8219 0.0000 1650405939745 1335462.0000 -0.1984
-10.2740 76.0274 -31.9961 0.0000 1650405939800 1335515.0000 -0.1984
-10.2740 76.0274 -33.1703 0.0000 1650405939854 1335569.0000 -0.1989
-10.2740 76.0274 -35.5186 0.0000 1650405939908 1335623.0000 -0.1979
-9.6869 76.0274 -35.5186 0.0000 1650405939962 1335677.0000 -0.1979
-10.2740 76.0274 -34.9315 0.0000 1650405940016 1335731.0000 -0.1984
-10.2740 76.0274 -33.7573 0.0000 1650405940070 1335785.0000 -0.1979
-10.2740 76.0274 -32.5832 0.0000 1650405940124 1335839.0000 -0.1984
-10.2740 76.0274 -30.8219 0.0000 1650405940178 1335893.0000 -0.1984
-10.2740 76.0274 -29.0607 0.0000 1650405940233 1335947.0000 -0.1984
-10.2740 76.0274 -25.5382 0.0000 1650405940285 1336001.0000 -0.1979
-10.2740 76.0274 -24.3640 0.0000 1650405940339 1336055.0000 -0.1984
-10.2740 76.0274 -25.5382 0.0000 1650405940393 1336109.0000 -0.1984
-10.2740 76.0274 -23.7769 0.0000 1650405940447 1336163.0000 -0.1984
-10.2740 76.6145 -26.1252 0.0000 1650405940501 1336217.0000 -0.1984
-10.2740 76.0274 -24.9511 0.0000 1650405940555 1336271.0000 -0.1984
-10.2740 76.0274 -28.4736 0.0000 1650405940610 1336325.0000 -0.1984
-10.2740 76.0274 -30.2348 0.0000 1650405940664 1336379.0000 -0.1984
-10.2740 76.0274 -31.9961 0.0000 1650405940718 1336433.0000 -0.1984
-10.2740 76.0274 -33.1703 0.0000 1650405940772 1336487.0000 -0.1984
-10.2740 76.0274 -34.3444 0.0000 1650405940826 1336541.0000 -0.1979
-10.2740 76.0274 -35.5186 0.0000 1650405940880 1336595.0000 -0.1984
-10.2740 76.0274 -35.5186 0.0000 1650405940933 1336649.0000 -0.1984
-10.2740 76.0274 -35.5186 0.0000 1650405940986 1336703.0000 -0.1974
-10.2740 76.0274 -34.3444 0.0000 1650405941041 1336757.0000 -0.1974
-10.2740 76.0274 -33.1703 0.0000 1650405941095 1336811.0000 -0.1974
-10.2740 76.0274 -31.9961 0.0000 1650405941149 1336864.0000 -0.1974
-10.2740 76.0274 -30.2348 0.0000 1650405941203 1336918.0000 -0.1974
-10.2740 76.0274 -28.4736 0.0000 1650405941257 1336972.0000 -0.1979
-10.2740 76.0274 -27.2994 0.0000 1650405941312 1337026.0000 -0.1979
-10.2740 76.0274 -26.1252 0.0000 1650405941366 1337080.0000 -0.1974
-10.2740 76.0274 -25.5382 0.0000 1650405941420 1337134.0000 -0.1979
-10.2740 76.0274 -23.7769 0.0000 1650405941474 1337188.0000 -0.1979
-10.2740 76.0274 -26.7123 0.0000 1650405941526 1337242.0000 -0.1979
-10.2740 76.0274 -25.5382 0.0000 1650405941580 1337296.0000 -0.1974
-10.2740 76.0274 -26.7123 0.0000 1650405941634 1337350.0000 -0.1974
-10.2740 76.0274 -30.8219 0.0000 1650405941688 1337404.0000 -0.1974
-10.2740 76.0274 -32.5832 0.0000 1650405941743 1337458.0000 -0.1979
-10.2740 76.0274 -33.7573 0.0000 1650405941797 1337512.0000 -0.1979
-10.2740 76.0274 -34.9315 0.0000 1650405941851 1337566.0000 -0.1974
-10.2740 76.0274 -33.7573 0.0000 1650405941905 1337620.0000 -0.1974
-10.2740 76.0274 -35.5186 0.0000 1650405941959 1337674.0000 -0.1979
-10.2740 76.0274 -34.9315 0.0000 1650405942013 1337728.0000 -0.1979
-10.2740 76.0274 -34.3444 0.0000 1650405942067 1337782.0000 -0.1969
-10.2740 76.0274 -30.8219 0.0000 1650405942121 1337836.0000 -0.1969
-10.2740 76.0274 -29.0607 0.0000 1650405942174 1337890.0000 -0.1969
-10.2740 76.0274 -27.2994 0.0000 1650405942228 1337944.0000 -0.1969
-10.2740 76.0274 -27.8865 0.0000 1650405942282 1337998.0000 -0.1974
-10.2740 76.6145 -26.7123 0.0000 1650405942336 1338052.0000 -0.1979
-10.2740 76.0274 -25.5382 0.0000 1650405942390 1338106.0000 -0.1974
-10.2740 76.0274 -25.5382 0.0000 1650405942444 1338160.0000 -0.1974
-10.2740 76.6145 -23.7769 0.0000 1650405942498 1338214.0000 -0.1974
-10.2740 76.0274 -24.9511 0.0000 1650405942552 1338267.0000 -0.1979
-10.2740 76.0274 -26.1252 0.0000 1650405942607 1338321.0000 -0.1969
-10.2740 76.0274 -29.6477 0.0000 1650405942661 1338375.0000 -0.1969
-10.2740 76.0274 -31.4090 0.0000 1650405942715 1338429.0000 -0.1969
-10.2740 76.0274 -33.1703 0.0000 1650405942767 1338483.0000 -0.1969
-10.2740 76.0274 -34.3444 0.0000 1650405942821 1338537.0000 -0.1974
-10.2740 76.0274 -35.5186 0.0000 1650405942875 1338591.0000 -0.1974
-10.2740 76.0274 -35.5186 0.0000 1650405942929 1338645.0000 -0.1974
-10.2740 76.0274 -35.5186 0.0000 1650405942984 1338699.0000 -0.1974
-10.2740 76.0274 -34.9315 0.0000 1650405943038 1338753.0000 -0.1979
-10.2740 76.0274 -33.7573 0.0000 1650405943092 1338807.0000 -0.1979
-10.2740 76.0274 -31.9961 0.0000 1650405943146 1338861.0000 -0.1979
-10.2740 76.0274 -28.4736 0.0000 1650405943200 1338915.0000 -0.1974
-10.2740 76.0274 -26.7123 0.0000 1650405943255 1338969.0000 -0.1974
-10.2740 76.0274 -27.2994 0.0000 1650405943309 1339023.0000 -0.1974
-10.2740 76.0274 -24.3640 0.0000 1650405943363 1339077.0000 -0.1974
-10.2740 76.6145 -25.5382 0.0000 1650405943415 1339131.0000 -0.1974
-10.2740 76.0274 -23.7769 0.0000 1650405943469 1339185.0000 -0.1974
-10.2740 76.0274 -26.1252 0.0000 1650405943523 1339239.0000 -0.1969
-10.2740 76.0274 -27.2994 0.0000 1650405943577 1339293.0000 -0.1974
-10.2740 76.0274 -28.4736 0.0000 1650405943631 1339347.0000 -0.1974
-10.2740 76.0274 -30.2348 0.0000 1650405943686 1339401.0000 -0.1969
-10.2740 76.0274 -31.9961 0.0000 1650405943740 1339455.0000 -0.1969
-10.2740 76.0274 -33.7573 0.0000 1650405943794 1339509.0000 -0.1969
-10.2740 76.0274 -34.9315 0.0000 1650405943848 1339563.0000 -0.1969
-10.2740 76.0274 -35.5186 0.0000 1650405943902 1339616.0000 -0.1969
-10.2740 76.0274 -35.5186 0.0000 1650405943956 1339670.0000 -0.1969
-10.2740 76.0274 -33.1703 0.0000 1650405944008 1339724.0000 -0.1969
-10.2740 76.0274 -34.3444 0.0000 1650405944062 1339778.0000 -0.1965
-10.2740 76.0274 -33.1703 0.0000 1650405944117 1339832.0000 -0.1969
-10.2740 76.0274 -29.6477 0.0000 1650405944171 1339886.0000 -0.1965
-10.2740 76.0274 -27.8865 0.0000 1650405944225 1339940.0000 -0.1960
-10.2740 76.6145 -26.1252 0.0000 1650405944279 1339994.0000 -0.1960
-10.2740 76.0274 -24.9511 0.0000 1650405944333 1340048.0000 -0.1965
-10.2740 76.0274 -26.1252 0.0000 1650405944387 1340102.0000 -0.1965
-10.2740 76.0274 -23.7769 0.0000 1650405944442 1340156.0000 -0.1969
-10.2740 76.0274 -25.5382 0.0000 1650405944496 1340210.0000 -0.1969
-10.2740 76.0274 -26.7123 0.0000 1650405944550 1340264.0000 -0.1965
-10.2740 76.0274 -25.5382 0.0000 1650405944604 1340318.0000 -0.1965
-10.2740 76.0274 -29.0607 0.0000 1650405944656 1340372.0000 -0.1965
-10.2740 76.0274 -30.8219 0.0000 1650405944710 1340426.0000 -0.1965
-10.2740 76.0274 -32.5832 0.0000 1650405944764 1340480.0000 -0.1965
-10.2740 76.0274 -34.3444 0.0000 1650405944819 1340534.0000 -0.1960
-10.2740 76.0274 -34.9315 0.0000 1650405944873 1340588.0000 -0.1960
-10.2740 76.0274 -35.5186 0.0000 1650405944927 1340642.0000 -0.1960
-10.2740 76.0274 -35.5186 0.0000 1650405944981 1340696.0000 -0.1965
-10.2740 76.0274 -34.9315 0.0000 1650405945035 1340750.0000 -0.1965
-10.2740 76.0274 -34.3444 0.0000 1650405945089 1340804.0000 -0.1960
-10.2740 76.0274 -32.5832 0.0000 1650405945143 1340858.0000 -0.1960
-10.2740 76.0274 -30.8219 0.0000 1650405945197 1340912.0000 -0.1965
-10.2740 76.0274 -29.0607 0.0000 1650405945250 1340965.0000 -0.1960
-10.2740 76.0274 -27.8865 0.0000 1650405945304 1341019.0000 -0.1960
-10.2740 76.0274 -26.7123 0.0000 1650405945358 1341073.0000 -0.1960
-10.2740 76.0274 -25.5382 0.0000 1650405945412 1341127.0000 -0.1960
-10.2740 76.0274 -23.7769 0.0000 1650405945466 1341181.0000 -0.1960
-10.2740 76.6145 -26.1252 0.0000 1650405945520 1341235.0000 -0.1960
-10.2740 76.0274 -24.9511 0.0000 1650405945574 1341289.0000 -0.1965
-10.2740 76.0274 -26.1252 0.0000 1650405945628 1341343.0000 -0.1960
-10.2740 76.0274 -29.6477 0.0000 1650405945683 1341397.0000 -0.1960
-10.2740 76.0274 -31.4090 0.0000 1650405945737 1341451.0000 -0.1965
-10.2740 76.0274 -33.1703 0.0000 1650405945791 1341505.0000 -0.1960
-10.2740 76.0274 -34.3444 0.0000 1650405945843 1341559.0000 -0.1955
-10.2740 76.0274 -35.5186 0.0000 1650405945897 1341613.0000 -0.1955
-10.2740 76.0274 -35.5186 0.0000 1650405945951 1341667.0000 -0.1955
-10.2740 76.0274 -35.5186 0.0000 1650405946005 1341721.0000 -0.1955
-10.2740 76.0274 -34.3444 0.0000 1650405946060 1341775.0000 -0.1960
-10.2740 76.0274 -33.7573 0.0000 1650405946114 1341829.0000 -0.1965
-10.2740 76.0274 -31.9961 0.0000 1650405946168 1341883.0000 -0.1960
-10.2740 76.0274 -30.2348 0.0000 1650405946222 1341937.0000 -0.1960
-10.2740 76.0274 -26.7123 0.0000 1650405946276 1341991.0000 -0.1960
-10.2740 76.0274 -27.2994 0.0000 1650405946330 1342045.0000 -0.1960
-10.2740 76.0274 -26.1252 0.0000 1650405946385 1342099.0000 -0.1955
-10.2740 76.0274 -25.5382 0.0000 1650405946438 1342153.0000 -0.1955
-10.2740 76.0274 -23.7769 0.0000 1650405946491 1342207.0000 -0.1955
-10.2740 76.0274 -24.3640 0.0000 1650405946545 1342261.0000 -0.1955
-10.2740 76.0274 -27.2994 0.0000 1650405946599 1342314.0000 -0.1965
-9.6869 76.0274 -26.7123 0.0000 1650405946653 1342368.0000 -0.1965
-10.2740 76.0274 -28.4736 0.0000 1650405946707 1342422.0000 -0.1960
-10.2740 76.0274 -31.9961 0.0000 1650405946762 1342476.0000 -0.1965
-10.2740 76.0274 -33.7573 0.0000 1650405946816 1342530.0000 -0.1960
-10.2740 76.0274 -34.9315 0.0000 1650405946870 1342584.0000 -0.1965
-10.2740 76.0274 -35.5186 0.0000 1650405946924 1342638.0000 -0.1965
-10.2740 76.0274 -35.5186 0.0000 1650405946978 1342692.0000 -0.1960
-10.2740 76.0274 -34.9315 0.0000 1650405947032 1342746.0000 -0.1960
-10.2740 76.0274 -34.3444 0.0000 1650405947084 1342800.0000 -0.1960
-10.2740 76.0274 -33.1703 0.0000 1650405947138 1342854.0000 -0.1965
-10.2740 76.0274 -31.4090 0.0000 1650405947193 1342908.0000 -0.1960
-10.2740 76.0274 -29.6477 0.0000 1650405947247 1342962.0000 -0.1955
-10.2740 76.0274 -26.1252 0.0000 1650405947301 1343016.0000 -0.1960
-10.2740 76.0274 -26.7123 0.0000 1650405947355 1343070.0000 -0.1965
-10.2740 76.0274 -26.1252 0.0000 1650405947409 1343124.0000 -0.1965
-10.2740 76.0274 -25.5382 0.0000 1650405947463 1343178.0000 -0.1960
-10.2740 76.0274 -26.1252 0.0000 1650405947517 1343232.0000 -0.1960
-10.2740 76.0274 -26.7123 0.0000 1650405947571 1343286.0000 -0.1960
-10.2740 76.0274 -27.8865 0.0000 1650405947626 1343340.0000 -0.1960
-10.2740 76.0274 -29.6477 0.0000 1650405947680 1343394.0000 -0.1965
-10.2740 76.0274 -29.0607 0.0000 1650405947732 1343448.0000 -0.1965
-10.2740 76.0274 -32.5832 0.0000 1650405947786 1343502.0000 -0.1960
-10.2740 76.0274 -34.3444 0.0000 1650405947840 1343556.0000 -0.1965
-10.2740 76.0274 -34.9315 0.0000 1650405947894 1343610.0000 -0.1965
-10.2740 76.0274 -33.7573 0.0000 1650405947948 1343663.0000 -0.1960
-10.2740 76.0274 -35.5186 0.0000 1650405948002 1343717.0000 -0.1960
-10.2740 76.0274 -34.9315 0.0000 1650405948057 1343771.0000 -0.1960
-10.2740 76.0274 -33.7573 0.0000 1650405948111 1343825.0000 -0.1960
-10.2740 76.0274 -32.5832 0.0000 1650405948165 1343879.0000 -0.1960
-10.2740 76.0274 -28.4736 0.0000 1650405948219 1343933.0000 -0.1965
-10.2740 76.0274 -26.7123 0.0000 1650405948273 1343987.0000 -0.1965
-10.2740 76.0274 -25.5382 0.0000 1650405948326 1344041.0000 -0.1960
-10.2740 76.0274 -26.7123 0.0000 1650405948380 1344095.0000 -0.1965
-10.2740 76.0274 -25.5382 0.0000 1650405948434 1344149.0000 -0.1965
-10.2740 76.6145 -25.5382 0.0000 1650405948488 1344203.0000 -0.1960
-10.2740 76.0274 -24.3640 0.0000 1650405948542 1344257.0000 -0.1960
-10.2740 76.0274 -24.9511 0.0000 1650405948596 1344311.0000 -0.1960
-10.2740 76.0274 -28.4736 0.0000 1650405948650 1344365.0000 -0.1960
-10.2740 76.0274 -30.2348 0.0000 1650405948705 1344419.0000 -0.1965
-10.2740 76.0274 -31.9961 0.0000 1650405948759 1344473.0000 -0.1965
-10.2740 76.0274 -33.1703 0.0000 1650405948813 1344527.0000 -0.1965
-10.2740 76.0274 -32.5832 0.0000 1650405948867 1344581.0000 -0.1960
-10.2740 76.0274 -35.5186 0.0000 1650405948921 1344635.0000 -0.1965
-10.2740 76.0274 -35.5186 0.0000 1650405948973 1344689.0000 -0.1969
-10.2740 76.0274 -35.5186 0.0000 1650405949027 1344743.0000 -0.1965
-10.2740 76.0274 -34.3444 0.0000 1650405949081 1344797.0000 -0.1965
-10.2740 76.0274 -31.4090 0.0000 1650405949136 1344851.0000 -0.1965
-10.2740 76.0274 -29.6477 0.0000 1650405949190 1344905.0000 -0.1969
-10.2740 76.0274 -30.2348 0.0000 1650405949244 1344959.0000 -0.1969
-10.2740 76.0274 -28.4736 0.0000 1650405949298 1345012.0000 -0.1974
-10.2740 76.0274 -27.2994 0.0000 1650405949352 1345066.0000 -0.1974
-10.2740 76.0274 -26.1252 0.0000 1650405949406 1345120.0000 -0.1969
-10.2740 76.0274 -25.5382 0.0000 1650405949460 1345174.0000 -0.1974
-10.2740 76.6145 -25.5382 0.0000 1650405949514 1345228.0000 -0.1974
-10.2740 76.0274 -24.3640 0.0000 1650405949567 1345282.0000 -0.1969
-10.2740 76.0274 -25.5382 0.0000 1650405949621 1345336.0000 -0.1969
-10.2740 76.0274 -26.7123 0.0000 1650405949675 1345390.0000 -0.1969
-10.2740 76.0274 -30.8219 0.0000 1650405949729 1345444.0000 -0.1969
-10.2740 76.0274 -32.5832 0.0000 1650405949783 1345498.0000 -0.1969
-10.2740 76.0274 -33.7573 0.0000 1650405949837 1345552.0000 -0.1969
-10.2740 76.0274 -34.9315 0.0000 1650405949891 1345606.0000 -0.1969
-10.2740 76.0274 -35.5186 0.0000 1650405949946 1345660.0000 -0.1965
-10.2740 76.0274 -35.5186 0.0000 1650405950000 1345714.0000 -0.1969
-10.2740 76.0274 -34.9315 0.0000 1650405950054 1345768.0000 -0.1969
-10.2740 76.0274 -34.3444 0.0000 1650405950108 1345822.0000 -0.1969
-10.2740 76.0274 -30.8219 0.0000 1650405950162 1345876.0000 -0.1965
-10.2740 76.0274 -29.0607 0.0000 1650405950214 1345930.0000 -0.1969
-10.2740 76.0274 -27.2994 0.0000 1650405950269 1345984.0000 -0.1969
-10.2740 76.0274 -27.8865 0.0000 1650405950323 1346038.0000 -0.1969
-10.2740 76.6145 -26.7123 0.0000 1650405950377 1346092.0000 -0.1969
-10.2740 76.0274 -25.5382 0.0000 1650405950431 1346146.0000 -0.1969
-10.2740 76.6145 -25.5382 0.0000 1650405950485 1346200.0000 -0.1965
-10.2740 76.6145 -26.1252 0.0000 1650405950539 1346254.0000 -0.1969
-10.2740 76.0274 -26.7123 0.0000 1650405950593 1346308.0000 -0.1969
-10.2740 76.0274 -27.8865 0.0000 1650405950648 1346362.0000 -0.1969
-10.2740 76.0274 -29.6477 0.0000 1650405950702 1346415.0000 -0.1965
-10.2740 76.0274 -31.4090 0.0000 1650405950756 1346469.0000 -0.1965
-10.2740 76.0274 -33.1703 0.0000 1650405950808 1346523.0000 -0.1965
-10.2740 76.0274 -34.3444 0.0000 1650405950862 1346577.0000 -0.1969
-10.2740 76.0274 -33.1703 0.0000 1650405950916 1346631.0000 -0.1969
-10.2740 76.0274 -35.5186 0.0000 1650405950970 1346685.0000 -0.1965
-10.2740 76.0274 -35.5186 0.0000 1650405951024 1346739.0000 -0.1965
-10.2740 76.0274 -32.5832 0.0000 1650405951079 1346793.0000 -0.1965
-10.2740 76.0274 -33.7573 0.0000 1650405951133 1346847.0000 -0.1965
-10.2740 76.0274 -30.2348 0.0000 1650405951187 1346901.0000 -0.1960
-10.2740 76.0274 -28.4736 0.0000 1650405951241 1346955.0000 -0.1960
-10.2740 76.0274 -26.7123 0.0000 1650405951295 1347009.0000 -0.1960
-10.2740 76.0274 -27.2994 0.0000 1650405951349 1347063.0000 -0.1960
-10.2740 76.6145 -26.1252 0.0000 1650405951401 1347117.0000 -0.1965
-10.2740 76.0274 -25.5382 0.0000 1650405951455 1347171.0000 -0.1969
-10.2740 76.0274 -23.7769 0.0000 1650405951510 1347225.0000 -0.1965
-10.2740 76.0274 -24.3640 0.0000 1650405951564 1347279.0000 -0.1965
-10.2740 76.0274 -27.2994 0.0000 1650405951618 1347333.0000 -0.1969
-10.2740 76.0274 -26.7123 0.0000 1650405951672 1347387.0000 -0.1965
-10.2740 76.0274 -30.2348 0.0000 1650405951726 1347441.0000 -0.1960
-10.2740 76.0274 -31.9961 0.0000 1650405951780 1347495.0000 -0.1960
-10.2740 76.0274 -33.7573 0.0000 1650405951834 1347549.0000 -0.1960
-10.2740 76.0274 -34.9315 0.0000 1650405951889 1347603.0000 -0.1960
-10.2740 76.0274 -35.5186 0.0000 1650405951943 1347657.0000 -0.1965
-10.2740 76.0274 -35.5186 0.0000 1650405951997 1347711.0000 -0.1969
-10.2740 76.0274 -33.1703 0.0000 1650405952049 1347764.0000 -0.1965
-10.2740 76.0274 -34.3444 0.0000 1650405952103 1347818.0000 -0.1965
-10.2740 76.0274 -33.1703 0.0000 1650405952157 1347872.0000 -0.1969
-10.2740 76.0274 -31.4090 0.0000 1650405952212 1347926.0000 -0.1965
-10.2740 76.0274 -27.8865 0.0000 1650405952265 1347980.0000 -0.1969
-10.2740 76.0274 -28.4736 0.0000 1650405952320 1348034.0000 -0.1965
-10.2740 76.6145 -24.9511 0.0000 1650405952374 1348088.0000 -0.1965
-10.2740 76.0274 -26.1252 0.0000 1650405952428 1348142.0000 -0.1965
-10.2740 76.6145 -25.5382 0.0000 1650405952482 1348196.0000 -0.1969
-10.2740 76.0274 -23.7769 0.0000 1650405952536 1348250.0000 -0.1969
-10.2740 76.0274 -24.3640 0.0000 1650405952591 1348304.0000 -0.1965
-10.2740 76.0274 -25.5382 0.0000 1650405952643 1348358.0000 -0.1969
-10.2740 76.0274 -29.0607 0.0000 1650405952697 1348412.0000 -0.1969
-10.2740 76.0274 -30.8219 0.0000 1650405952752 1348466.0000 -0.1965
-10.2740 76.0274 -32.5832 0.0000 1650405952805 1348520.0000 -0.1965
-10.2740 76.0274 -31.9961 0.0000 1650405952859 1348574.0000 -0.1965
-10.2740 76.0274 -34.9315 0.0000 1650405952913 1348628.0000 -0.1965
-10.2740 76.0274 -35.5186 0.0000 1650405952967 1348682.0000 -0.1965
-10.2740 76.0274 -35.5186 0.0000 1650405953022 1348736.0000 -0.1965
-10.2740 76.0274 -34.9315 0.0000 1650405953076 1348790.0000 -0.1969
-10.2740 76.0274 -33.7573 0.0000 1650405953130 1348844.0000 -0.1965
-10.2740 76.0274 -32.5832 0.0000 1650405953184 1348898.0000 -0.1965
-10.2740 76.0274 -30.8219 0.0000 1650405953238 1348952.0000 -0.1969
-10.2740 76.0274 -27.2994 0.0000 1650405953290 1349006.0000 -0.1965
-10.2740 76.0274 -25.5382 0.0000 1650405953344 1349060.0000 -0.1965
-10.2740 76.0274 -26.7123 0.0000 1650405953398 1349113.0000 -0.1965
-10.2740 76.6145 -25.5382 0.0000 1650405953453 1349167.0000 -0.1965
-10.2740 76.0274 -25.5382 0.0000 1650405953507 1349221.0000 -0.1965
-10.2740 76.0274 -23.7769 0.0000 1650405953561 1349275.0000 -0.1969
-10.2740 76.0274 -24.9511 0.0000 1650405953615 1349329.0000 -0.1969
-10.2740 76.0274 -26.1252 0.0000 1650405953669 1349383.0000 -0.1965
-9.6869 76.0274 -27.8865 0.0000 1650405953723 1349437.0000 -0.1965
-10.2740 76.0274 -31.4090 0.0000 1650405953777 1349491.0000 -0.1969
-10.2740 76.0274 -33.1703 0.0000 1650405953832 1349545.0000 -0.1969
-10.2740 76.0274 -34.3444 0.0000 1650405953884 1349599.0000 -0.1965
-10.2740 76.0274 -35.5186 0.0000 1650405953938 1349653.0000 -0.1965
-10.2740 76.0274 -35.5186 0.0000 1650405953992 1349707.0000 -0.1965
-10.2740 76.0274 -35.5186 0.0000 1650405954046 1349761.0000 -0.1969
-10.2740 76.0274 -34.9315 0.0000 1650405954100 1349815.0000 -0.1969
-10.2740 76.0274 -33.7573 0.0000 1650405954155 1349869.0000 -0.1974
-10.2740 76.0274 -31.9961 0.0000 1650405954209 1349923.0000 -0.1969
-10.2740 76.0274 -30.2348 0.0000 1650405954263 1349977.0000 -0.1969
-10.2740 76.0274 -26.7123 0.0000 1650405954317 1350031.0000 -0.1974
-10.2740 76.6145 -27.2994 0.0000 1650405954371 1350085.0000 -0.1969
-10.2740 76.0274 -26.1252 0.0000 1650405954425 1350139.0000 -0.1969
-10.2740 76.6145 -25.5382 0.0000 1650405954477 1350193.0000 -0.1969
-10.2740 76.6145 -23.7769 0.0000 1650405954532 1350247.0000 -0.1969
-10.2740 76.0274 -24.3640 0.0000 1650405954586 1350301.0000 -0.1969
-10.2740 76.6145 -27.2994 0.0000 1650405954640 1350355.0000 -0.1974
-10.2740 76.0274 -26.7123 0.0000 1650405954694 1350409.0000 -0.1974
-10.2740 76.0274 -30.8219 0.0000 1650405954748 1350462.0000 -0.1969
-10.2740 76.0274 -31.9961 0.0000 1650405954802 1350516.0000 -0.1974
-10.2740 76.0274 -33.7573 0.0000 1650405954856 1350570.0000 -0.1974
-10.2740 76.0274 -34.9315 0.0000 1650405954910 1350624.0000 -0.1974
-10.2740 76.0274 -35.5186 0.0000 1650405954965 1350678.0000 -0.1974
-10.2740 76.0274 -33.7573 0.0000 1650405955019 1350732.0000 -0.1974
-10.2740 76.0274 -34.9315 0.0000 1650405955073 1350786.0000 -0.1974
-10.2740 76.0274 -34.3444 0.0000 1650405955125 1350840.0000 -0.1974
-10.2740 76.0274 -33.1703 0.0000 1650405955179 1350894.0000 -0.1979
-10.2740 76.0274 -31.4090 0.0000 1650405955233 1350948.0000 -0.1979
-10.2740 76.0274 -29.6477 0.0000 1650405955287 1351002.0000 -0.1974
-10.2740 76.0274 -26.1252 0.0000 1650405955341 1351056.0000 -0.1979
-10.2740 76.0274 -26.7123 0.0000 1650405955396 1351110.0000 -0.1979
-10.2740 76.0274 -23.7769 0.0000 1650405955450 1351164.0000 -0.1979
-10.2740 76.0274 -25.5382 0.0000 1650405955504 1351218.0000 -0.1979
-10.2740 76.6145 -23.7769 0.0000 1650405955558 1351272.0000 -0.1974
-10.2740 76.0274 -24.9511 0.0000 1650405955612 1351326.0000 -0.1974
-10.2740 76.0274 -27.8865 0.0000 1650405955666 1351380.0000 -0.1974
-10.2740 76.0274 -27.2994 0.0000 1650405955720 1351434.0000 -0.1979
-10.2740 76.0274 -31.4090 0.0000 1650405955773 1351488.0000 -0.1979
-10.2740 76.0274 -30.8219 0.0000 1650405955827 1351542.0000 -0.1979
-10.2740 76.0274 -34.3444 0.0000 1650405955881 1351596.0000 -0.1979
-10.2740 76.0274 -34.9315 0.0000 1650405955935 1351650.0000 -0.1979
-10.2740 76.0274 -35.5186 0.0000 1650405955989 1351704.0000 -0.1974
-10.2740 76.0274 -35.5186 0.0000 1650405956043 1351758.0000 -0.1974
-10.2740 76.0274 -34.9315 0.0000 1650405956098 1351811.0000 -0.1974
-10.2740 76.0274 -33.7573 0.0000 1650405956151 1351865.0000 -0.1974
-10.2740 76.0274 -32.5832 0.0000 1650405956206 1351919.0000 -0.1974
-10.2740 76.0274 -30.8219 0.0000 1650405956260 1351973.0000 -0.1979
-10.2740 76.0274 -29.0607 0.0000 1650405956314 1352027.0000 -0.1979
-10.2740 76.0274 -25.5382 0.0000 1650405956366 1352081.0000 -0.1974
-10.2740 76.0274 -24.3640 0.0000 1650405956420 1352135.0000 -0.1979
-10.2740 76.0274 -25.5382 0.0000 1650405956474 1352189.0000 -0.1979
-10.2740 76.0274 -23.7769 0.0000 1650405956529 1352243.0000 -0.1979
-10.2740 76.0274 -26.1252 0.0000 1650405956583 1352297.0000 -0.1974
-10.2740 76.0274 -27.2994 0.0000 1650405956637 1352351.0000 -0.1974
-10.2740 76.0274 -28.4736 0.0000 1650405956691 1352405.0000 -0.1974
-10.2740 76.0274 -30.2348 0.0000 1650405956745 1352459.0000 -0.1974
-10.2740 76.0274 -29.6477 0.0000 1650405956799 1352513.0000 -0.1979
-10.2740 76.0274 -33.1703 0.0000 1650405956853 1352567.0000 -0.1979
-10.2740 76.0274 -32.5832 0.0000 1650405956908 1352621.0000 -0.1974
-10.2740 76.0274 -35.5186 0.0000 1650405956960 1352675.0000 -0.1979
-10.2740 76.0274 -35.5186 0.0000 1650405957014 1352729.0000 -0.1979
-10.2740 76.0274 -35.5186 0.0000 1650405957068 1352783.0000 -0.1974
-10.2740 76.0274 -34.3444 0.0000 1650405957122 1352837.0000 -0.1974
-10.2740 76.0274 -31.4090 0.0000 1650405957176 1352891.0000 -0.1974
-10.2740 76.0274 -31.9961 0.0000 1650405957230 1352945.0000 -0.1974
-10.2740 76.0274 -30.2348 0.0000 1650405957284 1352999.0000 -0.1974
-10.2740 76.0274 -28.4736 0.0000 1650405957339 1353053.0000 -0.1979
-10.2740 76.0274 -27.2994 0.0000 1650405957393 1353107.0000 -0.1979
-10.2740 76.0274 -26.1252 0.0000 1650405957447 1353160.0000 -0.1974
-10.2740 76.0274 -25.5382 0.0000 1650405957501 1353214.0000 -0.1979
-10.2740 76.0274 -23.7769 0.0000 1650405957555 1353268.0000 -0.1979
-10.2740 76.0274 -24.3640 0.0000 1650405957607 1353322.0000 -0.1979
-10.2740 76.0274 -27.2994 0.0000 1650405957661 1353376.0000 -0.1974
-10.2740 76.0274 -29.0607 0.0000 1650405957716 1353430.0000 -0.1969
-10.2740 76.0274 -30.8219 0.0000 1650405957770 1353484.0000 -0.1969
-10.2740 76.0274 -32.5832 0.0000 1650405957824 1353538.0000 -0.1974
-10.2740 76.0274 -33.7573 0.0000 1650405957878 1353592.0000 -0.1974
-10.2740 76.0274 -34.9315 0.0000 1650405957932 1353646.0000 -0.1974
-10.2740 76.0274 -35.5186 0.0000 1650405957986 1353700.0000 -0.1974
-10.2740 76.0274 -35.5186 0.0000 1650405958041 1353754.0000 -0.1974
-10.2740 76.0274 -34.9315 0.0000 1650405958094 1353808.0000 -0.1974
-10.2740 76.0274 -34.3444 0.0000 1650405958149 1353862.0000 -0.1974
-10.2740 76.0274 -30.8219 0.0000 1650405958201 1353916.0000 -0.1969
-10.2740 76.0274 -29.0607 0.0000 1650405958255 1353970.0000 -0.1969
-10.2740 76.0274 -27.2994 0.0000 1650405958309 1354024.0000 -0.1969
-10.2740 76.0274 -27.8865 0.0000 1650405958363 1354078.0000 -0.1969
-10.2740 76.0274 -26.7123 0.0000 1650405958417 1354132.0000 -0.1974
-10.2740 76.0274 -23.7769 0.0000 1650405958472 1354186.0000 -0.1974
-10.2740 76.0274 -23.7769 0.0000 1650405958526 1354240.0000 -0.1969
-10.2740 76.0274 -23.7769 0.0000 1650405958580 1354294.0000 -0.1974
-10.2740 76.0274 -24.9511 0.0000 1650405958634 1354348.0000 -0.1974
-10.2740 76.0274 -27.8865 0.0000 1650405958688 1354402.0000 -0.1969
-10.2740 76.0274 -29.6477 0.0000 1650405958742 1354456.0000 -0.1969
-10.2740 76.0274 -31.4090 0.0000 1650405958796 1354510.0000 -0.1969
-10.2740 76.0274 -33.1703 0.0000 1650405958849 1354563.0000 -0.1969
-10.2740 76.0274 -34.3444 0.0000 1650405958903 1354617.0000 -0.1974
-10.2740 76.0274 -33.1703 0.0000 1650405958957 1354671.0000 -0.1974
-10.2740 76.0274 -35.5186 0.0000 1650405959011 1354725.0000 -0.1974
-10.2740 76.0274 -35.5186 0.0000 1650405959065 1354779.0000 -0.1969
-10.2740 76.0274 -34.9315 0.0000 1650405959119 1354833.0000 -0.1974
-10.2740 76.0274 -33.7573 0.0000 1650405959173 1354887.0000 -0.1979
-10.2740 76.0274 -30.2348 0.0000 1650405959227 1354941.0000 -0.1979
-10.2740 76.0274 -30.8219 0.0000 1650405959282 1354995.0000 -0.1974
-10.2740 76.0274 -29.0607 0.0000 1650405959336 1355049.0000 -0.1974
-10.2740 76.0274 -25.5382 0.0000 1650405959390 1355103.0000 -0.1974
-10.2740 76.0274 -24.3640 0.0000 1650405959442 1355157.0000 -0.1974
-10.2740 76.0274 -25.5382 0.0000 1650405959496 1355211.0000 -0.1974
-10.2740 76.0274 -23.7769 0.0000 1650405959550 1355265.0000 -0.1974
-10.2740 76.0274 -26.1252 0.0000 1650405959604 1355319.0000 -0.1974
-10.2740 76.6145 -27.2994 0.0000 1650405959659 1355373.0000 -0.1974
-10.2740 76.0274 -28.4736 0.0000 1650405959713 1355427.0000 -0.1974
-10.2740 76.0274 -30.2348 0.0000 1650405959767 1355481.0000 -0.1969
-9.6869 76.0274 -31.9961 0.0000 1650405959821 1355535.0000 -0.1969
-10.2740 76.0274 -33.7573 0.0000 1650405959875 1355589.0000 -0.1969
-10.2740 76.0274 -34.9315 0.0000 1650405959929 1355643.0000 -0.1969
-10.2740 76.0274 -35.5186 0.0000 1650405959984 1355697.0000 -0.1974
-10.2740 76.0274 -35.5186 0.0000 1650405960036 1355751.0000 -0.1974
-10.2740 76.0274 -33.1703 0.0000 1650405960090 1355805.0000 -0.1974
-10.2740 76.0274 -34.3444 0.0000 1650405960144 1355859.0000 -0.1974
-10.2740 76.0274 -33.1703 0.0000 1650405960198 1355912.0000 -0.1974
-10.2740 76.0274 -31.4090 0.0000 1650405960252 1355966.0000 -0.1974
-10.2740 76.0274 -27.8865 0.0000 1650405960306 1356020.0000 -0.1969
-10.2740 76.0274 -28.4736 0.0000 1650405960361 1356074.0000 -0.1969
-10.2740 76.0274 -24.9511 0.0000 1650405960415 1356128.0000 -0.1969
-10.2740 76.0274 -26.1252 0.0000 1650405960469 1356182.0000 -0.1969
-10.2740 76.0274 -25.5382 0.0000 1650405960523 1356236.0000 -0.1974
-10.2740 76.6145 -23.7769 0.0000 1650405960577 1356290.0000 -0.1974
-10.2740 76.0274 -24.3640 0.0000 1650405960631 1356344.0000 -0.1974
-10.2740 76.0274 -25.5382 0.0000 1650405960683 1356398.0000 -0.1974
-10.2740 76.0274 -29.0607 0.0000 1650405960737 1356452.0000 -0.1979
-9.6869 76.0274 -30.8219 0.0000 1650405960792 1356506.0000 -0.1979
-10.2740 76.0274 -32.5832 0.0000 1650405960846 1356560.0000 -0.1979
-10.2740 76.0274 -33.7573 0.0000 1650405960900 1356614.0000 -0.1974
-10.2740 76.0274 -34.9315 0.0000 1650405960954 1356668.0000 -0.1974
-10.2740 76.0274 -35.5186 0.0000 1650405961008 1356722.0000 -0.1974
-10.2740 76.0274 -35.5186 0.0000 1650405961062 1356776.0000 -0.1979
-10.2740 76.0274 -34.9315 0.0000 1650405961116 1356830.0000 -0.1979
-10.2740 76.0274 -31.9961 0.0000 1650405961170 1356884.0000 -0.1979
-10.2740 76.0274 -32.5832 0.0000 1650405961225 1356938.0000 -0.1979
-10.2740 76.0274 -30.8219 0.0000 1650405961277 1356992.0000 -0.1984
-10.2740 76.0274 -27.2994 0.0000 1650405961331 1357046.0000 -0.1984
-10.2740 76.0274 -27.8865 0.0000 1650405961385 1357100.0000 -0.1979
-10.2740 76.6145 -26.7123 0.0000 1650405961439 1357154.0000 -0.1979
-10.2740 76.6145 -25.5382 0.0000 1650405961493 1357208.0000 -0.1979
-10.2740 76.0274 -25.5382 0.0000 1650405961547 1357261.0000 -0.1979
-10.2740 76.0274 -23.7769 0.0000 1650405961602 1357315.0000 -0.1984
-10.2740 76.0274 -24.9511 0.0000 1650405961656 1357369.0000 -0.1984
-10.2740 76.0274 -26.1252 0.0000 1650405961710 1357423.0000 -0.1984
-10.2740 76.0274 -29.6477 0.0000 1650405961764 1357477.0000 -0.1984
-10.2740 76.0274 -31.4090 0.0000 1650405961818 1357531.0000 -0.1989
-10.2740 76.0274 -33.1703 0.0000 1650405961872 1357585.0000 -0.1984
-10.2740 76.0274 -34.3444 0.0000 1650405961925 1357639.0000 -0.1984
-10.2740 76.0274 -35.5186 0.0000 1650405961979 1357693.0000 -0.1979
-10.2740 76.0274 -35.5186 0.0000 1650405962033 1357747.0000 -0.1979
-10.2740 76.0274 -35.5186 0.0000 1650405962087 1357801.0000 -0.1984
-10.2740 76.0274 -32.5832 0.0000 1650405962141 1357855.0000 -0.1984
-10.2740 76.0274 -33.7573 0.0000 1650405962195 1357909.0000 -0.1989
-10.2740 76.0274 -31.9961 0.0000 1650405962249 1357963.0000 -0.1984
-10.2740 76.0274 -30.2348 0.0000 1650405962304 1358017.0000 -0.1984
-10.2740 76.0274 -28.4736 0.0000 1650405962358 1358071.0000 -0.1984
-10.2740 76.0274 -27.2994 0.0000 1650405962412 1358125.0000 -0.1984
-10.2740 76.0274 -26.1252 0.0000 1650405962466 1358179.0000 -0.1984
-10.2740 76.0274 -25.5382 0.0000 1650405962518 1358233.0000 -0.1984
-10.2740 76.6145 -23.7769 0.0000 1650405962572 1358287.0000 -0.1979
-10.2740 76.0274 -24.3640 0.0000 1650405962626 1358341.0000 -0.1979
-10.2740 76.0274 -27.2994 0.0000 1650405962680 1358395.0000 -0.1984
-10.2740 76.0274 -29.0607 0.0000 1650405962735 1358449.0000 -0.1984
-10.2740 76.0274 -30.2348 0.0000 1650405962789 1358503.0000 -0.1979
-10.2740 76.0274 -31.9961 0.0000 1650405962843 1358557.0000 -0.1984
-10.2740 76.0274 -33.7573 0.0000 1650405962897 1358610.0000 -0.1984
-10.2740 76.0274 -34.9315 0.0000 1650405962951 1358664.0000 -0.1984
-10.2740 76.0274 -35.5186 0.0000 1650405963005 1358718.0000 -0.1984
-10.2740 76.0274 -35.5186 0.0000 1650405963059 1358772.0000 -0.1979
-10.2740 76.0274 -34.9315 0.0000 1650405963113 1358826.0000 -0.1979
-10.2740 76.0274 -34.3444 0.0000 1650405963166 1358880.0000 -0.1984
-10.2740 76.0274 -33.1703 0.0000 1650405963220 1358934.0000 -0.1984
-10.2740 76.0274 -31.4090 0.0000 1650405963274 1358988.0000 -0.1984
-10.2740 76.0274 -29.6477 0.0000 1650405963328 1359042.0000 -0.1984
-10.2740 76.0274 -26.1252 0.0000 1650405963382 1359096.0000 -0.1989
-10.2740 76.0274 -26.7123 0.0000 1650405963436 1359150.0000 -0.1989
-10.2740 76.0274 -26.1252 0.0000 1650405963490 1359204.0000 -0.1984
-10.2740 76.0274 -25.5382 0.0000 1650405963545 1359258.0000 -0.1989
-10.2740 76.0274 -26.1252 0.0000 1650405963599 1359312.0000 -0.1984
-10.2740 76.0274 -26.7123 0.0000 1650405963653 1359366.0000 -0.1984
-10.2740 76.0274 -27.8865 0.0000 1650405963707 1359420.0000 -0.1984
-10.2740 76.0274 -29.6477 0.0000 1650405963759 1359474.0000 -0.1989
-10.2740 76.0274 -31.4090 0.0000 1650405963813 1359528.0000 -0.1989
-10.2740 76.0274 -32.5832 0.0000 1650405963868 1359582.0000 -0.1979
-10.2740 76.0274 -34.3444 0.0000 1650405963921 1359636.0000 -0.1984
-10.2740 76.0274 -34.9315 0.0000 1650405963976 1359690.0000 -0.1984
-9.6869 76.0274 -35.5186 0.0000 1650405964030 1359744.0000 -0.1984
-10.2740 76.0274 -35.5186 0.0000 1650405964084 1359798.0000 -0.1984
-10.2740 76.0274 -34.9315 0.0000 1650405964138 1359852.0000 -0.1979
-10.2740 76.0274 -33.7573 0.0000 1650405964192 1359906.0000 -0.1979
-10.2740 76.0274 -32.5832 0.0000 1650405964247 1359959.0000 -0.1979
-10.2740 76.0274 -30.8219 0.0000 1650405964301 1360013.0000 -0.1984
-10.2740 76.0274 -29.0607 0.0000 1650405964353 1360067.0000 -0.1984
-10.2740 76.0274 -27.8865 0.0000 1650405964407 1360121.0000 -0.1979
-10.2740 76.0274 -26.7123 0.0000 1650405964461 1360175.0000 -0.1984
-10.2740 76.0274 -25.5382 0.0000 1650405964515 1360229.0000 -0.1984
-10.2740 76.0274 -25.5382 0.0000 1650405964569 1360283.0000 -0.1979
-10.2740 76.0274 -24.3640 0.0000 1650405964623 1360337.0000 -0.1979
-10.2740 76.0274 -24.9511 0.0000 1650405964678 1360391.0000 -0.1979
-10.2740 76.0274 -28.4736 0.0000 1650405964732 1360445.0000 -0.1979
-10.2740 76.0274 -30.2348 0.0000 1650405964786 1360499.0000 -0.1984
-10.2740 76.0274 -31.9961 0.0000 1650405964840 1360553.0000 -0.1984
-10.2740 76.0274 -33.1703 0.0000 1650405964894 1360607.0000 -0.1984
-10.2740 76.0274 -34.3444 0.0000 1650405964948 1360661.0000 -0.1979
-10.2740 76.0274 -35.5186 0.0000 1650405965000 1360715.0000 -0.1984
-10.2740 76.0274 -35.5186 0.0000 1650405965054 1360769.0000 -0.1984
-10.2740 76.0274 -35.5186 0.0000 1650405965109 1360823.0000 -0.1984
-10.2740 76.0274 -34.3444 0.0000 1650405965163 1360877.0000 -0.1984
-10.2740 76.0274 -31.4090 0.0000 1650405965217 1360931.0000 -0.1979
-10.2740 76.0274 -31.9961 0.0000 1650405965271 1360985.0000 -0.1979
-10.2740 76.0274 -30.2348 0.0000 1650405965325 1361039.0000 -0.1979
-10.2740 76.0274 -28.4736 0.0000 1650405965379 1361093.0000 -0.1979
-10.2740 76.0274 -24.9511 0.0000 1650405965433 1361147.0000 -0.1979
-10.2740 76.0274 -26.1252 0.0000 1650405965488 1361201.0000 -0.1974
-10.2740 76.0274 -25.5382 0.0000 1650405965542 1361255.0000 -0.1979
-10.2740 76.6145 -25.5382 0.0000 1650405965594 1361308.0000 -0.1974
-10.2740 76.0274 -24.3640 0.0000 1650405965648 1361362.0000 -0.1974
-10.2740 76.0274 -25.5382 0.0000 1650405965702 1361416.0000 -0.1974
-10.2740 76.0274 -29.0607 0.0000 1650405965756 1361470.0000 -0.1974
-10.2740 76.0274 -30.8219 0.0000 1650405965811 1361524.0000 -0.1974
-10.2740 76.0274 -32.5832 0.0000 1650405965864 1361578.0000 -0.1974
-10.2740 76.0274 -33.7573 0.0000 1650405965919 1361632.0000 -0.1979
-10.2740 76.0274 -34.9315 0.0000 1650405965973 1361686.0000 -0.1974
