-14.3079 76.0744 -35.6656 0.0000 1650405935537 1331253.0000 -0.1984
-14.2283 76.0438 -35.7367 0.0000 1650405935591 1331307.0000 -0.1984
-14.2714 76.0986 -35.7094 0.0000 1650405935645 1331361.0000 -0.1984
-14.2298 76.1790 -35.6744 0.0000 1650405935699 1331415.0000 -0.1979
-14.1800 76.2433 -35.7940 0.0000 1650405935753 1331468.0000 -0.1984
-14.2462 76.1764 -35.5892 0.0000 1650405935807 1331522.0000 -0.1984
-14.3652 76.1518 -35.5766 0.0000 1650405935861 1331576.0000 -0.1984
-14.2470 76.1511 -35.6225 0.0000 1650405935916 1331630.0000 -0.1989
-14.2272 76.1964 -35.7237 0.0000 1650405935968 1331684.0000 -0.1984
-14.1826 76.1355 -35.6040 0.0000 1650405936022 1331738.0000 -0.1984
-14.1936 76.0836 -35.4524 0.0000 1650405936076 1331792.0000 -0.1989
-14.2236 76.1062 -35.5255 0.0000 1650405936130 1331846.0000 -0.1989
-11.8609 76.0394 -35.6158 0.0000 1650405936184 1331900.0000 -0.1984
-14.2290 76.0286 -35.6992 0.0000 1650405936238 1331954.0000 -0.1984
-14.3896 76.0526 -35.6222 0.0000 1650405936292 1332008.0000 -0.1984
-11.8532 76.0491 -35.6279 0.0000 1650405936347 1332062.0000 -0.1984
-14.3140 76.1159 -35.7507 0.0000 1650405936401 1332116.0000 -0.1984
-14.3459 76.1130 -35.7389 0.0000 1650405936455 1332170.0000 -0.1989
-14.2536 76.1432 -35.7004 0.0000 1650405936509 1332224.0000 -0.1984
-14.3741 76.1506 -35.6658 0.0000 1650405936563 1332278.0000 -0.1984
-14.2934 76.1796 -35.6056 0.0000 1650405936615 1332332.0000 -0.1984
-14.2719 76.2087 -35.6082 0.0000 1650405936669 1332386.0000 -0.1984
-14.3409 76.1870 -35.4335 0.0000 1650405936724 1332440.0000 -0.1984
-14.1943 76.1798 -35.5761 0.0000 1650405936778 1332494.0000 -0.1979
-14.2870 76.1506 -35.5184 0.0000 1650405936832 1332548.0000 -0.1984
-14.2612 76.1652 -35.4966 0.0000 1650405936886 1332602.0000 -0.1984
-14.1828 76.0987 -35.6030 0.0000 1650405936940 1332656.0000 -0.1989
-14.2480 76.0047 -35.6055 0.0000 1650405936994 1332710.0000 -0.1989
-14.2341 76.0679 -35.5212 0.0000 1650405937049 1332764.0000 -0.1984
-14.2713 76.0095 -35.6577 0.0000 1650405937103 1332817.0000 -0.1984
-14.3143 75.9916 -35.6405 0.0000 1650405937157 1332871.0000 -0.1984
-14.3402 75.9623 -35.6902 0.0000 1650405937209 1332925.0000 -0.1984
-14.3503 75.9697 -35.7074 0.0000 1650405937263 1332979.0000 -0.1984
-14.3272 75.9921 -35.7047 0.0000 1650405937317 1333033.0000 -0.1979
-14.2673 76.0655 -35.6034 0.0000 1650405937371 1333087.0000 -0.1984
-14.3510 75.9691 -35.7002 0.0000 1650405937426 1333141.0000 -0.1984
-11.8262 76.1371 -35.7102 0.0000 1650405937480 1333195.0000 -0.1989
-14.2700 76.1755 -35.6563 0.0000 1650405937534 1333249.0000 -0.1989
-14.2684 76.1108 -35.6610 0.0000 1650405937588 1333303.0000 -0.1989
-14.2208 76.1571 -35.5545 0.0000 1650405937642 1333357.0000 -0.1989
-14.1620 76.0797 -35.5639 0.0000 1650405937696 1333411.0000 -0.1994
-14.2006 76.1306 -35.6087 0.0000 1650405937750 1333465.0000 -0.1989
-14.1603 76.1467 -35.5618 0.0000 1650405937804 1333519.0000 -0.1989
-14.1475 76.1409 -35.7019 0.0000 1650405937857 1333573.0000 -0.1984
-14.1946 76.1486 -35.5280 0.0000 1650405937911 1333627.0000 -0.1989
-14.2232 76.0987 -35.4653 0.0000 1650405937965 1333681.0000 -0.1989
-14.2275 75.9966 -35.5770 0.0000 1650405938019 1333735.0000 -0.1989
-14.3259 75.9569 -35.5024 0.0000 1650405938073 1333789.0000 -0.1994
-14.2562 76.0601 -35.6008 0.0000 1650405938127 1333843.0000 -0.1989
-12.1217 76.0909 -35.2001 0.0000 1650405938181 1333897.0000 -0.1989
-11.5970 76.4822 -33.8473 0.0000 1650405938235 1333951.0000 -0.1989
-11.6290 76.5187 -32.4785 0.0000 1650405938290 1334005.0000 -0.1989
-11.5888 76.5473 -31.1995 0.0000 1650405938344 1334059.0000 -0.1989
-11.7326 76.5413 -30.9677 0.0000 1650405938398 1334113.0000 -0.1984
-14.2980 76.6778 -30.7109 0.0000 1650405938450 1334166.0000 -0.1984
-11.6084 76.6161 -31.5810 0.0000 1650405938504 1334220.0000 -0.1984
-11.7184 76.1389 -32.7943 0.0000 1650405938558 1334274.0000 -0.1989
-11.7788 76.0425 -34.3712 0.0000 1650405938612 1334328.0000 -0.1989
-11.6935 75.9890 -35.7885 0.0000 1650405938667 1334382.0000 -0.1984
-11.5326 75.9137 -37.3566 0.0000 1650405938721 1334436.0000 -0.1989
-11.4080 75.8983 -38.7022 0.0000 1650405938775 1334490.0000 -0.1989
-13.7569 75.7872 -39.7939 0.0000 1650405938829 1334544.0000 -0.1989
-13.9029 75.8055 -40.9057 0.0000 1650405938883 1334598.0000 -0.1989
-13.8698 76.0493 -40.6914 0.0000 1650405938937 1334652.0000 -0.1989
-13.7607 75.9536 -40.0504 0.0000 1650405938992 1334706.0000 -0.1984
-11.7482 75.8769 -38.9492 0.0000 1650405939045 1334760.0000 -0.1984
-11.9072 75.9968 -37.7903 0.0000 1650405939098 1334814.0000 -0.1989
-11.8187 76.1159 -36.1753 0.0000 1650405939152 1334868.0000 -0.1989
-11.7074 76.4489 -34.3740 0.0000 1650405939206 1334922.0000 -0.1984
-11.7346 76.5354 -33.0713 0.0000 1650405939260 1334976.0000 -0.1989
-11.6515 76.4480 -31.7555 0.0000 1650405939314 1335030.0000 -0.1989
-11.6253 76.3507 -30.6990 0.0000 1650405939369 1335084.0000 -0.1984
-11.5553 76.4455 -30.3453 0.0000 1650405939423 1335138.0000 -0.1984
-11.6690 76.6118 -30.7779 0.0000 1650405939477 1335192.0000 -0.1984
-11.6166 76.6712 -31.9663 0.0000 1650405939531 1335246.0000 -0.1984
-11.5928 76.1840 -33.3105 0.0000 1650405939585 1335300.0000 -0.1984
-13.7356 76.1419 -34.6625 0.0000 1650405939639 1335354.0000 -0.1989
-11.6357 75.8690 -36.3567 0.0000 1650405939691 1335408.0000 -0.1989
-11.7020 75.8436 -37.9577 0.0000 1650405939745 1335462.0000 -0.1984
-13.7543 75.7981 -39.0305 0.0000 1650405939800 1335515.0000 -0.1984
-13.7029 75.8424 -40.2368 0.0000 1650405939854 1335569.0000 -0.1989
-13.7514 75.9173 -40.6566 0.0000 1650405939908 1335623.0000 -0.1979
-13.8338 76.1827 -40.5363 0.0000 1650405939962 1335677.0000 -0.1979
-11.8285 75.8790 -39.6678 0.0000 1650405940016 1335731.0000 -0.1984
-11.8037 75.9540 -38.8188 0.0000 1650405940070 1335785.0000 -0.1979
-11.8502 76.0491 -37.3256 0.0000 1650405940124 1335839.0000 -0.1984
-11.8569 76.0589 -35.4108 0.0000 1650405940178 1335893.0000 -0.1984
-11.9004 76.4772 -33.8430 0.0000 1650405940233 1335947.0000 -0.1984
-11.8086 76.3478 -32.4185 0.0000 1650405940285 1336001.0000 -0.1979
-11.7008 76.4966 -31.3853 0.0000 1650405940339 1336055.0000 -0.1984
-11.6403 76.0660 -30.6475 0.0000 1650405940393 1336109.0000 -0.1984
-14.3254 76.4682 -30.5824 0.0000 1650405940447 1336163.0000 -0.1984
-11.8625 76.6829 -31.3556 0.0000 1650405940501 1336217.0000 -0.1984
-11.7703 76.5520 -32.2153 0.0000 1650405940555 1336271.0000 -0.1984
-11.6647 76.1508 -33.9930 0.0000 1650405940610 1336325.0000 -0.1984
-11.4661 76.0925 -35.2806 0.0000 1650405940664 1336379.0000 -0.1984
-11.4598 75.9531 -36.7683 0.0000 1650405940718 1336433.0000 -0.1984
-11.6615 75.8155 -38.2976 0.0000 1650405940772 1336487.0000 -0.1984
-11.5854 75.7458 -39.5624 0.0000 1650405940826 1336541.0000 -0.1979
-13.7610 75.9140 -40.6824 0.0000 1650405940880 1336595.0000 -0.1984
-13.8514 75.9236 -40.5315 0.0000 1650405940933 1336649.0000 -0.1984
-13.9102 75.9895 -40.1222 0.0000 1650405940986 1336703.0000 -0.1974
-11.7827 75.9337 -39.3709 0.0000 1650405941041 1336757.0000 -0.1974
-11.8638 75.9789 -38.1867 0.0000 1650405941095 1336811.0000 -0.1974
-11.7672 75.9856 -36.6446 0.0000 1650405941149 1336864.0000 -0.1974
-11.7267 76.3975 -34.9050 0.0000 1650405941203 1336918.0000 -0.1974
-11.8216 76.4449 -33.2313 0.0000 1650405941257 1336972.0000 -0.1979
-11.8416 76.3881 -31.9007 0.0000 1650405941312 1337026.0000 -0.1979
-11.7602 76.3755 -30.8599 0.0000 1650405941366 1337080.0000 -0.1974
-11.6771 76.4889 -30.5998 0.0000 1650405941420 1337134.0000 -0.1979
-14.4053 76.6492 -30.4089 0.0000 1650405941474 1337188.0000 -0.1979
-11.8033 76.3945 -31.7037 0.0000 1650405941526 1337242.0000 -0.1979
-11.6758 76.5041 -32.8084 0.0000 1650405941580 1337296.0000 -0.1974
-11.5406 76.0525 -34.1879 0.0000 1650405941634 1337350.0000 -0.1974
-11.5148 75.9482 -35.7166 0.0000 1650405941688 1337404.0000 -0.1974
-11.5482 75.8809 -37.3987 0.0000 1650405941743 1337458.0000 -0.1979
-11.7011 75.7857 -39.0856 0.0000 1650405941797 1337512.0000 -0.1979
-11.7610 75.7197 -39.8355 0.0000 1650405941851 1337566.0000 -0.1974
-13.8359 75.7956 -40.5644 0.0000 1650405941905 1337620.0000 -0.1974
-13.8357 75.9219 -40.6137 0.0000 1650405941959 1337674.0000 -0.1979
-13.8651 75.9434 -40.2534 0.0000 1650405942013 1337728.0000 -0.1979
-11.9418 75.8678 -38.8785 0.0000 1650405942067 1337782.0000 -0.1969
-11.8796 76.0274 -37.6601 0.0000 1650405942121 1337836.0000 -0.1969
-11.7498 75.9450 -35.9829 0.0000 1650405942174 1337890.0000 -0.1969
-11.9228 76.4073 -34.2565 0.0000 1650405942228 1337944.0000 -0.1969
-11.7962 76.4605 -32.8254 0.0000 1650405942282 1337998.0000 -0.1974
-11.8988 76.5179 -31.4356 0.0000 1650405942336 1338052.0000 -0.1979
-11.7182 76.1357 -30.6270 0.0000 1650405942390 1338106.0000 -0.1974
-11.8036 76.6546 -30.4770 0.0000 1650405942444 1338160.0000 -0.1974
-11.9054 76.5955 -30.6767 0.0000 1650405942498 1338214.0000 -0.1974
-13.8332 76.6187 -32.0952 0.0000 1650405942552 1338267.0000 -0.1979
-11.5372 76.1299 -33.4460 0.0000 1650405942607 1338321.0000 -0.1969
-11.2372 76.0765 -34.7956 0.0000 1650405942661 1338375.0000 -0.1969
-11.5358 75.9338 -36.4095 0.0000 1650405942715 1338429.0000 -0.1969
-11.6184 75.7082 -37.9428 0.0000 1650405942767 1338483.0000 -0.1969
-11.6511 75.8133 -39.2690 0.0000 1650405942821 1338537.0000 -0.1974
-13.8399 75.6736 -40.2243 0.0000 1650405942875 1338591.0000 -0.1974
-11.7454 75.8222 -40.5354 0.0000 1650405942929 1338645.0000 -0.1974
-13.8025 75.9950 -40.4976 0.0000 1650405942984 1338699.0000 -0.1974
-13.6575 75.9411 -39.6374 0.0000 1650405943038 1338753.0000 -0.1979
-11.8043 75.9705 -38.4476 0.0000 1650405943092 1338807.0000 -0.1979
-11.8474 75.9010 -37.1790 0.0000 1650405943146 1338861.0000 -0.1979
-11.8203 76.0766 -35.4313 0.0000 1650405943200 1338915.0000 -0.1974
-11.8364 76.3175 -33.6151 0.0000 1650405943255 1338969.0000 -0.1974
-11.8757 76.1686 -32.3130 0.0000 1650405943309 1339023.0000 -0.1974
-11.9040 76.5518 -31.3022 0.0000 1650405943363 1339077.0000 -0.1974
-14.3106 76.3974 -30.5361 0.0000 1650405943415 1339131.0000 -0.1974
-14.3056 76.2117 -30.5137 0.0000 1650405943469 1339185.0000 -0.1974
-11.8115 76.6074 -31.4453 0.0000 1650405943523 1339239.0000 -0.1969
-11.5288 76.1646 -32.5855 0.0000 1650405943577 1339293.0000 -0.1974
-11.5351 76.0973 -34.0192 0.0000 1650405943631 1339347.0000 -0.1974
-11.5721 75.9785 -35.6211 0.0000 1650405943686 1339401.0000 -0.1969
-11.5745 75.9302 -37.1296 0.0000 1650405943740 1339455.0000 -0.1969
-11.4260 75.7312 -38.4550 0.0000 1650405943794 1339509.0000 -0.1969
-13.8539 75.7694 -39.7702 0.0000 1650405943848 1339563.0000 -0.1969
-13.8309 75.7563 -40.6598 0.0000 1650405943902 1339616.0000 -0.1969
-13.7855 75.8215 -40.5917 0.0000 1650405943956 1339670.0000 -0.1969
-13.8095 75.9836 -40.1127 0.0000 1650405944008 1339724.0000 -0.1969
-11.9468 75.8773 -39.3973 0.0000 1650405944062 1339778.0000 -0.1965
-11.9371 76.0406 -37.8504 0.0000 1650405944117 1339832.0000 -0.1969
-11.9563 75.9788 -36.5482 0.0000 1650405944171 1339886.0000 -0.1965
-11.9193 76.2977 -34.7597 0.0000 1650405944225 1339940.0000 -0.1960
-11.8346 76.3476 -33.1085 0.0000 1650405944279 1339994.0000 -0.1960
-11.7824 76.4767 -31.8289 0.0000 1650405944333 1340048.0000 -0.1965
-11.7981 76.5453 -30.7303 0.0000 1650405944387 1340102.0000 -0.1965
-11.7823 76.4956 -30.5157 0.0000 1650405944442 1340156.0000 -0.1969
-12.0160 76.5372 -30.6236 0.0000 1650405944496 1340210.0000 -0.1969
-11.7454 76.5536 -32.0379 0.0000 1650405944550 1340264.0000 -0.1965
-11.5596 76.0883 -32.9545 0.0000 1650405944604 1340318.0000 -0.1965
-11.4728 76.0456 -34.4778 0.0000 1650405944656 1340372.0000 -0.1965
-11.5923 75.9461 -36.0516 0.0000 1650405944710 1340426.0000 -0.1965
-11.6190 75.7675 -37.7642 0.0000 1650405944764 1340480.0000 -0.1965
-11.7117 75.7653 -39.1088 0.0000 1650405944819 1340534.0000 -0.1960
-13.8410 75.7013 -40.0482 0.0000 1650405944873 1340588.0000 -0.1960
-14.0243 75.7923 -40.5200 0.0000 1650405944927 1340642.0000 -0.1960
-13.7612 75.9778 -40.2938 0.0000 1650405944981 1340696.0000 -0.1965
-13.7316 76.0864 -40.1351 0.0000 1650405945035 1340750.0000 -0.1965
-11.9882 75.9518 -38.8626 0.0000 1650405945089 1340804.0000 -0.1960
-12.0619 76.2955 -37.4748 0.0000 1650405945143 1340858.0000 -0.1960
-11.9995 76.4483 -35.8860 0.0000 1650405945197 1340912.0000 -0.1965
-11.8249 76.3494 -34.1304 0.0000 1650405945250 1340965.0000 -0.1960
-11.8351 76.4772 -32.5345 0.0000 1650405945304 1341019.0000 -0.1960
-11.6697 76.4326 -31.4667 0.0000 1650405945358 1341073.0000 -0.1960
-14.2044 76.4881 -30.6828 0.0000 1650405945412 1341127.0000 -0.1960
-11.9179 76.4060 -30.4377 0.0000 1650405945466 1341181.0000 -0.1960
-11.8045 76.5890 -31.1250 0.0000 1650405945520 1341235.0000 -0.1960
-11.5878 76.6166 -32.1859 0.0000 1650405945574 1341289.0000 -0.1965
-11.5767 76.1462 -33.5517 0.0000 1650405945628 1341343.0000 -0.1960
-11.6590 75.9876 -34.8741 0.0000 1650405945683 1341397.0000 -0.1960
-11.6753 75.8989 -36.7023 0.0000 1650405945737 1341451.0000 -0.1965
-11.3214 75.7870 -38.0411 0.0000 1650405945791 1341505.0000 -0.1960
-11.7702 75.6980 -39.5704 0.0000 1650405945843 1341559.0000 -0.1955
-13.7331 75.7222 -40.3018 0.0000 1650405945897 1341613.0000 -0.1955
-11.7844 75.8725 -40.6317 0.0000 1650405945951 1341667.0000 -0.1955
-13.8423 76.0663 -40.1744 0.0000 1650405946005 1341721.0000 -0.1955
-13.7914 76.0212 -39.6272 0.0000 1650405946060 1341775.0000 -0.1960
-12.0874 75.9840 -38.2338 0.0000 1650405946114 1341829.0000 -0.1965
-12.0478 76.0187 -36.5932 0.0000 1650405946168 1341883.0000 -0.1960
-11.8930 76.3979 -35.1689 0.0000 1650405946222 1341937.0000 -0.1960
-11.8821 76.0238 -33.5315 0.0000 1650405946276 1341991.0000 -0.1960
-11.7951 76.3960 -32.0671 0.0000 1650405946330 1342045.0000 -0.1960
-14.2766 76.5179 -31.1467 0.0000 1650405946385 1342099.0000 -0.1955
-14.4545 76.5347 -30.5879 0.0000 1650405946438 1342153.0000 -0.1955
-14.3661 76.5149 -30.4479 0.0000 1650405946491 1342207.0000 -0.1955
-11.6307 76.7262 -31.5863 0.0000 1650405946545 1342261.0000 -0.1955
-11.4818 76.5158 -32.7270 0.0000 1650405946599 1342314.0000 -0.1965
-11.5819 75.9895 -34.0017 0.0000 1650405946653 1342368.0000 -0.1965
-11.5616 75.9399 -35.6288 0.0000 1650405946707 1342422.0000 -0.1960
-11.2285 75.8166 -37.3494 0.0000 1650405946762 1342476.0000 -0.1965
-11.3593 75.7069 -38.5804 0.0000 1650405946816 1342530.0000 -0.1960
-11.8360 75.7229 -39.7434 0.0000 1650405946870 1342584.0000 -0.1965
-13.6869 75.6672 -40.6224 0.0000 1650405946924 1342638.0000 -0.1965
-13.6944 75.9853 -40.4718 0.0000 1650405946978 1342692.0000 -0.1960
-11.9600 76.0976 -40.1049 0.0000 1650405947032 1342746.0000 -0.1960
-12.2035 75.8810 -39.0019 0.0000 1650405947084 1342800.0000 -0.1960
-12.1412 76.0530 -37.7637 0.0000 1650405947138 1342854.0000 -0.1965
-12.0280 76.1562 -36.0532 0.0000 1650405947193 1342908.0000 -0.1960
-11.8671 76.3481 -34.3180 0.0000 1650405947247 1342962.0000 -0.1955
-11.9061 76.3421 -32.9593 0.0000 1650405947301 1343016.0000 -0.1960
-11.6936 76.3855 -31.7730 0.0000 1650405947355 1343070.0000 -0.1965
-11.8917 76.3168 -30.6749 0.0000 1650405947409 1343124.0000 -0.1965
-11.7692 76.5487 -30.4168 0.0000 1650405947463 1343178.0000 -0.1960
-11.7834 76.5718 -30.6714 0.0000 1650405947517 1343232.0000 -0.1960
-11.5018 76.2477 -32.1109 0.0000 1650405947571 1343286.0000 -0.1960
-11.3867 76.1318 -33.2128 0.0000 1650405947626 1343340.0000 -0.1960
-11.5875 76.0157 -34.6116 0.0000 1650405947680 1343394.0000 -0.1965
-11.2453 75.8820 -36.2319 0.0000 1650405947732 1343448.0000 -0.1965
-11.5654 75.7608 -37.7720 0.0000 1650405947786 1343502.0000 -0.1960
-11.5716 75.6421 -39.2145 0.0000 1650405947840 1343556.0000 -0.1965
-13.7230 75.6693 -40.1780 0.0000 1650405947894 1343610.0000 -0.1965
-13.7660 75.8810 -40.5303 0.0000 1650405947948 1343663.0000 -0.1960
-13.8163 76.0022 -40.6205 0.0000 1650405948002 1343717.0000 -0.1960
-11.9203 76.0342 -39.7172 0.0000 1650405948057 1343771.0000 -0.1960
-12.1718 75.9576 -38.7999 0.0000 1650405948111 1343825.0000 -0.1960
-12.1854 76.0333 -37.2295 0.0000 1650405948165 1343879.0000 -0.1960
-11.9364 76.3657 -35.4574 0.0000 1650405948219 1343933.0000 -0.1965
-11.9401 75.9788 -34.1014 0.0000 1650405948273 1343987.0000 -0.1965
-11.7146 76.3666 -32.3444 0.0000 1650405948326 1344041.0000 -0.1960
-11.8048 76.3404 -31.2462 0.0000 1650405948380 1344095.0000 -0.1965
-14.3273 76.0612 -30.5285 0.0000 1650405948434 1344149.0000 -0.1965
-11.9313 76.5053 -30.5620 0.0000 1650405948488 1344203.0000 -0.1960
-11.4703 76.7708 -31.3141 0.0000 1650405948542 1344257.0000 -0.1960
-11.4538 76.5026 -32.2843 0.0000 1650405948596 1344311.0000 -0.1960
-11.5964 75.9501 -33.7717 0.0000 1650405948650 1344365.0000 -0.1960
-11.1505 75.9321 -35.1584 0.0000 1650405948705 1344419.0000 -0.1965
-11.5274 75.8573 -36.8390 0.0000 1650405948759 1344473.0000 -0.1965
-11.5856 75.8720 -38.4525 0.0000 1650405948813 1344527.0000 -0.1965
-11.6309 75.6383 -39.5105 0.0000 1650405948867 1344581.0000 -0.1960
-13.8556 75.7333 -40.2693 0.0000 1650405948921 1344635.0000 -0.1965
-11.6912 75.8564 -40.5381 0.0000 1650405948973 1344689.0000 -0.1969
-13.8050 76.0429 -40.0807 0.0000 1650405949027 1344743.0000 -0.1965
-13.8784 75.9653 -39.5240 0.0000 1650405949081 1344797.0000 -0.1965
-12.1070 76.0522 -38.2118 0.0000 1650405949136 1344851.0000 -0.1965
-12.1309 75.9855 -36.5689 0.0000 1650405949190 1344905.0000 -0.1969
-11.9926 76.0057 -34.8483 0.0000 1650405949244 1344959.0000 -0.1969
-11.8934 76.3630 -33.1029 0.0000 1650405949298 1345012.0000 -0.1974
-11.7684 76.3606 -31.8759 0.0000 1650405949352 1345066.0000 -0.1974
-14.2470 76.3025 -30.8196 0.0000 1650405949406 1345120.0000 -0.1969
-14.3483 76.5302 -30.5325 0.0000 1650405949460 1345174.0000 -0.1974
-14.2987 76.7066 -30.4418 0.0000 1650405949514 1345228.0000 -0.1974
-11.4688 76.6455 -31.6589 0.0000 1650405949567 1345282.0000 -0.1969
-11.4209 76.4193 -32.5887 0.0000 1650405949621 1345336.0000 -0.1969
-11.5236 76.1212 -33.8099 0.0000 1650405949675 1345390.0000 -0.1969
-11.5021 75.9053 -35.7414 0.0000 1650405949729 1345444.0000 -0.1969
-11.2267 75.8707 -37.4416 0.0000 1650405949783 1345498.0000 -0.1969
-11.4881 75.7179 -38.9860 0.0000 1650405949837 1345552.0000 -0.1969
-11.6281 75.7822 -39.7839 0.0000 1650405949891 1345606.0000 -0.1969
-13.8438 75.8533 -40.5942 0.0000 1650405949946 1345660.0000 -0.1965
-13.8377 75.8994 -40.6411 0.0000 1650405950000 1345714.0000 -0.1969
-11.9869 76.0241 -39.9945 0.0000 1650405950054 1345768.0000 -0.1969
-12.0544 75.9756 -39.0761 0.0000 1650405950108 1345822.0000 -0.1969
-11.9781 75.9381 -37.7157 0.0000 1650405950162 1345876.0000 -0.1965
-13.8218 76.2841 -35.9547 0.0000 1650405950214 1345930.0000 -0.1969
-11.8731 76.3713 -34.2236 0.0000 1650405950269 1345984.0000 -0.1969
-11.8608 76.2197 -32.6522 0.0000 1650405950323 1346038.0000 -0.1969
-14.2218 76.3631 -31.5003 0.0000 1650405950377 1346092.0000 -0.1969
-11.8322 76.4365 -30.6704 0.0000 1650405950431 1346146.0000 -0.1969
-14.2728 76.5458 -30.4092 0.0000 1650405950485 1346200.0000 -0.1965
-11.7701 76.6928 -30.9188 0.0000 1650405950539 1346254.0000 -0.1969
-11.3266 76.5082 -32.0221 0.0000 1650405950593 1346308.0000 -0.1969
-11.3512 76.2659 -33.2115 0.0000 1650405950648 1346362.0000 -0.1969
-11.6111 76.0721 -34.8404 0.0000 1650405950702 1346415.0000 -0.1965
-11.4986 75.8554 -36.5919 0.0000 1650405950756 1346469.0000 -0.1965
-11.4848 75.7776 -37.9794 0.0000 1650405950808 1346523.0000 -0.1965
-11.6427 75.6872 -39.1761 0.0000 1650405950862 1346577.0000 -0.1969
-13.8292 75.7779 -40.2916 0.0000 1650405950916 1346631.0000 -0.1969
-11.7695 75.9360 -40.6304 0.0000 1650405950970 1346685.0000 -0.1965
-13.8617 76.0659 -40.5439 0.0000 1650405951024 1346739.0000 -0.1965
-11.9724 76.0106 -39.6244 0.0000 1650405951079 1346793.0000 -0.1965
-11.9365 76.0539 -38.4995 0.0000 1650405951133 1346847.0000 -0.1965
-11.9242 75.8958 -36.9498 0.0000 1650405951187 1346901.0000 -0.1960
-11.9608 76.3223 -35.3329 0.0000 1650405951241 1346955.0000 -0.1960
-11.7466 76.3627 -33.6021 0.0000 1650405951295 1347009.0000 -0.1960
-11.9638 76.3790 -32.1906 0.0000 1650405951349 1347063.0000 -0.1960
-11.7373 76.3439 -31.1058 0.0000 1650405951401 1347117.0000 -0.1965
-14.3870 76.4835 -30.5284 0.0000 1650405951455 1347171.0000 -0.1969
-14.3063 76.7011 -30.5995 0.0000 1650405951510 1347225.0000 -0.1965
-11.4258 76.6189 -31.3733 0.0000 1650405951564 1347279.0000 -0.1965
-11.3950 76.5275 -32.3045 0.0000 1650405951618 1347333.0000 -0.1969
-11.4104 76.1666 -33.8520 0.0000 1650405951672 1347387.0000 -0.1965
-11.5177 75.9685 -35.5071 0.0000 1650405951726 1347441.0000 -0.1960
-11.5478 75.9112 -37.2749 0.0000 1650405951780 1347495.0000 -0.1960
-11.6551 75.9125 -38.4219 0.0000 1650405951834 1347549.0000 -0.1960
-11.8360 75.7001 -39.6663 0.0000 1650405951889 1347603.0000 -0.1960
-13.7762 75.8040 -40.6783 0.0000 1650405951943 1347657.0000 -0.1965
-13.7751 75.9771 -40.6751 0.0000 1650405951997 1347711.0000 -0.1969
-13.7674 76.0689 -40.0709 0.0000 1650405952049 1347764.0000 -0.1965
-11.8961 75.8974 -39.4388 0.0000 1650405952103 1347818.0000 -0.1965
-11.8321 75.9554 -37.9462 0.0000 1650405952157 1347872.0000 -0.1969
-11.9443 75.9814 -36.4332 0.0000 1650405952212 1347926.0000 -0.1965
-11.9311 76.2625 -34.7625 0.0000 1650405952265 1347980.0000 -0.1969
-11.9500 76.3431 -33.1015 0.0000 1650405952320 1348034.0000 -0.1965
-11.8492 76.2557 -31.8917 0.0000 1650405952374 1348088.0000 -0.1965
-14.3098 76.4261 -30.6666 0.0000 1650405952428 1348142.0000 -0.1965
-14.3198 76.4713 -30.4380 0.0000 1650405952482 1348196.0000 -0.1969
-11.7537 76.6791 -30.5229 0.0000 1650405952536 1348250.0000 -0.1969
-11.4395 76.5816 -31.7563 0.0000 1650405952591 1348304.0000 -0.1965
-11.3976 76.2300 -32.6818 0.0000 1650405952643 1348358.0000 -0.1969
-11.0903 76.2179 -34.4322 0.0000 1650405952697 1348412.0000 -0.1969
-11.5391 75.9672 -36.0601 0.0000 1650405952752 1348466.0000 -0.1965
-11.2373 75.8778 -37.8731 0.0000 1650405952805 1348520.0000 -0.1965
-11.7216 75.9177 -39.1527 0.0000 1650405952859 1348574.0000 -0.1965
-13.8317 75.7628 -40.1218 0.0000 1650405952913 1348628.0000 -0.1965
-13.6556 75.8650 -40.6271 0.0000 1650405952967 1348682.0000 -0.1965
-13.7900 75.9550 -40.5738 0.0000 1650405953022 1348736.0000 -0.1965
-11.9799 75.9994 -40.0627 0.0000 1650405953076 1348790.0000 -0.1969
-11.8068 75.9538 -38.7497 0.0000 1650405953130 1348844.0000 -0.1965
-11.9005 76.0395 -37.5244 0.0000 1650405953184 1348898.0000 -0.1965
-11.9308 76.0075 -35.8822 0.0000 1650405953238 1348952.0000 -0.1969
-11.8612 76.2555 -34.1418 0.0000 1650405953290 1349006.0000 -0.1965
-11.8362 76.3875 -32.4666 0.0000 1650405953344 1349060.0000 -0.1965
-11.9305 76.3418 -31.3659 0.0000 1650405953398 1349113.0000 -0.1965
-11.8337 76.0892 -30.5796 0.0000 1650405953453 1349167.0000 -0.1965
-14.4326 76.5378 -30.5022 0.0000 1650405953507 1349221.0000 -0.1965
-11.6884 76.5440 -31.2952 0.0000 1650405953561 1349275.0000 -0.1969
-11.4801 76.1411 -32.1123 0.0000 1650405953615 1349329.0000 -0.1969
-11.4368 76.2168 -33.3987 0.0000 1650405953669 1349383.0000 -0.1965
-11.0941 76.0824 -34.9893 0.0000 1650405953723 1349437.0000 -0.1965
-11.6149 75.8682 -36.7709 0.0000 1650405953777 1349491.0000 -0.1969
-11.2729 75.7299 -38.0450 0.0000 1650405953832 1349545.0000 -0.1969
-11.8143 75.8656 -39.5271 0.0000 1650405953884 1349599.0000 -0.1965
-13.7501 75.7238 -40.3010 0.0000 1650405953938 1349653.0000 -0.1965
-13.6039 75.9049 -40.5501 0.0000 1650405953992 1349707.0000 -0.1965
-13.7753 76.0242 -40.2506 0.0000 1650405954046 1349761.0000 -0.1969
-11.8903 75.8860 -39.5319 0.0000 1650405954100 1349815.0000 -0.1969
-11.7726 76.0011 -38.2706 0.0000 1650405954155 1349869.0000 -0.1974
-11.8835 75.9390 -36.7483 0.0000 1650405954209 1349923.0000 -0.1969
-11.8677 76.3717 -35.1994 0.0000 1650405954263 1349977.0000 -0.1969
-11.8287 76.3383 -33.5693 0.0000 1650405954317 1350031.0000 -0.1974
-11.8224 76.3199 -32.0458 0.0000 1650405954371 1350085.0000 -0.1969
-11.8328 76.3458 -31.2001 0.0000 1650405954425 1350139.0000 -0.1969
-14.4588 76.4965 -30.4836 0.0000 1650405954477 1350193.0000 -0.1969
-14.3049 76.6428 -30.5763 0.0000 1650405954532 1350247.0000 -0.1969
-11.5312 76.6428 -31.5698 0.0000 1650405954586 1350301.0000 -0.1969
-11.3292 76.6321 -32.7443 0.0000 1650405954640 1350355.0000 -0.1974
-11.5846 76.1264 -33.8833 0.0000 1650405954694 1350409.0000 -0.1974
-11.4624 75.8802 -35.5907 0.0000 1650405954748 1350462.0000 -0.1969
-11.5921 75.8965 -37.2914 0.0000 1650405954802 1350516.0000 -0.1974
-11.8038 75.8232 -38.4973 0.0000 1650405954856 1350570.0000 -0.1974
-11.7772 75.8055 -39.6163 0.0000 1650405954910 1350624.0000 -0.1974
-13.8463 75.8249 -40.6112 0.0000 1650405954965 1350678.0000 -0.1974
-13.8044 75.9053 -40.6098 0.0000 1650405955019 1350732.0000 -0.1974
-13.7450 76.0085 -39.9138 0.0000 1650405955073 1350786.0000 -0.1974
-11.6932 75.9750 -38.9373 0.0000 1650405955125 1350840.0000 -0.1974
-11.7657 76.0489 -37.7869 0.0000 1650405955179 1350894.0000 -0.1979
-11.8425 75.9144 -36.1049 0.0000 1650405955233 1350948.0000 -0.1979
-11.8684 76.3558 -34.3900 0.0000 1650405955287 1351002.0000 -0.1974
-11.9064 76.3894 -32.9389 0.0000 1650405955341 1351056.0000 -0.1979
-11.9555 76.3980 -31.6710 0.0000 1650405955396 1351110.0000 -0.1979
-11.7481 76.3974 -30.5237 0.0000 1650405955450 1351164.0000 -0.1979
-11.8766 76.6087 -30.3840 0.0000 1650405955504 1351218.0000 -0.1979
-11.7616 76.6678 -30.7000 0.0000 1650405955558 1351272.0000 -0.1974
-11.4575 76.7046 -32.0235 0.0000 1650405955612 1351326.0000 -0.1974
-11.3855 76.1785 -33.1260 0.0000 1650405955666 1351380.0000 -0.1974
-11.3693 76.0082 -34.5898 0.0000 1650405955720 1351434.0000 -0.1979
-11.5820 75.9794 -36.1912 0.0000 1650405955773 1351488.0000 -0.1979
-11.5437 75.8942 -37.9493 0.0000 1650405955827 1351542.0000 -0.1979
-11.6946 75.8384 -39.0783 0.0000 1650405955881 1351596.0000 -0.1979
-13.7950 75.8310 -40.1157 0.0000 1650405955935 1351650.0000 -0.1979
-11.6887 75.8033 -40.5877 0.0000 1650405955989 1351704.0000 -0.1974
-13.7761 76.0931 -40.5885 0.0000 1650405956043 1351758.0000 -0.1974
-13.6654 76.0832 -39.6873 0.0000 1650405956098 1351811.0000 -0.1974
-11.8489 76.0054 -38.6247 0.0000 1650405956151 1351865.0000 -0.1974
-11.8457 75.9492 -37.1784 0.0000 1650405956206 1351919.0000 -0.1974
-11.9029 75.9812 -35.5064 0.0000 1650405956260 1351973.0000 -0.1979
-11.8955 75.9808 -33.7611 0.0000 1650405956314 1352027.0000 -0.1979
-11.8951 76.3899 -32.4724 0.0000 1650405956366 1352081.0000 -0.1974
-11.8047 76.4305 -31.2630 0.0000 1650405956420 1352135.0000 -0.1979
-11.8112 76.4212 -30.5487 0.0000 1650405956474 1352189.0000 -0.1979
-12.1125 76.5365 -30.4489 0.0000 1650405956529 1352243.0000 -0.1979
-11.6846 76.7763 -31.2629 0.0000 1650405956583 1352297.0000 -0.1974
-14.0625 76.6437 -32.2201 0.0000 1650405956637 1352351.0000 -0.1974
-11.0153 76.1412 -33.6298 0.0000 1650405956691 1352405.0000 -0.1974
-11.2517 75.9863 -35.0481 0.0000 1650405956745 1352459.0000 -0.1974
-11.6172 75.8332 -36.8645 0.0000 1650405956799 1352513.0000 -0.1979
-11.4096 75.7432 -38.3969 0.0000 1650405956853 1352567.0000 -0.1979
-13.6530 75.7382 -39.5656 0.0000 1650405956908 1352621.0000 -0.1974
-13.6951 75.7698 -40.1735 0.0000 1650405956960 1352675.0000 -0.1979
-11.7047 75.9435 -40.6242 0.0000 1650405957014 1352729.0000 -0.1979
-13.7824 76.0693 -40.2675 0.0000 1650405957068 1352783.0000 -0.1974
-13.7010 75.8575 -39.4831 0.0000 1650405957122 1352837.0000 -0.1974
-11.9466 76.0166 -38.1618 0.0000 1650405957176 1352891.0000 -0.1974
-11.9112 75.9595 -36.6200 0.0000 1650405957230 1352945.0000 -0.1974
-11.9274 76.3314 -34.8705 0.0000 1650405957284 1352999.0000 -0.1974
-11.8150 76.3677 -33.0995 0.0000 1650405957339 1353053.0000 -0.1979
-11.8143 76.2949 -31.8429 0.0000 1650405957393 1353107.0000 -0.1979
-11.8078 76.3821 -30.6429 0.0000 1650405957447 1353160.0000 -0.1974
-14.4259 76.4909 -30.4803 0.0000 1650405957501 1353214.0000 -0.1979
-11.9666 76.6565 -30.5950 0.0000 1650405957555 1353268.0000 -0.1979
-11.5109 76.6838 -31.6681 0.0000 1650405957607 1353322.0000 -0.1979
-11.3687 76.2540 -32.7349 0.0000 1650405957661 1353376.0000 -0.1974
-11.4277 76.0331 -34.1857 0.0000 1650405957716 1353430.0000 -0.1969
-11.5159 76.0091 -35.8046 0.0000 1650405957770 1353484.0000 -0.1969
-11.2432 75.8223 -37.4603 0.0000 1650405957824 1353538.0000 -0.1974
-11.3030 75.7427 -38.9720 0.0000 1650405957878 1353592.0000 -0.1974
-13.7297 75.7465 -39.7587 0.0000 1650405957932 1353646.0000 -0.1974
-13.7427 75.8270 -40.5646 0.0000 1650405957986 1353700.0000 -0.1974
-13.7100 75.9448 -40.4529 0.0000 1650405958041 1353754.0000 -0.1974
-13.6908 76.0919 -40.1261 0.0000 1650405958094 1353808.0000 -0.1974
-11.9319 75.9660 -38.9539 0.0000 1650405958149 1353862.0000 -0.1974
-11.9640 75.9550 -37.6593 0.0000 1650405958201 1353916.0000 -0.1969
-11.9796 75.9708 -35.9752 0.0000 1650405958255 1353970.0000 -0.1969
-11.8229 76.3086 -34.1833 0.0000 1650405958309 1354024.0000 -0.1969
-11.8001 76.4457 -32.8851 0.0000 1650405958363 1354078.0000 -0.1969
-11.7532 76.3107 -31.6935 0.0000 1650405958417 1354132.0000 -0.1974
-14.2343 76.3911 -30.5247 0.0000 1650405958472 1354186.0000 -0.1974
-11.8678 76.4864 -30.3701 0.0000 1650405958526 1354240.0000 -0.1969
-11.6759 76.8377 -30.5780 0.0000 1650405958580 1354294.0000 -0.1974
-11.4939 76.3151 -32.1990 0.0000 1650405958634 1354348.0000 -0.1974
-11.4420 76.1328 -33.2571 0.0000 1650405958688 1354402.0000 -0.1969
-11.3737 75.9888 -34.9268 0.0000 1650405958742 1354456.0000 -0.1969
-11.5921 76.0506 -36.4064 0.0000 1650405958796 1354510.0000 -0.1969
-11.5878 75.7612 -37.9312 0.0000 1650405958849 1354563.0000 -0.1969
-11.7682 75.7289 -39.1894 0.0000 1650405958903 1354617.0000 -0.1974
-13.7881 75.7703 -40.2348 0.0000 1650405958957 1354671.0000 -0.1974
-13.6759 75.9187 -40.5405 0.0000 1650405959011 1354725.0000 -0.1974
-13.7227 76.1189 -40.4736 0.0000 1650405959065 1354779.0000 -0.1969
-11.8627 76.0335 -39.5623 0.0000 1650405959119 1354833.0000 -0.1974
-11.9139 76.0520 -38.4547 0.0000 1650405959173 1354887.0000 -0.1979
-12.0542 75.9191 -37.0995 0.0000 1650405959227 1354941.0000 -0.1979
-11.8383 76.1150 -35.4173 0.0000 1650405959282 1354995.0000 -0.1974
-11.7422 76.3361 -33.6831 0.0000 1650405959336 1355049.0000 -0.1974
-11.8002 76.4260 -32.3568 0.0000 1650405959390 1355103.0000 -0.1974
-11.7655 76.4588 -31.1263 0.0000 1650405959442 1355157.0000 -0.1974
-14.2984 76.2563 -30.4592 0.0000 1650405959496 1355211.0000 -0.1974
-14.2756 76.5917 -30.4841 0.0000 1650405959550 1355265.0000 -0.1974
-11.6391 76.7550 -31.4224 0.0000 1650405959604 1355319.0000 -0.1974
-11.5241 76.5982 -32.3251 0.0000 1650405959659 1355373.0000 -0.1974
-11.5665 76.1523 -33.8795 0.0000 1650405959713 1355427.0000 -0.1974
-11.4838 75.9728 -35.5303 0.0000 1650405959767 1355481.0000 -0.1969
-11.6226 75.8931 -37.2222 0.0000 1650405959821 1355535.0000 -0.1969
-11.6158 75.7473 -38.5181 0.0000 1650405959875 1355589.0000 -0.1969
-13.6445 75.6543 -39.5713 0.0000 1650405959929 1355643.0000 -0.1969
-13.7444 75.8780 -40.2830 0.0000 1650405959984 1355697.0000 -0.1974
-11.8794 75.8632 -40.6139 0.0000 1650405960036 1355751.0000 -0.1974
-13.7818 76.0888 -40.1831 0.0000 1650405960090 1355805.0000 -0.1974
-11.9034 75.9281 -39.3627 0.0000 1650405960144 1355859.0000 -0.1974
-11.9365 75.9838 -38.1376 0.0000 1650405960198 1355912.0000 -0.1974
-11.9667 76.0644 -36.6194 0.0000 1650405960252 1355966.0000 -0.1974
-11.8860 76.3893 -34.7832 0.0000 1650405960306 1356020.0000 -0.1969
-11.8673 76.3771 -33.0577 0.0000 1650405960361 1356074.0000 -0.1969
-11.8621 76.4395 -31.7736 0.0000 1650405960415 1356128.0000 -0.1969
-11.8060 76.4139 -30.6276 0.0000 1650405960469 1356182.0000 -0.1969
-11.8489 76.3763 -30.3619 0.0000 1650405960523 1356236.0000 -0.1974
-14.2585 76.8622 -30.5321 0.0000 1650405960577 1356290.0000 -0.1974
-11.6172 76.6119 -31.7323 0.0000 1650405960631 1356344.0000 -0.1974
-11.4763 76.5983 -32.7566 0.0000 1650405960683 1356398.0000 -0.1974
-11.4640 76.1024 -34.4141 0.0000 1650405960737 1356452.0000 -0.1979
-11.4676 75.9669 -36.0481 0.0000 1650405960792 1356506.0000 -0.1979
-11.2964 75.8650 -37.8212 0.0000 1650405960846 1356560.0000 -0.1979
-11.3584 75.7273 -38.9555 0.0000 1650405960900 1356614.0000 -0.1974
-13.6662 75.7657 -40.0286 0.0000 1650405960954 1356668.0000 -0.1974
-13.7687 75.8700 -40.7222 0.0000 1650405961008 1356722.0000 -0.1974
-13.7866 75.9759 -40.2240 0.0000 1650405961062 1356776.0000 -0.1979
-13.7446 76.0647 -39.9919 0.0000 1650405961116 1356830.0000 -0.1979
-11.8833 75.9000 -38.9712 0.0000 1650405961170 1356884.0000 -0.1979
-11.8594 75.9684 -37.6111 0.0000 1650405961225 1356938.0000 -0.1979
-11.8779 76.0144 -35.8954 0.0000 1650405961277 1356992.0000 -0.1984
-11.8487 76.3364 -34.1662 0.0000 1650405961331 1357046.0000 -0.1984
-11.8609 76.2831 -32.5410 0.0000 1650405961385 1357100.0000 -0.1979
-11.8332 76.4007 -31.3285 0.0000 1650405961439 1357154.0000 -0.1979
-14.3193 76.4332 -30.5190 0.0000 1650405961493 1357208.0000 -0.1979
-11.7593 76.4703 -30.3213 0.0000 1650405961547 1357261.0000 -0.1979
-11.6348 76.7099 -31.0894 0.0000 1650405961602 1357315.0000 -0.1984
-11.5893 76.6201 -32.1920 0.0000 1650405961656 1357369.0000 -0.1984
-11.3805 76.1278 -33.6530 0.0000 1650405961710 1357423.0000 -0.1984
-11.1239 76.0603 -35.0691 0.0000 1650405961764 1357477.0000 -0.1984
-11.2050 75.9952 -36.7034 0.0000 1650405961818 1357531.0000 -0.1989
-11.6343 75.8453 -38.0716 0.0000 1650405961872 1357585.0000 -0.1984
-11.6293 75.6884 -39.5696 0.0000 1650405961925 1357639.0000 -0.1984
-13.6890 75.8005 -40.1251 0.0000 1650405961979 1357693.0000 -0.1979
-11.6801 75.9109 -40.4764 0.0000 1650405962033 1357747.0000 -0.1979
-13.7599 76.1488 -40.2085 0.0000 1650405962087 1357801.0000 -0.1984
-13.6309 75.9341 -39.5377 0.0000 1650405962141 1357855.0000 -0.1984
-11.8582 76.1339 -38.3649 0.0000 1650405962195 1357909.0000 -0.1989
-11.8387 75.9898 -36.9602 0.0000 1650405962249 1357963.0000 -0.1984
-11.8156 76.3564 -35.3376 0.0000 1650405962304 1358017.0000 -0.1984
-11.7406 76.3299 -33.4332 0.0000 1650405962358 1358071.0000 -0.1984
-11.8887 76.4055 -31.9778 0.0000 1650405962412 1358125.0000 -0.1984
-11.7382 76.3530 -31.1999 0.0000 1650405962466 1358179.0000 -0.1984
-14.3356 76.3666 -30.5644 0.0000 1650405962518 1358233.0000 -0.1984
-14.3410 76.5725 -30.6556 0.0000 1650405962572 1358287.0000 -0.1979
-11.6589 76.7446 -31.2337 0.0000 1650405962626 1358341.0000 -0.1979
-11.4967 76.3401 -32.6934 0.0000 1650405962680 1358395.0000 -0.1984
-11.5425 76.1194 -34.0160 0.0000 1650405962735 1358449.0000 -0.1984
-11.5618 76.0328 -35.5558 0.0000 1650405962789 1358503.0000 -0.1979
-11.6694 75.8928 -37.3161 0.0000 1650405962843 1358557.0000 -0.1984
-11.7193 75.8832 -38.6790 0.0000 1650405962897 1358610.0000 -0.1984
-13.7658 75.7011 -39.7147 0.0000 1650405962951 1358664.0000 -0.1984
-13.8507 75.7416 -40.8391 0.0000 1650405963005 1358718.0000 -0.1984
-13.7410 75.8996 -40.5473 0.0000 1650405963059 1358772.0000 -0.1979
-13.7744 76.1802 -40.1871 0.0000 1650405963113 1358826.0000 -0.1979
-13.7210 76.0030 -39.2412 0.0000 1650405963166 1358880.0000 -0.1984
-11.9026 75.9631 -37.8183 0.0000 1650405963220 1358934.0000 -0.1984
-11.9969 75.9729 -36.1998 0.0000 1650405963274 1358988.0000 -0.1984
-11.8750 76.0615 -34.4027 0.0000 1650405963328 1359042.0000 -0.1984
-11.7779 76.3798 -33.0736 0.0000 1650405963382 1359096.0000 -0.1989
-11.8065 76.3338 -31.7836 0.0000 1650405963436 1359150.0000 -0.1989
-11.9319 76.4146 -30.6194 0.0000 1650405963490 1359204.0000 -0.1984
-11.7478 76.5028 -30.5419 0.0000 1650405963545 1359258.0000 -0.1989
-11.8079 76.6570 -30.7890 0.0000 1650405963599 1359312.0000 -0.1984
-11.5021 76.6267 -32.0371 0.0000 1650405963653 1359366.0000 -0.1984
-11.5477 76.2970 -33.2142 0.0000 1650405963707 1359420.0000 -0.1984
-11.2075 76.0762 -34.5076 0.0000 1650405963759 1359474.0000 -0.1989
-11.5851 75.9155 -36.1933 0.0000 1650405963813 1359528.0000 -0.1989
-11.2815 75.7303 -37.9808 0.0000 1650405963868 1359582.0000 -0.1979
-11.3141 75.8747 -39.1433 0.0000 1650405963921 1359636.0000 -0.1984
-13.7788 75.8281 -40.1297 0.0000 1650405963976 1359690.0000 -0.1984
-13.7079 75.9167 -40.6792 0.0000 1650405964030 1359744.0000 -0.1984
-13.7723 75.9882 -40.4631 0.0000 1650405964084 1359798.0000 -0.1984
-11.8807 75.9220 -39.7198 0.0000 1650405964138 1359852.0000 -0.1979
-11.8940 76.0193 -38.8595 0.0000 1650405964192 1359906.0000 -0.1979
-11.9176 75.9537 -37.2469 0.0000 1650405964247 1359959.0000 -0.1979
-11.9791 76.0230 -35.5116 0.0000 1650405964301 1360013.0000 -0.1984
-11.8587 76.0517 -33.8731 0.0000 1650405964353 1360067.0000 -0.1984
-11.8278 76.3289 -32.4310 0.0000 1650405964407 1360121.0000 -0.1979
-11.6421 76.3596 -31.2680 0.0000 1650405964461 1360175.0000 -0.1984
-14.2859 76.3892 -30.4287 0.0000 1650405964515 1360229.0000 -0.1984
-11.9651 76.6030 -30.4318 0.0000 1650405964569 1360283.0000 -0.1979
-11.8602 76.7825 -31.4030 0.0000 1650405964623 1360337.0000 -0.1979
-11.6240 76.6193 -32.1175 0.0000 1650405964678 1360391.0000 -0.1979
-11.4519 76.2468 -33.6466 0.0000 1650405964732 1360445.0000 -0.1979
-11.4337 76.0805 -35.1548 0.0000 1650405964786 1360499.0000 -0.1984
-11.2375 75.9271 -36.8675 0.0000 1650405964840 1360553.0000 -0.1984
-13.7929 75.8257 -38.4411 0.0000 1650405964894 1360607.0000 -0.1984
-11.6727 75.7721 -39.5874 0.0000 1650405964948 1360661.0000 -0.1979
-13.7423 75.8481 -40.1893 0.0000 1650405965000 1360715.0000 -0.1984
-13.7888 76.0203 -40.5971 0.0000 1650405965054 1360769.0000 -0.1984
-11.9190 76.0127 -40.1140 0.0000 1650405965109 1360823.0000 -0.1984
-11.8865 75.9372 -39.5623 0.0000 1650405965163 1360877.0000 -0.1984
-11.7193 75.9112 -38.2107 0.0000 1650405965217 1360931.0000 -0.1979
-11.9014 75.9714 -36.5466 0.0000 1650405965271 1360985.0000 -0.1979
-11.8875 75.8818 -35.0260 0.0000 1650405965325 1361039.0000 -0.1979
-11.9116 76.2865 -33.2219 0.0000 1650405965379 1361093.0000 -0.1979
-11.8971 76.3328 -31.8552 0.0000 1650405965433 1361147.0000 -0.1979
-11.9504 76.3337 -30.9858 0.0000 1650405965488 1361201.0000 -0.1974
-14.4382 76.4421 -30.3847 0.0000 1650405965542 1361255.0000 -0.1979
-14.3185 76.6364 -30.5119 0.0000 1650405965594 1361308.0000 -0.1974
-11.6080 76.6095 -31.5565 0.0000 1650405965648 1361362.0000 -0.1974
-11.5575 76.5566 -32.7073 0.0000 1650405965702 1361416.0000 -0.1974
-11.1513 76.2062 -34.4318 0.0000 1650405965756 1361470.0000 -0.1974
-11.2095 76.0260 -35.7109 0.0000 1650405965811 1361524.0000 -0.1974
-11.5605 75.8696 -37.4080 0.0000 1650405965864 1361578.0000 -0.1974
-11.7061 75.8063 -38.9995 0.0000 1650405965919 1361632.0000 -0.1979
-11.6827 75.8082 -39.7523 0.0000 1650405965973 1361686.0000 -0.1974
