-12.9650 76.0103 -35.8443 0.0000 1650406224474 1620193.5000 -0.2009
-13.2192 75.7560 -35.5901 0.0000 1650406224503 1620222.7500 -0.2009
-12.9650 76.0103 -35.8443 0.0000 1650406224532 1620252.2500 -0.2009
-10.4228 78.5524 -38.3864 0.0000 1650406224561 1620280.7500 -0.2009
-10.6770 78.2982 -38.6407 0.0000 1650406224590 1620309.7500 -0.2009
-12.7107 76.2645 -36.0985 0.0000 1650406224619 1620338.0000 -0.2009
-13.2192 75.7560 -35.5901 0.0000 1650406224648 1620367.7500 -0.2009
-12.7107 76.2645 -36.0985 0.0000 1650406224677 1620396.5000 -0.2009
-10.6770 78.2982 -38.1322 0.0000 1650406224706 1620425.5000 -0.2009
-10.4228 78.5524 -38.3864 0.0000 1650406224735 1620454.2500 -0.2009
-10.4228 78.5524 -38.3864 0.0000 1650406224764 1620483.2500 -0.2009
-10.4228 78.5524 -38.3864 0.0000 1650406224793 1620512.2500 -0.2009
-10.6770 78.2982 -38.6407 0.0000 1650406224822 1620541.2500 -0.2009
-10.4228 78.5524 -38.3864 0.0000 1650406224851 1620570.2500 -0.2009
-10.4228 78.5524 -38.3864 0.0000 1650406224880 1620599.2500 -0.2004
-10.6770 78.2982 -38.6407 0.0000 1650406224909 1620628.2500 -0.2004
-10.4228 78.5524 -38.3864 0.0000 1650406224938 1620657.2500 -0.2004
-10.6770 78.2982 -38.6407 0.0000 1650406224967 1620686.2500 -0.2004
-12.7107 76.2645 -36.0985 0.0000 1650406224996 1620715.2500 -0.1999
-10.6770 78.2982 -38.6407 0.0000 1650406225024 1620745.7500 -0.1999
-10.4228 78.5524 -38.3864 0.0000 1650406225054 1620773.5000 -0.2004
-10.6770 78.2982 -38.6407 0.0000 1650406225083 1620802.0000 -0.2004
-12.9650 76.0103 -35.8443 0.0000 1650406225112 1620831.0000 -0.2004
-10.6770 78.2982 -38.6407 0.0000 1650406225140 1620860.0000 -0.2004
-10.6770 78.2982 -38.6407 0.0000 1650406225170 1620888.7500 -0.2004
-12.7107 76.2645 -36.0985 0.0000 1650406225199 1620917.7500 -0.2004
-12.7107 76.2645 -36.0985 0.0000 1650406225228 1620946.7500 -0.2004
-10.4228 78.5524 -38.3864 0.0000 1650406225257 1620975.7500 -0.2004
-12.7107 76.2645 -36.0985 0.0000 1650406225285 1621006.2500 -0.2004
-10.4228 78.5524 -38.3864 0.0000 1650406225315 1621033.5000 -0.2004
-12.7107 76.2645 -36.0985 0.0000 1650406225343 1621062.7500 -0.2009
-12.7107 76.2645 -36.0985 0.0000 1650406225372 1621092.7500 -0.2009
-12.9650 76.0103 -35.8443 0.0000 1650406225401 1621122.0000 -0.2009
-12.7107 76.2645 -36.0985 0.0000 1650406225430 1621149.7500 -0.2009
-12.4565 76.5187 -36.3527 0.0000 1650406225459 1621178.7500 -0.2009
-13.2192 75.7560 -35.5901 0.0000 1650406225488 1621207.7500 -0.2009
-10.4228 78.5524 -38.3864 0.0000 1650406225517 1621236.7500 -0.2009
-10.6770 78.2982 -38.6407 0.0000 1650406225547 1621265.7500 -0.2009
-10.4228 78.5524 -38.3864 0.0000 1650406225576 1621294.7500 -0.2009
-12.9650 76.0103 -35.8443 0.0000 1650406225604 1621323.7500 -0.2009
-10.4228 78.5524 -38.3864 0.0000 1650406225634 1621352.7500 -0.2009
-10.4228 78.5524 -38.3864 0.0000 1650406225662 1621381.7500 -0.2009
-10.4228 78.5524 -38.3864 0.0000 1650406225691 1621410.7500 -0.2009
-10.6770 78.2982 -38.6407 0.0000 1650406225720 1621439.7500 -0.2004
-10.4228 78.5524 -38.3864 0.0000 1650406225749 1621468.7500 -0.2004
-10.4228 78.5524 -38.3864 0.0000 1650406225778 1621497.5000 -0.2004
-10.4228 78.5524 -38.3864 0.0000 1650406225807 1621526.2500 -0.2004
-10.6770 78.2982 -38.6407 0.0000 1650406225836 1621557.0000 -0.2004
-10.4228 78.5524 -38.3864 0.0000 1650406225865 1621584.2500 -0.2004
-10.6770 78.2982 -38.6407 0.0000 1650406225894 1621613.2500 -0.2004
-10.9312 78.0440 -38.3864 0.0000 1650406225923 1621642.2500 -0.2004
-10.4228 78.5524 -38.3864 0.0000 1650406225952 1621671.2500 -0.2004
-10.6770 78.2982 -38.6407 0.0000 1650406225981 1621700.2500 -0.2004
-13.4734 75.5018 -35.8443 0.0000 1650406226010 1621729.2500 -0.2004
-10.4228 78.5524 -38.3864 0.0000 1650406226039 1621758.2500 -0.2004
-12.7107 76.2645 -36.0985 0.0000 1650406226068 1621788.0000 -0.2004
-10.6770 78.2982 -38.6407 0.0000 1650406226097 1621816.0000 -0.2004
-10.6770 78.2982 -38.6407 0.0000 1650406226126 1621845.2500 -0.2009
-13.2192 75.7560 -36.0985 0.0000 1650406226155 1621873.7500 -0.2009
-10.6770 78.2982 -38.6407 0.0000 1650406226183 1621903.2500 -0.2009
-10.4228 78.5524 -38.3864 0.0000 1650406226213 1621932.0000 -0.2009
-12.7107 76.2645 -36.0985 0.0000 1650406226241 1621961.0000 -0.1999
-12.9650 76.0103 -35.8443 0.0000 1650406226271 1621990.0000 -0.2009
-12.9650 76.0103 -35.8443 0.0000 1650406226299 1622018.7500 -0.2009
-12.4565 76.5187 -35.8443 0.0000 1650406226329 1622047.7500 -0.2009
-11.1855 77.7898 -36.0985 0.0000 1650406226358 1622076.7500 -0.2009
-10.6770 78.8066 -36.6069 0.0000 1650406226387 1622105.7500 -0.2009
-10.6770 78.8066 -35.5901 0.0000 1650406226416 1622134.7500 -0.2009
-12.4565 76.0103 -32.2853 0.0000 1650406226445 1622163.7500 -0.2009
-13.2192 76.2645 -31.0142 0.0000 1650406226474 1622192.7500 -0.2009
-13.2192 76.2645 -31.0142 0.0000 1650406226502 1622221.7500 -0.2009
-13.2192 75.7560 -31.5226 0.0000 1650406226531 1622250.7500 -0.2007
-12.9650 76.0103 -31.2684 0.0000 1650406226560 1622279.7500 -0.2004
-13.4734 76.0103 -30.7600 0.0000 1650406226589 1622308.0000 -0.2004
-11.4397 78.0440 -33.8106 0.0000 1650406226618 1622337.5000 -0.2004
-12.9650 76.0103 -31.2684 0.0000 1650406226647 1622366.7500 -0.2004
-12.4565 77.0271 -33.3022 0.0000 1650406226676 1622395.7500 -0.1999
-13.4734 76.0103 -32.7937 0.0000 1650406226705 1622424.7500 -0.1999
-13.4734 76.0103 -34.8274 0.0000 1650406226735 1622453.7500 -0.1999
-10.6770 78.8066 -37.1154 0.0000 1650406226763 1622482.7500 -0.1999
-12.9650 74.9934 -36.3527 0.0000 1650406226793 1622511.7500 -0.1999
-11.9481 76.5187 -36.8612 0.0000 1650406226821 1622540.2500 -0.1999
-10.6770 77.2813 -39.6575 0.0000 1650406226850 1622571.0000 -0.2004
-9.6602 78.2982 -40.1660 0.0000 1650406226879 1622598.5000 -0.2004
-9.6602 78.2982 -41.1828 0.0000 1650406226908 1622628.5000 -0.2004
-10.1686 78.2982 -41.6912 0.0000 1650406226937 1622656.2500 -0.2004
-12.4565 75.5018 -40.4202 0.0000 1650406226966 1622685.2500 -0.2004
-10.6770 77.7898 -43.7250 0.0000 1650406226995 1622714.2500 -0.2004
-10.4228 78.5524 -43.4707 0.0000 1650406227024 1622743.2500 -0.2004
-12.7107 75.2476 -40.6744 0.0000 1650406227053 1622772.2500 -0.2004
-12.7107 75.7560 -40.6744 0.0000 1650406227082 1622801.2500 -0.2005
-12.4565 76.5187 -40.4202 0.0000 1650406227112 1622830.2500 -0.2009
-12.4565 76.5187 -40.4202 0.0000 1650406227140 1622859.2500 -0.2009
-11.1855 78.2982 -42.1997 0.0000 1650406227169 1622888.2500 -0.2009
-13.4734 76.5187 -39.9117 0.0000 1650406227198 1622917.2500 -0.2009
-11.1855 77.7898 -40.1660 0.0000 1650406227227 1622946.2500 -0.2009
-11.6939 77.7898 -40.1660 0.0000 1650406227256 1622975.2500 -0.2009
-12.9650 76.5187 -36.8612 0.0000 1650406227285 1623004.2500 -0.2009
-13.2192 75.7560 -37.1154 0.0000 1650406227314 1623033.0000 -0.2009
-13.2192 76.2645 -35.0817 0.0000 1650406227342 1623061.7500 -0.2009
-11.1855 77.7898 -36.0985 0.0000 1650406227372 1623092.0000 -0.2009
-13.2192 75.7560 -33.0479 0.0000 1650406227400 1623119.7500 -0.2009
-13.4734 76.0103 -34.3190 0.0000 1650406227430 1623148.7500 -0.2009
-13.2192 76.7729 -32.0311 0.0000 1650406227459 1623177.7500 -0.2004
-13.4734 76.5187 -31.2684 0.0000 1650406227488 1623206.7500 -0.2004
-10.9312 78.0440 -33.3022 0.0000 1650406227517 1623235.7500 -0.2004
-13.2192 76.7729 -31.5226 0.0000 1650406227546 1623264.7500 -0.2004
-13.9818 75.5018 -30.2516 0.0000 1650406227575 1623293.7500 -0.2004
-14.2360 75.2476 -29.9974 0.0000 1650406227604 1623322.2500 -0.2004
-10.1686 78.8066 -33.0479 0.0000 1650406227633 1623351.5000 -0.2004
-12.4565 76.5187 -31.7769 0.0000 1650406227661 1623380.7500 -0.2004
-13.7276 75.7560 -32.5395 0.0000 1650406227691 1623409.5000 -0.2004
-10.6770 78.8066 -35.5901 0.0000 1650406227719 1623438.7500 -0.2004
-13.7276 74.7392 -33.5564 0.0000 1650406227748 1623467.7500 -0.2004
-10.6770 78.2982 -37.6238 0.0000 1650406227777 1623496.7500 -0.2004
-13.7276 75.7560 -36.6069 0.0000 1650406227807 1623525.7500 -0.2004
-10.1686 78.2982 -38.6407 0.0000 1650406227835 1623554.7500 -0.2004
-10.9312 78.0440 -40.4202 0.0000 1650406227864 1623583.7500 -0.2004
-10.1686 77.7898 -40.6744 0.0000 1650406227894 1623612.7500 -0.2009
-11.4397 78.0440 -42.4539 0.0000 1650406227923 1623641.7500 -0.2009
-10.1686 78.2982 -41.6912 0.0000 1650406227952 1623670.7500 -0.2009
-9.9144 78.0440 -42.4539 0.0000 1650406227980 1623699.7500 -0.2009
-12.2023 76.2645 -40.6744 0.0000 1650406228009 1623728.5000 -0.2009
-11.4397 77.5355 -42.4539 0.0000 1650406228038 1623757.5000 -0.2009
-13.4734 74.9934 -40.4202 0.0000 1650406228067 1623786.2500 -0.2004
-12.4565 75.5018 -41.4370 0.0000 1650406228096 1623815.2500 -0.2004
-12.9650 75.5018 -41.4370 0.0000 1650406228125 1623845.0000 -0.2009
-12.4565 75.5018 -40.9286 0.0000 1650406228154 1623873.0000 -0.2009
-10.9312 79.0608 -42.4539 0.0000 1650406228183 1623902.2500 -0.2004
-12.4565 76.5187 -39.4033 0.0000 1650406228212 1623931.2500 -0.2004
-13.2192 75.7560 -38.1322 0.0000 1650406228241 1623960.2500 -0.2004
-12.9650 76.0103 -37.3696 0.0000 1650406228271 1623989.2500 -0.2004
-13.2192 76.2645 -36.6069 0.0000 1650406228299 1624018.2500 -0.1999
-12.9650 76.5187 -35.8443 0.0000 1650406228328 1624047.2500 -0.1999
-13.2192 76.2645 -34.5732 0.0000 1650406228357 1624077.7500 -0.1994
-12.9650 76.5187 -34.3190 0.0000 1650406228386 1624104.2500 -0.1994
-12.7107 76.2645 -33.0479 0.0000 1650406228415 1624134.0000 -0.1994
-14.2360 75.7560 -32.0311 0.0000 1650406228444 1624164.5000 -0.1994
-10.9312 79.0608 -34.3190 0.0000 1650406228473 1624191.7500 -0.1996
-12.7107 76.7729 -31.5226 0.0000 1650406228502 1624221.0000 -0.1999
-11.1855 78.2982 -33.0479 0.0000 1650406228531 1624249.7500 -0.1999
-12.7107 76.2645 -31.0142 0.0000 1650406228559 1624278.7500 -0.1999
-13.2192 75.7560 -30.5058 0.0000 1650406228589 1624307.7500 -0.2001
-12.9650 76.5187 -30.7600 0.0000 1650406228618 1624336.7500 -0.2004
-13.2192 75.2476 -32.0311 0.0000 1650406228647 1624365.7500 -0.2004
-12.4565 77.5355 -32.7937 0.0000 1650406228676 1624394.7500 -0.2004
-11.9481 76.5187 -33.3022 0.0000 1650406228705 1624423.7500 -0.2006
-13.7276 74.7392 -33.5564 0.0000 1650406228734 1624452.7500 -0.2009
-12.2023 76.7729 -34.5732 0.0000 1650406228763 1624481.7500 -0.2009
-9.9144 78.0440 -37.3696 0.0000 1650406228792 1624510.7500 -0.2009
-12.7107 76.2645 -37.1154 0.0000 1650406228820 1624539.7500 -0.2009
-10.1686 77.7898 -39.1491 0.0000 1650406228850 1624568.7500 -0.2009
-11.9481 76.5187 -37.8780 0.0000 1650406228878 1624597.7500 -0.2009
-10.1686 78.2982 -41.1828 0.0000 1650406228907 1624626.2500 -0.2009
-10.6770 78.8066 -41.6912 0.0000 1650406228936 1624655.7500 -0.2004
-9.6602 78.2982 -42.1997 0.0000 1650406228966 1624684.7500 -0.2009
-12.7107 76.2645 -40.6744 0.0000 1650406228994 1624713.7500 -0.2009
-13.4734 75.5018 -41.4370 0.0000 1650406229023 1624742.7500 -0.2009
-12.7107 75.7560 -40.6744 0.0000 1650406229052 1624771.7500 -0.2009
-12.7107 75.2476 -40.6744 0.0000 1650406229082 1624800.7500 -0.2004
-10.6770 78.2982 -43.2165 0.0000 1650406229111 1624829.5000 -0.2004
-13.4734 75.5018 -40.4202 0.0000 1650406229139 1624858.2500 -0.2004
-10.6770 78.8066 -42.1997 0.0000 1650406229169 1624887.0000 -0.2004
-10.6770 78.2982 -41.6912 0.0000 1650406229197 1624916.2500 -0.1999
-12.7107 76.2645 -39.1491 0.0000 1650406229226 1624946.2500 -0.1999
-11.4397 77.5355 -39.9117 0.0000 1650406229255 1624974.2500 -0.2004
-12.9650 76.0103 -37.3696 0.0000 1650406229284 1625003.2500 -0.2004
-11.4397 77.5355 -37.8780 0.0000 1650406229313 1625032.2500 -0.2004
-12.9650 76.5187 -35.3359 0.0000 1650406229342 1625061.2500 -0.2004
-12.4565 76.5187 -34.8274 0.0000 1650406229371 1625090.2500 -0.2004
-10.6770 78.8066 -36.0985 0.0000 1650406229400 1625119.2500 -0.2004
-10.9312 79.0608 -35.8443 0.0000 1650406229430 1625148.2500 -0.2004
-13.4734 76.5187 -32.7937 0.0000 1650406229458 1625177.2500 -0.2004
-13.7276 76.2645 -31.5226 0.0000 1650406229487 1625206.2500 -0.2006
-13.2192 76.2645 -31.0142 0.0000 1650406229516 1625235.2500 -0.2013
-14.9987 74.4850 -30.7600 0.0000 1650406229545 1625264.0000 -0.2009
-13.4734 76.0103 -31.7769 0.0000 1650406229574 1625293.0000 -0.2009
-13.4734 76.5187 -31.2684 0.0000 1650406229603 1625322.0000 -0.2009
-10.1686 78.8066 -33.0479 0.0000 1650406229632 1625350.7500 -0.2009
-10.9312 78.0440 -34.3190 0.0000 1650406229661 1625381.0000 -0.2009
-12.4565 77.5355 -32.7937 0.0000 1650406229690 1625408.2500 -0.2009
-13.4734 74.9934 -31.7769 0.0000 1650406229718 1625437.7500 -0.2009
-12.9650 75.5018 -34.3190 0.0000 1650406229748 1625466.7500 -0.2009
-10.1686 78.2982 -36.6069 0.0000 1650406229777 1625495.7500 -0.2009
-11.1855 77.2813 -38.1322 0.0000 1650406229806 1625524.7500 -0.2009
-12.4565 77.0271 -37.3696 0.0000 1650406229835 1625553.7500 -0.2009
-10.6770 77.7898 -40.1660 0.0000 1650406229864 1625582.7500 -0.2009
-9.9144 78.5524 -40.4202 0.0000 1650406229893 1625611.7500 -0.2009
-10.4228 77.5355 -41.9455 0.0000 1650406229922 1625640.0000 -0.2004
-12.4565 77.0271 -40.4202 0.0000 1650406229951 1625669.7500 -0.2004
-10.4228 78.0440 -42.9623 0.0000 1650406229980 1625698.7500 -0.2004
-9.9144 79.0608 -42.9623 0.0000 1650406230009 1625729.0000 -0.2004
-12.4565 76.5187 -41.4370 0.0000 1650406230037 1625756.7500 -0.1999
-12.2023 75.7560 -40.6744 0.0000 1650406230066 1625785.7500 -0.1999
-12.7107 75.7560 -40.6744 0.0000 1650406230095 1625814.7500 -0.1999
-12.9650 76.5187 -40.9286 0.0000 1650406230125 1625843.7500 -0.1999
-12.4565 76.5187 -40.4202 0.0000 1650406230153 1625872.7500 -0.1999
-11.1855 78.8066 -42.1997 0.0000 1650406230183 1625901.7500 -0.1999
-13.2192 76.7729 -40.1660 0.0000 1650406230212 1625930.7500 -0.1999
-11.4397 78.0440 -40.9286 0.0000 1650406230241 1625959.5000 -0.1999
-11.6939 78.2982 -40.1660 0.0000 1650406230270 1625988.5000 -0.2000
-12.9650 76.5187 -36.8612 0.0000 1650406230298 1626017.2500 -0.2004
-11.1855 77.7898 -37.6238 0.0000 1650406230328 1626046.2500 -0.2009
-13.7276 75.7560 -34.5732 0.0000 1650406230356 1626075.2500 -0.2009
-11.1855 77.7898 -36.0985 0.0000 1650406230385 1626104.2500 -0.2009
-10.4228 78.5524 -35.8443 0.0000 1650406230414 1626134.7500 -0.2009
-11.4397 78.0440 -34.8274 0.0000 1650406230443 1626161.5000 -0.2009
-10.6770 78.8066 -34.5732 0.0000 1650406230472 1626191.2500 -0.2009
-12.9650 76.0103 -30.7600 0.0000 1650406230501 1626220.2500 -0.2010
-12.2023 77.7898 -34.0648 0.0000 1650406230530 1626249.2500 -0.2013
-11.1855 77.7898 -33.5564 0.0000 1650406230559 1626278.2500 -0.2013
-13.2192 75.7560 -29.9974 0.0000 1650406230589 1626307.2500 -0.2013
-10.9312 78.5524 -33.3022 0.0000 1650406230617 1626336.2500 -0.2013
-13.4734 76.0103 -31.2684 0.0000 1650406230646 1626365.0000 -0.2013
-9.9144 78.5524 -33.8106 0.0000 1650406230675 1626393.5000 -0.2013
-12.7107 76.7729 -33.5564 0.0000 1650406230704 1626423.7500 -0.2013
-10.4228 78.5524 -35.8443 0.0000 1650406230733 1626452.0000 -0.2013
-13.4734 76.5187 -35.3359 0.0000 1650406230762 1626482.2500 -0.2009
-10.4228 78.0440 -37.3696 0.0000 1650406230791 1626509.7500 -0.2009
-12.9650 75.5018 -36.3527 0.0000 1650406230820 1626538.7500 -0.2009
-10.4228 78.0440 -38.8949 0.0000 1650406230849 1626567.7500 -0.2009
-12.2023 76.2645 -37.1154 0.0000 1650406230877 1626596.7500 -0.2004
-11.9481 76.5187 -38.8949 0.0000 1650406230907 1626625.7500 -0.2004
-9.9144 78.5524 -40.9286 0.0000 1650406230936 1626654.7500 -0.2004
-9.9144 78.5524 -41.9455 0.0000 1650406230965 1626683.7500 -0.2004
-10.1686 78.2982 -42.7081 0.0000 1650406230994 1626712.7500 -0.2004
-12.7107 75.2476 -41.6912 0.0000 1650406231023 1626741.7500 -0.2004
-12.7107 75.7560 -40.6744 0.0000 1650406231052 1626770.7500 -0.2004
-13.4734 74.9934 -40.9286 0.0000 1650406231081 1626799.7500 -0.2004
-12.7107 75.7560 -40.6744 0.0000 1650406231110 1626828.7500 -0.2004
-12.9650 75.5018 -40.4202 0.0000 1650406231139 1626857.7500 -0.2004
-11.1855 78.2982 -42.1997 0.0000 1650406231168 1626886.7500 -0.2005
-11.1855 78.8066 -42.1997 0.0000 1650406231196 1626915.2500 -0.2009
-10.6770 78.8066 -41.6912 0.0000 1650406231226 1626944.5000 -0.2009
-11.1855 77.7898 -40.1660 0.0000 1650406231254 1626973.7500 -0.2009
-11.1855 78.8066 -40.1660 0.0000 1650406231284 1627002.7500 -0.2010
-12.9650 76.5187 -36.8612 0.0000 1650406231312 1627031.7500 -0.2013
-12.9650 77.0271 -36.3527 0.0000 1650406231342 1627060.5000 -0.2013
-12.9650 76.5187 -34.8274 0.0000 1650406231370 1627089.0000 -0.2013
-12.9650 76.0103 -34.3190 0.0000 1650406231400 1627118.5000 -0.2013
-12.7107 76.2645 -33.0479 0.0000 1650406231429 1627147.2500 -0.2013
-12.4565 77.5355 -35.3359 0.0000 1650406231458 1627180.2500 -0.2013
-10.9312 79.0608 -34.3190 0.0000 1650406231487 1627205.0000 -0.2013
-14.7445 75.2476 -31.5226 0.0000 1650406231515 1627234.2500 -0.2013
-11.4397 78.0440 -33.3022 0.0000 1650406231544 1627264.2500 -0.2013
-13.7276 75.2476 -31.0142 0.0000 1650406231573 1627292.2500 -0.2013
-13.7276 75.2476 -31.0142 0.0000 1650406231602 1627321.2500 -0.2009
-10.6770 78.2982 -33.0479 0.0000 1650406231631 1627350.2500 -0.2009
-13.7276 74.7392 -31.5226 0.0000 1650406231660 1627379.2500 -0.2009
-12.2023 76.7729 -32.0311 0.0000 1650406231689 1627408.2500 -0.2009
-14.2360 75.2476 -32.0311 0.0000 1650406231718 1627437.2500 -0.2004
-10.9312 77.5355 -36.3527 0.0000 1650406231748 1627466.2500 -0.2004
-12.2023 76.2645 -34.0648 0.0000 1650406231776 1627495.0000 -0.2009
-12.4565 75.5018 -34.8274 0.0000 1650406231806 1627524.0000 -0.2009
-13.4734 76.5187 -37.3696 0.0000 1650406231834 1627553.0000 -0.2004
-10.4228 78.0440 -38.8949 0.0000 1650406231863 1627581.7500 -0.2004
-12.4565 76.5187 -37.8780 0.0000 1650406231892 1627610.7500 -0.2004
-10.4228 78.0440 -40.9286 0.0000 1650406231921 1627639.7500 -0.2004
-12.2023 76.7729 -39.1491 0.0000 1650406231950 1627668.7500 -0.2004
-9.9144 78.5524 -41.9455 0.0000 1650406231979 1627699.0000 -0.2004
-9.6602 78.2982 -42.7081 0.0000 1650406232008 1627726.5000 -0.2006
-13.7276 75.2476 -41.1828 0.0000 1650406232037 1627755.7500 -0.2009
-12.4565 76.0103 -40.9286 0.0000 1650406232066 1627784.7500 -0.2009
-12.7107 75.7560 -40.6744 0.0000 1650406232095 1627813.7500 -0.2009
-12.9650 76.0103 -41.4370 0.0000 1650406232124 1627842.7500 -0.2011
-12.9650 75.5018 -40.4202 0.0000 1650406232153 1627871.7500 -0.2013
-10.9312 78.5524 -41.9455 0.0000 1650406232182 1627900.7500 -0.2013
-10.4228 78.5524 -41.9455 0.0000 1650406232211 1627929.2500 -0.2013
-10.4228 78.5524 -41.4370 0.0000 1650406232240 1627958.2500 -0.2013
-10.9312 78.0440 -39.4033 0.0000 1650406232269 1627987.7500 -0.2013
-11.1855 78.8066 -40.1660 0.0000 1650406232298 1628016.2500 -0.2013
-12.7107 76.2645 -36.6069 0.0000 1650406232327 1628045.2500 -0.2013
-12.9650 76.0103 -35.3359 0.0000 1650406232355 1628074.7500 -0.2013
-13.2192 75.7560 -34.0648 0.0000 1650406232385 1628103.7500 -0.2009
-13.4734 76.5187 -33.8106 0.0000 1650406232413 1628132.7500 -0.2009
-13.7276 75.2476 -33.5564 0.0000 1650406232442 1628161.7500 -0.2009
-14.4902 75.5018 -32.7937 0.0000 1650406232471 1628190.5000 -0.2009
-12.9650 76.5187 -31.7769 0.0000 1650406232501 1628219.5000 -0.2009
-13.4734 76.5187 -31.2684 0.0000 1650406232530 1628248.2500 -0.2009
-11.6939 77.7898 -33.5564 0.0000 1650406232559 1628277.2500 -0.2006
-13.4734 75.5018 -31.7769 0.0000 1650406232588 1628306.2500 -0.2004
-13.7276 75.7560 -31.5226 0.0000 1650406232617 1628335.2500 -0.2004
-10.4228 78.5524 -33.3022 0.0000 1650406232646 1628364.2500 -0.2004
-12.7107 76.2645 -31.5226 0.0000 1650406232674 1628393.2500 -0.2004
-12.4565 77.5355 -32.7937 0.0000 1650406232703 1628422.2500 -0.2004
-12.2023 76.7729 -33.5564 0.0000 1650406232732 1628452.5000 -0.2004
-14.2360 75.2476 -34.0648 0.0000 1650406232761 1628480.0000 -0.2004
-11.9481 76.5187 -34.8274 0.0000 1650406232790 1628509.2500 -0.2004
-10.9312 77.5355 -38.3864 0.0000 1650406232819 1628538.2500 -0.2004
-11.9481 76.5187 -36.8612 0.0000 1650406232848 1628567.2500 -0.2009
-10.6770 77.2813 -39.6575 0.0000 1650406232877 1628596.0000 -0.2009
-11.6939 76.7729 -38.1322 0.0000 1650406232906 1628625.0000 -0.2009
-10.1686 78.2982 -41.1828 0.0000 1650406232935 1628654.0000 -0.2009
-10.1686 78.2982 -41.6912 0.0000 1650406232965 1628683.0000 -0.2009
-9.9144 78.0440 -42.4539 0.0000 1650406232993 1628711.5000 -0.2009
-9.9144 78.5524 -42.4539 0.0000 1650406233022 1628740.5000 -0.2009
-10.6770 78.2982 -42.7081 0.0000 1650406233051 1628769.7500 -0.2009
-12.9650 76.5187 -41.4370 0.0000 1650406233080 1628798.5000 -0.2009
-12.2023 75.7560 -41.1828 0.0000 1650406233109 1628827.7500 -0.2009
-13.7276 75.2476 -39.6575 0.0000 1650406233138 1628856.7500 -0.2009
-12.2023 76.2645 -40.6744 0.0000 1650406233167 1628885.7500 -0.2009
-10.1686 78.8066 -41.6912 0.0000 1650406233196 1628914.7500 -0.2009
-12.9650 76.0103 -39.4033 0.0000 1650406233225 1628943.7500 -0.2009
-12.7107 76.2645 -39.1491 0.0000 1650406233254 1628972.7500 -0.2009
-11.9481 77.5355 -40.4202 0.0000 1650406233283 1629001.7500 -0.2009
-13.9818 76.5187 -37.8780 0.0000 1650406233312 1629030.7500 -0.2009
-11.1855 78.2982 -37.6238 0.0000 1650406233341 1629059.7500 -0.2009
-13.2192 76.2645 -35.0817 0.0000 1650406233370 1629088.7500 -0.2009
-13.4734 75.5018 -35.3359 0.0000 1650406233399 1629117.7500 -0.2004
-12.9650 76.0103 -33.3022 0.0000 1650406233428 1629146.7500 -0.2004
-13.7276 75.7560 -33.5564 0.0000 1650406233457 1629175.7500 -0.2004
-13.2192 75.7560 -32.5395 0.0000 1650406233486 1629204.7500 -0.1999
-13.2192 76.2645 -31.0142 0.0000 1650406233514 1629234.7500 -0.1999
-11.6939 77.2813 -33.5564 0.0000 1650406233544 1629262.2500 -0.1999
-13.4734 75.5018 -31.2684 0.0000 1650406233572 1629291.5000 -0.1999
-13.2192 75.7560 -31.5226 0.0000 1650406233601 1629320.5000 -0.1999
-12.9650 76.0103 -30.7600 0.0000 1650406233631 1629349.5000 -0.1999
-11.4397 78.0440 -34.3190 0.0000 1650406233660 1629378.2500 -0.1999
-12.7107 76.2645 -31.5226 0.0000 1650406233688 1629407.2500 -0.2001
-13.9818 75.5018 -32.7937 0.0000 1650406233718 1629436.2500 -0.2004
-10.1686 78.2982 -35.0817 0.0000 1650406233747 1629465.2500 -0.2004
-12.4565 75.5018 -34.8274 0.0000 1650406233776 1629496.7500 -0.2004
-13.4734 76.0103 -34.3190 0.0000 1650406233805 1629523.2500 -0.2004
-12.7107 74.7392 -36.6069 0.0000 1650406233833 1629553.7500 -0.2004
-11.9481 76.5187 -36.8612 0.0000 1650406233863 1629581.0000 -0.2004
-13.2192 75.7560 -38.6407 0.0000 1650406233891 1629610.2500 -0.2004
-9.6602 78.2982 -40.1660 0.0000 1650406233920 1629639.2500 -0.2005
-10.9312 78.0440 -41.9455 0.0000 1650406233949 1629668.2500 -0.2009
-9.6602 78.2982 -42.1997 0.0000 1650406233978 1629697.2500 -0.2009
-12.7107 75.7560 -40.1660 0.0000 1650406234007 1629726.0000 -0.2009
-12.2023 76.2645 -40.6744 0.0000 1650406234036 1629755.0000 -0.2009
-10.4228 78.5524 -42.9623 0.0000 1650406234065 1629784.0000 -0.2009
-12.7107 75.2476 -40.6744 0.0000 1650406234095 1629812.5000 -0.2009
-12.9650 76.5187 -40.9286 0.0000 1650406234124 1629841.7500 -0.2004
-12.9650 75.5018 -40.4202 0.0000 1650406234152 1629870.7500 -0.2004
-12.9650 76.0103 -40.4202 0.0000 1650406234181 1629899.7500 -0.2004
-10.9312 78.5524 -41.9455 0.0000 1650406234210 1629928.7500 -0.2004
-12.9650 76.5187 -39.4033 0.0000 1650406234239 1629957.7500 -0.1999
-11.4397 78.0440 -40.4202 0.0000 1650406234268 1629988.2500 -0.1999
-13.9818 76.0103 -37.8780 0.0000 1650406234297 1630015.5000 -0.1999
-12.9650 76.5187 -36.8612 0.0000 1650406234326 1630044.7500 -0.1999
-12.9650 76.5187 -35.8443 0.0000 1650406234355 1630073.7500 -0.1999
-12.9650 76.5187 -34.8274 0.0000 1650406234384 1630102.7500 -0.1999
-13.7276 75.7560 -34.5732 0.0000 1650406234413 1630131.7500 -0.1999
-12.9650 76.0103 -32.7937 0.0000 1650406234442 1630160.7500 -0.1999
-12.2023 77.2813 -35.0817 0.0000 1650406234471 1630189.7500 -0.2001
-12.9650 76.5187 -31.7769 0.0000 1650406234500 1630218.7500 -0.2004
-12.9650 76.0103 -30.7600 0.0000 1650406234529 1630250.5000 -0.2004
-11.9481 77.5355 -33.8106 0.0000 1650406234558 1630277.5000 -0.2004
-13.7276 75.7560 -31.5226 0.0000 1650406234587 1630305.7500 -0.2004
-12.4565 76.5187 -30.7600 0.0000 1650406234616 1630334.7500 -0.2004
-10.4228 78.5524 -32.7937 0.0000 1650406234645 1630363.2500 -0.2004
-11.1855 77.7898 -34.0648 0.0000 1650406234674 1630392.7500 -0.2009
-12.2023 76.7729 -32.0311 0.0000 1650406234703 1630421.5000 -0.2009
-12.4565 77.0271 -33.8106 0.0000 1650406234731 1630450.5000 -0.2009
-11.4397 78.0440 -36.8612 0.0000 1650406234760 1630479.2500 -0.2009
-12.7107 77.2813 -35.0817 0.0000 1650406234789 1630508.2500 -0.2009
-10.1686 77.7898 -37.1154 0.0000 1650406234819 1630537.2500 -0.2009
-12.9650 75.5018 -36.3527 0.0000 1650406234848 1630566.2500 -0.2009
-9.9144 78.0440 -38.8949 0.0000 1650406234877 1630595.2500 -0.2009
-11.6939 76.7729 -37.6238 0.0000 1650406234906 1630624.2500 -0.2009
-10.4228 78.0440 -40.9286 0.0000 1650406234935 1630653.2500 -0.2009
-11.6939 76.2645 -39.1491 0.0000 1650406234964 1630682.2500 -0.2009
-9.6602 78.2982 -42.1997 0.0000 1650406234992 1630711.2500 -0.2009
-9.9144 78.5524 -42.9623 0.0000 1650406235022 1630740.2500 -0.2009
-10.1686 78.2982 -42.7081 0.0000 1650406235050 1630770.5000 -0.2009
-10.4228 78.0440 -42.9623 0.0000 1650406235079 1630799.0000 -0.2004
-12.9650 76.0103 -41.9455 0.0000 1650406235108 1630827.0000 -0.2004
-12.7107 75.7560 -40.6744 0.0000 1650406235137 1630856.0000 -0.2004
-12.9650 75.5018 -39.9117 0.0000 1650406235166 1630885.0000 -0.2004
-11.4397 77.5355 -42.9623 0.0000 1650406235195 1630913.7500 -0.2004
-10.4228 78.5524 -41.9455 0.0000 1650406235224 1630942.7500 -0.2004
-13.2192 76.2645 -39.1491 0.0000 1650406235254 1630971.7500 -0.2001
-10.9312 77.5355 -40.4202 0.0000 1650406235283 1631000.7500 -0.1999
-13.4734 76.5187 -37.8780 0.0000 1650406235311 1631032.5000 -0.2004
-12.7107 76.2645 -36.6069 0.0000 1650406235341 1631058.5000 -0.2004
-13.2192 76.7729 -36.0985 0.0000 1650406235369 1631087.7500 -0.2004
-13.4734 76.0103 -34.3190 0.0000 1650406235398 1631116.5000 -0.2004
-10.6770 78.8066 -36.0985 0.0000 1650406235427 1631145.7500 -0.2004
-13.2192 76.2645 -32.5395 0.0000 1650406235456 1631174.7500 -0.2004
-13.9818 76.0103 -33.3022 0.0000 1650406235485 1631203.7500 -0.2005
-12.9650 76.5187 -31.7769 0.0000 1650406235514 1631232.7500 -0.2009
-13.4734 76.5187 -31.2684 0.0000 1650406235543 1631261.7500 -0.2009
-11.4397 77.5355 -33.8106 0.0000 1650406235572 1631290.7500 -0.2009
-13.4734 76.0103 -31.7769 0.0000 1650406235601 1631319.7500 -0.2009
-13.2192 75.7560 -30.5058 0.0000 1650406235630 1631348.7500 -0.2009
-10.9312 78.5524 -33.3022 0.0000 1650406235659 1631377.7500 -0.2009
-10.1686 78.8066 -33.5564 0.0000 1650406235688 1631406.7500 -0.2009
-11.9481 77.0271 -32.2853 0.0000 1650406235717 1631435.7500 -0.2009
-10.6770 78.8066 -35.5901 0.0000 1650406235746 1631464.7500 -0.2009
-13.4734 74.9934 -33.8106 0.0000 1650406235775 1631493.7500 -0.2009
-12.4565 77.0271 -35.3359 0.0000 1650406235804 1631522.5000 -0.2009
-13.2192 75.2476 -35.5901 0.0000 1650406235833 1631552.7500 -0.2009
-11.9481 76.5187 -36.3527 0.0000 1650406235862 1631580.0000 -0.2004
-10.6770 77.2813 -39.6575 0.0000 1650406235890 1631609.2500 -0.2004
-10.6770 78.8066 -40.6744 0.0000 1650406235920 1631638.2500 -0.2004
-10.4228 78.0440 -40.9286 0.0000 1650406235948 1631667.2500 -0.2004
-12.4565 76.5187 -39.9117 0.0000 1650406235978 1631696.2500 -0.1999
-10.1686 77.7898 -42.7081 0.0000 1650406236006 1631725.2500 -0.1999
-12.7107 75.7560 -40.1660 0.0000 1650406236036 1631754.2500 -0.1999
-11.9481 76.5187 -40.9286 0.0000 1650406236065 1631784.7500 -0.1999
-12.9650 75.5018 -40.4202 0.0000 1650406236094 1631814.7500 -0.1999
-12.2023 75.7560 -41.1828 0.0000 1650406236123 1631841.2500 -0.1999
-12.2023 76.2645 -40.6744 0.0000 1650406236152 1631870.2500 -0.2000
-10.6770 77.7898 -42.1997 0.0000 1650406236181 1631898.5000 -0.2004
-10.4228 78.0440 -41.4370 0.0000 1650406236209 1631928.2500 -0.2004
-13.4734 76.5187 -39.4033 0.0000 1650406236238 1631957.0000 -0.2004
-12.9650 76.0103 -38.3864 0.0000 1650406236267 1631986.0000 -0.2004
-11.6939 77.7898 -40.1660 0.0000 1650406236296 1632015.0000 -0.2004
-13.2192 76.2645 -37.1154 0.0000 1650406236325 1632043.7500 -0.2009
-11.6939 77.7898 -38.1322 0.0000 1650406236355 1632072.7500 -0.2009
-13.2192 76.2645 -35.0817 0.0000 1650406236383 1632101.7500 -0.2009
-14.2360 74.7392 -34.5732 0.0000 1650406236413 1632130.7500 -0.2009
-12.7107 76.2645 -33.5564 0.0000 1650406236442 1632159.7500 -0.2009
-12.7107 76.7729 -33.0479 0.0000 1650406236470 1632188.7500 -0.2009
-12.9650 76.5187 -32.2853 0.0000 1650406236500 1632217.7500 -0.2009
-12.7107 75.7560 -31.0142 0.0000 1650406236528 1632246.7500 -0.2009
-13.4734 76.0103 -30.7600 0.0000 1650406236557 1632275.7500 -0.2009
-13.2192 76.2645 -31.0142 0.0000 1650406236586 1632304.7500 -0.2009
-13.7276 75.7560 -30.5058 0.0000 1650406236615 1632336.0000 -0.2009
-10.9312 78.5524 -33.3022 0.0000 1650406236644 1632362.7500 -0.2009
-10.1686 78.8066 -33.0479 0.0000 1650406236673 1632391.7500 -0.2009
-13.9818 76.5187 -31.7769 0.0000 1650406236702 1632420.7500 -0.2009
-12.9650 76.5187 -33.8106 0.0000 1650406236731 1632449.7500 -0.2009
-10.1686 78.2982 -35.0817 0.0000 1650406236760 1632478.7500 -0.2004
-12.4565 74.9934 -34.8274 0.0000 1650406236789 1632507.7500 -0.2004
-12.4565 77.0271 -35.3359 0.0000 1650406236818 1632536.7500 -0.2009
-13.2192 75.7560 -36.6069 0.0000 1650406236847 1632565.5000 -0.2009
-11.9481 76.5187 -36.8612 0.0000 1650406236876 1632594.5000 -0.2004
-12.9650 76.0103 -38.3864 0.0000 1650406236905 1632623.5000 -0.2004
-9.6602 78.2982 -40.1660 0.0000 1650406236934 1632655.0000 -0.2004
-9.6602 78.2982 -41.1828 0.0000 1650406236963 1632681.5000 -0.2004
-11.9481 76.5187 -39.9117 0.0000 1650406236992 1632710.2500 -0.2004
-12.4565 76.0103 -40.4202 0.0000 1650406237021 1632739.2500 -0.2004
-10.1686 78.2982 -42.7081 0.0000 1650406237049 1632768.2500 -0.2004
-10.4228 79.0608 -43.4707 0.0000 1650406237079 1632797.2500 -0.2004
-12.7107 75.2476 -41.1828 0.0000 1650406237107 1632826.2500 -0.2006
-12.7107 76.2645 -41.1828 0.0000 1650406237137 1632855.2500 -0.2009
-12.9650 76.0103 -40.4202 0.0000 1650406237166 1632884.2500 -0.2009
-12.2023 76.2645 -40.6744 0.0000 1650406237195 1632913.2500 -0.2009
-10.1686 78.2982 -42.1997 0.0000 1650406237224 1632942.2500 -0.2011
-13.7276 76.2645 -39.6575 0.0000 1650406237253 1632971.2500 -0.2013
-12.7107 76.2645 -38.6407 0.0000 1650406237282 1633000.2500 -0.2013
-11.6939 77.7898 -40.1660 0.0000 1650406237311 1633029.2500 -0.2013
-12.7107 76.2645 -36.6069 0.0000 1650406237340 1633058.0000 -0.2013
-12.2023 77.2813 -38.1322 0.0000 1650406237368 1633089.5000 -0.2013
-13.2192 76.2645 -35.0817 0.0000 1650406237398 1633117.0000 -0.2013
-13.2192 75.7560 -34.0648 0.0000 1650406237426 1633144.7500 -0.2013
-12.9650 76.0103 -33.3022 0.0000 1650406237455 1633173.7500 -0.2013
-12.7107 76.2645 -33.0479 0.0000 1650406237484 1633202.7500 -0.2009
-13.2192 76.7729 -32.5395 0.0000 1650406237513 1633231.7500 -0.2009
-13.7276 76.2645 -32.5395 0.0000 1650406237542 1633260.7500 -0.2009
-13.9818 75.5018 -31.7769 0.0000 1650406237571 1633289.7500 -0.2009
-13.4734 76.0103 -31.7769 0.0000 1650406237601 1633318.7500 -0.2004
-12.7107 76.2645 -31.0142 0.0000 1650406237629 1633348.5000 -0.2004
-12.7107 76.2645 -30.5058 0.0000 1650406237659 1633376.5000 -0.2004
-13.9818 74.9934 -31.2684 0.0000 1650406237687 1633405.7500 -0.2004
-12.7107 77.2813 -32.5395 0.0000 1650406237716 1633436.0000 -0.2004
-13.7276 75.7560 -32.5395 0.0000 1650406237745 1633463.7500 -0.2004
-10.4228 78.5524 -35.8443 0.0000 1650406237774 1633492.7500 -0.2004
-12.2023 76.2645 -34.0648 0.0000 1650406237803 1633521.7500 -0.2004
-9.9144 78.0440 -37.3696 0.0000 1650406237832 1633550.7500 -0.2004
-13.4734 76.0103 -36.8612 0.0000 1650406237861 1633579.7500 -0.2004
-9.9144 78.0440 -39.4033 0.0000 1650406237890 1633608.7500 -0.2004
-11.6939 76.7729 -37.6238 0.0000 1650406237919 1633637.7500 -0.2004
-9.6602 78.2982 -40.6744 0.0000 1650406237948 1633666.7500 -0.2005
-12.9650 75.5018 -40.4202 0.0000 1650406237978 1633696.7500 -0.2009
-9.9144 78.5524 -41.9455 0.0000 1650406238006 1633724.7500 -0.2009
-10.1686 78.2982 -42.7081 0.0000 1650406238035 1633753.5000 -0.2009
-10.1686 78.2982 -42.7081 0.0000 1650406238064 1633782.5000 -0.2010
-10.6770 78.2982 -43.7250 0.0000 1650406238093 1633811.2500 -0.2013
-10.1686 77.7898 -43.2165 0.0000 1650406238122 1633840.2500 -0.2011
-10.6770 78.2982 -44.2334 0.0000 1650406238151 1633870.0000 -0.2009
-12.9650 75.5018 -40.4202 0.0000 1650406238180 1633898.2500 -0.2009
-11.6939 77.7898 -42.7081 0.0000 1650406238209 1633927.2500 -0.2009
-10.9312 78.0440 -41.4370 0.0000 1650406238238 1633956.2500 -0.2009
-13.2192 76.7729 -39.6575 0.0000 1650406238266 1633985.2500 -0.2009
-11.4397 77.5355 -39.9117 0.0000 1650406238296 1634014.2500 -0.2009
-11.1855 78.8066 -40.1660 0.0000 1650406238325 1634043.2500 -0.2009
-12.7107 76.2645 -36.6069 0.0000 1650406238354 1634072.2500 -0.2009
-12.7107 76.2645 -35.5901 0.0000 1650406238383 1634101.0000 -0.2009
-12.9650 76.5187 -34.8274 0.0000 1650406238412 1634131.0000 -0.2009
-12.9650 76.5187 -33.8106 0.0000 1650406238441 1634159.2500 -0.2004
-12.9650 76.0103 -32.7937 0.0000 1650406238470 1634189.5000 -0.2004
-13.7276 76.2645 -33.5564 0.0000 1650406238499 1634216.7500 -0.1999
-12.7107 76.2645 -32.0311 0.0000 1650406238527 1634246.0000 -0.1999
-13.2192 76.2645 -31.0142 0.0000 1650406238557 1634274.7500 -0.1999
-13.4734 76.0103 -31.2684 0.0000 1650406238585 1634303.7500 -0.1999
-13.7276 75.7560 -31.5226 0.0000 1650406238614 1634332.7500 -0.1999
-13.7276 75.7560 -31.5226 0.0000 1650406238643 1634361.7500 -0.1999
-12.7107 76.2645 -30.5058 0.0000 1650406238673 1634390.7500 -0.1999
-13.4734 76.0103 -32.2853 0.0000 1650406238701 1634419.7500 -0.1999
-12.7107 77.2813 -33.0479 0.0000 1650406238730 1634448.7500 -0.1999
-10.6770 78.8066 -35.5901 0.0000 1650406238759 1634477.7500 -0.1999
-14.2360 75.2476 -34.0648 0.0000 1650406238789 1634506.7500 -0.2001
-12.4565 77.0271 -35.3359 0.0000 1650406238818 1634535.7500 -0.2004
-13.2192 75.2476 -36.0985 0.0000 1650406238846 1634564.7500 -0.2004
-12.2023 76.7729 -36.6069 0.0000 1650406238875 1634593.7500 -0.2004
-10.1686 77.7898 -39.1491 0.0000 1650406238904 1634623.7500 -0.2004
-11.9481 76.5187 -38.3864 0.0000 1650406238933 1634651.2500 -0.2004
-10.4228 78.0440 -40.9286 0.0000 1650406238962 1634680.7500 -0.2004
-13.2192 75.2476 -40.1660 0.0000 1650406238991 1634709.7500 -0.2004
-12.9650 75.5018 -39.9117 0.0000 1650406239020 1634738.7500 -0.2004
-9.4060 78.5524 -42.4539 0.0000 1650406239049 1634767.7500 -0.2004
-12.2023 76.7729 -41.1828 0.0000 1650406239078 1634796.7500 -0.2004
-12.4565 75.5018 -40.9286 0.0000 1650406239107 1634825.7500 -0.2004
-10.4228 78.0440 -43.4707 0.0000 1650406239137 1634854.7500 -0.2004
-13.2192 74.7392 -40.1660 0.0000 1650406239165 1634884.5000 -0.2004
-12.7107 76.2645 -41.1828 0.0000 1650406239194 1634912.2500 -0.2004
-11.1855 78.2982 -42.1997 0.0000 1650406239223 1634941.2500 -0.2004
-12.9650 76.0103 -39.4033 0.0000 1650406239252 1634969.5000 -0.2004
-11.6939 77.7898 -41.1828 0.0000 1650406239281 1634999.2500 -0.1999
-11.6939 77.7898 -40.1660 0.0000 1650406239310 1635028.2500 -0.1999
-13.2192 76.2645 -37.1154 0.0000 1650406239339 1635057.2500 -0.1999
-11.4397 77.5355 -37.8780 0.0000 1650406239368 1635086.2500 -0.1999
-12.9650 76.0103 -35.3359 0.0000 1650406239397 1635115.2500 -0.1999
-13.2192 75.7560 -34.0648 0.0000 1650406239425 1635144.2500 -0.1999
-10.4228 78.5524 -35.8443 0.0000 1650406239455 1635173.2500 -0.1999
-12.9650 76.0103 -32.7937 0.0000 1650406239484 1635202.2500 -0.1999
-13.2192 76.7729 -32.5395 0.0000 1650406239513 1635231.2500 -0.1999
-13.4734 76.0103 -31.7769 0.0000 1650406239542 1635260.2500 -0.1999
-13.2192 76.2645 -31.0142 0.0000 1650406239571 1635289.0000 -0.1996
-13.7276 76.2645 -32.0311 0.0000 1650406239600 1635318.0000 -0.1994
-13.4734 75.5018 -31.2684 0.0000 1650406239629 1635347.0000 -0.1999
-13.2192 75.7560 -31.5226 0.0000 1650406239658 1635375.7500 -0.1999
-13.4734 76.0103 -31.7769 0.0000 1650406239687 1635407.5000 -0.1999
-13.4734 75.5018 -32.2853 0.0000 1650406239716 1635433.5000 -0.1999
-12.2023 77.2813 -32.5395 0.0000 1650406239744 1635462.7500 -0.1999
-12.4565 77.0271 -33.8106 0.0000 1650406239773 1635491.7500 -0.2004
-13.4734 74.9934 -33.8106 0.0000 1650406239802 1635520.7500 -0.2004
-12.4565 77.0271 -35.3359 0.0000 1650406239831 1635549.7500 -0.2004
-10.9312 77.5355 -38.3864 0.0000 1650406239860 1635578.7500 -0.2004
-11.9481 76.5187 -36.8612 0.0000 1650406239890 1635607.7500 -0.2004
-10.4228 77.5355 -40.4202 0.0000 1650406239919 1635638.2500 -0.2004
-9.6602 78.2982 -40.1660 0.0000 1650406239948 1635666.7500 -0.2004
-9.6602 78.2982 -41.1828 0.0000 1650406239977 1635694.7500 -0.2004
-12.2023 76.7729 -40.1660 0.0000 1650406240005 1635723.7500 -0.2004
-12.4565 75.5018 -40.4202 0.0000 1650406240035 1635752.2500 -0.2004
-10.6770 77.7898 -43.7250 0.0000 1650406240063 1635781.7500 -0.2004
-13.2192 76.2645 -41.1828 0.0000 1650406240092 1635810.7500 -0.2004
-10.6770 77.2813 -42.7081 0.0000 1650406240121 1635839.7500 -0.2004
-12.2023 76.2645 -40.6744 0.0000 1650406240150 1635868.7500 -0.2004
-14.2360 75.2476 -40.1660 0.0000 1650406240179 1635897.7500 -0.1999
-13.2192 75.7560 -40.6744 0.0000 1650406240208 1635926.7500 -0.1999
-11.4397 78.5524 -41.9455 0.0000 1650406240237 1635955.7500 -0.1999
-12.9650 76.0103 -39.4033 0.0000 1650406240266 1635984.5000 -0.1999
-11.1855 77.2813 -40.6744 0.0000 1650406240295 1636013.5000 -0.1999
-11.6939 77.7898 -40.1660 0.0000 1650406240324 1636042.2500 -0.1999
-12.9650 76.5187 -36.8612 0.0000 1650406240353 1636071.2500 -0.1999
-12.7107 76.7729 -36.0985 0.0000 1650406240382 1636100.2500 -0.1999
-12.9650 76.5187 -34.8274 0.0000 1650406240411 1636129.2500 -0.1999
-12.7107 76.2645 -34.5732 0.0000 1650406240440 1636158.2500 -0.1999
-10.4228 78.5524 -35.8443 0.0000 1650406240469 1636188.5000 -0.2000
-12.9650 76.5187 -33.3022 0.0000 1650406240498 1636216.2500 -0.2004
-12.7107 76.2645 -32.0311 0.0000 1650406240527 1636245.2500 -0.2004
-13.4734 76.5187 -31.2684 0.0000 1650406240556 1636274.2500 -0.2004
-13.2192 76.2645 -31.5226 0.0000 1650406240584 1636303.2500 -0.2004
-14.2360 75.7560 -31.5226 0.0000 1650406240614 1636332.2500 -0.2004
-12.9650 76.0103 -31.2684 0.0000 1650406240643 1636361.2500 -0.2004
-13.2192 76.2645 -31.5226 0.0000 1650406240672 1636390.0000 -0.2004
-12.9650 76.5187 -30.7600 0.0000 1650406240701 1636420.0000 -0.2004
-13.4734 76.5187 -31.7769 0.0000 1650406240730 1636447.2500 -0.2004
-12.7107 76.7729 -33.5564 0.0000 1650406240759 1636477.0000 -0.2004
-13.4734 74.9934 -32.2853 0.0000 1650406240788 1636507.0000 -0.2004
-12.2023 76.2645 -34.0648 0.0000 1650406240817 1636534.7500 -0.2004
-10.9312 78.5524 -37.3696 0.0000 1650406240846 1636563.7500 -0.2004
-12.9650 75.5018 -36.3527 0.0000 1650406240875 1636592.7500 -0.2004
-10.1686 77.7898 -39.1491 0.0000 1650406240903 1636621.7500 -0.1999
-12.7107 75.7560 -38.6407 0.0000 1650406240932 1636650.7500 -0.1999
-10.1686 77.7898 -40.6744 0.0000 1650406240961 1636681.0000 -0.1999
-12.2023 76.7729 -39.1491 0.0000 1650406240991 1636708.7500 -0.1999
-9.6602 78.2982 -42.1997 0.0000 1650406241019 1636737.7500 -0.1994
-10.1686 78.2982 -42.7081 0.0000 1650406241049 1636766.7500 -0.1994
-13.2192 75.2476 -41.1828 0.0000 1650406241078 1636795.7500 -0.1994
-10.9312 78.5524 -43.4707 0.0000 1650406241107 1636824.7500 -0.1994
-12.7107 75.2476 -40.6744 0.0000 1650406241136 1636853.7500 -0.1989
-12.9650 75.5018 -40.4202 0.0000 1650406241164 1636882.7500 -0.1989
-12.2023 75.7560 -41.1828 0.0000 1650406241194 1636911.7500 -0.1989
-13.2192 75.7560 -40.6744 0.0000 1650406241222 1636941.7500 -0.1989
-10.4228 78.5524 -41.9455 0.0000 1650406241251 1636969.0000 -0.1989
-13.4734 76.0103 -39.4033 0.0000 1650406241280 1636998.7500 -0.1989
-11.1855 77.2813 -40.1660 0.0000 1650406241309 1637027.7500 -0.1994
-11.1855 78.8066 -40.1660 0.0000 1650406241338 1637056.7500 -0.1994
-12.9650 76.5187 -36.8612 0.0000 1650406241367 1637085.5000 -0.1994
-12.9650 76.5187 -35.8443 0.0000 1650406241396 1637114.5000 -0.1994
-12.4565 76.5187 -34.8274 0.0000 1650406241425 1637143.5000 -0.1999
-12.7107 76.2645 -34.0648 0.0000 1650406241454 1637172.2500 -0.1999
-12.9650 76.0103 -33.3022 0.0000 1650406241483 1637202.2500 -0.1999
-13.4734 76.5187 -32.7937 0.0000 1650406241513 1637230.2500 -0.1999
-12.9650 76.5187 -31.7769 0.0000 1650406241541 1637259.2500 -0.1999
-13.2192 76.2645 -31.5226 0.0000 1650406241570 1637287.5000 -0.1999
-14.2360 75.7560 -32.0311 0.0000 1650406241599 1637317.2500 -0.1999
-13.4734 76.0103 -31.7769 0.0000 1650406241628 1637346.2500 -0.1999
-14.7445 74.2307 -29.9974 0.0000 1650406241657 1637375.2500 -0.1999
-12.9650 76.5187 -31.2684 0.0000 1650406241686 1637404.2500 -0.1999
-13.7276 75.2476 -32.0311 0.0000 1650406241715 1637433.2500 -0.1999
-12.4565 77.5355 -32.7937 0.0000 1650406241744 1637462.2500 -0.1999
-13.7276 75.7560 -33.0479 0.0000 1650406241773 1637491.2500 -0.1999
-11.4397 78.0440 -36.8612 0.0000 1650406241801 1637520.0000 -0.1994
-12.4565 77.0271 -35.3359 0.0000 1650406241831 1637549.0000 -0.1994
-12.9650 75.5018 -34.8274 0.0000 1650406241860 1637578.0000 -0.1994
-12.2023 76.2645 -36.0985 0.0000 1650406241889 1637606.5000 -0.1994
-9.9144 78.0440 -39.4033 0.0000 1650406241918 1637635.7500 -0.1989
-12.2023 76.2645 -38.1322 0.0000 1650406241947 1637664.7500 -0.1989
-12.7107 75.7560 -38.6407 0.0000 1650406241976 1637693.7500 -0.1989
-12.7107 76.2645 -38.6407 0.0000 1650406242005 1637722.0000 -0.1989
-12.4565 76.0103 -39.4033 0.0000 1650406242034 1637751.7500 -0.1984
-9.9144 78.5524 -42.9623 0.0000 1650406242062 1637780.7500 -0.1984
-13.2192 76.2645 -40.6744 0.0000 1650406242092 1637809.7500 -0.1987
-12.9650 75.5018 -40.4202 0.0000 1650406242120 1637838.7500 -0.1989
-10.6770 78.2982 -42.7081 0.0000 1650406242149 1637867.7500 -0.1989
-10.1686 78.2982 -43.2165 0.0000 1650406242178 1637896.7500 -0.1989
-12.4565 76.0103 -40.9286 0.0000 1650406242208 1637925.7500 -0.1991
-11.1855 78.2982 -42.7081 0.0000 1650406242236 1637954.0000 -0.1994
-13.2192 76.7729 -40.1660 0.0000 1650406242265 1637983.5000 -0.1994
-10.6770 78.8066 -41.6912 0.0000 1650406242295 1638012.7500 -0.1994
-11.4397 77.5355 -39.9117 0.0000 1650406242324 1638042.7500 -0.1994
-13.4734 76.5187 -37.8780 0.0000 1650406242353 1638070.7500 -0.1994
-12.7107 76.2645 -36.6069 0.0000 1650406242381 1638099.7500 -0.1994
-12.7107 76.2645 -35.5901 0.0000 1650406242410 1638128.7500 -0.1994
-13.2192 76.2645 -34.5732 0.0000 1650406242439 1638157.7500 -0.1994
-12.9650 76.0103 -33.3022 0.0000 1650406242468 1638186.7500 -0.1994
-13.7276 76.2645 -34.0648 0.0000 1650406242497 1638215.5000 -0.1994
-13.9818 76.0103 -33.3022 0.0000 1650406242526 1638244.5000 -0.1994
-12.7107 76.2645 -32.0311 0.0000 1650406242555 1638273.2500 -0.1994
-13.4734 76.5187 -31.2684 0.0000 1650406242584 1638302.2500 -0.1994
-12.9650 76.0103 -31.2684 0.0000 1650406242613 1638331.2500 -0.1994
-14.7445 74.7392 -30.5058 0.0000 1650406242642 1638360.2500 -0.1994
-13.7276 75.7560 -31.5226 0.0000 1650406242672 1638389.2500 -0.1994
-13.2192 76.7729 -31.0142 0.0000 1650406242700 1638418.2500 -0.1989
-13.2192 75.7560 -31.5226 0.0000 1650406242729 1638447.2500 -0.1989
-12.4565 77.0271 -33.3022 0.0000 1650406242758 1638479.0000 -0.1989
-13.7276 76.2645 -33.0479 0.0000 1650406242787 1638506.2500 -0.1989
-13.2192 75.7560 -34.0648 0.0000 1650406242816 1638534.2500 -0.1989
-11.9481 76.5187 -34.8274 0.0000 1650406242845 1638563.2500 -0.1989
-10.9312 77.5355 -38.3864 0.0000 1650406242874 1638592.2500 -0.1987
-11.6939 76.7729 -36.6069 0.0000 1650406242903 1638621.0000 -0.1984
-10.1686 77.2813 -40.1660 0.0000 1650406242932 1638650.0000 -0.1984
-9.6602 78.2982 -40.1660 0.0000 1650406242961 1638679.0000 -0.1984
-9.6602 78.2982 -41.1828 0.0000 1650406242990 1638707.7500 -0.1987
-9.9144 78.0440 -41.4370 0.0000 1650406243019 1638737.7500 -0.1989
-10.1686 77.7898 -42.7081 0.0000 1650406243048 1638765.7500 -0.1989
-12.2023 76.2645 -40.6744 0.0000 1650406243077 1638794.7500 -0.1989
-10.4228 78.0440 -42.9623 0.0000 1650406243106 1638825.0000 -0.1989
-10.1686 78.2982 -43.7250 0.0000 1650406243135 1638852.7500 -0.1989
-12.9650 76.0103 -40.9286 0.0000 1650406243164 1638881.7500 -0.1989
-12.4565 75.5018 -40.9286 0.0000 1650406243193 1638910.7500 -0.1994
-12.4565 76.0103 -40.9286 0.0000 1650406243221 1638939.7500 -0.1994
-10.6770 77.7898 -41.6912 0.0000 1650406243251 1638968.7500 -0.1994
-13.4734 76.5187 -39.9117 0.0000 1650406243279 1638997.7500 -0.1994
-11.1855 77.7898 -40.1660 0.0000 1650406243308 1639026.7500 -0.1994
-11.6939 77.7898 -40.1660 0.0000 1650406243337 1639055.7500 -0.1994
-13.2192 76.2645 -37.1154 0.0000 1650406243367 1639084.7500 -0.1994
-12.9650 76.0103 -36.3527 0.0000 1650406243395 1639113.7500 -0.1994
-12.9650 76.0103 -35.3359 0.0000 1650406243425 1639142.7500 -0.1994
-13.2192 75.7560 -34.0648 0.0000 1650406243454 1639171.7500 -0.1994
-13.4734 76.0103 -32.7937 0.0000 1650406243483 1639200.7500 -0.1989
-13.9818 75.5018 -33.3022 0.0000 1650406243512 1639229.7500 -0.1989
-10.9312 79.0608 -34.8274 0.0000 1650406243540 1639259.5000 -0.1984
-13.2192 76.7729 -32.0311 0.0000 1650406243570 1639287.7500 -0.1984
-13.2192 76.2645 -31.5226 0.0000 1650406243598 1639316.5000 -0.1984
-13.7276 75.7560 -31.5226 0.0000 1650406243627 1639345.5000 -0.1984
-13.2192 75.7560 -31.5226 0.0000 1650406243656 1639374.5000 -0.1984
-13.4734 75.5018 -31.2684 0.0000 1650406243685 1639403.2500 -0.1984
-12.9650 76.5187 -30.7600 0.0000 1650406243714 1639432.2500 -0.1984
-12.7107 77.2813 -32.5395 0.0000 1650406243743 1639461.2500 -0.1984
-12.4565 77.0271 -33.8106 0.0000 1650406243772 1639491.5000 -0.1984
-10.4228 78.5524 -35.8443 0.0000 1650406243802 1639518.5000 -0.1984
-12.9650 75.5018 -34.3190 0.0000 1650406243831 1639548.2500 -0.1984
-10.1686 78.8066 -37.6238 0.0000 1650406243859 1639577.0000 -0.1984
-12.4565 74.9934 -36.8612 0.0000 1650406243888 1639606.0000 -0.1987
-10.1686 78.2982 -39.1491 0.0000 1650406243917 1639635.2500 -0.1989
-12.9650 75.5018 -38.3864 0.0000 1650406243946 1639664.2500 -0.1989
-9.6602 78.2982 -40.1660 0.0000 1650406243975 1639693.2500 -0.1989
-9.9144 78.5524 -41.4370 0.0000 1650406244004 1639722.2500 -0.1991
-9.9144 78.5524 -41.9455 0.0000 1650406244033 1639751.0000 -0.1994
-10.1686 78.2982 -42.7081 0.0000 1650406244062 1639780.0000 -0.1994
-11.9481 76.5187 -40.4202 0.0000 1650406244091 1639809.0000 -0.1994
-10.1686 78.2982 -43.2165 0.0000 1650406244120 1639837.7500 -0.1991
-10.6770 77.7898 -43.2165 0.0000 1650406244149 1639866.7500 -0.1994
-12.9650 75.5018 -40.4202 0.0000 1650406244178 1639895.7500 -0.1994
-13.4734 76.0103 -40.4202 0.0000 1650406244207 1639924.7500 -0.1989
-12.7107 76.7729 -40.6744 0.0000 1650406244236 1639953.7500 -0.1989
-10.6770 78.8066 -42.7081 0.0000 1650406244265 1639982.7500 -0.1989
-13.2192 76.2645 -39.6575 0.0000 1650406244294 1640011.7500 -0.1989
-11.1855 77.7898 -40.1660 0.0000 1650406244323 1640040.2500 -0.1989
-10.6770 78.2982 -39.6575 0.0000 1650406244352 1640069.7500 -0.1989
-12.9650 76.5187 -36.8612 0.0000 1650406244381 1640098.7500 -0.1989
-12.9650 76.5187 -35.8443 0.0000 1650406244410 1640127.7500 -0.1989
-12.9650 76.5187 -34.8274 0.0000 1650406244438 1640156.7500 -0.1984
-13.7276 75.7560 -34.0648 0.0000 1650406244467 1640185.7500 -0.1984
-12.7107 76.2645 -33.0479 0.0000 1650406244496 1640214.7500 -0.1984
-13.7276 75.7560 -33.0479 0.0000 1650406244526 1640243.7500 -0.1984
-12.9650 76.5187 -31.7769 0.0000 1650406244554 1640273.7500 -0.1983
-13.2192 76.2645 -31.0142 0.0000 1650406244584 1640301.2500 -0.1979
-11.1855 78.2982 -33.0479 0.0000 1650406244613 1640330.7500 -0.1979
-13.9818 75.5018 -31.2684 0.0000 1650406244642 1640359.5000 -0.1979
-13.7276 75.7560 -30.5058 0.0000 1650406244671 1640388.7500 -0.1980
-12.7107 76.2645 -31.0142 0.0000 1650406244699 1640417.7500 -0.1984
-13.7276 75.7560 -30.5058 0.0000 1650406244729 1640446.5000 -0.1984
-12.9650 77.0271 -32.2853 0.0000 1650406244757 1640475.5000 -0.1984
-12.4565 77.0271 -33.8106 0.0000 1650406244786 1640504.2500 -0.1984
-11.4397 78.0440 -36.8612 0.0000 1650406244815 1640533.2500 -0.1984
-12.9650 77.0271 -34.8274 0.0000 1650406244844 1640562.2500 -0.1984
-10.6770 77.2813 -37.6238 0.0000 1650406244873 1640591.2500 -0.1989
-13.2192 76.7729 -37.6238 0.0000 1650406244902 1640620.2500 -0.1989
-9.9144 78.0440 -39.4033 0.0000 1650406244931 1640649.2500 -0.1989
-11.9481 76.5187 -38.3864 0.0000 1650406244961 1640678.2500 -0.1989
-10.1686 78.2982 -41.1828 0.0000 1650406244990 1640707.2500 -0.1989
-11.6939 76.2645 -39.1491 0.0000 1650406245018 1640736.2500 -0.1989
-9.9144 78.5524 -41.9455 0.0000 1650406245047 1640765.2500 -0.1989
-12.2023 75.7560 -40.1660 0.0000 1650406245076 1640796.7500 -0.1989
-12.7107 76.2645 -40.6744 0.0000 1650406245105 1640823.0000 -0.1989
-12.7107 75.7560 -41.1828 0.0000 1650406245134 1640852.0000 -0.1989
-12.9650 74.9934 -40.9286 0.0000 1650406245163 1640881.0000 -0.1984
-13.2192 75.7560 -40.6744 0.0000 1650406245192 1640910.0000 -0.1984
-13.2192 75.2476 -39.6575 0.0000 1650406245221 1640938.7500 -0.1984
-11.4397 77.5355 -42.4539 0.0000 1650406245250 1640967.7500 -0.1984
-10.9312 79.0608 -42.4539 0.0000 1650406245279 1640996.7500 -0.1984
-10.6770 78.2982 -41.6912 0.0000 1650406245308 1641027.2500 -0.1984
-11.4397 77.5355 -39.9117 0.0000 1650406245337 1641055.7500 -0.1979
-13.4734 76.5187 -37.8780 0.0000 1650406245366 1641083.7500 -0.1979
-12.7107 76.2645 -36.6069 0.0000 1650406245395 1641114.2500 -0.1979
-12.9650 76.0103 -35.3359 0.0000 1650406245424 1641141.5000 -0.1979
-12.9650 76.5187 -34.8274 0.0000 1650406245453 1641170.7500 -0.1980
-13.2192 76.2645 -33.5564 0.0000 1650406245482 1641199.7500 -0.1984
-13.2192 75.7560 -32.5395 0.0000 1650406245511 1641228.7500 -0.1984
-13.7276 76.2645 -33.5564 0.0000 1650406245540 1641257.7500 -0.1984
-13.2192 75.7560 -31.5226 0.0000 1650406245569 1641286.7500 -0.1984
-13.4734 76.5187 -31.2684 0.0000 1650406245597 1641315.7500 -0.1984
-13.4734 76.0103 -31.2684 0.0000 1650406245627 1641344.7500 -0.1989
-14.7445 74.7392 -31.0142 0.0000 1650406245655 1641373.7500 -0.1989
-13.4734 75.5018 -31.7769 0.0000 1650406245684 1641402.7500 -0.1989
-12.7107 76.2645 -30.5058 0.0000 1650406245713 1641431.7500 -0.1989
-12.7107 75.7560 -31.0142 0.0000 1650406245743 1641460.7500 -0.1989
-12.9650 77.0271 -33.3022 0.0000 1650406245772 1641489.7500 -0.1994
-10.1686 78.2982 -35.0817 0.0000 1650406245801 1641518.7500 -0.1994
-11.4397 78.0440 -36.8612 0.0000 1650406245830 1641548.7500 -0.1994
-12.4565 77.0271 -35.3359 0.0000 1650406245859 1641576.0000 -0.1994
-10.9312 77.5355 -38.3864 0.0000 1650406245888 1641605.5000 -0.1994
-12.7107 77.2813 -37.1154 0.0000 1650406245916 1641634.2500 -0.1993
-10.9312 77.5355 -39.9117 0.0000 1650406245945 1641663.2500 -0.1989
-11.9481 76.5187 -37.8780 0.0000 1650406245974 1641692.2500 -0.1989
-9.9144 78.0440 -41.4370 0.0000 1650406246003 1641721.2500 -0.1989
-12.4565 76.0103 -39.4033 0.0000 1650406246032 1641750.2500 -0.1989
-10.4228 77.5355 -42.4539 0.0000 1650406246061 1641779.2500 -0.1984
-9.9144 78.0440 -42.4539 0.0000 1650406246090 1641809.5000 -0.1984
-12.9650 76.5187 -40.9286 0.0000 1650406246120 1641838.2500 -0.1984
-10.4228 78.0440 -42.9623 0.0000 1650406246149 1641866.2500 -0.1984
-13.2192 75.7560 -40.1660 0.0000 1650406246177 1641896.5000 -0.1979
-10.1686 78.2982 -43.2165 0.0000 1650406246207 1641924.2500 -0.1979
-12.4565 76.0103 -40.9286 0.0000 1650406246235 1641953.2500 -0.1979
-10.6770 77.7898 -42.7081 0.0000 1650406246264 1641982.0000 -0.1979
-12.9650 76.0103 -39.4033 0.0000 1650406246293 1642011.0000 -0.1979
-12.9650 76.0103 -38.8949 0.0000 1650406246322 1642040.0000 -0.1979
-11.4397 77.5355 -39.9117 0.0000 1650406246351 1642068.7500 -0.1979
-13.2192 76.2645 -37.1154 0.0000 1650406246380 1642097.7500 -0.1979
-12.4565 76.5187 -36.3527 0.0000 1650406246409 1642126.7500 -0.1984
-12.9650 76.5187 -35.3359 0.0000 1650406246438 1642155.7500 -0.1984
-13.4734 75.5018 -33.8106 0.0000 1650406246467 1642184.7500 -0.1984
-12.9650 76.0103 -33.3022 0.0000 1650406246496 1642213.7500 -0.1984
-12.7107 76.7729 -33.5564 0.0000 1650406246525 1642242.7500 -0.1984
-13.4734 76.5187 -32.2853 0.0000 1650406246554 1642271.7500 -0.1984
-13.2192 76.2645 -31.5226 0.0000 1650406246583 1642300.7500 -0.1985
-13.2192 76.2645 -31.0142 0.0000 1650406246612 1642332.5000 -0.1989
-12.9650 76.0103 -30.7600 0.0000 1650406246641 1642358.2500 -0.1989
-13.7276 75.7560 -31.5226 0.0000 1650406246670 1642387.7500 -0.1989
-12.7107 76.2645 -30.5058 0.0000 1650406246699 1642416.7500 -0.1989
-12.9650 76.0103 -30.7600 0.0000 1650406246728 1642445.7500 -0.1989
-12.4565 76.5187 -31.7769 0.0000 1650406246756 1642474.7500 -0.1989
-13.2192 76.7729 -33.5564 0.0000 1650406246786 1642503.7500 -0.1989
-10.6770 78.8066 -35.5901 0.0000 1650406246814 1642532.7500 -0.1988
-13.4734 74.9934 -33.8106 0.0000 1650406246844 1642563.0000 -0.1984
-10.6770 78.8066 -37.1154 0.0000 1650406246873 1642591.0000 -0.1984
-13.2192 75.7560 -37.1154 0.0000 1650406246902 1642619.7500 -0.1984
-9.9144 78.5524 -38.8949 0.0000 1650406246931 1642649.7500 -0.1984
-10.9312 77.5355 -39.9117 0.0000 1650406246960 1642679.0000 -0.1979
-9.6602 78.2982 -40.1660 0.0000 1650406246989 1642706.5000 -0.1979
-10.4228 79.0608 -41.4370 0.0000 1650406247018 1642735.2500 -0.1979
-9.9144 78.5524 -41.9455 0.0000 1650406247047 1642764.2500 -0.1979
-10.1686 77.7898 -42.7081 0.0000 1650406247075 1642793.2500 -0.1974
-12.9650 75.5018 -41.4370 0.0000 1650406247105 1642822.2500 -0.1974
-10.9312 78.0440 -42.4539 0.0000 1650406247133 1642851.2500 -0.1979
-13.4734 74.9934 -39.9117 0.0000 1650406247162 1642880.2500 -0.1979
-12.2023 75.7560 -41.1828 0.0000 1650406247191 1642909.2500 -0.1979
-12.9650 76.0103 -40.9286 0.0000 1650406247220 1642938.2500 -0.1979
-12.4565 76.5187 -39.9117 0.0000 1650406247249 1642967.2500 -0.1979
-12.7107 76.7729 -40.6744 0.0000 1650406247278 1642996.2500 -0.1979
-10.9312 79.0608 -42.4539 0.0000 1650406247308 1643025.2500 -0.1979
-11.1855 77.2813 -40.1660 0.0000 1650406247336 1643054.2500 -0.1979
-11.4397 78.5524 -40.4202 0.0000 1650406247366 1643084.5000 -0.1980
-13.2192 76.7729 -37.1154 0.0000 1650406247394 1643111.5000 -0.1984
-12.9650 76.5187 -35.8443 0.0000 1650406247423 1643141.0000 -0.1984
-12.9650 76.5187 -34.8274 0.0000 1650406247452 1643169.7500 -0.1984
-12.9650 76.0103 -34.3190 0.0000 1650406247481 1643198.7500 -0.1984
-13.4734 75.5018 -33.3022 0.0000 1650406247510 1643227.7500 -0.1984
-11.4397 78.0440 -34.3190 0.0000 1650406247539 1643256.7500 -0.1984
-12.9650 76.5187 -32.2853 0.0000 1650406247568 1643285.7500 -0.1979
-12.7107 76.7729 -31.5226 0.0000 1650406247597 1643314.7500 -0.1979
-11.1855 78.2982 -33.0479 0.0000 1650406247626 1643343.2500 -0.1979
-13.4734 76.0103 -31.2684 0.0000 1650406247655 1643372.5000 -0.1979
-12.9650 76.0103 -30.7600 0.0000 1650406247685 1643401.7500 -0.1979
-12.9650 76.5187 -30.7600 0.0000 1650406247713 1643430.7500 -0.1979
-12.7107 76.7729 -31.5226 0.0000 1650406247742 1643459.7500 -0.1979
-13.2192 75.7560 -31.0142 0.0000 1650406247771 1643488.7500 -0.1979
-12.7107 76.7729 -34.0648 0.0000 1650406247800 1643517.7500 -0.1974
-11.4397 77.5355 -36.3527 0.0000 1650406247829 1643546.7500 -0.1974
-12.2023 76.7729 -34.5732 0.0000 1650406247858 1643575.7500 -0.1974
-9.9144 78.0440 -37.3696 0.0000 1650406247887 1643604.7500 -0.1974
-12.7107 75.7560 -36.6069 0.0000 1650406247916 1643633.7500 -0.1974
-9.9144 78.0440 -38.8949 0.0000 1650406247945 1643662.7500 -0.1974
-12.7107 75.7560 -38.6407 0.0000 1650406247973 1643691.7500 -0.1974
-12.2023 76.2645 -39.1491 0.0000 1650406248002 1643720.7500 -0.1974
-12.2023 76.7729 -39.1491 0.0000 1650406248032 1643749.7500 -0.1974
-9.6602 78.8066 -42.1997 0.0000 1650406248061 1643778.5000 -0.1974
-9.9144 78.5524 -42.9623 0.0000 1650406248090 1643807.5000 -0.1977
-10.9312 77.5355 -43.4707 0.0000 1650406248119 1643836.2500 -0.1979
-12.7107 75.7560 -40.6744 0.0000 1650406248148 1643866.5000 -0.1979
-11.9481 76.0103 -40.9286 0.0000 1650406248177 1643893.7500 -0.1979
-13.2192 75.7560 -40.6744 0.0000 1650406248206 1643923.2500 -0.1979
-12.2023 76.2645 -40.6744 0.0000 1650406248234 1643952.2500 -0.1979
-12.9650 76.0103 -40.4202 0.0000 1650406248264 1643981.2500 -0.1979
-13.7276 76.2645 -39.6575 0.0000 1650406248292 1644010.2500 -0.1979
-13.4734 76.0103 -38.8949 0.0000 1650406248321 1644039.2500 -0.1982
-11.4397 77.5355 -39.9117 0.0000 1650406248350 1644068.2500 -0.1984
-13.4734 76.5187 -37.8780 0.0000 1650406248379 1644097.2500 -0.1984
-12.7107 76.2645 -36.6069 0.0000 1650406248408 1644125.5000 -0.1984
-10.4228 78.5524 -37.8780 0.0000 1650406248437 1644155.0000 -0.1984
-12.7107 76.2645 -34.5732 0.0000 1650406248467 1644184.0000 -0.1984
-10.6770 78.8066 -36.0985 0.0000 1650406248496 1644214.0000 -0.1984
-12.9650 76.0103 -32.7937 0.0000 1650406248525 1644242.0000 -0.1979
-12.9650 76.0103 -32.7937 0.0000 1650406248553 1644271.0000 -0.1979
-12.7107 76.2645 -32.0311 0.0000 1650406248582 1644299.7500 -0.1979
-12.9650 77.0271 -31.7769 0.0000 1650406248611 1644328.7500 -0.1979
-13.4734 76.0103 -30.7600 0.0000 1650406248640 1644357.7500 -0.1979
-12.9650 76.0103 -30.7600 0.0000 1650406248669 1644386.7500 -0.1979
-13.7276 75.7560 -31.5226 0.0000 1650406248698 1644415.7500 -0.1974
-12.9650 76.5187 -31.2684 0.0000 1650406248727 1644444.7500 -0.1974
-13.4734 76.0103 -32.7937 0.0000 1650406248756 1644473.7500 -0.1974
-12.7107 77.2813 -33.0479 0.0000 1650406248785 1644502.7500 -0.1974
-12.4565 77.0271 -33.8106 0.0000 1650406248814 1644531.7500 -0.1974
-11.4397 78.0440 -36.8612 0.0000 1650406248844 1644560.7500 -0.1974
-10.6770 78.8066 -37.1154 0.0000 1650406248872 1644589.7500 -0.1974
-10.9312 77.0271 -38.3864 0.0000 1650406248901 1644618.7500 -0.1974
-11.9481 76.5187 -36.8612 0.0000 1650406248930 1644648.5000 -0.1979
-12.4565 75.5018 -36.8612 0.0000 1650406248959 1644676.7500 -0.1979
-11.9481 76.5187 -38.3864 0.0000 1650406248988 1644705.7500 -0.1979
-10.4228 78.0440 -40.9286 0.0000 1650406249017 1644734.7500 -0.1979
-10.1686 78.2982 -41.6912 0.0000 1650406249046 1644763.7500 -0.1979
-12.4565 75.5018 -39.4033 0.0000 1650406249075 1644792.7500 -0.1984
-12.2023 76.2645 -40.6744 0.0000 1650406249104 1644821.7500 -0.1984
-12.7107 75.2476 -40.6744 0.0000 1650406249132 1644850.7500 -0.1984
-12.4565 75.5018 -40.9286 0.0000 1650406249162 1644880.5000 -0.1984
-12.7107 75.2476 -40.6744 0.0000 1650406249191 1644909.7500 -0.1984
-12.4565 76.0103 -41.4370 0.0000 1650406249220 1644937.5000 -0.1984
-12.9650 76.5187 -40.9286 0.0000 1650406249249 1644967.7500 -0.1984
-10.4228 78.0440 -41.4370 0.0000 1650406249278 1644995.0000 -0.1984
-12.9650 76.0103 -39.4033 0.0000 1650406249307 1645024.2500 -0.1984
-13.2192 76.2645 -38.6407 0.0000 1650406249336 1645053.2500 -0.1984
-11.6939 77.7898 -40.1660 0.0000 1650406249365 1645082.2500 -0.1979
-13.2192 76.2645 -37.1154 0.0000 1650406249394 1645111.2500 -0.1979
-12.7107 76.2645 -36.6069 0.0000 1650406249423 1645140.2500 -0.1979
-13.7276 76.7729 -35.5901 0.0000 1650406249451 1645169.2500 -0.1979
-13.4734 75.5018 -35.3359 0.0000 1650406249480 1645198.2500 -0.1979
-12.9650 76.5187 -33.8106 0.0000 1650406249509 1645227.2500 -0.1979
-13.2192 75.7560 -32.5395 0.0000 1650406249538 1645256.2500 -0.1974
-12.9650 76.5187 -32.2853 0.0000 1650406249567 1645285.2500 -0.1974
-13.7276 76.2645 -32.5395 0.0000 1650406249596 1645314.0000 -0.1974
-11.1855 78.2982 -33.5564 0.0000 1650406249626 1645343.0000 -0.1974
-13.4734 75.5018 -30.7600 0.0000 1650406249655 1645372.0000 -0.1974
-12.9650 76.0103 -30.7600 0.0000 1650406249684 1645400.5000 -0.1974
-13.7276 75.7560 -31.5226 0.0000 1650406249712 1645429.2500 -0.1974
-13.4734 75.5018 -31.2684 0.0000 1650406249742 1645458.7500 -0.1974
-12.9650 76.0103 -31.7769 0.0000 1650406249770 1645487.7500 -0.1977
-12.7107 76.7729 -33.5564 0.0000 1650406249799 1645516.7500 -0.1979
-11.1855 78.8066 -35.5901 0.0000 1650406249828 1645545.7500 -0.1979
-12.9650 75.5018 -34.3190 0.0000 1650406249857 1645574.7500 -0.1979
-10.4228 79.0608 -37.3696 0.0000 1650406249886 1645603.7500 -0.1979
-11.4397 77.5355 -38.3864 0.0000 1650406249915 1645632.7500 -0.1979
-11.9481 76.5187 -36.8612 0.0000 1650406249944 1645664.5000 -0.1979
-10.6770 77.7898 -40.1660 0.0000 1650406249973 1645690.5000 -0.1984
-11.4397 76.5187 -38.3864 0.0000 1650406250003 1645719.7500 -0.1984
-10.4228 77.5355 -41.9455 0.0000 1650406250031 1645748.5000 -0.1984
-12.4565 76.0103 -39.4033 0.0000 1650406250060 1645777.7500 -0.1984
-12.4565 76.0103 -40.9286 0.0000 1650406250089 1645806.7500 -0.1984
-9.9144 78.5524 -42.9623 0.0000 1650406250118 1645835.7500 -0.1984
-10.4228 78.5524 -43.4707 0.0000 1650406250147 1645864.7500 -0.1984
-12.7107 75.2476 -40.6744 0.0000 1650406250176 1645893.7500 -0.1984
-12.7107 75.7560 -40.6744 0.0000 1650406250205 1645922.7500 -0.1984
-12.9650 75.5018 -40.4202 0.0000 1650406250234 1645951.7500 -0.1984
-13.4734 75.5018 -39.4033 0.0000 1650406250263 1645980.7500 -0.1979
-10.1686 78.2982 -42.1997 0.0000 1650406250291 1646009.5000 -0.1979
-10.9312 79.0608 -42.4539 0.0000 1650406250321 1646038.5000 -0.1979
-11.4397 78.0440 -40.9286 0.0000 1650406250350 1646067.2500 -0.1979
-11.6939 77.7898 -39.6575 0.0000 1650406250379 1646096.2500 -0.1979
-13.2192 76.2645 -36.6069 0.0000 1650406250408 1646125.2500 -0.1979
-11.4397 77.5355 -37.8780 0.0000 1650406250437 1646154.2500 -0.1974
-12.9650 76.5187 -34.8274 0.0000 1650406250466 1646182.5000 -0.1974
-12.9650 76.0103 -34.3190 0.0000 1650406250495 1646212.0000 -0.1974
-12.9650 76.0103 -33.3022 0.0000 1650406250524 1646241.2500 -0.1974
-14.2360 75.7560 -33.5564 0.0000 1650406250553 1646270.2500 -0.1976
-13.4734 77.0271 -32.2853 0.0000 1650406250582 1646299.2500 -0.1979
-13.2192 76.2645 -31.5226 0.0000 1650406250610 1646328.2500 -0.1979
-11.1855 78.2982 -33.0479 0.0000 1650406250639 1646357.2500 -0.1979
-13.4734 76.0103 -31.2684 0.0000 1650406250668 1646386.2500 -0.1979
-13.4734 75.5018 -31.2684 0.0000 1650406250697 1646416.5000 -0.1979
-12.9650 76.0103 -30.7600 0.0000 1650406250726 1646446.5000 -0.1984
-11.4397 78.0440 -34.3190 0.0000 1650406250756 1646473.0000 -0.1984
-12.2023 76.7729 -32.0311 0.0000 1650406250784 1646502.0000 -0.1984
-13.7276 75.7560 -32.5395 0.0000 1650406250814 1646530.5000 -0.1984
-13.4734 74.9934 -31.7769 0.0000 1650406250843 1646559.7500 -0.1984
-13.4734 76.5187 -35.3359 0.0000 1650406250871 1646588.7500 -0.1984
-9.9144 78.0440 -37.3696 0.0000 1650406250901 1646617.7500 -0.1984
-12.9650 75.5018 -36.3527 0.0000 1650406250929 1646646.7500 -0.1984
-10.1686 78.2982 -38.6407 0.0000 1650406250958 1646675.7500 -0.1984
-9.6602 78.8066 -39.6575 0.0000 1650406250987 1646704.7500 -0.1984
-10.6770 78.8066 -41.1828 0.0000 1650406251016 1646733.7500 -0.1984
-11.9481 76.5187 -39.4033 0.0000 1650406251045 1646762.7500 -0.1984
-12.4565 76.0103 -39.4033 0.0000 1650406251074 1646791.7500 -0.1984
-10.1686 78.2982 -42.7081 0.0000 1650406251103 1646820.7500 -0.1979
-12.4565 76.5187 -40.9286 0.0000 1650406251132 1646849.7500 -0.1979
-10.4228 78.0440 -43.4707 0.0000 1650406251161 1646878.7500 -0.1974
-12.4565 75.5018 -40.4202 0.0000 1650406251190 1646907.7500 -0.1974
-10.1686 78.2982 -43.7250 0.0000 1650406251220 1646936.7500 -0.1974
-12.9650 75.5018 -40.9286 0.0000 1650406251248 1646965.5000 -0.1974
-13.2192 75.2476 -39.6575 0.0000 1650406251277 1646994.7500 -0.1974
-12.4565 76.5187 -39.9117 0.0000 1650406251306 1647023.7500 -0.1974
-12.9650 76.5187 -39.4033 0.0000 1650406251335 1647052.7500 -0.1974
-11.1855 77.2813 -40.1660 0.0000 1650406251364 1647081.7500 -0.1974
-10.6770 78.2982 -39.6575 0.0000 1650406251393 1647110.5000 -0.1974
-12.9650 76.5187 -36.8612 0.0000 1650406251422 1647139.5000 -0.1974
-13.2192 76.7729 -36.0985 0.0000 1650406251450 1647168.5000 -0.1976
-12.9650 76.5187 -34.8274 0.0000 1650406251480 1647198.5000 -0.1979
-12.7107 76.2645 -34.0648 0.0000 1650406251509 1647227.2500 -0.1979
-12.9650 76.0103 -32.7937 0.0000 1650406251538 1647255.2500 -0.1979
-13.7276 76.2645 -33.0479 0.0000 1650406251567 1647287.0000 -0.1979
-13.9818 76.5187 -31.7769 0.0000 1650406251596 1647313.2500 -0.1979
-13.2192 76.2645 -31.5226 0.0000 1650406251625 1647342.2500 -0.1984
-11.9481 77.5355 -33.8106 0.0000 1650406251654 1647371.2500 -0.1984
-12.9650 76.5187 -31.2684 0.0000 1650406251683 1647400.2500 -0.1984
-13.2192 75.7560 -30.5058 0.0000 1650406251712 1647429.2500 -0.1984
-13.2192 76.2645 -30.5058 0.0000 1650406251741 1647458.2500 -0.1984
-13.7276 75.7560 -32.0311 0.0000 1650406251769 1647487.2500 -0.1984
-13.4734 76.5187 -32.2853 0.0000 1650406251799 1647516.2500 -0.1984
-12.4565 77.0271 -33.8106 0.0000 1650406251827 1647545.0000 -0.1984
-14.7445 74.7392 -33.5564 0.0000 1650406251856 1647574.0000 -0.1984
-12.7107 77.2813 -35.0817 0.0000 1650406251885 1647603.0000 -0.1979
-10.4228 78.0440 -37.3696 0.0000 1650406251915 1647631.7500 -0.1979
-12.7107 77.2813 -37.1154 0.0000 1650406251944 1647660.7500 -0.1979
-13.2192 74.7392 -37.1154 0.0000 1650406251973 1647689.7500 -0.1979
-12.2023 76.2645 -38.1322 0.0000 1650406252002 1647718.5000 -0.1979
-10.4228 78.0440 -40.9286 0.0000 1650406252031 1647749.0000 -0.1979
-10.4228 78.5524 -41.4370 0.0000 1650406252060 1647776.7500 -0.1979
-10.1686 78.2982 -42.7081 0.0000 1650406252088 1647805.7500 -0.1979
-11.9481 76.0103 -40.4202 0.0000 1650406252117 1647834.7500 -0.1974
-12.4565 76.0103 -40.4202 0.0000 1650406252146 1647863.7500 -0.1974
-12.9650 76.5187 -41.4370 0.0000 1650406252175 1647892.7500 -0.1979
-9.9144 78.0440 -42.9623 0.0000 1650406252204 1647921.7500 -0.1979
-12.9650 76.0103 -40.4202 0.0000 1650406252233 1647952.2500 -0.1979
-12.9650 76.0103 -40.4202 0.0000 1650406252262 1647979.0000 -0.1979
-10.4228 78.5524 -42.4539 0.0000 1650406252291 1648008.7500 -0.1979
-12.4565 76.5187 -39.9117 0.0000 1650406252320 1648039.0000 -0.1979
-13.2192 75.7560 -39.1491 0.0000 1650406252349 1648066.0000 -0.1980
-11.1855 77.7898 -40.1660 0.0000 1650406252379 1648095.7500 -0.1984
-12.9650 76.0103 -37.3696 0.0000 1650406252407 1648124.7500 -0.1984
-11.4397 77.5355 -37.8780 0.0000 1650406252436 1648153.7500 -0.1984
-12.9650 76.0103 -35.3359 0.0000 1650406252465 1648182.7500 -0.1984
-13.2192 75.7560 -34.0648 0.0000 1650406252494 1648211.7500 -0.1984
-10.4228 78.5524 -35.8443 0.0000 1650406252523 1648240.5000 -0.1984
-12.7107 76.7729 -33.5564 0.0000 1650406252552 1648269.5000 -0.1984
-13.7276 76.2645 -32.5395 0.0000 1650406252581 1648298.2500 -0.1985
-14.2360 76.2645 -32.0311 0.0000 1650406252610 1648327.2500 -0.1989
-12.9650 76.0103 -31.2684 0.0000 1650406252639 1648356.2500 -0.1989
-13.2192 76.2645 -31.0142 0.0000 1650406252667 1648385.2500 -0.1989
-13.2192 75.7560 -31.5226 0.0000 1650406252697 1648414.2500 -0.1988
-12.7107 76.2645 -31.0142 0.0000 1650406252726 1648443.2500 -0.1984
-13.2192 76.2645 -31.0142 0.0000 1650406252755 1648472.2500 -0.1984
-10.4228 79.0608 -34.3190 0.0000 1650406252784 1648500.5000 -0.1984
-12.4565 77.0271 -33.3022 0.0000 1650406252813 1648530.2500 -0.1984
-13.7276 75.7560 -32.5395 0.0000 1650406252842 1648559.2500 -0.1984
-10.9312 77.5355 -36.3527 0.0000 1650406252871 1648588.2500 -0.1984
-12.4565 77.0271 -35.3359 0.0000 1650406252900 1648617.2500 -0.1984
-10.6770 77.2813 -38.6407 0.0000 1650406252928 1648646.0000 -0.1984
-12.4565 77.0271 -37.3696 0.0000 1650406252958 1648675.0000 -0.1982
-10.6770 77.7898 -40.1660 0.0000 1650406252986 1648704.0000 -0.1979
-11.6939 76.2645 -38.6407 0.0000 1650406253015 1648734.5000 -0.1979
-10.4228 77.5355 -41.9455 0.0000 1650406253044 1648761.5000 -0.1979
-12.4565 77.0271 -39.9117 0.0000 1650406253074 1648790.7500 -0.1982
-9.9144 78.0440 -42.4539 0.0000 1650406253102 1648821.2500 -0.1984
-12.4565 76.0103 -40.4202 0.0000 1650406253132 1648848.7500 -0.1984
-11.9481 76.0103 -40.4202 0.0000 1650406253161 1648877.7500 -0.1984
-9.9144 78.0440 -42.9623 0.0000 1650406253190 1648906.7500 -0.1984
-12.9650 75.5018 -40.9286 0.0000 1650406253219 1648935.7500 -0.1984
-13.2192 75.7560 -40.1660 0.0000 1650406253247 1648964.7500 -0.1984
-10.9312 78.0440 -42.4539 0.0000 1650406253277 1648993.7500 -0.1984
-10.1686 78.2982 -42.1997 0.0000 1650406253305 1649022.7500 -0.1987
-12.9650 76.0103 -39.4033 0.0000 1650406253334 1649051.7500 -0.1989
-12.9650 76.0103 -38.3864 0.0000 1650406253363 1649080.7500 -0.1989
-11.4397 77.5355 -39.9117 0.0000 1650406253392 1649109.7500 -0.1989
-12.9650 77.0271 -37.3696 0.0000 1650406253421 1649138.7500 -0.1989
-11.9481 77.0271 -38.3864 0.0000 1650406253450 1649167.7500 -0.1989
-13.4734 76.0103 -34.8274 0.0000 1650406253479 1649196.7500 -0.1989
-12.9650 76.0103 -34.3190 0.0000 1650406253508 1649225.7500 -0.1989
-13.2192 75.7560 -33.0479 0.0000 1650406253537 1649254.7500 -0.1989
-12.2023 77.2813 -35.0817 0.0000 1650406253566 1649285.0000 -0.1989
-13.4734 77.0271 -32.2853 0.0000 1650406253595 1649312.7500 -0.1989
-14.2360 75.7560 -32.0311 0.0000 1650406253624 1649341.5000 -0.1989
-12.9650 76.0103 -31.2684 0.0000 1650406253653 1649370.5000 -0.1989
-13.4734 75.5018 -31.2684 0.0000 1650406253682 1649399.2500 -0.1984
-12.4565 76.5187 -30.7600 0.0000 1650406253711 1649428.2500 -0.1984
-12.7107 76.2645 -30.5058 0.0000 1650406253740 1649457.2500 -0.1984
-13.7276 75.7560 -32.0311 0.0000 1650406253769 1649486.2500 -0.1984
-13.4734 75.5018 -32.7937 0.0000 1650406253798 1649516.2500 -0.1984
-12.7107 76.7729 -33.5564 0.0000 1650406253826 1649544.0000 -0.1984
-10.1686 78.2982 -35.5901 0.0000 1650406253857 1649573.2500 -0.1982
-12.7107 75.7560 -34.5732 0.0000 1650406253885 1649601.7500 -0.1979
-10.4228 78.0440 -36.8612 0.0000 1650406253914 1649631.2500 -0.1979
-11.1855 77.7898 -38.6407 0.0000 1650406253943 1649660.2500 -0.1979
-10.1686 78.2982 -38.6407 0.0000 1650406253972 1649689.2500 -0.1982
-13.2192 75.7560 -38.1322 0.0000 1650406253994 1649711.0000 -0.1984
