-24.7486 76.5831 -37.9555 39.0037 1650410661303 85958.0000 -0.1960
-24.2617 76.6376 -37.9887 38.5034 1650410661357 86012.0000 -0.1955
-24.3954 76.5865 -37.8280 49.5642 1650410661412 86066.0000 -0.1950
-22.0500 76.7380 -37.6627 39.4982 1650410661466 86120.0000 -0.1960
-23.8033 76.9402 -38.0382 47.1677 1650410661520 86174.0000 -0.1955
-24.0742 76.9144 -38.0043 36.9729 1650410661574 86228.0000 -0.1955
-24.6538 77.0005 -38.1894 42.3462 1650410661628 86282.0000 -0.1950
-24.5339 77.2763 -38.2473 44.9554 1650410661682 86336.0000 -0.1955
-24.7881 77.2211 -38.3688 39.7194 1650410661736 86390.0000 -0.1955
-24.6514 77.1791 -38.4185 40.1905 1650410661791 86444.0000 -0.1955
-25.0842 77.3396 -38.4610 36.3681 1650410661845 86498.0000 -0.1960
-25.2120 77.2704 -38.3342 38.4686 1650410661899 86552.0000 -0.1960
-25.2332 77.2407 -38.1302 40.5322 1650410661951 86606.0000 -0.1960
-25.3990 77.1436 -38.1162 39.9029 1650410662005 86660.0000 -0.1965
-25.2813 77.1470 -38.1102 45.3611 1650410662060 86714.0000 -0.1960
-25.4391 77.1270 -38.0028 39.1531 1650410662113 86768.0000 -0.1960
-25.4364 76.7843 -37.8864 38.1417 1650410662168 86822.0000 -0.1955
-25.5983 76.9179 -37.9323 35.7597 1650410662222 86876.0000 -0.1955
-25.4640 77.0679 -37.9277 37.1415 1650410662276 86929.0000 -0.1960
-25.5010 76.9845 -37.9071 35.5334 1650410662330 86983.0000 -0.1960
-24.8429 77.1649 -38.2017 37.4794 1650410662384 87037.0000 -0.1965
-24.8972 77.1214 -38.1061 31.7471 1650410662438 87091.0000 -0.1960
-25.2907 77.3329 -38.3053 41.9102 1650410662492 87145.0000 -0.1960
-25.0245 77.4912 -38.3006 37.1037 1650410662545 87199.0000 -0.1965
-24.9452 77.4578 -38.3881 43.0811 1650410662599 87253.0000 -0.1965
-24.8158 77.4957 -38.3021 37.2665 1650410662653 87307.0000 -0.1960
-24.9917 77.4368 -38.5307 29.7929 1650410662707 87361.0000 -0.1960
-25.2292 77.4075 -38.3976 42.2672 1650410662761 87415.0000 -0.1960
-25.1313 77.4832 -38.4602 39.7196 1650410662815 87469.0000 -0.1960
-25.3832 77.3652 -38.3283 41.0547 1650410662869 87523.0000 -0.1965
-25.5855 77.4911 -38.3345 39.7028 1650410662924 87577.0000 -0.1965
-25.2151 77.6950 -38.3334 34.8749 1650410662978 87631.0000 -0.1960
-25.4060 77.9697 -37.0917 52.8119 1650410663032 87685.0000 -0.1960
-25.1047 78.3942 -36.1667 35.9006 1650410663086 87739.0000 -0.1965
-25.8244 78.0263 -34.4424 36.6593 1650410663138 87793.0000 -0.1960
-25.6655 77.6154 -33.5304 40.0317 1650410663192 87847.0000 -0.1960
-25.2730 77.7376 -33.3385 30.1294 1650410663246 87901.0000 -0.1955
-24.9632 77.5908 -33.9153 34.6649 1650410663300 87955.0000 -0.1955
-25.1985 77.7568 -34.4441 34.7057 1650410663355 88009.0000 -0.1960
-24.7179 77.4339 -35.7896 32.9115 1650410663409 88063.0000 -0.1960
-24.8580 77.8272 -37.4229 33.3163 1650410663463 88117.0000 -0.1965
-24.9772 77.3603 -39.1341 32.6679 1650410663517 88171.0000 -0.1955
-24.9804 77.3513 -40.7139 30.8566 1650410663571 88225.0000 -0.1955
-25.4657 77.3308 -42.1975 36.3803 1650410663625 88279.0000 -0.1960
-25.6451 77.1705 -42.9481 35.4200 1650410663680 88332.0000 -0.1960
-25.4336 77.2080 -43.6981 33.2784 1650410663734 88386.0000 -0.1955
-25.8392 77.2207 -43.7661 32.5215 1650410663786 88440.0000 -0.1950
-25.7072 77.6750 -42.7366 34.4586 1650410663840 88494.0000 -0.1950
-25.5336 77.9179 -41.7296 47.7236 1650410663894 88548.0000 -0.1950
-25.2901 78.4222 -40.2473 45.0921 1650410663948 88602.0000 -0.1950
-25.1629 78.0122 -38.5743 36.8077 1650410664002 88656.0000 -0.1950
-24.8935 77.7554 -36.7771 38.4710 1650410664056 88710.0000 -0.1945
-24.5606 77.5938 -35.3721 37.1357 1650410664111 88764.0000 -0.1950
-24.5473 77.7753 -34.5229 31.2213 1650410664165 88818.0000 -0.1950
-23.8785 77.8459 -33.5139 25.2341 1650410664219 88872.0000 -0.1950
-25.0668 77.6637 -33.8585 35.3049 1650410664273 88926.0000 -0.1950
-24.6744 77.9953 -33.8482 41.5256 1650410664327 88980.0000 -0.1945
-24.4192 77.6339 -35.0978 39.3212 1650410664379 89034.0000 -0.1950
-24.8407 77.7824 -36.3457 40.8240 1650410664433 89088.0000 -0.1945
-25.1619 77.6434 -38.1223 34.4094 1650410664487 89142.0000 -0.1950
-25.0244 77.7257 -39.7501 33.0440 1650410664542 89196.0000 -0.1950
-24.5412 77.8709 -41.4335 29.5430 1650410664596 89250.0000 -0.1950
-25.0470 77.1580 -42.4895 41.1485 1650410664650 89304.0000 -0.1950
-25.3938 77.1228 -43.5512 31.4059 1650410664704 89358.0000 -0.1955
-25.3722 76.8994 -43.5589 34.0875 1650410664758 89412.0000 -0.1955
-26.2355 77.4039 -43.4466 32.8002 1650410664812 89466.0000 -0.1955
-25.9969 78.1228 -42.3006 33.5965 1650410664866 89520.0000 -0.1950
-25.4458 78.1719 -41.3188 44.9266 1650410664921 89574.0000 -0.1950
-25.2843 78.1423 -39.4482 36.2191 1650410664975 89628.0000 -0.1950
-25.4701 78.0440 -37.9832 55.0467 1650410665027 89681.0000 -0.1955
-24.6632 77.9793 -36.2378 43.8347 1650410665081 89735.0000 -0.1955
-24.4973 77.8441 -35.0570 35.2230 1650410665135 89789.0000 -0.1950
-24.3270 77.9301 -34.1180 42.7129 1650410665189 89843.0000 -0.1955
-24.3640 77.5955 -33.6539 36.6669 1650410665244 89897.0000 -0.1955
-24.6326 78.0513 -33.6968 33.1002 1650410665298 89951.0000 -0.1950
-24.9035 77.5651 -34.4098 40.3960 1650410665352 90005.0000 -0.1945
-24.7737 77.7986 -35.4296 34.0436 1650410665406 90059.0000 -0.1945
-24.4865 77.7643 -36.8850 41.2908 1650410665460 90113.0000 -0.1950
-24.7116 77.8540 -38.6904 40.0638 1650410665514 90167.0000 -0.1950
-24.8170 77.8008 -40.3957 27.8503 1650410665568 90221.0000 -0.1955
-25.2021 77.6145 -41.9304 28.5806 1650410665620 90275.0000 -0.1955
-25.3404 77.1498 -42.8847 31.2936 1650410665675 90329.0000 -0.1950
-25.6116 77.6209 -43.8334 33.3420 1650410665729 90383.0000 -0.1955
-25.9510 77.4854 -43.4398 38.9009 1650410665783 90437.0000 -0.1955
-26.0717 77.9966 -43.0575 39.3758 1650410665837 90491.0000 -0.1945
-25.6358 78.1094 -42.1007 29.9264 1650410665891 90545.0000 -0.1945
-25.2744 78.3945 -40.6795 36.7156 1650410665945 90599.0000 -0.1945
-25.0658 78.1000 -39.0274 38.6726 1650410665999 90653.0000 -0.1945
-24.9933 78.0031 -37.3303 32.0628 1650410666054 90707.0000 -0.1945
-24.3172 77.7550 -35.8724 32.2754 1650410666108 90761.0000 -0.1950
-24.4276 77.7934 -34.7585 29.2289 1650410666162 90815.0000 -0.1945
-24.4472 77.6573 -33.7714 31.8904 1650410666216 90869.0000 -0.1945
-25.0323 77.7370 -33.7506 31.6121 1650410666268 90923.0000 -0.1950
-24.4238 77.8412 -34.1791 27.8994 1650410666322 90977.0000 -0.1950
-24.6811 77.9274 -34.8384 34.1902 1650410666377 91030.0000 -0.1950
-24.9468 77.6580 -35.9356 42.9751 1650410666430 91084.0000 -0.1950
-24.8284 77.9319 -37.5759 29.3219 1650410666485 91138.0000 -0.1945
-24.9356 77.3886 -39.4212 43.3511 1650410666539 91192.0000 -0.1945
-25.1578 77.6347 -40.9200 26.5939 1650410666593 91246.0000 -0.1950
-24.8752 77.2511 -42.1853 29.6569 1650410666647 91300.0000 -0.1955
-24.9210 77.4031 -43.3007 36.5756 1650410666701 91354.0000 -0.1955
-24.9772 77.2819 -43.3270 26.8683 1650410666755 91408.0000 -0.1950
-25.8959 78.0450 -43.6741 38.4249 1650410666810 91462.0000 -0.1955
-26.0797 78.3143 -42.6669 36.9798 1650410666862 91516.0000 -0.1960
-25.6197 78.7745 -41.7383 32.1326 1650410666916 91570.0000 -0.1955
-24.9843 78.0440 -39.9419 40.8331 1650410666970 91624.0000 -0.1955
-25.2793 77.9540 -38.4058 49.8566 1650410667024 91678.0000 -0.1955
-24.8950 77.7775 -36.5891 37.3216 1650410667078 91732.0000 -0.1955
-24.7834 77.5560 -35.2975 40.3036 1650410667132 91786.0000 -0.1960
-24.6124 77.7877 -34.3534 35.1774 1650410667186 91840.0000 -0.1960
-24.5259 77.7998 -33.7374 33.8037 1650410667241 91894.0000 -0.1960
-24.4045 77.6687 -33.7154 33.7729 1650410667295 91948.0000 -0.1955
-24.6385 77.8145 -34.1240 37.0013 1650410667349 92002.0000 -0.1955
-24.6130 77.7867 -35.1340 34.0688 1650410667403 92056.0000 -0.1955
-24.6880 78.2025 -36.5308 36.1460 1650410667457 92110.0000 -0.1950
-24.9558 77.6667 -38.2513 39.2658 1650410667509 92164.0000 -0.1950
-24.9376 78.0213 -40.1153 31.4385 1650410667563 92218.0000 -0.1950
-24.4051 77.7342 -41.5061 29.6675 1650410667617 92272.0000 -0.1950
-25.4395 77.2910 -42.6112 32.0955 1650410667672 92326.0000 -0.1950
-25.0844 77.2663 -43.5556 31.9818 1650410667726 92379.0000 -0.1955
-25.3560 77.3680 -43.9700 30.2151 1650410667780 92433.0000 -0.1955
-26.2514 77.9648 -42.9545 36.7648 1650410667834 92487.0000 -0.1950
-26.1141 78.4696 -42.1595 39.6775 1650410667889 92541.0000 -0.1955
-25.5492 78.2904 -41.0611 43.0422 1650410667943 92595.0000 -0.1955
-25.0293 78.3399 -39.5304 32.8517 1650410667997 92649.0000 -0.1950
-25.1280 77.9028 -37.7116 38.2825 1650410668051 92703.0000 -0.1955
-25.0119 77.6877 -36.1573 34.3930 1650410668103 92757.0000 -0.1955
-24.7788 77.7652 -34.7380 41.3210 1650410668157 92811.0000 -0.1955
-24.5295 77.6349 -34.1003 36.9884 1650410668211 92865.0000 -0.1955
-24.6680 77.6812 -33.6531 33.6604 1650410668265 92919.0000 -0.1960
-24.2059 78.0768 -34.0411 39.3506 1650410668319 92973.0000 -0.1960
-24.6203 77.8949 -34.2826 44.2007 1650410668373 93027.0000 -0.1955
-24.6889 77.8794 -35.5912 32.0499 1650410668428 93081.0000 -0.1960
-25.1806 77.7171 -37.2709 31.5710 1650410668482 93135.0000 -0.1960
-24.8231 77.9759 -38.9425 27.4334 1650410668536 93189.0000 -0.1955
-24.5220 77.7143 -40.6262 31.4759 1650410668590 93243.0000 -0.1955
-25.1328 77.5983 -41.9545 34.4453 1650410668644 93297.0000 -0.1955
-25.3221 77.2998 -43.0082 32.9701 1650410668696 93351.0000 -0.1955
-24.8097 77.3577 -43.8164 33.0234 1650410668750 93405.0000 -0.1955
-25.9619 77.5479 -43.6812 38.8152 1650410668805 93459.0000 -0.1960
-26.3006 78.0970 -42.7394 39.1347 1650410668859 93513.0000 -0.1960
-25.4817 78.1160 -41.8917 38.1647 1650410668913 93567.0000 -0.1955
-25.4103 78.3666 -40.4960 46.6907 1650410668967 93621.0000 -0.1960
-25.1627 78.1051 -38.7917 37.1837 1650410669021 93675.0000 -0.1960
-25.3056 78.1579 -37.1424 47.9224 1650410669076 93729.0000 -0.1955
-24.9576 77.7582 -35.5001 36.5827 1650410669129 93782.0000 -0.1955
-24.4600 77.8067 -34.5372 33.1009 1650410669184 93836.0000 -0.1955
-24.1580 77.7795 -33.6663 36.1063 1650410669238 93890.0000 -0.1955
-24.8597 77.6085 -33.7695 34.1263 1650410669292 93944.0000 -0.1955
-24.8866 77.9832 -34.1983 39.6515 1650410669344 93998.0000 -0.1960
-24.7895 77.7002 -34.7723 36.0005 1650410669398 94052.0000 -0.1955
-24.9218 78.0039 -36.1420 35.7876 1650410669452 94106.0000 -0.1955
-24.8792 78.6127 -38.0053 33.6772 1650410669507 94160.0000 -0.1960
-24.7137 77.9553 -39.6443 33.5185 1650410669561 94214.0000 -0.1960
-24.5971 77.7382 -41.2386 36.9853 1650410669615 94268.0000 -0.1960
-24.7260 77.3468 -42.3224 26.2872 1650410669669 94322.0000 -0.1955
-25.0446 77.6068 -43.3883 31.6671 1650410669723 94376.0000 -0.1955
-25.3802 77.3730 -43.9175 32.6620 1650410669777 94430.0000 -0.1955
-26.3667 77.5563 -43.4145 39.8359 1650410669831 94484.0000 -0.1955
-26.4950 77.9108 -42.1800 40.7321 1650410669885 94538.0000 -0.1955
-25.6082 79.0934 -41.6576 40.6495 1650410669938 94592.0000 -0.1955
-25.3973 78.2711 -39.7174 34.1546 1650410669992 94646.0000 -0.1955
-25.3757 78.0434 -38.1785 40.2726 1650410670046 94700.0000 -0.1955
-25.0453 77.9716 -36.4152 33.0736 1650410670100 94754.0000 -0.1955
-24.2435 77.6531 -35.1058 38.0272 1650410670154 94808.0000 -0.1950
-24.7117 77.6686 -34.1107 33.0864 1650410670208 94862.0000 -0.1950
-24.4197 77.9418 -33.7727 29.3999 1650410670262 94916.0000 -0.1950
-24.8398 77.8704 -33.8441 27.2521 1650410670316 94970.0000 -0.1950
-24.9583 78.1423 -34.6171 38.3480 1650410670371 95024.0000 -0.1955
-24.9237 77.9132 -35.3127 34.3503 1650410670425 95078.0000 -0.1955
-24.7874 77.9266 -36.6117 34.5317 1650410670479 95131.0000 -0.1955
-24.3416 77.7734 -38.3698 36.3574 1650410670533 95185.0000 -0.1955
-24.9230 77.9393 -40.4100 34.3291 1650410670585 95239.0000 -0.1955
-24.3629 77.5624 -41.6485 31.5663 1650410670639 95293.0000 -0.1955
-25.0773 77.5015 -42.7770 32.3051 1650410670694 95347.0000 -0.1955
-24.3694 77.2327 -43.8686 34.3972 1650410670748 95401.0000 -0.1950
-25.7235 77.3762 -43.6141 30.1696 1650410670802 95455.0000 -0.1950
-26.4200 77.7659 -43.0856 35.8677 1650410670856 95509.0000 -0.1950
-26.0839 78.5177 -42.1244 36.1603 1650410670910 95563.0000 -0.1955
-25.4809 78.4296 -40.8722 34.9473 1650410670964 95617.0000 -0.1955
-24.9872 78.1888 -39.1796 32.8332 1650410671018 95671.0000 -0.1955
-25.2344 78.1161 -37.4951 49.2687 1650410671072 95725.0000 -0.1950
-24.8255 77.8908 -36.0344 38.1437 1650410671127 95779.0000 -0.1955
-24.6745 77.8698 -34.8421 30.1886 1650410671179 95833.0000 -0.1950
-24.5466 77.7447 -33.9612 45.1181 1650410671233 95887.0000 -0.1950
-24.9303 77.7959 -33.7251 32.7178 1650410671287 95941.0000 -0.1950
-24.7792 78.0578 -34.3282 35.3877 1650410671341 95995.0000 -0.1950
-25.1821 77.8985 -34.6626 40.9973 1650410671395 96049.0000 -0.1950
-25.0141 78.0626 -35.7926 41.2079 1650410671450 96103.0000 -0.1950
-24.4175 77.9344 -37.5581 27.0260 1650410671504 96157.0000 -0.1955
-24.3556 77.8394 -39.2060 34.6250 1650410671558 96211.0000 -0.1950
-24.7612 77.9708 -40.7172 30.9826 1650410671612 96265.0000 -0.1950
-25.1766 77.6762 -42.1871 37.3502 1650410671666 96319.0000 -0.1955
-24.9813 77.4749 -43.0965 28.0870 1650410671720 96373.0000 -0.1950
-25.6332 77.2718 -43.7938 30.8150 1650410671775 96427.0000 -0.1950
-25.8224 77.4110 -43.5176 34.9524 1650410671826 96480.0000 -0.1945
-26.0247 78.0823 -42.5601 37.9512 1650410671881 96534.0000 -0.1950
-26.1093 78.5379 -41.7555 38.2798 1650410671936 96588.0000 -0.1945
-25.2672 78.0925 -40.2369 43.9082 1650410671989 96642.0000 -0.1950
-25.3746 78.2218 -38.6256 44.6191 1650410672043 96696.0000 -0.1950
-25.0742 78.1238 -36.9629 41.6321 1650410672097 96750.0000 -0.1950
-25.0788 77.7196 -35.5379 37.3738 1650410672151 96804.0000 -0.1950
-24.6295 77.6640 -34.5155 38.5035 1650410672206 96858.0000 -0.1950
-24.2596 77.6494 -33.8588 38.1646 1650410672260 96912.0000 -0.1945
-24.9508 77.8664 -33.9187 37.0981 1650410672314 96966.0000 -0.1945
-25.0732 78.0403 -34.1693 40.9686 1650410672368 97020.0000 -0.1945
-24.8869 77.8440 -35.0700 39.5625 1650410672420 97074.0000 -0.1945
-24.9745 77.7991 -36.4827 36.4654 1650410672474 97128.0000 -0.1945
-24.5651 77.7600 -38.0091 35.6108 1650410672528 97182.0000 -0.1945
-24.9892 78.4540 -39.8381 33.9313 1650410672582 97236.0000 -0.1945
-24.5653 77.8966 -41.3764 32.8381 1650410672637 97290.0000 -0.1940
-25.0071 77.2914 -42.5374 30.8209 1650410672691 97344.0000 -0.1945
-25.4831 77.1444 -43.4383 32.1480 1650410672745 97398.0000 -0.1945
-25.8376 77.3063 -43.4916 36.2738 1650410672799 97452.0000 -0.1945
-26.1717 77.7327 -43.1441 42.2203 1650410672853 97506.0000 -0.1940
-26.0149 77.9619 -42.3288 41.2104 1650410672907 97560.0000 -0.1940
-25.4781 78.4198 -41.3190 42.4295 1650410672961 97614.0000 -0.1940
-25.4670 78.2534 -39.7213 41.4451 1650410673015 97668.0000 -0.1940
-25.1336 77.7136 -37.9320 48.9624 1650410673068 97722.0000 -0.1945
-24.6064 78.0744 -36.3632 31.6793 1650410673122 97776.0000 -0.1945
-24.5610 77.7576 -34.9823 44.1609 1650410673176 97829.0000 -0.1935
-24.3189 77.6757 -34.1812 39.2561 1650410673230 97883.0000 -0.1945
-24.4557 77.7491 -33.8923 33.5566 1650410673284 97937.0000 -0.1945
-24.9508 77.9745 -34.0335 29.9381 1650410673338 97991.0000 -0.1940
-24.9633 77.8866 -34.4591 43.9565 1650410673393 98045.0000 -0.1940
-24.5525 77.6765 -35.4070 36.2572 1650410673447 98099.0000 -0.1935
-25.0010 78.0284 -37.0068 39.6180 1650410673501 98153.0000 -0.1940
-24.7981 78.2840 -38.7106 35.0643 1650410673555 98207.0000 -0.1940
-24.9195 77.8756 -40.4687 29.5771 1650410673609 98261.0000 -0.1940
-24.6000 77.4440 -41.6559 28.8610 1650410673661 98315.0000 -0.1940
-25.3173 77.3069 -42.8330 38.3210 1650410673716 98369.0000 -0.1960
-25.3293 77.5265 -43.6695 36.3485 1650410673769 98423.0000 -0.1979
-25.3974 77.2821 -43.5568 34.3295 1650410673824 98477.0000 -0.1989
-26.2358 78.0870 -42.7129 31.4844 1650410673878 98531.0000 -0.1989
-25.8350 78.1647 -42.0769 40.0843 1650410673932 98585.0000 -0.1989
-25.5265 78.4046 -40.5280 38.8002 1650410673986 98639.0000 -0.1989
-25.3546 77.8622 -39.0888 39.2844 1650410674040 98693.0000 -0.1994
-25.1608 78.0988 -37.2945 43.3760 1650410674094 98747.0000 -0.1994
-24.8617 77.8097 -35.7007 39.2254 1650410674148 98801.0000 -0.1999
-24.5264 77.7244 -34.6108 40.0399 1650410674202 98855.0000 -0.1999
-24.1949 77.6445 -33.8546 38.8953 1650410674255 98909.0000 -0.1994
-25.0560 77.8366 -33.7292 39.9858 1650410674309 98963.0000 -0.1999
-24.8458 77.7226 -33.9988 40.1394 1650410674363 99017.0000 -0.1999
-24.8765 77.7256 -34.7320 43.5984 1650410674417 99071.0000 -0.1994
-24.7516 77.8913 -36.0779 39.6102 1650410674471 99125.0000 -0.1999
-24.6181 78.0103 -37.5420 31.4848 1650410674525 99178.0000 -0.1994
-24.6748 77.7687 -39.3515 32.0835 1650410674579 99232.0000 -0.1994
-25.2026 78.0559 -41.0257 36.1314 1650410674634 99286.0000 -0.1994
-24.7638 77.4910 -42.2012 35.3252 1650410674688 99340.0000 -0.1999
-25.5515 77.3571 -43.2267 36.4207 1650410674742 99394.0000 -0.1994
-25.4757 77.3759 -43.5202 28.8347 1650410674796 99448.0000 -0.1989
-25.9194 77.4378 -43.6318 42.3069 1650410674850 99502.0000 -0.1999
-26.2620 77.8752 -42.4641 38.2731 1650410674903 99556.0000 -0.1999
-25.7475 78.9680 -41.7382 46.5015 1650410674957 99610.0000 -0.1994
-25.5719 78.1612 -40.1337 33.5525 1650410675011 99664.0000 -0.1994
-25.1482 78.1044 -38.5173 46.7278 1650410675065 99718.0000 -0.1999
-25.0209 77.9144 -36.7927 35.3120 1650410675119 99772.0000 -0.1994
-24.8269 77.9772 -35.4447 34.4237 1650410675173 99826.0000 -0.1994
-24.7661 77.7919 -34.3516 34.5411 1650410675227 99880.0000 -0.1999
-24.3360 77.9763 -33.4741 32.0170 1650410675281 99934.0000 -0.1999
-24.9341 77.7454 -34.1925 34.0699 1650410675335 99988.0000 -0.1994
-24.9063 77.6639 -34.3618 39.9142 1650410675390 100042.0000 -0.1999
-24.5501 77.8796 -35.1532 34.0344 1650410675444 100096.0000 -0.1999
-24.8442 78.0118 -36.5568 43.9723 1650410675496 100150.0000 -0.1999
-24.6025 77.8349 -38.2778 36.4307 1650410675550 100204.0000 -0.1999
-25.0139 78.0486 -39.8377 34.6397 1650410675604 100258.0000 -0.1994
-24.6600 77.6318 -41.4641 29.1676 1650410675658 100312.0000 -0.1999
-25.0357 77.3698 -42.5314 35.0340 1650410675712 100366.0000 -0.1999
-25.2165 77.2261 -43.5162 31.3306 1650410675767 100420.0000 -0.1999
-25.3374 77.1959 -43.6167 33.1918 1650410675821 100474.0000 -0.1994
-26.2904 77.6035 -43.0434 43.9073 1650410675875 100527.0000 -0.1994
-26.2229 77.9764 -42.1433 35.2435 1650410675929 100581.0000 -0.1999
-25.4910 78.6549 -40.9650 47.9638 1650410675983 100635.0000 -0.1999
-25.3711 78.1201 -39.4933 36.9750 1650410676037 100689.0000 -0.1994
-25.1469 78.1620 -37.7613 46.5784 1650410676091 100743.0000 -0.1994
-25.1589 77.8873 -35.9648 43.9582 1650410676144 100797.0000 -0.1994
-24.6188 77.8652 -34.7394 40.0809 1650410676198 100851.0000 -0.1989
-24.6341 77.7713 -34.0191 31.9143 1650410676252 100905.0000 -0.1989
-24.6366 77.6883 -33.6641 30.5511 1650410676306 100959.0000 -0.1994
-24.9190 77.8119 -33.6830 34.0627 1650410676360 101013.0000 -0.1994
-24.9184 77.6617 -34.4686 38.9659 1650410676414 101067.0000 -0.1989
-24.7910 77.9789 -35.4873 37.3456 1650410676468 101121.0000 -0.1994
-24.5979 78.0084 -37.1283 33.8919 1650410676523 101175.0000 -0.1994
-24.9968 78.0467 -38.8752 34.4674 1650410676577 101229.0000 -0.1994
-24.4630 77.8096 -40.5804 40.7673 1650410676631 101283.0000 -0.1989
-24.4700 77.6116 -41.9396 27.4398 1650410676685 101337.0000 -0.1989
-25.4077 77.2932 -42.9659 42.1469 1650410676737 101391.0000 -0.1989
-25.3516 77.5173 -43.7680 29.9837 1650410676791 101445.0000 -0.1994
-25.8020 77.3360 -43.4557 38.3078 1650410676845 101499.0000 -0.1994
-26.1039 77.5636 -42.6782 35.1211 1650410676899 101553.0000 -0.1994
-26.0609 78.6772 -41.9440 31.6353 1650410676954 101607.0000 -0.1989
-25.6187 78.1609 -40.4282 42.0648 1650410677008 101661.0000 -0.1994
-25.0667 78.1940 -38.6628 40.1170 1650410677062 101715.0000 -0.1994
-24.9863 77.9311 -37.2112 50.6670 1650410677116 101769.0000 -0.1994
-24.7308 77.8136 -35.4656 31.2286 1650410677170 101823.0000 -0.1989
-24.3408 77.7630 -34.6468 37.2491 1650410677224 101877.0000 -0.1989
-24.5713 77.7808 -33.7635 35.5034 1650410677278 101930.0000 -0.1989
-24.9843 77.7780 -33.7339 37.5414 1650410677332 101984.0000 -0.1994
-25.0351 77.9575 -34.2075 40.9000 1650410677385 102038.0000 -0.1994
-24.7024 77.8402 -34.8626 43.8097 1650410677439 102092.0000 -0.1994
-25.1058 77.8287 -36.2485 39.4444 1650410677493 102146.0000 -0.1989
-24.7448 77.8949 -37.6776 32.0408 1650410677547 102200.0000 -0.1994
-24.5271 77.7262 -39.4947 30.1552 1650410677602 102254.0000 -0.1994
-24.2584 77.7852 -41.0883 32.0038 1650410677655 102308.0000 -0.1994
-24.4375 77.2585 -42.2492 32.5939 1650410677710 102362.0000 -0.1989
-25.3670 77.3105 -43.4107 28.8700 1650410677764 102416.0000 -0.1989
-24.6460 77.2986 -43.7710 27.2807 1650410677818 102470.0000 -0.1989
-25.6647 77.6038 -43.3406 40.4475 1650410677872 102524.0000 -0.1994
-26.3756 77.7285 -42.3947 37.7686 1650410677926 102578.0000 -0.1989
-25.8036 77.9773 -41.4614 42.6084 1650410677978 102632.0000 -0.1989
-25.4050 78.6717 -39.7427 41.9284 1650410678033 102686.0000 -0.1989
-25.4029 78.1150 -38.2892 48.0430 1650410678087 102740.0000 -0.1994
-24.9096 78.0584 -36.5073 41.7385 1650410678141 102794.0000 -0.1994
-24.9243 77.8522 -35.4352 43.6317 1650410678195 102848.0000 -0.1994
-24.6798 77.7480 -34.3059 39.4752 1650410678249 102902.0000 -0.1989
-24.0724 77.7957 -33.8144 29.9293 1650410678303 102956.0000 -0.1989
-24.6312 77.9088 -33.8970 34.6998 1650410678357 103010.0000 -0.1989
-24.8250 77.9677 -33.8335 46.2140 1650410678411 103064.0000 -0.1994
-24.7138 77.8155 -35.2663 43.2521 1650410678465 103118.0000 -0.1994
-24.8394 78.1524 -36.7155 30.0073 1650410678520 103172.0000 -0.1989
-24.8683 77.8316 -38.4586 32.1865 1650410678572 103226.0000 -0.1989
-25.0031 77.9392 -40.3542 30.9915 1650410678626 103279.0000 -0.1994
-24.9008 77.7926 -41.5252 27.9199 1650410678680 103333.0000 -0.1989
-25.2474 77.3832 -42.8792 38.6437 1650410678734 103387.0000 -0.1984
-25.3354 77.4509 -43.7700 32.3426 1650410678788 103441.0000 -0.1984
-25.4400 77.3178 -43.7747 33.2490 1650410678843 103495.0000 -0.1984
-26.0452 77.7031 -43.0464 36.2569 1650410678897 103549.0000 -0.1984
-26.1126 77.9018 -42.0368 34.1166 1650410678951 103603.0000 -0.1989
-25.5690 78.7461 -40.8038 41.6577 1650410679005 103657.0000 -0.1989
-25.5956 78.1260 -39.2779 39.2716 1650410679059 103711.0000 -0.1984
-25.1049 78.0923 -37.4604 36.8310 1650410679113 103765.0000 -0.1984
-25.3163 77.9162 -35.9653 42.3105 1650410679167 103819.0000 -0.1984
-24.6232 77.6041 -34.7431 30.7745 1650410679220 103873.0000 -0.1984
-24.6713 77.7098 -34.1331 34.7829 1650410679274 103927.0000 -0.1984
-24.8032 77.4791 -33.8653 33.6092 1650410679328 103981.0000 -0.1979
-24.9925 78.2340 -33.8958 33.1088 1650410679382 104035.0000 -0.1979
-24.9255 77.7734 -34.4085 39.0597 1650410679436 104089.0000 -0.1979
-24.9490 78.0099 -35.8183 33.4886 1650410679490 104143.0000 -0.1984
-24.7442 77.7983 -37.4382 37.9233 1650410679544 104197.0000 -0.1984
-24.5642 77.9679 -39.1879 33.3739 1650410679598 104251.0000 -0.1979
-24.7183 77.8285 -40.7893 37.2521 1650410679653 104305.0000 -0.1984
-24.8968 77.4451 -42.0691 32.3938 1650410679707 104359.0000 -0.1984
-24.7970 77.0024 -42.9786 29.7941 1650410679761 104413.0000 -0.1984
-25.4891 77.1247 -43.8033 34.2505 1650410679813 104467.0000 -0.1984
-25.9640 77.3977 -43.7388 38.5289 1650410679867 104521.0000 -0.1979
-26.0398 77.8859 -42.5978 34.1662 1650410679921 104575.0000 -0.1979
-26.0253 78.5655 -41.7231 36.6184 1650410679975 104628.0000 -0.1979
-25.7963 78.2725 -40.2706 37.2075 1650410680029 104682.0000 -0.1979
-25.4399 78.1913 -38.5855 46.1890 1650410680084 104736.0000 -0.1984
-25.3138 77.9381 -37.0628 38.5970 1650410680138 104790.0000 -0.1979
-24.7389 77.8778 -35.5170 41.8876 1650410680192 104844.0000 -0.1979
-24.4708 77.7321 -34.5214 30.1820 1650410680246 104898.0000 -0.1979
-24.5479 77.7806 -33.5914 33.0027 1650410680300 104952.0000 -0.1979
-24.7563 77.5748 -33.8622 29.9469 1650410680354 105006.0000 -0.1979
-24.9360 78.1216 -34.0392 40.3122 1650410680408 105060.0000 -0.1979
-24.7202 77.7348 -34.9512 36.9548 1650410680461 105114.0000 -0.1979
-24.9848 78.2381 -36.2740 32.1295 1650410680515 105168.0000 -0.1974
-24.5197 78.1476 -38.1600 40.0493 1650410680569 105222.0000 -0.1979
-24.5035 77.8780 -39.7980 27.5037 1650410680623 105276.0000 -0.1979
-24.7175 77.5677 -41.2038 26.9886 1650410680677 105330.0000 -0.1979
-25.1394 77.3396 -42.4486 35.2077 1650410680731 105384.0000 -0.1979
-25.1291 77.4947 -43.4396 42.0638 1650410680786 105438.0000 -0.1984
-25.4275 77.3526 -43.6916 32.9878 1650410680840 105492.0000 -0.1979
-26.0482 77.7108 -43.1638 34.2813 1650410680894 105546.0000 -0.1979
-26.2784 77.8923 -42.1613 34.9258 1650410680948 105600.0000 -0.1979
-26.0487 78.1654 -41.2519 51.5455 1650410681002 105654.0000 -0.1974
-25.4698 78.2822 -39.5709 43.9138 1650410681054 105708.0000 -0.1974
-25.0793 77.9126 -37.8972 40.7343 1650410681108 105762.0000 -0.1979
-25.0356 77.6307 -36.3095 28.1421 1650410681162 105816.0000 -0.1979
-24.7807 77.7060 -34.9611 43.9880 1650410681216 105870.0000 -0.1974
-24.5893 77.6599 -34.4014 36.3941 1650410681271 105924.0000 -0.1974
-24.7231 77.7875 -33.8022 35.4929 1650410681325 105977.0000 -0.1979
-25.0644 78.0517 -33.7051 34.6297 1650410681379 106031.0000 -0.1979
-25.2205 77.7635 -34.4378 46.8024 1650410681433 106085.0000 -0.1974
-24.7729 77.9218 -35.3509 41.2516 1650410681487 106139.0000 -0.1974
-24.7669 78.0499 -36.9656 35.3681 1650410681542 106193.0000 -0.1974
-24.0650 77.6616 -38.7452 36.8316 1650410681596 106247.0000 -0.1974
-24.8017 77.8230 -40.2951 33.8816 1650410681650 106301.0000 -0.1979
-24.6989 77.7586 -41.7920 31.6904 1650410681702 106355.0000 -0.1979
-25.2171 77.2731 -42.7653 31.7915 1650410681756 106409.0000 -0.1974
-25.0078 77.4629 -43.9323 36.4929 1650410681810 106463.0000 -0.1979
-25.7777 77.4178 -43.5653 34.0652 1650410681864 106517.0000 -0.1979
-26.0794 77.6958 -42.8267 40.6199 1650410681919 106571.0000 -0.1974
-26.3405 78.2996 -41.9701 47.7935 1650410681973 106625.0000 -0.1974
-25.5478 78.0970 -40.6454 43.5461 1650410682027 106679.0000 -0.1974
-25.0668 78.0533 -39.1018 37.3583 1650410682081 106733.0000 -0.1974
-24.9119 78.0209 -37.4126 44.9245 1650410682135 106787.0000 -0.1974
-25.2106 77.7876 -35.9776 51.3860 1650410682189 106841.0000 -0.1979
-24.8330 77.7438 -34.7065 27.7933 1650410682243 106895.0000 -0.1979
-24.7310 77.6916 -33.9064 29.6193 1650410682295 106949.0000 -0.1974
-25.0534 77.6126 -33.9155 36.9683 1650410682350 107003.0000 -0.1979
-25.1805 77.8875 -33.7569 37.2542 1650410682404 107057.0000 -0.1979
-24.9442 77.8740 -34.8546 34.2020 1650410682458 107111.0000 -0.1979
-24.6654 78.6480 -36.1079 31.3061 1650410682512 107165.0000 -0.1979
-24.5988 77.7584 -37.6203 30.9045 1650410682566 107219.0000 -0.1974
-24.7655 78.0235 -39.4342 29.8259 1650410682620 107273.0000 -0.1974
-24.6531 78.2818 -40.9394 39.6440 1650410682674 107326.0000 -0.1974
-24.8436 77.4403 -42.1250 29.5282 1650410682729 107380.0000 -0.1979
-25.2526 77.3393 -43.3178 36.1214 1650410682783 107434.0000 -0.1979
-25.0207 77.2919 -43.6647 37.3359 1650410682837 107488.0000 -0.1974
-26.2086 77.3921 -43.4305 34.7971 1650410682891 107542.0000 -0.1974
-26.5109 77.7945 -42.4233 50.8871 1650410682943 107596.0000 -0.1974
-25.9551 78.2855 -41.6022 48.7023 1650410682997 107650.0000 -0.1974
-25.7467 78.4533 -40.0661 45.3438 1650410683051 107704.0000 -0.1974
-25.4461 77.8135 -38.4179 44.9171 1650410683105 107758.0000 -0.1969
-24.9794 77.8945 -36.6685 42.1537 1650410683160 107812.0000 -0.1969
-24.5506 77.7416 -35.3931 38.5470 1650410683214 107866.0000 -0.1969
-24.4690 77.7945 -34.4785 36.6715 1650410683268 107920.0000 -0.1974
-24.2877 77.7264 -33.7412 30.7496 1650410683322 107974.0000 -0.1974
-25.0736 77.9295 -34.1132 36.0472 1650410683376 108028.0000 -0.1969
-25.0562 78.0120 -34.1975 32.3823 1650410683430 108082.0000 -0.1974
-24.9487 77.8722 -35.2151 40.4583 1650410683484 108136.0000 -0.1974
-24.8854 78.0435 -36.4527 29.4262 1650410683537 108190.0000 -0.1969
-24.6904 78.1124 -38.2704 38.1064 1650410683591 108244.0000 -0.1969
-24.6743 77.7702 -39.7735 36.8584 1650410683645 108298.0000 -0.1969
-24.4503 77.8480 -41.5518 30.8962 1650410683699 108352.0000 -0.1969
-24.6202 77.1460 -42.5229 33.1631 1650410683753 108406.0000 -0.1974
-25.2534 77.3045 -43.6460 34.9011 1650410683807 108460.0000 -0.1974
-25.7401 77.3941 -43.8261 30.7273 1650410683861 108514.0000 -0.1974
-26.1658 77.9687 -43.0461 43.2435 1650410683916 108568.0000 -0.1974
-26.3403 78.0204 -42.1367 34.8233 1650410683970 108622.0000 -0.1979
-25.8869 78.5592 -41.1102 43.3871 1650410684024 108675.0000 -0.1974
-25.3958 78.1974 -39.5588 39.7657 1650410684078 108729.0000 -0.1974
-25.2201 78.1239 -37.6435 47.0917 1650410684130 108783.0000 -0.1974
-25.0305 77.8482 -36.3361 33.7536 1650410684184 108837.0000 -0.1974
-24.6324 77.7956 -34.9063 39.3523 1650410684238 108891.0000 -0.1974
-24.8135 77.7900 -34.3163 37.4264 1650410684292 108945.0000 -0.1974
-24.8988 77.9660 -33.9994 36.7325 1650410684347 108999.0000 -0.1979
-24.9712 77.6686 -33.6308 31.7483 1650410684401 109053.0000 -0.1979
-25.0462 77.9820 -34.4659 36.6095 1650410684455 109107.0000 -0.1974
-24.3196 78.1268 -35.6079 34.1692 1650410684509 109161.0000 -0.1979
-24.5337 77.9733 -37.2016 30.6240 1650410684563 109215.0000 -0.1979
-24.6916 77.6769 -38.7644 33.4865 1650410684618 109269.0000 -0.1979
-24.6088 77.6632 -40.5206 31.3034 1650410684671 109323.0000 -0.1979
-25.0672 77.5825 -42.0182 29.3727 1650410684726 109377.0000 -0.1979
-25.2024 77.2954 -42.8952 37.3364 1650410684778 109431.0000 -0.1979
-25.0256 77.7904 -43.7146 30.1289 1650410684832 109485.0000 -0.1984
-25.3183 77.5853 -43.6784 33.7675 1650410684886 109539.0000 -0.1984
-26.1892 77.8104 -42.7751 42.8821 1650410684940 109593.0000 -0.1979
-26.3043 78.6087 -41.9135 41.5917 1650410684994 109647.0000 -0.1979
-25.6952 78.2010 -40.5207 38.8205 1650410685049 109701.0000 -0.1984
-25.4597 78.3585 -38.8080 34.3611 1650410685103 109755.0000 -0.1984
-24.9185 78.0104 -37.1956 32.3121 1650410685157 109809.0000 -0.1984
-24.1186 77.9534 -35.5746 35.0247 1650410685211 109863.0000 -0.1979
-24.7742 77.7413 -34.5532 37.6264 1650410685265 109917.0000 -0.1979
-24.3711 77.7496 -33.8947 35.3206 1650410685319 109971.0000 -0.1979
-25.2841 77.6442 -33.6081 32.2329 1650410685371 110024.0000 -0.1979
-25.0854 77.8325 -34.0472 36.2640 1650410685425 110078.0000 -0.1984
-24.7842 78.0707 -34.7951 39.8381 1650410685480 110132.0000 -0.1979
-24.7720 78.2229 -36.2632 37.3460 1650410685534 110186.0000 -0.1979
-24.9885 77.7712 -37.8226 30.5411 1650410685588 110240.0000 -0.1984
-24.6891 77.8603 -39.5327 26.5414 1650410685642 110294.0000 -0.1984
-24.6539 77.9799 -41.0630 29.0094 1650410685696 110348.0000 -0.1984
-25.1584 77.2946 -42.3417 36.9044 1650410685750 110402.0000 -0.1979
-25.1091 77.2374 -43.2228 29.3066 1650410685805 110456.0000 -0.1974
-25.5195 77.4143 -44.0691 32.8999 1650410685858 110510.0000 -0.1974
-26.0527 77.6002 -43.7793 35.7538 1650410685913 110564.0000 -0.1974
-26.4113 78.0085 -42.3199 31.3627 1650410685967 110618.0000 -0.1979
-25.9964 78.5108 -41.5649 39.0864 1650410686019 110672.0000 -0.1974
-25.8050 77.9860 -39.7678 45.1420 1650410686073 110726.0000 -0.1974
-25.0511 77.9649 -38.2520 42.0825 1650410686128 110780.0000 -0.1979
-25.0314 78.0027 -36.6641 42.5019 1650410686181 110834.0000 -0.1979
-24.4830 77.8269 -35.3176 34.2415 1650410686236 110888.0000 -0.1969
-24.4561 77.8264 -34.3827 39.6381 1650410686290 110942.0000 -0.1969
-24.8391 78.0021 -33.5226 35.8123 1650410686344 110996.0000 -0.1969
-25.1034 77.7231 -33.9603 29.8329 1650410686398 111050.0000 -0.1969
-24.9078 77.9225 -34.1635 41.9902 1650410686452 111104.0000 -0.1974
-24.7248 78.0222 -35.4225 35.0486 1650410686506 111158.0000 -0.1974
-24.6551 78.0337 -36.7014 30.7018 1650410686560 111212.0000 -0.1969
-24.4977 77.9575 -38.4639 36.2931 1650410686612 111266.0000 -0.1969
-24.4283 77.9510 -40.1600 39.4278 1650410686667 111320.0000 -0.1974
-21.9521 77.9233 -41.3579 38.1341 1650410686721 111374.0000 -0.1974
-24.3483 77.1920 -42.6810 28.1610 1650410686775 111427.0000 -0.1974
-25.4709 77.3404 -43.6602 33.8567 1650410686829 111481.0000 -0.1969
-25.6698 77.2508 -43.7086 36.9350 1650410686883 111535.0000 -0.1969
-26.1855 77.9602 -43.0158 49.1072 1650410686937 111589.0000 -0.1969
-26.1588 77.9557 -42.0685 35.0446 1650410686991 111643.0000 -0.1974
-25.7144 78.4661 -40.8246 47.4047 1650410687045 111697.0000 -0.1974
-25.4207 78.2546 -39.3820 41.1866 1650410687100 111751.0000 -0.1969
-25.2466 78.0239 -37.5826 42.7972 1650410687154 111805.0000 -0.1974
-24.7927 77.9452 -36.0603 32.5033 1650410687208 111859.0000 -0.1974
-24.7385 77.6523 -34.8804 32.5906 1650410687260 111913.0000 -0.1974
-24.2698 77.6344 -34.0220 33.7566 1650410687315 111967.0000 -0.1974
-25.0056 77.5726 -33.8927 33.6336 1650410687368 112021.0000 -0.1974
-24.8964 77.5970 -33.7435 36.6811 1650410687422 112075.0000 -0.1974
-24.8344 77.7881 -34.6007 33.3769 1650410687477 112129.0000 -0.1974
-24.8424 77.7742 -35.7328 42.4112 1650410687531 112183.0000 -0.1974
-24.4173 77.9448 -37.4816 32.5895 1650410687585 112237.0000 -0.1979
-24.9430 77.8897 -39.0835 26.5639 1650410687639 112291.0000 -0.1974
-24.6193 77.5422 -40.7673 31.4115 1650410687693 112345.0000 -0.1974
-24.7901 77.4499 -42.1120 32.1196 1650410687748 112399.0000 -0.1979
-25.0655 77.3914 -43.2101 36.6714 1650410687802 112453.0000 -0.1979
-25.3386 77.6147 -43.9583 38.9183 1650410687854 112507.0000 -0.1974
-25.9906 77.5012 -43.6180 31.1072 1650410687908 112561.0000 -0.1974
-26.2854 77.7398 -42.7839 43.6630 1650410687962 112615.0000 -0.1979
-26.2565 78.8120 -41.8741 41.9157 1650410688016 112669.0000 -0.1979
-25.5655 78.2602 -40.3430 51.8013 1650410688070 112723.0000 -0.1984
-25.2259 78.0347 -38.6960 44.0547 1650410688124 112776.0000 -0.1984
-25.0834 78.0553 -37.1435 43.7360 1650410688178 112830.0000 -0.1979
-24.7442 77.7660 -35.6002 44.5146 1650410688233 112884.0000 -0.1984
-24.6045 77.9099 -34.6060 41.9330 1650410688287 112938.0000 -0.1984
-24.3342 77.6403 -33.7833 33.1676 1650410688341 112992.0000 -0.1984
-25.0602 77.8397 -33.6160 42.8840 1650410688395 113046.0000 -0.1984
-25.2295 77.9162 -34.3383 44.7623 1650410688447 113100.0000 -0.1979
-24.3955 78.0047 -34.8830 37.4638 1650410688501 113154.0000 -0.1979
-24.6737 78.1587 -36.2586 42.8692 1650410688555 113208.0000 -0.1979
-24.6880 77.9741 -37.9287 33.7969 1650410688610 113262.0000 -0.1984
-24.8727 77.7247 -39.7837 34.3885 1650410688664 113316.0000 -0.1984
-24.6002 77.8814 -41.2584 32.6952 1650410688718 113370.0000 -0.1979
-24.5347 77.4328 -42.4547 32.2321 1650410688772 113424.0000 -0.1979
-25.4208 77.5150 -43.4523 34.1398 1650410688826 113478.0000 -0.1984
-25.4316 77.1868 -43.6126 37.1116 1650410688880 113532.0000 -0.1984
-25.8841 77.5250 -43.3901 38.8788 1650410688935 113586.0000 -0.1979
-26.1542 77.8760 -42.2641 29.2646 1650410688989 113640.0000 -0.1979
-25.9539 78.4156 -41.4174 42.8757 1650410689043 113694.0000 -0.1974
-25.7692 78.2912 -39.6118 38.6137 1650410689095 113748.0000 -0.1979
-25.2846 77.9438 -37.9643 34.7433 1650410689149 113802.0000 -0.1984
-24.5747 78.1035 -36.4501 33.4997 1650410689203 113856.0000 -0.1984
-24.7698 78.0861 -35.1816 38.9410 1650410689257 113910.0000 -0.1979
-24.6103 77.7717 -34.2744 39.1468 1650410689311 113964.0000 -0.1984
-24.5172 77.5752 -33.8856 30.3003 1650410689366 114018.0000 -0.1984
-24.8542 78.1019 -33.5623 36.9601 1650410689420 114072.0000 -0.1979
-25.0366 77.8215 -34.3473 38.9292 1650410689474 114125.0000 -0.1979
-24.3828 78.0664 -35.5276 28.7468 1650410689528 114179.0000 -0.1979
-24.7590 78.0412 -36.9578 43.5798 1650410689582 114233.0000 -0.1979
-24.4058 77.8858 -38.7272 36.5899 1650410689636 114287.0000 -0.1984
-25.0513 77.8501 -40.4102 32.7129 1650410689688 114341.0000 -0.1989
-24.4642 77.5022 -41.6691 24.6101 1650410689742 114395.0000 -0.1989
-25.4113 77.4478 -42.8834 34.4530 1650410689797 114449.0000 -0.1984
-25.1676 77.5114 -43.7530 35.7495 1650410689851 114503.0000 -0.1989
-25.5125 77.3601 -43.7012 31.6354 1650410689905 114557.0000 -0.1989
-25.9141 77.6087 -42.7445 35.9708 1650410689959 114611.0000 -0.1989
-25.9938 78.3119 -41.9402 39.0177 1650410690013 114665.0000 -0.1989
-25.8809 78.4795 -40.6565 35.9275 1650410690067 114719.0000 -0.1984
-25.5405 78.0720 -38.9750 39.1727 1650410690122 114773.0000 -0.1989
-25.2382 78.0141 -37.3784 32.0200 1650410690176 114827.0000 -0.1989
-24.6770 77.7443 -35.8382 39.8904 1650410690230 114881.0000 -0.1989
-24.6911 77.7069 -34.7261 35.7619 1650410690284 114935.0000 -0.1989
-24.5133 77.7676 -34.0166 26.2114 1650410690336 114989.0000 -0.1984
-24.8292 77.7472 -33.6904 34.6285 1650410690390 115043.0000 -0.1984
-24.9035 78.2286 -33.4349 40.3219 1650410690445 115097.0000 -0.1989
-24.3925 77.7711 -34.6035 37.1545 1650410690499 115151.0000 -0.1989
-24.6698 78.0542 -35.8777 44.1781 1650410690552 115205.0000 -0.1984
-24.5357 77.7571 -37.6260 37.1057 1650410690607 115259.0000 -0.1979
-24.3396 77.9129 -39.1997 38.7778 1650410690661 115313.0000 -0.1984
-24.9984 77.8486 -40.9406 34.0284 1650410690715 115367.0000 -0.1984
-24.5109 77.7654 -42.2293 30.2364 1650410690769 115421.0000 -0.1989
-25.4326 77.1753 -43.2607 29.2529 1650410690823 115474.0000 -0.1989
-25.4595 77.3936 -43.9851 28.0894 1650410690877 115528.0000 -0.1984
-25.8789 77.5040 -43.5790 39.6573 1650410690930 115582.0000 -0.1989
-26.3798 77.6933 -42.5806 33.4735 1650410690984 115636.0000 -0.1989
