-25.0020 79.1454 -30.6245 0.0000 1650410661303 85958.0000 -0.1960
-24.7099 79.0337 -30.6110 0.0000 1650410661357 86012.0000 -0.1955
-24.7033 79.0936 -30.4800 0.0000 1650410661412 86066.0000 -0.1950
-24.5465 78.9199 -30.6357 0.0000 1650410661466 86120.0000 -0.1960
-24.6097 79.0134 -30.5935 0.0000 1650410661520 86174.0000 -0.1955
-24.5231 78.9443 -30.5176 0.0000 1650410661574 86228.0000 -0.1955
-24.6414 78.9820 -30.6763 0.0000 1650410661628 86282.0000 -0.1950
-24.4758 79.0218 -30.6761 0.0000 1650410661682 86336.0000 -0.1955
-24.6494 79.0778 -30.8252 0.0000 1650410661736 86390.0000 -0.1955
-24.6631 79.0690 -30.8818 0.0000 1650410661791 86444.0000 -0.1955
-24.7490 79.0902 -30.8981 0.0000 1650410661845 86498.0000 -0.1960
-24.6495 79.2200 -30.8338 0.0000 1650410661899 86552.0000 -0.1960
-24.8569 79.4482 -30.6899 0.0000 1650410661951 86606.0000 -0.1960
-24.9525 79.3917 -30.6920 0.0000 1650410662005 86660.0000 -0.1965
-24.9619 79.3097 -30.6541 0.0000 1650410662060 86714.0000 -0.1960
-24.8518 79.3642 -30.5850 0.0000 1650410662113 86768.0000 -0.1960
-24.8216 79.2995 -30.5605 0.0000 1650410662168 86822.0000 -0.1955
-24.8433 79.3254 -30.5834 0.0000 1650410662222 86876.0000 -0.1955
-24.9370 79.3032 -30.5048 0.0000 1650410662276 86929.0000 -0.1960
-24.6827 79.2271 -30.5129 0.0000 1650410662330 86983.0000 -0.1960
-24.7026 79.1644 -30.6946 0.0000 1650410662384 87037.0000 -0.1965
-24.6972 79.0979 -30.5943 0.0000 1650410662438 87091.0000 -0.1960
-24.7382 79.1277 -30.7656 0.0000 1650410662492 87145.0000 -0.1960
-24.5865 79.1368 -30.7195 0.0000 1650410662545 87199.0000 -0.1965
-24.7217 79.0642 -30.7893 0.0000 1650410662599 87253.0000 -0.1965
-24.6635 79.1128 -30.7038 0.0000 1650410662653 87307.0000 -0.1960
-24.6394 79.1175 -30.9529 0.0000 1650410662707 87361.0000 -0.1960
-24.7496 79.1694 -30.8453 0.0000 1650410662761 87415.0000 -0.1960
-24.6682 79.3354 -30.9284 0.0000 1650410662815 87469.0000 -0.1960
-24.7012 79.3338 -30.8428 0.0000 1650410662869 87523.0000 -0.1965
-24.7757 79.3995 -30.8462 0.0000 1650410662924 87577.0000 -0.1965
-24.7831 79.3470 -30.7534 0.0000 1650410662978 87631.0000 -0.1960
-24.5332 79.2418 -29.4763 0.0000 1650410663032 87685.0000 -0.1960
-24.5845 79.6871 -28.5227 0.0000 1650410663086 87739.0000 -0.1965
-24.5057 79.4811 -26.9246 0.0000 1650410663138 87793.0000 -0.1960
-24.4328 79.5133 -26.0973 0.0000 1650410663192 87847.0000 -0.1960
-24.6164 79.4304 -25.7836 0.0000 1650410663246 87901.0000 -0.1955
-24.6856 79.6096 -26.4173 0.0000 1650410663300 87955.0000 -0.1955
-24.8071 79.1332 -26.8070 0.0000 1650410663355 88009.0000 -0.1960
-24.8557 79.4263 -28.2807 0.0000 1650410663409 88063.0000 -0.1960
-24.9775 79.5506 -29.8474 0.0000 1650410663463 88117.0000 -0.1965
-25.0159 79.4603 -31.6534 0.0000 1650410663517 88171.0000 -0.1955
-24.9514 79.2003 -33.1671 0.0000 1650410663571 88225.0000 -0.1955
-24.9668 79.1868 -34.6689 0.0000 1650410663625 88279.0000 -0.1960
-25.0416 78.9009 -35.3973 0.0000 1650410663680 88332.0000 -0.1960
-24.9507 78.7662 -36.1013 0.0000 1650410663734 88386.0000 -0.1955
-24.9893 78.8819 -36.2235 0.0000 1650410663786 88440.0000 -0.1950
-25.0435 79.1755 -35.1418 0.0000 1650410663840 88494.0000 -0.1950
-24.8460 79.5369 -34.1613 0.0000 1650410663894 88548.0000 -0.1950
-24.7411 79.7908 -32.6185 0.0000 1650410663948 88602.0000 -0.1950
-24.6562 79.7053 -31.0079 0.0000 1650410664002 88656.0000 -0.1950
-24.6060 79.6562 -29.2487 0.0000 1650410664056 88710.0000 -0.1945
-24.5425 79.5009 -27.8398 0.0000 1650410664111 88764.0000 -0.1950
-24.3024 79.4388 -26.9370 0.0000 1650410664165 88818.0000 -0.1950
-24.3369 79.3150 -25.8978 0.0000 1650410664219 88872.0000 -0.1950
-24.8828 79.4032 -26.2880 0.0000 1650410664273 88926.0000 -0.1950
-24.7855 79.5185 -26.2297 0.0000 1650410664327 88980.0000 -0.1945
-24.7257 79.4472 -27.5486 0.0000 1650410664379 89034.0000 -0.1950
-24.9694 79.6842 -28.8132 0.0000 1650410664433 89088.0000 -0.1945
-24.9681 79.4493 -30.5676 0.0000 1650410664487 89142.0000 -0.1950
-24.9408 79.3218 -32.1462 0.0000 1650410664542 89196.0000 -0.1950
-24.9522 79.2594 -33.7996 0.0000 1650410664596 89250.0000 -0.1950
-25.0854 79.0565 -34.9551 0.0000 1650410664650 89304.0000 -0.1950
-25.0531 78.8616 -35.9860 0.0000 1650410664704 89358.0000 -0.1955
-24.8553 78.5716 -35.9886 0.0000 1650410664758 89412.0000 -0.1955
-25.0801 79.0481 -35.9410 0.0000 1650410664812 89466.0000 -0.1955
-24.8771 79.4440 -34.7261 0.0000 1650410664866 89520.0000 -0.1950
-24.8136 79.7397 -33.7349 0.0000 1650410664921 89574.0000 -0.1950
-24.8135 79.7827 -31.8680 0.0000 1650410664975 89628.0000 -0.1950
-24.7196 79.5990 -30.4075 0.0000 1650410665027 89681.0000 -0.1955
-24.6353 79.7013 -28.6611 0.0000 1650410665081 89735.0000 -0.1955
-24.4590 79.5615 -27.4793 0.0000 1650410665135 89789.0000 -0.1950
-24.4383 79.3871 -26.4866 0.0000 1650410665189 89843.0000 -0.1955
-24.5478 79.4166 -26.1026 0.0000 1650410665244 89897.0000 -0.1955
-24.5981 79.5296 -26.0688 0.0000 1650410665298 89951.0000 -0.1950
-24.7112 79.4491 -26.8741 0.0000 1650410665352 90005.0000 -0.1945
-24.9109 79.4780 -27.8445 0.0000 1650410665406 90059.0000 -0.1945
-24.8870 79.7135 -29.3741 0.0000 1650410665460 90113.0000 -0.1950
-24.9219 79.3886 -31.0764 0.0000 1650410665514 90167.0000 -0.1950
-24.8192 79.2784 -32.7675 0.0000 1650410665568 90221.0000 -0.1955
-25.0872 79.1971 -34.3241 0.0000 1650410665620 90275.0000 -0.1955
-25.0527 78.9708 -35.3366 0.0000 1650410665675 90329.0000 -0.1950
-24.9924 79.0839 -36.2275 0.0000 1650410665729 90383.0000 -0.1955
-25.1807 78.9367 -35.8454 0.0000 1650410665783 90437.0000 -0.1955
-25.0689 79.4607 -35.4928 0.0000 1650410665837 90491.0000 -0.1945
-24.8666 79.5258 -34.4997 0.0000 1650410665891 90545.0000 -0.1945
-24.9021 79.7459 -33.0370 0.0000 1650410665945 90599.0000 -0.1945
-24.7174 79.7386 -31.4401 0.0000 1650410665999 90653.0000 -0.1945
-24.7440 79.6917 -29.7501 0.0000 1650410666054 90707.0000 -0.1945
-24.4019 79.6146 -28.3287 0.0000 1650410666108 90761.0000 -0.1950
-24.6087 79.3951 -27.1576 0.0000 1650410666162 90815.0000 -0.1945
-24.4018 79.3339 -26.1846 0.0000 1650410666216 90869.0000 -0.1945
-24.7448 79.3026 -26.1454 0.0000 1650410666268 90923.0000 -0.1950
-24.7976 79.5483 -26.6082 0.0000 1650410666322 90977.0000 -0.1950
-24.7862 79.4423 -27.2183 0.0000 1650410666377 91030.0000 -0.1950
-24.9081 79.6120 -28.4154 0.0000 1650410666430 91084.0000 -0.1950
-25.0792 79.6162 -29.9948 0.0000 1650410666485 91138.0000 -0.1945
-24.9394 79.4205 -31.9215 0.0000 1650410666539 91192.0000 -0.1945
-24.9668 79.2050 -33.3128 0.0000 1650410666593 91246.0000 -0.1950
-25.0409 79.0338 -34.6244 0.0000 1650410666647 91300.0000 -0.1955
-25.0592 78.9891 -35.6955 0.0000 1650410666701 91354.0000 -0.1955
-25.1541 78.8914 -35.7276 0.0000 1650410666755 91408.0000 -0.1950
-25.2912 79.2062 -36.0152 0.0000 1650410666810 91462.0000 -0.1955
-25.0215 79.5083 -35.0625 0.0000 1650410666862 91516.0000 -0.1960
-24.9121 79.6521 -34.0505 0.0000 1650410666916 91570.0000 -0.1955
-24.6737 79.6732 -32.3510 0.0000 1650410666970 91624.0000 -0.1955
-24.7915 79.6095 -30.8299 0.0000 1650410667024 91678.0000 -0.1955
-24.8854 79.6268 -29.0423 0.0000 1650410667078 91732.0000 -0.1955
-24.5655 79.4482 -27.7645 0.0000 1650410667132 91786.0000 -0.1960
-24.5097 79.4750 -26.7695 0.0000 1650410667186 91840.0000 -0.1960
-24.5491 79.4839 -26.1521 0.0000 1650410667241 91894.0000 -0.1960
-24.6777 79.4887 -26.1665 0.0000 1650410667295 91948.0000 -0.1955
-24.7583 79.5140 -26.5431 0.0000 1650410667349 92002.0000 -0.1955
-24.7535 79.5791 -27.5749 0.0000 1650410667403 92056.0000 -0.1955
-25.0310 79.5796 -28.8916 0.0000 1650410667457 92110.0000 -0.1950
-24.9955 79.5775 -30.7200 0.0000 1650410667509 92164.0000 -0.1950
-24.9022 79.4356 -32.4752 0.0000 1650410667563 92218.0000 -0.1950
-24.9219 79.3361 -33.9206 0.0000 1650410667617 92272.0000 -0.1950
-25.0204 79.1448 -35.0772 0.0000 1650410667672 92326.0000 -0.1950
-25.0091 78.9256 -35.9652 0.0000 1650410667726 92379.0000 -0.1955
-25.0281 78.8813 -36.3558 0.0000 1650410667780 92433.0000 -0.1955
-25.2373 79.2449 -35.3580 0.0000 1650410667834 92487.0000 -0.1950
-24.9905 79.6937 -34.5692 0.0000 1650410667889 92541.0000 -0.1955
-24.7722 79.7100 -33.4615 0.0000 1650410667943 92595.0000 -0.1955
-24.7644 79.7189 -31.8883 0.0000 1650410667997 92649.0000 -0.1950
-24.6405 79.5318 -30.1300 0.0000 1650410668051 92703.0000 -0.1955
-24.6235 79.5917 -28.6342 0.0000 1650410668103 92757.0000 -0.1955
-24.4436 79.5428 -27.1815 0.0000 1650410668157 92811.0000 -0.1955
-24.5407 79.5100 -26.5600 0.0000 1650410668211 92865.0000 -0.1955
-24.5996 79.3140 -26.0569 0.0000 1650410668265 92919.0000 -0.1960
-24.6651 79.4796 -26.4126 0.0000 1650410668319 92973.0000 -0.1960
-24.8519 79.5235 -26.6887 0.0000 1650410668373 93027.0000 -0.1955
-24.9242 79.6045 -28.0187 0.0000 1650410668428 93081.0000 -0.1960
-25.1139 79.5204 -29.7134 0.0000 1650410668482 93135.0000 -0.1960
-24.9479 79.4890 -31.3223 0.0000 1650410668536 93189.0000 -0.1955
-24.8881 79.4326 -33.0575 0.0000 1650410668590 93243.0000 -0.1955
-25.0068 79.2191 -34.3565 0.0000 1650410668644 93297.0000 -0.1955
-25.1315 79.1430 -35.4624 0.0000 1650410668696 93351.0000 -0.1955
-24.9745 78.9416 -36.2114 0.0000 1650410668750 93405.0000 -0.1955
-25.1264 79.0674 -36.1072 0.0000 1650410668805 93459.0000 -0.1960
-25.3525 79.3010 -35.1221 0.0000 1650410668859 93513.0000 -0.1960
-25.0591 79.5010 -34.2578 0.0000 1650410668913 93567.0000 -0.1955
-24.8327 79.7595 -32.8737 0.0000 1650410668967 93621.0000 -0.1960
-24.7306 79.7576 -31.2118 0.0000 1650410669021 93675.0000 -0.1960
-24.8738 79.6679 -29.5328 0.0000 1650410669076 93729.0000 -0.1955
-24.6997 79.5638 -27.9472 0.0000 1650410669129 93782.0000 -0.1955
-24.5088 79.5722 -26.9706 0.0000 1650410669184 93836.0000 -0.1955
-24.6294 79.3404 -26.0693 0.0000 1650410669238 93890.0000 -0.1955
-24.7819 79.3725 -26.2028 0.0000 1650410669292 93944.0000 -0.1955
-24.7464 79.3347 -26.5480 0.0000 1650410669344 93998.0000 -0.1960
-24.8488 79.5265 -27.2202 0.0000 1650410669398 94052.0000 -0.1955
-24.9726 79.7499 -28.5709 0.0000 1650410669452 94106.0000 -0.1955
-24.9300 79.5697 -30.2946 0.0000 1650410669507 94160.0000 -0.1960
-24.9824 79.4436 -32.0229 0.0000 1650410669561 94214.0000 -0.1960
-24.8141 79.4431 -33.6610 0.0000 1650410669615 94268.0000 -0.1960
-25.0513 79.2174 -34.7880 0.0000 1650410669669 94322.0000 -0.1955
-25.0495 79.0890 -35.7610 0.0000 1650410669723 94376.0000 -0.1955
-25.0970 78.9580 -36.3162 0.0000 1650410669777 94430.0000 -0.1955
-25.1893 79.1228 -35.8957 0.0000 1650410669831 94484.0000 -0.1955
-25.2381 79.6073 -34.7023 0.0000 1650410669885 94538.0000 -0.1955
-25.0032 79.6683 -33.9325 0.0000 1650410669938 94592.0000 -0.1955
-24.8461 79.7110 -32.1019 0.0000 1650410669992 94646.0000 -0.1955
-24.7842 79.6809 -30.6061 0.0000 1650410670046 94700.0000 -0.1955
-24.6520 79.5238 -28.8119 0.0000 1650410670100 94754.0000 -0.1955
-24.2695 79.6206 -27.5891 0.0000 1650410670154 94808.0000 -0.1950
-24.6263 79.4583 -26.5501 0.0000 1650410670208 94862.0000 -0.1950
-24.5469 79.3344 -26.1295 0.0000 1650410670262 94916.0000 -0.1950
-24.7576 79.3063 -26.2084 0.0000 1650410670316 94970.0000 -0.1950
-24.7574 79.4051 -26.9531 0.0000 1650410670371 95024.0000 -0.1955
-24.8365 79.4802 -27.7028 0.0000 1650410670425 95078.0000 -0.1955
-25.0417 79.6946 -29.0498 0.0000 1650410670479 95131.0000 -0.1955
-24.9955 79.6458 -30.8571 0.0000 1650410670533 95185.0000 -0.1955
-24.8743 79.3614 -32.7714 0.0000 1650410670585 95239.0000 -0.1955
-24.9314 79.3679 -34.1126 0.0000 1650410670639 95293.0000 -0.1955
-24.8975 79.1190 -35.1794 0.0000 1650410670694 95347.0000 -0.1955
-25.0422 78.8981 -36.3090 0.0000 1650410670748 95401.0000 -0.1950
-25.0086 79.0259 -36.0550 0.0000 1650410670802 95455.0000 -0.1950
-25.3103 79.1477 -35.5204 0.0000 1650410670856 95509.0000 -0.1950
-25.0225 79.8108 -34.5366 0.0000 1650410670910 95563.0000 -0.1955
-24.9345 79.7914 -33.2420 0.0000 1650410670964 95617.0000 -0.1955
-24.6332 79.7103 -31.5683 0.0000 1650410671018 95671.0000 -0.1955
-24.8044 79.6935 -29.8991 0.0000 1650410671072 95725.0000 -0.1950
-24.5697 79.5080 -28.4389 0.0000 1650410671127 95779.0000 -0.1955
-24.4993 79.5500 -27.2579 0.0000 1650410671179 95833.0000 -0.1950
-24.5086 79.2614 -26.3407 0.0000 1650410671233 95887.0000 -0.1950
-24.8172 79.2447 -26.0922 0.0000 1650410671287 95941.0000 -0.1950
-24.7465 79.3598 -26.6682 0.0000 1650410671341 95995.0000 -0.1950
-24.7889 79.2931 -27.0289 0.0000 1650410671395 96049.0000 -0.1950
-24.8684 79.5710 -28.1718 0.0000 1650410671450 96103.0000 -0.1950
-24.9631 79.6471 -29.9989 0.0000 1650410671504 96157.0000 -0.1955
-24.8812 79.5036 -31.6346 0.0000 1650410671558 96211.0000 -0.1950
-24.8956 79.3464 -33.0711 0.0000 1650410671612 96265.0000 -0.1950
-24.9692 79.2617 -34.5834 0.0000 1650410671666 96319.0000 -0.1955
-24.9578 79.1184 -35.5023 0.0000 1650410671720 96373.0000 -0.1950
-25.0234 78.9192 -36.2250 0.0000 1650410671775 96427.0000 -0.1950
-24.9072 79.1047 -35.9899 0.0000 1650410671826 96480.0000 -0.1945
-25.2398 79.4487 -34.9515 0.0000 1650410671881 96534.0000 -0.1950
-25.0859 79.6396 -34.1324 0.0000 1650410671936 96588.0000 -0.1945
-24.9006 79.7950 -32.6646 0.0000 1650410671989 96642.0000 -0.1950
-24.6986 79.6601 -31.0199 0.0000 1650410672043 96696.0000 -0.1950
-24.6543 79.6136 -29.3487 0.0000 1650410672097 96750.0000 -0.1950
-24.5527 79.5458 -28.0039 0.0000 1650410672151 96804.0000 -0.1950
-24.4822 79.3975 -26.9428 0.0000 1650410672206 96858.0000 -0.1950
-24.3915 79.4622 -26.3043 0.0000 1650410672260 96912.0000 -0.1945
-24.7986 79.4273 -26.3086 0.0000 1650410672314 96966.0000 -0.1945
-24.8768 79.3201 -26.5080 0.0000 1650410672368 97020.0000 -0.1945
-24.8945 79.4188 -27.4613 0.0000 1650410672420 97074.0000 -0.1945
-24.9063 79.7841 -28.9709 0.0000 1650410672474 97128.0000 -0.1945
-24.8842 79.5510 -30.4551 0.0000 1650410672528 97182.0000 -0.1945
-24.8676 79.5846 -32.1518 0.0000 1650410672582 97236.0000 -0.1945
-25.0160 79.3026 -33.7480 0.0000 1650410672637 97290.0000 -0.1940
-24.9028 79.2172 -35.0105 0.0000 1650410672691 97344.0000 -0.1945
-25.0447 78.9757 -35.8999 0.0000 1650410672745 97398.0000 -0.1945
-25.0999 79.0015 -35.9448 0.0000 1650410672799 97452.0000 -0.1945
-25.2213 79.3242 -35.5985 0.0000 1650410672853 97506.0000 -0.1940
-25.0901 79.5861 -34.7870 0.0000 1650410672907 97560.0000 -0.1940
-24.9070 79.6202 -33.6636 0.0000 1650410672961 97614.0000 -0.1940
-24.7625 79.7306 -32.1256 0.0000 1650410673015 97668.0000 -0.1940
-24.6901 79.6045 -30.4087 0.0000 1650410673068 97722.0000 -0.1945
-24.6016 79.6254 -28.7495 0.0000 1650410673122 97776.0000 -0.1945
-24.4921 79.5614 -27.4249 0.0000 1650410673176 97829.0000 -0.1935
-24.6089 79.4884 -26.6312 0.0000 1650410673230 97883.0000 -0.1945
-24.5757 79.3737 -26.2950 0.0000 1650410673284 97937.0000 -0.1945
-24.8161 79.4319 -26.4025 0.0000 1650410673338 97991.0000 -0.1940
-24.7955 79.2768 -26.8163 0.0000 1650410673393 98045.0000 -0.1940
-24.8877 79.4015 -27.8383 0.0000 1650410673447 98099.0000 -0.1935
-24.9320 79.7083 -29.4209 0.0000 1650410673501 98153.0000 -0.1940
-24.8673 79.6080 -31.0546 0.0000 1650410673555 98207.0000 -0.1940
-24.9203 79.3964 -32.8490 0.0000 1650410673609 98261.0000 -0.1940
-24.9131 79.3221 -34.1229 0.0000 1650410673661 98315.0000 -0.1940
-25.0103 79.1259 -35.2851 0.0000 1650410673716 98369.0000 -0.1960
-24.8801 78.9671 -36.0474 0.0000 1650410673769 98423.0000 -0.1979
-25.0179 79.0706 -36.0050 0.0000 1650410673824 98477.0000 -0.1989
-25.0235 79.4211 -35.1549 0.0000 1650410673878 98531.0000 -0.1989
-24.9879 79.6835 -34.5040 0.0000 1650410673932 98585.0000 -0.1989
-24.8300 79.6948 -32.8976 0.0000 1650410673986 98639.0000 -0.1989
-24.7295 79.6788 -31.5601 0.0000 1650410674040 98693.0000 -0.1994
-24.6888 79.5695 -29.6795 0.0000 1650410674094 98747.0000 -0.1994
-24.4995 79.5503 -28.1368 0.0000 1650410674148 98801.0000 -0.1999
-24.5695 79.5212 -27.0515 0.0000 1650410674202 98855.0000 -0.1999
-24.4467 79.3593 -26.2804 0.0000 1650410674255 98909.0000 -0.1994
-24.7600 79.3296 -26.1098 0.0000 1650410674309 98963.0000 -0.1999
-24.8514 79.3254 -26.3959 0.0000 1650410674363 99017.0000 -0.1999
-24.7156 79.3717 -27.1401 0.0000 1650410674417 99071.0000 -0.1994
-24.8632 79.5838 -28.4953 0.0000 1650410674471 99125.0000 -0.1999
-25.0172 79.5918 -29.9451 0.0000 1650410674525 99178.0000 -0.1994
-24.9021 79.5351 -31.7884 0.0000 1650410674579 99232.0000 -0.1994
-24.9665 79.3247 -33.3637 0.0000 1650410674634 99286.0000 -0.1994
-24.9757 79.2387 -34.6333 0.0000 1650410674688 99340.0000 -0.1999
-25.1207 79.1373 -35.6757 0.0000 1650410674742 99394.0000 -0.1994
-25.0663 78.9349 -35.9192 0.0000 1650410674796 99448.0000 -0.1989
-25.1130 79.1193 -36.0889 0.0000 1650410674850 99502.0000 -0.1999
-25.1884 79.5102 -34.9443 0.0000 1650410674903 99556.0000 -0.1999
-25.0056 79.6162 -34.0309 0.0000 1650410674957 99610.0000 -0.1994
-24.8155 79.7507 -32.5657 0.0000 1650410675011 99664.0000 -0.1994
-24.7106 79.6198 -30.9091 0.0000 1650410675065 99718.0000 -0.1999
-24.6337 79.5936 -29.2162 0.0000 1650410675119 99772.0000 -0.1994
-24.5238 79.5239 -27.8362 0.0000 1650410675173 99826.0000 -0.1994
-24.5807 79.4544 -26.7638 0.0000 1650410675227 99880.0000 -0.1999
-24.5076 79.4201 -25.8413 0.0000 1650410675281 99934.0000 -0.1999
-24.7120 79.3390 -26.5909 0.0000 1650410675335 99988.0000 -0.1994
-24.8206 79.3025 -26.7670 0.0000 1650410675390 100042.0000 -0.1999
-24.8360 79.5007 -27.5596 0.0000 1650410675444 100096.0000 -0.1999
-24.9394 79.7551 -28.9855 0.0000 1650410675496 100150.0000 -0.1999
-24.8692 79.6492 -30.7273 0.0000 1650410675550 100204.0000 -0.1999
-24.8709 79.3740 -32.1829 0.0000 1650410675604 100258.0000 -0.1994
-24.8311 79.2785 -33.8725 0.0000 1650410675658 100312.0000 -0.1999
-24.9394 79.2070 -34.9823 0.0000 1650410675712 100366.0000 -0.1999
-24.9824 79.0399 -35.9645 0.0000 1650410675767 100420.0000 -0.1999
-25.0429 78.8812 -36.0374 0.0000 1650410675821 100474.0000 -0.1994
-25.1934 79.2337 -35.5260 0.0000 1650410675875 100527.0000 -0.1994
-25.0982 79.4704 -34.6017 0.0000 1650410675929 100581.0000 -0.1999
-24.7270 79.6964 -33.3032 0.0000 1650410675983 100635.0000 -0.1999
-24.7897 79.7331 -31.9148 0.0000 1650410676037 100689.0000 -0.1994
-24.7246 79.6876 -30.1542 0.0000 1650410676091 100743.0000 -0.1994
-24.6696 79.6888 -28.4224 0.0000 1650410676144 100797.0000 -0.1994
-24.4950 79.5881 -27.1638 0.0000 1650410676198 100851.0000 -0.1989
-24.4902 79.3750 -26.4177 0.0000 1650410676252 100905.0000 -0.1989
-24.7083 79.2938 -26.0622 0.0000 1650410676306 100959.0000 -0.1994
-24.9475 79.2678 -26.0507 0.0000 1650410676360 101013.0000 -0.1994
-24.7998 79.3394 -26.8828 0.0000 1650410676414 101067.0000 -0.1989
-24.9215 79.6543 -27.9012 0.0000 1650410676468 101121.0000 -0.1994
-24.9804 79.6079 -29.5344 0.0000 1650410676523 101175.0000 -0.1994
-24.8889 79.4349 -31.2310 0.0000 1650410676577 101229.0000 -0.1994
-24.8148 79.5010 -33.0049 0.0000 1650410676631 101283.0000 -0.1989
-24.8540 79.1892 -34.3411 0.0000 1650410676685 101337.0000 -0.1989
-25.0818 79.0389 -35.4016 0.0000 1650410676737 101391.0000 -0.1989
-24.9666 79.0375 -36.1579 0.0000 1650410676791 101445.0000 -0.1994
-25.0998 78.9386 -35.8852 0.0000 1650410676845 101499.0000 -0.1994
-25.1792 79.2213 -35.1436 0.0000 1650410676899 101553.0000 -0.1994
-24.8886 79.5762 -34.3158 0.0000 1650410676954 101607.0000 -0.1989
-24.7446 79.8088 -32.8855 0.0000 1650410677008 101661.0000 -0.1994
-24.6638 79.7004 -31.0509 0.0000 1650410677062 101715.0000 -0.1994
-24.6638 79.6350 -29.6372 0.0000 1650410677116 101769.0000 -0.1994
-24.5376 79.6122 -27.9091 0.0000 1650410677170 101823.0000 -0.1989
-24.4383 79.4457 -27.0618 0.0000 1650410677224 101877.0000 -0.1989
-24.4806 79.4671 -26.1792 0.0000 1650410677278 101930.0000 -0.1989
-24.7415 79.4853 -26.1577 0.0000 1650410677332 101984.0000 -0.1994
-24.6999 79.4564 -26.5908 0.0000 1650410677385 102038.0000 -0.1994
-24.7543 79.4538 -27.2621 0.0000 1650410677439 102092.0000 -0.1994
-24.9753 79.6606 -28.6987 0.0000 1650410677493 102146.0000 -0.1989
-24.8787 79.5399 -30.0850 0.0000 1650410677547 102200.0000 -0.1994
-24.9431 79.3969 -31.9178 0.0000 1650410677602 102254.0000 -0.1994
-24.9515 79.3289 -33.5048 0.0000 1650410677655 102308.0000 -0.1994
-25.0545 79.1814 -34.7462 0.0000 1650410677710 102362.0000 -0.1989
-25.0389 79.1296 -35.8638 0.0000 1650410677764 102416.0000 -0.1989
-25.0268 78.9085 -36.1792 0.0000 1650410677818 102470.0000 -0.1989
-25.0161 79.1995 -35.7639 0.0000 1650410677872 102524.0000 -0.1994
-25.0923 79.4049 -34.9170 0.0000 1650410677926 102578.0000 -0.1989
-24.8421 79.6186 -33.9279 0.0000 1650410677978 102632.0000 -0.1989
-24.6495 79.7070 -32.0791 0.0000 1650410678033 102686.0000 -0.1989
-24.8391 79.7192 -30.7076 0.0000 1650410678087 102740.0000 -0.1994
-24.6465 79.5759 -28.8914 0.0000 1650410678141 102794.0000 -0.1994
-24.4519 79.5422 -27.8660 0.0000 1650410678195 102848.0000 -0.1994
-24.6207 79.4757 -26.7307 0.0000 1650410678249 102902.0000 -0.1989
-24.5406 79.5951 -26.2702 0.0000 1650410678303 102956.0000 -0.1989
-24.6452 79.3835 -26.2682 0.0000 1650410678357 103010.0000 -0.1989
-24.7011 79.4466 -26.2066 0.0000 1650410678411 103064.0000 -0.1994
-24.7928 79.5338 -27.6891 0.0000 1650410678465 103118.0000 -0.1994
-25.0033 79.6416 -29.0913 0.0000 1650410678520 103172.0000 -0.1989
-24.8766 79.5678 -30.8851 0.0000 1650410678572 103226.0000 -0.1989
-24.8683 79.3282 -32.7106 0.0000 1650410678626 103279.0000 -0.1994
-24.9433 79.3937 -33.9221 0.0000 1650410678680 103333.0000 -0.1989
-24.9557 79.0785 -35.3020 0.0000 1650410678734 103387.0000 -0.1984
-25.0666 78.6336 -36.0952 0.0000 1650410678788 103441.0000 -0.1984
-25.1819 78.9269 -36.1775 0.0000 1650410678843 103495.0000 -0.1984
-25.1498 79.2033 -35.4753 0.0000 1650410678897 103549.0000 -0.1984
-24.9809 79.4896 -34.5154 0.0000 1650410678951 103603.0000 -0.1989
-24.8142 79.6464 -33.1231 0.0000 1650410679005 103657.0000 -0.1989
-24.7315 79.7293 -31.7244 0.0000 1650410679059 103711.0000 -0.1984
-24.6944 79.7085 -29.8714 0.0000 1650410679113 103765.0000 -0.1984
-24.3352 79.5720 -28.4375 0.0000 1650410679167 103819.0000 -0.1984
-24.4755 79.4613 -27.1997 0.0000 1650410679220 103873.0000 -0.1984
-24.5364 79.5490 -26.5851 0.0000 1650410679274 103927.0000 -0.1984
-24.6381 79.4939 -26.3628 0.0000 1650410679328 103981.0000 -0.1979
-24.6464 79.3962 -26.2210 0.0000 1650410679382 104035.0000 -0.1979
-24.7734 79.5802 -26.8530 0.0000 1650410679436 104089.0000 -0.1979
-24.9410 79.7040 -28.2352 0.0000 1650410679490 104143.0000 -0.1984
-24.8999 79.5375 -29.8669 0.0000 1650410679544 104197.0000 -0.1984
-24.8738 79.4233 -31.5617 0.0000 1650410679598 104251.0000 -0.1979
-24.8847 79.3629 -33.1741 0.0000 1650410679653 104305.0000 -0.1984
-24.9521 79.1211 -34.4822 0.0000 1650410679707 104359.0000 -0.1984
-25.0040 79.1551 -35.5156 0.0000 1650410679761 104413.0000 -0.1984
-24.9704 78.9636 -36.2719 0.0000 1650410679813 104467.0000 -0.1984
-25.0322 79.0221 -36.1979 0.0000 1650410679867 104521.0000 -0.1979
-25.0750 79.3112 -35.0209 0.0000 1650410679921 104575.0000 -0.1979
-24.9679 79.4871 -34.0807 0.0000 1650410679975 104628.0000 -0.1979
-24.7257 79.6768 -32.7039 0.0000 1650410680029 104682.0000 -0.1979
-24.7721 79.8076 -31.0149 0.0000 1650410680084 104736.0000 -0.1984
-24.7338 79.6114 -29.4973 0.0000 1650410680138 104790.0000 -0.1979
-24.6293 79.5984 -27.9407 0.0000 1650410680192 104844.0000 -0.1979
-24.5617 79.4760 -26.9502 0.0000 1650410680246 104898.0000 -0.1979
-24.5296 79.6196 -26.0422 0.0000 1650410680300 104952.0000 -0.1979
-24.7736 79.1547 -26.2546 0.0000 1650410680354 105006.0000 -0.1979
-24.6370 79.4435 -26.3883 0.0000 1650410680408 105060.0000 -0.1979
-24.7981 79.5486 -27.3963 0.0000 1650410680461 105114.0000 -0.1979
-25.1474 79.6324 -28.6318 0.0000 1650410680515 105168.0000 -0.1974
-24.9171 79.5481 -30.5276 0.0000 1650410680569 105222.0000 -0.1979
-24.8597 79.4456 -32.1961 0.0000 1650410680623 105276.0000 -0.1979
-24.9171 79.3227 -33.6372 0.0000 1650410680677 105330.0000 -0.1979
-24.9978 79.2427 -34.9166 0.0000 1650410680731 105384.0000 -0.1979
-25.0715 79.0427 -35.8256 0.0000 1650410680786 105438.0000 -0.1984
-25.0211 79.0085 -36.1110 0.0000 1650410680840 105492.0000 -0.1979
-25.0703 79.1726 -35.5955 0.0000 1650410680894 105546.0000 -0.1979
-25.0636 79.5263 -34.6628 0.0000 1650410680948 105600.0000 -0.1979
-24.8273 79.5330 -33.7014 0.0000 1650410681002 105654.0000 -0.1974
-24.6384 79.6293 -31.9639 0.0000 1650410681054 105708.0000 -0.1974
-24.7630 79.7395 -30.3516 0.0000 1650410681108 105762.0000 -0.1979
-24.6279 79.5192 -28.7835 0.0000 1650410681162 105816.0000 -0.1979
-24.4240 79.5772 -27.4282 0.0000 1650410681216 105870.0000 -0.1974
-24.5291 79.4259 -26.8350 0.0000 1650410681271 105924.0000 -0.1974
-24.6395 79.6083 -26.2491 0.0000 1650410681325 105977.0000 -0.1979
-24.6297 79.4289 -26.0705 0.0000 1650410681379 106031.0000 -0.1979
-24.7709 79.3752 -26.8501 0.0000 1650410681433 106085.0000 -0.1974
-24.7847 79.7170 -27.7912 0.0000 1650410681487 106139.0000 -0.1974
-24.9485 79.6467 -29.3636 0.0000 1650410681542 106193.0000 -0.1974
-24.8666 79.5239 -31.2443 0.0000 1650410681596 106247.0000 -0.1974
-24.8821 79.3899 -32.6852 0.0000 1650410681650 106301.0000 -0.1979
-24.8460 79.2659 -34.1711 0.0000 1650410681702 106355.0000 -0.1979
-24.9916 79.0655 -35.2082 0.0000 1650410681756 106409.0000 -0.1974
-24.9770 79.0144 -36.3188 0.0000 1650410681810 106463.0000 -0.1979
-25.1006 78.9785 -35.9838 0.0000 1650410681864 106517.0000 -0.1979
-25.1366 79.2734 -35.2772 0.0000 1650410681919 106571.0000 -0.1974
-24.9950 79.5804 -34.4254 0.0000 1650410681973 106625.0000 -0.1974
-24.7054 79.6565 -33.0803 0.0000 1650410682027 106679.0000 -0.1974
-24.6617 79.7869 -31.5385 0.0000 1650410682081 106733.0000 -0.1974
-24.6794 79.6167 -29.8118 0.0000 1650410682135 106787.0000 -0.1974
-24.6269 79.4246 -28.4044 0.0000 1650410682189 106841.0000 -0.1979
-24.6187 79.5027 -27.1412 0.0000 1650410682243 106895.0000 -0.1979
-24.5861 79.3078 -26.3077 0.0000 1650410682295 106949.0000 -0.1974
-24.6111 79.3950 -26.3656 0.0000 1650410682350 107003.0000 -0.1979
-24.8032 79.3269 -26.1307 0.0000 1650410682404 107057.0000 -0.1979
-24.7440 79.4160 -27.2418 0.0000 1650410682458 107111.0000 -0.1979
-24.8634 79.6625 -28.4070 0.0000 1650410682512 107165.0000 -0.1979
-24.9847 79.5982 -30.0811 0.0000 1650410682566 107219.0000 -0.1974
-24.9709 79.4496 -31.7990 0.0000 1650410682620 107273.0000 -0.1974
-24.8360 79.4425 -33.2587 0.0000 1650410682674 107326.0000 -0.1974
-24.9088 79.2365 -34.5657 0.0000 1650410682729 107380.0000 -0.1979
-24.9504 79.0840 -35.7522 0.0000 1650410682783 107434.0000 -0.1979
-24.9422 78.9652 -36.0774 0.0000 1650410682837 107488.0000 -0.1974
-25.1658 79.2111 -35.9487 0.0000 1650410682891 107542.0000 -0.1974
-25.0181 79.4578 -34.9817 0.0000 1650410682943 107596.0000 -0.1974
-24.8465 79.6240 -34.0290 0.0000 1650410682997 107650.0000 -0.1974
-24.7533 79.6916 -32.4600 0.0000 1650410683051 107704.0000 -0.1974
-24.8227 79.7126 -30.9094 0.0000 1650410683105 107758.0000 -0.1969
-24.6197 79.6581 -29.1099 0.0000 1650410683160 107812.0000 -0.1969
-24.6144 79.6322 -27.8569 0.0000 1650410683214 107866.0000 -0.1969
-24.4612 79.5204 -26.9026 0.0000 1650410683268 107920.0000 -0.1974
-24.5195 79.5082 -26.1819 0.0000 1650410683322 107974.0000 -0.1974
-24.9371 79.4872 -26.5021 0.0000 1650410683376 108028.0000 -0.1969
-24.8282 79.4359 -26.5625 0.0000 1650410683430 108082.0000 -0.1974
-24.8277 79.5255 -27.6240 0.0000 1650410683484 108136.0000 -0.1974
-24.9993 79.6880 -28.8596 0.0000 1650410683537 108190.0000 -0.1969
-24.9670 79.5065 -30.6315 0.0000 1650410683591 108244.0000 -0.1969
-24.9057 79.4199 -32.1842 0.0000 1650410683645 108298.0000 -0.1969
-24.7977 79.3084 -33.9282 0.0000 1650410683699 108352.0000 -0.1969
-24.9255 79.1558 -35.0235 0.0000 1650410683753 108406.0000 -0.1974
-25.0501 78.8108 -36.0261 0.0000 1650410683807 108460.0000 -0.1974
-25.0580 78.8932 -36.2326 0.0000 1650410683861 108514.0000 -0.1974
-25.1442 79.4437 -35.4861 0.0000 1650410683916 108568.0000 -0.1974
-25.3671 79.5363 -34.5784 0.0000 1650410683970 108622.0000 -0.1979
-24.8120 79.6107 -33.4871 0.0000 1650410684024 108675.0000 -0.1974
-24.7805 79.6967 -31.9597 0.0000 1650410684078 108729.0000 -0.1974
-24.7015 79.7070 -30.0542 0.0000 1650410684130 108783.0000 -0.1974
-24.8076 79.6425 -28.7794 0.0000 1650410684184 108837.0000 -0.1974
-24.4924 79.5212 -27.3317 0.0000 1650410684238 108891.0000 -0.1974
-24.6288 79.1954 -26.6767 0.0000 1650410684292 108945.0000 -0.1974
-24.7151 79.4738 -26.3793 0.0000 1650410684347 108999.0000 -0.1979
-24.6230 79.3155 -26.0453 0.0000 1650410684401 109053.0000 -0.1979
-24.6959 79.3465 -26.8247 0.0000 1650410684455 109107.0000 -0.1974
-24.7900 79.7163 -28.0168 0.0000 1650410684509 109161.0000 -0.1979
-25.0424 79.6406 -29.6297 0.0000 1650410684563 109215.0000 -0.1979
-24.8791 79.4943 -31.2122 0.0000 1650410684618 109269.0000 -0.1979
-24.8683 79.2638 -32.9216 0.0000 1650410684671 109323.0000 -0.1979
-24.8884 79.2008 -34.4206 0.0000 1650410684726 109377.0000 -0.1979
-24.9626 79.1213 -35.3466 0.0000 1650410684778 109431.0000 -0.1979
-24.9287 78.8154 -36.0132 0.0000 1650410684832 109485.0000 -0.1984
-24.9422 79.1400 -36.0748 0.0000 1650410684886 109539.0000 -0.1984
-25.0597 79.4228 -35.2587 0.0000 1650410684940 109593.0000 -0.1979
-25.0279 79.6110 -34.3149 0.0000 1650410684994 109647.0000 -0.1979
-24.7134 79.6731 -32.9549 0.0000 1650410685049 109701.0000 -0.1984
-24.6624 79.7642 -31.2079 0.0000 1650410685103 109755.0000 -0.1984
-24.7363 79.7064 -29.6151 0.0000 1650410685157 109809.0000 -0.1984
-24.5337 79.6402 -28.0013 0.0000 1650410685211 109863.0000 -0.1979
-24.6387 79.5976 -27.0094 0.0000 1650410685265 109917.0000 -0.1979
-24.4786 79.3362 -26.2892 0.0000 1650410685319 109971.0000 -0.1979
-24.7240 79.3987 -26.0595 0.0000 1650410685371 110024.0000 -0.1979
-24.7653 79.2590 -26.4160 0.0000 1650410685425 110078.0000 -0.1984
-24.7998 79.5723 -27.1716 0.0000 1650410685480 110132.0000 -0.1979
-25.0274 79.7155 -28.6422 0.0000 1650410685534 110186.0000 -0.1979
-25.0530 79.4791 -30.2429 0.0000 1650410685588 110240.0000 -0.1984
-24.8817 79.3981 -31.9189 0.0000 1650410685642 110294.0000 -0.1984
-24.9286 79.2997 -33.4109 0.0000 1650410685696 110348.0000 -0.1984
-24.8907 79.2002 -34.8137 0.0000 1650410685750 110402.0000 -0.1979
-25.0364 79.0091 -35.6578 0.0000 1650410685805 110456.0000 -0.1974
-24.9788 78.8596 -36.4539 0.0000 1650410685858 110510.0000 -0.1974
-25.1319 79.2295 -36.2381 0.0000 1650410685913 110564.0000 -0.1974
-25.1070 79.4091 -34.7893 0.0000 1650410685967 110618.0000 -0.1979
-24.8715 79.5316 -33.9448 0.0000 1650410686019 110672.0000 -0.1974
-24.6618 79.6681 -32.2687 0.0000 1650410686073 110726.0000 -0.1974
-24.6513 79.6632 -30.6804 0.0000 1650410686128 110780.0000 -0.1979
-24.6875 79.5975 -29.0673 0.0000 1650410686181 110834.0000 -0.1979
-24.5075 79.6167 -27.7566 0.0000 1650410686236 110888.0000 -0.1969
-24.4032 79.5773 -26.8127 0.0000 1650410686290 110942.0000 -0.1969
-24.5597 79.5044 -25.9043 0.0000 1650410686344 110996.0000 -0.1969
-24.7083 79.2753 -26.3572 0.0000 1650410686398 111050.0000 -0.1969
-24.8256 79.4858 -26.5529 0.0000 1650410686452 111104.0000 -0.1974
-24.8119 79.6479 -27.8250 0.0000 1650410686506 111158.0000 -0.1974
-25.0332 79.5921 -29.0987 0.0000 1650410686560 111212.0000 -0.1969
-24.9145 79.4508 -30.8501 0.0000 1650410686612 111266.0000 -0.1969
-24.9282 79.3976 -32.5422 0.0000 1650410686667 111320.0000 -0.1974
-24.7531 79.1768 -34.2196 0.0000 1650410686721 111374.0000 -0.1974
-24.9253 79.1090 -35.1734 0.0000 1650410686775 111427.0000 -0.1974
-24.9210 78.9988 -36.0892 0.0000 1650410686829 111481.0000 -0.1969
-25.0502 78.9812 -36.1591 0.0000 1650410686883 111535.0000 -0.1969
-25.2206 79.2891 -35.4214 0.0000 1650410686937 111589.0000 -0.1969
-25.0182 79.4209 -34.5237 0.0000 1650410686991 111643.0000 -0.1974
-24.7923 79.6581 -33.2021 0.0000 1650410687045 111697.0000 -0.1974
-24.7186 79.6577 -31.7720 0.0000 1650410687100 111751.0000 -0.1969
-24.6969 79.6135 -29.9968 0.0000 1650410687154 111805.0000 -0.1974
-24.5364 79.5567 -28.4636 0.0000 1650410687208 111859.0000 -0.1974
-24.5314 79.4599 -27.3265 0.0000 1650410687260 111913.0000 -0.1974
-24.4105 79.5116 -26.4835 0.0000 1650410687315 111967.0000 -0.1974
-24.7001 79.4171 -26.3510 0.0000 1650410687368 112021.0000 -0.1974
-24.8124 79.1973 -26.1406 0.0000 1650410687422 112075.0000 -0.1974
-24.6325 79.5381 -27.0330 0.0000 1650410687477 112129.0000 -0.1974
-24.9411 79.6358 -28.1898 0.0000 1650410687531 112183.0000 -0.1974
-25.0092 79.5917 -29.9112 0.0000 1650410687585 112237.0000 -0.1979
-24.9609 79.3873 -31.4592 0.0000 1650410687639 112291.0000 -0.1974
-24.9114 79.3744 -33.2220 0.0000 1650410687693 112345.0000 -0.1974
-24.9213 79.2104 -34.5452 0.0000 1650410687748 112399.0000 -0.1979
-25.0572 78.9212 -35.5922 0.0000 1650410687802 112453.0000 -0.1979
-24.9158 79.0803 -36.3395 0.0000 1650410687854 112507.0000 -0.1974
-25.1756 78.7996 -36.0008 0.0000 1650410687908 112561.0000 -0.1974
-25.1558 79.2706 -35.2504 0.0000 1650410687962 112615.0000 -0.1979
-24.9653 79.5304 -34.2459 0.0000 1650410688016 112669.0000 -0.1979
-24.7412 79.7016 -32.7525 0.0000 1650410688070 112723.0000 -0.1984
-24.7072 79.7622 -31.1382 0.0000 1650410688124 112776.0000 -0.1984
-24.6251 79.6440 -29.5515 0.0000 1650410688178 112830.0000 -0.1979
-24.5122 79.5982 -28.0529 0.0000 1650410688233 112884.0000 -0.1984
-24.4575 79.4047 -26.9825 0.0000 1650410688287 112938.0000 -0.1984
-24.3600 79.2800 -26.1883 0.0000 1650410688341 112992.0000 -0.1984
-24.7059 79.3487 -26.0022 0.0000 1650410688395 113046.0000 -0.1984
-24.8549 79.5664 -26.7548 0.0000 1650410688447 113100.0000 -0.1979
-24.7843 79.6734 -27.3043 0.0000 1650410688501 113154.0000 -0.1979
-25.0124 79.6510 -28.6408 0.0000 1650410688555 113208.0000 -0.1979
-24.9361 79.4742 -30.3089 0.0000 1650410688610 113262.0000 -0.1984
-24.9243 79.4195 -32.2009 0.0000 1650410688664 113316.0000 -0.1984
-24.9525 79.2570 -33.6192 0.0000 1650410688718 113370.0000 -0.1979
-24.9141 79.2310 -34.9052 0.0000 1650410688772 113424.0000 -0.1979
-25.0668 79.0444 -35.8426 0.0000 1650410688826 113478.0000 -0.1984
-24.9324 78.9639 -36.0650 0.0000 1650410688880 113532.0000 -0.1984
-25.1035 79.1698 -35.8364 0.0000 1650410688935 113586.0000 -0.1979
-25.1533 79.4929 -34.7304 0.0000 1650410688989 113640.0000 -0.1979
-24.8292 79.6457 -33.8283 0.0000 1650410689043 113694.0000 -0.1974
-24.7448 79.5718 -32.0168 0.0000 1650410689095 113748.0000 -0.1979
-24.7231 79.6482 -30.4044 0.0000 1650410689149 113802.0000 -0.1984
-24.5680 79.6611 -28.8378 0.0000 1650410689203 113856.0000 -0.1984
-24.4107 79.6403 -27.5771 0.0000 1650410689257 113910.0000 -0.1979
-24.5532 79.5389 -26.7083 0.0000 1650410689311 113964.0000 -0.1984
-24.6093 79.4023 -26.3341 0.0000 1650410689366 114018.0000 -0.1984
-24.5352 79.3958 -25.9074 0.0000 1650410689420 114072.0000 -0.1979
-24.7942 79.5369 -26.7729 0.0000 1650410689474 114125.0000 -0.1979
-24.7323 79.5454 -27.9077 0.0000 1650410689528 114179.0000 -0.1979
-24.9908 79.5416 -29.3375 0.0000 1650410689582 114233.0000 -0.1979
-24.8948 79.4849 -31.1393 0.0000 1650410689636 114287.0000 -0.1984
-24.8750 79.1921 -32.7590 0.0000 1650410689688 114341.0000 -0.1989
-24.8890 79.2847 -34.1182 0.0000 1650410689742 114395.0000 -0.1989
-24.9870 79.0693 -35.2963 0.0000 1650410689797 114449.0000 -0.1984
-25.0091 78.9842 -36.1255 0.0000 1650410689851 114503.0000 -0.1989
-25.1362 79.0677 -36.1306 0.0000 1650410689905 114557.0000 -0.1989
-25.1571 79.3889 -35.2191 0.0000 1650410689959 114611.0000 -0.1989
-25.0443 79.5467 -34.3279 0.0000 1650410690013 114665.0000 -0.1989
-24.8349 79.6654 -33.0492 0.0000 1650410690067 114719.0000 -0.1984
-24.6339 79.6794 -31.4273 0.0000 1650410690122 114773.0000 -0.1989
-24.6615 79.7413 -29.8248 0.0000 1650410690176 114827.0000 -0.1989
-24.3212 79.7167 -28.3312 0.0000 1650410690230 114881.0000 -0.1989
-24.5064 79.6267 -27.1993 0.0000 1650410690284 114935.0000 -0.1989
-24.4966 79.5034 -26.4430 0.0000 1650410690336 114989.0000 -0.1984
-24.5735 79.3706 -26.0962 0.0000 1650410690390 115043.0000 -0.1984
-24.6215 79.5442 -25.7823 0.0000 1650410690445 115097.0000 -0.1989
-24.6922 79.7112 -27.0856 0.0000 1650410690499 115151.0000 -0.1989
-24.9712 79.6979 -28.2896 0.0000 1650410690552 115205.0000 -0.1984
-24.9163 79.4019 -30.0417 0.0000 1650410690607 115259.0000 -0.1979
-24.8827 79.4457 -31.6017 0.0000 1650410690661 115313.0000 -0.1984
-25.0064 79.2362 -33.2955 0.0000 1650410690715 115367.0000 -0.1984
-24.8635 79.1896 -34.5991 0.0000 1650410690769 115421.0000 -0.1989
-25.0565 79.0145 -35.7209 0.0000 1650410690823 115474.0000 -0.1989
-24.8677 78.9996 -36.4059 0.0000 1650410690877 115528.0000 -0.1984
-24.9033 79.0622 -36.0296 0.0000 1650410690930 115582.0000 -0.1989
-25.0995 79.4413 -35.1189 0.0000 1650410690984 115636.0000 -0.1989
