-24.7205 76.8756 -38.3891 47.4354 1650410335435 799120.0000 -0.1994
-23.6466 76.9850 -38.5101 38.1026 1650410335487 799174.0000 -0.1989
-23.7167 76.8338 -38.3174 38.9043 1650410335541 799228.0000 -0.1994
-22.7412 76.9661 -38.2319 45.7530 1650410335595 799282.0000 -0.1989
-22.0958 77.1273 -38.2191 41.3105 1650410335650 799335.0000 -0.1994
-24.4171 76.9369 -38.2483 28.1279 1650410335704 799389.0000 -0.1994
-24.3971 77.0153 -38.3002 34.3965 1650410335758 799443.0000 -0.1994
-24.7930 77.3145 -38.4642 47.0897 1650410335812 799497.0000 -0.1989
-24.4752 77.1221 -38.3320 37.4191 1650410335866 799551.0000 -0.1989
-24.4345 77.4829 -38.3900 39.2117 1650410335920 799605.0000 -0.1989
-25.0130 77.3068 -38.4109 30.7584 1650410335974 799659.0000 -0.1989
-24.9707 77.4256 -38.4338 39.9166 1650410336029 799713.0000 -0.1984
-24.4192 77.2399 -38.3637 37.2334 1650410336083 799767.0000 -0.1984
-24.8906 77.1599 -38.3486 34.5389 1650410336135 799821.0000 -0.1984
-24.2671 77.1331 -38.4297 28.9139 1650410336189 799875.0000 -0.1989
-24.4300 77.2894 -38.3261 29.3398 1650410336243 799929.0000 -0.1994
-24.6312 77.2822 -38.4891 36.1544 1650410336297 799983.0000 -0.1989
-24.4388 77.2211 -38.3923 32.8006 1650410336351 800037.0000 -0.1989
-24.3919 77.2358 -38.3936 34.0119 1650410336405 800091.0000 -0.1984
-24.6803 77.2516 -38.3193 30.0410 1650410336460 800145.0000 -0.1989
-25.0881 77.4408 -38.2790 40.1380 1650410336514 800199.0000 -0.1989
-24.8067 77.0764 -38.2209 36.1051 1650410336568 800253.0000 -0.1984
-24.8352 77.1978 -38.1748 39.2706 1650410336622 800307.0000 -0.1989
-24.9326 77.4116 -38.2556 43.3152 1650410336676 800361.0000 -0.1984
-24.9086 77.1817 -38.1928 37.1989 1650410336728 800415.0000 -0.1989
-24.8442 77.4099 -38.3575 38.7219 1650410336783 800469.0000 -0.1994
-25.1619 77.2473 -38.2515 41.1091 1650410336837 800523.0000 -0.1989
-24.8677 77.2136 -38.3777 31.4625 1650410336891 800577.0000 -0.1989
-24.7382 77.0346 -38.2993 36.1360 1650410336945 800631.0000 -0.1984
-24.9855 77.2013 -38.2570 37.9671 1650410336999 800684.0000 -0.1989
-25.3751 77.1332 -38.3249 41.9710 1650410337053 800738.0000 -0.1989
-24.8245 77.0416 -38.1764 37.3473 1650410337107 800792.0000 -0.1984
-24.9728 77.1413 -38.2241 38.9635 1650410337161 800846.0000 -0.1989
-24.9177 76.9310 -38.2154 35.2800 1650410337216 800900.0000 -0.1989
-24.6127 77.0356 -38.2013 31.8559 1650410337270 800954.0000 -0.1989
-25.5108 77.1176 -38.7683 37.5582 1650410337324 801008.0000 -0.1989
-25.8865 78.2793 -36.7645 50.9606 1650410337376 801062.0000 -0.1989
-25.7171 77.7695 -35.6924 48.6095 1650410337430 801116.0000 -0.1984
-25.6226 78.2947 -34.3030 37.8364 1650410337484 801170.0000 -0.1984
-25.7306 78.2261 -33.0546 46.5432 1650410337538 801224.0000 -0.1989
-25.2712 78.2897 -31.8858 37.0195 1650410337593 801278.0000 -0.1989
-24.9420 77.8834 -30.9344 31.7929 1650410337647 801332.0000 -0.1984
-24.9472 78.0335 -31.0128 37.9307 1650410337701 801386.0000 -0.1984
-24.8504 77.5144 -31.0664 38.5851 1650410337755 801440.0000 -0.1984
-24.4937 77.8175 -31.1063 33.2162 1650410337809 801494.0000 -0.1989
-24.4877 77.6362 -31.1817 29.6526 1650410337863 801548.0000 -0.1989
-24.4373 77.7563 -31.1404 30.7096 1650410337918 801602.0000 -0.1984
-24.3547 77.4572 -31.2139 32.3188 1650410337970 801656.0000 -0.1984
-24.5506 77.5816 -31.2387 26.1150 1650410338024 801710.0000 -0.1984
-24.4408 77.5569 -31.1498 27.3249 1650410338078 801764.0000 -0.1989
-24.7360 77.6347 -31.3018 31.9335 1650410338132 801818.0000 -0.1984
-24.5058 77.5627 -31.2783 27.3761 1650410338186 801872.0000 -0.1984
-24.3931 77.6188 -31.3502 32.5349 1650410338240 801926.0000 -0.1984
-24.5356 77.5996 -31.2759 32.5803 1650410338294 801980.0000 -0.1984
-24.4327 77.5904 -31.2094 34.1486 1650410338348 802033.0000 -0.1984
-24.4238 77.7317 -31.2242 33.8784 1650410338403 802087.0000 -0.1984
-24.5531 77.6612 -31.1869 29.4872 1650410338457 802141.0000 -0.1984
-24.6163 77.6582 -31.1313 36.7275 1650410338511 802195.0000 -0.1984
-24.8487 77.7952 -31.0983 36.9326 1650410338565 802249.0000 -0.1984
-24.7470 77.7031 -31.1146 43.1050 1650410338617 802303.0000 -0.1984
-25.0033 77.6980 -31.1668 37.6396 1650410338672 802357.0000 -0.1984
-24.5791 77.6517 -31.2670 32.6894 1650410338726 802411.0000 -0.1979
-24.7559 77.5165 -31.3924 31.3241 1650410338780 802465.0000 -0.1979
-24.8215 77.5769 -31.3270 31.0698 1650410338834 802519.0000 -0.1979
-24.4315 77.4698 -31.1090 30.0761 1650410338888 802573.0000 -0.1984
-24.7140 77.5422 -31.2730 34.4084 1650410338942 802627.0000 -0.1984
-25.1662 77.5033 -31.2294 43.0496 1650410338996 802681.0000 -0.1979
-24.9416 78.2044 -31.8148 44.5748 1650410339050 802735.0000 -0.1979
-24.9300 77.9929 -33.2492 48.8776 1650410339104 802789.0000 -0.1984
-24.7707 77.9810 -34.5561 37.1738 1650410339159 802843.0000 -0.1984
-24.7282 77.8793 -35.8625 44.0188 1650410339211 802897.0000 -0.1984
-24.8143 77.8678 -37.1732 30.4416 1650410339265 802951.0000 -0.1979
-25.2330 77.8014 -38.4679 37.6264 1650410339319 803005.0000 -0.1979
-25.3738 77.6075 -39.7071 34.4227 1650410339373 803059.0000 -0.1979
-25.3160 77.3265 -40.9962 33.9937 1650410339427 803113.0000 -0.1984
-25.4430 77.5515 -42.1649 29.6547 1650410339481 803167.0000 -0.1984
-25.3492 77.4409 -43.5529 35.0065 1650410339536 803221.0000 -0.1979
-25.4254 77.6574 -44.6759 28.2079 1650410339590 803275.0000 -0.1979
-25.4640 77.6449 -46.0081 35.6841 1650410339644 803329.0000 -0.1979
-24.7659 77.0446 -46.7550 39.2497 1650410339698 803382.0000 -0.1984
-26.0468 77.4316 -47.9692 32.1876 1650410339752 803436.0000 -0.1979
-25.8455 77.6878 -49.3344 30.7720 1650410339804 803490.0000 -0.1979
-25.8152 78.4018 -50.0315 27.6103 1650410339858 803544.0000 -0.1979
-25.0629 79.8300 -50.5784 31.6040 1650410339913 803598.0000 -0.1979
-25.1964 80.3541 -51.3444 26.6044 1650410339967 803652.0000 -0.1979
-25.7883 80.1428 -51.8454 30.6020 1650410340021 803706.0000 -0.1979
-26.0499 79.6110 -52.5145 29.7688 1650410340075 803760.0000 -0.1979
-25.9095 79.8346 -52.9133 26.6250 1650410340129 803814.0000 -0.1979
-26.1977 76.9147 -53.3627 32.4151 1650410340183 803868.0000 -0.1979
-26.0367 76.7844 -53.3596 32.5260 1650410340237 803922.0000 -0.1979
-26.4151 76.8801 -53.4780 31.5744 1650410340291 803976.0000 -0.1974
-26.2834 77.0419 -53.7440 32.0423 1650410340346 804030.0000 -0.1974
-26.0253 77.7190 -53.7106 36.7016 1650410340400 804084.0000 -0.1974
-26.1948 77.3177 -53.3911 36.0474 1650410340452 804138.0000 -0.1969
-26.9383 77.3981 -52.8503 37.6710 1650410340506 804192.0000 -0.1974
-26.4248 77.7993 -52.4341 38.4159 1650410340560 804246.0000 -0.1974
-26.8124 78.4131 -51.8505 32.8331 1650410340615 804300.0000 -0.1965
-26.0004 78.6741 -51.5548 34.1524 1650410340669 804354.0000 -0.1965
-26.1681 78.9021 -50.9707 33.8009 1650410340723 804408.0000 -0.1969
-25.4677 77.2255 -49.9672 34.8641 1650410340777 804462.0000 -0.1969
-25.5524 77.3955 -49.0953 33.5459 1650410340831 804516.0000 -0.1965
-25.0928 77.7340 -48.5915 35.0632 1650410340885 804570.0000 -0.1965
-25.4923 77.4939 -47.0738 39.8886 1650410340939 804624.0000 -0.1965
-21.4856 77.3185 -45.9123 37.7056 1650410340993 804678.0000 -0.1965
-25.1208 77.4528 -45.2426 32.5048 1650410341045 804731.0000 -0.1969
-24.8118 77.5966 -44.0471 32.8878 1650410341100 804785.0000 -0.1969
-25.0961 77.5558 -42.9446 33.4515 1650410341154 804839.0000 -0.1969
-25.2235 77.9104 -41.6697 32.9039 1650410341208 804893.0000 -0.1965
-25.3234 77.7658 -40.3104 34.1260 1650410341262 804947.0000 -0.1969
-25.1131 77.9307 -39.1051 31.8205 1650410341316 805001.0000 -0.1974
-24.9006 77.6900 -37.6080 39.8010 1650410341370 805055.0000 -0.1969
-24.9113 77.7493 -36.4425 35.0422 1650410341424 805109.0000 -0.1965
-24.9365 77.7427 -35.1842 38.2830 1650410341478 805163.0000 -0.1969
-25.1904 77.8457 -33.9211 35.2642 1650410341533 805217.0000 -0.1969
-25.3673 78.0221 -32.9096 34.6987 1650410341587 805271.0000 -0.1974
-25.1650 77.7949 -31.6876 33.1584 1650410341641 805325.0000 -0.1965
-24.8236 77.8396 -30.5879 34.6955 1650410341693 805379.0000 -0.1965
-24.9304 77.8421 -31.0013 34.0345 1650410341747 805433.0000 -0.1965
-24.4587 77.5796 -31.1411 24.5853 1650410341801 805487.0000 -0.1969
-24.6665 77.8068 -31.3351 30.1324 1650410341856 805541.0000 -0.1969
-24.5373 77.6429 -31.3931 33.3895 1650410341910 805595.0000 -0.1965
-24.6191 77.6769 -31.5002 32.2212 1650410341964 805649.0000 -0.1965
-24.6844 77.6414 -31.2328 36.3885 1650410342018 805703.0000 -0.1965
-24.7555 77.5550 -31.1950 29.7248 1650410342072 805757.0000 -0.1969
-24.7436 77.7435 -31.2008 40.7131 1650410342126 805811.0000 -0.1969
-24.7248 77.6977 -31.2693 36.0228 1650410342180 805865.0000 -0.1969
-24.4427 77.4315 -31.1196 31.7409 1650410342235 805919.0000 -0.1969
-24.5505 77.5700 -31.2351 34.6524 1650410342287 805973.0000 -0.1969
-24.6506 77.4870 -31.1988 34.4336 1650410342341 806027.0000 -0.1969
-24.8130 77.5347 -31.1898 34.2927 1650410342395 806080.0000 -0.1969
-24.6308 77.4776 -31.4486 29.1105 1650410342449 806134.0000 -0.1965
-24.7194 77.5292 -31.2001 41.2552 1650410342503 806188.0000 -0.1960
-25.0473 77.5428 -31.1102 36.4836 1650410342557 806242.0000 -0.1960
-24.8858 77.7058 -31.2316 37.9028 1650410342612 806296.0000 -0.1965
-24.9681 77.6909 -31.2039 35.2043 1650410342666 806350.0000 -0.1965
-25.0014 77.5926 -31.1524 29.6320 1650410342720 806404.0000 -0.1965
-24.9146 77.6276 -31.0942 40.1789 1650410342774 806458.0000 -0.1965
-24.8545 77.6636 -31.1540 35.4894 1650410342828 806512.0000 -0.1965
-24.6360 77.6298 -31.1777 39.1925 1650410342882 806566.0000 -0.1965
-24.8479 77.5881 -31.2799 33.8285 1650410342934 806620.0000 -0.1965
-24.8458 77.6445 -31.3305 32.5090 1650410342988 806674.0000 -0.1960
-25.1085 77.7318 -31.5696 46.6661 1650410343043 806728.0000 -0.1960
-25.1810 78.4120 -32.6142 39.2669 1650410343097 806782.0000 -0.1960
-24.9888 78.0809 -33.8374 35.9506 1650410343151 806836.0000 -0.1965
-25.1291 77.7182 -35.2321 30.4347 1650410343205 806890.0000 -0.1965
-24.8919 78.0179 -36.3290 25.7799 1650410343259 806944.0000 -0.1965
-25.2583 77.9035 -37.8569 31.2434 1650410343313 806998.0000 -0.1960
-25.0229 77.6442 -38.9470 31.9068 1650410343367 807052.0000 -0.1960
-24.9695 77.5067 -40.4142 27.6827 1650410343421 807106.0000 -0.1965
-25.0426 77.4895 -41.5564 29.2790 1650410343476 807160.0000 -0.1969
-25.2416 77.1419 -42.9932 29.4093 1650410343528 807214.0000 -0.1965
-24.9050 77.2402 -44.0568 34.1793 1650410343582 807268.0000 -0.1965
-26.0171 77.4672 -45.1269 29.3054 1650410343636 807322.0000 -0.1965
-25.7949 77.7044 -46.4277 31.8098 1650410343690 807376.0000 -0.1969
-25.4176 77.1518 -47.3370 41.4228 1650410343745 807430.0000 -0.1974
-25.4475 77.8853 -48.5625 31.1447 1650410343799 807483.0000 -0.1969
-24.8580 77.3266 -49.5946 37.6199 1650410343853 807537.0000 -0.1969
-24.6199 79.8212 -50.4217 32.8803 1650410343907 807591.0000 -0.1969
-25.5824 76.7520 -50.9510 30.6237 1650410343961 807645.0000 -0.1969
-25.0794 79.7773 -52.1014 30.0203 1650410344015 807699.0000 -0.1969
-25.5553 76.8526 -52.2562 32.0833 1650410344069 807753.0000 -0.1965
-25.8454 76.8963 -52.8527 34.1989 1650410344123 807807.0000 -0.1965
-25.4636 77.0068 -53.1801 30.6266 1650410344175 807861.0000 -0.1965
-25.6092 76.9632 -52.8504 38.9703 1650410344230 807915.0000 -0.1969
-25.8243 76.9697 -53.8506 30.5296 1650410344284 807969.0000 -0.1969
-26.1326 77.1540 -54.1478 37.0238 1650410344338 808023.0000 -0.1969
-26.4883 77.2434 -53.5670 33.2006 1650410344392 808077.0000 -0.1965
-26.1394 76.9001 -53.6064 32.2246 1650410344446 808131.0000 -0.1965
-26.4781 77.1382 -53.4692 42.4686 1650410344500 808185.0000 -0.1969
-27.1524 77.0738 -52.7126 39.2524 1650410344555 808239.0000 -0.1965
-27.2595 78.0817 -52.4028 35.9456 1650410344609 808293.0000 -0.1960
-26.6394 78.1072 -51.8719 30.5242 1650410344663 808347.0000 -0.1965
-26.0237 77.4930 -51.3465 31.5152 1650410344717 808401.0000 -0.1965
-25.9267 77.8619 -50.2547 33.1824 1650410344769 808455.0000 -0.1965
-25.9063 78.2879 -49.7427 33.6047 1650410344823 808509.0000 -0.1969
-25.7198 78.0815 -48.9136 35.5645 1650410344877 808563.0000 -0.1965
-25.6885 77.1363 -47.9481 28.3846 1650410344932 808617.0000 -0.1965
-24.9017 77.3707 -46.8843 40.3293 1650410344986 808671.0000 -0.1965
-25.3026 77.2806 -45.7455 35.5125 1650410345040 808725.0000 -0.1969
-25.1139 77.4840 -44.6896 29.3058 1650410345094 808779.0000 -0.1965
-25.3500 77.5343 -43.5932 31.3660 1650410345148 808832.0000 -0.1965
-25.4393 77.9097 -42.4505 36.9273 1650410345202 808886.0000 -0.1960
-25.5345 78.5525 -41.2641 32.1079 1650410345256 808940.0000 -0.1960
-25.1657 77.4515 -39.7140 36.8929 1650410345310 808994.0000 -0.1965
-24.8478 77.8631 -38.5335 37.5709 1650410345363 809048.0000 -0.1969
-25.2735 77.7716 -37.1987 34.1736 1650410345417 809102.0000 -0.1965
-25.0358 77.8279 -35.8419 40.0413 1650410345471 809156.0000 -0.1965
-24.8718 78.0188 -34.6984 38.6455 1650410345525 809210.0000 -0.1965
-25.2518 77.7057 -33.4785 39.4111 1650410345579 809264.0000 -0.1965
-25.2163 78.1126 -32.3623 32.1333 1650410345633 809318.0000 -0.1969
-25.0872 77.9219 -31.1791 32.8830 1650410345687 809372.0000 -0.1960
-24.9275 77.6711 -30.9864 35.9061 1650410345741 809426.0000 -0.1965
-24.8040 77.7985 -31.1584 29.7591 1650410345796 809480.0000 -0.1965
-24.7941 77.7187 -31.3554 34.0451 1650410345850 809534.0000 -0.1969
-24.8870 77.4463 -31.2889 31.8615 1650410345904 809588.0000 -0.1969
-24.7028 77.6490 -31.4498 32.6095 1650410345958 809642.0000 -0.1969
-24.6408 77.5634 -31.3086 37.0188 1650410346010 809696.0000 -0.1965
-24.4941 77.5431 -31.2572 29.3418 1650410346064 809750.0000 -0.1965
-24.8737 77.7312 -31.3174 41.6946 1650410346118 809804.0000 -0.1969
-24.6766 77.5474 -31.1888 37.4913 1650410346173 809858.0000 -0.1965
-24.8114 77.7812 -31.3447 36.7449 1650410346227 809912.0000 -0.1965
-24.5554 77.7132 -31.4137 34.1247 1650410346281 809966.0000 -0.1965
-24.3268 77.6445 -31.2907 34.8770 1650410346335 810020.0000 -0.1965
-24.4954 77.5884 -31.3091 33.8532 1650410346389 810074.0000 -0.1969
-24.7292 77.5364 -31.4112 34.8435 1650410346444 810128.0000 -0.1969
-24.6322 77.7316 -31.1766 33.6640 1650410346497 810181.0000 -0.1965
-24.7162 77.7335 -31.2589 34.8904 1650410346552 810235.0000 -0.1965
-24.6995 77.7071 -31.3908 46.5553 1650410346604 810289.0000 -0.1969
-24.8136 77.6113 -31.2724 35.0678 1650410346658 810343.0000 -0.1969
-24.7773 77.8380 -31.2055 43.1802 1650410346712 810397.0000 -0.1969
-24.9996 77.7472 -31.3148 40.7255 1650410346766 810451.0000 -0.1965
-24.8884 77.7790 -31.2316 38.5340 1650410346820 810505.0000 -0.1965
-25.0443 77.7683 -31.3162 38.9628 1650410346874 810559.0000 -0.1969
-25.0483 77.7308 -31.3207 31.7698 1650410346929 810613.0000 -0.1969
-24.9163 77.5927 -31.1430 41.0085 1650410346983 810667.0000 -0.1969
-24.7331 77.7827 -31.2440 48.1970 1650410347037 810721.0000 -0.1969
-25.0221 78.4260 -31.8466 50.3156 1650410347091 810775.0000 -0.1965
-25.2197 78.2993 -33.1945 38.3778 1650410347145 810829.0000 -0.1969
-24.7840 78.0390 -34.5034 37.7441 1650410347199 810883.0000 -0.1974
-24.7567 78.2157 -35.9236 27.2706 1650410347251 810937.0000 -0.1969
-24.5632 77.9737 -37.0978 32.2955 1650410347305 810991.0000 -0.1969
-24.9291 77.9404 -38.5023 37.2181 1650410347360 811045.0000 -0.1969
-24.9695 77.9717 -39.6136 39.1661 1650410347414 811099.0000 -0.1969
-24.4426 77.4010 -40.9997 32.3632 1650410347468 811153.0000 -0.1974
-25.4996 77.8405 -42.3235 39.6367 1650410347522 811207.0000 -0.1974
-25.2332 77.3884 -43.4725 36.6903 1650410347576 811261.0000 -0.1974
-25.8218 77.4248 -44.6339 33.1194 1650410347631 811315.0000 -0.1969
-25.2941 77.7645 -45.6720 32.1801 1650410347685 811369.0000 -0.1974
-25.4049 77.5477 -46.8794 30.8022 1650410347739 811423.0000 -0.1979
-25.6287 77.1060 -48.0028 35.0513 1650410347793 811477.0000 -0.1974
-25.2951 78.4618 -49.2210 42.2260 1650410347845 811530.0000 -0.1969
-25.5709 76.7614 -49.6705 29.4012 1650410347899 811584.0000 -0.1969
-24.9230 77.1471 -50.9804 28.9485 1650410347953 811638.0000 -0.1969
-24.9264 76.7814 -51.6119 27.8778 1650410348007 811692.0000 -0.1974
-25.5301 77.9694 -51.7908 26.7589 1650410348062 811746.0000 -0.1974
-25.4813 79.6641 -52.7903 30.5229 1650410348116 811800.0000 -0.1969
-25.6857 79.4717 -52.8592 24.2970 1650410348170 811854.0000 -0.1969
-26.5175 77.4641 -53.4633 31.2407 1650410348224 811908.0000 -0.1974
-26.3128 76.6612 -53.6556 32.4934 1650410348278 811962.0000 -0.1974
-26.4389 76.9454 -53.8219 34.2979 1650410348332 812016.0000 -0.1969
-26.1412 77.4152 -53.8639 30.2082 1650410348386 812070.0000 -0.1969
-26.4553 77.1616 -53.5331 36.6088 1650410348440 812124.0000 -0.1969
-26.2165 76.8292 -53.3969 39.7496 1650410348493 812178.0000 -0.1974
-26.3020 76.8398 -52.7669 36.2556 1650410348547 812232.0000 -0.1974
-26.5584 77.4435 -52.4982 36.8452 1650410348601 812286.0000 -0.1974
-26.8191 77.5072 -52.3308 39.4434 1650410348655 812340.0000 -0.1974
-25.7877 77.1397 -51.3733 37.3344 1650410348709 812394.0000 -0.1969
-25.2334 77.7962 -50.9870 30.5246 1650410348763 812448.0000 -0.1974
-26.0901 78.4891 -50.1305 37.5115 1650410348817 812502.0000 -0.1974
-25.9293 79.2007 -49.3191 41.1750 1650410348872 812556.0000 -0.1974
-26.1936 77.8806 -48.3880 33.0650 1650410348926 812610.0000 -0.1974
-25.4443 77.6245 -47.0807 37.5646 1650410348980 812664.0000 -0.1974
-25.8829 77.3660 -46.3086 34.9855 1650410349034 812718.0000 -0.1974
-25.3530 77.7077 -45.2146 47.2034 1650410349086 812772.0000 -0.1979
-25.1563 77.2448 -44.1199 40.0038 1650410349141 812826.0000 -0.1979
-25.8342 77.4928 -42.8684 38.8685 1650410349194 812879.0000 -0.1974
-25.3252 77.7434 -41.7584 36.9677 1650410349248 812933.0000 -0.1974
-25.2267 77.6515 -40.5508 40.6997 1650410349303 812987.0000 -0.1979
-25.7888 77.6501 -39.1566 44.2967 1650410349357 813041.0000 -0.1979
-25.4428 77.7233 -37.8288 35.8180 1650410349411 813095.0000 -0.1974
-25.2577 77.9579 -36.5608 33.3095 1650410349465 813149.0000 -0.1974
-25.0928 77.7498 -35.3632 39.8757 1650410349519 813203.0000 -0.1974
-24.9668 77.8541 -34.0020 34.0627 1650410349573 813257.0000 -0.1974
-25.2484 77.9713 -33.0293 37.1110 1650410349628 813311.0000 -0.1979
-25.2985 78.1216 -31.6813 33.2868 1650410349680 813365.0000 -0.1984
-24.7971 78.0001 -30.8879 36.0932 1650410349734 813419.0000 -0.1984
-24.9082 77.7991 -31.2161 38.9379 1650410349788 813473.0000 -0.1979
-25.1711 77.8344 -31.1802 35.0741 1650410349842 813527.0000 -0.1984
-24.9479 77.7657 -31.1954 38.9103 1650410349896 813581.0000 -0.1984
-24.8239 77.7642 -31.3674 33.9531 1650410349950 813635.0000 -0.1979
-24.6790 77.7373 -31.3979 33.0191 1650410350004 813689.0000 -0.1979
-24.6638 77.6537 -31.3225 30.3076 1650410350059 813743.0000 -0.1979
-24.8033 77.5672 -31.2891 35.8374 1650410350113 813797.0000 -0.1984
-24.9828 77.7084 -31.2508 30.6872 1650410350167 813851.0000 -0.1984
-24.8882 77.7338 -31.2836 35.1062 1650410350221 813905.0000 -0.1984
-24.7906 77.6366 -31.2299 28.3317 1650410350275 813959.0000 -0.1984
-24.9045 77.5875 -31.4284 33.2240 1650410350327 814013.0000 -0.1979
-24.7564 77.6064 -31.3524 29.6200 1650410350381 814067.0000 -0.1984
-24.9218 77.5384 -31.3431 27.8324 1650410350436 814121.0000 -0.1984
-24.9384 77.6945 -31.3181 34.4594 1650410350490 814175.0000 -0.1979
-24.8403 77.6645 -31.1627 30.0842 1650410350544 814228.0000 -0.1979
-24.6695 77.6889 -31.1771 33.3474 1650410350598 814282.0000 -0.1979
-24.8101 77.6952 -31.1352 39.8163 1650410350652 814336.0000 -0.1979
-24.8475 77.8640 -31.2258 41.9690 1650410350706 814390.0000 -0.1984
-25.0045 77.5893 -31.1603 37.1566 1650410350761 814444.0000 -0.1984
-24.7523 77.6398 -31.2158 29.3277 1650410350815 814498.0000 -0.1979
-24.8077 77.6543 -31.1222 34.1247 1650410350869 814552.0000 -0.1979
-25.1417 77.7450 -31.1333 38.1668 1650410350921 814606.0000 -0.1984
-24.9740 77.5952 -31.1674 39.2804 1650410350975 814660.0000 -0.1984
-24.9439 77.6805 -31.1138 39.5731 1650410351029 814714.0000 -0.1979
-25.2044 77.6521 -31.4919 38.9373 1650410351083 814768.0000 -0.1979
-25.0394 78.2308 -32.3831 47.8026 1650410351137 814822.0000 -0.1979
-24.9628 78.2249 -33.8224 40.3036 1650410351191 814876.0000 -0.1984
-24.9126 78.1247 -35.0589 31.5058 1650410351246 814930.0000 -0.1989
-24.7052 77.9513 -36.4160 37.7565 1650410351300 814984.0000 -0.1984
-24.8338 77.9554 -37.5407 43.4957 1650410351354 815038.0000 -0.1984
-24.9208 77.9292 -38.8204 31.8893 1650410351408 815092.0000 -0.1979
-25.1226 77.4487 -40.1572 33.2734 1650410351462 815146.0000 -0.1989
-25.2536 77.5517 -41.5316 35.0476 1650410351516 815200.0000 -0.1984
-25.4095 77.3014 -42.6877 30.2668 1650410351569 815254.0000 -0.1984
-25.3046 77.4787 -43.9910 33.0300 1650410351623 815308.0000 -0.1984
-25.5753 77.4576 -45.0976 35.4671 1650410351677 815362.0000 -0.1984
-25.9681 77.5600 -46.1850 32.7742 1650410351731 815416.0000 -0.1984
-25.4315 77.6203 -47.4306 34.6348 1650410351785 815470.0000 -0.1989
-25.5415 77.1865 -48.4493 30.2685 1650410351839 815524.0000 -0.1989
-25.4750 77.3224 -49.5018 31.9292 1650410351893 815577.0000 -0.1984
-24.8853 77.2679 -50.0676 34.2613 1650410351947 815631.0000 -0.1979
-25.0736 77.9487 -51.1764 31.1075 1650410352002 815685.0000 -0.1984
-25.4021 80.0737 -51.8632 30.8420 1650410352056 815739.0000 -0.1984
-25.6460 80.1789 -52.3618 33.4501 1650410352110 815793.0000 -0.1979
-25.6321 78.5547 -52.9824 28.4101 1650410352162 815847.0000 -0.1979
-25.6377 76.8979 -53.2687 30.5778 1650410352216 815901.0000 -0.1979
-25.7966 76.3672 -53.6806 32.8107 1650410352270 815955.0000 -0.1979
-26.1037 77.2438 -53.4308 36.0174 1650410352325 816009.0000 -0.1984
-26.4784 76.8536 -53.7590 38.2561 1650410352379 816063.0000 -0.1979
-26.4974 76.9919 -53.6549 36.2681 1650410352433 816117.0000 -0.1979
-26.5901 77.2312 -53.4783 41.4391 1650410352487 816171.0000 -0.1979
-26.4075 77.0203 -53.2713 49.8013 1650410352541 816225.0000 -0.1984
-27.0783 76.5769 -52.6007 30.4564 1650410352595 816279.0000 -0.1984
-26.5850 78.7714 -52.3431 31.7667 1650410352649 816333.0000 -0.1979
-26.4536 77.4197 -51.4277 38.6525 1650410352703 816387.0000 -0.1979
-26.7188 78.2176 -51.4564 37.4168 1650410352758 816441.0000 -0.1984
-25.4975 77.8244 -50.3501 31.9238 1650410352810 816495.0000 -0.1984
-24.5598 79.2209 -49.8105 30.9674 1650410352864 816549.0000 -0.1989
-26.0859 78.1024 -48.9374 39.9329 1650410352918 816603.0000 -0.1989
-25.2270 77.6194 -48.0621 32.0905 1650410352972 816657.0000 -0.1989
-25.7664 77.9182 -46.9647 37.9471 1650410353026 816711.0000 -0.1984
-24.7097 77.5009 -45.8174 30.9442 1650410353080 816765.0000 -0.1989
-25.2800 77.6359 -44.9969 30.4350 1650410353134 816819.0000 -0.1989
-25.5116 77.2844 -43.8130 38.0719 1650410353189 816873.0000 -0.1984
-25.6022 77.5174 -42.5051 37.9897 1650410353243 816927.0000 -0.1984
-25.6625 77.6404 -41.1351 39.2928 1650410353297 816980.0000 -0.1984
-25.6683 77.8138 -39.8123 35.7756 1650410353351 817034.0000 -0.1989
-25.6095 77.8241 -38.5614 39.0216 1650410353403 817088.0000 -0.1989
-25.2852 77.9868 -37.3257 34.0931 1650410353458 817142.0000 -0.1989
-25.2371 77.7119 -36.0429 36.4825 1650410353512 817196.0000 -0.1984
-25.2669 77.8190 -34.7429 36.1879 1650410353566 817250.0000 -0.1984
-25.4583 77.8591 -33.5091 32.8632 1650410353620 817304.0000 -0.1989
-25.0466 78.1079 -32.4038 36.2660 1650410353674 817358.0000 -0.1989
-25.0167 77.9961 -31.2294 41.2986 1650410353728 817412.0000 -0.1984
-25.0765 77.9995 -31.2996 26.6040 1650410353782 817466.0000 -0.1984
-24.9068 77.6716 -30.9524 33.6256 1650410353836 817520.0000 -0.1984
-25.0712 77.5269 -31.2300 29.9507 1650410353890 817574.0000 -0.1989
-25.2354 77.8345 -31.2674 27.3541 1650410353945 817628.0000 -0.1989
-24.8930 77.6905 -31.4518 30.2469 1650410353997 817682.0000 -0.1984
-24.8317 77.8038 -31.4078 33.7656 1650410354051 817736.0000 -0.1984
-24.8039 77.6653 -31.3034 30.6517 1650410354105 817790.0000 -0.1989
-24.8989 77.6209 -31.3754 37.8255 1650410354159 817844.0000 -0.1994
-24.8342 77.6903 -31.3119 32.0188 1650410354213 817898.0000 -0.1989
-24.9828 77.7763 -31.2532 28.9647 1650410354267 817952.0000 -0.1989
-24.8098 77.6855 -31.3652 32.0878 1650410354322 818006.0000 -0.1989
-24.8790 77.5500 -31.2454 34.4855 1650410354376 818060.0000 -0.1989
-24.8675 77.5664 -31.3686 40.2914 1650410354430 818114.0000 -0.1989
-25.2251 77.5349 -31.2709 33.5962 1650410354484 818168.0000 -0.1994
-25.3062 77.6585 -31.2302 39.6747 1650410354538 818222.0000 -0.1994
-25.2575 77.6352 -31.2227 30.9047 1650410354592 818276.0000 -0.1989
-25.1529 77.5929 -31.2993 29.2229 1650410354644 818329.0000 -0.1989
-25.0856 77.7220 -31.1308 40.6317 1650410354699 818383.0000 -0.1994
-25.0089 77.7229 -31.1233 31.6865 1650410354753 818437.0000 -0.1989
-24.9938 77.5348 -31.2478 43.9886 1650410354807 818491.0000 -0.1989
-25.1009 77.7350 -31.0512 32.8978 1650410354861 818545.0000 -0.1989
-25.1004 77.7299 -31.2695 30.8344 1650410354915 818599.0000 -0.1989
-24.9869 77.7935 -31.1661 38.0996 1650410354969 818653.0000 -0.1994
-25.2159 77.7034 -31.2292 36.1383 1650410355023 818707.0000 -0.1994
-25.3539 77.7261 -31.1489 43.1091 1650410355078 818761.0000 -0.1989
-25.0441 78.4106 -31.6222 54.8568 1650410355132 818815.0000 -0.1989
-24.5665 78.2201 -32.9643 40.6007 1650410355186 818869.0000 -0.1994
-24.7903 78.0403 -34.5695 32.7343 1650410355238 818923.0000 -0.1994
-24.6600 77.8636 -35.6982 29.9460 1650410355292 818977.0000 -0.1994
-24.7724 77.8712 -37.1221 36.0048 1650410355346 819031.0000 -0.1989
-24.9335 77.7779 -38.4043 34.9570 1650410355400 819085.0000 -0.1989
-24.5620 77.7209 -39.5844 24.7773 1650410355454 819139.0000 -0.1989
-25.2103 77.6943 -40.8996 35.3104 1650410355509 819193.0000 -0.1994
-25.3012 77.4610 -42.0997 32.6584 1650410355563 819247.0000 -0.1994
-25.4931 77.4402 -43.3628 34.8472 1650410355617 819301.0000 -0.1989
-25.4608 77.1954 -44.4974 29.1427 1650410355671 819355.0000 -0.1989
-25.2733 77.6109 -45.7190 36.4234 1650410355725 819409.0000 -0.1989
-25.4306 77.4159 -46.6447 29.4904 1650410355779 819463.0000 -0.1994
-24.8769 77.2413 -47.8030 38.4470 1650410355834 819517.0000 -0.1994
-24.7517 77.1595 -48.8242 27.3985 1650410355886 819571.0000 -0.1989
-25.2788 77.4185 -50.0827 27.0684 1650410355940 819625.0000 -0.1989
-23.9305 77.2233 -50.4973 28.7172 1650410355994 819678.0000 -0.1989
-25.4594 77.2133 -51.3840 28.3465 1650410356048 819732.0000 -0.1994
-24.9508 79.5513 -51.9050 25.8498 1650410356102 819786.0000 -0.1994
-25.2501 77.0013 -51.9961 36.0130 1650410356157 819840.0000 -0.1994
-25.4230 76.6704 -52.7913 35.7999 1650410356210 819894.0000 -0.1994
-26.1009 77.5726 -53.0327 35.7129 1650410356264 819948.0000 -0.1994
-25.8559 76.9299 -53.0364 37.7471 1650410356319 820002.0000 -0.1994
-26.1174 77.2586 -53.4751 25.5535 1650410356373 820056.0000 -0.1994
-26.0023 77.1336 -53.6668 25.2666 1650410356427 820110.0000 -0.1989
-26.2765 77.0547 -53.5941 29.6637 1650410356479 820164.0000 -0.1989
-26.5976 76.9700 -53.1219 30.7980 1650410356533 820218.0000 -0.1994
-26.7049 76.9873 -52.8241 36.4566 1650410356587 820272.0000 -0.1994
-26.9861 77.0153 -52.4999 31.9847 1650410356642 820326.0000 -0.1994
-26.9373 78.2550 -52.1715 41.2567 1650410356696 820380.0000 -0.1989
-26.5935 77.2770 -51.4432 30.1559 1650410356750 820434.0000 -0.1989
-26.6089 77.4698 -50.9804 37.7410 1650410356804 820488.0000 -0.1994
-26.2177 78.0498 -50.2311 39.3074 1650410356858 820542.0000 -0.1999
-25.9327 78.9083 -49.5010 38.1081 1650410356912 820596.0000 -0.1994
-25.6194 77.6971 -48.4668 31.9551 1650410356966 820650.0000 -0.1994
-25.6869 77.8189 -47.8084 36.0758 1650410357020 820704.0000 -0.1989
-25.2556 77.6659 -46.2578 39.8885 1650410357075 820758.0000 -0.1994
-25.5619 77.4341 -45.3819 38.8318 1650410357127 820812.0000 -0.1999
-24.9051 77.7084 -44.2434 30.0524 1650410357181 820866.0000 -0.1999
-25.5178 77.5337 -43.2052 40.1410 1650410357235 820920.0000 -0.1999
-24.9665 77.6200 -42.0070 36.2343 1650410357289 820974.0000 -0.1989
-25.4727 77.7378 -40.5596 32.6147 1650410357343 821027.0000 -0.1994
-25.4923 77.8405 -39.3484 33.4246 1650410357397 821081.0000 -0.1999
-25.1314 78.0544 -38.0693 38.8076 1650410357452 821135.0000 -0.1994
-24.9650 77.9121 -36.8594 40.8324 1650410357506 821189.0000 -0.1989
-25.2925 77.8936 -35.5103 43.8403 1650410357560 821243.0000 -0.1989
-25.0229 78.0618 -34.3539 33.5952 1650410357615 821297.0000 -0.1994
-25.4479 77.9756 -32.9956 39.0615 1650410357668 821351.0000 -0.1994
-25.3561 77.7936 -31.7167 33.1763 1650410357720 821405.0000 -0.1994
-25.0478 77.9127 -30.7084 38.0068 1650410357775 821459.0000 -0.1994
-24.9110 78.0084 -30.9806 32.5957 1650410357828 821513.0000 -0.1989
-25.2826 77.9505 -31.1168 29.0398 1650410357883 821567.0000 -0.1994
-25.1905 77.8944 -31.1768 30.5071 1650410357937 821621.0000 -0.1994
-24.9780 77.7704 -31.2759 31.1597 1650410357991 821675.0000 -0.1989
-24.8969 77.7232 -31.2006 36.8484 1650410358045 821729.0000 -0.1989
-24.9265 77.7894 -31.2908 34.7631 1650410358099 821783.0000 -0.1989
-24.8776 77.8102 -31.3485 32.2420 1650410358153 821837.0000 -0.1989
-24.9056 77.8055 -31.2753 32.6735 1650410358208 821891.0000 -0.1994
-25.0650 77.7081 -31.0964 36.5182 1650410358262 821945.0000 -0.1994
-25.0151 77.8099 -31.3734 33.9658 1650410358316 821999.0000 -0.1989
-24.9385 77.6871 -31.3176 35.6307 1650410358368 822053.0000 -0.1989
-24.9343 77.7267 -31.3167 43.1943 1650410358422 822107.0000 -0.1994
-25.0280 77.7324 -31.3023 29.3207 1650410358476 822161.0000 -0.1994
-25.0793 77.5780 -31.0790 34.7570 1650410358530 822215.0000 -0.1994
-24.9608 77.5613 -31.1834 38.8079 1650410358585 822269.0000 -0.1994
-24.9445 77.6482 -31.1684 33.3480 1650410358639 822323.0000 -0.1989
-25.0263 77.7542 -31.1608 38.7102 1650410358693 822376.0000 -0.1994
-25.0527 77.5436 -31.2193 34.4193 1650410358747 822430.0000 -0.1999
-25.0054 77.6658 -31.3771 35.2636 1650410358801 822484.0000 -0.1994
-25.1852 77.8727 -31.1278 37.5119 1650410358855 822538.0000 -0.1994
-25.0989 77.8890 -31.1895 35.5281 1650410358909 822592.0000 -0.1994
-25.1866 77.6780 -31.1980 36.3212 1650410358961 822646.0000 -0.1999
-25.1281 77.7298 -31.0618 33.5705 1650410359016 822700.0000 -0.1999
-25.1340 77.6683 -31.0270 35.3717 1650410359070 822754.0000 -0.1994
-25.4422 77.5947 -31.4770 48.3462 1650410359124 822808.0000 -0.1989
-24.7848 78.1987 -32.4594 37.3333 1650410359178 822862.0000 -0.1989
-24.8017 78.1324 -33.8333 43.5567 1650410359232 822916.0000 -0.1994
-24.2860 78.2556 -35.0404 32.7171 1650410359287 822970.0000 -0.1994
-24.9726 77.8195 -36.3503 35.7309 1650410359341 823024.0000 -0.1994
-25.1456 77.6147 -37.6043 43.2970 1650410359395 823078.0000 -0.1984
-24.9663 77.6971 -38.8612 37.9135 1650410359449 823132.0000 -0.1984
-25.4615 77.6597 -40.1744 29.3896 1650410359503 823186.0000 -0.1989
-25.0919 77.6823 -41.3593 35.6825 1650410359557 823240.0000 -0.1989
-25.3653 77.8273 -42.5903 39.3368 1650410359609 823294.0000 -0.1984
-25.4643 77.7091 -43.8858 27.9812 1650410359663 823348.0000 -0.1984
-25.5717 77.3302 -45.1128 33.6654 1650410359717 823402.0000 -0.1984
-25.3754 77.5339 -46.1361 28.3846 1650410359771 823456.0000 -0.1989
-25.5411 77.2313 -47.1793 32.3988 1650410359826 823510.0000 -0.1989
-25.2773 77.1655 -48.2929 30.7667 1650410359880 823564.0000 -0.1984
-25.2388 77.8310 -49.4672 25.4054 1650410359934 823618.0000 -0.1984
-25.1159 78.2653 -50.5414 31.2897 1650410359988 823672.0000 -0.1984
-25.0571 78.3562 -50.9033 28.0450 1650410360042 823726.0000 -0.1989
-25.6024 79.5833 -51.9541 38.7178 1650410360096 823779.0000 -0.1989
-26.1000 78.4965 -51.9160 30.8098 1650410360150 823833.0000 -0.1984
-25.1333 76.8931 -53.0927 30.0969 1650410360203 823887.0000 -0.1984
-26.0327 76.9702 -52.9083 37.7237 1650410360257 823941.0000 -0.1984
-25.6079 77.2676 -53.0960 36.4189 1650410360311 823995.0000 -0.1989
-26.1615 76.4169 -53.7998 34.6511 1650410360365 824049.0000 -0.1989
-26.2722 77.0540 -53.7905 32.6477 1650410360419 824103.0000 -0.1984
-26.3650 76.7769 -53.2884 31.7641 1650410360474 824157.0000 -0.1984
-26.0088 76.6191 -53.4705 34.9422 1650410360527 824211.0000 -0.1984
-26.3410 76.9063 -52.8605 38.4008 1650410360582 824265.0000 -0.1989
-26.7155 76.9306 -52.7713 39.5591 1650410360636 824319.0000 -0.1984
-26.9071 77.0202 -52.2570 37.4673 1650410360690 824373.0000 -0.1984
-26.5476 77.1358 -51.7885 31.4452 1650410360744 824427.0000 -0.1984
-25.8490 77.0871 -51.1209 36.9481 1650410360796 824481.0000 -0.1984
-25.8581 77.5881 -50.9277 33.8470 1650410360850 824535.0000 -0.1984
-26.2319 78.3158 -49.9702 33.6933 1650410360905 824589.0000 -0.1989
-25.5673 78.0002 -49.1589 32.8187 1650410360959 824643.0000 -0.1989
-25.5492 78.0227 -48.2007 28.4380 1650410361013 824697.0000 -0.1984
-25.7513 77.7717 -47.0559 40.7221 1650410361067 824751.0000 -0.1984
-25.1914 77.1468 -45.9142 34.9345 1650410361121 824805.0000 -0.1989
-25.4546 77.8006 -45.1472 36.4074 1650410361175 824859.0000 -0.1989
-25.5130 77.3655 -43.7755 39.3388 1650410361229 824913.0000 -0.1984
-25.6352 77.7513 -42.6640 29.5701 1650410361283 824967.0000 -0.1989
-25.1547 77.7569 -41.3356 37.1202 1650410361338 825021.0000 -0.1989
-24.8915 77.6815 -40.0910 37.9495 1650410361392 825074.0000 -0.1989
-25.1330 78.0104 -38.7970 37.8601 1650410361444 825128.0000 -0.1994
-25.1747 77.5688 -37.5024 40.0617 1650410361498 825182.0000 -0.1984
-25.1544 77.8945 -36.3010 38.5298 1650410361552 825236.0000 -0.1984
-25.0978 77.7151 -34.8163 44.5742 1650410361606 825290.0000 -0.1984
-25.2218 77.8231 -33.8081 31.9026 1650410361660 825344.0000 -0.1989
-25.1337 77.8772 -32.5074 32.4712 1650410361714 825398.0000 -0.1989
-25.3460 77.7223 -31.3253 27.7226 1650410361769 825452.0000 -0.1984
-25.1246 77.7573 -30.8761 26.7393 1650410361823 825506.0000 -0.1984
-24.7687 77.8447 -30.8775 38.1931 1650410361877 825560.0000 -0.1984
-25.0239 77.9339 -31.1609 35.8966 1650410361931 825614.0000 -0.1989
-25.0273 77.8231 -31.1727 37.3096 1650410361986 825668.0000 -0.1989
-24.9883 77.6948 -31.2728 32.8035 1650410362037 825722.0000 -0.1989
-24.9218 77.7188 -31.3029 35.4338 1650410362092 825776.0000 -0.1984
-25.0816 77.7850 -31.2055 33.3647 1650410362146 825830.0000 -0.1984
-25.0034 77.7660 -31.0613 40.3463 1650410362200 825884.0000 -0.1994
-24.9013 77.8964 -31.3018 29.2698 1650410362254 825938.0000 -0.1989
-25.0967 77.7739 -31.3267 40.4000 1650410362308 825992.0000 -0.1989
-25.1697 77.6538 -31.2704 38.2456 1650410362362 826046.0000 -0.1984
-25.0431 77.6047 -31.1909 32.5353 1650410362416 826100.0000 -0.1989
-25.1749 77.5487 -31.2622 34.6223 1650410362470 826154.0000 -0.1989
-25.0066 77.8194 -31.2136 31.1225 1650410362525 826208.0000 -0.1989
-25.0034 77.6335 -31.1637 34.4694 1650410362579 826262.0000 -0.1989
-25.0472 77.6987 -31.0959 40.7328 1650410362633 826316.0000 -0.1989
-25.0288 77.6790 -31.3320 40.1070 1650410362685 826370.0000 -0.1989
-25.2598 77.6063 -31.0827 38.0212 1650410362739 826424.0000 -0.1994
-25.3335 77.6033 -31.1765 35.5745 1650410362793 826477.0000 -0.1994
-25.2072 77.7539 -31.2073 32.9929 1650410362847 826531.0000 -0.1989
-25.2406 77.7019 -31.1071 38.6397 1650410362902 826585.0000 -0.1989
-25.0810 77.6540 -31.2810 37.0235 1650410362956 826639.0000 -0.1989
-25.2860 77.6087 -31.0612 34.5233 1650410363010 826693.0000 -0.1994
-25.1952 77.5699 -31.1300 35.1654 1650410363064 826747.0000 -0.1994
-25.0242 77.5982 -31.1385 39.0490 1650410363118 826801.0000 -0.1989
-25.0260 78.5648 -31.8776 37.6594 1650410363173 826855.0000 -0.1989
-25.0277 77.8354 -32.9981 47.2798 1650410363227 826909.0000 -0.1994
-24.6402 78.1195 -34.3603 36.9075 1650410363278 826963.0000 -0.1994
-24.4078 77.9438 -35.6263 38.3832 1650410363333 827017.0000 -0.1994
-25.1462 77.9859 -36.9292 37.3791 1650410363387 827071.0000 -0.1989
-24.9659 77.7103 -38.1433 33.2268 1650410363441 827125.0000 -0.1989
-24.8965 77.5731 -39.5830 37.7926 1650410363495 827179.0000 -0.1989
-24.9678 77.6477 -40.6462 32.5619 1650410363549 827233.0000 -0.1994
-24.7900 77.4177 -42.0481 36.4242 1650410363604 827287.0000 -0.1994
-25.4249 77.4258 -43.2766 33.3024 1650410363658 827341.0000 -0.1994
-25.0175 77.4246 -44.3887 34.8489 1650410363712 827395.0000 -0.1994
-25.0857 77.2194 -45.4981 38.2032 1650410363766 827449.0000 -0.1994
-25.6062 77.8571 -46.6994 35.0267 1650410363820 827503.0000 -0.1994
-24.7656 77.2290 -47.7280 31.7473 1650410363874 827557.0000 -0.1989
-25.1600 77.1353 -48.7194 29.2899 1650410363926 827611.0000 -0.1989
-25.6630 77.6803 -49.8936 31.5639 1650410363980 827665.0000 -0.1989
-25.2033 76.9415 -50.7522 30.6171 1650410364035 827719.0000 -0.1989
-25.3354 79.8512 -51.4125 30.1585 1650410364089 827773.0000 -0.1994
-25.6355 76.5870 -51.9587 38.2300 1650410364143 827826.0000 -0.1994
-25.3894 77.1318 -52.2375 33.8154 1650410364197 827880.0000 -0.1989
-25.3640 79.9796 -53.1224 27.5240 1650410364251 827934.0000 -0.1989
-25.8145 76.8123 -53.3941 35.7320 1650410364305 827988.0000 -0.1989
-25.8151 76.8644 -53.4697 31.8450 1650410364359 828042.0000 -0.1994
-25.9351 77.1678 -53.3343 37.3729 1650410364413 828096.0000 -0.1989
-26.2489 77.2670 -53.8480 38.3554 1650410364468 828150.0000 -0.1989
-26.0608 77.0591 -53.6498 28.1595 1650410364520 828204.0000 -0.1989
-26.2710 77.0730 -53.2666 31.8757 1650410364574 828258.0000 -0.1989
-26.0759 77.3583 -52.9504 35.5280 1650410364628 828312.0000 -0.1994
-26.6052 77.2300 -52.6735 36.2488 1650410364682 828366.0000 -0.1999
-26.5873 77.6105 -52.2986 44.2044 1650410364736 828420.0000 -0.1999
-25.7933 77.5837 -51.3536 28.9410 1650410364791 828474.0000 -0.1989
-25.1595 78.7659 -51.1007 30.1759 1650410364845 828528.0000 -0.1994
-25.2979 78.7116 -50.5748 26.6172 1650410364899 828582.0000 -0.1999
-25.0715 78.2173 -49.6405 35.0701 1650410364953 828636.0000 -0.1994
-25.8219 77.7594 -48.8073 35.2556 1650410365007 828690.0000 -0.1994
