-24.5579 78.7342 -30.8472 43.5520 1650410335435 799120.0000 -0.1994
-24.3360 78.8262 -31.1094 43.3138 1650410335487 799174.0000 -0.1989
-24.3739 78.6631 -30.8989 40.3325 1650410335541 799228.0000 -0.1994
-24.3866 78.7058 -30.9004 43.9234 1650410335595 799282.0000 -0.1989
-24.2936 78.7898 -30.9756 52.5750 1650410335650 799335.0000 -0.1994
-24.5734 78.9574 -30.7491 42.5474 1650410335704 799389.0000 -0.1994
-24.5085 78.9989 -30.7897 42.2280 1650410335758 799443.0000 -0.1994
-24.4881 78.9114 -30.8664 41.7828 1650410335812 799497.0000 -0.1989
-24.5297 79.0764 -30.8127 42.7930 1650410335866 799551.0000 -0.1989
-24.6173 79.1847 -30.8123 45.2537 1650410335920 799605.0000 -0.1989
-24.7900 79.1795 -30.8735 41.9599 1650410335974 799659.0000 -0.1989
-24.7568 79.1720 -30.8655 55.9603 1650410336029 799713.0000 -0.1984
-24.5454 79.1178 -30.8277 47.2261 1650410336083 799767.0000 -0.1984
-24.6649 79.1247 -30.8347 55.5321 1650410336135 799821.0000 -0.1984
-24.5418 79.0201 -31.0274 54.2739 1650410336189 799875.0000 -0.1989
-24.7271 79.1661 -30.7974 43.6981 1650410336243 799929.0000 -0.1994
-24.6102 78.9848 -30.9096 46.4323 1650410336297 799983.0000 -0.1989
-24.7560 78.9865 -30.8355 46.6867 1650410336351 800037.0000 -0.1989
-24.7180 78.9880 -30.8353 55.4908 1650410336405 800091.0000 -0.1984
-24.6252 79.0422 -30.7598 47.4844 1650410336460 800145.0000 -0.1989
-24.6652 78.9814 -30.6741 46.4664 1650410336514 800199.0000 -0.1989
-24.5753 79.0730 -30.7155 53.1380 1650410336568 800253.0000 -0.1984
-24.7345 79.1302 -30.6499 48.4398 1650410336622 800307.0000 -0.1989
-24.7048 79.0426 -30.6623 49.4169 1650410336676 800361.0000 -0.1984
-24.6278 79.0299 -30.6513 43.5008 1650410336728 800415.0000 -0.1989
-24.5941 79.0748 -30.7717 41.3153 1650410336783 800469.0000 -0.1994
-24.6321 79.0369 -30.7071 55.1021 1650410336837 800523.0000 -0.1989
-24.6564 78.9887 -30.8163 49.2716 1650410336891 800577.0000 -0.1989
-24.5644 79.1256 -30.8178 51.7807 1650410336945 800631.0000 -0.1984
-24.6202 79.1164 -30.7344 43.3625 1650410336999 800684.0000 -0.1989
-24.7021 79.1752 -30.8569 45.6920 1650410337053 800738.0000 -0.1989
-24.7408 79.2016 -30.7133 63.7102 1650410337107 800792.0000 -0.1984
-24.6284 79.2487 -30.7524 53.1998 1650410337161 800846.0000 -0.1989
-24.6658 79.0615 -30.7464 45.5020 1650410337216 800900.0000 -0.1989
-24.7063 79.0798 -30.7076 49.5419 1650410337270 800954.0000 -0.1989
-24.9300 78.9677 -31.2554 37.5497 1650410337324 801008.0000 -0.1989
-24.6997 79.6076 -29.1980 60.2632 1650410337376 801062.0000 -0.1989
-24.5220 79.2892 -28.1632 65.2198 1650410337430 801116.0000 -0.1984
-24.3855 79.5236 -26.7301 70.6594 1650410337484 801170.0000 -0.1984
-24.4313 79.6593 -25.5301 63.7242 1650410337538 801224.0000 -0.1989
-24.5779 79.7922 -24.2940 56.0898 1650410337593 801278.0000 -0.1989
-24.5529 79.7341 -23.3973 53.1149 1650410337647 801332.0000 -0.1984
-24.5832 79.4190 -23.3775 43.5958 1650410337701 801386.0000 -0.1984
-24.4978 79.2953 -23.5152 49.1075 1650410337755 801440.0000 -0.1984
-24.4033 79.3015 -23.4813 42.6247 1650410337809 801494.0000 -0.1989
-24.2816 79.3044 -23.5956 36.1548 1650410337863 801548.0000 -0.1989
-24.2816 79.2083 -23.5098 42.9720 1650410337918 801602.0000 -0.1984
-24.1979 79.0679 -23.6185 36.6752 1650410337970 801656.0000 -0.1984
-24.2818 78.9050 -23.5870 34.9507 1650410338024 801710.0000 -0.1984
-24.3995 79.1930 -23.5551 35.2642 1650410338078 801764.0000 -0.1989
-24.3516 79.1415 -23.6913 38.2453 1650410338132 801818.0000 -0.1984
-24.3902 79.0389 -23.6512 44.5278 1650410338186 801872.0000 -0.1984
-24.3756 79.0464 -23.7133 34.0582 1650410338240 801926.0000 -0.1984
-24.4903 78.9625 -23.6290 36.6791 1650410338294 801980.0000 -0.1984
-24.4347 79.0726 -23.5832 43.7065 1650410338348 802033.0000 -0.1984
-24.4208 79.0660 -23.5709 40.6060 1650410338403 802087.0000 -0.1984
-24.4429 79.0594 -23.5453 42.7105 1650410338457 802141.0000 -0.1984
-24.4951 79.1618 -23.5113 40.3958 1650410338511 802195.0000 -0.1984
-24.5146 79.1040 -23.4476 43.9242 1650410338565 802249.0000 -0.1984
-24.4723 79.2558 -23.5072 43.8625 1650410338617 802303.0000 -0.1984
-24.4106 79.1248 -23.5551 45.0243 1650410338672 802357.0000 -0.1984
-24.4922 79.1079 -23.6375 42.9026 1650410338726 802411.0000 -0.1979
-24.3826 79.0213 -23.7800 42.6207 1650410338780 802465.0000 -0.1979
-24.4957 79.2116 -23.7399 43.9384 1650410338834 802519.0000 -0.1979
-24.4810 79.0694 -23.5070 43.0444 1650410338888 802573.0000 -0.1984
-24.4105 79.1114 -23.6721 54.8236 1650410338942 802627.0000 -0.1984
-24.7057 79.1948 -23.6622 47.3782 1650410338996 802681.0000 -0.1979
-24.8303 79.8418 -24.2209 65.1011 1650410339050 802735.0000 -0.1979
-24.8566 79.5137 -25.6304 68.9109 1650410339104 802789.0000 -0.1984
-24.8314 79.5050 -26.9380 70.7431 1650410339159 802843.0000 -0.1984
-24.8254 79.5406 -28.2752 76.7646 1650410339211 802897.0000 -0.1984
-24.9712 79.4529 -29.5690 67.7538 1650410339265 802951.0000 -0.1979
-24.9186 79.3437 -30.8595 59.4666 1650410339319 803005.0000 -0.1979
-24.8595 79.2274 -32.1247 68.5436 1650410339373 803059.0000 -0.1979
-24.9543 79.3068 -33.4924 57.7582 1650410339427 803113.0000 -0.1984
-24.9385 79.1697 -34.5808 55.9489 1650410339481 803167.0000 -0.1984
-24.9946 79.0546 -35.9594 56.9834 1650410339536 803221.0000 -0.1979
-25.0903 79.1122 -37.0505 47.8999 1650410339590 803275.0000 -0.1979
-25.1368 79.0869 -38.3806 58.8716 1650410339644 803329.0000 -0.1979
-25.0947 78.9139 -39.4139 61.7823 1650410339698 803382.0000 -0.1984
-25.3313 78.9974 -40.3909 55.8108 1650410339752 803436.0000 -0.1979
-25.3009 79.0233 -41.7029 55.5235 1650410339804 803490.0000 -0.1979
-25.0752 79.0161 -42.3216 49.2813 1650410339858 803544.0000 -0.1979
-24.9162 78.8669 -42.8756 47.9875 1650410339913 803598.0000 -0.1979
-24.9089 78.9777 -43.7040 49.5204 1650410339967 803652.0000 -0.1979
-25.0761 78.8339 -44.2210 42.9647 1650410340021 803706.0000 -0.1979
-24.8444 78.8165 -44.8831 48.4958 1650410340075 803760.0000 -0.1979
-24.9105 78.6927 -45.2963 30.9007 1650410340129 803814.0000 -0.1979
-25.0202 78.3872 -45.8297 43.9690 1650410340183 803868.0000 -0.1979
-25.1165 78.2056 -45.7788 34.8034 1650410340237 803922.0000 -0.1979
-25.0039 78.2654 -45.9706 35.8601 1650410340291 803976.0000 -0.1974
-25.0052 78.2919 -46.1884 35.0224 1650410340346 804030.0000 -0.1974
-24.8897 78.5854 -46.0818 39.2940 1650410340400 804084.0000 -0.1974
-25.3432 78.6906 -45.7978 37.1202 1650410340452 804138.0000 -0.1969
-25.2748 78.8640 -45.4002 50.6882 1650410340506 804192.0000 -0.1974
-25.2281 78.8345 -44.8268 39.7850 1650410340560 804246.0000 -0.1974
-25.0090 79.0563 -44.3219 58.1709 1650410340615 804300.0000 -0.1965
-24.7586 79.1755 -43.8985 52.8309 1650410340669 804354.0000 -0.1965
-24.5524 79.3034 -43.3754 51.8868 1650410340723 804408.0000 -0.1969
-24.4872 78.9515 -42.4520 40.9908 1650410340777 804462.0000 -0.1969
-24.3872 78.9351 -41.5687 51.9898 1650410340831 804516.0000 -0.1965
-24.5013 79.0494 -40.9595 56.2194 1650410340885 804570.0000 -0.1965
-24.4634 79.0485 -39.5325 49.3621 1650410340939 804624.0000 -0.1965
-24.1595 78.9139 -38.8347 52.5652 1650410340993 804678.0000 -0.1965
-24.4901 79.1375 -37.6814 53.2767 1650410341045 804731.0000 -0.1969
-24.5202 79.1786 -36.4441 51.6643 1650410341100 804785.0000 -0.1969
-24.6496 79.2951 -35.3856 56.5162 1650410341154 804839.0000 -0.1969
-24.5395 79.2243 -34.0440 55.1990 1650410341208 804893.0000 -0.1965
-24.6142 79.3948 -32.7458 51.6835 1650410341262 804947.0000 -0.1969
-24.6216 79.5610 -31.5242 57.4521 1650410341316 805001.0000 -0.1974
-24.4792 79.5884 -30.0849 61.6383 1650410341370 805055.0000 -0.1969
-24.5517 79.4901 -28.8795 57.3600 1650410341424 805109.0000 -0.1965
-24.5613 79.5592 -27.6393 56.7299 1650410341478 805163.0000 -0.1969
-24.5973 79.5361 -26.3591 53.4978 1650410341533 805217.0000 -0.1969
-24.5578 79.5228 -25.3293 54.7007 1650410341587 805271.0000 -0.1974
-24.5351 79.3900 -24.1094 65.3081 1650410341641 805325.0000 -0.1965
-24.4498 79.4672 -22.9990 50.1120 1650410341693 805379.0000 -0.1965
-24.7019 79.2664 -23.3684 52.5534 1650410341747 805433.0000 -0.1965
-24.5101 79.1988 -23.5431 55.4959 1650410341801 805487.0000 -0.1969
-24.6539 79.2765 -23.7079 48.4283 1650410341856 805541.0000 -0.1969
-24.5089 79.0880 -23.7603 51.0984 1650410341910 805595.0000 -0.1965
-24.4780 78.9942 -23.8465 52.6467 1650410341964 805649.0000 -0.1965
-24.3743 79.0969 -23.6101 43.0997 1650410342018 805703.0000 -0.1965
-24.4092 79.0249 -23.5740 54.4747 1650410342072 805757.0000 -0.1969
-24.5201 79.0768 -23.5559 50.9662 1650410342126 805811.0000 -0.1969
-24.4858 79.1024 -23.6323 46.1554 1650410342180 805865.0000 -0.1969
-24.3949 79.1304 -23.5395 36.2931 1650410342235 805919.0000 -0.1969
-24.3644 79.1124 -23.6227 44.3041 1650410342287 805973.0000 -0.1969
-24.4686 79.0527 -23.5927 35.8578 1650410342341 806027.0000 -0.1969
-24.4250 79.1073 -23.5960 54.4035 1650410342395 806080.0000 -0.1969
-24.3866 79.0844 -23.8552 54.5977 1650410342449 806134.0000 -0.1965
-24.3029 79.0318 -23.5910 50.0631 1650410342503 806188.0000 -0.1960
-24.4162 79.0731 -23.5255 36.2533 1650410342557 806242.0000 -0.1960
-24.4997 79.0902 -23.5992 36.8172 1650410342612 806296.0000 -0.1965
-24.4696 79.2480 -23.6128 37.6940 1650410342666 806350.0000 -0.1965
-24.4246 79.0779 -23.5562 37.2719 1650410342720 806404.0000 -0.1965
-24.5683 79.1454 -23.4884 40.8965 1650410342774 806458.0000 -0.1965
-24.5066 79.1778 -23.5453 37.6898 1650410342828 806512.0000 -0.1965
-24.3526 79.1365 -23.5613 31.5466 1650410342882 806566.0000 -0.1965
-24.4931 79.0512 -23.6573 31.6849 1650410342934 806620.0000 -0.1965
-24.3398 78.9210 -23.6830 39.5311 1650410342988 806674.0000 -0.1960
-24.6607 79.1777 -23.9489 58.8925 1650410343043 806728.0000 -0.1960
-24.8178 79.7123 -24.9632 65.4554 1650410343097 806782.0000 -0.1960
-24.8277 79.4702 -26.1948 67.5648 1650410343151 806836.0000 -0.1965
-24.9009 79.5696 -27.6897 61.8126 1650410343205 806890.0000 -0.1965
-24.9461 79.5137 -28.7062 62.8976 1650410343259 806944.0000 -0.1965
-24.9224 79.5631 -30.2733 63.4365 1650410343313 806998.0000 -0.1960
-24.8467 79.3517 -31.3689 49.5444 1650410343367 807052.0000 -0.1960
-24.9611 79.2940 -32.8547 54.0020 1650410343421 807106.0000 -0.1965
-24.9223 79.2815 -33.9973 64.5033 1650410343476 807160.0000 -0.1969
-24.9821 79.1718 -35.4962 54.8977 1650410343528 807214.0000 -0.1965
-25.1710 79.2801 -36.5674 60.0816 1650410343582 807268.0000 -0.1965
-25.2916 79.1816 -37.5836 49.7807 1650410343636 807322.0000 -0.1965
-25.3201 79.1443 -38.8083 58.1510 1650410343690 807376.0000 -0.1969
-25.3824 78.9896 -39.7896 48.8640 1650410343745 807430.0000 -0.1974
-25.2712 79.0466 -40.8857 58.3170 1650410343799 807483.0000 -0.1969
-25.1746 78.9056 -42.0049 42.7139 1650410343853 807537.0000 -0.1969
-24.8025 79.0632 -42.8115 52.0188 1650410343907 807591.0000 -0.1969
-24.9860 78.7786 -43.4696 52.3186 1650410343961 807645.0000 -0.1969
-24.8840 78.7872 -44.4027 50.0692 1650410344015 807699.0000 -0.1969
-24.8496 78.6819 -44.7374 49.2005 1650410344069 807753.0000 -0.1965
-25.0330 78.4957 -45.2920 47.3232 1650410344123 807807.0000 -0.1965
-24.8634 78.4840 -45.5749 46.2371 1650410344175 807861.0000 -0.1965
-24.9934 78.3876 -45.2365 42.5836 1650410344230 807915.0000 -0.1969
-25.0372 78.2256 -46.2233 31.9719 1650410344284 807969.0000 -0.1969
-25.3235 78.3968 -46.5278 32.5084 1650410344338 808023.0000 -0.1969
-25.1680 78.5162 -46.0286 36.5889 1650410344392 808077.0000 -0.1965
-25.1721 78.5855 -46.0900 39.0486 1650410344446 808131.0000 -0.1965
-25.3379 78.5982 -45.9270 45.4986 1650410344500 808185.0000 -0.1969
-25.4275 78.6909 -45.3176 51.7200 1650410344555 808239.0000 -0.1965
-25.4483 78.8663 -44.9216 55.8778 1650410344609 808293.0000 -0.1960
-25.1194 79.1058 -44.3245 60.7563 1650410344663 808347.0000 -0.1965
-24.8233 79.2074 -43.8685 60.2253 1650410344717 808401.0000 -0.1965
-24.6121 79.0023 -42.6813 76.2376 1650410344769 808455.0000 -0.1965
-24.5745 79.1166 -42.1281 62.2214 1650410344823 808509.0000 -0.1969
-24.5131 78.9253 -41.2840 59.6066 1650410344877 808563.0000 -0.1965
-24.2887 78.8532 -40.4977 56.4352 1650410344932 808617.0000 -0.1965
-24.3662 79.1802 -39.3429 51.2903 1650410344986 808671.0000 -0.1965
-24.4582 79.1783 -38.2561 52.5335 1650410345040 808725.0000 -0.1969
-24.5707 79.2251 -37.1343 44.3652 1650410345094 808779.0000 -0.1965
-24.6895 79.1765 -36.0269 47.7405 1650410345148 808832.0000 -0.1965
-24.7235 79.3759 -34.8570 43.9025 1650410345202 808886.0000 -0.1960
-24.7041 79.5978 -33.6139 40.0437 1650410345256 808940.0000 -0.1960
-24.8458 79.5603 -32.2413 42.1072 1650410345310 808994.0000 -0.1965
-24.6518 79.4594 -30.9320 46.4999 1650410345363 809048.0000 -0.1969
-24.6025 79.4628 -29.6449 44.1711 1650410345417 809102.0000 -0.1965
-24.7222 79.5472 -28.2719 45.5581 1650410345471 809156.0000 -0.1965
-24.5717 79.4047 -27.0593 49.7840 1650410345525 809210.0000 -0.1965
-24.4380 79.4673 -25.9570 58.6409 1650410345579 809264.0000 -0.1965
-24.5517 79.3364 -24.7178 41.8860 1650410345633 809318.0000 -0.1969
-24.4861 79.5038 -23.5949 48.6569 1650410345687 809372.0000 -0.1960
-24.6265 79.2010 -23.3753 41.4680 1650410345741 809426.0000 -0.1965
-24.6629 79.2572 -23.5295 38.5540 1650410345796 809480.0000 -0.1965
-24.5907 79.0477 -23.7034 47.1225 1650410345850 809534.0000 -0.1969
-24.5644 79.0087 -23.6860 39.0528 1650410345904 809588.0000 -0.1969
-24.4436 79.1136 -23.8245 53.3116 1650410345958 809642.0000 -0.1969
-24.4765 79.1175 -23.6985 49.9527 1650410346010 809696.0000 -0.1965
-24.3714 79.0910 -23.6446 45.7255 1650410346064 809750.0000 -0.1965
-24.4298 79.1621 -23.6956 42.0826 1650410346118 809804.0000 -0.1969
-24.4439 79.0129 -23.5625 43.1439 1650410346173 809858.0000 -0.1965
-24.4037 79.0502 -23.6937 40.2450 1650410346227 809912.0000 -0.1965
-24.4348 79.1394 -23.7788 47.3927 1650410346281 809966.0000 -0.1965
-24.3372 79.1825 -23.6758 39.7891 1650410346335 810020.0000 -0.1965
-24.3966 79.0649 -23.6825 40.3303 1650410346389 810074.0000 -0.1969
-24.4821 78.9844 -23.7835 48.2792 1650410346444 810128.0000 -0.1969
-24.5037 79.0537 -23.5238 54.5910 1650410346497 810181.0000 -0.1965
-24.4621 78.9412 -23.5904 39.0768 1650410346552 810235.0000 -0.1965
-24.4628 79.0433 -23.7415 36.3379 1650410346604 810289.0000 -0.1969
-24.4859 78.9905 -23.6331 42.7916 1650410346658 810343.0000 -0.1969
-24.4643 79.0473 -23.5378 50.1560 1650410346712 810397.0000 -0.1969
-24.4985 79.1211 -23.6845 38.7077 1650410346766 810451.0000 -0.1965
-24.5119 79.1077 -23.5869 43.4865 1650410346820 810505.0000 -0.1965
-24.4552 79.0868 -23.6829 47.4909 1650410346874 810559.0000 -0.1969
-24.4374 79.0663 -23.6907 37.9392 1650410346929 810613.0000 -0.1969
-24.4489 79.1010 -23.5358 37.4234 1650410346983 810667.0000 -0.1969
-24.5503 78.9382 -23.5641 44.0771 1650410347037 810721.0000 -0.1969
-24.8642 79.5628 -24.1624 70.6389 1650410347091 810775.0000 -0.1965
-24.7971 79.5416 -25.5370 68.3545 1650410347145 810829.0000 -0.1969
-24.9430 79.4862 -26.8725 55.6351 1650410347199 810883.0000 -0.1974
-24.9006 79.6331 -28.2874 81.8473 1650410347251 810937.0000 -0.1969
-24.8524 79.6184 -29.5152 60.5244 1650410347305 810991.0000 -0.1969
-24.8113 79.3289 -30.8586 67.8647 1650410347360 811045.0000 -0.1969
-24.9028 79.4629 -31.9900 54.9233 1650410347414 811099.0000 -0.1969
-24.8570 79.1359 -33.4427 56.8214 1650410347468 811153.0000 -0.1974
-25.1089 79.0929 -34.6673 58.9178 1650410347522 811207.0000 -0.1974
-24.9563 79.1527 -35.9116 60.8771 1650410347576 811261.0000 -0.1974
-25.0133 79.1374 -37.0967 45.1532 1650410347631 811315.0000 -0.1969
-25.0784 79.1310 -38.0269 45.8514 1650410347685 811369.0000 -0.1974
-25.0479 79.0355 -39.2606 41.7754 1650410347739 811423.0000 -0.1979
-25.1700 78.9762 -40.4726 47.1794 1650410347793 811477.0000 -0.1974
-25.1826 79.0118 -41.4709 32.9489 1650410347845 811530.0000 -0.1969
-24.8300 78.8480 -42.2187 51.7835 1650410347899 811584.0000 -0.1969
-24.7809 78.6071 -43.3507 48.0043 1650410347953 811638.0000 -0.1969
-24.7540 78.6547 -44.0727 40.6037 1650410348007 811692.0000 -0.1974
-24.9048 78.6421 -44.0890 40.0098 1650410348062 811746.0000 -0.1974
-24.9124 78.7078 -45.0970 36.0853 1650410348116 811800.0000 -0.1969
-24.8379 78.7037 -45.1761 41.2228 1650410348170 811854.0000 -0.1969
-24.9884 78.3056 -45.9100 35.7086 1650410348224 811908.0000 -0.1974
-25.2366 78.4001 -46.1604 38.3312 1650410348278 811962.0000 -0.1974
-25.2614 78.4929 -46.3018 32.4363 1650410348332 812016.0000 -0.1969
-25.1614 78.4034 -46.2297 33.9126 1650410348386 812070.0000 -0.1969
-25.1531 78.6165 -46.0186 36.3091 1650410348440 812124.0000 -0.1969
-25.1875 78.4603 -45.8741 38.7641 1650410348493 812178.0000 -0.1974
-25.3747 78.7741 -45.2980 47.1955 1650410348547 812232.0000 -0.1974
-25.2790 78.7554 -44.9546 58.5114 1650410348601 812286.0000 -0.1974
-25.1475 78.8231 -44.8727 68.7065 1650410348655 812340.0000 -0.1974
-24.8186 78.9267 -43.8679 54.4308 1650410348709 812394.0000 -0.1969
-24.7904 79.1563 -43.3615 54.9169 1650410348763 812448.0000 -0.1974
-24.6423 79.2885 -42.5321 62.1607 1650410348817 812502.0000 -0.1974
-24.5520 79.1640 -41.6668 66.0083 1650410348872 812556.0000 -0.1974
-24.4587 79.0514 -40.9028 65.2043 1650410348926 812610.0000 -0.1974
-24.5663 78.8689 -39.4642 66.3520 1650410348980 812664.0000 -0.1974
-24.5136 79.1801 -38.8802 63.3353 1650410349034 812718.0000 -0.1974
-24.5585 79.3059 -37.6487 66.7563 1650410349086 812772.0000 -0.1979
-24.5263 79.2659 -36.6414 48.5626 1650410349141 812826.0000 -0.1979
-24.5204 79.2879 -35.4253 53.6435 1650410349194 812879.0000 -0.1974
-24.5973 79.3264 -34.1850 55.6913 1650410349248 812933.0000 -0.1974
-24.6264 79.4128 -33.0061 57.8726 1650410349303 812987.0000 -0.1979
-24.7423 79.4641 -31.6770 56.0893 1650410349357 813041.0000 -0.1979
-24.6698 79.5056 -30.3045 61.3353 1650410349411 813095.0000 -0.1974
-24.7140 79.5796 -28.9816 55.8424 1650410349465 813149.0000 -0.1974
-24.6905 79.3549 -27.7729 55.2695 1650410349519 813203.0000 -0.1974
-24.6261 79.5295 -26.4235 51.5627 1650410349573 813257.0000 -0.1974
-24.6872 79.5241 -25.4373 52.7231 1650410349628 813311.0000 -0.1979
-24.6328 79.5852 -24.0788 50.9030 1650410349680 813365.0000 -0.1984
-24.4356 79.4620 -23.2655 52.3966 1650410349734 813419.0000 -0.1984
-24.6218 79.3930 -23.6184 51.7444 1650410349788 813473.0000 -0.1979
-24.7281 79.1486 -23.5391 46.3622 1650410349842 813527.0000 -0.1984
-24.6671 79.1429 -23.5542 51.7900 1650410349896 813581.0000 -0.1984
-24.7202 79.0739 -23.7105 47.3764 1650410349950 813635.0000 -0.1979
-24.5356 79.0432 -23.7412 40.0452 1650410350004 813689.0000 -0.1979
-24.4079 79.0624 -23.6866 47.1199 1650410350059 813743.0000 -0.1979
-24.3981 78.9365 -23.6511 47.0270 1650410350113 813797.0000 -0.1984
-24.5255 79.1008 -23.6207 47.9966 1650410350167 813851.0000 -0.1984
-24.4302 78.9716 -23.6273 42.3326 1650410350221 813905.0000 -0.1984
-24.5358 79.0466 -23.5955 37.5596 1650410350275 813959.0000 -0.1984
-24.4980 78.9765 -23.7956 28.1358 1650410350327 814013.0000 -0.1979
-24.5263 78.9278 -23.7012 41.1045 1650410350381 814067.0000 -0.1984
-24.4470 79.0351 -23.7357 34.2955 1650410350436 814121.0000 -0.1984
-24.5294 78.9736 -23.6676 33.9828 1650410350490 814175.0000 -0.1979
-24.4585 78.9701 -23.5137 39.2119 1650410350544 814228.0000 -0.1979
-24.4718 78.9647 -23.5152 40.6210 1650410350598 814282.0000 -0.1979
-24.5888 79.0259 -23.4859 38.9080 1650410350652 814336.0000 -0.1979
-24.5770 78.9400 -23.5381 40.7423 1650410350706 814390.0000 -0.1984
-24.5586 79.2078 -23.5758 36.2177 1650410350761 814444.0000 -0.1984
-24.5962 79.2219 -23.6121 46.2843 1650410350815 814498.0000 -0.1979
-24.6128 79.0979 -23.4920 41.1180 1650410350869 814552.0000 -0.1979
-24.5049 79.0517 -23.5034 38.7565 1650410350921 814606.0000 -0.1984
-24.5477 79.0100 -23.5410 38.1166 1650410350975 814660.0000 -0.1984
-24.5929 79.0619 -23.4766 37.3460 1650410351029 814714.0000 -0.1979
-24.7950 79.2078 -23.8926 57.8899 1650410351083 814768.0000 -0.1979
-24.7238 79.5783 -24.7372 53.2718 1650410351137 814822.0000 -0.1979
-24.8186 79.4811 -26.1567 56.3591 1650410351191 814876.0000 -0.1984
-24.8716 79.5549 -27.4228 68.1316 1650410351246 814930.0000 -0.1989
-24.8413 79.4980 -28.8046 60.4929 1650410351300 814984.0000 -0.1984
-24.8308 79.4183 -29.9116 66.3388 1650410351354 815038.0000 -0.1984
-24.7629 79.2703 -31.1691 54.9040 1650410351408 815092.0000 -0.1979
-24.8250 79.2078 -32.5942 58.0552 1650410351462 815146.0000 -0.1989
-24.7870 79.2972 -33.9723 56.8238 1650410351516 815200.0000 -0.1984
-24.8954 79.0552 -35.1356 51.7612 1650410351569 815254.0000 -0.1984
-25.1136 79.1226 -36.3997 56.0230 1650410351623 815308.0000 -0.1984
-25.1881 79.0540 -37.5018 56.6411 1650410351677 815362.0000 -0.1984
-25.1618 79.0171 -38.5965 41.0306 1650410351731 815416.0000 -0.1984
-25.2227 78.9685 -39.7820 52.7499 1650410351785 815470.0000 -0.1989
-25.1732 79.0268 -40.9072 49.4093 1650410351839 815524.0000 -0.1989
-25.2509 78.8481 -41.8889 63.0253 1650410351893 815577.0000 -0.1984
-24.7847 78.6212 -42.4191 41.4102 1650410351947 815631.0000 -0.1979
-24.8297 78.8386 -43.4592 43.6794 1650410352002 815685.0000 -0.1984
-24.8108 78.7815 -44.2264 55.2695 1650410352056 815739.0000 -0.1984
-24.9146 78.7051 -44.7667 42.0337 1650410352110 815793.0000 -0.1979
-24.9321 78.6960 -45.2464 40.9947 1650410352162 815847.0000 -0.1979
-24.9442 78.6369 -45.7272 38.5398 1650410352216 815901.0000 -0.1979
-25.1249 78.2239 -46.1649 37.9622 1650410352270 815955.0000 -0.1979
-25.1066 78.5962 -45.8497 42.1550 1650410352325 816009.0000 -0.1984
-25.3854 78.5466 -46.2581 42.6901 1650410352379 816063.0000 -0.1979
-25.1893 78.3992 -46.1363 46.7367 1650410352433 816117.0000 -0.1979
-25.1943 78.4136 -45.9315 40.7282 1650410352487 816171.0000 -0.1979
-25.3867 78.7215 -45.7633 38.5042 1650410352541 816225.0000 -0.1984
-25.4087 78.8004 -45.3418 48.9033 1650410352595 816279.0000 -0.1984
-25.4222 78.9614 -44.6617 52.4016 1650410352649 816333.0000 -0.1979
-25.2356 78.9459 -43.9185 44.2401 1650410352703 816387.0000 -0.1979
-25.0594 79.2512 -43.9596 66.9108 1650410352758 816441.0000 -0.1984
-24.8316 78.8344 -42.6798 68.5965 1650410352810 816495.0000 -0.1984
-24.4671 79.2567 -42.2532 68.4526 1650410352864 816549.0000 -0.1989
-24.5809 78.9545 -41.3617 70.2974 1650410352918 816603.0000 -0.1989
-24.5080 78.8146 -40.4138 66.4789 1650410352972 816657.0000 -0.1989
-24.5056 79.0896 -39.3855 52.1385 1650410353026 816711.0000 -0.1984
-24.3219 79.0118 -38.2043 55.0278 1650410353080 816765.0000 -0.1989
-24.4301 79.2178 -37.4371 50.5448 1650410353134 816819.0000 -0.1989
-24.5983 79.0452 -36.2999 44.9854 1650410353189 816873.0000 -0.1984
-24.7158 79.3179 -34.9977 41.5301 1650410353243 816927.0000 -0.1984
-24.5895 79.3786 -33.6402 43.3840 1650410353297 816980.0000 -0.1984
-24.6163 79.5173 -32.3052 44.7905 1650410353351 817034.0000 -0.1989
-24.6490 79.6004 -31.0638 51.7004 1650410353403 817088.0000 -0.1989
-24.5790 79.5155 -29.7415 45.4170 1650410353458 817142.0000 -0.1989
-24.5247 79.4892 -28.5138 47.1675 1650410353512 817196.0000 -0.1984
-24.5075 79.3910 -27.1725 45.1850 1650410353566 817250.0000 -0.1984
-24.5406 79.4296 -25.9616 51.5850 1650410353620 817304.0000 -0.1989
-24.5873 79.5952 -24.7907 43.4058 1650410353674 817358.0000 -0.1989
-24.5327 79.6015 -23.6445 48.0022 1650410353728 817412.0000 -0.1984
-24.7134 79.2990 -23.6496 38.1685 1650410353782 817466.0000 -0.1984
-24.7300 79.3948 -23.3793 46.2929 1650410353836 817520.0000 -0.1984
-24.7479 79.2425 -23.6595 49.1753 1650410353890 817574.0000 -0.1989
-24.6514 79.1114 -23.6267 42.1914 1650410353945 817628.0000 -0.1989
-24.6422 79.1061 -23.8180 40.0992 1650410353997 817682.0000 -0.1984
-24.5198 78.9726 -23.7341 48.5239 1650410354051 817736.0000 -0.1984
-24.5395 79.0109 -23.6571 48.6077 1650410354105 817790.0000 -0.1989
-24.6239 78.9143 -23.7200 38.7836 1650410354159 817844.0000 -0.1994
-24.6035 78.9635 -23.6530 45.5091 1650410354213 817898.0000 -0.1989
-24.5941 79.0723 -23.6022 46.0810 1650410354267 817952.0000 -0.1989
-24.3854 79.0295 -23.7254 46.3692 1650410354322 818006.0000 -0.1989
-24.6447 79.0568 -23.6286 40.2171 1650410354376 818060.0000 -0.1989
-24.6236 79.1074 -23.7591 46.9831 1650410354430 818114.0000 -0.1989
-24.4917 79.0936 -23.6943 39.2655 1650410354484 818168.0000 -0.1994
-24.5579 79.0447 -23.6287 43.4877 1650410354538 818222.0000 -0.1994
-24.5864 79.0334 -23.6112 47.8426 1650410354592 818276.0000 -0.1989
-24.5802 78.9676 -23.6742 52.0416 1650410354644 818329.0000 -0.1989
-24.4766 78.9611 -23.4873 39.9375 1650410354699 818383.0000 -0.1994
-24.5299 78.9894 -23.4755 39.4478 1650410354753 818437.0000 -0.1989
-24.5180 79.0722 -23.6479 44.6827 1650410354807 818491.0000 -0.1989
-24.5364 79.0846 -23.4208 42.9245 1650410354861 818545.0000 -0.1989
-24.5267 79.0502 -23.6350 46.6600 1650410354915 818599.0000 -0.1989
-24.5233 79.0558 -23.5176 54.1206 1650410354969 818653.0000 -0.1994
-24.5906 79.0976 -23.6139 43.7266 1650410355023 818707.0000 -0.1994
-24.5745 79.0551 -23.5379 41.8636 1650410355078 818761.0000 -0.1989
-24.7481 79.5974 -23.9486 82.2544 1650410355132 818815.0000 -0.1989
-24.9120 79.5143 -25.3120 62.9463 1650410355186 818869.0000 -0.1994
-24.8830 79.4302 -26.9275 62.3119 1650410355238 818923.0000 -0.1994
-24.8145 79.5955 -28.1277 73.3331 1650410355292 818977.0000 -0.1994
-24.8426 79.4250 -29.5109 63.4300 1650410355346 819031.0000 -0.1989
-24.8348 79.4551 -30.8185 65.2716 1650410355400 819085.0000 -0.1989
-24.6459 79.3492 -32.1656 56.3271 1650410355454 819139.0000 -0.1989
-24.9234 79.1842 -33.2808 60.2042 1650410355509 819193.0000 -0.1994
-24.8032 79.1415 -34.5290 53.6151 1650410355563 819247.0000 -0.1994
-24.9968 79.0491 -35.7780 55.3768 1650410355617 819301.0000 -0.1989
-25.0370 78.9737 -36.9441 54.3078 1650410355671 819355.0000 -0.1989
-25.1212 79.1266 -38.1007 55.7258 1650410355725 819409.0000 -0.1989
-25.2200 79.0506 -39.0512 44.3048 1650410355779 819463.0000 -0.1994
-25.1811 79.0361 -40.2562 45.0850 1650410355834 819517.0000 -0.1994
-25.0699 78.9455 -41.4226 43.9557 1650410355886 819571.0000 -0.1989
-25.0898 78.9054 -42.4615 47.2970 1650410355940 819625.0000 -0.1989
-24.6523 78.7470 -43.0540 41.9635 1650410355994 819678.0000 -0.1989
-24.8459 78.5822 -43.7612 41.8995 1650410356048 819732.0000 -0.1994
-24.7566 78.4732 -44.2179 40.5538 1650410356102 819786.0000 -0.1994
-24.8270 78.8156 -44.4528 38.1154 1650410356157 819840.0000 -0.1994
-24.8558 78.5678 -45.2775 42.5913 1650410356210 819894.0000 -0.1994
-24.8320 78.5743 -45.4472 34.2444 1650410356264 819948.0000 -0.1994
-25.0241 78.4285 -45.4612 41.5003 1650410356319 820002.0000 -0.1994
-25.4364 78.5926 -45.8558 31.3301 1650410356373 820056.0000 -0.1994
-25.2333 78.5009 -46.0593 37.7488 1650410356427 820110.0000 -0.1989
-25.2664 78.4634 -46.0229 37.6750 1650410356479 820164.0000 -0.1989
-25.3318 78.6440 -45.6460 39.6999 1650410356533 820218.0000 -0.1994
-25.4229 78.6672 -45.3521 47.0763 1650410356587 820272.0000 -0.1994
-25.3635 78.6009 -45.0690 42.0592 1650410356642 820326.0000 -0.1994
-25.2432 79.0347 -44.6538 50.3481 1650410356696 820380.0000 -0.1989
-25.0315 79.1397 -44.0612 49.1701 1650410356750 820434.0000 -0.1989
-24.9201 79.0814 -43.5743 66.3633 1650410356804 820488.0000 -0.1994
-24.6435 79.0980 -42.6990 63.0407 1650410356858 820542.0000 -0.1999
-24.5192 79.1768 -41.8645 58.5840 1650410356912 820596.0000 -0.1994
-24.5729 78.8469 -40.8530 57.3541 1650410356966 820650.0000 -0.1994
-24.4725 79.0139 -40.2296 72.8468 1650410357020 820704.0000 -0.1989
-24.4654 79.0143 -38.6459 68.7669 1650410357075 820758.0000 -0.1994
-24.4150 79.1684 -37.8949 54.2480 1650410357127 820812.0000 -0.1999
-24.4476 79.2938 -36.6498 63.4435 1650410357181 820866.0000 -0.1999
-24.5538 79.2181 -35.6780 62.2843 1650410357235 820920.0000 -0.1999
-24.6081 79.4849 -34.4719 64.6170 1650410357289 820974.0000 -0.1989
-24.7430 79.4917 -33.0272 48.2321 1650410357343 821027.0000 -0.1994
-24.7410 79.4275 -31.7805 53.3101 1650410357397 821081.0000 -0.1999
-24.5283 79.5020 -30.4604 50.4044 1650410357452 821135.0000 -0.1994
-24.6347 79.4796 -29.2578 49.4438 1650410357506 821189.0000 -0.1989
-24.5499 79.5083 -27.9462 55.8770 1650410357560 821243.0000 -0.1989
-24.5677 79.6084 -26.7570 55.8992 1650410357615 821297.0000 -0.1994
-24.5758 79.6840 -25.4696 49.1252 1650410357668 821351.0000 -0.1994
-24.5395 79.5435 -24.1949 48.2493 1650410357720 821405.0000 -0.1994
-24.4554 79.4647 -23.1171 51.2964 1650410357775 821459.0000 -0.1994
-24.6646 79.3099 -23.3291 47.3634 1650410357828 821513.0000 -0.1989
-24.7198 79.1707 -23.4657 49.1689 1650410357883 821567.0000 -0.1994
-24.6590 79.2591 -23.5483 48.2832 1650410357937 821621.0000 -0.1994
-24.6317 79.2024 -23.6479 47.9943 1650410357991 821675.0000 -0.1989
-24.5054 79.0248 -23.5517 41.3197 1650410358045 821729.0000 -0.1989
-24.5072 79.1410 -23.6542 47.8385 1650410358099 821783.0000 -0.1989
-24.5288 78.8504 -23.6591 51.4789 1650410358153 821837.0000 -0.1989
-24.5070 79.0686 -23.6211 46.2330 1650410358208 821891.0000 -0.1994
-24.4377 79.1224 -23.4867 43.3869 1650410358262 821945.0000 -0.1994
-24.5639 79.0991 -23.7284 37.1406 1650410358316 821999.0000 -0.1989
-24.5072 79.0922 -23.6901 46.3603 1650410358368 822053.0000 -0.1989
-24.5777 79.0649 -23.6742 51.6358 1650410358422 822107.0000 -0.1994
-24.4916 79.1488 -23.6828 47.3865 1650410358476 822161.0000 -0.1994
-24.5218 78.9809 -23.4596 44.6398 1650410358530 822215.0000 -0.1994
-24.4740 79.0018 -23.5658 45.4631 1650410358585 822269.0000 -0.1994
-24.5444 78.9730 -23.5254 43.8027 1650410358639 822323.0000 -0.1989
-24.5409 78.9038 -23.4933 42.0432 1650410358693 822376.0000 -0.1994
-24.5838 79.0844 -23.6217 48.7831 1650410358747 822430.0000 -0.1999
-24.5354 79.0019 -23.7433 44.0920 1650410358801 822484.0000 -0.1994
-24.6526 79.1941 -23.4977 35.2916 1650410358855 822538.0000 -0.1994
-24.6110 79.2355 -23.5565 31.8942 1650410358909 822592.0000 -0.1994
-24.6431 79.0121 -23.5721 38.6584 1650410358961 822646.0000 -0.1999
-24.4796 79.2598 -23.4743 39.9932 1650410359016 822700.0000 -0.1999
-24.5511 79.1948 -23.4346 41.2756 1650410359070 822754.0000 -0.1994
-24.7784 79.0563 -23.8783 50.5661 1650410359124 822808.0000 -0.1989
-24.6891 79.5175 -24.8038 66.3166 1650410359178 822862.0000 -0.1989
-24.8929 79.5832 -26.2020 68.6522 1650410359232 822916.0000 -0.1994
-24.8171 79.6172 -27.6225 68.7206 1650410359287 822970.0000 -0.1994
-24.9627 79.5411 -28.7741 54.7585 1650410359341 823024.0000 -0.1994
-24.8416 79.3254 -30.0296 49.9531 1650410359395 823078.0000 -0.1984
-24.9361 79.2735 -31.2532 52.0197 1650410359449 823132.0000 -0.1984
-24.8928 79.2451 -32.5874 45.7818 1650410359503 823186.0000 -0.1989
-24.9012 79.2771 -33.7591 55.9441 1650410359557 823240.0000 -0.1989
-24.9400 79.0752 -34.9331 48.2477 1650410359609 823294.0000 -0.1984
-25.0562 79.0032 -36.2366 43.6085 1650410359663 823348.0000 -0.1984
-25.1448 79.1151 -37.5622 43.0630 1650410359717 823402.0000 -0.1984
-25.1298 78.9960 -38.5088 52.9916 1650410359771 823456.0000 -0.1989
-25.1197 78.8704 -39.7600 49.4259 1650410359826 823510.0000 -0.1989
-25.2157 78.9399 -40.7293 54.5585 1650410359880 823564.0000 -0.1984
-25.1202 78.8577 -41.7717 55.6633 1650410359934 823618.0000 -0.1984
-24.9668 78.7569 -42.7962 53.1643 1650410359988 823672.0000 -0.1984
-24.4082 78.7462 -43.2843 37.0139 1650410360042 823726.0000 -0.1989
-24.8956 78.6097 -44.2876 47.8463 1650410360096 823779.0000 -0.1989
-24.9043 78.7300 -44.2637 57.2040 1650410360150 823833.0000 -0.1984
-24.9283 78.5116 -45.4956 43.0574 1650410360203 823887.0000 -0.1984
-24.9825 78.5757 -45.3821 40.1961 1650410360257 823941.0000 -0.1984
-24.9564 78.5263 -45.4670 46.9621 1650410360311 823995.0000 -0.1989
-25.1822 78.0776 -46.2762 38.6271 1650410360365 824049.0000 -0.1989
-25.1023 78.0133 -46.1737 41.9789 1650410360419 824103.0000 -0.1984
-25.0416 78.5394 -45.8403 38.6560 1650410360474 824157.0000 -0.1984
-25.1629 78.5657 -46.0025 37.1022 1650410360527 824211.0000 -0.1984
-25.3053 78.6240 -45.3554 45.2427 1650410360582 824265.0000 -0.1989
-25.2191 78.8219 -45.3879 46.1503 1650410360636 824319.0000 -0.1984
-25.3293 78.8613 -44.8791 54.1841 1650410360690 824373.0000 -0.1984
-25.0511 79.0104 -44.3993 65.3343 1650410360744 824427.0000 -0.1984
-24.7531 79.0797 -43.6874 61.2897 1650410360796 824481.0000 -0.1984
-24.6348 79.2297 -43.4254 67.4134 1650410360850 824535.0000 -0.1984
-24.4080 79.1087 -42.4495 64.7337 1650410360905 824589.0000 -0.1989
-24.4306 79.0305 -41.5417 56.7526 1650410360959 824643.0000 -0.1989
-24.4379 79.1382 -40.5992 57.9124 1650410361013 824697.0000 -0.1984
-24.4172 79.1375 -39.5282 59.0196 1650410361067 824751.0000 -0.1984
-24.4191 79.0055 -38.4091 60.7665 1650410361121 824805.0000 -0.1989
-24.5586 79.1637 -37.5501 58.1689 1650410361175 824859.0000 -0.1989
-24.5896 79.2166 -36.2838 62.0778 1650410361229 824913.0000 -0.1984
-24.6290 79.3744 -35.1322 60.3351 1650410361283 824967.0000 -0.1989
-24.6287 79.4618 -33.7731 53.4020 1650410361338 825021.0000 -0.1989
-24.6187 79.4573 -32.5319 49.7626 1650410361392 825074.0000 -0.1989
-24.5845 79.4454 -31.1798 65.9247 1650410361444 825128.0000 -0.1994
-24.5384 79.5000 -30.0045 54.7965 1650410361498 825182.0000 -0.1984
-24.6838 79.5516 -28.7232 47.1004 1650410361552 825236.0000 -0.1984
-24.4695 79.3937 -27.2547 63.0048 1650410361606 825290.0000 -0.1984
-24.5481 79.5134 -26.2545 47.1951 1650410361660 825344.0000 -0.1989
-24.5239 79.5139 -24.9364 58.8334 1650410361714 825398.0000 -0.1989
-24.5188 79.3899 -23.7814 50.3242 1650410361769 825452.0000 -0.1984
-24.4425 79.3154 -23.2949 51.6213 1650410361823 825506.0000 -0.1984
-24.5026 79.2833 -23.2473 46.6603 1650410361877 825560.0000 -0.1984
-24.5639 79.2195 -23.5119 48.6442 1650410361931 825614.0000 -0.1989
-24.6020 79.1976 -23.5395 51.1456 1650410361986 825668.0000 -0.1989
-24.7284 79.0282 -23.6249 37.3890 1650410362037 825722.0000 -0.1989
-24.4673 79.0634 -23.6652 34.0928 1650410362092 825776.0000 -0.1984
-24.5185 79.0055 -23.5558 39.9242 1650410362146 825830.0000 -0.1984
-24.5479 79.0537 -23.4164 37.6073 1650410362200 825884.0000 -0.1994
-24.6295 79.0747 -23.6315 37.8965 1650410362254 825938.0000 -0.1989
-24.4762 78.9078 -23.6683 35.0905 1650410362308 825992.0000 -0.1989
-24.4813 79.0451 -23.6621 40.5493 1650410362362 826046.0000 -0.1984
-24.5032 78.8812 -23.5496 40.3045 1650410362416 826100.0000 -0.1989
-24.4895 79.0084 -23.6636 41.1186 1650410362470 826154.0000 -0.1989
-24.4685 78.9983 -23.5582 36.2864 1650410362525 826208.0000 -0.1989
-24.5248 79.0546 -23.5482 36.3008 1650410362579 826262.0000 -0.1989
-24.4515 78.8486 -23.4372 38.3944 1650410362633 826316.0000 -0.1989
-24.5423 79.0399 -23.7024 40.5577 1650410362685 826370.0000 -0.1989
-24.4789 79.1479 -23.5128 42.0869 1650410362739 826424.0000 -0.1994
-24.6215 79.0813 -23.5868 44.9302 1650410362793 826477.0000 -0.1994
-24.6405 79.2927 -23.6188 48.9850 1650410362847 826531.0000 -0.1989
-24.6478 79.3451 -23.5410 44.7115 1650410362902 826585.0000 -0.1989
-24.6053 79.2569 -23.6961 42.8826 1650410362956 826639.0000 -0.1989
-24.5452 79.2623 -23.5078 37.2901 1650410363010 826693.0000 -0.1994
-24.5312 79.2027 -23.5723 44.7508 1650410363064 826747.0000 -0.1994
-24.6899 79.1423 -23.5351 44.4928 1650410363118 826801.0000 -0.1989
-24.7027 79.5853 -24.1824 72.3824 1650410363173 826855.0000 -0.1989
-24.7002 79.6095 -25.4403 77.7724 1650410363227 826909.0000 -0.1994
-24.8178 79.4897 -26.7158 80.9423 1650410363278 826963.0000 -0.1994
-24.8735 79.5238 -28.0368 79.0711 1650410363333 827017.0000 -0.1994
-24.9133 79.4365 -29.3018 72.6812 1650410363387 827071.0000 -0.1989
-24.9366 79.2990 -30.5380 59.7758 1650410363441 827125.0000 -0.1989
-24.8527 79.2408 -31.9948 57.7711 1650410363495 827179.0000 -0.1989
-24.8324 79.1900 -33.0320 58.1447 1650410363549 827233.0000 -0.1994
-24.8654 79.0998 -34.4639 46.7186 1650410363604 827287.0000 -0.1994
-24.9990 79.0463 -35.6888 51.5839 1650410363658 827341.0000 -0.1994
-25.0101 79.0926 -36.8006 62.1296 1650410363712 827395.0000 -0.1994
-25.1463 78.8205 -37.8962 54.8377 1650410363766 827449.0000 -0.1994
-25.0964 78.9386 -39.0229 51.6217 1650410363820 827503.0000 -0.1994
-25.0356 78.9186 -40.3254 56.6671 1650410363874 827557.0000 -0.1989
-25.3706 78.8698 -41.1526 48.2054 1650410363926 827611.0000 -0.1989
-25.1373 78.8862 -42.2383 56.4571 1650410363980 827665.0000 -0.1989
-25.0329 78.7644 -43.2005 48.4889 1650410364035 827719.0000 -0.1989
-24.7929 78.7579 -43.7412 56.0830 1650410364089 827773.0000 -0.1994
-24.8040 78.2038 -44.4086 51.4737 1650410364143 827826.0000 -0.1994
-24.8717 78.5888 -44.6226 41.8545 1650410364197 827880.0000 -0.1989
-24.8449 78.8658 -45.4522 48.3204 1650410364251 827934.0000 -0.1989
-24.8860 78.2020 -45.8091 43.5694 1650410364305 827988.0000 -0.1989
-24.8431 78.1234 -45.8655 31.8661 1650410364359 828042.0000 -0.1994
-25.0769 78.5656 -45.7540 47.2198 1650410364413 828096.0000 -0.1989
-24.9509 78.5440 -46.3025 41.1340 1650410364468 828150.0000 -0.1989
-25.0074 78.4012 -46.0797 43.0112 1650410364520 828204.0000 -0.1989
-25.1501 78.6857 -45.7523 41.3073 1650410364574 828258.0000 -0.1989
-25.1794 78.8248 -45.3747 46.9531 1650410364628 828312.0000 -0.1994
-25.1421 78.8518 -45.2214 44.7743 1650410364682 828366.0000 -0.1999
-25.0283 79.0092 -44.8183 68.7541 1650410364736 828420.0000 -0.1999
-24.6861 79.0020 -43.7971 61.8180 1650410364791 828474.0000 -0.1989
-24.4845 79.2807 -43.3703 59.7323 1650410364845 828528.0000 -0.1994
-24.5383 79.2951 -42.8593 76.9645 1650410364899 828582.0000 -0.1999
-24.2590 79.1413 -41.9558 53.4741 1650410364953 828636.0000 -0.1994
-24.4888 79.0207 -41.2560 55.3334 1650410365007 828690.0000 -0.1994
