-12.4672 77.4798 -29.6858 23.3691 1650406224474 1620193.5000 -0.2009
-12.4939 77.4334 -29.7253 37.4628 1650406224503 1620222.7500 -0.2009
-12.4380 77.5108 -29.6754 40.6265 1650406224532 1620252.2500 -0.2009
-12.4360 77.3625 -29.7992 35.9847 1650406224561 1620280.7500 -0.2009
-12.4026 77.3826 -29.8529 27.1289 1650406224590 1620309.7500 -0.2009
-12.5487 77.5686 -29.7174 37.6509 1650406224619 1620338.0000 -0.2009
-12.6047 77.4215 -29.6836 32.9162 1650406224648 1620367.7500 -0.2009
-12.5528 77.5262 -29.7468 45.6995 1650406224677 1620396.5000 -0.2009
-12.6822 77.4070 -29.6094 24.4871 1650406224706 1620425.5000 -0.2009
-12.4118 77.4801 -29.8489 47.4873 1650406224735 1620454.2500 -0.2009
-12.4863 77.4460 -29.8414 41.8549 1650406224764 1620483.2500 -0.2009
-12.6002 77.3446 -29.7257 41.2013 1650406224793 1620512.2500 -0.2009
-12.5538 77.6027 -29.8916 33.8283 1650406224822 1620541.2500 -0.2009
-12.6279 77.3510 -29.7616 29.5527 1650406224851 1620570.2500 -0.2009
-12.3579 77.5940 -29.8646 39.5102 1650406224880 1620599.2500 -0.2004
-12.6588 77.2447 -29.6301 34.0534 1650406224909 1620628.2500 -0.2004
-12.4231 77.4725 -29.8246 30.1896 1650406224938 1620657.2500 -0.2004
-12.4202 77.5395 -29.7858 33.6669 1650406224967 1620686.2500 -0.2004
-12.3174 77.4778 -29.8575 42.2496 1650406224996 1620715.2500 -0.1999
-12.4711 77.6124 -29.8671 37.4432 1650406225024 1620745.7500 -0.1999
-12.4608 77.5404 -29.7840 46.1964 1650406225054 1620773.5000 -0.2004
-12.4848 77.5728 -29.7451 29.2539 1650406225083 1620802.0000 -0.2004
-12.4013 77.4395 -29.7860 42.2430 1650406225112 1620831.0000 -0.2004
-12.4684 77.4989 -29.7884 44.4636 1650406225140 1620860.0000 -0.2004
-12.4732 77.3001 -29.7472 42.5619 1650406225170 1620888.7500 -0.2004
-12.5545 77.3952 -29.5676 33.3000 1650406225199 1620917.7500 -0.2004
-12.3030 77.4149 -29.8241 37.6736 1650406225228 1620946.7500 -0.2004
-12.5231 77.5323 -29.7649 38.4328 1650406225257 1620975.7500 -0.2004
-12.4626 77.5840 -29.7926 38.2668 1650406225285 1621006.2500 -0.2004
-12.3702 77.4556 -29.8116 28.6281 1650406225315 1621033.5000 -0.2004
-12.3396 77.3884 -29.8263 41.1829 1650406225343 1621062.7500 -0.2009
-12.3152 77.4118 -29.7842 36.8979 1650406225372 1621092.7500 -0.2009
-12.5743 77.3791 -29.6711 37.7775 1650406225401 1621122.0000 -0.2009
-12.3360 77.4083 -29.7669 33.9091 1650406225430 1621149.7500 -0.2009
-12.3718 77.3936 -29.7666 27.7043 1650406225459 1621178.7500 -0.2009
-12.3626 77.3955 -29.7555 44.5661 1650406225488 1621207.7500 -0.2009
-12.3736 77.4396 -29.7051 41.0940 1650406225517 1621236.7500 -0.2009
-12.5559 77.3474 -29.7173 29.1280 1650406225547 1621265.7500 -0.2009
-12.3576 77.4256 -29.8549 41.0522 1650406225576 1621294.7500 -0.2009
-12.3996 77.4537 -29.7868 46.2158 1650406225604 1621323.7500 -0.2009
-12.5955 77.2924 -29.5826 34.8730 1650406225634 1621352.7500 -0.2009
-12.5212 77.4294 -29.7322 47.8720 1650406225662 1621381.7500 -0.2009
-12.4729 77.4586 -29.8267 28.5663 1650406225691 1621410.7500 -0.2009
-12.6303 77.3805 -29.6732 36.7437 1650406225720 1621439.7500 -0.2004
-12.6842 77.4157 -29.6809 40.9228 1650406225749 1621468.7500 -0.2004
-12.4737 77.4732 -29.8645 44.3809 1650406225778 1621497.5000 -0.2004
-12.5131 77.2269 -29.8455 43.0210 1650406225807 1621526.2500 -0.2004
-12.4668 77.3707 -29.8815 44.7958 1650406225836 1621557.0000 -0.2004
-12.3049 77.4767 -29.9050 51.4200 1650406225865 1621584.2500 -0.2004
-12.5483 77.3201 -29.7983 51.3953 1650406225894 1621613.2500 -0.2004
-12.4744 77.5708 -29.9754 40.0984 1650406225923 1621642.2500 -0.2004
-12.4011 77.4991 -29.9173 39.5297 1650406225952 1621671.2500 -0.2004
-12.3486 77.5274 -29.7904 41.1631 1650406225981 1621700.2500 -0.2004
-12.2800 77.5087 -29.9286 45.7835 1650406226010 1621729.2500 -0.2004
-12.4861 77.3880 -29.6937 34.4570 1650406226039 1621758.2500 -0.2004
-12.4035 77.3946 -29.7141 35.5721 1650406226068 1621788.0000 -0.2004
-12.4658 77.2878 -29.5773 35.4083 1650406226097 1621816.0000 -0.2004
-12.3816 77.3591 -29.6997 35.5693 1650406226126 1621845.2500 -0.2009
-12.3123 77.4092 -29.8124 37.2032 1650406226155 1621873.7500 -0.2009
-12.4407 77.2556 -29.6713 35.1269 1650406226183 1621903.2500 -0.2009
-12.4521 77.2770 -29.6268 43.7482 1650406226213 1621932.0000 -0.2009
-12.5371 77.2823 -29.6384 38.3885 1650406226241 1621961.0000 -0.1999
-12.3089 77.3496 -29.8578 42.5411 1650406226271 1621990.0000 -0.2009
-12.5288 77.5936 -30.1172 45.6291 1650406226299 1622018.7500 -0.2009
-12.0318 76.5206 -29.5378 46.5570 1650406226329 1622047.7500 -0.2009
-12.1894 77.1290 -28.5565 41.4430 1650406226358 1622076.7500 -0.2009
-11.4702 76.8755 -28.3654 34.1250 1650406226387 1622105.7500 -0.2009
-12.2412 77.6146 -26.7833 29.8646 1650406226416 1622134.7500 -0.2009
-11.9644 77.2172 -26.6009 35.9653 1650406226445 1622163.7500 -0.2009
-11.9845 77.5562 -25.8144 35.4758 1650406226474 1622192.7500 -0.2009
-12.2565 77.9212 -25.0711 28.7123 1650406226502 1622221.7500 -0.2009
-12.3932 78.1172 -24.6920 24.1106 1650406226531 1622250.7500 -0.2007
-11.9670 77.9825 -25.0106 29.0632 1650406226560 1622279.7500 -0.2004
-11.9356 77.8990 -24.9011 26.1695 1650406226589 1622308.0000 -0.2004
-11.7391 77.6418 -25.2068 27.6303 1650406226618 1622337.5000 -0.2004
-11.8408 77.3434 -25.4232 20.1638 1650406226647 1622366.7500 -0.2004
-12.2689 77.3208 -26.0200 22.7474 1650406226676 1622395.7500 -0.1999
-12.4155 77.1888 -26.5701 24.8029 1650406226705 1622424.7500 -0.1999
-11.7522 77.1740 -27.6627 21.2837 1650406226735 1622453.7500 -0.1999
-11.7891 77.1666 -28.5244 33.7210 1650406226763 1622482.7500 -0.1999
-11.5901 77.3683 -29.4527 23.5515 1650406226793 1622511.7500 -0.1999
-11.7278 77.6593 -29.7892 37.6668 1650406226821 1622540.2500 -0.1999
-11.8067 77.8603 -30.7297 20.4357 1650406226850 1622571.0000 -0.2004
-11.2616 77.3175 -31.8807 24.3347 1650406226879 1622598.5000 -0.2004
-12.2407 78.2341 -31.9762 14.5568 1650406226908 1622628.5000 -0.2004
-12.0351 77.7459 -32.8441 25.0162 1650406226937 1622656.2500 -0.2004
-11.9674 77.8012 -33.6106 25.2464 1650406226966 1622685.2500 -0.2004
-12.0096 77.9240 -34.1484 23.8487 1650406226995 1622714.2500 -0.2004
-12.2798 77.6831 -34.0983 22.6458 1650406227024 1622743.2500 -0.2004
-12.2624 77.6500 -34.3087 31.5714 1650406227053 1622772.2500 -0.2004
-12.3356 77.5672 -34.3353 26.0255 1650406227082 1622801.2500 -0.2005
-12.2553 77.6005 -34.1250 18.9092 1650406227112 1622830.2500 -0.2009
-12.2769 77.7867 -33.6840 19.5259 1650406227140 1622859.2500 -0.2009
-12.1938 78.0395 -33.3187 22.1198 1650406227169 1622888.2500 -0.2009
-11.9716 77.6098 -33.3717 23.7416 1650406227198 1622917.2500 -0.2009
-12.4134 77.8067 -32.5693 35.0365 1650406227227 1622946.2500 -0.2009
-12.6540 77.9066 -31.2111 21.4248 1650406227256 1622975.2500 -0.2009
-12.3911 77.8752 -30.7503 24.5067 1650406227285 1623004.2500 -0.2009
-12.2658 77.6482 -29.7882 23.1718 1650406227314 1623033.0000 -0.2009
-12.5324 77.5453 -28.9740 28.4097 1650406227342 1623061.7500 -0.2009
-11.9817 77.1962 -28.3841 25.3829 1650406227372 1623092.0000 -0.2009
-11.9927 77.4965 -27.5948 26.2345 1650406227400 1623119.7500 -0.2009
-12.4414 77.5148 -26.4330 25.2351 1650406227430 1623148.7500 -0.2009
-12.3165 77.5964 -25.9184 22.3856 1650406227459 1623177.7500 -0.2004
-12.3984 77.9309 -25.2195 23.3163 1650406227488 1623206.7500 -0.2004
-12.5051 77.6940 -24.6387 19.2948 1650406227517 1623235.7500 -0.2004
-12.0804 77.9103 -24.8893 25.0089 1650406227546 1623264.7500 -0.2004
-11.9792 77.9974 -24.8986 24.4391 1650406227575 1623293.7500 -0.2004
-12.2595 77.7428 -25.0231 21.7543 1650406227604 1623322.2500 -0.2004
-11.4103 77.4276 -25.4413 18.5035 1650406227633 1623351.5000 -0.2004
-12.1901 77.3962 -25.3269 30.8468 1650406227661 1623380.7500 -0.2004
-12.2997 77.1039 -26.0606 35.9596 1650406227691 1623409.5000 -0.2004
-11.8913 76.8358 -27.0971 23.4308 1650406227719 1623438.7500 -0.2004
-11.9967 77.3106 -27.2852 21.5377 1650406227748 1623467.7500 -0.2004
-11.7815 76.9128 -28.5528 29.3316 1650406227777 1623496.7500 -0.2004
-11.5868 77.3209 -29.8106 28.0875 1650406227807 1623525.7500 -0.2004
-11.4595 77.2767 -30.5426 27.6629 1650406227835 1623554.7500 -0.2004
-11.4484 77.5182 -31.2059 26.1375 1650406227864 1623583.7500 -0.2004
-12.0094 77.8031 -31.7609 20.9169 1650406227894 1623612.7500 -0.2009
-12.0271 77.8770 -32.4057 24.0660 1650406227923 1623641.7500 -0.2009
-12.1417 77.8463 -33.0257 31.2863 1650406227952 1623670.7500 -0.2009
-12.0240 77.7718 -33.7644 27.2211 1650406227980 1623699.7500 -0.2009
-12.0371 77.9628 -33.9594 22.5918 1650406228009 1623728.5000 -0.2009
-12.2456 77.5720 -34.3219 29.7755 1650406228038 1623757.5000 -0.2009
-12.1388 77.5517 -34.5143 24.7979 1650406228067 1623786.2500 -0.2004
-12.3314 77.6079 -34.2328 19.3968 1650406228096 1623815.2500 -0.2004
-12.3942 77.8223 -34.0870 25.4983 1650406228125 1623845.0000 -0.2009
-12.2071 78.0000 -33.7039 18.2818 1650406228154 1623873.0000 -0.2009
-12.2157 78.0235 -33.3549 22.8740 1650406228183 1623902.2500 -0.2004
-12.0746 77.6881 -33.2555 27.9207 1650406228212 1623931.2500 -0.2004
-12.4208 78.0136 -32.3345 27.9710 1650406228241 1623960.2500 -0.2004
-12.3489 77.9399 -31.4479 21.5629 1650406228271 1623989.2500 -0.2004
-12.3320 77.8488 -30.4132 28.6299 1650406228299 1624018.2500 -0.1999
-12.6714 77.4954 -29.5132 32.1887 1650406228328 1624047.2500 -0.1999
-12.2187 77.6592 -28.6270 21.9804 1650406228357 1624077.7500 -0.1994
-12.5896 77.5400 -27.5779 23.1425 1650406228386 1624104.2500 -0.1994
-12.6222 77.6511 -26.9741 25.9685 1650406228415 1624134.0000 -0.1994
-12.6166 77.9583 -25.9051 24.2236 1650406228444 1624164.5000 -0.1994
-12.0841 77.6330 -25.8810 27.9899 1650406228473 1624191.7500 -0.1996
-12.2649 77.9448 -25.1559 22.0785 1650406228502 1624221.0000 -0.1999
-12.3354 78.0364 -24.6540 30.0865 1650406228531 1624249.7500 -0.1999
-12.2723 78.0165 -24.8146 22.0475 1650406228559 1624278.7500 -0.1999
-12.1100 77.9438 -24.9464 20.4564 1650406228589 1624307.7500 -0.2001
-12.1527 77.7999 -25.0241 20.1068 1650406228618 1624336.7500 -0.2004
-11.8197 77.0969 -25.7615 18.5982 1650406228647 1624365.7500 -0.2004
-11.9053 77.2451 -25.7177 26.2987 1650406228676 1624394.7500 -0.2004
-12.1549 76.9940 -26.2383 30.8612 1650406228705 1624423.7500 -0.2006
-11.8262 76.7088 -27.4400 18.8395 1650406228734 1624452.7500 -0.2009
-11.7722 76.7128 -28.1065 30.2689 1650406228763 1624481.7500 -0.2009
-11.7404 77.1497 -29.0239 30.6227 1650406228792 1624510.7500 -0.2009
-11.3085 77.2752 -29.8729 23.4599 1650406228820 1624539.7500 -0.2009
-11.4777 77.1148 -30.8365 18.8394 1650406228850 1624568.7500 -0.2009
-11.8407 77.9309 -31.2961 25.5289 1650406228878 1624597.7500 -0.2009
-11.9958 77.9495 -32.1352 18.5082 1650406228907 1624626.2500 -0.2009
-11.7760 77.8048 -32.8767 26.1620 1650406228936 1624655.7500 -0.2004
-12.0892 77.9198 -33.4934 26.2799 1650406228966 1624684.7500 -0.2009
-12.0681 77.8478 -33.9091 23.4571 1650406228994 1624713.7500 -0.2009
-11.9608 77.7650 -34.5070 23.0655 1650406229023 1624742.7500 -0.2009
-12.2117 77.5709 -34.5213 27.3170 1650406229052 1624771.7500 -0.2009
-12.2127 77.4951 -34.4208 22.8699 1650406229082 1624800.7500 -0.2004
-12.3066 77.8005 -34.2949 24.0964 1650406229111 1624829.5000 -0.2004
-12.2325 77.8422 -33.7081 22.3249 1650406229139 1624858.2500 -0.2004
-12.3957 78.0397 -33.4714 19.9561 1650406229169 1624887.0000 -0.2004
-12.1442 77.7767 -33.5495 27.2620 1650406229197 1624916.2500 -0.1999
-11.9241 77.8200 -33.1345 21.6357 1650406229226 1624946.2500 -0.1999
-12.2569 77.5788 -31.8240 21.9116 1650406229255 1624974.2500 -0.2004
-12.1048 77.8529 -31.2522 25.5741 1650406229284 1625003.2500 -0.2004
-12.3846 77.7049 -30.0385 25.6981 1650406229313 1625032.2500 -0.2004
-12.2650 77.6655 -29.3968 21.1381 1650406229342 1625061.2500 -0.2004
-12.5684 77.5646 -28.0953 22.7415 1650406229371 1625090.2500 -0.2004
-12.1794 77.4528 -27.6690 28.2325 1650406229400 1625119.2500 -0.2004
-12.4190 77.8733 -26.6704 25.6613 1650406229430 1625148.2500 -0.2004
-12.0674 77.4342 -26.4368 26.1183 1650406229458 1625177.2500 -0.2004
-12.4136 77.6455 -25.6216 25.2536 1650406229487 1625206.2500 -0.2006
-12.3269 77.8530 -24.9964 28.5314 1650406229516 1625235.2500 -0.2013
-12.1332 78.0788 -24.7394 27.8754 1650406229545 1625264.0000 -0.2009
-12.1729 77.8006 -24.6894 18.7292 1650406229574 1625293.0000 -0.2009
-11.6786 77.3696 -25.1907 24.6152 1650406229603 1625322.0000 -0.2009
-11.9586 77.6310 -24.9468 27.7873 1650406229632 1625350.7500 -0.2009
-11.9733 77.1722 -25.2442 23.1050 1650406229661 1625381.0000 -0.2009
-12.4482 77.0117 -25.6655 23.6438 1650406229690 1625408.2500 -0.2009
-11.8774 76.6330 -26.5669 15.8712 1650406229718 1625437.7500 -0.2009
-11.8303 77.0231 -27.6317 22.1229 1650406229748 1625466.7500 -0.2009
-11.6627 76.9273 -28.3474 26.3549 1650406229777 1625495.7500 -0.2009
-11.5301 77.1821 -29.3454 24.6182 1650406229806 1625524.7500 -0.2009
-11.8058 77.1408 -29.9979 24.6420 1650406229835 1625553.7500 -0.2009
-11.9821 77.4796 -30.6644 18.2775 1650406229864 1625582.7500 -0.2009
-12.0836 77.4500 -31.1733 25.3564 1650406229893 1625611.7500 -0.2009
-12.0010 77.9349 -32.3176 27.8955 1650406229922 1625640.0000 -0.2004
-11.8240 77.5593 -33.0405 17.6659 1650406229951 1625669.7500 -0.2004
-12.2518 77.7395 -33.4893 23.6240 1650406229980 1625698.7500 -0.2004
-12.0227 77.7532 -34.1774 27.6775 1650406230009 1625729.0000 -0.2004
-12.0300 77.9137 -34.5408 31.4268 1650406230037 1625756.7500 -0.1999
-12.2551 77.3921 -34.3921 27.9419 1650406230066 1625785.7500 -0.1999
-12.2695 77.6932 -34.4282 16.9083 1650406230095 1625814.7500 -0.1999
-12.2967 77.8276 -34.0776 28.1629 1650406230125 1625843.7500 -0.1999
-12.1052 77.8529 -33.8248 25.7125 1650406230153 1625872.7500 -0.1999
-12.0625 77.9259 -33.3961 19.0387 1650406230183 1625901.7500 -0.1999
-11.9564 77.6663 -33.3290 20.0522 1650406230212 1625930.7500 -0.1999
-12.1304 77.7749 -32.7990 25.1106 1650406230241 1625959.5000 -0.1999
-12.2643 77.5101 -31.6020 23.3663 1650406230270 1625988.5000 -0.2000
-12.0741 77.6803 -31.0317 24.4959 1650406230298 1626017.2500 -0.2004
-12.3048 77.4771 -29.8156 23.0041 1650406230328 1626046.2500 -0.2009
-12.2366 77.6285 -29.2959 20.1306 1650406230356 1626075.2500 -0.2009
-12.6236 77.6195 -28.0175 22.2720 1650406230385 1626104.2500 -0.2009
-12.1028 77.5942 -27.5809 29.5698 1650406230414 1626134.7500 -0.2009
-12.4683 77.7503 -26.4217 21.1311 1650406230443 1626161.5000 -0.2009
-12.2034 77.6837 -26.1905 22.4621 1650406230472 1626191.2500 -0.2009
-12.1224 77.8318 -25.3434 27.9788 1650406230501 1626220.2500 -0.2010
-12.3566 77.8124 -24.7818 21.2719 1650406230530 1626249.2500 -0.2013
-12.2733 77.8648 -24.6517 22.4285 1650406230559 1626278.2500 -0.2013
-12.1142 77.8274 -24.8349 29.0839 1650406230589 1626307.2500 -0.2013
-11.7656 77.3601 -25.1713 18.8098 1650406230617 1626336.2500 -0.2013
-11.8232 77.2211 -25.3655 27.6150 1650406230646 1626365.0000 -0.2013
-11.7276 76.9495 -25.6470 15.9779 1650406230675 1626393.5000 -0.2013
-12.2804 77.0866 -25.8969 23.8462 1650406230704 1626423.7500 -0.2013
-11.9650 76.6845 -27.0991 25.9559 1650406230733 1626452.0000 -0.2013
-11.6662 76.7624 -27.7585 25.8212 1650406230762 1626482.2500 -0.2009
-11.7342 76.9356 -28.7021 26.2228 1650406230791 1626509.7500 -0.2009
-11.5813 77.3104 -29.6074 25.9683 1650406230820 1626538.7500 -0.2009
-11.5852 77.0761 -30.5787 20.7320 1650406230849 1626567.7500 -0.2009
-11.8286 77.7348 -31.1785 19.8304 1650406230877 1626596.7500 -0.2004
-12.0166 77.8780 -31.9371 25.3757 1650406230907 1626625.7500 -0.2004
-11.9699 77.6657 -32.6401 18.6561 1650406230936 1626654.7500 -0.2004
-12.2155 77.7853 -33.3615 25.1534 1650406230965 1626683.7500 -0.2004
-11.8714 77.6324 -33.8528 22.6194 1650406230994 1626712.7500 -0.2004
-12.1285 77.9049 -34.1793 22.6858 1650406231023 1626741.7500 -0.2004
-12.3294 77.6263 -34.3617 24.4296 1650406231052 1626770.7500 -0.2004
-12.2065 77.4263 -34.5437 26.3558 1650406231081 1626799.7500 -0.2004
-12.2086 77.6654 -34.3121 22.1476 1650406231110 1626828.7500 -0.2004
-12.1602 77.8907 -34.2784 22.6169 1650406231139 1626857.7500 -0.2004
-12.3590 77.9967 -33.7687 18.7239 1650406231168 1626886.7500 -0.2005
-12.0800 77.8875 -33.3770 20.9048 1650406231196 1626915.2500 -0.2009
-11.8712 77.5485 -33.3201 28.0118 1650406231226 1626944.5000 -0.2009
-12.0941 77.8113 -32.3898 26.3009 1650406231254 1626973.7500 -0.2009
-12.1504 77.6744 -31.4457 28.9297 1650406231284 1627002.7500 -0.2010
-12.1910 77.7900 -30.7662 30.0515 1650406231312 1627031.7500 -0.2013
-11.7290 76.9897 -30.4348 20.9565 1650406231342 1627060.5000 -0.2013
-12.0967 77.5887 -29.0671 21.5262 1650406231370 1627089.0000 -0.2013
-12.2885 77.7322 -27.9940 21.2942 1650406231400 1627118.5000 -0.2013
-11.7930 77.3920 -27.5401 20.7170 1650406231429 1627147.2500 -0.2013
-12.4471 77.6204 -26.1145 20.5954 1650406231458 1627180.2500 -0.2013
-12.1137 77.5611 -25.9460 34.5138 1650406231487 1627205.0000 -0.2013
-12.2954 77.5782 -25.0608 25.4844 1650406231515 1627234.2500 -0.2013
-12.1561 77.8730 -24.5481 18.9241 1650406231544 1627264.2500 -0.2013
-11.8314 77.8212 -24.8504 20.7009 1650406231573 1627292.2500 -0.2013
-12.0953 77.6149 -24.9439 17.6716 1650406231602 1627321.2500 -0.2009
-11.9726 77.4690 -25.0592 21.2824 1650406231631 1627350.2500 -0.2009
-12.0006 77.1770 -25.5813 14.3181 1650406231660 1627379.2500 -0.2009
-12.1831 77.0564 -25.6614 27.3542 1650406231689 1627408.2500 -0.2009
-12.1761 77.1173 -26.1199 32.4963 1650406231718 1627437.2500 -0.2004
-11.7974 76.7762 -27.4033 23.7112 1650406231748 1627466.2500 -0.2004
-11.7137 76.9996 -28.2313 20.6962 1650406231776 1627495.0000 -0.2009
-11.4381 77.0204 -28.9848 28.0227 1650406231806 1627524.0000 -0.2009
-11.1516 77.2479 -30.0263 22.5747 1650406231834 1627553.0000 -0.2004
-11.8960 77.6286 -30.3273 21.9703 1650406231863 1627581.7500 -0.2004
-11.8153 77.8027 -31.4944 23.2838 1650406231892 1627610.7500 -0.2004
-11.8961 77.7067 -32.0040 18.1445 1650406231921 1627639.7500 -0.2004
-11.8033 77.7417 -32.7637 21.1054 1650406231950 1627668.7500 -0.2004
-12.2511 77.5791 -33.2514 29.8185 1650406231979 1627699.0000 -0.2004
-12.0279 77.6536 -34.1506 20.4398 1650406232008 1627726.5000 -0.2006
-11.8756 77.8388 -34.3949 21.6964 1650406232037 1627755.7500 -0.2009
-12.1889 77.6015 -34.2535 26.7656 1650406232066 1627784.7500 -0.2009
-12.0742 77.6542 -34.7183 23.8379 1650406232095 1627813.7500 -0.2009
-12.1440 77.4993 -34.4893 21.9156 1650406232124 1627842.7500 -0.2011
-12.1224 77.5856 -33.8199 19.0270 1650406232153 1627871.7500 -0.2013
-12.2383 77.9622 -33.5418 20.4083 1650406232182 1627900.7500 -0.2013
-11.9741 77.6497 -33.4960 15.7249 1650406232211 1627929.2500 -0.2013
-11.8798 77.6437 -32.9813 22.8076 1650406232240 1627958.2500 -0.2013
-12.0117 77.5338 -32.0659 25.1246 1650406232269 1627987.7500 -0.2013
-11.6139 77.0297 -31.6854 30.1558 1650406232298 1628016.2500 -0.2013
-11.9618 77.7102 -30.4719 28.8592 1650406232327 1628045.2500 -0.2013
-12.1676 77.7433 -29.5447 30.8216 1650406232355 1628074.7500 -0.2013
-12.3320 77.5568 -28.3280 21.5321 1650406232385 1628103.7500 -0.2009
-11.9826 77.5826 -27.8434 29.5255 1650406232413 1628132.7500 -0.2009
-12.0502 77.6434 -26.9119 37.1379 1650406232442 1628161.7500 -0.2009
-12.1548 77.7536 -26.0880 30.3087 1650406232471 1628190.5000 -0.2009
-12.0763 77.5672 -25.8385 25.0758 1650406232501 1628219.5000 -0.2009
-12.2695 77.7073 -24.8526 20.3268 1650406232530 1628248.2500 -0.2009
-11.9095 77.9315 -24.7382 25.9917 1650406232559 1628277.2500 -0.2006
-12.0441 77.8392 -24.8383 18.0510 1650406232588 1628306.2500 -0.2004
-11.7771 77.0707 -25.1550 12.8394 1650406232617 1628335.2500 -0.2004
-12.0135 77.3546 -25.0220 22.3404 1650406232646 1628364.2500 -0.2004
-11.8324 77.3135 -25.4209 24.5093 1650406232674 1628393.2500 -0.2004
-11.8889 77.3336 -25.8771 23.4690 1650406232703 1628422.2500 -0.2004
-12.4997 76.9422 -26.4736 22.7914 1650406232732 1628452.5000 -0.2004
-11.9335 77.3293 -27.3314 16.9129 1650406232761 1628480.0000 -0.2004
-11.8938 77.1691 -28.0772 27.7068 1650406232790 1628509.2500 -0.2004
-11.4390 77.1908 -29.2905 29.4471 1650406232819 1628538.2500 -0.2004
-11.5332 77.0766 -30.0769 25.3327 1650406232848 1628567.2500 -0.2009
-12.0013 77.8440 -30.8107 18.0621 1650406232877 1628596.0000 -0.2009
-12.1589 77.6828 -31.5013 27.9459 1650406232906 1628625.0000 -0.2009
-11.9047 77.7867 -32.5297 16.0422 1650406232935 1628654.0000 -0.2009
-11.8861 77.6055 -32.9730 28.9481 1650406232965 1628683.0000 -0.2009
-12.0652 77.4959 -33.6225 27.6171 1650406232993 1628711.5000 -0.2009
-11.8617 77.6721 -34.0654 23.8540 1650406233022 1628740.5000 -0.2009
-12.0034 77.7962 -34.3620 30.3375 1650406233051 1628769.7500 -0.2009
-12.4506 77.5736 -34.2488 18.5332 1650406233080 1628798.5000 -0.2009
-12.1006 77.5181 -34.6603 21.7414 1650406233109 1628827.7500 -0.2009
-12.4734 77.7148 -34.3136 28.2509 1650406233138 1628856.7500 -0.2009
-12.0060 77.8558 -33.8950 21.2952 1650406233167 1628885.7500 -0.2009
-12.1458 78.0101 -33.6063 27.6041 1650406233196 1628914.7500 -0.2009
-11.9713 77.6085 -33.3259 24.7542 1650406233225 1628943.7500 -0.2009
-11.9950 77.7070 -32.9229 22.0003 1650406233254 1628972.7500 -0.2009
-12.3153 77.8624 -31.5371 21.0722 1650406233283 1629001.7500 -0.2009
-12.1659 77.5952 -31.2072 30.2108 1650406233312 1629030.7500 -0.2009
-12.3073 77.5823 -29.9461 29.3672 1650406233341 1629059.7500 -0.2009
-12.2806 77.7079 -29.1643 22.8021 1650406233370 1629088.7500 -0.2009
-12.3268 77.5201 -28.1301 29.6292 1650406233399 1629117.7500 -0.2004
-11.9584 77.7742 -27.8745 25.5665 1650406233428 1629146.7500 -0.2004
-12.2530 77.7809 -26.5533 25.0480 1650406233457 1629175.7500 -0.2004
-12.0580 77.8104 -26.1996 18.7964 1650406233486 1629204.7500 -0.1999
-12.1519 77.7097 -25.4056 28.7510 1650406233514 1629234.7500 -0.1999
-12.2148 77.6561 -24.9358 23.1888 1650406233544 1629262.2500 -0.1999
-11.8368 77.7915 -24.7740 26.3174 1650406233572 1629291.5000 -0.1999
-11.8945 77.7623 -24.6738 20.6405 1650406233601 1629320.5000 -0.1999
-11.5342 77.2210 -25.1665 21.6294 1650406233631 1629349.5000 -0.1999
-11.9457 77.7347 -24.9297 25.3886 1650406233660 1629378.2500 -0.1999
-12.0689 77.5980 -25.4164 24.5743 1650406233688 1629407.2500 -0.2001
-12.2831 77.4110 -25.9006 26.5417 1650406233718 1629436.2500 -0.2004
-12.2570 76.8680 -26.7668 19.5039 1650406233747 1629465.2500 -0.2004
-11.6804 77.2145 -27.8203 16.9854 1650406233776 1629496.7500 -0.2004
-11.7740 76.8579 -28.7986 26.9532 1650406233805 1629523.2500 -0.2004
-11.4439 77.3290 -29.6774 24.6793 1650406233833 1629553.7500 -0.2004
-11.6366 77.7486 -30.2177 20.8404 1650406233863 1629581.0000 -0.2004
-11.7014 77.4959 -31.3860 22.6037 1650406233891 1629610.2500 -0.2004
-11.9609 77.5311 -31.7857 27.3231 1650406233920 1629639.2500 -0.2005
-11.9993 77.8638 -32.5652 21.3184 1650406233949 1629668.2500 -0.2009
-12.1835 77.6783 -33.2440 24.1876 1650406233978 1629697.2500 -0.2009
-11.9678 77.7112 -33.7836 21.2907 1650406234007 1629726.0000 -0.2009
-11.9775 77.7572 -34.1835 29.1705 1650406234036 1629755.0000 -0.2009
-12.0738 77.8334 -34.3322 23.5208 1650406234065 1629784.0000 -0.2009
-12.1007 77.6272 -34.7569 24.6421 1650406234095 1629812.5000 -0.2009
-12.1612 77.5319 -34.4675 30.0662 1650406234124 1629841.7500 -0.2004
-12.2810 77.6754 -34.3529 18.5882 1650406234152 1629870.7500 -0.2004
-12.1917 77.6817 -33.6416 19.3242 1650406234181 1629899.7500 -0.2004
-11.8583 77.7778 -33.5797 20.8756 1650406234210 1629928.7500 -0.2004
-11.9521 77.6155 -33.4394 25.3757 1650406234239 1629957.7500 -0.1999
-12.1301 77.6577 -32.6791 21.9873 1650406234268 1629988.2500 -0.1999
-12.3547 77.6872 -31.4886 30.8794 1650406234297 1630015.5000 -0.1999
-12.1970 77.6658 -31.1134 20.6932 1650406234326 1630044.7500 -0.1999
-12.5758 77.5629 -29.6712 27.2041 1650406234355 1630073.7500 -0.1999
-12.3710 77.7864 -28.7849 25.4543 1650406234384 1630102.7500 -0.1999
-12.4151 77.7833 -27.9668 23.4833 1650406234413 1630131.7500 -0.1999
-12.2267 77.6951 -27.3487 23.1444 1650406234442 1630160.7500 -0.1999
-12.3649 77.6194 -26.1606 25.7011 1650406234471 1630189.7500 -0.2001
-12.2041 77.6737 -26.0555 30.5457 1650406234500 1630218.7500 -0.2004
-11.9961 77.7212 -25.4813 26.5707 1650406234529 1630250.5000 -0.2004
-12.1311 77.6579 -24.6723 26.0148 1650406234558 1630277.5000 -0.2004
-11.9444 77.7290 -24.7089 20.2068 1650406234587 1630305.7500 -0.2004
-11.9482 77.6363 -24.8631 22.1693 1650406234616 1630334.7500 -0.2004
-11.9828 77.6758 -24.8647 22.3750 1650406234645 1630363.2500 -0.2004
-11.4009 77.4123 -25.3881 18.6768 1650406234674 1630392.7500 -0.2009
-11.8767 77.4555 -25.5612 31.0652 1650406234703 1630421.5000 -0.2009
-12.4467 77.0587 -26.1274 28.5885 1650406234731 1630450.5000 -0.2009
-12.2727 77.2464 -27.0109 24.7828 1650406234760 1630479.2500 -0.2009
-11.4628 77.3550 -28.0027 26.0266 1650406234789 1630508.2500 -0.2009
-11.2771 76.8686 -29.1706 23.4797 1650406234819 1630537.2500 -0.2009
-11.4237 77.4625 -29.8714 19.1129 1650406234848 1630566.2500 -0.2009
-11.8231 77.7444 -30.3673 22.9366 1650406234877 1630595.2500 -0.2009
-11.5719 77.7891 -31.3862 25.1254 1650406234906 1630624.2500 -0.2009
-11.5351 77.4112 -32.4602 15.6520 1650406234935 1630653.2500 -0.2009
-11.7332 77.8175 -32.9596 19.7522 1650406234964 1630682.2500 -0.2009
-12.0605 77.7176 -33.3931 29.5080 1650406234992 1630711.2500 -0.2009
-12.0022 77.6019 -33.8300 22.0965 1650406235022 1630740.2500 -0.2009
-11.8524 77.6760 -34.4320 22.4277 1650406235050 1630770.5000 -0.2009
-12.2020 77.5674 -34.5128 25.7665 1650406235079 1630799.0000 -0.2004
-12.2947 77.6492 -34.2873 28.9094 1650406235108 1630827.0000 -0.2004
-12.2477 77.6791 -34.4108 20.6731 1650406235137 1630856.0000 -0.2004
-12.2375 77.7073 -34.2264 22.6210 1650406235166 1630885.0000 -0.2004
-12.1185 77.9652 -33.5492 15.4208 1650406235195 1630913.7500 -0.2004
-11.9541 77.7841 -33.5918 24.1459 1650406235224 1630942.7500 -0.2004
-11.6049 77.3160 -33.4805 29.4891 1650406235254 1630971.7500 -0.2001
-12.0208 77.1227 -32.2982 26.5043 1650406235283 1631000.7500 -0.1999
-12.1933 77.7875 -31.2325 26.7081 1650406235311 1631032.5000 -0.2004
-12.5372 77.5944 -30.0980 26.8773 1650406235341 1631058.5000 -0.2004
-12.2728 77.4607 -29.4494 29.3140 1650406235369 1631087.7500 -0.2004
-12.5314 78.0583 -28.4557 29.4910 1650406235398 1631116.5000 -0.2004
-12.3248 77.6024 -27.6772 24.7287 1650406235427 1631145.7500 -0.2004
-12.4112 77.7799 -26.9005 25.2390 1650406235456 1631174.7500 -0.2004
-12.5621 77.7946 -26.0125 22.2984 1650406235485 1631203.7500 -0.2005
-12.1838 77.7876 -26.0534 28.1554 1650406235514 1631232.7500 -0.2009
-12.3103 77.6330 -24.9865 24.8795 1650406235543 1631261.7500 -0.2009
-12.0466 77.8951 -24.5151 24.6352 1650406235572 1631290.7500 -0.2009
-11.7354 77.7814 -24.9448 18.8968 1650406235601 1631319.7500 -0.2009
-11.4846 77.4437 -25.2877 20.9997 1650406235630 1631348.7500 -0.2009
-11.8318 77.7093 -24.8556 17.7678 1650406235659 1631377.7500 -0.2009
-11.8300 77.8281 -24.8646 19.0629 1650406235688 1631406.7500 -0.2009
-11.6527 77.3742 -25.6331 20.0566 1650406235717 1631435.7500 -0.2009
-12.3228 77.2295 -26.4835 21.0806 1650406235746 1631464.7500 -0.2009
-11.4842 77.1279 -27.6165 20.9991 1650406235775 1631493.7500 -0.2009
-11.5916 77.0540 -28.2605 22.1684 1650406235804 1631522.5000 -0.2009
-11.4087 77.1764 -29.1322 20.8502 1650406235833 1631552.7500 -0.2009
-11.4396 77.2440 -29.9365 26.2446 1650406235862 1631580.0000 -0.2004
-11.6614 77.8091 -30.6889 20.0906 1650406235890 1631609.2500 -0.2004
-11.8777 77.5335 -31.4189 19.1227 1650406235920 1631638.2500 -0.2004
-11.8914 77.8413 -32.1778 20.6222 1650406235948 1631667.2500 -0.2004
-11.9065 77.9703 -33.0393 26.0765 1650406235978 1631696.2500 -0.1999
-12.0696 77.7730 -33.5818 21.6132 1650406236006 1631725.2500 -0.1999
-11.8591 77.7554 -34.0633 23.7429 1650406236036 1631754.2500 -0.1999
-11.9802 77.8093 -34.4548 22.2760 1650406236065 1631784.7500 -0.1999
-12.3985 77.7254 -34.4435 23.7940 1650406236094 1631814.7500 -0.1999
-12.3098 77.5607 -34.4314 33.7998 1650406236123 1631841.2500 -0.1999
-12.3530 77.7551 -34.3080 20.8285 1650406236152 1631870.2500 -0.2000
-12.1616 77.7941 -33.8542 18.8203 1650406236181 1631898.5000 -0.2004
-11.9527 77.6840 -33.5452 19.4099 1650406236209 1631928.2500 -0.2004
-12.2058 77.8329 -33.2831 29.5515 1650406236238 1631957.0000 -0.2004
-12.1214 77.7510 -33.0327 23.7189 1650406236267 1631986.0000 -0.2004
-12.5585 77.5370 -31.6743 22.6492 1650406236296 1632015.0000 -0.2004
-12.3724 77.7179 -31.0450 26.8210 1650406236325 1632043.7500 -0.2009
-12.3146 77.7836 -30.0282 24.8749 1650406236355 1632072.7500 -0.2009
-12.0196 77.3291 -29.8100 31.0652 1650406236383 1632101.7500 -0.2009
-12.5256 77.5987 -28.1154 26.3933 1650406236413 1632130.7500 -0.2009
-11.8778 77.3115 -27.9618 25.7832 1650406236442 1632159.7500 -0.2009
-12.4771 77.5785 -26.5725 24.1967 1650406236470 1632188.7500 -0.2009
-11.9283 77.4350 -26.5654 26.9162 1650406236500 1632217.7500 -0.2009
-12.2136 77.5552 -25.6622 26.2205 1650406236528 1632246.7500 -0.2009
-12.4199 77.5669 -24.9281 27.8635 1650406236557 1632275.7500 -0.2009
-12.0009 77.7820 -24.6703 27.1273 1650406236586 1632304.7500 -0.2009
-12.0525 77.6536 -24.6260 26.1556 1650406236615 1632336.0000 -0.2009
-11.9323 77.7532 -24.9843 19.0784 1650406236644 1632362.7500 -0.2009
-11.5384 77.4828 -25.4959 16.5532 1650406236673 1632391.7500 -0.2009
-11.9580 77.2801 -25.3908 20.8827 1650406236702 1632420.7500 -0.2009
-12.3559 77.4018 -26.0356 24.1634 1650406236731 1632449.7500 -0.2009
-12.3994 77.1578 -26.4470 21.8739 1650406236760 1632478.7500 -0.2004
-11.5306 77.0476 -27.7644 25.3413 1650406236789 1632507.7500 -0.2004
-11.7231 77.4751 -28.6466 25.2033 1650406236818 1632536.7500 -0.2009
-11.4703 77.4121 -29.6262 26.8383 1650406236847 1632565.5000 -0.2009
-11.7184 77.6528 -30.0533 28.5782 1650406236876 1632594.5000 -0.2004
-11.9562 77.8614 -30.9668 20.0303 1650406236905 1632623.5000 -0.2004
-11.9958 77.7107 -31.6007 23.7936 1650406236934 1632655.0000 -0.2004
-12.0077 77.8488 -32.4542 16.1046 1650406236963 1632681.5000 -0.2004
-11.9984 77.8077 -33.1868 21.4024 1650406236992 1632710.2500 -0.2004
-12.0931 77.8450 -33.6385 22.0176 1650406237021 1632739.2500 -0.2004
-12.0442 77.7970 -34.0545 20.0545 1650406237049 1632768.2500 -0.2004
-11.8880 77.7214 -34.5787 22.1508 1650406237079 1632797.2500 -0.2004
-12.2243 77.3799 -34.5550 26.5571 1650406237107 1632826.2500 -0.2006
-12.3212 77.5742 -34.3783 22.2619 1650406237137 1632855.2500 -0.2009
-12.1445 77.6091 -34.4125 29.4851 1650406237166 1632884.2500 -0.2009
-12.1510 77.7453 -34.0180 24.1898 1650406237195 1632913.2500 -0.2009
-11.8902 77.7605 -33.5647 28.5323 1650406237224 1632942.2500 -0.2011
-11.9402 77.6756 -33.2077 28.2294 1650406237253 1632971.2500 -0.2013
-11.7422 77.2948 -32.9735 23.6350 1650406237282 1633000.2500 -0.2013
-12.3376 77.7667 -31.4629 29.6311 1650406237311 1633029.2500 -0.2013
-12.3341 77.6008 -30.7281 28.9235 1650406237340 1633058.0000 -0.2013
-12.4332 77.5968 -29.9001 34.5972 1650406237368 1633089.5000 -0.2013
-12.4818 77.5826 -28.9224 26.1837 1650406237398 1633117.0000 -0.2013
-12.5607 77.5964 -27.8773 26.6826 1650406237426 1633144.7500 -0.2013
-12.1975 77.6549 -27.3446 20.6803 1650406237455 1633173.7500 -0.2013
-12.5898 77.5519 -26.2205 18.8679 1650406237484 1633202.7500 -0.2009
-12.1345 77.4789 -26.0747 22.7607 1650406237513 1633231.7500 -0.2009
-12.3146 77.6917 -25.1751 26.7696 1650406237542 1633260.7500 -0.2009
-12.1605 77.6462 -24.8726 19.0204 1650406237571 1633289.7500 -0.2009
-12.1746 78.0045 -24.8061 28.3717 1650406237601 1633318.7500 -0.2004
-11.6094 77.3115 -25.0813 12.8921 1650406237629 1633348.5000 -0.2004
-12.0575 77.6803 -24.8756 25.0660 1650406237659 1633376.5000 -0.2004
-11.5963 77.4349 -25.4430 23.9377 1650406237687 1633405.7500 -0.2004
-12.3851 77.4017 -25.7516 20.7867 1650406237716 1633436.0000 -0.2004
-12.6126 77.1058 -25.9108 23.4438 1650406237745 1633463.7500 -0.2004
-11.8208 76.7657 -27.2979 25.3904 1650406237774 1633492.7500 -0.2004
-11.5973 77.0133 -27.9537 28.7892 1650406237803 1633521.7500 -0.2004
-11.3595 77.0569 -28.9557 33.0644 1650406237832 1633550.7500 -0.2004
-11.4057 77.6304 -29.8739 18.7503 1650406237861 1633579.7500 -0.2004
-11.7934 77.6475 -30.4289 18.8404 1650406237890 1633608.7500 -0.2004
-11.6069 77.6881 -31.3244 21.5624 1650406237919 1633637.7500 -0.2004
-11.4854 77.3875 -32.3777 19.6984 1650406237948 1633666.7500 -0.2005
-12.2480 78.0217 -32.3553 15.2133 1650406237978 1633696.7500 -0.2009
-11.9847 77.6442 -33.3726 24.7855 1650406238006 1633724.7500 -0.2009
-11.8820 77.7978 -34.0040 22.8690 1650406238035 1633753.5000 -0.2009
-12.0439 77.7905 -34.4251 17.9663 1650406238064 1633782.5000 -0.2010
-12.1448 77.6598 -34.3235 15.8351 1650406238093 1633811.2500 -0.2013
-12.0764 78.0708 -34.6688 20.6447 1650406238122 1633840.2500 -0.2011
-12.0942 77.5867 -34.6571 27.7991 1650406238151 1633870.0000 -0.2009
-11.9399 77.5315 -34.2599 21.5678 1650406238180 1633898.2500 -0.2009
-12.1892 77.9079 -33.5104 23.0068 1650406238209 1633927.2500 -0.2009
-11.9825 77.9646 -33.5411 18.3042 1650406238238 1633956.2500 -0.2009
-11.9005 77.5965 -33.0567 27.2832 1650406238266 1633985.2500 -0.2009
-12.3158 77.7651 -32.1367 28.3178 1650406238296 1634014.2500 -0.2009
-12.3474 77.8036 -31.3244 21.7476 1650406238325 1634043.2500 -0.2009
-12.1824 77.4817 -30.5791 26.1370 1650406238354 1634072.2500 -0.2009
-12.6381 77.5016 -29.3904 27.5602 1650406238383 1634101.0000 -0.2009
-12.1844 77.4495 -28.5993 33.7753 1650406238412 1634131.0000 -0.2009
-12.3093 77.3767 -27.6546 24.3523 1650406238441 1634159.2500 -0.2004
-12.3641 77.7876 -26.8675 19.3241 1650406238470 1634189.5000 -0.2004
-12.3957 77.9076 -26.2004 26.4444 1650406238499 1634216.7500 -0.1999
-12.2238 77.7305 -25.8078 20.7580 1650406238527 1634246.0000 -0.1999
-12.4511 77.7926 -25.0594 19.6150 1650406238557 1634274.7500 -0.1999
-12.2045 77.8206 -24.7383 24.7030 1650406238585 1634303.7500 -0.1999
-12.0951 77.9298 -24.8423 22.6774 1650406238614 1634332.7500 -0.1999
-12.2456 77.8878 -24.6011 24.3163 1650406238643 1634361.7500 -0.1999
-12.2546 77.6258 -24.7855 23.5840 1650406238673 1634390.7500 -0.1999
-11.9519 77.5921 -24.9614 21.4788 1650406238701 1634419.7500 -0.1999
-11.9548 77.3534 -25.7051 29.3915 1650406238730 1634448.7500 -0.1999
-12.0571 76.6619 -26.6552 23.2425 1650406238759 1634477.7500 -0.1999
-11.6643 76.8453 -27.4873 26.7188 1650406238789 1634506.7500 -0.2001
-11.5343 76.7554 -28.1058 19.8139 1650406238818 1634535.7500 -0.2004
-11.5822 77.1397 -29.3837 24.6146 1650406238846 1634564.7500 -0.2004
-11.4580 77.6232 -29.8494 28.3250 1650406238875 1634593.7500 -0.2004
-11.5539 77.3221 -30.9801 26.0955 1650406238904 1634623.7500 -0.2004
-11.8986 77.6819 -31.3220 31.5907 1650406238933 1634651.2500 -0.2004
-11.5949 77.3711 -32.6513 20.0321 1650406238962 1634680.7500 -0.2004
-11.8693 77.9194 -32.9025 24.2657 1650406238991 1634709.7500 -0.2004
-12.0445 77.8394 -33.5313 27.8269 1650406239020 1634738.7500 -0.2004
-12.1300 77.8856 -34.1179 22.3266 1650406239049 1634767.7500 -0.2004
-12.1119 77.8124 -34.1574 20.3755 1650406239078 1634796.7500 -0.2004
-12.2482 77.3920 -34.4502 27.9517 1650406239107 1634825.7500 -0.2004
-11.9822 77.8530 -34.5905 28.0098 1650406239137 1634854.7500 -0.2004
-12.3752 77.8317 -34.4828 23.3584 1650406239165 1634884.5000 -0.2004
-12.2582 77.7355 -34.0439 21.5484 1650406239194 1634912.2500 -0.2004
-12.2071 77.9543 -33.4811 21.8922 1650406239223 1634941.2500 -0.2004
-11.9693 77.7417 -33.4901 23.6864 1650406239252 1634969.5000 -0.2004
-11.8342 77.5619 -33.1035 22.9709 1650406239281 1634999.2500 -0.1999
-12.3423 77.7439 -31.7827 17.8832 1650406239310 1635028.2500 -0.1999
-12.3635 77.6393 -31.0418 27.6890 1650406239339 1635057.2500 -0.1999
-12.5452 77.4493 -29.9277 32.0651 1650406239368 1635086.2500 -0.1999
-12.2346 77.2506 -29.3922 21.2130 1650406239397 1635115.2500 -0.1999
-12.4606 77.6489 -28.1356 32.9685 1650406239425 1635144.2500 -0.1999
-12.2033 77.5905 -27.5762 21.4773 1650406239455 1635173.2500 -0.1999
-12.7053 77.6593 -26.2885 28.5567 1650406239484 1635202.2500 -0.1999
-11.8325 77.6509 -26.9400 23.9272 1650406239513 1635231.2500 -0.1999
-12.2022 77.6811 -25.7178 21.8951 1650406239542 1635260.2500 -0.1999
-12.6347 77.4587 -24.9185 28.6319 1650406239571 1635289.0000 -0.1996
-12.1649 77.9000 -24.8387 23.9287 1650406239600 1635318.0000 -0.1994
-12.1672 77.8619 -24.8006 24.0544 1650406239629 1635347.0000 -0.1999
-12.3890 77.9537 -24.9510 25.5913 1650406239658 1635375.7500 -0.1999
-11.7525 77.2825 -25.7201 20.9242 1650406239687 1635407.5000 -0.1999
-11.9740 77.4566 -25.2259 24.4626 1650406239716 1635433.5000 -0.1999
-12.0837 77.0450 -25.7510 24.2600 1650406239744 1635462.7500 -0.1999
-12.1681 76.9477 -26.5348 27.9643 1650406239773 1635491.7500 -0.2004
-11.5938 76.8819 -27.7821 23.7932 1650406239802 1635520.7500 -0.2004
-11.9639 77.1600 -28.2151 30.8821 1650406239831 1635549.7500 -0.2004
-11.6116 77.2550 -29.5017 26.0908 1650406239860 1635578.7500 -0.2004
-11.8863 77.8299 -30.1325 21.7729 1650406239890 1635607.7500 -0.2004
-11.6048 77.4436 -31.1196 17.1937 1650406239919 1635638.2500 -0.2004
-12.0248 77.5384 -31.4762 29.7329 1650406239948 1635666.7500 -0.2004
-12.0779 77.8879 -32.3587 17.3505 1650406239977 1635694.7500 -0.2004
-12.2680 77.5825 -32.7987 25.3748 1650406240005 1635723.7500 -0.2004
-12.0590 77.9197 -33.7078 24.2978 1650406240035 1635752.2500 -0.2004
-11.9660 77.6852 -34.2420 21.9240 1650406240063 1635781.7500 -0.2004
-12.1453 77.7326 -34.4225 28.4371 1650406240092 1635810.7500 -0.2004
-12.3093 77.4102 -34.3462 29.0587 1650406240121 1635839.7500 -0.2004
-12.2019 77.5194 -34.4183 19.5414 1650406240150 1635868.7500 -0.2004
-12.3396 77.6751 -34.2325 23.8813 1650406240179 1635897.7500 -0.1999
-12.3461 77.8416 -33.7464 21.3474 1650406240208 1635926.7500 -0.1999
-12.1492 78.1162 -33.3409 26.7196 1650406240237 1635955.7500 -0.1999
-12.0532 77.9393 -33.2598 29.1690 1650406240266 1635984.5000 -0.1999
-12.0710 77.6895 -32.8087 25.0540 1650406240295 1636013.5000 -0.1999
-12.2762 77.4801 -31.4869 25.5172 1650406240324 1636042.2500 -0.1999
-12.1936 77.6431 -31.0047 26.3939 1650406240353 1636071.2500 -0.1999
-12.7265 77.5775 -29.5928 26.8193 1650406240382 1636100.2500 -0.1999
-12.3296 77.7025 -29.1023 26.4331 1650406240411 1636129.2500 -0.1999
-12.4516 77.5904 -28.0251 28.3349 1650406240440 1636158.2500 -0.1999
-11.9221 77.2975 -27.7892 22.4115 1650406240469 1636188.5000 -0.2000
-12.2827 77.3489 -26.3177 25.6599 1650406240498 1636216.2500 -0.2004
-12.4037 77.6996 -26.0864 24.9832 1650406240527 1636245.2500 -0.2004
-12.2337 77.7562 -25.3840 30.3596 1650406240556 1636274.2500 -0.2004
-12.6812 77.5354 -24.7545 33.5669 1650406240584 1636303.2500 -0.2004
-12.1031 77.9075 -24.9077 24.9714 1650406240614 1636332.2500 -0.2004
-12.0944 77.6169 -24.8024 14.5006 1650406240643 1636361.2500 -0.2004
-12.1014 77.7164 -24.9543 18.6470 1650406240672 1636390.0000 -0.2004
-11.8708 77.6639 -25.2456 22.5023 1650406240701 1636420.0000 -0.2004
-12.0967 77.3653 -25.4043 25.7114 1650406240730 1636447.2500 -0.2004
-12.5635 76.9432 -25.8037 25.0954 1650406240759 1636477.0000 -0.2004
-12.2351 76.9789 -26.7757 22.0240 1650406240788 1636507.0000 -0.2004
-11.4828 76.9144 -27.8716 30.2034 1650406240817 1636534.7500 -0.2004
-11.9386 77.1000 -28.3423 28.6908 1650406240846 1636563.7500 -0.2004
-11.5911 77.3693 -29.7007 24.7241 1650406240875 1636592.7500 -0.2004
-11.9495 77.6325 -30.2058 25.1154 1650406240903 1636621.7500 -0.1999
-11.7668 77.7331 -31.0614 24.7438 1650406240932 1636650.7500 -0.1999
-12.0370 77.7873 -31.8991 25.7818 1650406240961 1636681.0000 -0.1999
-11.7600 77.4811 -33.0349 18.6812 1650406240991 1636708.7500 -0.1999
-12.0970 77.5399 -33.2805 37.6865 1650406241019 1636737.7500 -0.1994
-11.9071 77.7740 -33.9944 24.7694 1650406241049 1636766.7500 -0.1994
-12.1031 77.8515 -34.3507 32.0256 1650406241078 1636795.7500 -0.1994
-12.2766 77.5867 -34.4086 34.7670 1650406241107 1636824.7500 -0.1994
-12.2183 77.7348 -34.4655 30.1865 1650406241136 1636853.7500 -0.1989
-12.3054 77.5781 -34.3321 29.2521 1650406241164 1636882.7500 -0.1989
-12.3234 77.8982 -34.1664 21.2209 1650406241194 1636911.7500 -0.1989
-12.3418 78.0339 -33.4561 25.6951 1650406241222 1636941.7500 -0.1989
-12.1816 78.1323 -33.3109 22.2005 1650406241251 1636969.0000 -0.1989
-12.0472 77.7048 -33.0176 25.6002 1650406241280 1636998.7500 -0.1989
-12.3233 77.8113 -32.3799 30.1821 1650406241309 1637027.7500 -0.1994
-12.3174 77.6118 -31.4839 24.5964 1650406241338 1637056.7500 -0.1994
-12.3008 77.7402 -30.5613 28.0517 1650406241367 1637085.5000 -0.1994
-12.3669 77.5075 -29.3888 25.7137 1650406241396 1637114.5000 -0.1994
-12.4576 77.6162 -28.9638 27.8173 1650406241425 1637143.5000 -0.1999
-12.6377 77.5283 -27.8924 28.7374 1650406241454 1637172.2500 -0.1999
-12.4159 77.7421 -27.0302 22.2130 1650406241483 1637202.2500 -0.1999
-12.6204 77.6057 -26.1089 15.8262 1650406241513 1637230.2500 -0.1999
-11.7921 77.0650 -26.3008 22.9517 1650406241541 1637259.2500 -0.1999
-12.2657 77.7253 -25.4652 26.6373 1650406241570 1637287.5000 -0.1999
-12.5291 77.4699 -24.6298 27.5020 1650406241599 1637317.2500 -0.1999
-12.1889 77.6345 -25.1665 24.2743 1650406241628 1637346.2500 -0.1999
-12.0121 77.5433 -24.7855 23.9148 1650406241657 1637375.2500 -0.1999
-12.3158 77.6875 -24.9482 23.1399 1650406241686 1637404.2500 -0.1999
-12.0322 77.6696 -24.9668 27.2670 1650406241715 1637433.2500 -0.1999
-11.9339 77.2431 -25.4862 22.5365 1650406241744 1637462.2500 -0.1999
-12.1506 76.6642 -26.3405 25.9925 1650406241773 1637491.2500 -0.1999
-11.8804 76.8043 -27.5552 23.7748 1650406241801 1637520.0000 -0.1994
-11.8407 76.8974 -28.1883 26.8273 1650406241831 1637549.0000 -0.1994
-11.2766 77.0658 -29.2184 26.4907 1650406241860 1637578.0000 -0.1994
-11.1526 77.2166 -30.0727 24.5048 1650406241889 1637606.5000 -0.1994
-11.8666 77.6430 -30.4521 22.3992 1650406241918 1637635.7500 -0.1989
-11.8738 77.8442 -31.3710 23.5949 1650406241947 1637664.7500 -0.1989
-12.0375 77.6244 -31.9791 19.4650 1650406241976 1637693.7500 -0.1989
-11.9926 77.9746 -32.8169 23.8660 1650406242005 1637722.0000 -0.1989
-12.1532 77.5148 -33.1946 26.6742 1650406242034 1637751.7500 -0.1984
-11.8934 77.6722 -34.1989 23.8930 1650406242062 1637780.7500 -0.1984
-11.9951 77.7121 -34.3652 27.1127 1650406242092 1637809.7500 -0.1987
-12.2084 77.3175 -34.5873 22.8895 1650406242120 1637838.7500 -0.1989
-12.2381 77.4843 -34.6850 30.2450 1650406242149 1637867.7500 -0.1989
-12.4173 77.5803 -34.3219 27.4315 1650406242178 1637896.7500 -0.1989
-12.5443 77.7253 -33.9831 23.5650 1650406242208 1637925.7500 -0.1991
-12.4089 77.9701 -33.2439 22.4246 1650406242236 1637954.0000 -0.1994
-12.1693 77.8839 -33.4035 26.3306 1650406242265 1637983.5000 -0.1994
-12.2697 77.7809 -33.0226 22.9234 1650406242295 1638012.7500 -0.1994
-12.2570 77.7077 -31.6936 24.4316 1650406242324 1638042.7500 -0.1994
-12.2483 77.8179 -31.2957 22.9731 1650406242353 1638070.7500 -0.1994
-12.4549 77.4888 -30.0918 41.6492 1650406242381 1638099.7500 -0.1994
-12.1744 77.4479 -29.3546 30.1460 1650406242410 1638128.7500 -0.1994
-12.7041 77.5401 -28.2412 27.3034 1650406242439 1638157.7500 -0.1994
-12.3217 77.7267 -27.8432 24.2141 1650406242468 1638186.7500 -0.1994
-12.2119 77.3965 -26.8643 29.0511 1650406242497 1638215.5000 -0.1994
-12.1517 77.9098 -26.4276 26.4064 1650406242526 1638244.5000 -0.1994
-12.1459 77.4799 -25.7876 23.0696 1650406242555 1638273.2500 -0.1994
-12.4509 77.5846 -25.0314 20.2681 1650406242584 1638302.2500 -0.1994
-11.9906 77.8246 -24.9924 20.5800 1650406242613 1638331.2500 -0.1994
-11.9639 77.6329 -25.0029 23.5706 1650406242642 1638360.2500 -0.1994
-11.9663 77.5941 -25.2135 19.7064 1650406242672 1638389.2500 -0.1994
-12.1171 77.5483 -25.0223 22.3239 1650406242700 1638418.2500 -0.1989
-11.6630 77.0369 -25.4499 19.5008 1650406242729 1638447.2500 -0.1989
-12.3396 77.1488 -25.8540 22.0050 1650406242758 1638479.0000 -0.1989
-12.5379 76.8977 -26.2512 22.0540 1650406242787 1638506.2500 -0.1989
-11.6554 76.9937 -27.5881 22.6571 1650406242816 1638534.2500 -0.1989
-11.5588 77.2709 -28.6248 26.4166 1650406242845 1638563.2500 -0.1989
-11.3738 77.2205 -29.5601 23.2220 1650406242874 1638592.2500 -0.1987
-11.9694 77.8548 -30.1890 24.4931 1650406242903 1638621.0000 -0.1984
-11.6663 77.3730 -31.2038 17.7522 1650406242932 1638650.0000 -0.1984
-11.8938 77.7709 -31.5483 20.7765 1650406242961 1638679.0000 -0.1984
-11.9708 77.8760 -32.4081 23.0184 1650406242990 1638707.7500 -0.1987
-11.9600 77.5823 -33.1320 20.3471 1650406243019 1638737.7500 -0.1989
-11.9917 77.7667 -33.6043 25.7437 1650406243048 1638765.7500 -0.1989
-12.0306 77.5741 -34.1547 26.2483 1650406243077 1638794.7500 -0.1989
-12.0136 77.7447 -34.6043 22.7354 1650406243106 1638825.0000 -0.1989
-12.3773 77.4231 -34.5302 26.3164 1650406243135 1638852.7500 -0.1989
-12.4094 77.5557 -34.4225 30.4777 1650406243164 1638881.7500 -0.1989
-12.1640 77.5311 -34.3361 20.7032 1650406243193 1638910.7500 -0.1994
-12.3984 77.9060 -33.6379 20.7945 1650406243221 1638939.7500 -0.1994
-12.2510 78.1248 -33.2230 24.9561 1650406243251 1638968.7500 -0.1994
-12.1387 77.6844 -33.2626 28.9426 1650406243279 1638997.7500 -0.1994
-12.3755 77.8792 -32.5424 29.4373 1650406243308 1639026.7500 -0.1994
-12.3549 77.7095 -31.9534 23.1890 1650406243337 1639055.7500 -0.1994
-12.4244 77.7339 -31.0127 28.7722 1650406243367 1639084.7500 -0.1994
-12.6973 77.5271 -29.6924 31.5096 1650406243395 1639113.7500 -0.1994
-12.3915 77.6360 -28.9896 25.4075 1650406243425 1639142.7500 -0.1994
-12.5552 77.4880 -28.0922 19.8133 1650406243454 1639171.7500 -0.1994
-12.1501 77.7205 -27.5620 20.2567 1650406243483 1639200.7500 -0.1989
-12.7213 77.4750 -26.4731 20.3121 1650406243512 1639229.7500 -0.1989
-12.3454 77.6617 -26.1085 19.2064 1650406243540 1639259.5000 -0.1984
-12.2877 77.7206 -25.6125 17.3080 1650406243570 1639287.7500 -0.1984
-12.3171 77.4546 -24.8728 21.2639 1650406243598 1639316.5000 -0.1984
-11.9243 77.8719 -24.8483 26.3935 1650406243627 1639345.5000 -0.1984
-11.7588 77.3597 -25.5146 16.7308 1650406243656 1639374.5000 -0.1984
-12.0253 77.6904 -25.0934 20.2773 1650406243685 1639403.2500 -0.1984
-12.1102 77.8886 -24.9364 17.9974 1650406243714 1639432.2500 -0.1984
-11.5514 77.1902 -25.6348 29.3885 1650406243743 1639461.2500 -0.1984
-12.1160 77.1950 -26.3021 27.1933 1650406243772 1639491.5000 -0.1984
-12.0572 76.8164 -27.2111 20.1073 1650406243802 1639518.5000 -0.1984
-11.5627 76.9728 -27.8527 30.0327 1650406243831 1639548.2500 -0.1984
-11.6482 77.1377 -28.6854 23.2198 1650406243859 1639577.0000 -0.1984
-11.5254 77.5134 -29.6957 23.7278 1650406243888 1639606.0000 -0.1987
-12.1114 77.5417 -30.0485 27.8146 1650406243917 1639635.2500 -0.1989
-11.8539 77.6807 -31.2834 20.1567 1650406243946 1639664.2500 -0.1989
-12.1363 77.5255 -31.7848 19.8099 1650406243975 1639693.2500 -0.1989
-11.9226 77.7906 -32.6157 26.9956 1650406244004 1639722.2500 -0.1991
-12.2483 77.6811 -33.1335 27.8702 1650406244033 1639751.0000 -0.1994
-12.0631 77.5692 -34.0274 22.7655 1650406244062 1639780.0000 -0.1994
-12.1314 77.7730 -34.3735 22.5197 1650406244091 1639809.0000 -0.1994
-12.0096 77.4037 -34.3671 22.1810 1650406244120 1639837.7500 -0.1991
-12.1509 77.5130 -34.6198 26.3481 1650406244149 1639866.7500 -0.1994
-12.2657 77.4269 -34.4233 23.5319 1650406244178 1639895.7500 -0.1994
-12.4442 77.6663 -34.1831 28.5735 1650406244207 1639924.7500 -0.1989
-12.1211 78.0012 -33.5725 29.7631 1650406244236 1639953.7500 -0.1989
-12.2225 77.9727 -33.3173 24.8444 1650406244265 1639982.7500 -0.1989
-12.1398 77.5752 -33.0649 18.8915 1650406244294 1640011.7500 -0.1989
-12.2810 77.8099 -32.3349 27.4198 1650406244323 1640040.2500 -0.1989
-12.1564 77.8058 -31.5542 28.1020 1650406244352 1640069.7500 -0.1989
-12.4504 77.8300 -30.8148 24.1937 1650406244381 1640098.7500 -0.1989
-12.4880 77.7886 -29.8418 24.1861 1650406244410 1640127.7500 -0.1989
-12.4188 77.7139 -28.9315 23.6073 1650406244438 1640156.7500 -0.1984
-12.3684 77.5834 -28.0695 24.5703 1650406244467 1640185.7500 -0.1984
-12.2727 77.8016 -27.2627 20.1464 1650406244496 1640214.7500 -0.1984
-12.3165 77.7275 -26.2658 21.2980 1650406244526 1640243.7500 -0.1984
-11.8605 77.2633 -26.5995 24.2620 1650406244554 1640273.7500 -0.1983
-12.0096 77.8870 -25.4553 25.3302 1650406244584 1640301.2500 -0.1979
-12.0213 77.8202 -24.8900 23.1782 1650406244613 1640330.7500 -0.1979
-12.0484 77.4624 -24.9173 19.3730 1650406244642 1640359.5000 -0.1979
-12.3688 77.6898 -25.0022 23.6785 1650406244671 1640388.7500 -0.1980
-12.0712 77.7451 -24.9015 25.0540 1650406244699 1640417.7500 -0.1984
-11.7516 77.4539 -25.5247 22.9132 1650406244729 1640446.5000 -0.1984
-11.9602 77.3354 -25.4861 23.8736 1650406244757 1640475.5000 -0.1984
-12.7507 77.2435 -25.9219 23.3371 1650406244786 1640504.2500 -0.1984
-11.8548 76.8810 -27.4676 25.8818 1650406244815 1640533.2500 -0.1984
-11.8496 77.5025 -27.8268 25.4967 1650406244844 1640562.2500 -0.1984
-11.3828 77.1565 -29.0357 26.1150 1650406244873 1640591.2500 -0.1989
-11.6466 77.7887 -29.6739 23.0471 1650406244902 1640620.2500 -0.1989
-11.9092 77.6488 -30.4486 22.6808 1650406244931 1640649.2500 -0.1989
-11.8245 77.7138 -31.4174 23.6354 1650406244961 1640678.2500 -0.1989
-11.8809 77.6001 -32.1230 30.3071 1650406244990 1640707.2500 -0.1989
-12.0175 77.8671 -32.8295 18.5758 1650406245018 1640736.2500 -0.1989
-12.3974 77.6173 -33.3913 22.9723 1650406245047 1640765.2500 -0.1989
-11.9848 77.7822 -34.1103 20.0171 1650406245076 1640796.7500 -0.1989
-11.8680 77.8533 -34.2927 25.6024 1650406245105 1640823.0000 -0.1989
-12.3593 77.4330 -34.4180 24.6481 1650406245134 1640852.0000 -0.1989
-12.1741 77.7461 -34.5562 32.4369 1650406245163 1640881.0000 -0.1984
-12.3460 77.3762 -34.1052 26.5883 1650406245192 1640910.0000 -0.1984
-12.3157 78.0221 -34.0803 26.0894 1650406245221 1640938.7500 -0.1984
-12.7276 78.1843 -33.1484 19.8541 1650406245250 1640967.7500 -0.1984
-12.2357 78.0821 -33.2715 19.4722 1650406245279 1640996.7500 -0.1984
-12.3378 78.0292 -32.7896 27.1867 1650406245308 1641027.2500 -0.1984
-12.4353 77.5294 -31.7930 26.8059 1650406245337 1641055.7500 -0.1979
-12.1439 77.6028 -31.4875 24.3691 1650406245366 1641083.7500 -0.1979
-12.3007 77.5943 -30.3276 22.9522 1650406245395 1641114.2500 -0.1979
-12.4017 77.4613 -29.5861 24.5059 1650406245424 1641141.5000 -0.1979
-12.6122 77.6492 -28.5676 30.7005 1650406245453 1641170.7500 -0.1980
-12.2679 77.7245 -27.6117 23.0746 1650406245482 1641199.7500 -0.1984
-12.4023 77.6582 -26.8757 20.7115 1650406245511 1641228.7500 -0.1984
-12.4699 77.7146 -26.2405 29.1958 1650406245540 1641257.7500 -0.1984
-12.2214 77.6110 -25.6748 22.0173 1650406245569 1641286.7500 -0.1984
-12.3982 77.6382 -25.1590 21.7901 1650406245597 1641315.7500 -0.1984
-11.9557 77.9470 -24.8212 21.2062 1650406245627 1641344.7500 -0.1989
-11.8869 77.8290 -25.1943 19.3301 1650406245655 1641373.7500 -0.1989
-12.0600 77.7243 -25.0066 18.8721 1650406245684 1641402.7500 -0.1989
-12.1819 77.7771 -24.9315 21.7543 1650406245713 1641431.7500 -0.1989
-11.9261 77.6139 -25.0423 18.9504 1650406245743 1641460.7500 -0.1989
-12.3628 77.2833 -25.9075 28.3966 1650406245772 1641489.7500 -0.1994
-12.4300 77.2566 -26.5188 23.8133 1650406245801 1641518.7500 -0.1994
-11.5630 77.0679 -27.6667 20.5927 1650406245830 1641548.7500 -0.1994
-11.8786 77.6686 -28.3328 22.5546 1650406245859 1641576.0000 -0.1994
-11.7553 77.2534 -29.4090 20.8678 1650406245888 1641605.5000 -0.1994
-11.8259 77.8040 -29.7114 30.8967 1650406245916 1641634.2500 -0.1993
-11.5838 77.2515 -31.0409 20.4323 1650406245945 1641663.2500 -0.1989
-11.9899 77.4968 -31.5339 20.9235 1650406245974 1641692.2500 -0.1989
-12.1144 77.9539 -32.3720 32.1076 1650406246003 1641721.2500 -0.1989
-11.8090 77.4666 -33.0288 27.3215 1650406246032 1641750.2500 -0.1989
-12.2140 77.5820 -33.4735 22.9005 1650406246061 1641779.2500 -0.1984
-12.0036 77.7222 -34.1436 21.5547 1650406246090 1641809.5000 -0.1984
-11.9690 77.8467 -34.3041 28.6816 1650406246120 1641838.2500 -0.1984
-12.2209 77.5581 -34.4562 23.0526 1650406246149 1641866.2500 -0.1984
-12.2690 77.7192 -34.5211 26.9986 1650406246177 1641896.5000 -0.1979
-12.4218 77.5385 -34.3374 25.9587 1650406246207 1641924.2500 -0.1979
-12.3965 77.8878 -33.5747 20.8514 1650406246235 1641953.2500 -0.1979
-12.2069 78.0101 -33.4304 21.0702 1650406246264 1641982.0000 -0.1979
-12.3210 77.9403 -33.2836 27.5731 1650406246293 1642011.0000 -0.1979
-12.2327 77.7078 -32.6750 26.2918 1650406246322 1642040.0000 -0.1979
-12.5213 77.8206 -31.4157 19.4482 1650406246351 1642068.7500 -0.1979
-12.2411 77.5723 -31.1270 23.7839 1650406246380 1642097.7500 -0.1979
-12.4547 77.4730 -30.0194 23.9100 1650406246409 1642126.7500 -0.1984
-12.2323 77.5688 -29.3826 25.6574 1650406246438 1642155.7500 -0.1984
-12.3019 77.2571 -28.5270 19.5989 1650406246467 1642184.7500 -0.1984
-12.3347 77.6993 -27.7159 26.0795 1650406246496 1642213.7500 -0.1984
-12.4507 77.5911 -26.3409 22.8350 1650406246525 1642242.7500 -0.1984
-11.7553 77.4575 -26.8231 21.2703 1650406246554 1642271.7500 -0.1984
-12.0993 77.7044 -25.7402 21.4640 1650406246583 1642300.7500 -0.1985
-12.4426 77.6753 -25.1121 21.4184 1650406246612 1642332.5000 -0.1989
-12.0372 77.9551 -24.8968 24.2395 1650406246641 1642358.2500 -0.1989
-12.0371 77.7228 -24.9389 20.9115 1650406246670 1642387.7500 -0.1989
-12.3425 77.6010 -24.9345 15.5537 1650406246699 1642416.7500 -0.1989
-11.9628 77.7946 -25.2427 23.1222 1650406246728 1642445.7500 -0.1989
-11.8904 77.3593 -25.1611 21.6289 1650406246756 1642474.7500 -0.1989
-12.4560 77.3579 -26.0534 27.0578 1650406246786 1642503.7500 -0.1989
-12.4366 77.1784 -26.5705 27.0905 1650406246814 1642532.7500 -0.1988
-11.7280 77.4259 -27.7247 22.9659 1650406246844 1642563.0000 -0.1984
-11.6753 77.3480 -28.7359 25.4263 1650406246873 1642591.0000 -0.1984
-11.5085 77.6914 -29.6592 21.4245 1650406246902 1642619.7500 -0.1984
-12.0773 77.7273 -30.0755 20.5459 1650406246931 1642649.7500 -0.1984
-11.9921 77.8362 -31.1186 22.0857 1650406246960 1642679.0000 -0.1979
-12.0478 77.6263 -31.7171 27.3137 1650406246989 1642706.5000 -0.1979
-11.9123 77.5991 -32.7363 27.8385 1650406247018 1642735.2500 -0.1979
-12.0692 77.5437 -33.0332 24.3859 1650406247047 1642764.2500 -0.1979
-12.0739 77.5596 -33.6955 23.9433 1650406247075 1642793.2500 -0.1974
-11.9417 77.6936 -34.3385 20.8859 1650406247105 1642822.2500 -0.1974
-12.0488 77.6574 -34.3741 27.1370 1650406247133 1642851.2500 -0.1979
-12.2196 77.4823 -34.4528 24.6047 1650406247162 1642880.2500 -0.1979
-12.2748 77.6568 -34.3667 23.3897 1650406247191 1642909.2500 -0.1979
-12.3420 77.7948 -34.0472 19.5352 1650406247220 1642938.2500 -0.1979
-12.3594 77.9942 -33.4913 24.2713 1650406247249 1642967.2500 -0.1979
-12.0875 77.9670 -33.4500 23.7888 1650406247278 1642996.2500 -0.1979
-12.2522 77.9451 -32.9853 23.6144 1650406247308 1643025.2500 -0.1979
-12.3719 77.8157 -32.3505 24.3176 1650406247336 1643054.2500 -0.1979
-12.3627 77.7351 -31.5602 28.5463 1650406247366 1643084.5000 -0.1980
-12.1355 77.9470 -30.9849 31.4476 1650406247394 1643111.5000 -0.1984
-12.5488 77.4799 -29.7196 17.4083 1650406247423 1643141.0000 -0.1984
-12.2485 77.6336 -29.1341 28.8501 1650406247452 1643169.7500 -0.1984
-12.4274 77.6248 -28.3277 25.6461 1650406247481 1643198.7500 -0.1984
-12.2095 77.7865 -27.3891 23.3137 1650406247510 1643227.7500 -0.1984
-12.3074 77.6606 -26.1643 21.6591 1650406247539 1643256.7500 -0.1984
-11.8081 77.3612 -26.5074 21.5109 1650406247568 1643285.7500 -0.1979
-11.9145 77.5456 -25.5814 19.5033 1650406247597 1643314.7500 -0.1979
-12.1885 77.6856 -25.2911 25.8384 1650406247626 1643343.2500 -0.1979
-12.0338 77.7816 -24.9982 21.5305 1650406247655 1643372.5000 -0.1979
-11.9941 77.8658 -24.8738 22.7995 1650406247685 1643401.7500 -0.1979
-11.9894 77.7663 -24.9690 18.2134 1650406247713 1643430.7500 -0.1979
-12.4473 77.6827 -25.2556 23.2631 1650406247742 1643459.7500 -0.1979
-11.9677 77.2307 -25.6412 26.5630 1650406247771 1643488.7500 -0.1979
-12.5204 77.1961 -25.7897 25.5694 1650406247800 1643517.7500 -0.1974
-12.0679 77.4106 -26.9511 25.8785 1650406247829 1643546.7500 -0.1974
-11.6133 77.3067 -28.0748 33.4541 1650406247858 1643575.7500 -0.1974
-11.6626 77.2388 -28.9739 32.4153 1650406247887 1643604.7500 -0.1974
-11.3242 77.5128 -30.0668 19.3790 1650406247916 1643633.7500 -0.1974
-12.0040 77.6176 -30.4328 23.1508 1650406247945 1643662.7500 -0.1974
-11.6617 77.8189 -31.3795 22.9331 1650406247973 1643691.7500 -0.1974
-11.9657 77.7386 -32.1663 23.6802 1650406248002 1643720.7500 -0.1974
-11.9822 78.1466 -32.6331 21.7291 1650406248032 1643749.7500 -0.1974
-12.1594 77.4923 -33.2420 26.2662 1650406248061 1643778.5000 -0.1974
-12.0901 77.7730 -33.8224 26.4196 1650406248090 1643807.5000 -0.1977
-11.7993 77.7272 -34.3380 20.7570 1650406248119 1643836.2500 -0.1979
-12.3874 77.6804 -34.2631 24.4286 1650406248148 1643866.5000 -0.1979
-12.2022 77.5260 -34.6109 27.9371 1650406248177 1643893.7500 -0.1979
-12.1895 77.6114 -34.3618 22.2995 1650406248206 1643923.2500 -0.1979
-12.1622 77.5591 -34.0288 22.7159 1650406248234 1643952.2500 -0.1979
-12.1553 78.0380 -33.4547 21.9602 1650406248264 1643981.2500 -0.1979
-12.2641 78.0999 -33.2586 23.6738 1650406248292 1644010.2500 -0.1979
-12.3154 77.9182 -32.7500 23.2630 1650406248321 1644039.2500 -0.1982
-12.2758 78.0838 -32.0789 30.4633 1650406248350 1644068.2500 -0.1984
-12.3800 77.7076 -31.4068 20.7805 1650406248379 1644097.2500 -0.1984
-12.1035 77.6803 -30.4133 27.9855 1650406248408 1644125.5000 -0.1984
-12.1533 77.5982 -29.5439 26.0858 1650406248437 1644155.0000 -0.1984
-12.4966 77.6350 -28.7254 24.6027 1650406248467 1644184.0000 -0.1984
-12.2937 77.7929 -27.9158 24.4611 1650406248496 1644214.0000 -0.1984
-12.3170 77.6400 -27.0638 18.6638 1650406248525 1644242.0000 -0.1979
-12.2366 77.6765 -26.3139 34.1524 1650406248553 1644271.0000 -0.1979
-12.0929 77.7149 -25.8746 24.6208 1650406248582 1644299.7500 -0.1979
-12.1717 77.7184 -25.2515 22.5050 1650406248611 1644328.7500 -0.1979
-11.5738 77.4321 -25.3229 26.9530 1650406248640 1644357.7500 -0.1979
-12.0044 78.0725 -24.8317 20.9545 1650406248669 1644386.7500 -0.1979
-12.0741 77.9987 -25.0801 22.1119 1650406248698 1644415.7500 -0.1974
-12.1183 77.7347 -25.1203 18.9005 1650406248727 1644444.7500 -0.1974
-11.9110 77.4800 -25.3624 20.0343 1650406248756 1644473.7500 -0.1974
-11.9724 77.5264 -25.8230 35.1518 1650406248785 1644502.7500 -0.1974
-12.2551 77.2086 -26.4045 34.1186 1650406248814 1644531.7500 -0.1974
-11.7917 77.1868 -27.6167 26.7052 1650406248844 1644560.7500 -0.1974
-11.6080 77.6752 -28.0698 28.7871 1650406248872 1644589.7500 -0.1974
-11.4617 77.3136 -29.1197 25.6551 1650406248901 1644618.7500 -0.1974
-11.8543 77.8533 -29.5921 24.1836 1650406248930 1644648.5000 -0.1979
-11.8106 77.6204 -30.6729 19.9139 1650406248959 1644676.7500 -0.1979
-11.7925 77.7480 -31.4767 21.3471 1650406248988 1644705.7500 -0.1979
-12.0377 77.8542 -32.1552 23.1176 1650406249017 1644734.7500 -0.1979
-11.8045 77.7763 -32.9960 26.8984 1650406249046 1644763.7500 -0.1979
-12.1221 77.5467 -33.5097 24.7235 1650406249075 1644792.7500 -0.1984
-12.2176 77.6791 -34.0167 28.9302 1650406249104 1644821.7500 -0.1984
-11.8332 77.7028 -34.5268 19.1150 1650406249132 1644850.7500 -0.1984
-12.1911 77.5339 -34.5506 29.2352 1650406249162 1644880.5000 -0.1984
-12.3909 77.7235 -34.4667 28.0132 1650406249191 1644909.7500 -0.1984
-12.4212 77.6469 -34.2216 24.0943 1650406249220 1644937.5000 -0.1984
-12.1298 77.6371 -33.7657 22.3224 1650406249249 1644967.7500 -0.1984
-12.2105 77.9893 -33.2333 19.5520 1650406249278 1644995.0000 -0.1984
-12.2959 78.0609 -33.2145 21.3648 1650406249307 1645024.2500 -0.1984
-12.2295 77.8182 -32.8001 21.6856 1650406249336 1645053.2500 -0.1984
-12.5584 77.6059 -31.6175 21.2136 1650406249365 1645082.2500 -0.1979
-12.2091 77.8120 -31.2796 31.3804 1650406249394 1645111.2500 -0.1979
-12.3804 77.6335 -30.0194 28.7697 1650406249423 1645140.2500 -0.1979
-12.2473 77.6326 -29.5297 33.8474 1650406249451 1645169.2500 -0.1979
-12.5526 77.3897 -28.2670 22.7293 1650406249480 1645198.2500 -0.1979
-12.3251 77.7045 -27.7545 22.0253 1650406249509 1645227.2500 -0.1979
-12.4067 77.6272 -26.8873 21.9020 1650406249538 1645256.2500 -0.1974
-11.8366 77.5225 -26.7681 25.7442 1650406249567 1645285.2500 -0.1974
-12.0401 77.6507 -25.7242 25.7494 1650406249596 1645314.0000 -0.1974
-12.4402 77.5878 -25.0720 22.4876 1650406249626 1645343.0000 -0.1974
-12.0011 77.9725 -24.9835 23.4929 1650406249655 1645372.0000 -0.1974
-12.0391 77.9995 -24.9044 18.7495 1650406249684 1645400.5000 -0.1974
-11.9298 77.6377 -25.0807 17.8898 1650406249712 1645429.2500 -0.1974
-11.6419 77.3968 -25.4493 18.5990 1650406249742 1645458.7500 -0.1974
-12.0317 77.6073 -25.2452 26.5891 1650406249770 1645487.7500 -0.1977
-12.4386 77.2573 -25.7885 28.0533 1650406249799 1645516.7500 -0.1979
-12.2860 77.1800 -26.5637 26.2424 1650406249828 1645545.7500 -0.1979
-11.3581 77.0981 -27.9314 22.7776 1650406249857 1645574.7500 -0.1979
-11.8979 77.5808 -28.5355 31.9304 1650406249886 1645603.7500 -0.1979
-11.9226 77.9258 -29.3146 19.8600 1650406249915 1645632.7500 -0.1979
-11.7734 77.6449 -30.1905 24.3086 1650406249944 1645664.5000 -0.1979
-11.7478 77.6386 -31.2253 22.1620 1650406249973 1645690.5000 -0.1984
-12.2571 77.5926 -31.5529 25.9269 1650406250003 1645719.7500 -0.1984
-12.0060 77.8306 -32.6939 20.9680 1650406250031 1645748.5000 -0.1984
-12.2158 77.5721 -32.8902 24.9073 1650406250060 1645777.7500 -0.1984
-12.2605 77.7561 -33.5397 24.6406 1650406250089 1645806.7500 -0.1984
-12.0008 77.8986 -34.2737 28.7997 1650406250118 1645835.7500 -0.1984
-12.1175 77.6960 -34.3612 28.8152 1650406250147 1645864.7500 -0.1984
-12.2101 77.5138 -34.5728 25.8636 1650406250176 1645893.7500 -0.1984
-12.2395 77.4649 -34.2442 20.8855 1650406250205 1645922.7500 -0.1984
-12.1711 77.8407 -34.4558 24.8761 1650406250234 1645951.7500 -0.1984
-12.2714 77.8287 -33.6305 26.0315 1650406250263 1645980.7500 -0.1979
-12.3039 78.0599 -33.1517 25.7638 1650406250291 1646009.5000 -0.1979
-12.1686 77.8649 -33.1810 29.1787 1650406250321 1646038.5000 -0.1979
-12.4851 77.9202 -32.3864 26.8491 1650406250350 1646067.2500 -0.1979
-12.3125 77.8325 -31.5543 29.8445 1650406250379 1646096.2500 -0.1979
-12.2555 77.8379 -31.0677 28.9535 1650406250408 1646125.2500 -0.1979
-12.5198 77.4540 -29.7802 28.1989 1650406250437 1646154.2500 -0.1974
-12.2960 77.5389 -29.2981 26.1425 1650406250466 1646182.5000 -0.1974
-12.5809 77.6090 -28.0211 24.2358 1650406250495 1646212.0000 -0.1974
-12.2929 77.6487 -27.3074 27.4049 1650406250524 1646241.2500 -0.1974
-12.5606 77.6284 -26.5183 24.1928 1650406250553 1646270.2500 -0.1976
-12.1448 77.6899 -26.4209 22.3997 1650406250582 1646299.2500 -0.1979
-12.0471 77.6001 -25.6832 25.3334 1650406250610 1646328.2500 -0.1979
-12.3561 77.8485 -24.9117 28.5154 1650406250639 1646357.2500 -0.1979
-12.0950 78.0450 -24.8830 17.2405 1650406250668 1646386.2500 -0.1979
-12.3465 77.7892 -24.9522 23.9694 1650406250697 1646416.5000 -0.1979
-12.1995 78.0761 -24.9756 23.1417 1650406250726 1646446.5000 -0.1984
-11.5517 77.5442 -25.6022 17.7740 1650406250756 1646473.0000 -0.1984
-12.2242 77.7196 -25.6177 29.2751 1650406250784 1646502.0000 -0.1984
-12.5792 77.3717 -26.0468 27.4179 1650406250814 1646530.5000 -0.1984
-11.5818 77.0615 -27.2281 28.5171 1650406250843 1646559.7500 -0.1984
-11.5426 77.3026 -27.8991 22.5952 1650406250871 1646588.7500 -0.1984
-11.5149 77.2208 -29.0419 27.0835 1650406250901 1646617.7500 -0.1984
-11.9030 77.8530 -29.4425 24.7869 1650406250929 1646646.7500 -0.1984
-11.7432 77.6842 -30.2832 26.2737 1650406250958 1646675.7500 -0.1984
-11.9881 77.9369 -31.1980 26.3157 1650406250987 1646704.7500 -0.1984
-12.2275 77.7406 -31.8848 21.6961 1650406251016 1646733.7500 -0.1984
-12.2160 78.0343 -32.6539 20.0940 1650406251045 1646762.7500 -0.1984
-12.3043 77.5775 -33.2210 36.8925 1650406251074 1646791.7500 -0.1984
-12.1085 77.8296 -33.9345 23.7834 1650406251103 1646820.7500 -0.1979
-11.8639 77.5140 -34.5349 26.3068 1650406251132 1646849.7500 -0.1979
-12.3720 77.5431 -34.3897 21.4571 1650406251161 1646878.7500 -0.1974
-12.3278 77.4400 -34.6002 26.2901 1650406251190 1646907.7500 -0.1974
-12.3088 77.5869 -34.2402 26.9925 1650406251220 1646936.7500 -0.1974
-12.3752 77.7807 -33.8148 19.5961 1650406251248 1646965.5000 -0.1974
-12.5826 78.2811 -33.2294 19.0898 1650406251277 1646994.7500 -0.1974
-12.2482 77.9319 -33.2406 18.4837 1650406251306 1647023.7500 -0.1974
-12.1236 77.9020 -32.8198 25.7641 1650406251335 1647052.7500 -0.1974
-12.3340 77.7933 -32.1055 26.7884 1650406251364 1647081.7500 -0.1974
-12.1630 77.8118 -31.5826 26.1240 1650406251393 1647110.5000 -0.1974
-12.2919 77.7132 -30.6940 23.1864 1650406251422 1647139.5000 -0.1974
-12.6608 77.4885 -29.6829 29.9443 1650406251450 1647168.5000 -0.1976
-12.3939 77.6482 -28.9040 23.5166 1650406251480 1647198.5000 -0.1979
-12.4969 77.8625 -27.8374 26.0682 1650406251509 1647227.2500 -0.1979
-12.2051 77.8232 -27.1480 19.1076 1650406251538 1647255.2500 -0.1979
-12.1963 77.7784 -26.3600 28.2070 1650406251567 1647287.0000 -0.1979
-12.0009 77.6145 -26.0570 22.7672 1650406251596 1647313.2500 -0.1979
-12.3975 77.7845 -25.4447 19.3508 1650406251625 1647342.2500 -0.1984
-12.2489 78.0678 -24.7971 21.5585 1650406251654 1647371.2500 -0.1984
-12.0354 78.0108 -24.8915 24.9795 1650406251683 1647400.2500 -0.1984
-12.0229 77.7810 -24.8789 19.8535 1650406251712 1647429.2500 -0.1984
-12.2136 78.0029 -24.9493 23.1508 1650406251741 1647458.2500 -0.1984
-11.9075 77.3963 -25.6690 19.5542 1650406251769 1647487.2500 -0.1984
-12.2662 77.4345 -25.7328 34.4018 1650406251799 1647516.2500 -0.1984
-12.4145 77.2123 -26.1290 29.8075 1650406251827 1647545.0000 -0.1984
-11.9704 77.6570 -26.9990 27.2673 1650406251856 1647574.0000 -0.1984
-11.4250 77.3473 -28.2629 23.4336 1650406251885 1647603.0000 -0.1979
-11.6944 77.4356 -29.2382 25.9654 1650406251915 1647631.7500 -0.1979
-11.3486 77.4958 -30.1082 30.2425 1650406251944 1647660.7500 -0.1979
-11.9368 77.7231 -30.5560 17.8077 1650406251973 1647689.7500 -0.1979
-12.0922 78.0588 -31.2105 22.1085 1650406252002 1647718.5000 -0.1979
-12.0443 77.6679 -32.3495 16.0038 1650406252031 1647749.0000 -0.1979
-12.0123 77.6996 -32.9362 30.6432 1650406252060 1647776.7500 -0.1979
-12.1537 77.6649 -33.4537 28.2767 1650406252088 1647805.7500 -0.1979
-12.2282 77.7177 -34.0502 21.4310 1650406252117 1647834.7500 -0.1974
-12.2211 77.6994 -34.4190 23.9342 1650406252146 1647863.7500 -0.1974
-12.4685 77.5409 -34.4203 23.8207 1650406252175 1647892.7500 -0.1979
-12.3759 77.5203 -34.4997 25.9469 1650406252204 1647921.7500 -0.1979
-12.3532 77.8089 -34.5212 22.3618 1650406252233 1647952.2500 -0.1979
-12.2990 77.7857 -34.0239 20.3382 1650406252262 1647979.0000 -0.1979
-12.5075 78.2110 -33.3148 24.7774 1650406252291 1648008.7500 -0.1979
-12.2811 77.8772 -33.3373 27.6103 1650406252320 1648039.0000 -0.1979
-12.3911 77.9105 -32.7169 25.0544 1650406252349 1648066.0000 -0.1980
-12.5118 77.6980 -31.6742 20.2951 1650406252379 1648095.7500 -0.1984
-12.1349 77.7906 -31.2648 33.4256 1650406252407 1648124.7500 -0.1984
-12.5052 77.4307 -30.1854 32.7150 1650406252436 1648153.7500 -0.1984
-12.1909 77.7047 -29.6228 23.0155 1650406252465 1648182.7500 -0.1984
-12.5072 77.4701 -28.2621 26.0489 1650406252494 1648211.7500 -0.1984
-12.0828 77.5044 -27.8130 23.9852 1650406252523 1648240.5000 -0.1984
-12.1074 77.5413 -26.8353 23.8435 1650406252552 1648269.5000 -0.1984
-12.3921 77.6908 -26.1796 22.4469 1650406252581 1648298.2500 -0.1985
-12.0528 77.6944 -25.7981 24.6216 1650406252610 1648327.2500 -0.1989
-12.1621 77.8018 -25.4551 25.1579 1650406252639 1648356.2500 -0.1989
-12.1273 77.8744 -24.9425 20.4822 1650406252667 1648385.2500 -0.1989
-12.0726 77.8858 -24.9772 23.5983 1650406252697 1648414.2500 -0.1988
-12.0983 77.7393 -24.8342 14.6211 1650406252726 1648443.2500 -0.1984
-12.0900 77.7732 -25.0393 18.7965 1650406252755 1648472.2500 -0.1984
-11.8690 77.5703 -25.1642 21.2457 1650406252784 1648500.5000 -0.1984
-12.3407 77.4971 -25.9699 29.7272 1650406252813 1648530.2500 -0.1984
-12.3721 77.2282 -26.5156 26.3686 1650406252842 1648559.2500 -0.1984
-11.6405 77.2440 -27.5699 25.7848 1650406252871 1648588.2500 -0.1984
-11.6734 77.2144 -28.6891 26.6429 1650406252900 1648617.2500 -0.1984
-11.6329 77.4138 -29.5480 22.0102 1650406252928 1648646.0000 -0.1984
-12.0491 77.6926 -29.9398 21.5963 1650406252958 1648675.0000 -0.1982
-12.1537 77.9339 -30.5547 23.6447 1650406252986 1648704.0000 -0.1979
-12.2579 77.7759 -31.4204 26.1906 1650406253015 1648734.5000 -0.1979
-12.0526 77.8191 -32.4899 16.5182 1650406253044 1648761.5000 -0.1979
-12.1898 77.9044 -33.0942 31.6401 1650406253074 1648790.7500 -0.1982
-12.1060 77.6131 -33.6247 20.9233 1650406253102 1648821.2500 -0.1984
-12.1519 77.7293 -34.3313 24.0141 1650406253132 1648848.7500 -0.1984
-11.9430 77.5994 -34.3999 26.5342 1650406253161 1648877.7500 -0.1984
-12.2556 77.3899 -34.6108 21.6629 1650406253190 1648906.7500 -0.1984
-12.3800 77.6136 -34.3629 23.7892 1650406253219 1648935.7500 -0.1984
-12.2234 77.6126 -34.2618 27.0186 1650406253247 1648964.7500 -0.1984
-12.6288 77.8296 -33.7383 30.0341 1650406253277 1648993.7500 -0.1984
-12.2390 77.8119 -33.2533 20.9896 1650406253305 1649022.7500 -0.1987
-12.2240 77.8701 -33.0101 22.5684 1650406253334 1649051.7500 -0.1989
-12.3101 77.9602 -32.6576 24.0108 1650406253363 1649080.7500 -0.1989
-12.5012 77.7982 -31.4870 22.3290 1650406253392 1649109.7500 -0.1989
-12.1147 77.6975 -31.1815 22.8824 1650406253421 1649138.7500 -0.1989
-12.7254 77.7734 -29.7664 19.3921 1650406253450 1649167.7500 -0.1989
-12.2364 77.5285 -29.2938 21.7387 1650406253479 1649196.7500 -0.1989
-12.5145 77.5749 -28.1308 26.0370 1650406253508 1649225.7500 -0.1989
-12.0841 77.6351 -27.6773 25.8252 1650406253537 1649254.7500 -0.1989
-12.5665 77.7967 -26.3483 19.4316 1650406253566 1649285.0000 -0.1989
-12.1869 77.7075 -26.3718 25.8038 1650406253595 1649312.7500 -0.1989
-12.0792 77.7310 -25.5484 23.8292 1650406253624 1649341.5000 -0.1989
-12.3303 77.6831 -25.0883 25.6193 1650406253653 1649370.5000 -0.1989
-12.0002 77.7480 -24.9087 19.8982 1650406253682 1649399.2500 -0.1984
-11.9978 77.8643 -25.0333 16.3783 1650406253711 1649428.2500 -0.1984
-11.9689 77.8813 -25.0675 19.3242 1650406253740 1649457.2500 -0.1984
-12.3539 78.1286 -25.0484 17.0362 1650406253769 1649486.2500 -0.1984
-12.0505 77.5849 -25.3995 25.5001 1650406253798 1649516.2500 -0.1984
-12.4243 77.1847 -25.7805 27.6900 1650406253826 1649544.0000 -0.1984
-11.8761 77.1096 -27.2535 20.4736 1650406253857 1649573.2500 -0.1982
-11.4840 77.2418 -28.0200 28.0008 1650406253885 1649601.7500 -0.1979
-11.5808 77.4122 -28.7881 23.2939 1650406253914 1649631.2500 -0.1979
-11.6282 77.6152 -29.7260 24.9546 1650406253943 1649660.2500 -0.1979
-12.0034 77.7117 -30.2253 21.9089 1650406253972 1649689.2500 -0.1982
-12.0739 78.2031 -31.0025 21.9089 1650406253994 1649711.0000 -0.1984
