-13.3792 76.0466 -35.8428 0.0000 1650405795681 1191430.0000 -0.2004
-13.5366 75.9761 -35.9867 0.0000 1650405795710 1191459.0000 -0.2004
-13.1828 76.2062 -35.9844 0.0000 1650405795739 1191487.7500 -0.2004
-13.4454 76.0172 -35.8581 0.0000 1650405795768 1191518.0000 -0.2004
-13.2600 76.2388 -36.0833 0.0000 1650405795797 1191545.7500 -0.2004
-13.6395 75.7569 -35.6793 0.0000 1650405795826 1191574.7500 -0.2004
-13.4427 75.9824 -35.8304 0.0000 1650405795855 1191603.7500 -0.2004
-13.6426 75.7669 -35.6425 0.0000 1650405795884 1191632.7500 -0.2004
-13.3040 76.1911 -36.0712 0.0000 1650405795912 1191661.7500 -0.1999
-13.2585 76.0339 -35.7330 0.0000 1650405795941 1191690.7500 -0.1999
-13.2010 76.2188 -36.0778 0.0000 1650405795971 1191719.7500 -0.1999
-13.6662 75.8375 -35.5817 0.0000 1650405796000 1191749.7500 -0.1999
-13.3932 76.1264 -36.0007 0.0000 1650405796028 1191779.0000 -0.1999
-13.3955 76.0994 -36.1027 0.0000 1650405796058 1191806.7500 -0.1999
-13.3741 76.2533 -36.0376 0.0000 1650405796087 1191836.7500 -0.1996
-13.2843 76.1383 -35.9781 0.0000 1650405796116 1191864.5000 -0.1994
-13.9949 75.4318 -35.5421 0.0000 1650405796145 1191893.7500 -0.1994
-13.3593 76.0196 -35.8089 0.0000 1650405796173 1191922.7500 -0.1994
-13.4188 76.0927 -36.0459 0.0000 1650405796203 1191951.7500 -0.1994
-13.3108 76.1915 -36.0308 0.0000 1650405796231 1191980.5000 -0.1994
-13.4538 76.0854 -35.8896 0.0000 1650405796260 1192009.7500 -0.1994
-11.8524 77.6595 -37.6031 0.0000 1650405796289 1192038.7500 -0.1994
-13.5088 75.9372 -35.9799 0.0000 1650405796318 1192067.7500 -0.1996
-13.4285 76.0920 -35.8595 0.0000 1650405796347 1192096.7500 -0.1999
-12.1569 77.3916 -37.4276 0.0000 1650405796376 1192125.5000 -0.1999
-13.4821 76.0249 -35.8924 0.0000 1650405796405 1192154.5000 -0.1999
-11.6925 77.7714 -37.4029 0.0000 1650405796435 1192183.2500 -0.1999
-13.3818 76.0689 -35.8822 0.0000 1650405796464 1192212.2500 -0.1999
-11.5949 77.7486 -37.4643 0.0000 1650405796492 1192241.2500 -0.1999
-13.3410 76.0810 -35.8594 0.0000 1650405796522 1192271.5000 -0.2004
-13.2902 76.1040 -35.7718 0.0000 1650405796550 1192298.5000 -0.2004
-11.7004 77.7016 -37.4548 0.0000 1650405796579 1192328.2500 -0.2004
-11.9249 77.3466 -37.3222 0.0000 1650405796608 1192357.2500 -0.2004
-11.7629 77.7212 -37.5395 0.0000 1650405796637 1192386.2500 -0.2004
-13.5670 75.8882 -35.5892 0.0000 1650405796666 1192415.2500 -0.2004
-11.6078 77.7708 -37.4947 0.0000 1650405796695 1192444.2500 -0.1999
-11.9131 77.5109 -37.1294 0.0000 1650405796724 1192473.2500 -0.1999
-13.3848 76.0575 -35.7596 0.0000 1650405796753 1192502.2500 -0.1999
-11.6743 77.7353 -37.4475 0.0000 1650405796782 1192533.7500 -0.1999
-13.3426 76.1923 -35.9234 0.0000 1650405796811 1192561.0000 -0.1999
-13.3512 76.0510 -35.7684 0.0000 1650405796840 1192589.0000 -0.1999
-13.5176 76.0205 -35.8574 0.0000 1650405796869 1192619.5000 -0.1999
-13.3602 76.0407 -35.6928 0.0000 1650405796899 1192646.7500 -0.1999
-11.6961 77.6339 -37.5054 0.0000 1650405796927 1192675.7500 -0.1994
-13.5426 75.8592 -35.9580 0.0000 1650405796956 1192704.7500 -0.1994
-13.4203 75.9746 -35.8053 0.0000 1650405796985 1192733.7500 -0.1994
-13.1775 76.0825 -35.7283 0.0000 1650405797014 1192762.7500 -0.1994
-13.3988 75.9933 -35.7899 0.0000 1650405797043 1192791.7500 -0.1994
-11.6921 77.8353 -37.5476 0.0000 1650405797071 1192820.7500 -0.1994
-13.5620 75.9032 -35.8603 0.0000 1650405797101 1192849.7500 -0.1994
-13.4987 75.9972 -35.9503 0.0000 1650405797130 1192878.7500 -0.1994
-11.8275 77.6833 -37.6227 0.0000 1650405797159 1192907.7500 -0.1999
-13.3673 76.1127 -35.6771 0.0000 1650405797187 1192936.7500 -0.1999
-13.4408 76.1198 -35.8746 0.0000 1650405797217 1192965.7500 -0.1999
-11.8501 77.6437 -37.4412 0.0000 1650405797246 1192994.7500 -0.1999
-13.6591 75.7286 -35.5426 0.0000 1650405797275 1193023.7500 -0.1999
-13.4936 75.8511 -35.4774 0.0000 1650405797304 1193053.7500 -0.1999
-13.3490 76.0659 -35.8763 0.0000 1650405797333 1193081.5000 -0.2000
-13.2907 76.1406 -35.8322 0.0000 1650405797362 1193110.7500 -0.2004
-13.3121 76.0841 -35.8200 0.0000 1650405797390 1193139.7500 -0.2004
-11.5966 77.7994 -37.4259 0.0000 1650405797419 1193168.7500 -0.2004
-11.6795 77.7371 -37.3139 0.0000 1650405797448 1193197.7500 -0.2004
-11.6145 77.8488 -37.4155 0.0000 1650405797477 1193226.5000 -0.2004
-11.7267 77.6611 -37.4229 0.0000 1650405797506 1193255.5000 -0.2004
-11.6948 77.7381 -37.5482 0.0000 1650405797536 1193284.5000 -0.1999
-11.7536 77.7710 -37.3891 0.0000 1650405797564 1193313.0000 -0.1999
-13.1625 76.1915 -35.9641 0.0000 1650405797593 1193341.7500 -0.1999
-13.3182 76.0445 -36.0775 0.0000 1650405797623 1193371.2500 -0.1999
-11.6151 77.8923 -37.4228 0.0000 1650405797651 1193403.0000 -0.1994
-11.8129 77.7420 -37.5070 0.0000 1650405797681 1193429.2500 -0.1994
-11.7865 77.6886 -37.4763 0.0000 1650405797709 1193458.2500 -0.1994
-13.1919 76.2717 -35.9649 0.0000 1650405797738 1193487.2500 -0.1994
-13.3994 76.0484 -35.7598 0.0000 1650405797767 1193516.2500 -0.1994
-13.4644 75.9415 -35.9071 0.0000 1650405797796 1193545.2500 -0.1994
-13.1506 76.1811 -35.8056 0.0000 1650405797825 1193574.2500 -0.1989
-13.3520 76.1403 -35.9431 0.0000 1650405797854 1193603.2500 -0.1989
-11.6693 77.7949 -37.4128 0.0000 1650405797883 1193632.0000 -0.1989
-11.7022 77.7914 -37.3229 0.0000 1650405797912 1193661.0000 -0.1989
-11.7466 77.7391 -37.4432 0.0000 1650405797941 1193690.0000 -0.1989
-13.1978 76.3085 -35.9253 0.0000 1650405797970 1193719.0000 -0.1989
-13.4309 76.0339 -35.6205 0.0000 1650405798000 1193747.7500 -0.1990
-13.1094 76.3620 -35.8819 0.0000 1650405798028 1193776.7500 -0.1994
-13.2756 76.2602 -35.9430 0.0000 1650405798057 1193805.7500 -0.1994
-13.3848 76.1207 -35.8386 0.0000 1650405798086 1193836.0000 -0.1994
-11.6072 77.7601 -37.3744 0.0000 1650405798115 1193863.2500 -0.1994
-13.2391 76.2129 -35.9416 0.0000 1650405798144 1193892.7500 -0.1994
-11.6221 77.8294 -37.3898 0.0000 1650405798173 1193921.7500 -0.1994
-13.1804 76.2261 -36.0819 0.0000 1650405798202 1193950.7500 -0.1994
-11.7872 77.6211 -37.4203 0.0000 1650405798230 1193979.7500 -0.1994
-13.2104 76.3038 -35.9360 0.0000 1650405798260 1194008.7500 -0.1994
-11.7040 77.7460 -37.4994 0.0000 1650405798289 1194037.7500 -0.1994
-11.5644 77.9178 -37.4732 0.0000 1650405798318 1194066.7500 -0.1994
-11.6068 77.8458 -37.3782 0.0000 1650405798347 1194100.0000 -0.1994
-13.1308 76.2261 -36.0503 0.0000 1650405798376 1194126.0000 -0.1994
-11.8095 77.6830 -37.5809 0.0000 1650405798405 1194153.7500 -0.1994
-11.8345 77.5864 -37.4747 0.0000 1650405798434 1194182.2500 -0.1994
-11.9296 77.5665 -37.1974 0.0000 1650405798463 1194211.7500 -0.1994
-11.8512 77.7421 -37.5842 0.0000 1650405798492 1194240.7500 -0.1989
-13.2654 76.2169 -35.5185 0.0000 1650405798521 1194269.7500 -0.1989
-11.7715 77.3531 -35.4509 0.0000 1650405798549 1194298.7500 -0.1989
-11.5703 78.2107 -35.8296 0.0000 1650405798579 1194327.5000 -0.1989
-11.6966 77.5646 -34.2631 0.0000 1650405798607 1194356.5000 -0.1989
-11.9801 77.6623 -33.7166 0.0000 1650405798636 1194385.5000 -0.1989
-11.1154 78.0342 -33.4026 0.0000 1650405798665 1194414.2500 -0.1984
-13.0949 76.1120 -30.8579 0.0000 1650405798695 1194443.2500 -0.1984
-13.5342 75.6463 -30.5546 0.0000 1650405798723 1194472.2500 -0.1984
-12.8350 76.2502 -29.5992 0.0000 1650405798753 1194501.2500 -0.1984
-13.1293 76.3067 -29.3446 0.0000 1650405798782 1194530.2500 -0.1984
-13.3752 75.7136 -28.2590 0.0000 1650405798811 1194559.2500 -0.1984
-13.4088 76.0009 -28.1430 0.0000 1650405798840 1194588.2500 -0.1989
-13.3943 75.7840 -27.5996 0.0000 1650405798868 1194620.0000 -0.1989
-13.9550 75.2888 -27.2572 0.0000 1650405798897 1194647.2500 -0.1990
-12.0352 77.5374 -29.5050 0.0000 1650405798926 1194675.2500 -0.1994
-12.1432 77.4973 -29.3186 0.0000 1650405798955 1194704.2500 -0.1994
-14.0918 76.3515 -28.1886 0.0000 1650405798984 1194733.2500 -0.1994
-13.5645 76.1094 -28.1597 0.0000 1650405799013 1194762.0000 -0.1994
-13.8872 76.3299 -27.8203 0.0000 1650405799042 1194791.0000 -0.1994
-14.3530 75.8115 -27.6799 0.0000 1650405799071 1194820.0000 -0.1994
-14.1897 76.0747 -27.7497 0.0000 1650405799100 1194849.0000 -0.1999
-14.5800 75.5767 -27.4546 0.0000 1650405799129 1194882.0000 -0.1998
-13.9520 76.6335 -28.4494 0.0000 1650405799159 1194906.2500 -0.1994
-14.0339 76.2863 -28.0583 0.0000 1650405799187 1194935.7500 -0.1994
-13.5715 76.7802 -28.7900 0.0000 1650405799216 1194964.5000 -0.1999
-13.5474 76.8025 -28.8668 0.0000 1650405799245 1194993.7500 -0.1998
-13.6931 76.3644 -28.0467 0.0000 1650405799274 1195022.7500 -0.1994
-14.0779 76.0809 -28.0763 0.0000 1650405799303 1195051.7500 -0.1994
-13.2791 76.5713 -28.7756 0.0000 1650405799332 1195080.7500 -0.1994
-13.5014 76.9115 -28.8776 0.0000 1650405799361 1195109.7500 -0.1994
-13.6174 76.9617 -28.8346 0.0000 1650405799390 1195138.7500 -0.1994
-13.2869 76.6135 -28.6253 0.0000 1650405799419 1195167.7500 -0.1994
-13.4474 76.7800 -28.8829 0.0000 1650405799448 1195196.7500 -0.1994
-13.3077 76.6928 -28.6511 0.0000 1650405799477 1195225.7500 -0.1994
-13.5597 76.8164 -28.8565 0.0000 1650405799506 1195254.7500 -0.1994
-13.5701 76.8404 -28.8383 0.0000 1650405799535 1195283.7500 -0.1994
-13.4644 76.8923 -29.0210 0.0000 1650405799564 1195312.7500 -0.1989
-13.4763 76.7394 -28.9611 0.0000 1650405799593 1195341.7500 -0.1989
-13.3290 76.6635 -28.5548 0.0000 1650405799622 1195370.7500 -0.1989
-13.1931 76.6935 -28.5228 0.0000 1650405799651 1195400.7500 -0.1989
-13.2665 76.6313 -28.6393 0.0000 1650405799680 1195428.2500 -0.1990
-13.4196 76.7797 -28.5916 0.0000 1650405799708 1195457.5000 -0.1994
-13.2688 76.7365 -28.6985 0.0000 1650405799738 1195486.5000 -0.1994
-13.2705 76.6993 -28.6942 0.0000 1650405799766 1195515.2500 -0.1994
-13.5795 76.8425 -28.9063 0.0000 1650405799795 1195544.2500 -0.1994
-13.3142 76.5995 -28.6575 0.0000 1650405799825 1195573.2500 -0.1994
-13.4227 76.8345 -28.8409 0.0000 1650405799854 1195602.2500 -0.1996
-13.2934 76.6367 -28.6590 0.0000 1650405799882 1195631.2500 -0.1999
-13.3386 76.5782 -28.6262 0.0000 1650405799911 1195661.2500 -0.1999
-13.2226 76.6544 -28.6403 0.0000 1650405799941 1195689.0000 -0.1999
-13.2818 76.5763 -28.6775 0.0000 1650405799970 1195718.2500 -0.1999
-13.3436 76.6138 -28.6683 0.0000 1650405799999 1195748.5000 -0.1999
-13.2816 76.6602 -28.6241 0.0000 1650405800027 1195776.2500 -0.1999
-13.1202 76.9016 -28.6881 0.0000 1650405800056 1195805.2500 -0.1999
-13.2112 76.6899 -28.6605 0.0000 1650405800085 1195834.2500 -0.1999
-13.4355 76.9021 -28.8727 0.0000 1650405800114 1195863.0000 -0.1994
-13.2269 76.7280 -28.6310 0.0000 1650405800143 1195892.0000 -0.1994
-13.1834 76.9516 -29.2104 0.0000 1650405800172 1195921.0000 -0.1994
-12.5396 76.6233 -29.5692 0.0000 1650405800201 1195950.0000 -0.1994
-12.6886 76.3008 -29.6475 0.0000 1650405800230 1195978.7500 -0.1989
-12.0410 76.4880 -30.6319 0.0000 1650405800259 1196007.7500 -0.1989
-12.1580 75.9166 -31.0378 0.0000 1650405800288 1196036.7500 -0.1984
-12.2917 75.8519 -32.2220 0.0000 1650405800318 1196065.7500 -0.1984
-12.1676 76.8113 -33.2661 0.0000 1650405800346 1196094.7500 -0.1984
-12.1529 76.2062 -33.1593 0.0000 1650405800375 1196123.7500 -0.1984
-12.3721 76.5913 -34.0244 0.0000 1650405800404 1196152.7500 -0.1984
-12.5450 76.0861 -34.5577 0.0000 1650405800433 1196183.0000 -0.1984
-12.9713 75.5676 -35.6279 0.0000 1650405800462 1196210.5000 -0.1984
-12.6808 75.5890 -35.5589 0.0000 1650405800491 1196239.7500 -0.1984
-12.6017 75.8008 -36.7246 0.0000 1650405800520 1196268.7500 -0.1987
-11.1850 77.3204 -39.3019 0.0000 1650405800549 1196297.7500 -0.1989
-10.6607 77.6804 -39.8211 0.0000 1650405800578 1196326.7500 -0.1990
-10.9046 77.3795 -40.3990 0.0000 1650405800607 1196355.7500 -0.1994
-11.1503 77.6224 -41.2511 0.0000 1650405800636 1196384.7500 -0.1994
-12.9154 75.3629 -39.9241 0.0000 1650405800665 1196415.0000 -0.1994
-12.8887 75.6802 -41.3207 0.0000 1650405800694 1196445.2500 -0.1995
-12.5146 76.0596 -41.7149 0.0000 1650405800723 1196471.2500 -0.1999
-10.6215 77.6480 -44.1411 0.0000 1650405800752 1196500.7500 -0.1999
-11.3254 76.9804 -44.6126 0.0000 1650405800781 1196532.5000 -0.1999
-11.1174 77.4247 -44.8994 0.0000 1650405800810 1196558.5000 -0.1999
-12.4784 75.5847 -43.8514 0.0000 1650405800839 1196587.5000 -0.1999
-11.2002 77.0270 -46.6819 0.0000 1650405800868 1196616.5000 -0.1999
-11.0044 77.4069 -46.8941 0.0000 1650405800897 1196645.2500 -0.1999
-12.4529 75.8275 -45.8383 0.0000 1650405800925 1196674.2500 -0.1999
-10.6853 77.2377 -48.0433 0.0000 1650405800954 1196703.2500 -0.1994
-10.6006 77.3224 -48.4956 0.0000 1650405800984 1196732.2500 -0.1994
-12.9797 75.5795 -47.6796 0.0000 1650405801013 1196761.2500 -0.1994
-11.0763 77.5542 -49.7129 0.0000 1650405801041 1196790.2500 -0.1994
-11.2150 76.9985 -50.2991 0.0000 1650405801071 1196819.2500 -0.1994
-12.1873 75.2484 -48.6431 0.0000 1650405801100 1196848.2500 -0.1994
-12.3969 75.3671 -48.8095 0.0000 1650405801129 1196877.2500 -0.1989
-10.5464 76.9551 -51.2266 0.0000 1650405801158 1196906.2500 -0.1989
-10.4728 77.1342 -51.3354 0.0000 1650405801187 1196935.2500 -0.1989
-11.2549 77.1038 -52.0631 0.0000 1650405801216 1196968.2500 -0.1989
-10.8667 76.9986 -51.8622 0.0000 1650405801244 1196992.7500 -0.1989
-10.7870 76.8964 -52.0947 0.0000 1650405801273 1197022.0000 -0.1989
-12.5173 75.6360 -50.8218 0.0000 1650405801302 1197051.0000 -0.1989
-10.2589 77.3089 -52.6653 0.0000 1650405801331 1197079.7500 -0.1989
-12.0188 75.7283 -51.2969 0.0000 1650405801360 1197108.7500 -0.1994
-12.2605 75.9000 -51.7506 0.0000 1650405801389 1197137.7500 -0.1994
-11.2031 76.5491 -52.4753 0.0000 1650405801418 1197166.7500 -0.1994
-12.0171 75.4507 -51.5038 0.0000 1650405801447 1197195.7500 -0.1994
-11.0705 76.9361 -52.9224 0.0000 1650405801477 1197226.0000 -0.1994
-10.9786 76.7820 -52.8755 0.0000 1650405801505 1197253.5000 -0.1994
-12.2985 75.7187 -51.7549 0.0000 1650405801534 1197282.7500 -0.1994
-12.5383 75.4682 -51.7792 0.0000 1650405801563 1197313.0000 -0.1994
-12.9774 75.2173 -50.9311 0.0000 1650405801592 1197340.7500 -0.1994
-12.5670 75.4336 -51.7065 0.0000 1650405801621 1197369.7500 -0.1994
-12.2217 75.8392 -51.0774 0.0000 1650405801650 1197398.7500 -0.1996
-12.4103 75.8322 -51.0654 0.0000 1650405801679 1197427.7500 -0.1999
-12.7177 76.1405 -51.0652 0.0000 1650405801708 1197456.7500 -0.1999
-13.1510 75.9525 -50.4803 0.0000 1650405801737 1197485.7500 -0.1999
-12.8178 75.5273 -49.5165 0.0000 1650405801765 1197514.7500 -0.1999
-12.8960 75.1160 -49.1729 0.0000 1650405801795 1197543.7500 -0.1994
-12.3258 76.0180 -49.3413 0.0000 1650405801824 1197572.7500 -0.1994
-12.1691 76.0033 -49.0660 0.0000 1650405801853 1197601.7500 -0.1994
-12.4858 76.4582 -48.8090 0.0000 1650405801882 1197630.7500 -0.1994
-13.2954 75.8503 -47.8383 0.0000 1650405801911 1197659.7500 -0.1994
-12.5872 75.6144 -47.4644 0.0000 1650405801940 1197688.5000 -0.1994
-11.5678 76.9025 -48.1262 0.0000 1650405801969 1197717.5000 -0.1989
-12.5726 76.2431 -47.2203 0.0000 1650405801998 1197745.7500 -0.1989
-12.4273 75.9414 -46.0240 0.0000 1650405802027 1197775.2500 -0.1989
-12.5591 75.9320 -45.7362 0.0000 1650405802056 1197804.2500 -0.1989
-11.6941 77.1254 -46.1966 0.0000 1650405802084 1197833.2500 -0.1987
-13.1492 75.5451 -44.4517 0.0000 1650405802114 1197862.2500 -0.1984
-12.7348 76.0504 -43.9786 0.0000 1650405802142 1197891.2500 -0.1984
-12.2810 76.8886 -44.5214 0.0000 1650405802171 1197920.2500 -0.1984
-13.2782 75.6598 -42.9062 0.0000 1650405802200 1197949.2500 -0.1985
-13.3605 75.2907 -41.4219 0.0000 1650405802229 1197978.2500 -0.1989
-13.2346 75.4667 -41.5994 0.0000 1650405802259 1198006.2500 -0.1989
-12.7077 75.5537 -40.9773 0.0000 1650405802288 1198036.2500 -0.1989
-13.4563 75.1302 -39.8332 0.0000 1650405802317 1198066.7500 -0.1989
-11.7013 76.6923 -40.9516 0.0000 1650405802345 1198095.0000 -0.1989
-13.1420 75.7647 -39.0403 0.0000 1650405802375 1198123.0000 -0.1989
-13.3121 75.8848 -38.4164 0.0000 1650405802403 1198152.0000 -0.1989
-12.0576 76.9048 -39.1385 0.0000 1650405802432 1198181.0000 -0.1989
-13.0087 75.7326 -36.9141 0.0000 1650405802461 1198209.7500 -0.1989
-12.0817 76.9712 -37.4273 0.0000 1650405802490 1198238.7500 -0.1989
-13.4986 75.9651 -35.7942 0.0000 1650405802519 1198267.7500 -0.1994
-12.9522 75.8872 -34.8292 0.0000 1650405802548 1198296.7500 -0.1994
-12.1617 77.3274 -35.9765 0.0000 1650405802577 1198325.7500 -0.1994
-13.3924 75.5247 -33.2912 0.0000 1650405802606 1198354.7500 -0.1994
-13.6195 75.6940 -32.8455 0.0000 1650405802636 1198383.7500 -0.1989
-13.4618 76.0450 -32.7287 0.0000 1650405802664 1198412.7500 -0.1989
-13.6090 75.4899 -31.2202 0.0000 1650405802694 1198441.7500 -0.1989
-13.3858 75.9409 -30.9963 0.0000 1650405802726 1198470.7500 -0.1989
-13.5867 75.8973 -30.4164 0.0000 1650405802751 1198499.7500 -0.1989
-13.8294 75.8719 -29.5051 0.0000 1650405802780 1198529.2500 -0.1989
-13.7753 75.5982 -29.2025 0.0000 1650405802809 1198557.7500 -0.1984
-13.6955 75.5053 -28.1528 0.0000 1650405802838 1198586.7500 -0.1984
-13.2134 76.2360 -28.3226 0.0000 1650405802867 1198615.7500 -0.1984
-13.8077 75.7610 -27.9554 0.0000 1650405802896 1198644.7500 -0.1984
-13.6948 75.7554 -27.9068 0.0000 1650405802925 1198673.7500 -0.1979
-13.3205 76.0034 -28.1815 0.0000 1650405802954 1198702.7500 -0.1979
-13.4203 76.0374 -27.8841 0.0000 1650405802983 1198731.7500 -0.1979
-13.6006 75.8386 -27.5609 0.0000 1650405803012 1198762.0000 -0.1979
-13.8006 76.1661 -27.9141 0.0000 1650405803041 1198791.7500 -0.1979
-14.0538 76.3769 -28.1827 0.0000 1650405803070 1198818.5000 -0.1979
-13.8617 76.6212 -28.0749 0.0000 1650405803099 1198847.5000 -0.1979
-14.5523 75.9453 -27.5422 0.0000 1650405803128 1198875.7500 -0.1979
-14.1165 76.1599 -28.1763 0.0000 1650405803157 1198905.2500 -0.1984
-13.9688 75.8850 -27.8591 0.0000 1650405803186 1198934.2500 -0.1984
-14.5598 75.6853 -27.8679 0.0000 1650405803215 1198963.2500 -0.1984
-13.7861 76.4332 -28.3468 0.0000 1650405803243 1198992.2500 -0.1984
-13.9339 76.3178 -28.3144 0.0000 1650405803273 1199021.2500 -0.1984
-13.9872 75.9281 -27.9168 0.0000 1650405803301 1199050.2500 -0.1984
-14.2508 76.3242 -28.0192 0.0000 1650405803331 1199079.2500 -0.1984
-13.7700 76.4528 -28.1761 0.0000 1650405803360 1199108.2500 -0.1984
-13.2938 76.9226 -28.7321 0.0000 1650405803389 1199137.2500 -0.1984
-13.3210 76.8984 -28.7745 0.0000 1650405803418 1199166.2500 -0.1984
-13.1006 76.7090 -28.6217 0.0000 1650405803447 1199195.2500 -0.1984
-13.2864 76.7931 -28.8391 0.0000 1650405803476 1199224.0000 -0.1984
-13.0803 76.6171 -28.5342 0.0000 1650405803505 1199253.0000 -0.1984
-13.7750 76.3279 -28.3173 0.0000 1650405803534 1199283.5000 -0.1984
-12.2003 77.7101 -29.3454 0.0000 1650405803562 1199311.5000 -0.1984
-13.0260 76.7944 -28.4528 0.0000 1650405803591 1199339.7500 -0.1984
-13.0348 76.7906 -28.7131 0.0000 1650405803620 1199368.7500 -0.1984
-12.3566 77.5237 -29.4000 0.0000 1650405803649 1199397.7500 -0.1979
-12.8908 76.9114 -28.4462 0.0000 1650405803678 1199426.7500 -0.1979
-13.1904 76.7241 -28.5281 0.0000 1650405803708 1199455.7500 -0.1974
-13.0019 76.5507 -28.5255 0.0000 1650405803736 1199484.7500 -0.1974
-13.1546 76.8446 -28.8339 0.0000 1650405803765 1199513.7500 -0.1974
-13.0979 76.6326 -28.6501 0.0000 1650405803795 1199544.2500 -0.1974
-13.2203 76.6591 -28.6514 0.0000 1650405803823 1199570.7500 -0.1974
-13.3043 76.9749 -28.9722 0.0000 1650405803853 1199600.7500 -0.1974
-13.0211 76.6193 -28.6088 0.0000 1650405803881 1199631.2500 -0.1976
-13.1940 77.0383 -28.5348 0.0000 1650405803910 1199658.5000 -0.1979
-12.4369 77.3204 -28.9090 0.0000 1650405803939 1199687.7500 -0.1979
-13.0766 76.7229 -28.5051 0.0000 1650405803968 1199716.7500 -0.1979
-12.1438 77.6203 -29.2254 0.0000 1650405803997 1199745.7500 -0.1979
-12.6198 76.8096 -28.2962 0.0000 1650405804026 1199774.7500 -0.1979
-13.1004 76.7701 -28.6376 0.0000 1650405804055 1199803.7500 -0.1979
-12.4691 77.5921 -29.4709 0.0000 1650405804084 1199832.7500 -0.1979
-12.4156 77.5224 -29.5699 0.0000 1650405804113 1199861.7500 -0.1979
-12.4396 77.4801 -29.6596 0.0000 1650405804142 1199890.7500 -0.1979
-12.0645 77.5017 -29.2413 0.0000 1650405804171 1199919.5000 -0.1979
-12.9568 76.9964 -29.3822 0.0000 1650405804200 1199948.5000 -0.1979
-11.4370 76.9247 -30.0717 0.0000 1650405804229 1199977.2500 -0.1979
-12.3624 76.5742 -30.3290 0.0000 1650405804258 1200006.2500 -0.1979
-12.2370 76.8179 -31.1276 0.0000 1650405804287 1200035.2500 -0.1979
-10.8396 77.2912 -32.6383 0.0000 1650405804316 1200065.7500 -0.1979
-12.8352 75.2151 -31.6763 0.0000 1650405804345 1200092.7500 -0.1978
-13.1253 75.9212 -32.4602 0.0000 1650405804374 1200122.2500 -0.1974
-13.2759 75.0625 -33.1526 0.0000 1650405804402 1200151.2500 -0.1974
-12.1385 76.4589 -34.5900 0.0000 1650405804432 1200180.2500 -0.1974
-12.4007 76.0095 -34.6421 0.0000 1650405804460 1200209.2500 -0.1974
-13.0770 75.4252 -35.6456 0.0000 1650405804490 1200238.2500 -0.1974
-13.0475 75.6115 -35.9749 0.0000 1650405804518 1200267.2500 -0.1974
-12.2888 75.8734 -36.8395 0.0000 1650405804548 1200296.2500 -0.1969
-11.1465 77.7332 -39.1125 0.0000 1650405804577 1200324.7500 -0.1969
-12.8184 75.1597 -37.9613 0.0000 1650405804606 1200353.5000 -0.1969
-12.5199 75.6528 -39.4783 0.0000 1650405804635 1200383.0000 -0.1969
-10.8515 77.4395 -41.2906 0.0000 1650405804664 1200412.0000 -0.1969
-12.4498 75.5648 -40.1443 0.0000 1650405804693 1200440.5000 -0.1969
-12.6828 75.8411 -41.5959 0.0000 1650405804721 1200469.7500 -0.1974
-12.4749 75.6990 -41.5728 0.0000 1650405804751 1200498.7500 -0.1974
-12.3557 75.7472 -42.5498 0.0000 1650405804779 1200527.7500 -0.1974
-12.7056 75.4845 -42.6910 0.0000 1650405804808 1200556.7500 -0.1974
-12.5464 75.6442 -42.9811 0.0000 1650405804837 1200585.7500 -0.1974
-12.8246 75.2506 -44.1886 0.0000 1650405804866 1200614.7500 -0.1974
-11.0642 76.8633 -46.6928 0.0000 1650405804895 1200643.7500 -0.1974
-10.8140 77.1782 -46.9866 0.0000 1650405804924 1200672.7500 -0.1974
-10.5601 77.2749 -47.8406 0.0000 1650405804953 1200701.7500 -0.1977
-10.9787 76.9270 -48.4783 0.0000 1650405804982 1200730.7500 -0.1979
-10.6320 77.4077 -48.6110 0.0000 1650405805012 1200759.7500 -0.1978
-10.5924 77.0496 -49.2752 0.0000 1650405805040 1200788.7500 -0.1974
-10.4820 77.4905 -49.9334 0.0000 1650405805069 1200817.7500 -0.1974
-10.9033 77.2168 -50.2484 0.0000 1650405805098 1200846.2500 -0.1979
-12.0497 75.5905 -48.7345 0.0000 1650405805127 1200875.2500 -0.1978
-11.9250 75.7789 -49.4653 0.0000 1650405805156 1200904.7500 -0.1974
-10.8409 77.2189 -51.3979 0.0000 1650405805185 1200933.7500 -0.1974
-11.5037 76.2019 -51.1953 0.0000 1650405805214 1200962.7500 -0.1974
-11.1091 77.0369 -52.3003 0.0000 1650405805243 1200991.7500 -0.1974
-10.9105 77.0542 -52.0173 0.0000 1650405805272 1201020.5000 -0.1974
-12.2781 75.2852 -50.3915 0.0000 1650405805301 1201049.5000 -0.1974
-12.7616 75.0973 -50.3423 0.0000 1650405805330 1201078.5000 -0.1969
-12.3864 75.7633 -51.1654 0.0000 1650405805359 1201108.5000 -0.1969
-12.3395 76.1160 -51.4268 0.0000 1650405805388 1201137.0000 -0.1969
-11.5343 76.8841 -52.4997 0.0000 1650405805417 1201165.2500 -0.1969
-11.2401 76.4150 -52.3607 0.0000 1650405805446 1201194.2500 -0.1965
-12.6590 74.9040 -50.7751 0.0000 1650405805475 1201223.2500 -0.1965
-12.1246 75.5724 -51.5650 0.0000 1650405805504 1201252.2500 -0.1965
-10.7816 76.7433 -52.8891 0.0000 1650405805533 1201281.2500 -0.1965
-11.3712 76.4884 -52.5514 0.0000 1650405805562 1201310.2500 -0.1965
-13.0737 74.7581 -51.1507 0.0000 1650405805591 1201339.2500 -0.1965
-12.3379 75.7900 -51.4853 0.0000 1650405805619 1201368.2500 -0.1965
-12.3565 75.7385 -51.3927 0.0000 1650405805648 1201397.2500 -0.1965
-12.2430 75.6757 -51.2041 0.0000 1650405805678 1201426.2500 -0.1966
-12.5469 76.0237 -51.2813 0.0000 1650405805707 1201455.0000 -0.1969
-12.6617 76.1778 -51.1244 0.0000 1650405805735 1201484.0000 -0.1969
-12.3620 75.9177 -50.2957 0.0000 1650405805765 1201513.0000 -0.1969
-12.4349 75.9120 -50.2110 0.0000 1650405805794 1201541.7500 -0.1969
-11.9612 76.2255 -50.3378 0.0000 1650405805823 1201570.7500 -0.1969
-11.6191 76.9157 -50.2759 0.0000 1650405805852 1201599.7500 -0.1969
-11.7226 76.8480 -49.9437 0.0000 1650405805880 1201630.2500 -0.1969
-12.4535 76.2380 -48.8994 0.0000 1650405805910 1201659.0000 -0.1969
-12.2221 75.9496 -47.9546 0.0000 1650405805938 1201686.7500 -0.1969
-10.7306 77.0606 -48.7601 0.0000 1650405805967 1201715.7500 -0.1969
-11.3291 76.8182 -48.0112 0.0000 1650405805996 1201744.7500 -0.1969
-12.1807 75.7725 -46.8171 0.0000 1650405806025 1201773.7500 -0.1968
-12.8658 75.1548 -45.2088 0.0000 1650405806054 1201802.7500 -0.1965
-12.2662 75.9998 -45.3901 0.0000 1650405806083 1201831.7500 -0.1965
-11.8330 76.9122 -46.1318 0.0000 1650405806112 1201860.7500 -0.1965
-12.7453 75.4421 -43.9262 0.0000 1650405806142 1201890.5000 -0.1965
-12.8823 75.6057 -43.6400 0.0000 1650405806171 1201920.0000 -0.1965
-12.0130 77.0623 -44.5005 0.0000 1650405806199 1201947.7500 -0.1965
-12.7155 75.6272 -42.5560 0.0000 1650405806229 1201977.7500 -0.1960
-12.6941 75.6797 -41.7740 0.0000 1650405806258 1202005.7500 -0.1960
-12.8132 75.5896 -41.4940 0.0000 1650405806286 1202034.7500 -0.1960
-12.8526 75.3208 -40.6420 0.0000 1650405806315 1202063.7500 -0.1960
-12.6276 75.8806 -40.2693 0.0000 1650405806344 1202092.7500 -0.1960
-12.6330 75.6688 -39.5865 0.0000 1650405806373 1202121.7500 -0.1960
-12.9680 75.3219 -38.8682 0.0000 1650405806402 1202150.5000 -0.1960
-13.4798 75.0827 -37.7177 0.0000 1650405806431 1202179.5000 -0.1960
-13.1885 75.8699 -37.6435 0.0000 1650405806460 1202208.2500 -0.1960
-13.6008 75.2707 -36.3160 0.0000 1650405806489 1202237.2500 -0.1960
-12.3316 77.0571 -37.5913 0.0000 1650405806518 1202266.2500 -0.1962
-13.5459 75.8761 -35.7438 0.0000 1650405806547 1202295.2500 -0.1965
-14.1634 75.1814 -34.1271 0.0000 1650405806576 1202324.2500 -0.1965
-12.0828 77.5811 -35.9013 0.0000 1650405806605 1202353.2500 -0.1965
-13.5308 76.0390 -33.5031 0.0000 1650405806634 1202382.2500 -0.1965
-12.1201 77.1559 -34.2430 0.0000 1650405806663 1202411.0000 -0.1965
-13.8726 75.8236 -32.1331 0.0000 1650405806692 1202439.7500 -0.1965
-13.5461 76.1901 -31.5285 0.0000 1650405806721 1202469.2500 -0.1965
-11.9520 77.1634 -32.1037 0.0000 1650405806750 1202498.2500 -0.1966
-13.6278 76.1540 -30.3448 0.0000 1650405806778 1202527.2500 -0.1969
-13.2988 75.8817 -29.2293 0.0000 1650405806808 1202556.0000 -0.1969
-13.6460 75.4666 -28.6880 0.0000 1650405806837 1202585.0000 -0.1969
-14.1959 74.8489 -27.1373 0.0000 1650405806866 1202614.0000 -0.1969
-14.1577 75.3963 -27.4131 0.0000 1650405806894 1202643.0000 -0.1965
-11.6892 77.3904 -29.5022 0.0000 1650405806924 1202674.7500 -0.1965
-13.4091 75.9084 -27.7538 0.0000 1650405806953 1202702.0000 -0.1965
-13.6755 75.7768 -27.6988 0.0000 1650405806982 1202729.7500 -0.1965
-14.0383 75.4718 -27.3663 0.0000 1650405807011 1202758.5000 -0.1965
-13.8556 76.2711 -28.0358 0.0000 1650405807040 1202787.7500 -0.1965
-13.7827 76.1369 -27.9847 0.0000 1650405807069 1202816.7500 -0.1960
-13.7746 76.1117 -28.1106 0.0000 1650405807097 1202845.7500 -0.1960
-14.2068 76.1389 -28.0542 0.0000 1650405807126 1202874.7500 -0.1960
-13.8684 76.1272 -28.0394 0.0000 1650405807155 1202903.7500 -0.1960
-14.2459 75.9631 -28.0305 0.0000 1650405807184 1202932.7500 -0.1960
-14.0492 76.2327 -28.2829 0.0000 1650405807213 1202961.7500 -0.1960
-13.9799 75.9574 -27.9072 0.0000 1650405807243 1202990.7500 -0.1960
-13.8404 76.2939 -28.1900 0.0000 1650405807271 1203019.7500 -0.1960
-13.2847 76.8989 -28.9642 0.0000 1650405807300 1203048.7500 -0.1960
-13.2350 76.9875 -29.0173 0.0000 1650405807330 1203077.7500 -0.1960
-12.1627 77.5414 -29.4716 0.0000 1650405807358 1203106.7500 -0.1960
-13.0837 76.5217 -28.6075 0.0000 1650405807388 1203135.7500 -0.1960
-13.2459 76.6892 -28.7184 0.0000 1650405807416 1203164.7500 -0.1960
-13.7094 76.0782 -28.4735 0.0000 1650405807445 1203193.5000 -0.1960
-12.9267 76.5557 -28.7436 0.0000 1650405807474 1203222.5000 -0.1960
-12.9644 76.3348 -28.4900 0.0000 1650405807503 1203251.5000 -0.1960
-13.3463 76.7607 -28.8098 0.0000 1650405807532 1203280.5000 -0.1961
-12.8574 76.7679 -28.9589 0.0000 1650405807561 1203309.5000 -0.1965
-13.1078 76.6431 -28.6887 0.0000 1650405807590 1203338.2500 -0.1965
-12.4646 77.3965 -29.6232 0.0000 1650405807619 1203367.2500 -0.1965
-12.9747 76.8467 -28.8665 0.0000 1650405807648 1203396.2500 -0.1963
-12.9256 76.5884 -28.6749 0.0000 1650405807677 1203425.2500 -0.1960
-12.9548 76.7345 -28.8895 0.0000 1650405807706 1203454.0000 -0.1960
-12.9767 76.7844 -28.8792 0.0000 1650405807735 1203482.5000 -0.1960
-13.3331 76.8874 -28.9817 0.0000 1650405807764 1203512.2500 -0.1960
-13.4420 76.8244 -28.9428 0.0000 1650405807793 1203540.7500 -0.1960
-13.0329 77.2192 -28.8838 0.0000 1650405807822 1203570.2500 -0.1960
-13.2145 76.6752 -28.7466 0.0000 1650405807851 1203599.2500 -0.1955
-13.1910 76.6801 -28.7240 0.0000 1650405807880 1203628.2500 -0.1955
-12.4638 77.3205 -29.4244 0.0000 1650405807909 1203657.2500 -0.1955
-12.9212 76.6895 -28.5762 0.0000 1650405807937 1203686.0000 -0.1955
-13.2406 76.7335 -28.9542 0.0000 1650405807967 1203715.0000 -0.1955
-12.7741 76.6066 -28.4361 0.0000 1650405807996 1203744.0000 -0.1955
-12.8767 76.4166 -28.5120 0.0000 1650405808025 1203772.7500 -0.1955
-13.1178 76.6675 -28.6793 0.0000 1650405808054 1203801.7500 -0.1955
-12.9709 76.8951 -28.4610 0.0000 1650405808083 1203830.7500 -0.1955
-13.0883 76.6316 -28.6760 0.0000 1650405808112 1203859.7500 -0.1955
-13.1176 76.7516 -28.5904 0.0000 1650405808141 1203888.7500 -0.1955
-12.0782 77.6235 -29.3257 0.0000 1650405808170 1203917.7500 -0.1955
-11.9259 77.2443 -29.5193 0.0000 1650405808199 1203946.7500 -0.1955
-12.8417 76.8574 -29.4724 0.0000 1650405808228 1203978.5000 -0.1955
-11.5900 77.1746 -30.3551 0.0000 1650405808256 1204004.2500 -0.1960
-12.1686 76.4183 -30.1611 0.0000 1650405808286 1204033.7500 -0.1960
-12.5349 76.6954 -31.3537 0.0000 1650405808314 1204062.7500 -0.1960
-13.0082 75.0419 -31.3561 0.0000 1650405808343 1204091.7500 -0.1960
-12.6056 76.6170 -32.8534 0.0000 1650405808372 1204120.7500 -0.1960
-10.8291 77.2648 -34.2967 0.0000 1650405808402 1204149.7500 -0.1960
-11.7667 76.7163 -34.8956 0.0000 1650405808430 1204178.7500 -0.1960
-12.2773 76.5698 -34.6930 0.0000 1650405808459 1204207.7500 -0.1960
-12.6098 75.7793 -35.0606 0.0000 1650405808489 1204239.5000 -0.1960
-12.4894 76.2852 -36.1120 0.0000 1650405808518 1204267.0000 -0.1960
-11.1188 77.1553 -38.1264 0.0000 1650405808547 1204294.7500 -0.1960
-12.3597 75.9740 -37.0808 0.0000 1650405808575 1204325.0000 -0.1960
-10.9272 77.3056 -39.2143 0.0000 1650405808604 1204352.5000 -0.1960
-13.1695 75.1820 -38.1395 0.0000 1650405808633 1204381.5000 -0.1955
-11.1608 77.0825 -41.1662 0.0000 1650405808662 1204410.5000 -0.1955
-10.9114 77.6673 -41.4963 0.0000 1650405808691 1204439.2500 -0.1955
-12.2061 75.5996 -40.7527 0.0000 1650405808720 1204468.2500 -0.1955
-10.8004 77.4381 -43.0228 0.0000 1650405808749 1204497.2500 -0.1955
-10.7110 77.0745 -43.3034 0.0000 1650405808778 1204526.2500 -0.1955
-10.9755 77.4306 -44.2763 0.0000 1650405808807 1204555.2500 -0.1955
-10.8596 77.1730 -44.6772 0.0000 1650405808836 1204584.2500 -0.1955
-10.6221 77.1255 -45.2748 0.0000 1650405808866 1204613.2500 -0.1955
-10.4989 77.3720 -46.0140 0.0000 1650405808894 1204642.2500 -0.1955
-11.0397 77.3264 -46.5006 0.0000 1650405808923 1204671.2500 -0.1955
-12.3672 75.3946 -45.0954 0.0000 1650405808952 1204700.2500 -0.1955
-10.7594 77.3242 -47.9361 0.0000 1650405808981 1204729.2500 -0.1955
-10.8376 76.9954 -48.5302 0.0000 1650405809010 1204760.5000 -0.1955
-12.4546 75.2204 -46.8875 0.0000 1650405809039 1204786.7500 -0.1955
-11.0709 77.5328 -49.8122 0.0000 1650405809068 1204816.0000 -0.1955
-11.2350 77.0095 -50.3281 0.0000 1650405809097 1204845.0000 -0.1956
-10.5362 77.1070 -49.8689 0.0000 1650405809126 1204874.0000 -0.1960
-10.9729 77.1202 -50.5004 0.0000 1650405809155 1204902.7500 -0.1960
-12.6636 75.1340 -49.2943 0.0000 1650405809184 1204931.7500 -0.1960
-11.2455 76.5468 -50.5641 0.0000 1650405809213 1204960.7500 -0.1960
-11.8670 76.5155 -51.6673 0.0000 1650405809242 1204989.7500 -0.1960
-10.4571 76.9657 -51.5809 0.0000 1650405809271 1205020.0000 -0.1960
-12.4726 75.2102 -50.2358 0.0000 1650405809300 1205047.7500 -0.1960
-10.7020 77.0335 -51.9921 0.0000 1650405809329 1205076.7500 -0.1961
-12.4306 75.4323 -50.8182 0.0000 1650405809358 1205105.5000 -0.1965
-12.4115 76.0395 -51.6900 0.0000 1650405809387 1205134.7500 -0.1965
-10.6106 77.0936 -53.0898 0.0000 1650405809415 1205163.7500 -0.1960
-11.1203 76.2114 -52.4034 0.0000 1650405809445 1205192.7500 -0.1960
-11.2314 76.5507 -52.5443 0.0000 1650405809473 1205221.7500 -0.1960
-11.3222 76.4252 -52.5507 0.0000 1650405809502 1205250.7500 -0.1960
-10.8501 77.0886 -53.0613 0.0000 1650405809531 1205279.7500 -0.1960
-10.8847 76.9574 -52.9595 0.0000 1650405809561 1205308.7500 -0.1960
-11.2131 76.5832 -52.5471 0.0000 1650405809589 1205337.7500 -0.1955
-12.0622 75.6087 -51.6577 0.0000 1650405809618 1205366.7500 -0.1955
-12.0922 75.7231 -51.4687 0.0000 1650405809648 1205395.7500 -0.1955
-11.9467 75.6055 -51.3434 0.0000 1650405809677 1205424.7500 -0.1955
-12.2045 75.9587 -51.4366 0.0000 1650405809706 1205453.7500 -0.1955
-12.3670 76.1168 -51.2853 0.0000 1650405809734 1205482.5000 -0.1955
-12.6987 76.3027 -51.1188 0.0000 1650405809764 1205511.5000 -0.1955
-12.6832 75.5130 -50.1605 0.0000 1650405809792 1205541.5000 -0.1955
-12.2176 75.5923 -49.8684 0.0000 1650405809821 1205569.0000 -0.1955
-12.0687 76.2692 -50.1942 0.0000 1650405809850 1205598.2500 -0.1955
-11.9371 76.6184 -49.9881 0.0000 1650405809879 1205627.2500 -0.1955
-12.3686 76.2491 -49.3761 0.0000 1650405809908 1205656.2500 -0.1955
-12.1765 76.0555 -48.3943 0.0000 1650405809937 1205685.2500 -0.1957
-12.6219 75.5805 -47.6046 0.0000 1650405809966 1205714.2500 -0.1960
-11.6850 76.7694 -48.4617 0.0000 1650405809995 1205743.2500 -0.1960
-11.5176 76.8510 -48.0523 0.0000 1650405810025 1205772.2500 -0.1960
-12.2117 75.7664 -46.4336 0.0000 1650405810053 1205805.2500 -0.1960
-12.2972 75.7607 -45.8077 0.0000 1650405810082 1205830.0000 -0.1960
-12.5166 75.6783 -44.8650 0.0000 1650405810111 1205859.2500 -0.1960
-11.3963 76.7926 -45.9823 0.0000 1650405810140 1205888.7500 -0.1960
-12.5195 75.8112 -44.0346 0.0000 1650405810169 1205917.0000 -0.1960
-12.9931 75.6910 -43.2637 0.0000 1650405810198 1205946.0000 -0.1960
-11.2307 77.8522 -44.9168 0.0000 1650405810227 1205975.0000 -0.1960
-12.5080 75.7261 -42.2190 0.0000 1650405810256 1206003.7500 -0.1960
-12.7145 75.7972 -41.8484 0.0000 1650405810285 1206032.7500 -0.1960
-13.4704 75.4749 -40.9355 0.0000 1650405810313 1206061.7500 -0.1955
-10.8820 77.4460 -42.1798 0.0000 1650405810343 1206090.7500 -0.1955
-11.8639 76.9248 -41.0775 0.0000 1650405810372 1206119.7500 -0.1955
-12.9980 75.7065 -39.3115 0.0000 1650405810401 1206148.7500 -0.1955
-12.9808 75.8630 -38.7973 0.0000 1650405810430 1206177.7500 -0.1955
-12.0956 76.9762 -39.4214 0.0000 1650405810459 1206206.7500 -0.1955
-13.4599 75.8981 -37.5983 0.0000 1650405810488 1206235.7500 -0.1955
-13.2341 75.6560 -36.3947 0.0000 1650405810517 1206264.7500 -0.1955
-12.3386 77.2423 -37.6428 0.0000 1650405810546 1206293.7500 -0.1950
-13.3116 75.4441 -35.0581 0.0000 1650405810575 1206323.5000 -0.1950
-12.1694 77.1620 -35.9732 0.0000 1650405810604 1206351.7500 -0.1950
-13.3558 75.8774 -34.1517 0.0000 1650405810632 1206380.7500 -0.1950
-13.6147 75.6302 -33.0212 0.0000 1650405810661 1206409.7500 -0.1955
-12.2268 77.2625 -34.1440 0.0000 1650405810690 1206438.7500 -0.1955
-13.6365 75.8379 -32.0202 0.0000 1650405810720 1206467.7500 -0.1955
-14.1469 75.4402 -30.7039 0.0000 1650405810748 1206496.7500 -0.1955
-13.7745 75.2908 -30.5975 0.0000 1650405810777 1206525.7500 -0.1955
-14.2057 75.1528 -29.3136 0.0000 1650405810806 1206556.0000 -0.1955
-12.1209 77.5670 -30.8056 0.0000 1650405810836 1206586.2500 -0.1955
-13.6497 75.5806 -28.3404 0.0000 1650405810865 1206611.7500 -0.1955
-13.4730 75.6448 -27.8759 0.0000 1650405810893 1206641.5000 -0.1956
-13.7968 75.6836 -27.9438 0.0000 1650405810923 1206671.7500 -0.1960
-11.8591 77.6205 -29.7211 0.0000 1650405810951 1206699.2500 -0.1960
-12.0406 77.4602 -29.8267 0.0000 1650405810980 1206728.2500 -0.1960
-13.7945 75.4739 -27.7398 0.0000 1650405811009 1206757.2500 -0.1958
-13.6963 76.3855 -27.9504 0.0000 1650405811038 1206786.2500 -0.1960
-13.3778 76.3891 -27.9174 0.0000 1650405811067 1206815.2500 -0.1960
-13.7596 75.6768 -27.5281 0.0000 1650405811096 1206844.2500 -0.1960
-14.5712 75.6827 -27.4575 0.0000 1650405811125 1206873.2500 -0.1960
-14.1048 75.8401 -27.8933 0.0000 1650405811154 1206902.2500 -0.1960
-14.3170 75.5916 -27.5925 0.0000 1650405811184 1206931.2500 -0.1960
-14.5220 75.5069 -27.5734 0.0000 1650405811212 1206960.2500 -0.1960
-14.5883 75.6070 -27.5229 0.0000 1650405811241 1206989.2500 -0.1960
-14.0077 76.3143 -28.2851 0.0000 1650405811270 1207018.0000 -0.1955
-14.6727 75.5330 -27.3801 0.0000 1650405811299 1207047.0000 -0.1955
-13.9073 75.7003 -27.7238 0.0000 1650405811328 1207076.0000 -0.1955
-14.0498 75.9939 -27.8356 0.0000 1650405811357 1207104.2500 -0.1955
-12.5771 77.4609 -29.4475 0.0000 1650405811386 1207133.7500 -0.1955
-13.6932 76.4353 -28.1664 0.0000 1650405811415 1207162.7500 -0.1955
-14.0502 75.8344 -27.8921 0.0000 1650405811444 1207191.7500 -0.1955
-14.5103 75.8160 -27.5401 0.0000 1650405811473 1207220.7500 -0.1955
-14.3555 75.5455 -27.5802 0.0000 1650405811502 1207249.7500 -0.1955
-13.0182 76.8593 -28.7801 0.0000 1650405811531 1207278.7500 -0.1955
-13.1952 76.6974 -29.0258 0.0000 1650405811560 1207307.7500 -0.1960
-13.0975 76.9201 -29.1123 0.0000 1650405811589 1207336.7500 -0.1960
-14.2516 75.3993 -27.5447 0.0000 1650405811618 1207366.5000 -0.1960
-13.0350 76.6964 -28.7189 0.0000 1650405811647 1207394.7500 -0.1960
-13.0988 76.6020 -28.6009 0.0000 1650405811676 1207423.7500 -0.1960
-13.0880 76.9688 -28.6542 0.0000 1650405811705 1207454.0000 -0.1965
-13.0252 76.5894 -28.6681 0.0000 1650405811734 1207481.7500 -0.1965
-13.1249 76.5525 -28.6680 0.0000 1650405811763 1207510.7500 -0.1965
-13.0767 76.5498 -28.6592 0.0000 1650405811791 1207539.5000 -0.1965
-12.3371 77.5172 -29.4593 0.0000 1650405811820 1207568.7500 -0.1965
-13.3117 76.7731 -28.7034 0.0000 1650405811849 1207597.7500 -0.1965
-12.9663 76.7595 -28.7138 0.0000 1650405811879 1207626.7500 -0.1965
-13.0376 76.6828 -28.4230 0.0000 1650405811907 1207655.7500 -0.1965
-12.7532 77.0039 -28.6470 0.0000 1650405811937 1207684.7500 -0.1965
-13.0181 76.7593 -28.3841 0.0000 1650405811965 1207713.5000 -0.1965
-13.1467 76.5422 -28.5785 0.0000 1650405811995 1207742.5000 -0.1965
-12.8832 76.7227 -28.4558 0.0000 1650405812024 1207771.2500 -0.1965
-12.9048 76.7391 -28.5456 0.0000 1650405812052 1207800.2500 -0.1965
-13.9236 75.9192 -27.7957 0.0000 1650405812082 1207829.2500 -0.1965
-12.9759 76.9161 -28.8473 0.0000 1650405812110 1207858.2500 -0.1960
-12.8832 76.7956 -28.3210 0.0000 1650405812139 1207886.7500 -0.1960
-12.0460 77.7360 -29.3087 0.0000 1650405812168 1207916.2500 -0.1960
-12.0392 77.3252 -29.3825 0.0000 1650405812197 1207945.2500 -0.1960
-12.9503 76.9837 -29.2045 0.0000 1650405812226 1207974.2500 -0.1955
-12.7387 76.8711 -29.4154 0.0000 1650405812255 1208003.2500 -0.1955
-12.8991 75.6509 -28.9310 0.0000 1650405812284 1208032.2500 -0.1957
-12.0427 76.4255 -30.3037 0.0000 1650405812313 1208061.2500 -0.1960
-13.0595 74.7788 -29.7550 0.0000 1650405812342 1208090.2500 -0.1960
-11.0808 76.7422 -33.1733 0.0000 1650405812371 1208120.5000 -0.1960
-12.5210 76.7193 -32.9407 0.0000 1650405812401 1208147.2500 -0.1960
-12.1258 75.6552 -32.8529 0.0000 1650405812429 1208177.0000 -0.1960
-11.9710 76.1804 -33.7500 0.0000 1650405812458 1208207.5000 -0.1960
-12.7311 75.5414 -33.8765 0.0000 1650405812487 1208236.0000 -0.1960
-10.9008 77.6286 -36.7934 0.0000 1650405812516 1208263.7500 -0.1960
-12.0427 76.2832 -35.9831 0.0000 1650405812545 1208292.7500 -0.1960
-11.0115 77.1522 -38.0620 0.0000 1650405812574 1208321.7500 -0.1960
-10.7154 77.3661 -38.8472 0.0000 1650405812603 1208350.7500 -0.1965
-10.8805 77.3939 -39.3441 0.0000 1650405812632 1208379.7500 -0.1965
-10.9832 77.2598 -40.3771 0.0000 1650405812661 1208408.7500 -0.1965
-11.2228 77.6201 -41.0370 0.0000 1650405812690 1208437.7500 -0.1965
-12.5538 76.0006 -39.8500 0.0000 1650405812719 1208468.0000 -0.1965
-12.4623 75.6483 -40.5785 0.0000 1650405812748 1208495.7500 -0.1965
-10.6960 77.4503 -42.8673 0.0000 1650405812777 1208524.7500 -0.1965
-12.8340 75.6020 -41.9665 0.0000 1650405812806 1208553.7500 -0.1965
-11.0562 76.8903 -44.5418 0.0000 1650405812835 1208582.7500 -0.1965
-13.4982 75.1152 -42.5456 0.0000 1650405812864 1208611.7500 -0.1965
-12.2816 75.6235 -43.9988 0.0000 1650405812893 1208640.7500 -0.1965
-10.9916 76.7254 -46.4520 0.0000 1650405812922 1208670.2500 -0.1965
-10.7154 77.5335 -46.9032 0.0000 1650405812950 1208698.7500 -0.1960
-12.3617 75.4396 -45.2973 0.0000 1650405812980 1208727.7500 -0.1960
-10.4584 77.3415 -48.1324 0.0000 1650405813008 1208756.7500 -0.1960
-10.9852 77.5842 -48.6702 0.0000 1650405813038 1208785.7500 -0.1960
-10.4512 77.5430 -48.8658 0.0000 1650405813066 1208814.5000 -0.1960
-12.3589 75.7411 -48.2364 0.0000 1650405813096 1208843.5000 -0.1960
-11.5245 76.6118 -49.8469 0.0000 1650405813125 1208872.5000 -0.1960
-12.4368 75.2874 -48.5916 0.0000 1650405813154 1208904.2500 -0.1960
-12.2667 75.3238 -48.5990 0.0000 1650405813183 1208929.5000 -0.1960
-12.2057 75.6253 -49.8200 0.0000 1650405813212 1208959.2500 -0.1960
-11.0925 76.4248 -50.7633 0.0000 1650405813241 1208989.7500 -0.1960
-10.7630 77.2750 -51.8836 0.0000 1650405813269 1209017.0000 -0.1960
-10.7944 76.9426 -52.0811 0.0000 1650405813298 1209046.2500 -0.1961
-10.5510 77.0542 -51.7023 0.0000 1650405813327 1209075.2500 -0.1965
-12.2126 75.4378 -50.5405 0.0000 1650405813356 1209104.2500 -0.1965
-12.1981 75.7971 -50.9974 0.0000 1650405813385 1209133.2500 -0.1965
-12.3314 75.7639 -51.2556 0.0000 1650405813414 1209162.2500 -0.1966
-10.4589 77.4535 -52.8780 0.0000 1650405813443 1209191.2500 -0.1969
-11.3357 76.6487 -52.6408 0.0000 1650405813472 1209220.2500 -0.1969
-11.4286 76.7885 -52.6385 0.0000 1650405813501 1209249.0000 -0.1969
-11.8974 75.5194 -51.5726 0.0000 1650405813530 1209278.0000 -0.1969
-12.0555 75.7322 -51.6663 0.0000 1650405813560 1209307.0000 -0.1969
-11.4763 76.3567 -52.7548 0.0000 1650405813588 1209335.7500 -0.1969
-11.9614 75.7043 -51.6605 0.0000 1650405813617 1209364.7500 -0.1965
-12.6070 75.1050 -51.0399 0.0000 1650405813646 1209393.7500 -0.1965
-11.4301 76.5374 -52.2578 0.0000 1650405813675 1209424.2500 -0.1965
-12.2035 75.7865 -51.2544 0.0000 1650405813704 1209451.0000 -0.1965
-12.2238 75.7672 -51.1817 0.0000 1650405813733 1209480.7500 -0.1965
-12.5003 76.1732 -51.3390 0.0000 1650405813762 1209509.7500 -0.1965
-12.6044 76.1197 -50.9434 0.0000 1650405813791 1209538.7500 -0.1965
-12.4750 75.8602 -50.2599 0.0000 1650405813820 1209567.7500 -0.1965
-12.4206 75.5014 -49.6864 0.0000 1650405813849 1209596.7500 -0.1960
-11.8341 76.6879 -50.1816 0.0000 1650405813878 1209625.7500 -0.1960
-11.7250 76.4137 -49.7853 0.0000 1650405813907 1209654.7500 -0.1960
-12.1594 76.4370 -49.1642 0.0000 1650405813936 1209686.7500 -0.1960
-13.0800 75.8246 -48.1131 0.0000 1650405813965 1209713.7500 -0.1960
-12.6157 75.4422 -47.5578 0.0000 1650405813994 1209741.7500 -0.1960
-11.4960 76.9953 -48.1730 0.0000 1650405814023 1209770.7500 -0.1965
-11.2788 76.6632 -47.7102 0.0000 1650405814052 1209799.2500 -0.1965
-12.3288 75.7531 -46.1466 0.0000 1650405814081 1209828.7500 -0.1965
-12.2132 75.7073 -45.8154 0.0000 1650405814109 1209857.7500 -0.1965
-11.6867 77.0798 -46.4567 0.0000 1650405814139 1209886.7500 -0.1965
-12.4517 75.9370 -44.8554 0.0000 1650405814167 1209915.7500 -0.1965
-12.5830 75.7380 -43.7054 0.0000 1650405814196 1209944.5000 -0.1965
-11.9305 76.9610 -45.0846 0.0000 1650405814226 1209973.5000 -0.1965
-11.2769 76.9741 -44.1635 0.0000 1650405814255 1210002.2500 -0.1965
-12.8695 75.6226 -42.1512 0.0000 1650405814284 1210031.2500 -0.1965
-12.3231 75.9928 -42.1200 0.0000 1650405814313 1210060.2500 -0.1965
-10.9536 77.8269 -43.1000 0.0000 1650405814342 1210089.2500 -0.1965
-12.4627 75.8675 -40.4143 0.0000 1650405814371 1210118.2500 -0.1965
-11.6323 76.7644 -40.8394 0.0000 1650405814400 1210147.2500 -0.1969
-10.8850 77.8138 -41.2015 0.0000 1650405814428 1210176.2500 -0.1968
-12.7990 76.0320 -38.5277 0.0000 1650405814458 1210206.5000 -0.1965
-11.8759 77.2476 -39.2513 0.0000 1650405814486 1210235.5000 -0.1965
-11.1178 77.7187 -39.1793 0.0000 1650405814515 1210263.2500 -0.1965
-12.5703 76.3010 -36.7988 0.0000 1650405814544 1210292.2500 -0.1965
-13.4476 76.0496 -35.9232 0.0000 1650405814573 1210321.2500 -0.1965
-13.1776 75.5361 -34.7280 0.0000 1650405814602 1210350.0000 -0.1965
-11.8409 77.0966 -35.7084 0.0000 1650405814631 1210379.0000 -0.1960
-13.5749 76.3322 -34.0814 0.0000 1650405814660 1210408.0000 -0.1960
-13.1121 75.8263 -32.9490 0.0000 1650405814690 1210437.0000 -0.1960
-13.7834 75.7871 -32.4522 0.0000 1650405814719 1210467.2500 -0.1960
-13.5602 75.6209 -31.3271 0.0000 1650405814747 1210497.5000 -0.1955
-13.6635 76.1167 -31.1800 0.0000 1650405814776 1210523.7500 -0.1955
-13.7149 76.0775 -30.4783 0.0000 1650405814805 1210554.2500 -0.1955
-13.6592 75.8089 -29.5143 0.0000 1650405814834 1210581.5000 -0.1955
-12.2471 77.5341 -30.8478 0.0000 1650405814863 1210610.7500 -0.1955
-13.8631 75.4564 -28.0974 0.0000 1650405814892 1210639.7500 -0.1955
-13.7601 75.8168 -27.8408 0.0000 1650405814921 1210668.7500 -0.1955
-13.7961 75.7468 -27.7076 0.0000 1650405814950 1210697.7500 -0.1955
-11.8525 77.3068 -29.5347 0.0000 1650405814979 1210726.7500 -0.1955
-12.0490 77.6770 -29.5038 0.0000 1650405815008 1210755.7500 -0.1955
-13.2417 76.0385 -27.9942 0.0000 1650405815037 1210784.7500 -0.1955
-13.5906 76.0590 -27.8624 0.0000 1650405815066 1210813.7500 -0.1955
-14.0369 75.2535 -26.9754 0.0000 1650405815095 1210842.7500 -0.1956
-13.5820 75.8107 -27.4358 0.0000 1650405815124 1210871.7500 -0.1960
-14.3625 75.2483 -27.0219 0.0000 1650405815153 1210900.7500 -0.1960
-13.6224 76.3660 -27.9798 0.0000 1650405815182 1210929.7500 -0.1960
-12.1319 77.5298 -29.4152 0.0000 1650405815211 1210958.7500 -0.1960
-13.6353 75.9599 -27.6549 0.0000 1650405815240 1210988.7500 -0.1960
-14.0130 75.4080 -27.0811 0.0000 1650405815269 1211016.5000 -0.1960
-13.9669 76.2557 -28.0882 0.0000 1650405815298 1211045.7500 -0.1960
-11.7950 77.3850 -29.3314 0.0000 1650405815326 1211074.5000 -0.1960
-12.1521 77.7744 -29.3655 0.0000 1650405815355 1211103.5000 -0.1960
-12.0347 77.4467 -29.2806 0.0000 1650405815385 1211132.2500 -0.1960
-11.9952 77.9330 -29.3163 0.0000 1650405815414 1211161.2500 -0.1960
-12.1883 78.0249 -29.4984 0.0000 1650405815442 1211190.2500 -0.1958
-13.3379 76.3536 -28.3588 0.0000 1650405815472 1211219.2500 -0.1955
-11.8845 77.6002 -29.0859 0.0000 1650405815501 1211247.7500 -0.1955
-11.8786 77.6081 -29.1782 0.0000 1650405815530 1211280.0000 -0.1955
-11.8120 77.6427 -29.0086 0.0000 1650405815559 1211306.2500 -0.1955
-12.6823 77.0576 -28.4663 0.0000 1650405815587 1211335.0000 -0.1950
-12.1014 77.5913 -29.4664 0.0000 1650405815617 1211364.2500 -0.1950
-11.8968 77.7859 -29.2417 0.0000 1650405815645 1211393.2500 -0.1950
-11.8592 77.8310 -29.1468 0.0000 1650405815674 1211422.2500 -0.1950
-13.4483 76.0949 -27.5134 0.0000 1650405815703 1211451.2500 -0.1950
-12.7373 77.0178 -28.2423 0.0000 1650405815732 1211480.0000 -0.1950
-12.1401 77.5833 -29.3748 0.0000 1650405815761 1211509.0000 -0.1955
-12.2903 77.8191 -29.2433 0.0000 1650405815790 1211538.0000 -0.1955
-12.5672 77.1597 -28.5124 0.0000 1650405815819 1211566.7500 -0.1955
-11.8328 77.3797 -29.3408 0.0000 1650405815848 1211595.7500 -0.1955
-12.9952 76.8913 -28.5021 0.0000 1650405815878 1211624.7500 -0.1955
-11.8237 77.8132 -29.2008 0.0000 1650405815906 1211653.7500 -0.1955
-11.6972 77.6520 -29.1248 0.0000 1650405815936 1211682.7500 -0.1955
-12.4198 76.9090 -28.4073 0.0000 1650405815964 1211711.7500 -0.1955
-12.0509 77.6433 -29.4208 0.0000 1650405815993 1211740.7500 -0.1956
-11.9342 77.4364 -29.2462 0.0000 1650405816022 1211770.7500 -0.1960
-11.8078 77.7099 -29.1658 0.0000 1650405816051 1211800.0000 -0.1960
-12.6431 77.1719 -28.4948 0.0000 1650405816080 1211827.7500 -0.1960
-12.9353 76.7876 -28.5663 0.0000 1650405816109 1211856.7500 -0.1960
-12.5602 76.8723 -28.5008 0.0000 1650405816138 1211885.7500 -0.1960
-11.8940 77.9041 -29.1930 0.0000 1650405816167 1211914.7500 -0.1960
-12.6876 77.1560 -28.7433 0.0000 1650405816196 1211943.7500 -0.1960
-12.0199 77.6983 -29.4776 0.0000 1650405816225 1211972.7500 -0.1960
-12.9119 77.2221 -29.3476 0.0000 1650405816254 1212001.7500 -0.1960
-11.6376 77.6252 -30.4345 0.0000 1650405816283 1212030.5000 -0.1960
-10.9247 77.6335 -31.2592 0.0000 1650405816312 1212059.5000 -0.1960
-12.1324 76.5412 -30.7692 0.0000 1650405816341 1212088.7500 -0.1960
-10.8385 77.2523 -32.4669 0.0000 1650405816370 1212118.7500 -0.1955
-12.3817 75.7033 -32.1631 0.0000 1650405816399 1212146.7500 -0.1955
-11.2191 77.6982 -34.0369 0.0000 1650405816428 1212175.5000 -0.1955
-10.9016 77.3949 -34.6343 0.0000 1650405816457 1212204.5000 -0.1955
-12.4089 76.5775 -34.4580 0.0000 1650405816485 1212233.5000 -0.1955
-11.0789 77.2953 -35.9093 0.0000 1650405816515 1212262.2500 -0.1955
-13.0300 75.4558 -35.4195 0.0000 1650405816544 1212291.2500 -0.1955
-11.0813 77.6886 -37.6560 0.0000 1650405816573 1212320.2500 -0.1955
-10.8068 77.6087 -38.6917 0.0000 1650405816601 1212349.2500 -0.1955
-12.3792 75.6012 -37.8601 0.0000 1650405816631 1212378.2500 -0.1955
-10.8199 77.6786 -39.8172 0.0000 1650405816660 1212407.2500 -0.1955
-12.6202 75.5508 -38.6495 0.0000 1650405816689 1212436.2500 -0.1955
-12.6144 75.7192 -39.2977 0.0000 1650405816718 1212465.2500 -0.1957
-12.4973 75.4462 -40.0721 0.0000 1650405816747 1212494.2500 -0.1960
-10.7657 77.3804 -42.4107 0.0000 1650405816776 1212523.2500 -0.1960
-10.8849 77.5234 -42.9975 0.0000 1650405816804 1212552.2500 -0.1960
-12.1468 75.8502 -42.4307 0.0000 1650405816833 1212582.0000 -0.1960
-11.1233 76.9298 -44.8225 0.0000 1650405816862 1212610.0000 -0.1960
-13.1638 74.7373 -42.4892 0.0000 1650405816891 1212639.0000 -0.1960
-12.5313 75.7003 -44.1265 0.0000 1650405816920 1212668.0000 -0.1965
-10.6011 77.2811 -46.1301 0.0000 1650405816949 1212696.7500 -0.1962
-10.8690 77.2337 -46.7113 0.0000 1650405816978 1212725.7500 -0.1960
-10.3116 77.4225 -47.1921 0.0000 1650405817007 1212754.7500 -0.1960
-10.8500 76.9035 -48.2969 0.0000 1650405817036 1212783.7500 -0.1960
-10.9458 77.4801 -48.7764 0.0000 1650405817065 1212815.5000 -0.1960
-12.4828 75.2539 -46.9025 0.0000 1650405817095 1212843.0000 -0.1960
-10.3457 77.4097 -49.6669 0.0000 1650405817123 1212870.7500 -0.1960
-10.8981 76.6610 -50.0600 0.0000 1650405817152 1212899.0000 -0.1960
-10.6213 76.9517 -50.0652 0.0000 1650405817181 1212928.7500 -0.1960
-12.3584 75.4550 -48.9932 0.0000 1650405817210 1212957.7500 -0.1955
-12.2444 75.7660 -49.7850 0.0000 1650405817239 1212986.7500 -0.1955
-11.4573 76.0930 -51.0454 0.0000 1650405817268 1213015.7500 -0.1955
-10.3518 76.9790 -51.4076 0.0000 1650405817297 1213044.7500 -0.1955
-10.8445 76.9693 -51.7330 0.0000 1650405817326 1213073.7500 -0.1955
-12.2813 75.3305 -50.3746 0.0000 1650405817355 1213102.7500 -0.1955
-12.1348 75.6062 -50.6530 0.0000 1650405817384 1213131.7500 -0.1955
-12.2488 75.5942 -50.8627 0.0000 1650405817413 1213160.7500 -0.1955
-12.3229 76.0785 -51.5874 0.0000 1650405817442 1213189.7500 -0.1955
-12.0686 75.9732 -51.6873 0.0000 1650405817471 1213218.7500 -0.1955
-11.1635 76.5991 -52.3546 0.0000 1650405817500 1213247.7500 -0.1955
-11.0471 76.3668 -52.3442 0.0000 1650405817529 1213276.5000 -0.1955
-10.9406 76.2688 -52.2624 0.0000 1650405817558 1213305.5000 -0.1960
-11.2703 76.6076 -52.4762 0.0000 1650405817587 1213335.5000 -0.1960
-10.6230 77.2248 -53.1600 0.0000 1650405817616 1213364.7500 -0.1961
-11.5337 75.9734 -51.9776 0.0000 1650405817644 1213392.2500 -0.1965
-11.9774 75.5101 -51.4821 0.0000 1650405817674 1213421.2500 -0.1965
-12.2135 75.6232 -51.3182 0.0000 1650405817703 1213450.2500 -0.1965
-12.1821 75.7790 -51.1512 0.0000 1650405817732 1213479.2500 -0.1965
-12.5494 76.0327 -51.3023 0.0000 1650405817761 1213508.2500 -0.1965
-12.6042 76.3205 -51.1113 0.0000 1650405817790 1213537.2500 -0.1965
-12.8512 76.1974 -50.7658 0.0000 1650405817819 1213566.2500 -0.1965
-12.9752 75.2584 -49.4748 0.0000 1650405817848 1213596.0000 -0.1965
-12.6686 75.0701 -49.2619 0.0000 1650405817877 1213625.2500 -0.1965
-11.8458 76.5249 -50.0307 0.0000 1650405817906 1213653.2500 -0.1965
-11.5719 76.9574 -50.1242 0.0000 1650405817935 1213681.7500 -0.1965
-12.3374 76.2698 -49.1485 0.0000 1650405817963 1213711.0000 -0.1965
-12.4284 75.7724 -47.8622 0.0000 1650405817993 1213740.0000 -0.1965
-11.0183 77.2160 -48.8880 0.0000 1650405818021 1213769.0000 -0.1965
-11.4521 76.6055 -48.0786 0.0000 1650405818050 1213797.7500 -0.1960
-11.3514 76.8780 -48.0106 0.0000 1650405818079 1213826.7500 -0.1960
-12.4487 75.7205 -45.7673 0.0000 1650405818108 1213855.7500 -0.1960
-11.5558 76.5833 -46.3467 0.0000 1650405818137 1213884.7500 -0.1960
-11.3116 76.8271 -45.9412 0.0000 1650405818166 1213913.7500 -0.1960
-12.5430 75.9827 -44.6690 0.0000 1650405818196 1213942.7500 -0.1960
-12.3556 75.6764 -43.8625 0.0000 1650405818224 1213971.7500 -0.1960
-11.9401 76.7897 -44.5961 0.0000 1650405818254 1214000.7500 -0.1960
-12.6048 75.7238 -42.8390 0.0000 1650405818282 1214029.7500 -0.1960
-12.5228 76.0752 -42.4014 0.0000 1650405818311 1214058.7500 -0.1960
-13.1477 75.5915 -41.5502 0.0000 1650405818340 1214087.7500 -0.1965
-13.1627 75.5981 -40.8238 0.0000 1650405818369 1214119.5000 -0.1965
-12.3987 75.9155 -40.2245 0.0000 1650405818398 1214147.0000 -0.1965
-12.3188 77.0240 -41.2465 0.0000 1650405818427 1214174.7500 -0.1965
-13.2898 75.5487 -39.0931 0.0000 1650405818456 1214203.7500 -0.1965
-13.3034 75.2474 -37.6970 0.0000 1650405818485 1214232.7500 -0.1965
-11.9359 77.2516 -39.0515 0.0000 1650405818514 1214261.7500 -0.1966
-13.0107 75.4977 -36.5809 0.0000 1650405818543 1214290.7500 -0.1969
-12.0095 77.0332 -37.4961 0.0000 1650405818572 1214319.7500 -0.1969
-13.3300 76.0609 -35.7151 0.0000 1650405818601 1214348.7500 -0.1969
-12.8749 76.0231 -34.9117 0.0000 1650405818630 1214380.2500 -0.1969
-12.0621 77.3780 -35.8183 0.0000 1650405818659 1214406.2500 -0.1969
-13.5870 75.9320 -33.3598 0.0000 1650405818688 1214435.5000 -0.1969
-12.0269 77.3462 -34.1010 0.0000 1650405818717 1214465.5000 -0.1965
-13.4835 76.0597 -32.3694 0.0000 1650405818746 1214493.2500 -0.1965
-13.4413 75.6478 -30.9495 0.0000 1650405818775 1214522.2500 -0.1965
-12.1993 77.3088 -32.8805 0.0000 1650405818804 1214551.2500 -0.1965
-13.9305 75.2411 -29.5831 0.0000 1650405818833 1214580.2500 -0.1960
-13.1686 76.3457 -29.6617 0.0000 1650405818861 1214609.2500 -0.1960
-13.5566 75.8501 -28.9518 0.0000 1650405818891 1214638.2500 -0.1960
-13.6337 75.4422 -28.1226 0.0000 1650405818920 1214667.2500 -0.1960
-11.9247 77.6650 -29.6637 0.0000 1650405818949 1214696.2500 -0.1960
-13.6929 75.7478 -27.7910 0.0000 1650405818978 1214725.2500 -0.1960
-11.5874 77.3081 -29.3474 0.0000 1650405819007 1214754.2500 -0.1960
-13.7483 75.7475 -27.8211 0.0000 1650405819036 1214783.2500 -0.1960
-14.0796 75.1995 -27.1835 0.0000 1650405819065 1214812.0000 -0.1960
-14.1203 75.5807 -27.1488 0.0000 1650405819094 1214841.0000 -0.1960
-13.3943 76.4281 -27.8424 0.0000 1650405819122 1214870.0000 -0.1960
-13.4349 76.2960 -27.8130 0.0000 1650405819152 1214899.0000 -0.1960
-13.7934 76.4085 -28.2236 0.0000 1650405819180 1214927.5000 -0.1960
-13.9625 75.7577 -27.4807 0.0000 1650405819209 1214956.7500 -0.1960
-13.4591 76.0065 -27.9618 0.0000 1650405819238 1214985.7500 -0.1965
-12.1088 77.4994 -29.1712 0.0000 1650405819268 1215014.7500 -0.1965
-14.0092 76.2096 -27.8939 0.0000 1650405819296 1215043.7500 -0.1965
-13.7666 76.4629 -28.1457 0.0000 1650405819325 1215072.7500 -0.1965
-12.8022 77.4684 -29.0944 0.0000 1650405819354 1215101.7500 -0.1965
-12.3692 77.8152 -29.5356 0.0000 1650405819384 1215130.7500 -0.1965
-12.8373 76.9123 -28.6844 0.0000 1650405819413 1215159.0000 -0.1965
-13.0316 77.2142 -28.9197 0.0000 1650405819441 1215188.5000 -0.1965
-13.3098 76.8397 -28.6654 0.0000 1650405819470 1215217.7500 -0.1965
-12.2377 77.9741 -29.3652 0.0000 1650405819499 1215249.5000 -0.1965
-12.2836 77.1089 -28.8222 0.0000 1650405819528 1215275.7500 -0.1965
-12.6940 77.0833 -28.4087 0.0000 1650405819557 1215304.7500 -0.1965
-13.0499 76.8427 -28.6083 0.0000 1650405819586 1215333.7500 -0.1965
-12.2355 77.7912 -29.5978 0.0000 1650405819615 1215362.7500 -0.1965
-12.1376 77.7641 -29.2610 0.0000 1650405819644 1215391.7500 -0.1963
-12.2040 77.4813 -28.8067 0.0000 1650405819673 1215420.7500 -0.1960
-12.2181 77.5621 -28.7615 0.0000 1650405819702 1215449.7500 -0.1960
-12.0430 77.5073 -29.3364 0.0000 1650405819732 1215478.7500 -0.1960
-12.8781 76.5710 -28.3817 0.0000 1650405819760 1215507.5000 -0.1960
-12.4560 77.0790 -28.8607 0.0000 1650405819789 1215536.5000 -0.1955
-12.8592 77.0378 -28.7358 0.0000 1650405819818 1215565.5000 -0.1955
-12.6455 76.9683 -28.2200 0.0000 1650405819847 1215594.2500 -0.1955
-13.0139 76.8023 -28.5373 0.0000 1650405819876 1215623.2500 -0.1955
-12.9656 76.8913 -28.6214 0.0000 1650405819905 1215652.2500 -0.1955
-12.5358 77.0513 -28.4567 0.0000 1650405819934 1215683.7500 -0.1955
-12.0912 77.6331 -29.4370 0.0000 1650405819963 1215710.0000 -0.1960
-13.0250 76.8057 -28.5894 0.0000 1650405819992 1215739.2500 -0.1960
-12.3507 77.2647 -29.0370 0.0000 1650405820020 1215768.2500 -0.1955
-12.0187 77.4798 -29.3259 0.0000 1650405820050 1215797.2500 -0.1955
-11.8587 77.6402 -28.9420 0.0000 1650405820079 1215826.2500 -0.1956
-12.6639 77.1303 -28.7044 0.0000 1650405820108 1215855.2500 -0.1960
-12.0900 77.4491 -29.1114 0.0000 1650405820137 1215884.2500 -0.1965
-12.9534 76.9254 -28.4803 0.0000 1650405820166 1215913.0000 -0.1965
-13.0435 76.8043 -28.6532 0.0000 1650405820195 1215942.7500 -0.1966
-13.0209 76.7205 -28.5849 0.0000 1650405820224 1215970.7500 -0.1969
-12.1252 77.7199 -29.5695 0.0000 1650405820253 1216000.0000 -0.1967
-13.0185 77.1136 -29.3287 0.0000 1650405820282 1216028.5000 -0.1965
-11.2329 77.1718 -29.9804 0.0000 1650405820311 1216057.7500 -0.1966
-12.0734 76.0681 -29.6271 0.0000 1650405820339 1216086.7500 -0.1969
-11.9832 76.6433 -30.8791 0.0000 1650405820368 1216115.7500 -0.1969
-11.1913 77.0546 -32.8767 0.0000 1650405820397 1216144.7500 -0.1969
-12.8182 76.0409 -32.4470 0.0000 1650405820427 1216173.7500 -0.1968
-12.7089 76.2969 -32.7833 0.0000 1650405820455 1216202.7500 -0.1965
-11.3901 77.1033 -35.1028 0.0000 1650405820484 1216231.2500 -0.1965
-12.5187 76.5784 -34.4883 0.0000 1650405820514 1216260.7500 -0.1965
-10.8651 77.3972 -36.2533 0.0000 1650405820543 1216289.7500 -0.1965
-12.7455 75.7843 -35.8789 0.0000 1650405820572 1216318.7500 -0.1965
-11.2767 78.0116 -38.2319 0.0000 1650405820600 1216347.7500 -0.1965
-10.6862 77.5635 -38.4115 0.0000 1650405820630 1216376.7500 -0.1965
-12.7767 75.6834 -37.1866 0.0000 1650405820658 1216405.7500 -0.1965
-12.8220 75.0695 -37.8273 0.0000 1650405820687 1216434.7500 -0.1962
-11.0101 77.2139 -41.0191 0.0000 1650405820716 1216466.2500 -0.1960
-10.7477 77.4183 -41.3334 0.0000 1650405820745 1216492.2500 -0.1960
-10.6616 77.2551 -41.9676 0.0000 1650405820774 1216521.7500 -0.1960
-12.4349 75.8400 -40.7276 0.0000 1650405820803 1216550.7500 -0.1960
-12.5283 75.5276 -41.4265 0.0000 1650405820832 1216579.7500 -0.1960
-12.2851 75.7306 -42.5927 0.0000 1650405820861 1216608.5000 -0.1960
-10.9595 77.4006 -44.9360 0.0000 1650405820890 1216637.5000 -0.1960
-10.6576 77.2637 -45.0844 0.0000 1650405820919 1216666.5000 -0.1962
-12.6547 75.3623 -44.0133 0.0000 1650405820948 1216696.7500 -0.1965
-11.0806 76.7710 -46.4669 0.0000 1650405820977 1216723.7500 -0.1965
-11.0094 77.1257 -46.3309 0.0000 1650405821006 1216753.0000 -0.1965
-10.4214 77.2103 -47.6681 0.0000 1650405821035 1216782.2500 -0.1965
-10.8167 77.6665 -48.2936 0.0000 1650405821064 1216812.2500 -0.1965
-10.8404 77.2421 -48.3924 0.0000 1650405821093 1216840.2500 -0.1966
-12.4405 75.4428 -47.5311 0.0000 1650405821122 1216869.2500 -0.1969
-10.4309 77.6919 -50.1327 0.0000 1650405821151 1216898.2500 -0.1967
-10.7839 77.7177 -50.4897 0.0000 1650405821179 1216927.2500 -0.1965
-12.2131 75.3251 -48.4798 0.0000 1650405821209 1216956.2500 -0.1966
-12.2773 75.6072 -49.0742 0.0000 1650405821238 1216985.2500 -0.1969
-10.6194 77.0643 -51.3702 0.0000 1650405821267 1217014.2500 -0.1969
-11.1805 76.7618 -51.1570 0.0000 1650405821296 1217043.0000 -0.1965
-10.6941 77.0367 -51.8974 0.0000 1650405821325 1217072.0000 -0.1964
-10.5527 77.1249 -51.9417 0.0000 1650405821354 1217101.0000 -0.1965
-12.2502 75.4430 -50.2451 0.0000 1650405821383 1217130.0000 -0.1965
-12.3828 75.2764 -50.4618 0.0000 1650405821412 1217158.7500 -0.1965
-11.9136 75.7591 -51.0108 0.0000 1650405821441 1217187.7500 -0.1965
-12.5315 75.8387 -51.7179 0.0000 1650405821470 1217216.7500 -0.1965
-12.2831 75.9213 -51.7844 0.0000 1650405821498 1217246.7500 -0.1965
-11.2031 76.4481 -52.5260 0.0000 1650405821527 1217274.7500 -0.1965
-11.3045 76.6309 -52.5588 0.0000 1650405821556 1217303.7500 -0.1965
-10.8993 77.0297 -53.0434 0.0000 1650405821586 1217332.7500 -0.1962
-12.1473 75.6716 -51.6272 0.0000 1650405821614 1217361.7500 -0.1960
-10.6542 77.1062 -53.1008 0.0000 1650405821644 1217390.7500 -0.1965
-12.2451 75.8132 -51.4893 0.0000 1650405821672 1217419.7500 -0.1965
-12.0494 75.5971 -51.2953 0.0000 1650405821702 1217448.7500 -0.1965
-12.1185 75.7065 -51.2642 0.0000 1650405821731 1217479.2500 -0.1965
-12.1638 75.8821 -51.1957 0.0000 1650405821759 1217506.0000 -0.1969
-12.4551 76.1450 -51.4021 0.0000 1650405821789 1217535.7500 -0.1969
-12.5696 76.1389 -50.9966 0.0000 1650405821817 1217566.0000 -0.1967
-12.4209 75.8021 -50.2721 0.0000 1650405821846 1217595.0000 -0.1965
-12.2575 75.6468 -49.7525 0.0000 1650405821875 1217622.7500 -0.1965
-12.2590 75.8192 -49.4510 0.0000 1650405821904 1217651.7500 -0.1969
-11.9063 76.5998 -49.9531 0.0000 1650405821933 1217680.7500 -0.1969
-11.6402 76.9455 -49.7704 0.0000 1650405821962 1217709.7500 -0.1969
-12.2043 76.3144 -48.9534 0.0000 1650405821991 1217738.5000 -0.1969
-13.0160 75.8690 -48.0481 0.0000 1650405822020 1217767.5000 -0.1969
-10.8734 77.4579 -48.8580 0.0000 1650405822049 1217796.2500 -0.1969
-11.4978 77.1736 -48.2178 0.0000 1650405822078 1217825.2500 -0.1969
-12.2519 76.3528 -47.1139 0.0000 1650405822107 1217854.2500 -0.1969
-12.2823 75.7817 -45.8126 0.0000 1650405822136 1217883.2500 -0.1969
-12.0514 75.8212 -45.2631 0.0000 1650405822165 1217912.2500 -0.1969
-12.7743 75.9455 -45.0035 0.0000 1650405822194 1217941.2500 -0.1969
-12.7093 75.7284 -44.3569 0.0000 1650405822223 1217970.2500 -0.1969
-13.2486 75.4323 -43.4870 0.0000 1650405822252 1218000.7500 -0.1969
-12.9561 75.9658 -43.5842 0.0000 1650405822281 1218029.0000 -0.1969
-12.6141 75.6486 -42.7790 0.0000 1650405822310 1218057.2500 -0.1965
-12.4480 75.6804 -42.0957 0.0000 1650405822338 1218086.2500 -0.1965
-12.9728 75.6302 -41.0608 0.0000 1650405822368 1218115.2500 -0.1965
-11.1879 77.1402 -42.4373 0.0000 1650405822397 1218144.0000 -0.1965
-12.6595 76.0921 -40.4803 0.0000 1650405822426 1218173.0000 -0.1960
-13.4386 75.3846 -39.5071 0.0000 1650405822455 1218202.0000 -0.1960
-13.0212 75.8939 -38.7376 0.0000 1650405822484 1218231.0000 -0.1962
-12.0113 76.9817 -39.3814 0.0000 1650405822513 1218263.0000 -0.1965
-13.1533 76.0575 -37.6734 0.0000 1650405822542 1218291.5000 -0.1965
-13.8877 75.0439 -36.0906 0.0000 1650405822571 1218317.7500 -0.1965
-11.9304 77.0714 -37.2771 0.0000 1650405822600 1218348.2500 -0.1965
-13.4113 76.1398 -35.5896 0.0000 1650405822629 1218375.2500 -0.1965
-11.0741 77.6955 -36.3590 0.0000 1650405822657 1218404.7500 -0.1969
-11.8795 77.5597 -35.6903 0.0000 1650405822687 1218433.7500 -0.1969
-13.1790 75.9903 -33.3506 0.0000 1650405822716 1218462.7500 -0.1969
-11.9348 77.3000 -34.1712 0.0000 1650405822744 1218491.7500 -0.1969
-13.7245 76.0995 -31.9148 0.0000 1650405822773 1218520.7500 -0.1969
-13.5899 75.9516 -31.2662 0.0000 1650405822803 1218549.7500 -0.1969
-11.8085 77.5879 -32.3349 0.0000 1650405822831 1218578.7500 -0.1969
-13.8377 76.0588 -29.8433 0.0000 1650405822861 1218607.7500 -0.1969
-11.7708 77.4453 -30.6504 0.0000 1650405822890 1218636.7500 -0.1969
-13.5642 75.7852 -28.5190 0.0000 1650405822919 1218665.7500 -0.1969
-13.5491 76.0179 -28.0241 0.0000 1650405822948 1218694.7500 -0.1969
-13.6239 75.8941 -27.8863 0.0000 1650405822976 1218723.7500 -0.1969
-13.8542 75.1778 -27.2354 0.0000 1650405823005 1218752.7500 -0.1969
-13.4014 75.6178 -27.7580 0.0000 1650405823034 1218783.0000 -0.1969
-13.5382 76.2143 -28.0794 0.0000 1650405823063 1218811.0000 -0.1969
-13.3144 76.2910 -27.9558 0.0000 1650405823092 1218839.7500 -0.1965
-13.9915 76.0199 -27.5786 0.0000 1650405823121 1218868.5000 -0.1965
-14.0543 76.3071 -28.1280 0.0000 1650405823150 1218897.5000 -0.1965
-12.9316 77.4877 -29.1865 0.0000 1650405823179 1218926.2500 -0.1965
-14.0553 76.1281 -27.8725 0.0000 1650405823208 1218955.2500 -0.1965
-14.1939 75.4245 -27.1473 0.0000 1650405823237 1218984.2500 -0.1965
-13.9681 75.8407 -27.7163 0.0000 1650405823267 1219013.2500 -0.1960
-13.6446 76.6900 -28.3378 0.0000 1650405823295 1219043.7500 -0.1960
-12.8880 77.3910 -29.2792 0.0000 1650405823324 1219073.7500 -0.1965
-14.1380 76.0859 -28.0128 0.0000 1650405823353 1219100.2500 -0.1965
-13.5871 76.4448 -28.1412 0.0000 1650405823382 1219130.7500 -0.1965
-13.0974 76.8857 -28.9541 0.0000 1650405823411 1219158.0000 -0.1965
-12.8161 77.3983 -29.2637 0.0000 1650405823440 1219187.2500 -0.1965
-13.2065 76.9326 -28.8426 0.0000 1650405823469 1219216.2500 -0.1965
-12.6792 77.2311 -29.0822 0.0000 1650405823498 1219245.2500 -0.1965
-13.2300 77.0521 -28.8288 0.0000 1650405823527 1219274.0000 -0.1965
-13.1061 76.7772 -28.5506 0.0000 1650405823556 1219303.0000 -0.1969
-13.1812 77.1733 -28.9055 0.0000 1650405823585 1219332.0000 -0.1969
-13.1220 76.8423 -28.5803 0.0000 1650405823614 1219360.7500 -0.1969
-12.2169 77.5947 -29.4468 0.0000 1650405823643 1219389.7500 -0.1969
-12.9201 76.9972 -28.7699 0.0000 1650405823672 1219418.7500 -0.1969
-13.2037 77.2185 -29.0077 0.0000 1650405823701 1219447.7500 -0.1969
-13.0052 76.8870 -28.6288 0.0000 1650405823730 1219476.7500 -0.1969
-13.0276 76.9376 -28.7275 0.0000 1650405823759 1219505.7500 -0.1969
-13.3340 76.9728 -28.8465 0.0000 1650405823788 1219534.7500 -0.1969
-13.0992 76.8879 -28.6724 0.0000 1650405823816 1219565.2500 -0.1969
-13.1323 77.2094 -28.5197 0.0000 1650405823846 1219592.2500 -0.1969
-13.3394 77.1975 -28.9426 0.0000 1650405823874 1219621.7500 -0.1969
-13.2492 76.7451 -28.5736 0.0000 1650405823903 1219650.7500 -0.1969
-12.3800 77.4996 -29.5042 0.0000 1650405823933 1219679.7500 -0.1965
-13.0010 76.6997 -28.4056 0.0000 1650405823962 1219708.7500 -0.1965
-12.7906 76.7734 -28.5581 0.0000 1650405823990 1219737.7500 -0.1965
-13.4151 77.0156 -28.6308 0.0000 1650405824020 1219766.7500 -0.1965
-12.3212 77.5724 -29.3765 0.0000 1650405824048 1219795.7500 -0.1965
-12.9343 76.6936 -28.4182 0.0000 1650405824078 1219825.7500 -0.1965
-12.8271 76.7400 -28.6167 0.0000 1650405824107 1219855.0000 -0.1960
-12.5620 77.1979 -28.9216 0.0000 1650405824135 1219882.7500 -0.1960
-12.3148 77.6655 -29.3932 0.0000 1650405824165 1219913.0000 -0.1960
-12.0212 77.3656 -29.3442 0.0000 1650405824193 1219940.2500 -0.1960
-12.6374 77.7850 -29.6910 0.0000 1650405824222 1219969.5000 -0.1960
-12.3673 77.6721 -29.4548 0.0000 1650405824251 1219998.5000 -0.1960
-13.2717 77.0329 -28.9878 0.0000 1650405824280 1220027.2500 -0.1961
-12.7488 77.0111 -29.5261 0.0000 1650405824309 1220056.2500 -0.1965
-11.5015 77.3039 -30.0534 0.0000 1650405824338 1220085.2500 -0.1965
-12.0230 76.4672 -30.2587 0.0000 1650405824367 1220114.2500 -0.1965
-12.1258 76.8076 -31.2574 0.0000 1650405824396 1220143.2500 -0.1966
-11.4042 77.0494 -33.1546 0.0000 1650405824426 1220172.2500 -0.1969
-12.3573 76.6314 -32.6496 0.0000 1650405824454 1220201.2500 -0.1969
-10.6837 77.4437 -34.1898 0.0000 1650405824483 1220230.2500 -0.1969
-11.7991 77.5444 -35.5404 0.0000 1650405824512 1220259.2500 -0.1969
-12.4017 76.8752 -34.9163 0.0000 1650405824541 1220288.2500 -0.1969
-11.0564 77.2335 -36.2982 0.0000 1650405824570 1220317.2500 -0.1969
-12.2424 76.1322 -35.8732 0.0000 1650405824599 1220347.5000 -0.1969
-12.3237 75.9006 -36.3155 0.0000 1650405824628 1220377.5000 -0.1969
-12.2847 75.9437 -36.8969 0.0000 1650405824657 1220404.0000 -0.1969
-10.9194 77.3584 -39.0869 0.0000 1650405824686 1220433.0000 -0.1969
-12.6171 75.2877 -38.1284 0.0000 1650405824715 1220462.0000 -0.1969
-11.1545 77.4193 -41.1536 0.0000 1650405824744 1220490.7500 -0.1969
-10.7457 77.4534 -41.0995 0.0000 1650405824773 1220519.7500 -0.1969
-12.4522 75.5713 -40.3244 0.0000 1650405824802 1220548.7500 -0.1969
-11.2417 77.3418 -43.1912 0.0000 1650405824831 1220577.7500 -0.1965
-10.9982 77.3020 -43.2234 0.0000 1650405824860 1220606.2500 -0.1965
-12.4606 75.5141 -42.9956 0.0000 1650405824889 1220637.0000 -0.1965
-11.0787 77.4532 -44.8166 0.0000 1650405824918 1220664.7500 -0.1965
-10.4997 77.6029 -45.7037 0.0000 1650405824947 1220693.2500 -0.1965
-10.6550 77.1982 -45.9483 0.0000 1650405824976 1220722.5000 -0.1965
-10.9099 77.3555 -46.4998 0.0000 1650405825005 1220751.7500 -0.1965
-12.7292 75.1149 -44.9681 0.0000 1650405825033 1220780.7500 -0.1965
-12.3806 75.6439 -46.1455 0.0000 1650405825062 1220809.7500 -0.1960
-10.6037 77.2884 -48.1148 0.0000 1650405825091 1220838.7500 -0.1960
-10.9822 76.9815 -48.4828 0.0000 1650405825121 1220867.7500 -0.1962
-12.7827 75.0868 -47.0376 0.0000 1650405825149 1220896.7500 -0.1965
-11.2110 77.5321 -50.5278 0.0000 1650405825179 1220925.7500 -0.1965
-10.1624 77.4247 -50.2500 0.0000 1650405825208 1220954.7500 -0.1965
-12.0939 75.6030 -48.7896 0.0000 1650405825237 1220983.7500 -0.1967
-12.0142 75.6855 -49.3528 0.0000 1650405825266 1221012.7500 -0.1969
-11.3153 76.7131 -50.8633 0.0000 1650405825294 1221041.7500 -0.1969
-11.2628 76.4373 -50.9719 0.0000 1650405825324 1221070.5000 -0.1969
-10.6606 77.2336 -51.6798 0.0000 1650405825352 1221099.5000 -0.1969
-10.8015 77.0347 -52.0596 0.0000 1650405825381 1221128.0000 -0.1969
-12.5976 75.2104 -50.2855 0.0000 1650405825410 1221156.7500 -0.1969
-10.4827 77.5191 -52.7163 0.0000 1650405825439 1221186.2500 -0.1969
-11.9911 75.9033 -51.2218 0.0000 1650405825468 1221215.2500 -0.1969
-11.9632 76.0841 -51.6626 0.0000 1650405825497 1221244.2500 -0.1969
-12.2171 76.0167 -51.7391 0.0000 1650405825526 1221273.2500 -0.1969
-11.1393 76.4708 -52.3559 0.0000 1650405825555 1221302.2500 -0.1969
-11.3332 76.6052 -52.5753 0.0000 1650405825585 1221331.2500 -0.1969
-11.9092 75.4992 -51.5159 0.0000 1650405825613 1221360.2500 -0.1969
-11.9506 75.6211 -51.5394 0.0000 1650405825642 1221392.0000 -0.1969
-12.1649 75.7433 -51.6645 0.0000 1650405825671 1221421.0000 -0.1965
-11.2144 76.4092 -52.3869 0.0000 1650405825700 1221447.2500 -0.1965
-13.3762 74.7674 -50.4210 0.0000 1650405825729 1221477.5000 -0.1965
-12.1093 75.7037 -51.2560 0.0000 1650405825758 1221505.0000 -0.1965
-12.4397 75.9385 -51.3508 0.0000 1650405825787 1221534.0000 -0.1965
-12.6445 76.1423 -51.3729 0.0000 1650405825816 1221563.0000 -0.1965
-12.8082 76.2653 -51.0166 0.0000 1650405825845 1221591.7500 -0.1965
-12.6806 76.2416 -50.4434 0.0000 1650405825874 1221620.7500 -0.1965
-12.6685 75.7247 -49.4516 0.0000 1650405825903 1221649.7500 -0.1965
-11.9553 76.1208 -49.9867 0.0000 1650405825932 1221678.7500 -0.1965
-11.6874 76.5182 -49.7261 0.0000 1650405825961 1221707.7500 -0.1969
-11.6856 76.7922 -49.6684 0.0000 1650405825990 1221736.7500 -0.1969
-12.2175 76.2603 -48.8716 0.0000 1650405826005 1221751.2500 -0.1969
