-13.3579 76.0551 -35.7395 0.0000 1650406224474 1620193.5000 -0.2009
-13.6562 75.9273 -35.4726 0.0000 1650406224503 1620222.7500 -0.2009
-13.3695 76.0919 -35.6414 0.0000 1650406224532 1620252.2500 -0.2009
-11.6655 77.8749 -37.5435 0.0000 1650406224561 1620280.7500 -0.2009
-11.7022 77.7128 -37.4783 0.0000 1650406224590 1620309.7500 -0.2009
-13.2750 76.2890 -35.9497 0.0000 1650406224619 1620338.0000 -0.2009
-13.6364 75.9165 -35.5531 0.0000 1650406224648 1620367.7500 -0.2009
-13.2871 76.4212 -36.0368 0.0000 1650406224677 1620396.5000 -0.2009
-11.9138 77.6121 -37.2861 0.0000 1650406224706 1620425.5000 -0.2009
-11.7163 77.7281 -37.5051 0.0000 1650406224735 1620454.2500 -0.2009
-11.5910 77.9232 -37.4923 0.0000 1650406224764 1620483.2500 -0.2009
-11.6605 77.7967 -37.5003 0.0000 1650406224793 1620512.2500 -0.2009
-11.6684 77.7842 -37.6182 0.0000 1650406224822 1620541.2500 -0.2009
-11.6572 77.7390 -37.4536 0.0000 1650406224851 1620570.2500 -0.2009
-11.6580 77.7643 -37.4490 0.0000 1650406224880 1620599.2500 -0.2004
-11.8795 77.6244 -37.5129 0.0000 1650406224909 1620628.2500 -0.2004
-11.6338 77.7761 -37.6642 0.0000 1650406224938 1620657.2500 -0.2004
-11.6259 77.6811 -37.5920 0.0000 1650406224967 1620686.2500 -0.2004
-13.0849 76.3554 -36.1059 0.0000 1650406224996 1620715.2500 -0.1999
-11.7795 77.6013 -37.5290 0.0000 1650406225024 1620745.7500 -0.1999
-11.6905 77.6982 -37.4954 0.0000 1650406225054 1620773.5000 -0.2004
-11.7665 77.6714 -37.6146 0.0000 1650406225083 1620802.0000 -0.2004
-13.2938 76.0687 -35.7940 0.0000 1650406225112 1620831.0000 -0.2004
-11.7611 77.7118 -37.4856 0.0000 1650406225140 1620860.0000 -0.2004
-11.7723 77.7937 -37.5653 0.0000 1650406225170 1620888.7500 -0.2004
-13.1738 76.3113 -35.9406 0.0000 1650406225199 1620917.7500 -0.2004
-13.1570 76.1902 -35.8205 0.0000 1650406225228 1620946.7500 -0.2004
-11.7074 77.8312 -37.4829 0.0000 1650406225257 1620975.7500 -0.2004
-13.2044 76.1790 -35.7272 0.0000 1650406225285 1621006.2500 -0.2004
-11.6629 77.7877 -37.3845 0.0000 1650406225315 1621033.5000 -0.2004
-13.1944 76.2944 -35.9978 0.0000 1650406225343 1621062.7500 -0.2009
-13.2529 76.2082 -35.8517 0.0000 1650406225372 1621092.7500 -0.2009
-13.3791 75.9856 -35.6186 0.0000 1650406225401 1621122.0000 -0.2009
-13.1630 76.2098 -35.8239 0.0000 1650406225430 1621149.7500 -0.2009
-13.0968 76.2994 -35.9486 0.0000 1650406225459 1621178.7500 -0.2009
-13.5659 75.8217 -35.4797 0.0000 1650406225488 1621207.7500 -0.2009
-11.7077 77.6801 -37.3896 0.0000 1650406225517 1621236.7500 -0.2009
-11.7415 77.6993 -37.3815 0.0000 1650406225547 1621265.7500 -0.2009
-11.5881 77.7957 -37.4703 0.0000 1650406225576 1621294.7500 -0.2009
-13.3822 75.9789 -35.7065 0.0000 1650406225604 1621323.7500 -0.2009
-11.6904 77.7747 -37.4143 0.0000 1650406225634 1621352.7500 -0.2009
-11.5586 77.8065 -37.5053 0.0000 1650406225662 1621381.7500 -0.2009
-11.6176 77.8588 -37.5277 0.0000 1650406225691 1621410.7500 -0.2009
-11.7626 77.6292 -37.5327 0.0000 1650406225720 1621439.7500 -0.2004
-11.5749 77.8040 -37.4784 0.0000 1650406225749 1621468.7500 -0.2004
-11.6942 77.8012 -37.4726 0.0000 1650406225778 1621497.5000 -0.2004
-11.6022 77.7247 -37.4457 0.0000 1650406225807 1621526.2500 -0.2004
-11.6262 77.5958 -37.5636 0.0000 1650406225836 1621557.0000 -0.2004
-11.6877 77.6598 -37.3807 0.0000 1650406225865 1621584.2500 -0.2004
-11.6057 77.6767 -37.4674 0.0000 1650406225894 1621613.2500 -0.2004
-11.9640 77.3945 -37.1944 0.0000 1650406225923 1621642.2500 -0.2004
-11.6829 77.6751 -37.4215 0.0000 1650406225952 1621671.2500 -0.2004
-11.7553 77.6127 -37.4245 0.0000 1650406225981 1621700.2500 -0.2004
-13.6411 75.7450 -35.5873 0.0000 1650406226010 1621729.2500 -0.2004
-11.6701 77.6492 -37.3003 0.0000 1650406226039 1621758.2500 -0.2004
-13.0696 76.2839 -35.9861 0.0000 1650406226068 1621788.0000 -0.2004
-11.6732 77.7462 -37.6251 0.0000 1650406226097 1621816.0000 -0.2004
-11.7662 77.6749 -37.4878 0.0000 1650406226126 1621845.2500 -0.2009
-13.4564 75.9523 -35.7285 0.0000 1650406226155 1621873.7500 -0.2009
-11.6322 77.6808 -37.4085 0.0000 1650406226183 1621903.2500 -0.2009
-11.6868 77.7607 -37.3877 0.0000 1650406226213 1621932.0000 -0.2009
-13.1292 76.1899 -35.9143 0.0000 1650406226241 1621961.0000 -0.1999
-13.3142 76.0204 -35.6375 0.0000 1650406226271 1621990.0000 -0.2009
-13.4757 76.1510 -35.7533 0.0000 1650406226299 1622018.7500 -0.2009
-12.8059 76.3468 -35.5982 0.0000 1650406226329 1622047.7500 -0.2009
-11.5986 77.2834 -35.4612 0.0000 1650406226358 1622076.7500 -0.2009
-11.4090 78.1728 -35.4958 0.0000 1650406226387 1622105.7500 -0.2009
-11.3629 78.0185 -34.5742 0.0000 1650406226416 1622134.7500 -0.2009
-12.8728 75.9146 -31.8897 0.0000 1650406226445 1622163.7500 -0.2009
-13.3308 75.8452 -31.0158 0.0000 1650406226474 1622192.7500 -0.2009
-13.4227 75.8511 -30.7716 0.0000 1650406226502 1622221.7500 -0.2009
-13.2886 75.5821 -30.8833 0.0000 1650406226531 1622250.7500 -0.2007
-13.3743 75.4857 -30.8103 0.0000 1650406226560 1622279.7500 -0.2004
-13.9043 75.3758 -30.5460 0.0000 1650406226589 1622308.0000 -0.2004
-12.2275 77.4330 -33.0355 0.0000 1650406226618 1622337.5000 -0.2004
-13.5986 76.0167 -31.2636 0.0000 1650406226647 1622366.7500 -0.2004
-12.9971 76.8264 -32.7479 0.0000 1650406226676 1622395.7500 -0.1999
-13.6561 75.7891 -32.4184 0.0000 1650406226705 1622424.7500 -0.1999
-13.1319 76.0505 -34.2985 0.0000 1650406226735 1622453.7500 -0.1999
-11.2164 77.7162 -36.3220 0.0000 1650406226763 1622482.7500 -0.1999
-12.5976 75.4302 -36.0324 0.0000 1650406226793 1622511.7500 -0.1999
-11.9744 76.1231 -37.0518 0.0000 1650406226821 1622540.2500 -0.1999
-11.1659 76.4713 -38.9498 0.0000 1650406226850 1622571.0000 -0.2004
-10.7046 77.2857 -39.8051 0.0000 1650406226879 1622598.5000 -0.2004
-10.6733 77.3423 -40.7180 0.0000 1650406226908 1622628.5000 -0.2004
-11.0642 77.2711 -41.4129 0.0000 1650406226937 1622656.2500 -0.2004
-12.4820 75.6714 -40.5426 0.0000 1650406226966 1622685.2500 -0.2004
-11.1584 77.2775 -43.0025 0.0000 1650406226995 1622714.2500 -0.2004
-11.1458 77.5631 -43.0316 0.0000 1650406227024 1622743.2500 -0.2004
-13.1320 75.4502 -40.9550 0.0000 1650406227053 1622772.2500 -0.2004
-13.0838 75.6957 -41.0024 0.0000 1650406227082 1622801.2500 -0.2005
-12.9073 76.2674 -40.8676 0.0000 1650406227112 1622830.2500 -0.2009
-13.0547 76.2155 -40.6249 0.0000 1650406227140 1622859.2500 -0.2009
-11.8577 77.4813 -41.5001 0.0000 1650406227169 1622888.2500 -0.2009
-13.3334 76.2504 -39.6261 0.0000 1650406227198 1622917.2500 -0.2009
-11.8105 77.1016 -39.6617 0.0000 1650406227227 1622946.2500 -0.2009
-12.1889 77.2004 -39.2443 0.0000 1650406227256 1622975.2500 -0.2009
-13.2839 75.9980 -36.7013 0.0000 1650406227285 1623004.2500 -0.2009
-13.0358 75.9139 -36.5133 0.0000 1650406227314 1623033.0000 -0.2009
-13.4949 75.7343 -34.7632 0.0000 1650406227342 1623061.7500 -0.2009
-11.8880 77.1708 -35.4149 0.0000 1650406227372 1623092.0000 -0.2009
-13.6488 75.4779 -32.8229 0.0000 1650406227400 1623119.7500 -0.2009
-13.3076 76.0611 -33.4848 0.0000 1650406227430 1623148.7500 -0.2009
-13.4443 75.8848 -31.8820 0.0000 1650406227459 1623177.7500 -0.2004
-13.6246 75.7012 -30.9610 0.0000 1650406227488 1623206.7500 -0.2004
-11.7797 77.2306 -32.5562 0.0000 1650406227517 1623235.7500 -0.2004
-13.5434 75.9833 -31.1405 0.0000 1650406227546 1623264.7500 -0.2004
-14.3047 74.7633 -29.8332 0.0000 1650406227575 1623293.7500 -0.2004
-14.6237 74.4439 -29.6321 0.0000 1650406227604 1623322.2500 -0.2004
-11.1590 77.8016 -32.6430 0.0000 1650406227633 1623351.5000 -0.2004
-13.1973 76.3405 -31.7282 0.0000 1650406227661 1623380.7500 -0.2004
-13.9592 75.7716 -32.2158 0.0000 1650406227691 1623409.5000 -0.2004
-11.4232 78.3020 -35.1608 0.0000 1650406227719 1623438.7500 -0.2004
-13.6704 75.0694 -33.3585 0.0000 1650406227748 1623467.7500 -0.2004
-11.3258 77.6872 -36.9028 0.0000 1650406227777 1623496.7500 -0.2004
-13.1623 75.8601 -36.4828 0.0000 1650406227807 1623525.7500 -0.2004
-10.8849 77.4850 -38.5232 0.0000 1650406227835 1623554.7500 -0.2004
-11.5478 77.3164 -39.6286 0.0000 1650406227864 1623583.7500 -0.2004
-10.9003 77.0784 -40.1202 0.0000 1650406227894 1623612.7500 -0.2009
-11.5939 77.3407 -41.5794 0.0000 1650406227923 1623641.7500 -0.2009
-10.8850 77.1332 -41.3350 0.0000 1650406227952 1623670.7500 -0.2009
-10.8419 77.1873 -42.2234 0.0000 1650406227980 1623699.7500 -0.2009
-12.3146 75.9248 -41.1979 0.0000 1650406228009 1623728.5000 -0.2009
-11.8230 76.8489 -42.4019 0.0000 1650406228038 1623757.5000 -0.2009
-13.5877 75.1071 -40.7401 0.0000 1650406228067 1623786.2500 -0.2004
-12.7025 75.6809 -41.4476 0.0000 1650406228096 1623815.2500 -0.2004
-13.0427 75.7859 -41.2044 0.0000 1650406228125 1623845.0000 -0.2009
-12.5820 76.0679 -40.7956 0.0000 1650406228154 1623873.0000 -0.2009
-11.3860 78.1913 -41.8811 0.0000 1650406228183 1623902.2500 -0.2004
-12.6796 76.1357 -39.3495 0.0000 1650406228212 1623931.2500 -0.2004
-13.2052 75.7834 -38.2375 0.0000 1650406228241 1623960.2500 -0.2004
-13.0539 75.8424 -37.4292 0.0000 1650406228271 1623989.2500 -0.2004
-13.3118 75.7586 -36.3596 0.0000 1650406228299 1624018.2500 -0.1999
-13.0495 76.1201 -35.7655 0.0000 1650406228328 1624047.2500 -0.1999
-13.3884 75.7259 -34.3995 0.0000 1650406228357 1624077.7500 -0.1994
-13.1671 76.1290 -34.1507 0.0000 1650406228386 1624104.2500 -0.1994
-12.9750 75.8492 -32.8468 0.0000 1650406228415 1624134.0000 -0.1994
-14.2561 75.3208 -31.8925 0.0000 1650406228444 1624164.5000 -0.1994
-11.5108 77.9259 -33.7536 0.0000 1650406228473 1624191.7500 -0.1996
-12.8849 76.2030 -31.4782 0.0000 1650406228502 1624221.0000 -0.1999
-11.6473 77.2786 -32.2879 0.0000 1650406228531 1624249.7500 -0.1999
-13.2482 75.4291 -30.7164 0.0000 1650406228559 1624278.7500 -0.1999
-13.5813 74.9748 -30.1924 0.0000 1650406228589 1624307.7500 -0.2001
-13.4829 75.6841 -30.5690 0.0000 1650406228618 1624336.7500 -0.2004
-13.2252 75.2740 -31.3593 0.0000 1650406228647 1624365.7500 -0.2004
-12.9110 76.8735 -32.4338 0.0000 1650406228676 1624394.7500 -0.2004
-12.6300 76.5731 -33.0238 0.0000 1650406228705 1624423.7500 -0.2006
-14.0021 74.9771 -32.6939 0.0000 1650406228734 1624452.7500 -0.2009
-12.6037 76.5103 -34.5410 0.0000 1650406228763 1624481.7500 -0.2009
-10.8624 77.5029 -36.9244 0.0000 1650406228792 1624510.7500 -0.2009
-12.5020 76.2848 -36.8730 0.0000 1650406228820 1624539.7500 -0.2009
-10.9226 77.2764 -38.8385 0.0000 1650406228850 1624568.7500 -0.2009
-12.1533 76.2781 -38.3811 0.0000 1650406228878 1624597.7500 -0.2009
-10.9258 77.3159 -40.6722 0.0000 1650406228907 1624626.2500 -0.2009
-11.3482 77.5829 -41.3044 0.0000 1650406228936 1624655.7500 -0.2004
-10.6324 77.3343 -41.7362 0.0000 1650406228966 1624684.7500 -0.2009
-12.8689 75.9172 -41.0209 0.0000 1650406228994 1624713.7500 -0.2009
-12.9778 75.5983 -41.5384 0.0000 1650406229023 1624742.7500 -0.2009
-12.7913 75.6529 -41.0864 0.0000 1650406229052 1624771.7500 -0.2009
-12.8995 75.2144 -40.7679 0.0000 1650406229082 1624800.7500 -0.2004
-11.1674 77.4794 -42.9294 0.0000 1650406229111 1624829.5000 -0.2004
-13.3907 75.5453 -40.4209 0.0000 1650406229139 1624858.2500 -0.2004
-11.5378 77.7051 -41.7611 0.0000 1650406229169 1624887.0000 -0.2004
-11.2856 77.5545 -41.1315 0.0000 1650406229197 1624916.2500 -0.1999
-12.7882 76.1384 -39.0438 0.0000 1650406229226 1624946.2500 -0.1999
-11.8873 76.9164 -39.1091 0.0000 1650406229255 1624974.2500 -0.2004
-13.0090 75.8871 -37.1482 0.0000 1650406229284 1625003.2500 -0.2004
-11.9123 76.6914 -37.0521 0.0000 1650406229313 1625032.2500 -0.2004
-13.0679 75.9199 -35.2474 0.0000 1650406229342 1625061.2500 -0.2004
-12.4812 76.0808 -34.5295 0.0000 1650406229371 1625090.2500 -0.2004
-11.2327 77.8801 -35.4376 0.0000 1650406229400 1625119.2500 -0.2004
-11.5019 78.0055 -34.9523 0.0000 1650406229430 1625148.2500 -0.2004
-13.5020 75.9378 -32.4411 0.0000 1650406229458 1625177.2500 -0.2004
-13.7105 75.5392 -31.3495 0.0000 1650406229487 1625206.2500 -0.2006
-13.4344 75.6261 -30.8224 0.0000 1650406229516 1625235.2500 -0.2013
-14.7090 74.3518 -30.0530 0.0000 1650406229545 1625264.0000 -0.2009
-13.4876 75.5057 -31.2186 0.0000 1650406229574 1625293.0000 -0.2009
-13.6616 75.6558 -30.7444 0.0000 1650406229603 1625322.0000 -0.2009
-11.0414 77.8194 -32.6933 0.0000 1650406229632 1625350.7500 -0.2009
-11.3548 77.8095 -33.4091 0.0000 1650406229661 1625381.0000 -0.2009
-12.9815 76.8967 -32.5809 0.0000 1650406229690 1625408.2500 -0.2009
-13.8405 75.0097 -31.5322 0.0000 1650406229718 1625437.7500 -0.2009
-13.0462 75.7097 -33.8095 0.0000 1650406229748 1625466.7500 -0.2009
-11.0698 77.6840 -36.1955 0.0000 1650406229777 1625495.7500 -0.2009
-11.3586 76.8523 -37.0790 0.0000 1650406229806 1625524.7500 -0.2009
-12.4648 76.7241 -37.3472 0.0000 1650406229835 1625553.7500 -0.2009
-11.2244 77.1427 -39.3363 0.0000 1650406229864 1625582.7500 -0.2009
-10.9672 77.6024 -40.0333 0.0000 1650406229893 1625611.7500 -0.2009
-10.9000 76.8914 -41.0873 0.0000 1650406229922 1625640.0000 -0.2004
-12.5035 76.5915 -40.6109 0.0000 1650406229951 1625669.7500 -0.2004
-11.0069 77.2774 -42.2889 0.0000 1650406229980 1625698.7500 -0.2004
-10.8211 77.8125 -42.6421 0.0000 1650406230009 1625729.0000 -0.2004
-12.3262 76.1875 -41.5709 0.0000 1650406230037 1625756.7500 -0.1999
-12.4805 75.6223 -41.0790 0.0000 1650406230066 1625785.7500 -0.1999
-12.8128 75.5277 -40.9382 0.0000 1650406230095 1625814.7500 -0.1999
-13.1220 76.1303 -41.0027 0.0000 1650406230125 1625843.7500 -0.1999
-12.8132 76.1773 -40.4967 0.0000 1650406230153 1625872.7500 -0.1999
-11.7250 77.6733 -41.6331 0.0000 1650406230183 1625901.7500 -0.1999
-13.0119 76.4815 -39.8141 0.0000 1650406230212 1625930.7500 -0.1999
-11.9981 77.2607 -39.9338 0.0000 1650406230241 1625959.5000 -0.1999
-11.9422 77.3893 -39.3111 0.0000 1650406230270 1625988.5000 -0.2000
-12.9784 76.0704 -36.7045 0.0000 1650406230298 1626017.2500 -0.2004
-11.8053 76.9498 -36.8769 0.0000 1650406230328 1626046.2500 -0.2009
-13.6993 75.2319 -34.1932 0.0000 1650406230356 1626075.2500 -0.2009
-11.7126 76.9495 -35.3855 0.0000 1650406230385 1626104.2500 -0.2009
-10.9314 77.8521 -35.2560 0.0000 1650406230414 1626134.7500 -0.2009
-12.0728 77.1342 -33.9879 0.0000 1650406230443 1626161.5000 -0.2009
-11.2750 77.8141 -34.0626 0.0000 1650406230472 1626191.2500 -0.2009
-13.2088 75.2823 -30.8328 0.0000 1650406230501 1626220.2500 -0.2010
-12.3687 77.3392 -33.1315 0.0000 1650406230530 1626249.2500 -0.2013
-11.4194 77.3019 -32.8570 0.0000 1650406230559 1626278.2500 -0.2013
-13.7586 74.8774 -30.0231 0.0000 1650406230589 1626307.2500 -0.2013
-11.6654 77.5087 -32.5869 0.0000 1650406230617 1626336.2500 -0.2013
-13.7964 75.6384 -30.8981 0.0000 1650406230646 1626365.0000 -0.2013
-11.2781 77.8299 -33.3360 0.0000 1650406230675 1626393.5000 -0.2013
-13.0105 76.6542 -32.8423 0.0000 1650406230704 1626423.7500 -0.2013
-10.9583 78.1651 -35.1509 0.0000 1650406230733 1626452.0000 -0.2013
-13.2348 76.3672 -34.6468 0.0000 1650406230762 1626482.2500 -0.2009
-11.0896 77.4383 -36.6214 0.0000 1650406230791 1626509.7500 -0.2009
-12.6222 75.6472 -36.1815 0.0000 1650406230820 1626538.7500 -0.2009
-11.0427 77.1355 -38.1954 0.0000 1650406230849 1626567.7500 -0.2009
-12.3770 75.9281 -37.7184 0.0000 1650406230877 1626596.7500 -0.2004
-11.9835 76.1091 -38.9959 0.0000 1650406230907 1626625.7500 -0.2004
-10.7643 77.1633 -40.7037 0.0000 1650406230936 1626654.7500 -0.2004
-10.7119 77.4160 -41.4257 0.0000 1650406230965 1626683.7500 -0.2004
-10.9520 77.4371 -42.3533 0.0000 1650406230994 1626712.7500 -0.2004
-12.5074 75.5536 -41.4879 0.0000 1650406231023 1626741.7500 -0.2004
-12.5446 75.6815 -41.0830 0.0000 1650406231052 1626770.7500 -0.2004
-13.1982 75.0524 -40.8551 0.0000 1650406231081 1626799.7500 -0.2004
-12.7851 75.7229 -41.0136 0.0000 1650406231110 1626828.7500 -0.2004
-13.1544 75.5365 -40.6821 0.0000 1650406231139 1626857.7500 -0.2004
-11.9299 77.3666 -41.5812 0.0000 1650406231168 1626886.7500 -0.2005
-11.7630 77.7661 -41.4702 0.0000 1650406231196 1626915.2500 -0.2009
-11.4143 77.7913 -40.8910 0.0000 1650406231226 1626944.5000 -0.2009
-11.6351 77.0296 -39.4465 0.0000 1650406231254 1626973.7500 -0.2009
-11.6542 77.7561 -39.2137 0.0000 1650406231284 1627002.7500 -0.2010
-13.0473 75.9567 -36.6468 0.0000 1650406231312 1627031.7500 -0.2013
-12.8850 76.4821 -36.2165 0.0000 1650406231342 1627060.5000 -0.2013
-13.0426 75.8592 -34.6606 0.0000 1650406231370 1627089.0000 -0.2013
-13.0766 75.7827 -34.0631 0.0000 1650406231400 1627118.5000 -0.2013
-13.0833 75.7776 -32.9591 0.0000 1650406231429 1627147.2500 -0.2013
-12.3812 76.9321 -34.2616 0.0000 1650406231458 1627180.2500 -0.2013
-11.3698 77.7633 -33.7130 0.0000 1650406231487 1627205.0000 -0.2013
-14.4362 75.1001 -31.0477 0.0000 1650406231515 1627234.2500 -0.2013
-11.9119 77.2947 -32.5830 0.0000 1650406231544 1627264.2500 -0.2013
-13.9813 74.9710 -30.5473 0.0000 1650406231573 1627292.2500 -0.2013
-13.9806 74.8942 -30.4604 0.0000 1650406231602 1627321.2500 -0.2009
-11.5148 77.4810 -32.4969 0.0000 1650406231631 1627350.2500 -0.2009
-13.7962 75.0399 -30.8797 0.0000 1650406231660 1627379.2500 -0.2009
-12.7618 76.4206 -31.9807 0.0000 1650406231689 1627408.2500 -0.2009
-14.3817 75.1659 -31.6461 0.0000 1650406231718 1627437.2500 -0.2004
-11.2915 77.3391 -35.2645 0.0000 1650406231748 1627466.2500 -0.2004
-12.3710 76.1688 -34.3620 0.0000 1650406231776 1627495.0000 -0.2009
-12.5293 75.4124 -34.9086 0.0000 1650406231806 1627524.0000 -0.2009
-12.8963 76.4046 -37.1169 0.0000 1650406231834 1627553.0000 -0.2004
-11.0395 77.0782 -38.5509 0.0000 1650406231863 1627581.7500 -0.2004
-12.3427 76.2618 -38.2417 0.0000 1650406231892 1627610.7500 -0.2004
-10.8308 77.2061 -40.3388 0.0000 1650406231921 1627639.7500 -0.2004
-12.2961 76.2721 -39.6888 0.0000 1650406231950 1627668.7500 -0.2004
-10.6057 77.5557 -41.6966 0.0000 1650406231979 1627699.0000 -0.2004
-10.4842 77.3008 -42.2430 0.0000 1650406232008 1627726.5000 -0.2006
-13.3891 75.3568 -41.1932 0.0000 1650406232037 1627755.7500 -0.2009
-12.5555 75.9831 -41.2909 0.0000 1650406232066 1627784.7500 -0.2009
-12.8881 75.6431 -40.9776 0.0000 1650406232095 1627813.7500 -0.2009
-12.7937 75.9253 -41.4463 0.0000 1650406232124 1627842.7500 -0.2011
-13.1238 75.4949 -40.3675 0.0000 1650406232153 1627871.7500 -0.2013
-11.8203 77.5414 -41.4334 0.0000 1650406232182 1627900.7500 -0.2013
-11.2300 77.6189 -41.2060 0.0000 1650406232211 1627929.2500 -0.2013
-11.1523 77.5610 -40.6090 0.0000 1650406232240 1627958.2500 -0.2013
-11.6041 77.0480 -38.9630 0.0000 1650406232269 1627987.7500 -0.2013
-11.6789 77.9708 -39.2849 0.0000 1650406232298 1628016.2500 -0.2013
-12.8840 75.9091 -36.2975 0.0000 1650406232327 1628045.2500 -0.2013
-13.1667 75.5961 -35.0948 0.0000 1650406232355 1628074.7500 -0.2013
-13.3291 75.4385 -33.9574 0.0000 1650406232385 1628103.7500 -0.2009
-13.5878 75.7723 -33.5254 0.0000 1650406232413 1628132.7500 -0.2009
-13.5391 75.3413 -32.8860 0.0000 1650406232442 1628161.7500 -0.2009
-14.1011 75.3959 -32.1780 0.0000 1650406232471 1628190.5000 -0.2009
-13.1424 75.7487 -31.6372 0.0000 1650406232501 1628219.5000 -0.2009
-13.5561 75.8575 -31.1966 0.0000 1650406232530 1628248.2500 -0.2009
-11.9880 76.9598 -32.6196 0.0000 1650406232559 1628277.2500 -0.2006
-13.4579 75.2160 -31.0368 0.0000 1650406232588 1628306.2500 -0.2004
-13.7154 75.5552 -30.9817 0.0000 1650406232617 1628335.2500 -0.2004
-11.5143 77.6477 -32.6468 0.0000 1650406232646 1628364.2500 -0.2004
-13.1409 76.0317 -31.2652 0.0000 1650406232674 1628393.2500 -0.2004
-12.7808 77.0063 -32.6928 0.0000 1650406232703 1628422.2500 -0.2004
-12.5485 76.5945 -33.2461 0.0000 1650406232732 1628452.5000 -0.2004
-14.0076 75.2608 -33.4505 0.0000 1650406232761 1628480.0000 -0.2004
-12.1428 76.2369 -34.8565 0.0000 1650406232790 1628509.2500 -0.2004
-11.3164 76.8622 -37.2593 0.0000 1650406232819 1628538.2500 -0.2004
-12.0797 76.3295 -36.9484 0.0000 1650406232848 1628567.2500 -0.2009
-11.1428 76.5065 -38.6430 0.0000 1650406232877 1628596.0000 -0.2009
-11.8549 76.2443 -38.4115 0.0000 1650406232906 1628625.0000 -0.2009
-10.7176 77.3123 -40.6290 0.0000 1650406232935 1628654.0000 -0.2009
-11.0712 77.2299 -41.0459 0.0000 1650406232965 1628683.0000 -0.2009
-10.9184 77.2402 -41.8408 0.0000 1650406232993 1628711.5000 -0.2009
-10.9237 77.5161 -42.3249 0.0000 1650406233022 1628740.5000 -0.2009
-11.4461 77.2574 -42.3657 0.0000 1650406233051 1628769.7500 -0.2009
-12.8553 76.2108 -41.4075 0.0000 1650406233080 1628798.5000 -0.2009
-12.4884 75.7915 -41.2765 0.0000 1650406233109 1628827.7500 -0.2009
-13.9043 75.1709 -40.0243 0.0000 1650406233138 1628856.7500 -0.2009
-12.8008 76.1342 -40.6509 0.0000 1650406233167 1628885.7500 -0.2009
-11.2567 77.6146 -41.2282 0.0000 1650406233196 1628914.7500 -0.2009
-12.8751 75.7421 -39.2673 0.0000 1650406233225 1628943.7500 -0.2009
-12.6609 76.0519 -38.9289 0.0000 1650406233254 1628972.7500 -0.2009
-12.2236 77.0153 -39.2797 0.0000 1650406233283 1629001.7500 -0.2009
-13.5619 76.1657 -37.4948 0.0000 1650406233312 1629030.7500 -0.2009
-12.1394 77.1705 -37.1825 0.0000 1650406233341 1629059.7500 -0.2009
-13.4051 75.5421 -34.7031 0.0000 1650406233370 1629088.7500 -0.2009
-13.1801 75.5785 -34.6175 0.0000 1650406233399 1629117.7500 -0.2004
-13.3743 75.5029 -33.1432 0.0000 1650406233428 1629146.7500 -0.2004
-13.2772 75.6535 -33.0164 0.0000 1650406233457 1629175.7500 -0.2004
-13.4506 75.4227 -32.0330 0.0000 1650406233486 1629204.7500 -0.1999
-13.5512 75.5841 -31.0602 0.0000 1650406233514 1629234.7500 -0.1999
-12.0561 76.8969 -32.7553 0.0000 1650406233544 1629262.2500 -0.1999
-13.6309 75.1667 -30.7213 0.0000 1650406233572 1629291.5000 -0.1999
-13.3253 75.5247 -31.1127 0.0000 1650406233601 1629320.5000 -0.1999
-13.4683 75.4441 -30.4418 0.0000 1650406233631 1629349.5000 -0.1999
-11.8768 77.6562 -33.2320 0.0000 1650406233660 1629378.2500 -0.1999
-13.2651 76.0405 -31.5401 0.0000 1650406233688 1629407.2500 -0.2001
-14.0028 75.6673 -32.0339 0.0000 1650406233718 1629436.2500 -0.2004
-10.9475 77.7192 -34.5335 0.0000 1650406233747 1629465.2500 -0.2004
-12.4086 75.8171 -34.2522 0.0000 1650406233776 1629496.7500 -0.2004
-13.4106 75.7216 -34.4845 0.0000 1650406233805 1629523.2500 -0.2004
-12.5736 75.1326 -36.0186 0.0000 1650406233833 1629553.7500 -0.2004
-11.9257 76.1715 -37.0170 0.0000 1650406233863 1629581.0000 -0.2004
-12.7606 75.9291 -38.4343 0.0000 1650406233891 1629610.2500 -0.2004
-10.7063 77.3188 -39.6491 0.0000 1650406233920 1629639.2500 -0.2005
-11.3276 77.1162 -41.0616 0.0000 1650406233949 1629668.2500 -0.2009
-10.6378 77.3838 -41.4512 0.0000 1650406233978 1629697.2500 -0.2009
-12.7854 75.7006 -40.3597 0.0000 1650406234007 1629726.0000 -0.2009
-12.3737 75.9784 -40.9209 0.0000 1650406234036 1629755.0000 -0.2009
-11.2195 77.5013 -42.7160 0.0000 1650406234065 1629784.0000 -0.2009
-12.9557 75.4261 -40.8643 0.0000 1650406234095 1629812.5000 -0.2009
-12.9641 76.1319 -41.1936 0.0000 1650406234124 1629841.7500 -0.2004
-13.2487 75.5145 -40.5631 0.0000 1650406234152 1629870.7500 -0.2004
-13.0609 75.9922 -40.4095 0.0000 1650406234181 1629899.7500 -0.2004
-11.9029 77.4690 -41.2913 0.0000 1650406234210 1629928.7500 -0.2004
-13.0504 76.0096 -39.2790 0.0000 1650406234239 1629957.7500 -0.1999
-11.8411 77.1024 -39.6436 0.0000 1650406234268 1629988.2500 -0.1999
-13.5687 75.8362 -37.6334 0.0000 1650406234297 1630015.5000 -0.1999
-13.1159 75.9673 -36.7602 0.0000 1650406234326 1630044.7500 -0.1999
-13.1046 75.9537 -35.8670 0.0000 1650406234355 1630073.7500 -0.1999
-13.2433 75.6857 -34.6471 0.0000 1650406234384 1630102.7500 -0.1999
-13.4178 75.6108 -34.2819 0.0000 1650406234413 1630131.7500 -0.1999
-13.3582 75.3380 -32.6725 0.0000 1650406234442 1630160.7500 -0.1999
-12.2142 76.7559 -34.0303 0.0000 1650406234471 1630189.7500 -0.2001
-13.2763 75.6593 -31.5878 0.0000 1650406234500 1630218.7500 -0.2004
-13.4471 75.3932 -30.8188 0.0000 1650406234529 1630250.5000 -0.2004
-12.2261 76.9964 -32.6330 0.0000 1650406234558 1630277.5000 -0.2004
-13.7938 75.3917 -30.8430 0.0000 1650406234587 1630305.7500 -0.2004
-13.1245 75.6673 -30.7230 0.0000 1650406234616 1630334.7500 -0.2004
-11.4156 77.5286 -32.1662 0.0000 1650406234645 1630363.2500 -0.2004
-11.7942 77.3552 -33.1181 0.0000 1650406234674 1630392.7500 -0.2009
-13.0027 76.4952 -32.0244 0.0000 1650406234703 1630421.5000 -0.2009
-12.7132 76.7872 -33.3417 0.0000 1650406234731 1630450.5000 -0.2009
-11.5547 77.9090 -35.8160 0.0000 1650406234760 1630479.2500 -0.2009
-12.6931 76.6929 -34.8984 0.0000 1650406234789 1630508.2500 -0.2009
-10.9912 76.9615 -36.4254 0.0000 1650406234819 1630537.2500 -0.2009
-12.4542 75.5659 -36.2687 0.0000 1650406234848 1630566.2500 -0.2009
-10.9166 77.0695 -38.2471 0.0000 1650406234877 1630595.2500 -0.2009
-11.8997 76.2338 -37.9867 0.0000 1650406234906 1630624.2500 -0.2009
-11.0444 77.2323 -40.2317 0.0000 1650406234935 1630653.2500 -0.2009
-12.1735 76.0539 -39.5627 0.0000 1650406234964 1630682.2500 -0.2009
-10.6644 77.4163 -41.6681 0.0000 1650406234992 1630711.2500 -0.2009
-10.7029 77.7071 -42.4238 0.0000 1650406235022 1630740.2500 -0.2009
-11.0851 77.2221 -42.3582 0.0000 1650406235050 1630770.5000 -0.2009
-11.1780 77.2643 -42.4453 0.0000 1650406235079 1630799.0000 -0.2004
-12.8304 76.0867 -41.7055 0.0000 1650406235108 1630827.0000 -0.2004
-13.0353 75.6998 -41.0163 0.0000 1650406235137 1630856.0000 -0.2004
-13.3713 75.2973 -40.1906 0.0000 1650406235166 1630885.0000 -0.2004
-12.0225 77.1001 -41.6773 0.0000 1650406235195 1630913.7500 -0.2004
-11.0438 77.6702 -41.2685 0.0000 1650406235224 1630942.7500 -0.2004
-13.0890 75.7484 -39.0060 0.0000 1650406235254 1630971.7500 -0.2001
-11.6068 76.8419 -39.5137 0.0000 1650406235283 1631000.7500 -0.1999
-13.5715 76.0887 -37.5109 0.0000 1650406235311 1631032.5000 -0.2004
-13.0126 75.8529 -36.4657 0.0000 1650406235341 1631058.5000 -0.2004
-13.4818 76.1244 -35.8106 0.0000 1650406235369 1631087.7500 -0.2004
-13.6269 75.4811 -34.2080 0.0000 1650406235398 1631116.5000 -0.2004
-11.4338 77.6915 -35.6600 0.0000 1650406235427 1631145.7500 -0.2004
-13.4143 75.5898 -32.5547 0.0000 1650406235456 1631174.7500 -0.2004
-13.7694 75.8396 -32.7666 0.0000 1650406235485 1631203.7500 -0.2005
-13.1942 75.8433 -31.6060 0.0000 1650406235514 1631232.7500 -0.2009
-13.7452 75.8375 -31.1671 0.0000 1650406235543 1631261.7500 -0.2009
-12.1418 77.1114 -32.6452 0.0000 1650406235572 1631290.7500 -0.2009
-13.6123 75.5022 -31.1375 0.0000 1650406235601 1631319.7500 -0.2009
-13.6571 75.2141 -30.3664 0.0000 1650406235630 1631348.7500 -0.2009
-11.6324 77.6974 -32.5908 0.0000 1650406235659 1631377.7500 -0.2009
-11.2330 77.8729 -33.1102 0.0000 1650406235688 1631406.7500 -0.2009
-12.6885 76.5609 -32.3365 0.0000 1650406235717 1631435.7500 -0.2009
-11.3139 78.2325 -34.8476 0.0000 1650406235746 1631464.7500 -0.2009
-13.2436 75.0918 -33.4838 0.0000 1650406235775 1631493.7500 -0.2009
-12.4659 76.6026 -35.2233 0.0000 1650406235804 1631522.5000 -0.2009
-12.8773 75.3398 -35.4484 0.0000 1650406235833 1631552.7500 -0.2009
-11.8229 76.1329 -36.4782 0.0000 1650406235862 1631580.0000 -0.2004
-11.1340 76.6793 -38.7800 0.0000 1650406235890 1631609.2500 -0.2004
-11.3264 77.7355 -39.9940 0.0000 1650406235920 1631638.2500 -0.2004
-11.0725 77.0637 -40.2753 0.0000 1650406235948 1631667.2500 -0.2004
-12.2788 76.2881 -39.9127 0.0000 1650406235978 1631696.2500 -0.1999
-10.9583 77.1363 -41.9520 0.0000 1650406236006 1631725.2500 -0.1999
-12.6901 75.4846 -40.4530 0.0000 1650406236036 1631754.2500 -0.1999
-12.0757 76.1075 -41.2439 0.0000 1650406236065 1631784.7500 -0.1999
-13.1209 75.4214 -40.7702 0.0000 1650406236094 1631814.7500 -0.1999
-12.6414 75.5376 -41.1086 0.0000 1650406236123 1631841.2500 -0.1999
-12.6705 75.9333 -40.9782 0.0000 1650406236152 1631870.2500 -0.2000
-11.7384 76.9578 -41.5754 0.0000 1650406236181 1631898.5000 -0.2004
-11.5708 77.2220 -41.0487 0.0000 1650406236209 1631928.2500 -0.2004
-13.4043 75.9776 -39.4523 0.0000 1650406236238 1631957.0000 -0.2004
-12.9503 75.7707 -38.4461 0.0000 1650406236267 1631986.0000 -0.2004
-12.0017 77.0646 -39.2289 0.0000 1650406236296 1632015.0000 -0.2004
-13.2258 75.8209 -36.8535 0.0000 1650406236325 1632043.7500 -0.2009
-12.2837 76.8192 -37.3011 0.0000 1650406236355 1632072.7500 -0.2009
-13.4678 75.5297 -34.7726 0.0000 1650406236383 1632101.7500 -0.2009
-13.7288 74.9960 -33.9574 0.0000 1650406236413 1632130.7500 -0.2009
-13.1996 75.6229 -33.2256 0.0000 1650406236442 1632159.7500 -0.2009
-12.8786 76.1434 -32.9077 0.0000 1650406236470 1632188.7500 -0.2009
-13.3077 75.7373 -32.1899 0.0000 1650406236500 1632217.7500 -0.2009
-13.2464 75.2556 -30.9516 0.0000 1650406236528 1632246.7500 -0.2009
-13.5924 75.4875 -30.7071 0.0000 1650406236557 1632275.7500 -0.2009
-13.6786 75.5140 -30.7096 0.0000 1650406236586 1632304.7500 -0.2009
-14.3024 75.0639 -30.1873 0.0000 1650406236615 1632336.0000 -0.2009
-11.7787 77.5553 -32.5557 0.0000 1650406236644 1632362.7500 -0.2009
-11.1414 77.8152 -32.6659 0.0000 1650406236673 1632391.7500 -0.2009
-14.1324 76.0818 -31.5530 0.0000 1650406236702 1632420.7500 -0.2009
-13.0523 76.4480 -33.1104 0.0000 1650406236731 1632449.7500 -0.2009
-11.0212 77.5550 -34.6563 0.0000 1650406236760 1632478.7500 -0.2004
-12.5889 75.3771 -34.0455 0.0000 1650406236789 1632507.7500 -0.2004
-12.4963 76.5961 -35.2839 0.0000 1650406236818 1632536.7500 -0.2009
-12.5839 75.6986 -36.2122 0.0000 1650406236847 1632565.5000 -0.2009
-11.8150 76.1744 -36.9953 0.0000 1650406236876 1632594.5000 -0.2004
-12.5682 76.0231 -38.2103 0.0000 1650406236905 1632623.5000 -0.2004
-10.5573 77.2348 -39.6363 0.0000 1650406236934 1632655.0000 -0.2004
-10.7238 77.3442 -40.6212 0.0000 1650406236963 1632681.5000 -0.2004
-12.0621 76.3740 -39.9821 0.0000 1650406236992 1632710.2500 -0.2004
-12.3817 75.8802 -40.5007 0.0000 1650406237021 1632739.2500 -0.2004
-10.9748 77.2737 -42.1992 0.0000 1650406237049 1632768.2500 -0.2004
-11.2834 77.8973 -43.0951 0.0000 1650406237079 1632797.2500 -0.2004
-12.9050 75.3572 -41.0624 0.0000 1650406237107 1632826.2500 -0.2006
-12.9294 76.0245 -41.3720 0.0000 1650406237137 1632855.2500 -0.2009
-13.3454 75.6710 -40.5766 0.0000 1650406237166 1632884.2500 -0.2009
-12.6029 76.0649 -40.6426 0.0000 1650406237195 1632913.2500 -0.2009
-11.1904 77.4130 -41.4962 0.0000 1650406237224 1632942.2500 -0.2011
-13.6094 75.9974 -39.4353 0.0000 1650406237253 1632971.2500 -0.2013
-12.6655 75.9296 -38.4247 0.0000 1650406237282 1633000.2500 -0.2013
-12.1315 77.1644 -39.2433 0.0000 1650406237311 1633029.2500 -0.2013
-12.9432 75.8721 -36.4416 0.0000 1650406237340 1633058.0000 -0.2013
-12.2109 76.7088 -37.0455 0.0000 1650406237368 1633089.5000 -0.2013
-13.3425 75.6965 -34.6648 0.0000 1650406237398 1633117.0000 -0.2013
-13.3177 75.3270 -33.8704 0.0000 1650406237426 1633144.7500 -0.2013
-13.2487 75.4940 -32.8643 0.0000 1650406237455 1633173.7500 -0.2013
-12.9447 75.7752 -32.7493 0.0000 1650406237484 1633202.7500 -0.2009
-13.7120 75.9452 -32.0453 0.0000 1650406237513 1633231.7500 -0.2009
-13.4440 76.0508 -31.8669 0.0000 1650406237542 1633260.7500 -0.2009
-13.6487 75.3066 -31.0731 0.0000 1650406237571 1633289.7500 -0.2009
-13.7438 75.5178 -31.0320 0.0000 1650406237601 1633318.7500 -0.2004
-13.2595 75.3848 -30.7430 0.0000 1650406237629 1633348.5000 -0.2004
-13.3010 75.5346 -30.3495 0.0000 1650406237659 1633376.5000 -0.2004
-13.9984 74.9511 -30.7789 0.0000 1650406237687 1633405.7500 -0.2004
-13.1927 76.8812 -32.2693 0.0000 1650406237716 1633436.0000 -0.2004
-13.7744 75.5937 -32.2284 0.0000 1650406237745 1633463.7500 -0.2004
-11.2625 77.7739 -35.2520 0.0000 1650406237774 1633492.7500 -0.2004
-12.2862 75.9501 -34.0605 0.0000 1650406237803 1633521.7500 -0.2004
-10.5614 77.1677 -36.5044 0.0000 1650406237832 1633550.7500 -0.2004
-12.8198 76.0855 -36.7341 0.0000 1650406237861 1633579.7500 -0.2004
-10.5517 77.2232 -38.4983 0.0000 1650406237890 1633608.7500 -0.2004
-11.9153 76.2770 -37.9297 0.0000 1650406237919 1633637.7500 -0.2004
-10.3912 77.4357 -40.0949 0.0000 1650406237948 1633666.7500 -0.2005
-12.5340 75.6534 -40.0622 0.0000 1650406237978 1633696.7500 -0.2009
-10.7046 77.4992 -41.4643 0.0000 1650406238006 1633724.7500 -0.2009
-10.9177 77.5221 -42.1708 0.0000 1650406238035 1633753.5000 -0.2009
-11.0265 77.2544 -42.3670 0.0000 1650406238064 1633782.5000 -0.2010
-11.3257 77.5037 -43.1360 0.0000 1650406238093 1633811.2500 -0.2013
-10.9933 77.3090 -42.8778 0.0000 1650406238122 1633840.2500 -0.2011
-11.3430 77.7633 -43.4928 0.0000 1650406238151 1633870.0000 -0.2009
-13.2933 75.4982 -40.5830 0.0000 1650406238180 1633898.2500 -0.2009
-12.1969 77.1403 -41.8883 0.0000 1650406238209 1633927.2500 -0.2009
-11.6085 77.3400 -41.0201 0.0000 1650406238238 1633956.2500 -0.2009
-13.2047 76.2716 -39.4945 0.0000 1650406238266 1633985.2500 -0.2009
-11.8693 76.8356 -39.2166 0.0000 1650406238296 1634014.2500 -0.2009
-11.5937 77.8946 -39.2777 0.0000 1650406238325 1634043.2500 -0.2009
-12.6819 75.9688 -36.5055 0.0000 1650406238354 1634072.2500 -0.2009
-12.9198 75.8257 -35.5393 0.0000 1650406238383 1634101.0000 -0.2009
-12.9643 75.8389 -34.5748 0.0000 1650406238412 1634131.0000 -0.2009
-13.0276 75.7253 -33.7256 0.0000 1650406238441 1634159.2500 -0.2004
-13.2488 75.4692 -32.5226 0.0000 1650406238470 1634189.5000 -0.2004
-13.4667 75.9642 -32.8551 0.0000 1650406238499 1634216.7500 -0.1999
-13.0379 75.6880 -31.6633 0.0000 1650406238527 1634246.0000 -0.1999
-13.5292 75.5854 -30.9848 0.0000 1650406238557 1634274.7500 -0.1999
-13.6230 75.6889 -30.8155 0.0000 1650406238585 1634303.7500 -0.1999
-13.9184 75.2668 -30.7760 0.0000 1650406238614 1634332.7500 -0.1999
-13.8143 75.3638 -31.0012 0.0000 1650406238643 1634361.7500 -0.1999
-13.4884 75.4522 -30.4102 0.0000 1650406238673 1634390.7500 -0.1999
-13.3945 76.0359 -31.7086 0.0000 1650406238701 1634419.7500 -0.1999
-13.1626 76.8079 -32.7559 0.0000 1650406238730 1634448.7500 -0.1999
-11.2985 78.0218 -34.8493 0.0000 1650406238759 1634477.7500 -0.1999
-13.9597 75.1601 -33.2917 0.0000 1650406238789 1634506.7500 -0.2001
-12.4531 76.4972 -35.1023 0.0000 1650406238818 1634535.7500 -0.2004
-12.6103 75.4239 -35.5713 0.0000 1650406238846 1634564.7500 -0.2004
-11.9772 76.4062 -36.6017 0.0000 1650406238875 1634593.7500 -0.2004
-10.7625 77.0069 -38.4985 0.0000 1650406238904 1634623.7500 -0.2004
-11.8491 76.2483 -38.3760 0.0000 1650406238933 1634651.2500 -0.2004
-11.1273 77.2011 -40.4156 0.0000 1650406238962 1634680.7500 -0.2004
-12.8515 75.5986 -40.0201 0.0000 1650406238991 1634709.7500 -0.2004
-12.7245 75.4421 -40.0859 0.0000 1650406239020 1634738.7500 -0.2004
-10.3620 77.4447 -42.1855 0.0000 1650406239049 1634767.7500 -0.2004
-12.1962 76.3257 -41.5853 0.0000 1650406239078 1634796.7500 -0.2004
-12.6670 75.5342 -41.2928 0.0000 1650406239107 1634825.7500 -0.2004
-11.1247 77.3783 -43.0070 0.0000 1650406239137 1634854.7500 -0.2004
-13.7263 74.8435 -40.4071 0.0000 1650406239165 1634884.5000 -0.2004
-12.8890 75.9631 -40.9125 0.0000 1650406239194 1634912.2500 -0.2004
-11.8758 77.4784 -41.6668 0.0000 1650406239223 1634941.2500 -0.2004
-13.0297 75.9188 -39.4168 0.0000 1650406239252 1634969.5000 -0.2004
-12.0152 77.3457 -40.4006 0.0000 1650406239281 1634999.2500 -0.1999
-11.9902 77.1348 -39.3126 0.0000 1650406239310 1635028.2500 -0.1999
-13.1865 75.9685 -36.8705 0.0000 1650406239339 1635057.2500 -0.1999
-11.9268 76.7747 -37.0444 0.0000 1650406239368 1635086.2500 -0.1999
-13.1111 75.5749 -34.9494 0.0000 1650406239397 1635115.2500 -0.1999
-13.1728 75.3776 -33.9113 0.0000 1650406239425 1635144.2500 -0.1999
-10.9399 77.7264 -35.3608 0.0000 1650406239455 1635173.2500 -0.1999
-13.0473 75.6987 -32.6016 0.0000 1650406239484 1635202.2500 -0.1999
-13.4670 76.1105 -32.3143 0.0000 1650406239513 1635231.2500 -0.1999
-13.7490 75.4548 -31.3707 0.0000 1650406239542 1635260.2500 -0.1999
-13.4701 75.6053 -30.8911 0.0000 1650406239571 1635289.0000 -0.1996
-13.7839 75.6608 -31.2481 0.0000 1650406239600 1635318.0000 -0.1994
-13.5412 74.9886 -30.7395 0.0000 1650406239629 1635347.0000 -0.1999
-13.3398 75.3257 -30.8536 0.0000 1650406239658 1635375.7500 -0.1999
-13.4534 75.6580 -31.1050 0.0000 1650406239687 1635407.5000 -0.1999
-13.4995 75.5538 -31.5974 0.0000 1650406239716 1635433.5000 -0.1999
-12.8238 76.6495 -32.3991 0.0000 1650406239744 1635462.7500 -0.1999
-12.6546 76.6659 -33.4333 0.0000 1650406239773 1635491.7500 -0.2004
-13.2442 75.0565 -33.3527 0.0000 1650406239802 1635520.7500 -0.2004
-12.5014 76.4728 -35.1712 0.0000 1650406239831 1635549.7500 -0.2004
-11.2620 76.8335 -37.2245 0.0000 1650406239860 1635578.7500 -0.2004
-11.9213 76.2704 -36.7779 0.0000 1650406239890 1635607.7500 -0.2004
-10.9603 76.8446 -39.2605 0.0000 1650406239919 1635638.2500 -0.2004
-10.5715 77.4081 -39.6430 0.0000 1650406239948 1635666.7500 -0.2004
-10.5770 77.2825 -40.6208 0.0000 1650406239977 1635694.7500 -0.2004
-12.2538 76.3349 -40.2839 0.0000 1650406240005 1635723.7500 -0.2004
-12.4100 75.5851 -40.4233 0.0000 1650406240035 1635752.2500 -0.2004
-10.8713 77.3555 -43.0830 0.0000 1650406240063 1635781.7500 -0.2004
-12.9425 76.1109 -41.4982 0.0000 1650406240092 1635810.7500 -0.2004
-11.4113 76.7293 -42.3336 0.0000 1650406240121 1635839.7500 -0.2004
-12.6405 75.8974 -41.1661 0.0000 1650406240150 1635868.7500 -0.2004
-14.0359 75.0577 -40.2785 0.0000 1650406240179 1635897.7500 -0.1999
-13.3404 75.7180 -40.5387 0.0000 1650406240208 1635926.7500 -0.1999
-11.8918 77.6456 -41.5753 0.0000 1650406240237 1635955.7500 -0.1999
-12.9739 75.9347 -39.4264 0.0000 1650406240266 1635984.5000 -0.1999
-11.7321 76.8697 -39.7663 0.0000 1650406240295 1636013.5000 -0.1999
-12.1122 77.1957 -39.1252 0.0000 1650406240324 1636042.2500 -0.1999
-13.0802 76.2630 -36.8246 0.0000 1650406240353 1636071.2500 -0.1999
-12.6469 76.2226 -35.9645 0.0000 1650406240382 1636100.2500 -0.1999
-13.0543 75.8855 -34.6251 0.0000 1650406240411 1636129.2500 -0.1999
-12.6350 75.9758 -34.3266 0.0000 1650406240440 1636158.2500 -0.1999
-10.9043 77.7225 -35.1102 0.0000 1650406240469 1636188.5000 -0.2000
-13.1431 76.0331 -32.9635 0.0000 1650406240498 1636216.2500 -0.2004
-13.1105 75.5551 -31.6071 0.0000 1650406240527 1636245.2500 -0.2004
-13.6760 75.7887 -31.1631 0.0000 1650406240556 1636274.2500 -0.2004
-13.6314 75.7939 -31.0870 0.0000 1650406240584 1636303.2500 -0.2004
-14.3233 75.1810 -30.8062 0.0000 1650406240614 1636332.2500 -0.2004
-13.2553 75.2709 -30.7720 0.0000 1650406240643 1636361.2500 -0.2004
-13.5917 75.5647 -30.9335 0.0000 1650406240672 1636390.0000 -0.2004
-13.5060 75.7452 -30.6616 0.0000 1650406240701 1636420.0000 -0.2004
-13.8931 76.0667 -31.6229 0.0000 1650406240730 1636447.2500 -0.2004
-13.0324 76.4245 -32.9133 0.0000 1650406240759 1636477.0000 -0.2004
-14.0100 74.8222 -32.0186 0.0000 1650406240788 1636507.0000 -0.2004
-12.4139 76.0612 -34.0827 0.0000 1650406240817 1636534.7500 -0.2004
-11.3804 77.4355 -36.7226 0.0000 1650406240846 1636563.7500 -0.2004
-12.5619 75.5571 -36.0420 0.0000 1650406240875 1636592.7500 -0.2004
-10.8265 77.0087 -38.3805 0.0000 1650406240903 1636621.7500 -0.1999
-12.3749 75.7919 -38.3379 0.0000 1650406240932 1636650.7500 -0.1999
-10.7763 77.0756 -39.8912 0.0000 1650406240961 1636681.0000 -0.1999
-12.1013 76.1415 -39.3790 0.0000 1650406240991 1636708.7500 -0.1999
-10.4418 77.5159 -41.6452 0.0000 1650406241019 1636737.7500 -0.1994
-11.0149 77.4362 -42.2406 0.0000 1650406241049 1636766.7500 -0.1994
-12.7212 75.3986 -41.1576 0.0000 1650406241078 1636795.7500 -0.1994
-11.4549 77.5552 -43.0314 0.0000 1650406241107 1636824.7500 -0.1994
-12.8885 75.2350 -40.6922 0.0000 1650406241136 1636853.7500 -0.1989
-13.0651 75.3403 -40.8343 0.0000 1650406241164 1636882.7500 -0.1989
-12.4742 75.9145 -41.1527 0.0000 1650406241194 1636911.7500 -0.1989
-12.9871 75.8126 -40.6475 0.0000 1650406241222 1636941.7500 -0.1989
-11.1267 77.6563 -41.3665 0.0000 1650406241251 1636969.0000 -0.1989
-13.3454 75.8349 -39.1357 0.0000 1650406241280 1636998.7500 -0.1989
-11.7562 77.0134 -39.4917 0.0000 1650406241309 1637027.7500 -0.1994
-11.6856 77.7595 -39.2049 0.0000 1650406241338 1637056.7500 -0.1994
-12.9373 76.2924 -36.7243 0.0000 1650406241367 1637085.5000 -0.1994
-12.9316 76.2013 -35.7733 0.0000 1650406241396 1637114.5000 -0.1994
-12.6634 76.0359 -34.5463 0.0000 1650406241425 1637143.5000 -0.1999
-12.9239 75.9209 -33.9173 0.0000 1650406241454 1637172.2500 -0.1999
-13.0052 75.6373 -32.9417 0.0000 1650406241483 1637202.2500 -0.1999
-13.4726 75.9617 -32.5665 0.0000 1650406241513 1637230.2500 -0.1999
-13.1070 75.6698 -31.5651 0.0000 1650406241541 1637259.2500 -0.1999
-13.2077 75.6957 -31.1811 0.0000 1650406241570 1637287.5000 -0.1999
-14.0413 75.6921 -31.3918 0.0000 1650406241599 1637317.2500 -0.1999
-13.5014 75.5856 -31.0455 0.0000 1650406241628 1637346.2500 -0.1999
-14.7461 73.9847 -29.4866 0.0000 1650406241657 1637375.2500 -0.1999
-13.5133 75.7260 -30.7802 0.0000 1650406241686 1637404.2500 -0.1999
-13.6843 75.3650 -31.2345 0.0000 1650406241715 1637433.2500 -0.1999
-12.9103 76.9031 -32.5198 0.0000 1650406241744 1637462.2500 -0.1999
-13.7467 75.8207 -32.4734 0.0000 1650406241773 1637491.2500 -0.1999
-11.5606 77.7906 -35.8193 0.0000 1650406241801 1637520.0000 -0.1994
-12.5884 76.6181 -34.9689 0.0000 1650406241831 1637549.0000 -0.1994
-13.0310 75.2340 -34.7617 0.0000 1650406241860 1637578.0000 -0.1994
-11.9761 76.0497 -36.2436 0.0000 1650406241889 1637606.5000 -0.1994
-10.5693 77.3256 -38.8166 0.0000 1650406241918 1637635.7500 -0.1989
-11.9944 76.0890 -38.3242 0.0000 1650406241947 1637664.7500 -0.1989
-12.4789 75.5905 -38.7118 0.0000 1650406241976 1637693.7500 -0.1989
-12.7517 75.9246 -39.3801 0.0000 1650406242005 1637722.0000 -0.1989
-12.4265 75.7399 -39.7955 0.0000 1650406242034 1637751.7500 -0.1984
-10.6110 77.6993 -42.6501 0.0000 1650406242062 1637780.7500 -0.1984
-13.0803 75.8720 -41.0718 0.0000 1650406242092 1637809.7500 -0.1987
-12.9183 75.4390 -40.9477 0.0000 1650406242120 1637838.7500 -0.1989
-11.2688 77.3548 -42.6160 0.0000 1650406242149 1637867.7500 -0.1989
-10.8694 77.4293 -42.8334 0.0000 1650406242178 1637896.7500 -0.1989
-12.6963 76.0155 -40.7529 0.0000 1650406242208 1637925.7500 -0.1991
-11.4661 77.7552 -42.0097 0.0000 1650406242236 1637954.0000 -0.1994
-13.1715 76.4120 -39.9860 0.0000 1650406242265 1637983.5000 -0.1994
-11.2697 77.9013 -40.6950 0.0000 1650406242295 1638012.7500 -0.1994
-11.8778 77.0394 -39.1403 0.0000 1650406242324 1638042.7500 -0.1994
-13.3773 76.2766 -37.4732 0.0000 1650406242353 1638070.7500 -0.1994
-12.7743 76.1505 -36.3531 0.0000 1650406242381 1638099.7500 -0.1994
-12.9389 75.9422 -35.2259 0.0000 1650406242410 1638128.7500 -0.1994
-13.1561 75.9520 -34.4241 0.0000 1650406242439 1638157.7500 -0.1994
-13.1136 75.3437 -32.9174 0.0000 1650406242468 1638186.7500 -0.1994
-13.3684 75.9514 -33.3344 0.0000 1650406242497 1638215.5000 -0.1994
-13.7679 75.6934 -32.5831 0.0000 1650406242526 1638244.5000 -0.1994
-12.8695 75.8995 -31.7010 0.0000 1650406242555 1638273.2500 -0.1994
-13.5824 75.8388 -31.1208 0.0000 1650406242584 1638302.2500 -0.1994
-13.4749 75.4694 -30.7068 0.0000 1650406242613 1638331.2500 -0.1994
-14.7897 74.2009 -29.9080 0.0000 1650406242642 1638360.2500 -0.1994
-13.7788 75.3043 -30.8777 0.0000 1650406242672 1638389.2500 -0.1994
-13.6584 76.0473 -30.8628 0.0000 1650406242700 1638418.2500 -0.1989
-13.5715 75.6174 -31.1911 0.0000 1650406242729 1638447.2500 -0.1989
-13.0638 76.7695 -32.7326 0.0000 1650406242758 1638479.0000 -0.1989
-13.7903 75.9369 -32.6851 0.0000 1650406242787 1638506.2500 -0.1989
-13.0068 75.6568 -33.6706 0.0000 1650406242816 1638534.2500 -0.1989
-12.0386 76.1625 -34.7691 0.0000 1650406242845 1638563.2500 -0.1989
-11.0677 76.9074 -37.2895 0.0000 1650406242874 1638592.2500 -0.1987
-11.8872 76.3787 -36.8135 0.0000 1650406242903 1638621.0000 -0.1984
-10.8257 76.8305 -39.0855 0.0000 1650406242932 1638650.0000 -0.1984
-10.6529 77.4620 -39.6028 0.0000 1650406242961 1638679.0000 -0.1984
-10.6100 77.2569 -40.6643 0.0000 1650406242990 1638707.7500 -0.1987
-10.6941 77.3049 -41.1784 0.0000 1650406243019 1638737.7500 -0.1989
-10.8273 77.0559 -42.0502 0.0000 1650406243048 1638765.7500 -0.1989
-12.3825 75.9600 -40.9843 0.0000 1650406243077 1638794.7500 -0.1989
-11.1559 77.2293 -42.3850 0.0000 1650406243106 1638825.0000 -0.1989
-11.1054 77.4952 -43.0301 0.0000 1650406243135 1638852.7500 -0.1989
-12.7450 75.8609 -41.2257 0.0000 1650406243164 1638881.7500 -0.1989
-12.8142 75.5308 -40.9097 0.0000 1650406243193 1638910.7500 -0.1994
-12.7273 75.9962 -40.7274 0.0000 1650406243221 1638939.7500 -0.1994
-11.6161 77.1921 -41.2271 0.0000 1650406243251 1638968.7500 -0.1994
-13.3537 76.1946 -39.6079 0.0000 1650406243279 1638997.7500 -0.1994
-11.8598 77.0631 -39.6721 0.0000 1650406243308 1639026.7500 -0.1994
-12.0875 77.3110 -39.2311 0.0000 1650406243337 1639055.7500 -0.1994
-13.0170 76.1241 -36.8138 0.0000 1650406243367 1639084.7500 -0.1994
-12.9418 75.8713 -35.9724 0.0000 1650406243395 1639113.7500 -0.1994
-13.0636 75.6767 -34.7926 0.0000 1650406243425 1639142.7500 -0.1994
-13.1850 75.5435 -33.9525 0.0000 1650406243454 1639171.7500 -0.1994
-13.4400 75.3596 -32.5609 0.0000 1650406243483 1639200.7500 -0.1989
-13.5125 75.6156 -32.7597 0.0000 1650406243512 1639229.7500 -0.1989
-11.6113 77.9299 -34.0014 0.0000 1650406243540 1639259.5000 -0.1984
-13.2569 76.2446 -31.8306 0.0000 1650406243570 1639287.7500 -0.1984
-13.6090 75.9019 -31.1284 0.0000 1650406243598 1639316.5000 -0.1984
-13.7634 75.4620 -30.8141 0.0000 1650406243627 1639345.5000 -0.1984
-13.2375 75.2027 -30.8787 0.0000 1650406243656 1639374.5000 -0.1984
-13.6219 75.2780 -30.5400 0.0000 1650406243685 1639403.2500 -0.1984
-13.6010 75.8015 -30.7370 0.0000 1650406243714 1639432.2500 -0.1984
-13.2181 76.7693 -32.3741 0.0000 1650406243743 1639461.2500 -0.1984
-12.7902 76.9338 -33.2000 0.0000 1650406243772 1639491.5000 -0.1984
-11.1312 78.0393 -35.2743 0.0000 1650406243802 1639518.5000 -0.1984
-12.5930 75.4674 -33.9128 0.0000 1650406243831 1639548.2500 -0.1984
-11.0095 77.7571 -36.7374 0.0000 1650406243859 1639577.0000 -0.1984
-12.1790 75.3472 -36.2037 0.0000 1650406243888 1639606.0000 -0.1987
-10.6286 77.3952 -38.3876 0.0000 1650406243917 1639635.2500 -0.1989
-12.4605 75.6785 -38.1905 0.0000 1650406243946 1639664.2500 -0.1989
-10.6466 77.2191 -39.8201 0.0000 1650406243975 1639693.2500 -0.1989
-10.9389 77.5572 -40.8690 0.0000 1650406244004 1639722.2500 -0.1991
-10.7450 77.6237 -41.6515 0.0000 1650406244033 1639751.0000 -0.1994
-10.9180 77.4459 -42.1711 0.0000 1650406244062 1639780.0000 -0.1994
-12.3074 76.1221 -40.9832 0.0000 1650406244091 1639809.0000 -0.1994
-10.9382 77.4992 -42.7739 0.0000 1650406244120 1639837.7500 -0.1991
-11.0655 77.2849 -42.7029 0.0000 1650406244149 1639866.7500 -0.1994
-13.0697 75.3107 -40.7231 0.0000 1650406244178 1639895.7500 -0.1994
-13.4031 75.6860 -40.5853 0.0000 1650406244207 1639924.7500 -0.1989
-12.9266 76.4122 -40.6429 0.0000 1650406244236 1639953.7500 -0.1989
-11.5024 77.9690 -41.7441 0.0000 1650406244265 1639982.7500 -0.1989
-13.2204 76.1088 -39.4777 0.0000 1650406244294 1640011.7500 -0.1989
-11.8111 77.1269 -39.4183 0.0000 1650406244323 1640040.2500 -0.1989
-11.3900 77.4135 -38.9341 0.0000 1650406244352 1640069.7500 -0.1989
-13.0203 76.1871 -36.7133 0.0000 1650406244381 1640098.7500 -0.1989
-13.0699 76.2425 -35.8388 0.0000 1650406244410 1640127.7500 -0.1989
-13.1299 75.9976 -34.7112 0.0000 1650406244438 1640156.7500 -0.1984
-13.4047 75.6046 -33.7898 0.0000 1650406244467 1640185.7500 -0.1984
-13.1343 75.7481 -32.7892 0.0000 1650406244496 1640214.7500 -0.1984
-13.7346 75.6670 -32.5745 0.0000 1650406244526 1640243.7500 -0.1984
-13.1533 75.8527 -31.6066 0.0000 1650406244554 1640273.7500 -0.1983
-13.4611 75.6428 -31.0489 0.0000 1650406244584 1640301.2500 -0.1979
-11.9500 77.1400 -32.3023 0.0000 1650406244613 1640330.7500 -0.1979
-13.9804 75.0850 -30.5073 0.0000 1650406244642 1640359.5000 -0.1979
-14.1494 75.1175 -30.1456 0.0000 1650406244671 1640388.7500 -0.1980
-13.2964 75.6553 -30.5277 0.0000 1650406244699 1640417.7500 -0.1984
-14.1347 75.2626 -30.4207 0.0000 1650406244729 1640446.5000 -0.1984
-13.4476 76.5501 -32.1786 0.0000 1650406244757 1640475.5000 -0.1984
-12.7877 76.6188 -33.2181 0.0000 1650406244786 1640504.2500 -0.1984
-11.5786 77.7486 -35.7525 0.0000 1650406244815 1640533.2500 -0.1984
-12.8223 76.5566 -34.7966 0.0000 1650406244844 1640562.2500 -0.1984
-11.0651 76.5949 -36.5445 0.0000 1650406244873 1640591.2500 -0.1989
-12.6322 76.5779 -37.1552 0.0000 1650406244902 1640620.2500 -0.1989
-10.5114 77.2240 -38.6545 0.0000 1650406244931 1640649.2500 -0.1989
-11.9107 76.1918 -38.3163 0.0000 1650406244961 1640678.2500 -0.1989
-10.5768 77.6088 -40.6376 0.0000 1650406244990 1640707.2500 -0.1989
-11.9808 76.0881 -39.4547 0.0000 1650406245018 1640736.2500 -0.1989
-10.6277 77.7136 -41.7980 0.0000 1650406245047 1640765.2500 -0.1989
-12.4292 75.7855 -40.5495 0.0000 1650406245076 1640796.7500 -0.1989
-12.6335 76.1865 -41.1624 0.0000 1650406245105 1640823.0000 -0.1989
-12.7755 75.9287 -41.3122 0.0000 1650406245134 1640852.0000 -0.1989
-12.9903 75.3127 -40.8437 0.0000 1650406245163 1640881.0000 -0.1984
-13.2088 75.5983 -40.8668 0.0000 1650406245192 1640910.0000 -0.1984
-13.5232 75.2105 -39.8609 0.0000 1650406245221 1640938.7500 -0.1984
-11.9865 77.2900 -41.8499 0.0000 1650406245250 1640967.7500 -0.1984
-11.4923 78.1191 -41.5993 0.0000 1650406245279 1640996.7500 -0.1984
-11.3654 77.5699 -40.7515 0.0000 1650406245308 1641027.2500 -0.1984
-12.0054 77.0329 -39.1446 0.0000 1650406245337 1641055.7500 -0.1979
-13.4787 76.1820 -37.4632 0.0000 1650406245366 1641083.7500 -0.1979
-12.7672 76.0128 -36.2993 0.0000 1650406245395 1641114.2500 -0.1979
-13.0842 75.6785 -35.1832 0.0000 1650406245424 1641141.5000 -0.1979
-12.9977 76.0445 -34.5999 0.0000 1650406245453 1641170.7500 -0.1980
-13.4717 75.7149 -33.4014 0.0000 1650406245482 1641199.7500 -0.1984
-13.3732 75.4073 -32.3181 0.0000 1650406245511 1641228.7500 -0.1984
-13.5330 75.9467 -32.9188 0.0000 1650406245540 1641257.7500 -0.1984
-13.3487 75.3595 -31.2915 0.0000 1650406245569 1641286.7500 -0.1984
-13.5264 75.8921 -31.1642 0.0000 1650406245597 1641315.7500 -0.1984
-13.5880 75.6875 -30.8229 0.0000 1650406245627 1641344.7500 -0.1989
-14.5620 74.3386 -30.0822 0.0000 1650406245655 1641373.7500 -0.1989
-13.4449 75.3573 -30.9114 0.0000 1650406245684 1641402.7500 -0.1989
-13.2486 75.5359 -30.4299 0.0000 1650406245713 1641431.7500 -0.1989
-13.4160 75.6327 -31.1734 0.0000 1650406245743 1641460.7500 -0.1989
-13.2620 76.7207 -32.7977 0.0000 1650406245772 1641489.7500 -0.1994
-10.7836 77.8164 -34.5744 0.0000 1650406245801 1641518.7500 -0.1994
-11.5560 77.4216 -35.7116 0.0000 1650406245830 1641548.7500 -0.1994
-12.3635 76.4988 -35.1778 0.0000 1650406245859 1641576.0000 -0.1994
-11.1271 76.9467 -37.1593 0.0000 1650406245888 1641605.5000 -0.1994
-12.3549 76.7430 -37.1078 0.0000 1650406245916 1641634.2500 -0.1993
-10.9991 76.8461 -39.0879 0.0000 1650406245945 1641663.2500 -0.1989
-12.0050 76.2622 -38.2735 0.0000 1650406245974 1641692.2500 -0.1989
-10.6585 77.3350 -40.6537 0.0000 1650406246003 1641721.2500 -0.1989
-12.5795 75.9326 -39.6839 0.0000 1650406246032 1641750.2500 -0.1989
-11.0150 76.9371 -41.6263 0.0000 1650406246061 1641779.2500 -0.1984
-10.8827 77.2983 -42.0819 0.0000 1650406246090 1641809.5000 -0.1984
-13.0384 76.2419 -41.3317 0.0000 1650406246120 1641838.2500 -0.1984
-11.1256 77.3583 -42.5830 0.0000 1650406246149 1641866.2500 -0.1984
-13.2738 75.5772 -40.5656 0.0000 1650406246177 1641896.5000 -0.1979
-11.0432 77.5281 -42.9006 0.0000 1650406246207 1641924.2500 -0.1979
-12.8206 75.8939 -40.7510 0.0000 1650406246235 1641953.2500 -0.1979
-11.3254 77.5243 -41.9528 0.0000 1650406246264 1641982.0000 -0.1979
-13.0971 75.9644 -39.3265 0.0000 1650406246293 1642011.0000 -0.1979
-13.1238 75.9699 -38.7304 0.0000 1650406246322 1642040.0000 -0.1979
-11.9186 77.0898 -39.1367 0.0000 1650406246351 1642068.7500 -0.1979
-13.1007 76.0144 -36.7578 0.0000 1650406246380 1642097.7500 -0.1979
-12.7497 76.2043 -36.1274 0.0000 1650406246409 1642126.7500 -0.1984
-13.0359 75.9638 -34.9847 0.0000 1650406246438 1642155.7500 -0.1984
-13.4421 75.5012 -33.8504 0.0000 1650406246467 1642184.7500 -0.1984
-13.1572 75.4962 -32.9956 0.0000 1650406246496 1642213.7500 -0.1984
-12.9602 76.2607 -33.1451 0.0000 1650406246525 1642242.7500 -0.1984
-13.6912 75.7818 -32.0338 0.0000 1650406246554 1642271.7500 -0.1984
-13.0700 75.5920 -31.3556 0.0000 1650406246583 1642300.7500 -0.1985
-13.4046 75.6558 -30.9457 0.0000 1650406246612 1642332.5000 -0.1989
-13.3206 75.3968 -30.4508 0.0000 1650406246641 1642358.2500 -0.1989
-13.7539 75.2566 -30.7253 0.0000 1650406246670 1642387.7500 -0.1989
-13.1071 75.6073 -30.3338 0.0000 1650406246699 1642416.7500 -0.1989
-13.4757 75.5911 -30.6070 0.0000 1650406246728 1642445.7500 -0.1989
-13.1542 76.0537 -31.7782 0.0000 1650406246756 1642474.7500 -0.1989
-13.2165 76.3912 -32.8393 0.0000 1650406246786 1642503.7500 -0.1989
-11.0160 77.9114 -34.9709 0.0000 1650406246814 1642532.7500 -0.1988
-12.9776 74.9964 -33.5281 0.0000 1650406246844 1642563.0000 -0.1984
-11.2632 77.6767 -36.3918 0.0000 1650406246873 1642591.0000 -0.1984
-12.7109 75.9663 -36.6257 0.0000 1650406246902 1642619.7500 -0.1984
-10.5307 77.5142 -38.0759 0.0000 1650406246931 1642649.7500 -0.1984
-11.3550 76.9899 -39.2067 0.0000 1650406246960 1642679.0000 -0.1979
-10.6066 77.3928 -39.7158 0.0000 1650406246989 1642706.5000 -0.1979
-11.1560 77.9126 -41.1518 0.0000 1650406247018 1642735.2500 -0.1979
-10.7218 77.5552 -41.3613 0.0000 1650406247047 1642764.2500 -0.1979
-11.0862 77.3938 -42.1895 0.0000 1650406247075 1642793.2500 -0.1974
-12.6694 75.5861 -41.1894 0.0000 1650406247105 1642822.2500 -0.1974
-11.5956 77.2510 -42.3734 0.0000 1650406247133 1642851.2500 -0.1979
-13.4550 74.8845 -40.4279 0.0000 1650406247162 1642880.2500 -0.1979
-12.5499 75.7733 -41.2223 0.0000 1650406247191 1642909.2500 -0.1979
-13.0838 75.8989 -40.9770 0.0000 1650406247220 1642938.2500 -0.1979
-13.0191 76.1288 -40.3032 0.0000 1650406247249 1642967.2500 -0.1979
-12.9377 76.4729 -40.4904 0.0000 1650406247278 1642996.2500 -0.1979
-11.4206 78.1950 -41.6201 0.0000 1650406247308 1643025.2500 -0.1979
-11.8709 76.9546 -39.5470 0.0000 1650406247336 1643054.2500 -0.1979
-11.8609 77.8270 -39.5049 0.0000 1650406247366 1643084.5000 -0.1980
-13.2858 76.3218 -36.7875 0.0000 1650406247394 1643111.5000 -0.1984
-12.9609 76.1403 -35.7453 0.0000 1650406247423 1643141.0000 -0.1984
-13.1047 75.9469 -34.6810 0.0000 1650406247452 1643169.7500 -0.1984
-13.0031 75.7506 -33.9707 0.0000 1650406247481 1643198.7500 -0.1984
-13.4243 75.3411 -32.7659 0.0000 1650406247510 1643227.7500 -0.1984
-11.9273 77.1666 -33.7039 0.0000 1650406247539 1643256.7500 -0.1984
-13.3085 75.9017 -31.7147 0.0000 1650406247568 1643285.7500 -0.1979
-12.8691 76.1550 -31.4994 0.0000 1650406247597 1643314.7500 -0.1979
-11.8263 77.2424 -32.2956 0.0000 1650406247626 1643343.2500 -0.1979
-13.6138 75.4576 -30.7618 0.0000 1650406247655 1643372.5000 -0.1979
-13.3449 75.4438 -30.5208 0.0000 1650406247685 1643401.7500 -0.1979
-13.6332 75.7837 -30.6102 0.0000 1650406247713 1643430.7500 -0.1979
-13.1066 76.2020 -31.3948 0.0000 1650406247742 1643459.7500 -0.1979
-13.7390 75.4049 -31.1870 0.0000 1650406247771 1643488.7500 -0.1979
-12.7669 76.5915 -33.3403 0.0000 1650406247800 1643517.7500 -0.1974
-11.5212 77.1921 -35.1620 0.0000 1650406247829 1643546.7500 -0.1974
-12.0909 76.2301 -34.4486 0.0000 1650406247858 1643575.7500 -0.1974
-10.6079 76.9958 -36.4870 0.0000 1650406247887 1643604.7500 -0.1974
-12.1525 75.8003 -36.4418 0.0000 1650406247916 1643633.7500 -0.1974
-10.8945 77.1045 -38.2752 0.0000 1650406247945 1643662.7500 -0.1974
-12.4263 75.9144 -38.4706 0.0000 1650406247973 1643691.7500 -0.1974
-11.9682 76.1350 -39.0928 0.0000 1650406248002 1643720.7500 -0.1974
-12.3828 76.3994 -39.7393 0.0000 1650406248032 1643749.7500 -0.1974
-10.3670 77.9034 -41.9181 0.0000 1650406248061 1643778.5000 -0.1974
-10.6359 77.7621 -42.3790 0.0000 1650406248090 1643807.5000 -0.1977
-11.2836 77.2134 -42.6529 0.0000 1650406248119 1643836.2500 -0.1979
-12.6351 75.8190 -41.2891 0.0000 1650406248148 1643866.5000 -0.1979
-12.4229 75.9954 -41.2944 0.0000 1650406248177 1643893.7500 -0.1979
-13.3994 75.5096 -40.8812 0.0000 1650406248206 1643923.2500 -0.1979
-12.7827 76.2370 -40.9774 0.0000 1650406248234 1643952.2500 -0.1979
-13.1657 76.1048 -40.3312 0.0000 1650406248264 1643981.2500 -0.1979
-13.5842 76.0170 -39.5940 0.0000 1650406248292 1644010.2500 -0.1979
-13.4492 75.6502 -38.7391 0.0000 1650406248321 1644039.2500 -0.1982
-11.9888 76.9953 -39.2909 0.0000 1650406248350 1644068.2500 -0.1984
-13.5113 76.2750 -37.5104 0.0000 1650406248379 1644097.2500 -0.1984
-12.7839 76.0843 -36.3355 0.0000 1650406248408 1644125.5000 -0.1984
-11.0241 77.7493 -37.3114 0.0000 1650406248437 1644155.0000 -0.1984
-12.8584 75.8256 -34.4257 0.0000 1650406248467 1644184.0000 -0.1984
-11.2544 77.8299 -35.4821 0.0000 1650406248496 1644214.0000 -0.1984
-13.1977 75.6419 -32.6488 0.0000 1650406248525 1644242.0000 -0.1979
-13.1257 75.7975 -32.4949 0.0000 1650406248553 1644271.0000 -0.1979
-12.8416 75.8597 -31.6833 0.0000 1650406248582 1644299.7500 -0.1979
-13.1419 76.2887 -31.5770 0.0000 1650406248611 1644328.7500 -0.1979
-13.6002 75.5183 -30.5686 0.0000 1650406248640 1644357.7500 -0.1979
-13.3665 75.3167 -30.4499 0.0000 1650406248669 1644386.7500 -0.1979
-13.7305 75.3941 -31.0045 0.0000 1650406248698 1644415.7500 -0.1974
-13.3894 75.9073 -30.9311 0.0000 1650406248727 1644444.7500 -0.1974
-13.5571 76.1151 -32.1111 0.0000 1650406248756 1644473.7500 -0.1974
-13.1284 76.6415 -32.8506 0.0000 1650406248785 1644502.7500 -0.1974
-12.6024 76.4452 -33.2804 0.0000 1650406248814 1644531.7500 -0.1974
-11.4853 77.5993 -35.8492 0.0000 1650406248844 1644560.7500 -0.1974
-11.2118 77.5416 -36.1638 0.0000 1650406248872 1644589.7500 -0.1974
-11.2862 76.5876 -37.1998 0.0000 1650406248901 1644618.7500 -0.1974
-11.7999 76.3115 -36.8079 0.0000 1650406248930 1644648.5000 -0.1979
-12.2582 75.3579 -37.1071 0.0000 1650406248959 1644676.7500 -0.1979
-11.9202 76.2667 -38.3713 0.0000 1650406248988 1644705.7500 -0.1979
-11.0185 77.2862 -40.4778 0.0000 1650406249017 1644734.7500 -0.1979
-11.0403 77.4477 -41.1779 0.0000 1650406249046 1644763.7500 -0.1979
-12.6659 75.4314 -39.8134 0.0000 1650406249075 1644792.7500 -0.1984
-12.4409 75.9537 -40.8858 0.0000 1650406249104 1644821.7500 -0.1984
-12.7337 75.4831 -40.9103 0.0000 1650406249132 1644850.7500 -0.1984
-12.6659 75.8855 -41.3383 0.0000 1650406249162 1644880.5000 -0.1984
-12.9975 75.2955 -40.8945 0.0000 1650406249191 1644909.7500 -0.1984
-12.7852 75.9411 -41.4543 0.0000 1650406249220 1644937.5000 -0.1984
-12.9845 76.3175 -40.9139 0.0000 1650406249249 1644967.7500 -0.1984
-11.6742 77.3596 -41.1825 0.0000 1650406249278 1644995.0000 -0.1984
-12.9858 75.9276 -39.4480 0.0000 1650406249307 1645024.2500 -0.1984
-13.1592 75.9460 -38.6582 0.0000 1650406249336 1645053.2500 -0.1984
-12.0553 77.2683 -39.2844 0.0000 1650406249365 1645082.2500 -0.1979
-13.1438 75.9856 -36.7700 0.0000 1650406249394 1645111.2500 -0.1979
-12.6749 76.0690 -36.1577 0.0000 1650406249423 1645140.2500 -0.1979
-13.6762 76.2635 -35.3271 0.0000 1650406249451 1645169.2500 -0.1979
-13.0131 75.5903 -34.7497 0.0000 1650406249480 1645198.2500 -0.1979
-13.2169 75.9702 -33.4322 0.0000 1650406249509 1645227.2500 -0.1979
-13.4109 75.5687 -32.4465 0.0000 1650406249538 1645256.2500 -0.1974
-13.2747 75.9224 -31.9609 0.0000 1650406249567 1645285.2500 -0.1974
-13.4089 76.0355 -32.0940 0.0000 1650406249596 1645314.0000 -0.1974
-11.9700 77.4989 -32.7749 0.0000 1650406249626 1645343.0000 -0.1974
-13.4222 75.2299 -30.5538 0.0000 1650406249655 1645372.0000 -0.1974
-13.2816 75.3823 -30.4898 0.0000 1650406249684 1645400.5000 -0.1974
-13.8130 75.3973 -30.8908 0.0000 1650406249712 1645429.2500 -0.1974
-13.8013 75.3570 -30.7738 0.0000 1650406249742 1645458.7500 -0.1974
-13.3892 75.8911 -31.6071 0.0000 1650406249770 1645487.7500 -0.1977
-13.0298 76.4105 -32.9083 0.0000 1650406249799 1645516.7500 -0.1979
-11.6776 77.9013 -34.9391 0.0000 1650406249828 1645545.7500 -0.1979
-12.5465 75.4183 -33.9676 0.0000 1650406249857 1645574.7500 -0.1979
-11.0739 77.8293 -36.6297 0.0000 1650406249886 1645603.7500 -0.1979
-11.5164 76.8888 -37.4465 0.0000 1650406249915 1645632.7500 -0.1979
-11.7254 76.2695 -36.9342 0.0000 1650406249944 1645664.5000 -0.1979
-10.9288 77.1593 -39.3944 0.0000 1650406249973 1645690.5000 -0.1984
-11.6771 76.3299 -38.6508 0.0000 1650406250003 1645719.7500 -0.1984
-10.8765 76.9120 -41.0362 0.0000 1650406250031 1645748.5000 -0.1984
-12.4337 76.0426 -39.8301 0.0000 1650406250060 1645777.7500 -0.1984
-12.3926 75.9175 -40.7145 0.0000 1650406250089 1645806.7500 -0.1984
-10.7623 77.5586 -42.5444 0.0000 1650406250118 1645835.7500 -0.1984
-11.0688 77.5550 -42.9452 0.0000 1650406250147 1645864.7500 -0.1984
-12.9954 75.3220 -40.8435 0.0000 1650406250176 1645893.7500 -0.1984
-12.8960 75.6617 -41.1185 0.0000 1650406250205 1645922.7500 -0.1984
-13.1080 75.4592 -40.6556 0.0000 1650406250234 1645951.7500 -0.1984
-13.6230 75.3449 -39.7510 0.0000 1650406250263 1645980.7500 -0.1979
-11.2985 77.5631 -41.6180 0.0000 1650406250291 1646009.5000 -0.1979
-11.5142 78.2045 -41.5971 0.0000 1650406250321 1646038.5000 -0.1979
-11.9760 77.4622 -39.9523 0.0000 1650406250350 1646067.2500 -0.1979
-12.0406 77.1479 -38.8682 0.0000 1650406250379 1646096.2500 -0.1979
-13.3134 75.9516 -36.4916 0.0000 1650406250408 1646125.2500 -0.1979
-11.9600 77.0557 -36.8960 0.0000 1650406250437 1646154.2500 -0.1974
-13.1554 76.0404 -34.7159 0.0000 1650406250466 1646182.5000 -0.1974
-13.0607 75.8594 -34.0841 0.0000 1650406250495 1646212.0000 -0.1974
-13.1535 75.6914 -33.0148 0.0000 1650406250524 1646241.2500 -0.1974
-13.7010 75.6481 -32.8288 0.0000 1650406250553 1646270.2500 -0.1976
-13.6426 76.2793 -32.1224 0.0000 1650406250582 1646299.2500 -0.1979
-13.5441 75.8488 -31.2717 0.0000 1650406250610 1646328.2500 -0.1979
-11.9266 77.2758 -32.4375 0.0000 1650406250639 1646357.2500 -0.1979
-13.6196 75.4345 -30.7399 0.0000 1650406250668 1646386.2500 -0.1979
-13.4796 75.2051 -30.7090 0.0000 1650406250697 1646416.5000 -0.1979
-13.5084 75.4149 -30.4711 0.0000 1650406250726 1646446.5000 -0.1984
-11.9204 77.4704 -33.1414 0.0000 1650406250756 1646473.0000 -0.1984
-12.9239 76.3123 -32.0442 0.0000 1650406250784 1646502.0000 -0.1984
-13.7632 75.7036 -32.2226 0.0000 1650406250814 1646530.5000 -0.1984
-13.7577 74.5981 -31.8616 0.0000 1650406250843 1646559.7500 -0.1984
-12.8407 76.3285 -34.8817 0.0000 1650406250871 1646588.7500 -0.1984
-10.6039 77.1241 -36.5474 0.0000 1650406250901 1646617.7500 -0.1984
-12.3348 75.5359 -36.2695 0.0000 1650406250929 1646646.7500 -0.1984
-10.7672 77.2497 -38.1245 0.0000 1650406250958 1646675.7500 -0.1984
-10.5859 77.5690 -39.1926 0.0000 1650406250987 1646704.7500 -0.1984
-11.1321 77.7754 -40.5313 0.0000 1650406251016 1646733.7500 -0.1984
-12.2987 76.0987 -39.7544 0.0000 1650406251045 1646762.7500 -0.1984
-12.4715 75.8333 -39.8568 0.0000 1650406251074 1646791.7500 -0.1984
-10.9045 77.5312 -42.3418 0.0000 1650406251103 1646820.7500 -0.1979
-12.6175 76.0544 -41.2336 0.0000 1650406251132 1646849.7500 -0.1979
-11.2325 77.0676 -42.8586 0.0000 1650406251161 1646878.7500 -0.1974
-12.7747 75.4329 -40.8491 0.0000 1650406251190 1646907.7500 -0.1974
-11.0223 77.5911 -43.2433 0.0000 1650406251220 1646936.7500 -0.1974
-13.0572 75.6320 -40.8723 0.0000 1650406251248 1646965.5000 -0.1974
-13.4748 75.2978 -39.8326 0.0000 1650406251277 1646994.7500 -0.1974
-12.7045 76.3823 -40.0476 0.0000 1650406251306 1647023.7500 -0.1974
-13.1980 76.2343 -39.2931 0.0000 1650406251335 1647052.7500 -0.1974
-11.8107 76.8854 -39.2675 0.0000 1650406251364 1647081.7500 -0.1974
-11.4566 77.6186 -38.8532 0.0000 1650406251393 1647110.5000 -0.1974
-13.1603 76.3814 -36.5772 0.0000 1650406251422 1647139.5000 -0.1974
-13.1892 76.3522 -35.8413 0.0000 1650406251450 1647168.5000 -0.1976
-13.1135 76.0560 -34.6146 0.0000 1650406251480 1647198.5000 -0.1979
-12.9794 75.9303 -33.7683 0.0000 1650406251509 1647227.2500 -0.1979
-13.1621 75.6600 -32.4828 0.0000 1650406251538 1647255.2500 -0.1979
-13.4605 75.9753 -32.7305 0.0000 1650406251567 1647287.0000 -0.1979
-13.9978 75.7821 -31.5347 0.0000 1650406251596 1647313.2500 -0.1979
-13.5487 75.7440 -31.4457 0.0000 1650406251625 1647342.2500 -0.1984
-12.1100 76.9894 -32.5511 0.0000 1650406251654 1647371.2500 -0.1984
-13.3114 75.8206 -30.9202 0.0000 1650406251683 1647400.2500 -0.1984
-13.6506 75.1287 -30.3253 0.0000 1650406251712 1647429.2500 -0.1984
-13.7003 75.5112 -30.4387 0.0000 1650406251741 1647458.2500 -0.1984
-13.6454 75.8110 -31.5067 0.0000 1650406251769 1647487.2500 -0.1984
-13.6388 76.3961 -32.2449 0.0000 1650406251799 1647516.2500 -0.1984
-12.8400 76.7028 -33.2481 0.0000 1650406251827 1647545.0000 -0.1984
-14.4455 74.6659 -32.7023 0.0000 1650406251856 1647574.0000 -0.1984
-12.5348 76.7371 -35.0122 0.0000 1650406251885 1647603.0000 -0.1979
-11.0281 76.9140 -36.5873 0.0000 1650406251915 1647631.7500 -0.1979
-12.2959 76.7208 -37.0974 0.0000 1650406251944 1647660.7500 -0.1979
-12.7436 75.0378 -37.0849 0.0000 1650406251973 1647689.7500 -0.1979
-12.0061 76.1865 -38.3180 0.0000 1650406252002 1647718.5000 -0.1979
-10.9448 77.2400 -40.4057 0.0000 1650406252031 1647749.0000 -0.1979
-10.9797 77.4545 -41.0475 0.0000 1650406252060 1647776.7500 -0.1979
-10.6261 77.8048 -42.3671 0.0000 1650406252088 1647805.7500 -0.1979
-12.2405 75.8472 -40.8131 0.0000 1650406252117 1647834.7500 -0.1974
-12.6346 75.7840 -40.9553 0.0000 1650406252146 1647863.7500 -0.1974
-12.7892 76.2587 -41.6890 0.0000 1650406252175 1647892.7500 -0.1979
-11.0613 77.3306 -42.6853 0.0000 1650406252204 1647921.7500 -0.1979
-12.9808 75.9267 -40.8423 0.0000 1650406252233 1647952.2500 -0.1979
-13.3167 75.9998 -40.5150 0.0000 1650406252262 1647979.0000 -0.1979
-11.2568 77.8568 -41.9015 0.0000 1650406252291 1648008.7500 -0.1979
-12.8113 76.2988 -39.8166 0.0000 1650406252320 1648039.0000 -0.1979
-13.3133 75.6868 -38.7531 0.0000 1650406252349 1648066.0000 -0.1980
-11.7984 77.2400 -39.3136 0.0000 1650406252379 1648095.7500 -0.1984
-13.1429 76.1056 -37.1033 0.0000 1650406252407 1648124.7500 -0.1984
-12.0583 76.9924 -37.1493 0.0000 1650406252436 1648153.7500 -0.1984
-13.2204 75.7911 -34.8376 0.0000 1650406252465 1648182.7500 -0.1984
-13.1310 75.5775 -33.9482 0.0000 1650406252494 1648211.7500 -0.1984
-11.0043 77.8364 -35.2602 0.0000 1650406252523 1648240.5000 -0.1984
-12.8184 76.4710 -33.3272 0.0000 1650406252552 1648269.5000 -0.1984
-13.7333 75.7846 -32.1962 0.0000 1650406252581 1648298.2500 -0.1985
-14.0127 75.8838 -31.7309 0.0000 1650406252610 1648327.2500 -0.1989
-13.3114 75.7508 -31.0097 0.0000 1650406252639 1648356.2500 -0.1989
-13.5770 75.5487 -30.6184 0.0000 1650406252667 1648385.2500 -0.1989
-13.3589 75.2509 -30.8339 0.0000 1650406252697 1648414.2500 -0.1988
-13.2795 75.6451 -30.7635 0.0000 1650406252726 1648443.2500 -0.1984
-13.6399 75.7451 -30.6807 0.0000 1650406252755 1648472.2500 -0.1984
-11.5107 78.0642 -33.5636 0.0000 1650406252784 1648500.5000 -0.1984
-12.9654 76.5852 -32.7549 0.0000 1650406252813 1648530.2500 -0.1984
-13.8501 75.5002 -32.2742 0.0000 1650406252842 1648559.2500 -0.1984
-11.2904 77.0344 -35.4544 0.0000 1650406252871 1648588.2500 -0.1984
-12.3081 76.6037 -35.3303 0.0000 1650406252900 1648617.2500 -0.1984
-10.9532 76.7392 -37.4566 0.0000 1650406252928 1648646.0000 -0.1984
-12.2424 76.6153 -37.4598 0.0000 1650406252958 1648675.0000 -0.1982
-11.1306 77.0596 -39.3456 0.0000 1650406252986 1648704.0000 -0.1979
-11.7552 76.1272 -38.7660 0.0000 1650406253015 1648734.5000 -0.1979
-10.8034 77.0622 -41.0182 0.0000 1650406253044 1648761.5000 -0.1979
-12.3797 76.4425 -40.2375 0.0000 1650406253074 1648790.7500 -0.1982
-10.7147 77.2990 -41.9470 0.0000 1650406253102 1648821.2500 -0.1984
-12.5924 75.7342 -40.8160 0.0000 1650406253132 1648848.7500 -0.1984
-12.4117 75.7354 -41.0672 0.0000 1650406253161 1648877.7500 -0.1984
-10.9436 77.2503 -42.6262 0.0000 1650406253190 1648906.7500 -0.1984
-12.8488 75.5887 -41.1557 0.0000 1650406253219 1648935.7500 -0.1984
-13.2648 75.5538 -40.5495 0.0000 1650406253247 1648964.7500 -0.1984
-11.8675 77.2574 -41.9464 0.0000 1650406253277 1648993.7500 -0.1984
-11.2792 77.7689 -41.7828 0.0000 1650406253305 1649022.7500 -0.1987
-13.0442 75.9932 -39.4180 0.0000 1650406253334 1649051.7500 -0.1989
-13.0405 76.0202 -38.4545 0.0000 1650406253363 1649080.7500 -0.1989
-11.8563 77.2577 -39.0755 0.0000 1650406253392 1649109.7500 -0.1989
-13.1224 76.6085 -37.1215 0.0000 1650406253421 1649138.7500 -0.1989
-12.2114 76.7128 -37.0449 0.0000 1650406253450 1649167.7500 -0.1989
-13.4373 75.7274 -34.5577 0.0000 1650406253479 1649196.7500 -0.1989
-13.0202 75.8001 -33.9875 0.0000 1650406253508 1649225.7500 -0.1989
-13.3483 75.3842 -32.6942 0.0000 1650406253537 1649254.7500 -0.1989
-12.1275 76.7694 -33.9925 0.0000 1650406253566 1649285.0000 -0.1989
-13.6236 76.1981 -32.0261 0.0000 1650406253595 1649312.7500 -0.1989
-13.8216 75.5963 -31.6463 0.0000 1650406253624 1649341.5000 -0.1989
-13.2224 75.6484 -30.9340 0.0000 1650406253653 1649370.5000 -0.1989
-13.5451 75.3066 -30.6547 0.0000 1650406253682 1649399.2500 -0.1984
-13.0446 75.6809 -30.6457 0.0000 1650406253711 1649428.2500 -0.1984
-13.4409 75.5179 -30.5323 0.0000 1650406253740 1649457.2500 -0.1984
-13.5508 75.6918 -31.2298 0.0000 1650406253769 1649486.2500 -0.1984
-13.4800 75.8915 -32.0109 0.0000 1650406253798 1649516.2500 -0.1984
-13.1426 76.4482 -32.8522 0.0000 1650406253826 1649544.0000 -0.1984
-10.9924 77.5821 -34.7936 0.0000 1650406253857 1649573.2500 -0.1982
-12.4967 75.7366 -34.3737 0.0000 1650406253885 1649601.7500 -0.1979
-11.0345 77.1323 -36.2765 0.0000 1650406253914 1649631.2500 -0.1979
-11.3887 76.8435 -37.6082 0.0000 1650406253943 1649660.2500 -0.1979
-10.8161 77.1832 -38.1850 0.0000 1650406253972 1649689.2500 -0.1982
-12.6114 75.7661 -38.0157 0.0000 1650406253994 1649711.0000 -0.1984
