-6.6242 77.2785 -37.7822 0.0000 1650400901657 2282647.0000 -0.1990
-6.4027 77.0541 -38.0239 0.0000 1650400901686 2282675.7500 -0.1989
-6.6170 77.1085 -37.9091 0.0000 1650400901715 2282704.2500 -0.1989
-6.7097 77.3726 -37.6050 0.0000 1650400901744 2282733.2500 -0.1989
-6.5447 77.1809 -37.9418 0.0000 1650400901773 2282762.7500 -0.1989
-6.9123 77.5504 -37.4199 0.0000 1650400901802 2282791.0000 -0.1989
-6.8223 77.4101 -37.5808 0.0000 1650400901831 2282820.5000 -0.1989
-6.7657 77.5673 -37.5354 0.0000 1650400901860 2282849.5000 -0.1989
-6.3032 77.0404 -37.9782 0.0000 1650400901888 2282878.5000 -0.1990
-6.9117 77.4609 -37.5314 0.0000 1650400901918 2282907.5000 -0.1994
-6.7735 77.3381 -37.6505 0.0000 1650400901946 2282936.5000 -0.1994
-6.9640 77.5712 -37.4850 0.0000 1650400901975 2282965.5000 -0.1999
-6.8312 77.5357 -37.4651 0.0000 1650400902004 2282994.5000 -0.1999
-6.9497 77.5092 -37.5129 0.0000 1650400902033 2283023.5000 -0.1999
-6.9985 77.7110 -37.3992 0.0000 1650400902062 2283052.5000 -0.1999
-6.9389 77.6261 -37.4010 0.0000 1650400902092 2283081.5000 -0.1999
-7.0222 77.6503 -37.3896 0.0000 1650400902121 2283110.5000 -0.1999
-7.1920 77.8632 -37.3190 0.0000 1650400902150 2283139.5000 -0.1999
-6.9793 77.6426 -37.4817 0.0000 1650400902179 2283168.5000 -0.1999
-7.1557 77.7148 -37.2298 0.0000 1650400902207 2283197.5000 -0.1999
-7.2240 77.8323 -37.3230 0.0000 1650400902237 2283227.7500 -0.1999
-7.1694 77.7894 -37.3561 0.0000 1650400902265 2283256.2500 -0.1999
-7.0573 77.8073 -37.4651 0.0000 1650400902294 2283284.5000 -0.1999
-7.2134 77.9866 -37.2693 0.0000 1650400902323 2283313.5000 -0.1999
-7.0400 77.8718 -37.3795 0.0000 1650400902352 2283342.5000 -0.1999
-6.9769 77.7063 -37.5342 0.0000 1650400902381 2283371.2500 -0.1995
-6.7049 77.5170 -37.7694 0.0000 1650400902410 2283400.2500 -0.1994
-7.0243 77.7941 -37.4934 0.0000 1650400902439 2283429.2500 -0.1994
-6.8083 77.6194 -37.6709 0.0000 1650400902468 2283458.2500 -0.1994
-6.9402 77.8110 -37.4856 0.0000 1650400902498 2283488.0000 -0.1990
-6.8255 77.5852 -37.6891 0.0000 1650400902526 2283516.0000 -0.1989
-7.0125 77.8594 -37.4051 0.0000 1650400902555 2283545.0000 -0.1989
-7.1103 77.8088 -37.3800 0.0000 1650400902584 2283573.5000 -0.1989
-6.9171 77.5724 -37.6297 0.0000 1650400902613 2283603.0000 -0.1993
-6.9686 77.6717 -37.5415 0.0000 1650400902642 2283632.0000 -0.1994
-7.0561 77.6997 -37.4134 0.0000 1650400902671 2283661.0000 -0.1994
-6.6819 77.3613 -37.7277 0.0000 1650400902700 2283690.0000 -0.1994
-7.0862 77.7264 -37.3163 0.0000 1650400902729 2283719.0000 -0.1994
-6.7476 77.3800 -37.6626 0.0000 1650400902758 2283748.0000 -0.1994
-7.0836 77.5870 -37.4576 0.0000 1650400902786 2283777.0000 -0.1995
-6.9207 77.5795 -37.5128 0.0000 1650400902816 2283805.7500 -0.1999
-7.1702 77.6757 -37.2854 0.0000 1650400902845 2283834.7500 -0.1999
-7.0309 77.5389 -37.3232 0.0000 1650400902874 2283863.7500 -0.1999
-6.8218 77.4431 -37.6156 0.0000 1650400902903 2283892.7500 -0.1999
-7.1307 77.7374 -37.2402 0.0000 1650400902932 2283921.5000 -0.1999
-7.0807 77.6417 -37.3219 0.0000 1650400902961 2283950.5000 -0.1999
-7.1611 77.8224 -37.2403 0.0000 1650400902990 2283979.5000 -0.1999
-7.3092 77.8143 -37.2139 0.0000 1650400903019 2284011.2500 -0.1999
-7.1027 77.7947 -37.2424 0.0000 1650400903048 2284037.5000 -0.1999
-7.2369 77.7911 -37.2464 0.0000 1650400903077 2284066.5000 -0.1999
-7.3183 77.9959 -37.1750 0.0000 1650400903105 2284095.5000 -0.1999
-7.1574 77.7246 -37.4041 0.0000 1650400903134 2284124.5000 -0.1999
-7.1900 77.7879 -37.3613 0.0000 1650400903163 2284153.5000 -0.1999
-7.4177 77.9881 -37.1720 0.0000 1650400903192 2284182.5000 -0.1999
-7.4189 78.0233 -37.1247 0.0000 1650400903221 2284211.5000 -0.1995
-7.3011 77.9382 -37.2716 0.0000 1650400903251 2284241.7500 -0.1994
-7.2273 77.7596 -37.3653 0.0000 1650400903280 2284270.7500 -0.1994
-7.1370 77.9004 -37.3653 0.0000 1650400903309 2284298.5000 -0.1994
-6.9951 77.7456 -37.5299 0.0000 1650400903338 2284328.7500 -0.1994
-7.1598 77.9306 -37.2840 0.0000 1650400903366 2284356.5000 -0.1994
-7.1586 77.9467 -37.2845 0.0000 1650400903396 2284385.5000 -0.1994
-7.1352 77.9050 -37.3358 0.0000 1650400903424 2284414.5000 -0.1994
-6.9416 77.6668 -37.4219 0.0000 1650400903453 2284443.5000 -0.1994
-6.6710 77.3261 -37.8043 0.0000 1650400903482 2284472.5000 -0.1994
-7.0274 77.7542 -37.2716 0.0000 1650400903511 2284501.2500 -0.1994
-6.9477 77.6812 -37.4477 0.0000 1650400903540 2284530.2500 -0.1994
-6.9090 77.5420 -37.5909 0.0000 1650400903569 2284559.2500 -0.1994
-7.2232 77.9377 -37.1651 0.0000 1650400903598 2284588.0000 -0.1994
-7.1821 77.7851 -37.2762 0.0000 1650400903627 2284617.0000 -0.1994
-7.1157 77.7694 -37.2570 0.0000 1650400903657 2284646.0000 -0.1998
-7.0932 77.7102 -37.3443 0.0000 1650400903685 2284675.0000 -0.1999
-7.4623 77.9729 -36.9815 0.0000 1650400903714 2284704.0000 -0.1999
-6.9099 77.5506 -37.4939 0.0000 1650400903743 2284733.0000 -0.1999
-7.2581 77.8262 -37.1614 0.0000 1650400903772 2284763.0000 -0.1999
-7.1767 77.7578 -37.2103 0.0000 1650400903801 2284792.2500 -0.1999
-7.1501 77.6437 -37.3554 0.0000 1650400903830 2284820.0000 -0.1999
-7.2401 77.8529 -37.1473 0.0000 1650400903859 2284849.0000 -0.1999
-7.1891 77.7900 -37.1907 0.0000 1650400903888 2284878.0000 -0.1999
-7.3036 77.8793 -37.1794 0.0000 1650400903917 2284906.7500 -0.1999
-7.3395 77.9271 -37.0892 0.0000 1650400903945 2284935.7500 -0.1995
-7.0822 77.7520 -37.4061 0.0000 1650400903975 2284964.7500 -0.1994
-7.2078 77.7718 -37.3170 0.0000 1650400904004 2284993.7500 -0.1994
-7.6110 77.6262 -35.9771 0.0000 1650400904033 2285027.0000 -0.1994
-8.3067 78.5377 -34.5557 0.0000 1650400904062 2285051.2500 -0.1994
-8.1146 78.7125 -33.9417 0.0000 1650400904091 2285080.5000 -0.1994
-7.7170 78.6989 -33.7532 0.0000 1650400904120 2285109.5000 -0.1994
-6.8396 77.6947 -33.7387 0.0000 1650400904149 2285138.5000 -0.1994
-7.4908 78.3348 -32.6138 0.0000 1650400904178 2285167.5000 -0.1994
-7.1393 78.0614 -32.7534 0.0000 1650400904207 2285196.5000 -0.1994
-6.9898 77.9656 -32.6982 0.0000 1650400904236 2285225.5000 -0.1994
-7.3248 78.4297 -32.3153 0.0000 1650400904264 2285254.5000 -0.1994
-7.4355 78.6343 -32.2644 0.0000 1650400904294 2285283.5000 -0.1990
-7.1763 78.4408 -32.6874 0.0000 1650400904322 2285312.5000 -0.1989
-7.1804 78.3978 -32.9430 0.0000 1650400904351 2285341.5000 -0.1990
-7.0223 78.4007 -33.4066 0.0000 1650400904380 2285370.5000 -0.1994
-7.2912 78.1567 -33.9522 0.0000 1650400904410 2285399.5000 -0.1998
-7.1497 78.2750 -35.1047 0.0000 1650400904439 2285428.5000 -0.1999
-7.3095 78.5993 -35.5328 0.0000 1650400904468 2285457.5000 -0.1999
-7.4135 78.6469 -36.8256 0.0000 1650400904497 2285486.5000 -0.1999
-7.6440 78.9489 -37.2882 0.0000 1650400904525 2285515.5000 -0.1999
-7.4771 78.7650 -38.6765 0.0000 1650400904555 2285548.2500 -0.1999
-7.4784 78.7012 -39.1331 0.0000 1650400904583 2285573.0000 -0.1999
-7.5924 78.7052 -40.2534 0.0000 1650400904612 2285602.5000 -0.1999
-7.6514 78.8261 -40.4457 0.0000 1650400904641 2285631.2500 -0.1999
-7.3004 78.5427 -41.2202 0.0000 1650400904670 2285660.2500 -0.1999
-7.2551 78.4906 -41.9801 0.0000 1650400904699 2285689.2500 -0.1999
-7.4743 78.6351 -41.9504 0.0000 1650400904728 2285718.0000 -0.1999
-7.0175 78.2776 -42.3282 0.0000 1650400904757 2285747.0000 -0.1999
-7.2587 78.4293 -42.0259 0.0000 1650400904786 2285777.2500 -0.1999
-7.3708 78.4164 -41.7510 0.0000 1650400904816 2285807.5000 -0.1999
-7.8000 78.3906 -41.2105 0.0000 1650400904844 2285834.0000 -0.1995
-7.6773 77.9677 -41.1176 0.0000 1650400904874 2285863.0000 -0.1994
-7.7044 78.2660 -40.3831 0.0000 1650400904902 2285891.7500 -0.1990
-8.3900 78.5868 -39.2815 0.0000 1650400904931 2285921.0000 -0.1989
-7.4192 78.0624 -39.2195 0.0000 1650400904960 2285950.0000 -0.1989
-7.4483 78.0749 -38.3747 0.0000 1650400904989 2285979.0000 -0.1989
-7.3162 77.9978 -37.5811 0.0000 1650400905018 2286008.0000 -0.1985
-7.5186 78.2111 -36.3519 0.0000 1650400905047 2286036.7500 -0.1984
-6.8200 77.8249 -36.0925 0.0000 1650400905076 2286065.7500 -0.1984
-7.3085 78.0810 -34.8799 0.0000 1650400905105 2286094.7500 -0.1984
-6.7192 77.5531 -34.6930 0.0000 1650400905134 2286123.5000 -0.1985
-7.0078 78.0438 -33.6138 0.0000 1650400905162 2286152.5000 -0.1984
-7.0479 78.1511 -33.1318 0.0000 1650400905192 2286181.5000 -0.1988
-6.8455 78.0826 -32.8099 0.0000 1650400905221 2286210.5000 -0.1989
-7.0734 78.1220 -32.4587 0.0000 1650400905250 2286239.5000 -0.1989
-7.0083 78.4709 -32.4540 0.0000 1650400905279 2286268.5000 -0.1989
-6.9511 78.4885 -32.5156 0.0000 1650400905308 2286298.7500 -0.1989
-6.8467 78.2317 -32.9701 0.0000 1650400905337 2286329.2500 -0.1989
-6.8524 78.5367 -33.2824 0.0000 1650400905366 2286355.5000 -0.1989
-6.9876 78.4658 -33.5739 0.0000 1650400905395 2286384.5000 -0.1994
-7.1998 78.1944 -34.3413 0.0000 1650400905423 2286413.5000 -0.1994
-7.1578 78.5225 -35.2660 0.0000 1650400905453 2286442.5000 -0.1994
-7.5693 78.4451 -35.9134 0.0000 1650400905481 2286471.5000 -0.1994
-7.3726 78.6007 -37.1114 0.0000 1650400905510 2286500.5000 -0.1994
-7.6365 78.5247 -37.7728 0.0000 1650400905539 2286529.5000 -0.1994
-7.4792 78.6945 -38.7825 0.0000 1650400905568 2286562.7500 -0.1998
-7.5601 78.5755 -39.4427 0.0000 1650400905598 2286587.0000 -0.1999
-7.3598 78.6399 -40.5373 0.0000 1650400905627 2286616.5000 -0.1994
-7.4797 78.6367 -40.7958 0.0000 1650400905656 2286646.7500 -0.1994
-7.4697 78.5964 -41.3421 0.0000 1650400905685 2286674.5000 -0.1994
-7.4150 78.5044 -42.2215 0.0000 1650400905714 2286703.5000 -0.1994
-7.6681 78.8882 -41.8340 0.0000 1650400905742 2286732.2500 -0.1990
-7.4236 78.6263 -42.1938 0.0000 1650400905771 2286761.2500 -0.1989
-7.8484 78.9308 -41.6502 0.0000 1650400905800 2286790.2500 -0.1989
-7.8731 78.8085 -41.3965 0.0000 1650400905829 2286819.0000 -0.1989
-8.2570 78.6176 -40.8640 0.0000 1650400905858 2286848.0000 -0.1989
-8.2805 78.8754 -40.1498 0.0000 1650400905887 2286877.0000 -0.1989
-8.4845 78.9401 -39.4966 0.0000 1650400905916 2286906.0000 -0.1985
-8.3240 78.7948 -39.0979 0.0000 1650400905945 2286935.0000 -0.1984
-8.2126 78.9006 -37.9381 0.0000 1650400905975 2286964.0000 -0.1988
-8.0381 78.7108 -37.4728 0.0000 1650400906003 2286993.0000 -0.1989
-7.0182 77.7585 -37.3249 0.0000 1650400906033 2287022.0000 -0.1989
-7.1159 77.8941 -36.4233 0.0000 1650400906061 2287051.0000 -0.1989
-6.2134 77.2116 -36.1591 0.0000 1650400906090 2287082.7500 -0.1989
-7.0817 78.0098 -34.7229 0.0000 1650400906119 2287108.7500 -0.1989
-6.7494 77.9460 -34.0969 0.0000 1650400906148 2287137.7500 -0.1989
-6.8918 78.0072 -33.2760 0.0000 1650400906177 2287166.7500 -0.1994
-7.1040 78.1639 -32.8415 0.0000 1650400906206 2287195.7500 -0.1994
-6.8812 78.0952 -32.4936 0.0000 1650400906235 2287224.7500 -0.1994
-6.9626 78.2512 -32.3221 0.0000 1650400906264 2287253.5000 -0.1994
-7.0096 78.5839 -32.3688 0.0000 1650400906293 2287282.5000 -0.1994
-6.9595 78.4882 -32.4601 0.0000 1650400906321 2287311.5000 -0.1994
-6.4403 77.7807 -33.5383 0.0000 1650400906351 2287343.0000 -0.1994
-6.6479 78.6000 -33.4788 0.0000 1650400906380 2287369.5000 -0.1994
-6.9396 78.4414 -33.6766 0.0000 1650400906409 2287400.0000 -0.1994
-7.4741 78.3448 -34.4005 0.0000 1650400906438 2287427.0000 -0.1994
-7.1797 78.7468 -35.1410 0.0000 1650400906467 2287456.5000 -0.1994
-7.3502 78.2282 -36.4510 0.0000 1650400906496 2287485.5000 -0.1994
-7.5157 78.7337 -37.0748 0.0000 1650400906525 2287514.5000 -0.1994
-7.6146 78.7136 -38.1112 0.0000 1650400906554 2287543.5000 -0.1994
-7.6331 78.7683 -38.7202 0.0000 1650400906582 2287572.5000 -0.1998
-7.6075 78.5424 -39.7670 0.0000 1650400906612 2287601.5000 -0.1999
-7.4024 78.5887 -40.5970 0.0000 1650400906640 2287630.5000 -0.1995
-7.1709 78.3197 -41.1916 0.0000 1650400906669 2287659.5000 -0.1994
-7.4835 78.5865 -41.6139 0.0000 1650400906698 2287688.5000 -0.1994
-7.2119 78.5317 -42.3006 0.0000 1650400906728 2287717.5000 -0.1994
-7.8490 78.8660 -41.8022 0.0000 1650400906757 2287746.5000 -0.1990
-7.8560 78.9608 -41.7362 0.0000 1650400906786 2287775.5000 -0.1989
-8.0017 79.1349 -41.5072 0.0000 1650400906815 2287804.5000 -0.1993
-8.2907 78.9127 -41.0842 0.0000 1650400906844 2287834.7500 -0.1994
-8.5009 78.9474 -40.2542 0.0000 1650400906873 2287863.2500 -0.1994
-8.4777 79.0426 -39.8135 0.0000 1650400906901 2287891.2500 -0.1994
-8.4537 78.5386 -39.4846 0.0000 1650400906931 2287920.2500 -0.1994
-8.4744 78.8806 -38.5910 0.0000 1650400906959 2287949.0000 -0.1994
-8.2727 78.8459 -37.7477 0.0000 1650400906988 2287978.0000 -0.1998
-8.0696 78.6374 -37.0730 0.0000 1650400907017 2288007.0000 -0.1999
-7.1646 77.8503 -36.7711 0.0000 1650400907046 2288036.0000 -0.1999
-7.2269 77.9286 -35.9210 0.0000 1650400907075 2288065.0000 -0.1999
-7.1160 77.9870 -34.9912 0.0000 1650400907104 2288095.0000 -0.1999
-6.9241 78.0032 -34.5598 0.0000 1650400907134 2288124.2500 -0.1999
-6.2553 77.3503 -34.2190 0.0000 1650400907163 2288152.0000 -0.1999
-7.1319 78.0819 -32.7506 0.0000 1650400907192 2288183.7500 -0.1999
-6.8198 78.2569 -32.6898 0.0000 1650400907220 2288210.0000 -0.1999
-6.7057 77.9565 -32.4769 0.0000 1650400907249 2288239.0000 -0.1999
-6.9536 78.1532 -32.2914 0.0000 1650400907278 2288267.7500 -0.1999
-6.9314 78.3526 -32.2116 0.0000 1650400907307 2288296.7500 -0.1999
-6.8955 78.2968 -32.7646 0.0000 1650400907336 2288325.7500 -0.1999
-6.8130 78.2318 -33.1702 0.0000 1650400907365 2288354.5000 -0.1995
-7.0163 78.6543 -33.3904 0.0000 1650400907394 2288383.5000 -0.1994
-7.1731 78.3168 -33.8946 0.0000 1650400907423 2288412.5000 -0.1994
-7.2527 78.4090 -34.8139 0.0000 1650400907452 2288441.5000 -0.1994
-7.5268 78.9272 -35.3018 0.0000 1650400907480 2288470.5000 -0.1990
-7.5836 78.6942 -36.5876 0.0000 1650400907511 2288499.5000 -0.1989
-7.8131 78.8938 -37.0053 0.0000 1650400907539 2288528.5000 -0.1989
-7.6904 78.9826 -38.3489 0.0000 1650400907568 2288557.5000 -0.1989
-7.7247 78.8637 -38.9870 0.0000 1650400907597 2288586.5000 -0.1989
-7.8423 78.9315 -39.8670 0.0000 1650400907626 2288616.7500 -0.1989
-7.5427 78.7933 -40.5859 0.0000 1650400907655 2288645.7500 -0.1989
-7.5078 78.7287 -41.0023 0.0000 1650400907684 2288673.5000 -0.1989
-7.8370 78.9334 -41.5020 0.0000 1650400907713 2288702.5000 -0.1993
-7.7783 78.9763 -41.8085 0.0000 1650400907742 2288731.5000 -0.1994
-7.6448 78.8150 -42.0388 0.0000 1650400907771 2288760.5000 -0.1994
-7.5546 78.5786 -42.0216 0.0000 1650400907799 2288789.5000 -0.1994
-8.0096 79.0382 -41.4349 0.0000 1650400907828 2288818.5000 -0.1994
-8.4400 78.9717 -40.8650 0.0000 1650400907857 2288849.0000 -0.1999
-8.5295 78.9720 -40.1051 0.0000 1650400907887 2288877.2500 -0.1999
-8.3698 78.8213 -39.8126 0.0000 1650400907916 2288905.5000 -0.1999
-8.4840 78.5460 -39.1640 0.0000 1650400907945 2288936.0000 -0.1999
-8.4555 78.8031 -38.0693 0.0000 1650400907974 2288964.2500 -0.1999
-8.0339 78.5767 -37.5936 0.0000 1650400908003 2288992.2500 -0.1999
-7.8560 78.3065 -36.7977 0.0000 1650400908032 2289021.2500 -0.1999
-7.5791 78.2194 -36.1124 0.0000 1650400908060 2289050.0000 -0.1999
-7.0107 77.7900 -35.7004 0.0000 1650400908090 2289079.0000 -0.2004
-7.0773 77.9781 -34.7900 0.0000 1650400908118 2289108.0000 -0.2004
-6.4190 77.4257 -34.7808 0.0000 1650400908147 2289137.0000 -0.2004
-6.6946 77.7681 -33.4916 0.0000 1650400908176 2289166.0000 -0.2004
-6.9128 77.9114 -33.0009 0.0000 1650400908205 2289195.0000 -0.1999
-6.9544 78.0696 -32.4847 0.0000 1650400908234 2289224.0000 -0.1999
-6.6937 77.8465 -32.5533 0.0000 1650400908263 2289253.0000 -0.1999
-7.1301 78.4119 -32.1354 0.0000 1650400908293 2289282.0000 -0.1999
-7.1396 78.4291 -32.2511 0.0000 1650400908322 2289311.0000 -0.1995
-7.1707 78.3126 -32.9272 0.0000 1650400908351 2289340.0000 -0.1994
-6.7613 78.4908 -33.5015 0.0000 1650400908379 2289370.5000 -0.1994
-7.2843 78.7382 -33.1705 0.0000 1650400908409 2289396.7500 -0.1994
-7.3901 78.4286 -33.9543 0.0000 1650400908437 2289426.7500 -0.1994
-7.4976 78.7055 -34.9739 0.0000 1650400908466 2289455.7500 -0.1994
-7.8885 78.8779 -35.5127 0.0000 1650400908495 2289484.5000 -0.1994
-7.7482 79.0833 -36.6193 0.0000 1650400908524 2289513.5000 -0.1994
-7.5604 78.7179 -37.6537 0.0000 1650400908553 2289542.5000 -0.1994
-7.7706 79.2013 -38.4564 0.0000 1650400908582 2289571.5000 -0.1994
-7.5273 78.7245 -39.3823 0.0000 1650400908611 2289600.5000 -0.1994
-7.8498 79.1174 -40.1182 0.0000 1650400908640 2289629.2500 -0.1994
-7.2014 78.4342 -41.0546 0.0000 1650400908669 2289658.0000 -0.1994
-7.6100 78.6790 -41.3277 0.0000 1650400908698 2289687.5000 -0.1994
-7.8164 78.9129 -41.7036 0.0000 1650400908727 2289717.7500 -0.1994
-7.5060 78.5957 -42.1361 0.0000 1650400908756 2289745.5000 -0.1998
-7.7264 78.8908 -41.8943 0.0000 1650400908785 2289774.5000 -0.1999
-8.0989 78.9714 -41.6795 0.0000 1650400908814 2289803.5000 -0.1999
-8.2081 78.9704 -41.2635 0.0000 1650400908843 2289832.5000 -0.1999
-8.3951 78.9449 -40.6817 0.0000 1650400908872 2289861.5000 -0.2002
-8.3635 78.7847 -40.1610 0.0000 1650400908901 2289890.5000 -0.2004
-8.1792 78.4310 -39.7441 0.0000 1650400908930 2289919.5000 -0.2004
-8.2535 78.3246 -39.1911 0.0000 1650400908958 2289948.5000 -0.2004
-7.9336 78.4941 -38.2170 0.0000 1650400908988 2289977.5000 -0.2004
-7.8758 78.3152 -37.5991 0.0000 1650400909016 2290006.5000 -0.2004
-6.8700 77.5153 -37.3102 0.0000 1650400909045 2290035.5000 -0.2000
-7.2714 77.8714 -36.1133 0.0000 1650400909074 2290064.2500 -0.1999
-6.4886 77.3627 -35.8070 0.0000 1650400909104 2290093.2500 -0.1999
-7.1430 77.8400 -34.5413 0.0000 1650400909133 2290122.2500 -0.1999
-6.7775 77.7709 -34.0091 0.0000 1650400909162 2290152.2500 -0.1999
-6.9545 77.9303 -33.1491 0.0000 1650400909191 2290181.2500 -0.1999
-6.7737 77.8700 -32.9824 0.0000 1650400909220 2290209.0000 -0.1995
-6.6235 77.7463 -32.8526 0.0000 1650400909249 2290238.0000 -0.1994
-7.1185 78.2756 -32.2357 0.0000 1650400909277 2290267.0000 -0.1994
-7.1137 78.2713 -32.2592 0.0000 1650400909306 2290296.0000 -0.1994
-7.1826 78.4224 -32.2922 0.0000 1650400909335 2290325.0000 -0.1994
-7.4342 78.6247 -32.4852 0.0000 1650400909364 2290354.0000 -0.1994
-6.9937 78.7311 -33.2031 0.0000 1650400909393 2290383.0000 -0.1994
-7.2830 78.5872 -33.5512 0.0000 1650400909422 2290414.7500 -0.1994
-7.5365 78.3917 -34.2556 0.0000 1650400909451 2290440.7500 -0.1995
-7.7249 79.0666 -34.8224 0.0000 1650400909481 2290470.0000 -0.1999
-7.7544 78.6824 -35.9225 0.0000 1650400909510 2290500.0000 -0.1999
-7.8272 79.2930 -36.7249 0.0000 1650400909538 2290527.7500 -0.1999
-7.8676 78.9538 -37.7012 0.0000 1650400909568 2290556.7500 -0.2000
-7.7693 78.9566 -38.6773 0.0000 1650400909596 2290585.5000 -0.2004
-7.6362 78.6354 -39.6940 0.0000 1650400909625 2290614.5000 -0.2004
-7.3317 78.7135 -40.7273 0.0000 1650400909654 2290643.5000 -0.2004
-7.6077 78.7381 -40.8261 0.0000 1650400909683 2290672.5000 -0.2004
-7.8435 78.8545 -41.3555 0.0000 1650400909712 2290701.5000 -0.2004
-7.5608 78.7537 -42.1086 0.0000 1650400909741 2290730.5000 -0.2004
-7.4808 78.5297 -42.1468 0.0000 1650400909770 2290759.5000 -0.2004
-7.6587 78.6843 -41.9748 0.0000 1650400909799 2290788.5000 -0.2004
-8.0566 79.0310 -41.5362 0.0000 1650400909828 2290817.5000 -0.2004
-8.1529 78.7872 -41.2563 0.0000 1650400909857 2290846.5000 -0.2004
-8.3152 78.5974 -40.6440 0.0000 1650400909886 2290875.5000 -0.2000
-8.0587 78.5043 -40.2400 0.0000 1650400909915 2290904.5000 -0.1999
-8.1786 78.1845 -39.7094 0.0000 1650400909944 2290937.7500 -0.1999
-8.1658 78.3196 -38.8176 0.0000 1650400909973 2290962.0000 -0.1999
-7.6854 78.2918 -38.2101 0.0000 1650400910002 2290991.5000 -0.1995
-8.0365 78.3801 -37.2508 0.0000 1650400910031 2291020.5000 -0.1994
-7.0023 77.6050 -36.9429 0.0000 1650400910060 2291049.5000 -0.1994
-6.9837 77.6716 -36.2026 0.0000 1650400910089 2291078.5000 -0.1994
-6.4704 77.3532 -35.5323 0.0000 1650400910117 2291107.5000 -0.1994
-7.1087 77.8776 -34.3223 0.0000 1650400910147 2291136.5000 -0.1994
-6.8272 77.6571 -33.7534 0.0000 1650400910175 2291165.2500 -0.1994
-7.1023 78.0501 -32.9874 0.0000 1650400910204 2291197.0000 -0.1994
-7.0191 78.0289 -32.6409 0.0000 1650400910234 2291223.2500 -0.1994
-6.9007 77.9680 -32.5624 0.0000 1650400910263 2291255.2500 -0.1994
-7.0472 78.1365 -32.2594 0.0000 1650400910292 2291280.7500 -0.1998
-7.2666 78.5604 -32.0727 0.0000 1650400910321 2291310.0000 -0.1999
-7.4973 78.6301 -32.0925 0.0000 1650400910350 2291339.0000 -0.1999
-7.5839 78.7894 -32.5160 0.0000 1650400910379 2291368.0000 -0.1999
-7.4235 78.8935 -32.9369 0.0000 1650400910408 2291397.0000 -0.2002
-7.3209 78.4145 -33.7927 0.0000 1650400910436 2291426.0000 -0.2004
-7.6303 78.6283 -34.5280 0.0000 1650400910466 2291455.0000 -0.2004
-7.8365 79.1234 -34.9893 0.0000 1650400910494 2291484.0000 -0.1999
-7.7745 78.8266 -36.3818 0.0000 1650400910523 2291513.0000 -0.1999
-7.8617 79.1230 -36.8344 0.0000 1650400910552 2291542.0000 -0.2002
-7.8843 79.0647 -38.1983 0.0000 1650400910581 2291571.0000 -0.2004
-7.5055 78.8385 -39.0755 0.0000 1650400910610 2291599.7500 -0.2004
-7.8349 78.9441 -39.8678 0.0000 1650400910640 2291628.7500 -0.2004
-7.3476 78.5278 -40.7645 0.0000 1650400910669 2291657.7500 -0.2004
-7.8346 78.8998 -40.8767 0.0000 1650400910698 2291687.7500 -0.2004
-7.7742 78.9246 -41.6030 0.0000 1650400910727 2291718.2500 -0.2004
-7.7120 78.8652 -41.9985 0.0000 1650400910755 2291744.5000 -0.2004
-7.6551 78.6854 -42.0521 0.0000 1650400910784 2291773.5000 -0.2000
-7.8564 78.7402 -41.8382 0.0000 1650400910813 2291802.5000 -0.1999
-7.8719 78.6405 -41.7886 0.0000 1650400910842 2291831.5000 -0.1999
-8.2876 78.6593 -41.1514 0.0000 1650400910871 2291860.5000 -0.1999
-8.1427 78.3575 -40.6932 0.0000 1650400910900 2291889.5000 -0.1999
-7.9002 78.3194 -40.1795 0.0000 1650400910929 2291918.5000 -0.1999
-7.8729 77.8800 -39.7915 0.0000 1650400910958 2291950.2500 -0.1999
-7.8637 78.1394 -38.7383 0.0000 1650400910987 2291976.0000 -0.1999
-7.7114 78.1301 -38.2058 0.0000 1650400911016 2292005.5000 -0.1995
-7.1986 77.6197 -37.6707 0.0000 1650400911046 2292035.7500 -0.1994
-6.9644 77.6061 -36.7982 0.0000 1650400911074 2292063.5000 -0.1998
-7.0308 77.5662 -35.7554 0.0000 1650400911103 2292092.5000 -0.1999
-6.9498 77.6325 -35.0910 0.0000 1650400911132 2292121.5000 -0.1999
-7.0230 77.7677 -34.2045 0.0000 1650400911161 2292150.5000 -0.1999
-6.9334 77.8515 -33.5121 0.0000 1650400911190 2292179.5000 -0.2002
-7.2624 78.0524 -32.7665 0.0000 1650400911219 2292208.5000 -0.2004
-7.0479 78.1076 -32.5822 0.0000 1650400911248 2292237.5000 -0.2004
-7.3331 78.2732 -32.2241 0.0000 1650400911277 2292266.5000 -0.2004
-7.2738 78.5519 -32.1467 0.0000 1650400911306 2292295.2500 -0.2004
-7.4561 78.6319 -31.9986 0.0000 1650400911334 2292324.2500 -0.2004
-7.7413 78.6832 -32.2874 0.0000 1650400911363 2292353.2500 -0.2004
-6.9900 78.6393 -33.2974 0.0000 1650400911393 2292382.2500 -0.2004
-7.4330 78.6305 -33.3072 0.0000 1650400911422 2292411.0000 -0.2004
-7.3971 78.4757 -33.9840 0.0000 1650400911451 2292440.0000 -0.2007
-7.2752 78.5148 -35.1892 0.0000 1650400911480 2292471.7500 -0.2009
-7.6668 78.7305 -35.4972 0.0000 1650400911509 2292497.7500 -0.2009
-7.7094 79.1544 -36.5396 0.0000 1650400911538 2292527.0000 -0.2009
-7.6371 78.8277 -37.4288 0.0000 1650400911567 2292556.0000 -0.2009
-7.9369 79.0622 -38.3184 0.0000 1650400911595 2292585.0000 -0.2009
-7.4035 78.5859 -39.4707 0.0000 1650400911625 2292614.0000 -0.2004
-7.7748 78.9350 -40.2166 0.0000 1650400911653 2292643.0000 -0.2004
-7.5048 78.8306 -40.7240 0.0000 1650400911682 2292672.0000 -0.2004
-7.7467 78.6012 -41.2514 0.0000 1650400911711 2292702.5000 -0.2004
-7.4707 78.3932 -42.1823 0.0000 1650400911740 2292732.0000 -0.2004
-7.9527 79.0439 -41.7546 0.0000 1650400911769 2292758.7500 -0.2004
-8.1030 79.1672 -41.7452 0.0000 1650400911798 2292787.7500 -0.2000
-8.0879 78.7357 -41.8537 0.0000 1650400911828 2292816.2500 -0.1999
-7.9602 78.6215 -41.5858 0.0000 1650400911857 2292845.5000 -0.1999
-7.7879 78.2055 -41.4345 0.0000 1650400911886 2292874.5000 -0.1999
-8.0169 78.2076 -40.5896 0.0000 1650400911914 2292903.5000 -0.1999
-7.8705 78.0563 -40.1826 0.0000 1650400911943 2292932.5000 -0.1999
-7.9866 78.2023 -39.5088 0.0000 1650400911972 2292961.5000 -0.1999
-7.8879 78.4219 -38.4599 0.0000 1650400912001 2292990.5000 -0.1999
-7.2732 77.7500 -38.2590 0.0000 1650400912030 2293019.5000 -0.1999
-6.8329 77.2239 -37.5909 0.0000 1650400912059 2293048.5000 -0.2004
-7.1152 77.6286 -36.2930 0.0000 1650400912088 2293077.5000 -0.2004
-6.6880 77.2026 -35.8227 0.0000 1650400912117 2293106.5000 -0.2004
-7.0351 77.6786 -34.7429 0.0000 1650400912146 2293135.5000 -0.2004
-6.8534 77.6126 -34.2376 0.0000 1650400912175 2293164.5000 -0.2004
-7.0532 77.9530 -33.3288 0.0000 1650400912205 2293193.5000 -0.2005
-7.2770 78.1607 -32.7277 0.0000 1650400912233 2293224.0000 -0.2009
-7.0354 78.0917 -32.5542 0.0000 1650400912262 2293252.0000 -0.2009
-7.3873 78.4017 -32.0679 0.0000 1650400912291 2293280.5000 -0.2009
-7.3484 78.6411 -32.2259 0.0000 1650400912320 2293309.5000 -0.2009
-7.3869 78.5609 -32.5094 0.0000 1650400912349 2293338.5000 -0.2009
-7.7634 78.6391 -32.4924 0.0000 1650400912378 2293367.5000 -0.2009
-7.1859 78.7586 -33.3031 0.0000 1650400912407 2293396.5000 -0.2009
-7.4628 78.3570 -33.5452 0.0000 1650400912436 2293425.2500 -0.2009
-7.2461 78.3111 -34.4235 0.0000 1650400912465 2293454.2500 -0.2005
-7.6837 79.1474 -34.9632 0.0000 1650400912493 2293486.2500 -0.2004
-7.2952 78.2897 -36.2547 0.0000 1650400912523 2293513.2500 -0.2004
-7.8216 79.2521 -36.5754 0.0000 1650400912552 2293541.0000 -0.2004
-7.7836 78.8044 -37.7332 0.0000 1650400912581 2293572.7500 -0.2000
-8.0153 79.2633 -38.4551 0.0000 1650400912610 2293599.0000 -0.1999
-7.9614 79.1099 -39.2226 0.0000 1650400912639 2293628.0000 -0.2002
-7.8914 79.2128 -40.1759 0.0000 1650400912668 2293657.0000 -0.2004
-7.5656 78.6774 -40.8865 0.0000 1650400912697 2293686.0000 -0.2004
-7.8716 78.7529 -41.3479 0.0000 1650400912726 2293715.0000 -0.2004
-7.8019 78.9190 -41.7917 0.0000 1650400912755 2293744.0000 -0.2004
-8.0941 78.9485 -41.7421 0.0000 1650400912784 2293773.0000 -0.2004
-7.9988 78.8322 -41.7434 0.0000 1650400912812 2293802.0000 -0.2004
-7.8383 78.5719 -42.0661 0.0000 1650400912841 2293830.7500 -0.2004
-8.1014 78.6490 -41.3169 0.0000 1650400912870 2293859.7500 -0.2005
-7.8100 77.9275 -41.3014 0.0000 1650400912899 2293888.7500 -0.2009
-7.7648 78.2006 -40.6363 0.0000 1650400912928 2293917.7500 -0.2009
-8.1287 78.3017 -39.8241 0.0000 1650400912957 2293946.5000 -0.2009
-7.6964 77.9576 -39.2953 0.0000 1650400912987 2293975.5000 -0.2009
-7.3184 77.8652 -38.7146 0.0000 1650400913016 2294006.0000 -0.2009
-7.2404 77.5630 -38.0259 0.0000 1650400913045 2294034.7500 -0.2009
-6.4024 76.9306 -37.7469 0.0000 1650400913073 2294062.5000 -0.2009
-7.2245 77.7317 -36.0016 0.0000 1650400913103 2294091.5000 -0.2010
-6.9294 77.6408 -35.2203 0.0000 1650400913131 2294120.5000 -0.2013
-6.9824 77.7268 -34.5166 0.0000 1650400913160 2294149.5000 -0.2013
-6.6406 77.5836 -33.9704 0.0000 1650400913189 2294178.5000 -0.2013
-7.3276 78.1073 -32.9540 0.0000 1650400913218 2294207.5000 -0.2013
-7.2056 78.2392 -32.6335 0.0000 1650400913247 2294238.0000 -0.2013
-7.2038 77.9840 -32.3586 0.0000 1650400913276 2294268.0000 -0.2013
-7.4515 78.5716 -32.2665 0.0000 1650400913305 2294294.5000 -0.2010
-7.4118 78.7800 -32.2745 0.0000 1650400913334 2294323.5000 -0.2009
-7.5344 78.7555 -32.5480 0.0000 1650400913364 2294353.7500 -0.2009
-7.3255 79.0619 -32.9426 0.0000 1650400913392 2294381.5000 -0.2009
-7.1624 78.6994 -33.2059 0.0000 1650400913421 2294410.5000 -0.2005
-7.2775 78.4412 -33.7564 0.0000 1650400913450 2294439.5000 -0.2004
-7.1935 78.2748 -35.0974 0.0000 1650400913479 2294468.5000 -0.2004
-7.7752 79.0242 -34.9351 0.0000 1650400913508 2294497.5000 -0.2004
-7.9315 78.9123 -36.1756 0.0000 1650400913537 2294526.2500 -0.2004
-8.0382 79.2689 -36.6688 0.0000 1650400913566 2294555.2500 -0.2004
-8.1352 79.0659 -37.9033 0.0000 1650400913595 2294584.2500 -0.2004
-8.0120 79.1834 -38.5352 0.0000 1650400913624 2294612.7500 -0.2004
-7.9771 78.8612 -39.6700 0.0000 1650400913652 2294642.0000 -0.2004
-8.2513 79.1970 -40.0772 0.0000 1650400913682 2294671.0000 -0.2004
-8.1164 79.1612 -40.5590 0.0000 1650400913710 2294700.0000 -0.2004
-7.9252 78.7632 -41.4950 0.0000 1650400913740 2294729.0000 -0.2004
-8.0854 79.2164 -41.6438 0.0000 1650400913769 2294758.0000 -0.2005
-7.8912 78.9305 -41.9060 0.0000 1650400913798 2294788.0000 -0.2009
-8.1104 78.9182 -41.7429 0.0000 1650400913827 2294816.0000 -0.2009
-8.1617 78.7760 -41.6404 0.0000 1650400913856 2294845.0000 -0.2009
-7.8678 78.4065 -41.4335 0.0000 1650400913885 2294874.0000 -0.2009
-7.8355 78.1586 -41.0751 0.0000 1650400913914 2294903.0000 -0.2009
-7.5114 77.9386 -40.7086 0.0000 1650400913943 2294931.7500 -0.2009
-7.7830 77.8880 -39.9945 0.0000 1650400913971 2294960.7500 -0.2009
-7.5389 78.0849 -39.2024 0.0000 1650400914000 2294989.7500 -0.2009
-7.1149 77.5945 -38.7946 0.0000 1650400914029 2295019.7500 -0.2009
-6.9551 77.4693 -37.9338 0.0000 1650400914058 2295048.7500 -0.2009
-7.0186 77.5277 -36.8918 0.0000 1650400914087 2295076.5000 -0.2009
-7.0303 77.4842 -36.0061 0.0000 1650400914116 2295106.7500 -0.2009
-6.9500 77.8172 -35.1606 0.0000 1650400914146 2295134.5000 -0.2009
-6.9671 77.8693 -34.5328 0.0000 1650400914175 2295163.5000 -0.2009
-6.9053 77.9155 -33.6508 0.0000 1650400914204 2295192.5000 -0.2009
-7.4064 78.4143 -32.9470 0.0000 1650400914232 2295221.5000 -0.2009
-7.1887 78.1093 -32.7543 0.0000 1650400914262 2295250.5000 -0.2009
-7.0664 78.1170 -32.7017 0.0000 1650400914290 2295279.5000 -0.2009
-7.4151 78.5493 -32.4264 0.0000 1650400914319 2295308.5000 -0.2005
-7.4032 78.6909 -32.2764 0.0000 1650400914348 2295337.5000 -0.2004
-7.6823 78.6700 -32.4086 0.0000 1650400914377 2295366.5000 -0.2004
-7.2453 78.7167 -33.0578 0.0000 1650400914406 2295395.5000 -0.2004
-7.2041 78.6138 -33.3457 0.0000 1650400914435 2295424.5000 -0.2004
-7.3558 78.3971 -34.1173 0.0000 1650400914464 2295453.5000 -0.2004
-7.4027 78.7227 -34.9447 0.0000 1650400914493 2295482.5000 -0.2004
-7.8051 78.8663 -35.3987 0.0000 1650400914522 2295512.7500 -0.2004
-7.8609 78.9889 -36.4897 0.0000 1650400914551 2295541.7500 -0.2004
-7.9327 79.1120 -37.1875 0.0000 1650400914581 2295569.0000 -0.2009
-8.0199 79.1662 -38.2181 0.0000 1650400914609 2295598.5000 -0.2009
-7.7331 78.9210 -39.1053 0.0000 1650400914638 2295627.2500 -0.2009
-7.9132 78.9121 -39.9981 0.0000 1650400914667 2295656.2500 -0.2009
-7.9578 79.1896 -40.2801 0.0000 1650400914696 2295685.2500 -0.2013
-7.9861 78.9571 -40.9544 0.0000 1650400914725 2295714.2500 -0.2013
-7.9456 79.0127 -41.6140 0.0000 1650400914754 2295743.0000 -0.2013
-8.3475 79.3521 -41.3088 0.0000 1650400914783 2295772.0000 -0.2013
-8.0093 78.9402 -41.7288 0.0000 1650400914812 2295805.2500 -0.2013
-7.7439 78.6208 -42.1016 0.0000 1650400914841 2295829.7500 -0.2013
-7.7291 78.3872 -41.7812 0.0000 1650400914869 2295859.0000 -0.2013
-7.5746 77.9767 -41.7011 0.0000 1650400914898 2295889.0000 -0.2013
-7.6955 78.0623 -40.8599 0.0000 1650400914928 2295917.0000 -0.2009
-7.2248 77.6936 -40.7307 0.0000 1650400914957 2295946.0000 -0.2009
-8.0511 78.1506 -39.6436 0.0000 1650400914986 2295975.0000 -0.2009
-7.7076 78.2029 -38.7163 0.0000 1650400915015 2296004.0000 -0.2009
-7.1490 77.7379 -38.4635 0.0000 1650400915044 2296033.0000 -0.2009
-7.0843 77.7421 -37.4510 0.0000 1650400915073 2296061.7500 -0.2009
-7.0488 77.7029 -36.6933 0.0000 1650400915102 2296090.7500 -0.2005
-6.7563 77.5039 -35.9030 0.0000 1650400915130 2296119.7500 -0.2004
-7.2368 77.9582 -34.7118 0.0000 1650400915160 2296148.5000 -0.2004
-6.8322 77.6976 -34.3360 0.0000 1650400915188 2296177.5000 -0.2004
-6.9291 77.8650 -33.5483 0.0000 1650400915217 2296206.5000 -0.2004
-7.0944 78.1454 -33.0807 0.0000 1650400915246 2296235.5000 -0.2004
-6.8692 77.9086 -32.6981 0.0000 1650400915276 2296264.5000 -0.2004
-7.2730 78.5480 -32.3929 0.0000 1650400915305 2296293.5000 -0.2004
-7.4640 78.7594 -32.2811 0.0000 1650400915334 2296325.2500 -0.2004
-7.3514 78.4996 -32.5028 0.0000 1650400915363 2296351.0000 -0.2004
-7.5670 78.6109 -32.5965 0.0000 1650400915392 2296380.5000 -0.2004
-6.9912 78.9061 -33.3549 0.0000 1650400915421 2296409.5000 -0.2004
-7.2877 78.5021 -33.4133 0.0000 1650400915449 2296439.7500 -0.2004
-7.1757 78.1091 -34.4402 0.0000 1650400915478 2296467.5000 -0.2009
-7.0579 78.4086 -35.4460 0.0000 1650400915507 2296496.5000 -0.2009
-7.6861 78.6454 -35.7742 0.0000 1650400915536 2296525.5000 -0.2009
-7.9055 79.0886 -36.6333 0.0000 1650400915565 2296554.2500 -0.2009
-7.9372 78.8969 -37.5643 0.0000 1650400915594 2296584.7500 -0.2009
-7.8434 79.1670 -38.4557 0.0000 1650400915623 2296612.5000 -0.2009
-8.0213 79.0596 -39.1546 0.0000 1650400915652 2296643.0000 -0.2009
-8.0650 79.2526 -39.9957 0.0000 1650400915682 2296670.0000 -0.2009
-7.5721 78.7879 -40.7741 0.0000 1650400915710 2296699.5000 -0.2009
-7.8813 78.7133 -41.2569 0.0000 1650400915740 2296728.5000 -0.2009
-7.5627 78.6201 -42.1298 0.0000 1650400915768 2296757.2500 -0.2009
-7.8286 79.0542 -41.7087 0.0000 1650400915797 2296786.2500 -0.2009
-7.9647 78.9943 -41.7135 0.0000 1650400915826 2296815.2500 -0.2009
-7.8811 78.7747 -41.8474 0.0000 1650400915855 2296844.0000 -0.2009
-7.7010 78.3746 -41.7147 0.0000 1650400915884 2296873.0000 -0.2009
-8.1269 78.5110 -41.0985 0.0000 1650400915913 2296902.0000 -0.2009
-8.0319 78.5177 -40.5084 0.0000 1650400915942 2296931.0000 -0.2005
-7.4223 77.6188 -40.6141 0.0000 1650400915971 2296960.0000 -0.2004
-7.8931 78.2389 -39.2884 0.0000 1650400916000 2296989.0000 -0.2004
-7.3767 77.9866 -38.7735 0.0000 1650400916028 2297018.0000 -0.2004
-7.2402 77.7822 -38.0927 0.0000 1650400916058 2297047.0000 -0.2004
-6.8321 77.6454 -37.3575 0.0000 1650400916087 2297077.2500 -0.2004
-6.9088 77.7705 -36.3948 0.0000 1650400916116 2297107.5000 -0.2004
-6.8741 77.8119 -35.3023 0.0000 1650400916145 2297134.0000 -0.2004
-6.9734 77.9492 -34.5555 0.0000 1650400916174 2297162.7500 -0.2004
-6.8624 77.8773 -34.0126 0.0000 1650400916203 2297191.7500 -0.2004
-7.1727 78.1213 -33.0480 0.0000 1650400916232 2297220.7500 -0.2004
-7.0522 78.1212 -32.8796 0.0000 1650400916261 2297249.7500 -0.2004
-7.1859 78.2298 -32.3586 0.0000 1650400916290 2297278.5000 -0.2007
-7.2331 78.3218 -32.4858 0.0000 1650400916319 2297307.5000 -0.2009
-7.3689 78.7931 -32.2485 0.0000 1650400916347 2297339.5000 -0.2009
-7.5049 78.6346 -32.2917 0.0000 1650400916376 2297365.0000 -0.2009
-7.2759 78.6024 -32.8866 0.0000 1650400916405 2297394.5000 -0.2007
-6.9834 78.8454 -33.3344 0.0000 1650400916434 2297424.7500 -0.2011
-7.2399 78.3461 -33.6744 0.0000 1650400916463 2297452.5000 -0.2013
-7.2604 78.2630 -34.7139 0.0000 1650400916493 2297481.5000 -0.2013
-7.5554 78.8673 -35.1393 0.0000 1650400916522 2297510.5000 -0.2013
-7.8031 78.5897 -36.2712 0.0000 1650400916551 2297539.5000 -0.2013
-7.7765 78.9881 -36.9711 0.0000 1650400916580 2297568.5000 -0.2013
-7.9973 78.8884 -38.0534 0.0000 1650400916608 2297597.5000 -0.2009
-7.7014 78.8884 -38.8383 0.0000 1650400916638 2297626.5000 -0.2009
-7.9367 78.7509 -39.6625 0.0000 1650400916666 2297655.5000 -0.2009
-7.9874 79.1250 -40.1867 0.0000 1650400916695 2297684.5000 -0.2009
-7.7873 78.8661 -40.7240 0.0000 1650400916724 2297713.5000 -0.2009
-8.1094 79.1547 -41.3045 0.0000 1650400916753 2297742.5000 -0.2009
-7.9974 79.1506 -41.6764 0.0000 1650400916782 2297771.5000 -0.2005
-8.0882 79.1417 -41.6073 0.0000 1650400916811 2297800.5000 -0.2004
-7.7988 78.8868 -41.8844 0.0000 1650400916840 2297829.5000 -0.2004
-7.8633 78.6934 -41.9033 0.0000 1650400916870 2297861.0000 -0.2004
-8.4859 79.1021 -40.8898 0.0000 1650400916899 2297886.7500 -0.2004
-8.2964 78.5284 -40.6950 0.0000 1650400916927 2297916.2500 -0.2004
-8.1990 78.6917 -40.0565 0.0000 1650400916956 2297945.2500 -0.2004
-8.2394 78.3592 -39.6064 0.0000 1650400916985 2297974.0000 -0.2004
-8.4289 78.8587 -38.5553 0.0000 1650400917014 2298003.0000 -0.2004
-7.9818 78.6602 -37.9441 0.0000 1650400917043 2298032.0000 -0.2004
-7.6968 78.3424 -37.3402 0.0000 1650400917072 2298061.0000 -0.2004
-7.1955 77.8611 -36.7400 0.0000 1650400917101 2298091.5000 -0.2004
-7.0912 77.9672 -35.9341 0.0000 1650400917130 2298121.5000 -0.2004
-7.0961 77.9785 -34.9744 0.0000 1650400917159 2298148.0000 -0.2004
-6.8781 78.0125 -34.4887 0.0000 1650400917187 2298178.5000 -0.2005
-6.8071 77.9125 -33.7665 0.0000 1650400917217 2298205.7500 -0.2009
-7.1149 78.1251 -32.9272 0.0000 1650400917246 2298235.0000 -0.2009
-6.9744 78.1391 -32.7723 0.0000 1650400917275 2298264.0000 -0.2009
-7.0752 78.0220 -32.4922 0.0000 1650400917304 2298292.7500 -0.2009
-7.1603 78.2753 -32.2571 0.0000 1650400917333 2298321.7500 -0.2009
-7.1541 78.4525 -32.4027 0.0000 1650400917362 2298350.7500 -0.2009
-7.2836 78.4142 -32.5299 0.0000 1650400917391 2298379.5000 -0.2009
-6.8772 78.6146 -33.2488 0.0000 1650400917420 2298408.5000 -0.2009
-7.0641 78.6932 -33.3292 0.0000 1650400917449 2298437.5000 -0.2009
-7.3824 78.4540 -33.9490 0.0000 1650400917478 2298466.5000 -0.2009
-7.3145 78.4023 -35.0389 0.0000 1650400917506 2298495.5000 -0.2009
-7.5181 78.8173 -35.3547 0.0000 1650400917535 2298524.5000 -0.2009
-7.8683 78.8405 -36.5367 0.0000 1650400917564 2298553.5000 -0.2009
-7.8615 78.9677 -37.2083 0.0000 1650400917593 2298582.5000 -0.2009
-7.8723 78.9870 -38.3743 0.0000 1650400917622 2298613.0000 -0.2005
-7.4022 78.4817 -39.3856 0.0000 1650400917652 2298642.7500 -0.2004
-7.9037 78.9023 -40.0401 0.0000 1650400917681 2298669.5000 -0.2004
-7.8927 78.9427 -40.3898 0.0000 1650400917710 2298698.5000 -0.2004
-8.0421 78.9676 -40.8165 0.0000 1650400917739 2298727.5000 -0.2004
-7.6701 78.8170 -41.7077 0.0000 1650400917767 2298756.5000 -0.2004
-8.1061 79.0598 -41.6778 0.0000 1650400917797 2298785.5000 -0.2004
-8.0384 79.0640 -41.7082 0.0000 1650400917825 2298814.5000 -0.2004
-7.8402 78.7987 -41.8726 0.0000 1650400917854 2298843.5000 -0.2004
-8.2245 78.9619 -41.3579 0.0000 1650400917883 2298873.7500 -0.2004
-8.2230 78.6837 -41.0678 0.0000 1650400917912 2298902.2500 -0.2004
-8.5292 78.8373 -40.2911 0.0000 1650400917941 2298930.5000 -0.2004
-8.2216 78.5169 -39.9870 0.0000 1650400917970 2298962.2500 -0.2005
-8.4248 78.5145 -39.3335 0.0000 1650400917999 2298988.2500 -0.2009
-8.2846 78.7879 -38.2407 0.0000 1650400918029 2299017.2500 -0.2009
-7.7914 78.3463 -37.8464 0.0000 1650400918058 2299046.2500 -0.2009
-7.0628 77.6990 -37.4891 0.0000 1650400918086 2299075.0000 -0.2010
-7.3154 78.0248 -36.3485 0.0000 1650400918116 2299104.0000 -0.2013
-7.0205 77.7033 -35.5700 0.0000 1650400918144 2299133.0000 -0.2013
-7.2024 78.0120 -34.5219 0.0000 1650400918173 2299162.0000 -0.2013
-6.8305 77.8915 -34.3016 0.0000 1650400918202 2299191.0000 -0.2013
-6.9040 77.8916 -33.4057 0.0000 1650400918231 2299220.0000 -0.2013
-7.1033 78.0534 -32.9177 0.0000 1650400918260 2299249.0000 -0.2013
-6.8702 78.0591 -32.6856 0.0000 1650400918289 2299278.0000 -0.2013
-7.0265 78.0381 -32.3362 0.0000 1650400918318 2299307.0000 -0.2013
-6.9864 78.3405 -32.3987 0.0000 1650400918346 2299336.0000 -0.2013
-7.2279 78.4226 -32.2779 0.0000 1650400918376 2299365.0000 -0.2013
-7.2365 78.4599 -32.6085 0.0000 1650400918405 2299393.2500 -0.2010
-6.8997 78.6496 -33.1790 0.0000 1650400918434 2299424.0000 -0.2009
-7.2132 78.6511 -33.3735 0.0000 1650400918463 2299451.7500 -0.2009
-7.2111 78.2005 -34.3685 0.0000 1650400918492 2299480.7500 -0.2009
-7.3262 78.7136 -35.1959 0.0000 1650400918521 2299509.5000 -0.2009
-7.8652 78.7459 -35.6192 0.0000 1650400918550 2299538.5000 -0.2009
-7.9093 78.8920 -36.5868 0.0000 1650400918579 2299567.5000 -0.2005
-8.1045 78.8236 -37.4613 0.0000 1650400918608 2299596.5000 -0.2004
-8.0492 79.1800 -38.4235 0.0000 1650400918637 2299625.5000 -0.2005
-7.5482 78.5223 -39.5709 0.0000 1650400918665 2299655.7500 -0.2009
-7.8162 79.0079 -40.2304 0.0000 1650400918695 2299683.5000 -0.2005
-8.0925 79.1960 -40.3480 0.0000 1650400918723 2299712.5000 -0.2004
-8.2232 79.0699 -41.0201 0.0000 1650400918752 2299742.7500 -0.2005
-8.0610 79.1411 -41.5397 0.0000 1650400918781 2299770.5000 -0.2009
-7.8938 78.8706 -41.8675 0.0000 1650400918811 2299799.5000 -0.2009
-7.7727 78.8063 -41.9293 0.0000 1650400918840 2299828.5000 -0.2009
-8.2670 79.0661 -41.5926 0.0000 1650400918869 2299857.5000 -0.2009
-8.2065 78.7382 -41.2980 0.0000 1650400918898 2299886.5000 -0.2009
-8.3991 78.7413 -40.8608 0.0000 1650400918927 2299915.5000 -0.2009
-8.4424 78.7725 -40.2057 0.0000 1650400918956 2299944.5000 -0.2012
-8.5114 78.6065 -39.6186 0.0000 1650400918984 2299973.5000 -0.2012
-8.4413 78.6818 -38.9109 0.0000 1650400919013 2300002.5000 -0.2009
-8.1182 78.6246 -38.0763 0.0000 1650400919042 2300031.5000 -0.2009
-8.0577 78.5044 -37.3578 0.0000 1650400919071 2300060.5000 -0.2012
-6.9526 77.5225 -37.2915 0.0000 1650400919100 2300089.2500 -0.2013
-7.4353 78.1591 -35.9715 0.0000 1650400919129 2300118.2500 -0.2010
-6.9662 77.8576 -35.1960 0.0000 1650400919158 2300147.2500 -0.2009
-6.9642 77.8960 -34.5061 0.0000 1650400919188 2300177.0000 -0.2009
-6.6567 77.8545 -34.0567 0.0000 1650400919217 2300205.0000 -0.2009
-6.9745 77.8597 -33.2504 0.0000 1650400919245 2300234.0000 -0.2009
-6.9808 78.0631 -32.7212 0.0000 1650400919275 2300263.0000 -0.2009
-6.8737 78.0115 -32.4804 0.0000 1650400919303 2300292.0000 -0.2005
-7.0215 78.2868 -32.1969 0.0000 1650400919332 2300321.0000 -0.2004
-7.0093 78.4359 -32.2776 0.0000 1650400919361 2300350.0000 -0.2004
-7.1530 78.5466 -32.4424 0.0000 1650400919390 2300379.0000 -0.2004
-6.9233 78.1694 -33.0842 0.0000 1650400919419 2300409.2500 -0.2004
-6.8766 78.9116 -33.2914 0.0000 1650400919448 2300439.5000 -0.2004
-7.4856 78.7079 -33.4197 0.0000 1650400919477 2300466.0000 -0.2000
-7.5223 78.4204 -34.5430 0.0000 1650400919506 2300494.5000 -0.1999
-7.5660 78.8282 -35.1907 0.0000 1650400919535 2300523.7500 -0.2000
-7.7078 78.4135 -36.2758 0.0000 1650400919564 2300552.7500 -0.2004
-7.7979 78.9510 -36.7714 0.0000 1650400919593 2300581.7500 -0.2004
-8.0341 78.7258 -37.9992 0.0000 1650400919622 2300610.5000 -0.2004
-7.8995 79.0920 -38.5266 0.0000 1650400919651 2300639.5000 -0.2004
-8.0218 78.7158 -39.6668 0.0000 1650400919680 2300668.2500 -0.2004
-7.7747 78.9070 -40.3102 0.0000 1650400919709 2300697.5000 -0.2004
-7.6153 78.5989 -41.0398 0.0000 1650400919738 2300726.5000 -0.2004
-7.9208 78.7391 -41.4477 0.0000 1650400919767 2300755.5000 -0.2004
-7.7194 78.7914 -42.0072 0.0000 1650400919796 2300784.5000 -0.2009
-7.9260 78.9168 -41.7963 0.0000 1650400919824 2300813.5000 -0.2009
-8.1455 78.9972 -41.6908 0.0000 1650400919854 2300842.5000 -0.2009
-8.2426 78.9722 -41.4927 0.0000 1650400919882 2300871.5000 -0.2009
-8.6361 79.0528 -40.8702 0.0000 1650400919911 2300900.5000 -0.2009
-8.3249 78.6265 -40.7901 0.0000 1650400919940 2300930.7500 -0.2009
-8.3645 78.5749 -40.0435 0.0000 1650400919970 2300959.7500 -0.2009
-8.6031 78.4906 -39.4162 0.0000 1650400919999 2300987.5000 -0.2009
-8.4822 78.6146 -38.4832 0.0000 1650400920028 2301016.5000 -0.2012
-7.6647 78.2015 -38.2594 0.0000 1650400920057 2301045.5000 -0.2013
-7.9234 78.2682 -37.1295 0.0000 1650400920086 2301074.5000 -0.2013
-7.3506 78.0150 -36.5205 0.0000 1650400920115 2301103.5000 -0.2013
-6.9898 77.6330 -36.0428 0.0000 1650400920143 2301132.5000 -0.2010
-7.1720 78.0714 -34.7909 0.0000 1650400920173 2301161.5000 -0.2009
-6.4434 77.3450 -34.8802 0.0000 1650400920201 2301191.2500 -0.2005
-6.5431 77.6806 -33.8722 0.0000 1650400920230 2301218.7500 -0.2004
-7.0917 78.1755 -32.8979 0.0000 1650400920259 2301248.2500 -0.2007
-6.8148 77.9475 -32.7174 0.0000 1650400920288 2301280.0000 -0.2009
-6.7985 77.7859 -32.6009 0.0000 1650400920317 2301306.0000 -0.2005
-6.8394 78.0630 -32.2994 0.0000 1650400920346 2301335.0000 -0.2004
-7.1352 78.4428 -32.3011 0.0000 1650400920376 2301364.0000 -0.2004
-7.2369 78.3410 -32.3176 0.0000 1650400920404 2301393.0000 -0.2004
-7.6112 78.8620 -32.5014 0.0000 1650400920434 2301422.0000 -0.2004
-7.1319 78.7486 -33.2171 0.0000 1650400920462 2301451.0000 -0.2004
-7.4050 78.5168 -33.7379 0.0000 1650400920491 2301480.0000 -0.2007
-7.6323 78.5734 -34.8766 0.0000 1650400920520 2301509.0000 -0.2009
-7.8821 78.8545 -35.1572 0.0000 1650400920549 2301538.0000 -0.2009
-7.6314 78.7366 -36.5212 0.0000 1650400920578 2301567.0000 -0.2009
-7.7713 78.8378 -37.2211 0.0000 1650400920607 2301596.0000 -0.2012
-7.9572 78.9693 -38.2985 0.0000 1650400920636 2301624.7500 -0.2013
-7.9060 78.9796 -38.8788 0.0000 1650400920665 2301653.7500 -0.2013
-7.9386 78.9039 -40.1347 0.0000 1650400920694 2301682.7500 -0.2013
-7.5643 78.7597 -40.6242 0.0000 1650400920723 2301716.0000 -0.2013
-7.9466 78.8405 -40.9612 0.0000 1650400920753 2301740.2500 -0.2013
-7.6991 78.7021 -41.8509 0.0000 1650400920781 2301769.5000 -0.2013
-7.8541 78.9090 -41.8425 0.0000 1650400920810 2301798.5000 -0.2013
-7.7578 78.6648 -41.9645 0.0000 1650400920839 2301827.5000 -0.2013
-8.0145 78.8449 -41.8525 0.0000 1650400920868 2301856.5000 -0.2013
-8.4449 79.0209 -41.2882 0.0000 1650400920897 2301885.5000 -0.2013
-8.5741 78.8013 -40.8762 0.0000 1650400920926 2301914.5000 -0.2013
-8.3133 78.3936 -40.6535 0.0000 1650400920955 2301944.7500 -0.2013
-8.2654 78.5544 -39.8552 0.0000 1650400920984 2301973.7500 -0.2013
-8.1432 78.0401 -39.5458 0.0000 1650400921013 2302001.5000 -0.2013
-8.0724 78.4348 -38.4250 0.0000 1650400921041 2302031.7500 -0.2013
-7.8616 78.2498 -37.8587 0.0000 1650400921070 2302059.0000 -0.2013
-7.3761 77.9982 -37.2116 0.0000 1650400921099 2302088.5000 -0.2010
-7.1513 77.7169 -36.5838 0.0000 1650400921129 2302117.5000 -0.2009
-6.5888 77.3803 -36.0074 0.0000 1650400921158 2302146.5000 -0.2009
-7.1835 77.8284 -34.6434 0.0000 1650400921187 2302175.5000 -0.2009
-7.0538 77.7745 -34.0484 0.0000 1650400921216 2302204.5000 -0.2009
-7.0664 77.9335 -33.2489 0.0000 1650400921245 2302233.5000 -0.2009
-6.9440 77.9444 -32.9944 0.0000 1650400921274 2302262.5000 -0.2009
-6.9056 78.0407 -32.6349 0.0000 1650400921302 2302291.5000 -0.2009
-7.1699 78.2805 -32.1644 0.0000 1650400921332 2302320.2500 -0.2009
-7.1480 78.4331 -32.1169 0.0000 1650400921360 2302349.2500 -0.2009
-7.2547 78.6574 -32.1642 0.0000 1650400921389 2302378.2500 -0.2012
-7.5300 78.5092 -32.4308 0.0000 1650400921418 2302407.2500 -0.2013
-7.3060 78.7859 -32.9472 0.0000 1650400921447 2302436.2500 -0.2013
-7.2431 78.6704 -33.3370 0.0000 1650400921476 2302466.2500 -0.2013
-7.4449 78.3381 -34.1738 0.0000 1650400921505 2302496.5000 -0.2013
-7.3940 78.6253 -35.2280 0.0000 1650400921535 2302523.0000 -0.2013
-7.8771 78.9512 -35.6286 0.0000 1650400921564 2302552.0000 -0.2013
-7.7212 78.9770 -36.7468 0.0000 1650400921593 2302581.0000 -0.2013
-8.1711 79.0808 -37.3316 0.0000 1650400921621 2302610.0000 -0.2013
-8.0639 79.0847 -38.4960 0.0000 1650400921651 2302639.0000 -0.2013
-7.9204 78.8572 -39.2064 0.0000 1650400921679 2302668.0000 -0.2013
-7.8096 78.8683 -40.1744 0.0000 1650400921708 2302697.0000 -0.2018
-7.3629 78.4882 -40.8970 0.0000 1650400921737 2302728.5000 -0.2018
-8.0053 78.7362 -41.1343 0.0000 1650400921766 2302756.0000 -0.2015
-7.9119 78.7990 -41.6959 0.0000 1650400921795 2302783.7500 -0.2013
-7.9962 78.9721 -41.7289 0.0000 1650400921824 2302813.7500 -0.2013
-8.0714 78.8280 -41.7322 0.0000 1650400921853 2302841.5000 -0.2013
-7.7359 78.5683 -42.0018 0.0000 1650400921882 2302870.5000 -0.2013
-8.2638 78.7878 -41.2702 0.0000 1650400921911 2302899.5000 -0.2013
-8.1871 78.4628 -41.0029 0.0000 1650400921940 2302928.5000 -0.2010
-8.3790 78.5271 -40.2201 0.0000 1650400921969 2302957.5000 -0.2009
-8.1756 78.1155 -39.9510 0.0000 1650400921998 2302986.5000 -0.2009
-8.1119 78.1134 -39.2190 0.0000 1650400922027 2303015.5000 -0.2009
-7.8494 78.4163 -38.2763 0.0000 1650400922056 2303044.5000 -0.2009
-7.8505 78.3331 -37.4859 0.0000 1650400922085 2303073.5000 -0.2009
-6.7119 77.3354 -37.5673 0.0000 1650400922114 2303102.5000 -0.2005
-7.3191 77.8241 -36.1405 0.0000 1650400922143 2303131.5000 -0.2004
-6.8962 77.6207 -35.3154 0.0000 1650400922172 2303160.5000 -0.2007
-7.0441 77.7531 -34.6090 0.0000 1650400922200 2303189.5000 -0.2009
-6.6074 77.5185 -34.1807 0.0000 1650400922230 2303218.5000 -0.2009
-6.8729 77.7443 -33.1923 0.0000 1650400922258 2303248.5000 -0.2013
-6.9938 78.0174 -32.8197 0.0000 1650400922288 2303276.0000 -0.2013
-6.9495 78.0279 -32.5165 0.0000 1650400922317 2303305.5000 -0.2013
-7.3186 78.2076 -32.1304 0.0000 1650400922346 2303334.5000 -0.2013
-7.1717 78.5209 -32.1663 0.0000 1650400922375 2303363.5000 -0.2013
-7.4673 78.5787 -32.2924 0.0000 1650400922404 2303392.5000 -0.2013
-7.6450 78.6301 -32.4860 0.0000 1650400922433 2303421.2500 -0.2013
-7.0634 78.7983 -33.3180 0.0000 1650400922462 2303450.2500 -0.2013
-7.4606 78.7077 -33.5511 0.0000 1650400922491 2303480.7500 -0.2013
-7.5803 78.3429 -34.5585 0.0000 1650400922519 2303510.7500 -0.2013
-7.5378 78.8149 -35.1146 0.0000 1650400922548 2303537.0000 -0.2013
-7.6733 78.5981 -36.1742 0.0000 1650400922577 2303567.5000 -0.2013
-8.0359 79.1559 -36.8062 0.0000 1650400922606 2303596.2500 -0.2013
-8.0316 78.9605 -37.9704 0.0000 1650400922635 2303624.0000 -0.2013
-7.6430 78.8521 -38.8250 0.0000 1650400922664 2303653.0000 -0.2013
-8.1479 78.9612 -39.4346 0.0000 1650400922694 2303682.0000 -0.2013
-8.0431 79.1976 -40.0827 0.0000 1650400922723 2303711.0000 -0.2010
-7.8341 78.7193 -40.7859 0.0000 1650400922752 2303740.0000 -0.2009
-7.8592 78.7011 -41.4968 0.0000 1650400922780 2303769.0000 -0.2009
-7.7449 78.7518 -41.9644 0.0000 1650400922810 2303798.0000 -0.2009
-7.9900 78.7494 -41.8144 0.0000 1650400922838 2303827.0000 -0.2009
-8.0306 78.8905 -41.7266 0.0000 1650400922867 2303855.7500 -0.2009
-8.2090 78.9448 -41.6365 0.0000 1650400922896 2303884.7500 -0.2005
-8.1492 78.4294 -41.3391 0.0000 1650400922925 2303913.7500 -0.2004
-8.1998 78.3887 -40.8770 0.0000 1650400922954 2303942.5000 -0.2005
-7.6541 77.9869 -40.6822 0.0000 1650400922983 2303971.5000 -0.2009
-7.7181 77.7214 -40.0642 0.0000 1650400923012 2304002.2500 -0.2005
-7.9222 78.1130 -39.0211 0.0000 1650400923041 2304032.0000 -0.2004
-7.5192 78.1059 -38.4224 0.0000 1650400923070 2304058.5000 -0.2005
-7.5072 77.9256 -37.6282 0.0000 1650400923099 2304087.5000 -0.2009
-6.7832 77.3759 -37.1568 0.0000 1650400923128 2304116.5000 -0.2009
-7.2160 77.8070 -35.8683 0.0000 1650400923157 2304145.5000 -0.2009
-7.1281 78.0158 -34.9080 0.0000 1650400923186 2304174.5000 -0.2009
-6.8999 77.6600 -34.3854 0.0000 1650400923215 2304203.5000 -0.2009
-6.4511 77.3630 -34.0118 0.0000 1650400923244 2304232.5000 -0.2009
-7.0803 77.8585 -33.0112 0.0000 1650400923273 2304262.7500 -0.2013
-7.0053 78.2120 -32.7549 0.0000 1650400923302 2304291.7500 -0.2013
-7.1203 78.1146 -32.2878 0.0000 1650400923331 2304319.5000 -0.2013
-7.3689 78.4197 -32.1628 0.0000 1650400923359 2304351.2500 -0.2013
-7.4758 78.6267 -32.1557 0.0000 1650400923389 2304377.5000 -0.2013
-7.3739 78.4704 -32.6264 0.0000 1650400923417 2304406.5000 -0.2013
-7.2369 78.7661 -33.0309 0.0000 1650400923447 2304435.5000 -0.2013
-7.5256 78.6417 -33.2061 0.0000 1650400923476 2304464.5000 -0.2013
-7.3545 78.3584 -33.9189 0.0000 1650400923505 2304493.5000 -0.2010
-7.2002 78.3645 -35.0538 0.0000 1650400923534 2304522.5000 -0.2009
-7.8535 78.8994 -35.2821 0.0000 1650400923563 2304551.2500 -0.2009
-7.6681 78.8992 -36.5740 0.0000 1650400923592 2304580.2500 -0.2009
-7.9290 79.1067 -36.9352 0.0000 1650400923621 2304609.2500 -0.2007
-8.0258 79.0158 -38.1775 0.0000 1650400923650 2304638.0000 -0.2004
-7.7850 78.9638 -38.8370 0.0000 1650400923678 2304667.0000 -0.2004
-7.8826 78.6823 -40.1577 0.0000 1650400923707 2304696.0000 -0.2004
-8.0571 79.0598 -40.2829 0.0000 1650400923736 2304725.0000 -0.2004
-7.6187 78.5880 -41.1394 0.0000 1650400923765 2304754.0000 -0.2004
-8.0929 79.0354 -41.3591 0.0000 1650400923794 2304785.5000 -0.2004
-7.7961 78.8521 -41.9227 0.0000 1650400923823 2304811.5000 -0.2004
-7.8815 78.8383 -41.8294 0.0000 1650400923853 2304841.0000 -0.2004
-8.1014 78.9745 -41.6963 0.0000 1650400923882 2304870.0000 -0.2004
-8.0946 78.4820 -41.7909 0.0000 1650400923911 2304899.0000 -0.2011
-8.0985 78.4896 -41.1545 0.0000 1650400923939 2304928.0000 -0.2010
-7.9205 78.0645 -40.9604 0.0000 1650400923969 2304956.7500 -0.2009
-7.6341 77.8786 -40.3437 0.0000 1650400923997 2304985.7500 -0.2009
-7.5463 77.5891 -40.1247 0.0000 1650400924026 2305014.7500 -0.2009
-7.9060 78.3121 -38.5940 0.0000 1650400924055 2305044.7500 -0.2009
-7.5882 78.0433 -38.1806 0.0000 1650400924084 2305072.5000 -0.2010
-7.2197 77.8382 -37.4944 0.0000 1650400924113 2305101.5000 -0.2013
-7.3258 77.8142 -36.4789 0.0000 1650400924142 2305131.7500 -0.2013
-6.8620 77.7130 -35.8254 0.0000 1650400924171 2305159.5000 -0.2013
-6.8256 77.6954 -34.9114 0.0000 1650400924200 2305188.5000 -0.2013
-6.9404 77.9248 -34.2614 0.0000 1650400924229 2305217.5000 -0.2013
-6.8664 77.8835 -33.5269 0.0000 1650400924258 2305246.5000 -0.2013
-6.9597 77.9599 -33.1302 0.0000 1650400924288 2305275.5000 -0.2010
-7.0736 78.1073 -32.6612 0.0000 1650400924316 2305304.5000 -0.2009
-7.1175 78.2816 -32.2502 0.0000 1650400924345 2305333.5000 -0.2012
-7.1329 78.4815 -32.3505 0.0000 1650400924374 2305362.5000 -0.2013
-7.5543 78.6533 -32.4308 0.0000 1650400924403 2305391.5000 -0.2010
-7.7069 78.6878 -32.4833 0.0000 1650400924432 2305420.5000 -0.2009
-7.0452 78.8083 -33.3940 0.0000 1650400924461 2305449.5000 -0.2009
-7.3508 78.5527 -33.5140 0.0000 1650400924490 2305478.5000 -0.2009
-7.3769 78.2794 -34.2743 0.0000 1650400924519 2305507.5000 -0.2009
-7.5109 78.7633 -35.0557 0.0000 1650400924548 2305538.0000 -0.2009
-7.6887 78.5967 -35.8135 0.0000 1650400924576 2305566.2500 -0.2009
-7.9042 79.2580 -36.6138 0.0000 1650400924605 2305594.5000 -0.2009
-7.9473 79.1952 -37.3125 0.0000 1650400924635 2305623.5000 -0.2009
-7.9945 79.1492 -38.4874 0.0000 1650400924664 2305652.5000 -0.2009
-8.0179 79.1642 -38.8853 0.0000 1650400924693 2305681.2500 -0.2009
-7.8722 78.9076 -40.0912 0.0000 1650400924722 2305710.2500 -0.2009
-7.8037 78.7999 -40.5335 0.0000 1650400924751 2305739.2500 -0.2010
-7.9308 78.9781 -40.9605 0.0000 1650400924780 2305768.0000 -0.2013
-8.1092 79.0807 -41.4934 0.0000 1650400924809 2305798.2500 -0.2013
-7.7606 78.7578 -42.0578 0.0000 1650400924837 2305828.5000 -0.2013
-8.2462 78.9784 -41.7195 0.0000 1650400924867 2305855.0000 -0.2013
-8.2307 78.9456 -41.5814 0.0000 1650400924895 2305885.2500 -0.2013
-7.5591 78.1485 -41.9638 0.0000 1650400924924 2305913.0000 -0.2013
-7.9359 78.2280 -41.2946 0.0000 1650400924953 2305942.0000 -0.2013
-8.1601 78.3516 -40.5818 0.0000 1650400924982 2305971.0000 -0.2013
-7.8671 77.9999 -39.9909 0.0000 1650400925011 2306000.0000 -0.2018
-7.6834 77.8284 -39.6344 0.0000 1650400925041 2306029.0000 -0.2018
-7.6254 78.1919 -38.5947 0.0000 1650400925070 2306058.0000 -0.2018
-7.3176 77.8198 -38.1822 0.0000 1650400925099 2306086.7500 -0.2018
-6.7766 77.3984 -37.5491 0.0000 1650400925128 2306115.7500 -0.2018
-7.2469 77.8914 -36.2173 0.0000 1650400925156 2306144.7500 -0.2018
-6.7304 77.7254 -35.5297 0.0000 1650400925185 2306173.5000 -0.2018
-7.0813 77.7499 -34.6538 0.0000 1650400925214 2306202.5000 -0.2018
-6.8062 77.7550 -34.1411 0.0000 1650400925243 2306231.5000 -0.2015
-7.1927 78.1574 -33.2722 0.0000 1650400925272 2306260.5000 -0.2013
-6.9973 78.1577 -33.0317 0.0000 1650400925301 2306289.5000 -0.2013
-7.0107 78.1954 -32.6439 0.0000 1650400925330 2306319.7500 -0.2013
-7.2824 78.4433 -32.4710 0.0000 1650400925359 2306350.2500 -0.2013
-7.2253 78.6698 -32.5166 0.0000 1650400925388 2306376.5000 -0.2013
-7.5052 78.7549 -32.4514 0.0000 1650400925417 2306405.5000 -0.2013
-7.4930 78.5338 -32.6870 0.0000 1650400925447 2306434.5000 -0.2009
-7.1031 78.6850 -33.3860 0.0000 1650400925475 2306463.5000 -0.2009
-7.4046 78.6151 -33.5230 0.0000 1650400925504 2306492.5000 -0.2009
-7.4003 78.2939 -34.5392 0.0000 1650400925533 2306521.5000 -0.2009
-7.3793 78.7933 -35.2871 0.0000 1650400925562 2306550.5000 -0.2013
-7.8499 78.6873 -35.9740 0.0000 1650400925591 2306583.7500 -0.2013
-7.5651 79.0503 -36.9671 0.0000 1650400925620 2306608.0000 -0.2013
-7.8747 78.8411 -37.8858 0.0000 1650400925649 2306637.5000 -0.2013
-7.9325 79.0684 -38.5851 0.0000 1650400925678 2306669.0000 -0.2013
-8.1574 78.9506 -39.3199 0.0000 1650400925707 2306695.5000 -0.2013
-8.0552 79.2525 -40.0302 0.0000 1650400925735 2306724.5000 -0.2017
-7.7524 78.8520 -40.7235 0.0000 1650400925765 2306753.5000 -0.2018
-8.2095 79.0368 -40.9872 0.0000 1650400925794 2306782.2500 -0.2018
-8.0534 79.1193 -41.5786 0.0000 1650400925823 2306811.2500 -0.2018
-7.8867 78.8173 -41.9454 0.0000 1650400925852 2306840.2500 -0.2018
-8.3284 79.0383 -41.6007 0.0000 1650400925881 2306869.2500 -0.2018
-7.9824 78.9336 -41.7129 0.0000 1650400925910 2306898.0000 -0.2018
-8.1398 78.5097 -41.4831 0.0000 1650400925939 2306927.0000 -0.2018
-7.9985 78.1213 -41.2164 0.0000 1650400925968 2306956.0000 -0.2015
-7.7476 78.1077 -40.7482 0.0000 1650400925996 2306985.0000 -0.2013
-7.8837 78.1208 -39.9355 0.0000 1650400926026 2307014.0000 -0.2013
-8.2042 78.3580 -38.8710 0.0000 1650400926054 2307043.0000 -0.2013
-7.1920 77.8517 -38.8231 0.0000 1650400926083 2307072.0000 -0.2010
-7.3720 77.7947 -37.9367 0.0000 1650400926112 2307105.2500 -0.2009
-7.1066 77.7456 -37.0103 0.0000 1650400926141 2307129.7500 -0.2009
-7.1951 77.7276 -35.9928 0.0000 1650400926170 2307159.0000 -0.2009
-6.8962 77.7847 -35.1779 0.0000 1650400926200 2307187.7500 -0.2009
-6.9336 77.8481 -34.5603 0.0000 1650400926229 2307216.7500 -0.2009
-7.0017 77.9982 -33.7497 0.0000 1650400926258 2307245.7500 -0.2009
-7.0585 78.0455 -33.2100 0.0000 1650400926287 2307274.7500 -0.2009
-7.0012 78.2420 -33.0461 0.0000 1650400926315 2307303.5000 -0.2009
-7.0922 78.2570 -32.5116 0.0000 1650400926345 2307332.2500 -0.2009
-7.2994 78.5555 -32.3076 0.0000 1650400926373 2307362.5000 -0.2009
-7.3354 78.7048 -32.4687 0.0000 1650400926402 2307390.5000 -0.2009
-7.5040 78.7654 -32.5268 0.0000 1650400926431 2307421.2500 -0.2009
-7.3679 78.5550 -33.0005 0.0000 1650400926460 2307448.2500 -0.2013
-7.2761 78.6377 -33.3696 0.0000 1650400926489 2307477.5000 -0.2013
-7.4208 78.4048 -33.8606 0.0000 1650400926518 2307506.5000 -0.2013
-7.4119 78.4744 -34.9615 0.0000 1650400926547 2307535.5000 -0.2013
-7.4866 78.8051 -35.3487 0.0000 1650400926576 2307564.5000 -0.2013
-7.7779 78.6936 -36.5234 0.0000 1650400926606 2307593.5000 -0.2013
-7.9751 79.1439 -36.9657 0.0000 1650400926634 2307622.5000 -0.2013
-7.9952 78.8487 -38.3518 0.0000 1650400926663 2307651.5000 -0.2013
-8.0088 79.1434 -38.6524 0.0000 1650400926692 2307680.5000 -0.2018
-8.0885 78.9791 -39.8410 0.0000 1650400926721 2307709.5000 -0.2018
-7.9594 79.0795 -40.2525 0.0000 1650400926750 2307738.5000 -0.2018
-7.7545 78.7411 -40.9753 0.0000 1650400926779 2307767.5000 -0.2018
-8.0601 78.7986 -41.4319 0.0000 1650400926808 2307796.5000 -0.2018
-7.7734 78.9239 -41.8945 0.0000 1650400926837 2307825.5000 -0.2018
-7.9030 78.7261 -41.9471 0.0000 1650400926866 2307855.7500 -0.2015
-7.9860 78.8334 -41.8081 0.0000 1650400926894 2307884.7500 -0.2013
-7.9334 78.5523 -41.7704 0.0000 1650400926924 2307912.2500 -0.2013
-8.1605 78.5454 -41.3258 0.0000 1650400926953 2307941.2500 -0.2013
-8.0825 78.3882 -40.7384 0.0000 1650400926982 2307970.2500 -0.2013
-7.8476 78.0918 -40.3799 0.0000 1650400927011 2307999.0000 -0.2013
-7.9979 77.9815 -39.7374 0.0000 1650400927040 2308028.0000 -0.2010
-8.0009 78.3572 -38.6824 0.0000 1650400927069 2308057.0000 -0.2009
-7.3253 77.7987 -38.4846 0.0000 1650400927098 2308086.0000 -0.2009
-7.3837 77.9807 -37.3680 0.0000 1650400927127 2308116.0000 -0.2009
-7.3111 77.9006 -36.6470 0.0000 1650400927156 2308145.2500 -0.2009
-6.9362 77.6567 -35.7497 0.0000 1650400927185 2308173.0000 -0.2009
-7.1163 77.9363 -34.7433 0.0000 1650400927213 2308201.5000 -0.2009
-6.9640 78.0170 -34.5090 0.0000 1650400927242 2308231.0000 -0.2013
-6.9434 77.8882 -33.5793 0.0000 1650400927271 2308260.0000 -0.2013
-7.0618 78.0303 -33.1881 0.0000 1650400927300 2308289.0000 -0.2013
-6.8102 78.1284 -33.0436 0.0000 1650400927329 2308317.7500 -0.2013
-6.9758 78.3172 -32.4680 0.0000 1650400927359 2308346.7500 -0.2013
-7.2346 78.5410 -32.4641 0.0000 1650400927388 2308375.7500 -0.2015
-7.3015 78.6733 -32.4942 0.0000 1650400927417 2308404.5000 -0.2018
-7.4953 78.6025 -32.7894 0.0000 1650400927446 2308433.5000 -0.2018
-6.9022 78.8834 -33.4038 0.0000 1650400927474 2308462.5000 -0.2018
-7.2621 78.6478 -33.6190 0.0000 1650400927504 2308491.5000 -0.2018
-7.3003 78.0994 -34.2720 0.0000 1650400927532 2308520.5000 -0.2018
-6.7800 78.3065 -35.7117 0.0000 1650400927561 2308549.5000 -0.2018
-7.6516 78.6187 -35.7301 0.0000 1650400927590 2308578.5000 -0.2018
-7.6776 78.9726 -36.6846 0.0000 1650400927619 2308607.5000 -0.2018
-7.8404 78.8012 -37.4930 0.0000 1650400927648 2308639.2500 -0.2015
-8.1301 79.1350 -38.2654 0.0000 1650400927677 2308665.0000 -0.2013
-7.9082 78.9020 -39.1133 0.0000 1650400927706 2308694.5000 -0.2013
-7.9056 78.9488 -40.0766 0.0000 1650400927735 2308723.5000 -0.2013
-7.9632 78.9725 -40.3010 0.0000 1650400927765 2308752.5000 -0.2013
-7.9747 78.8635 -40.9162 0.0000 1650400927793 2308781.5000 -0.2013
-7.9914 78.9263 -41.5828 0.0000 1650400927823 2308810.5000 -0.2010
-8.0111 78.9666 -41.7411 0.0000 1650400927851 2308839.5000 -0.2009
-7.9203 78.8286 -41.9484 0.0000 1650400927880 2308870.0000 -0.2009
-8.1703 78.8745 -41.6994 0.0000 1650400927909 2308899.7500 -0.2009
-8.0323 78.5945 -41.5734 0.0000 1650400927938 2308926.5000 -0.2009
-7.9897 78.4105 -41.3334 0.0000 1650400927967 2308957.0000 -0.2009
-8.1942 78.4476 -40.6105 0.0000 1650400927996 2308985.2500 -0.2009
-7.8871 78.1465 -40.2527 0.0000 1650400928025 2309013.2500 -0.2009
-7.9624 78.1655 -39.4983 0.0000 1650400928053 2309042.2500 -0.2009
-7.7836 78.3958 -38.5589 0.0000 1650400928083 2309071.2500 -0.2009
-7.8228 78.3718 -37.7939 0.0000 1650400928112 2309100.0000 -0.2009
-6.9942 77.5098 -37.4053 0.0000 1650400928141 2309129.0000 -0.2009
-7.3343 77.9982 -36.1151 0.0000 1650400928170 2309158.0000 -0.2010
-6.8491 77.6161 -35.7200 0.0000 1650400928199 2309187.0000 -0.2013
-7.0307 77.7983 -34.7200 0.0000 1650400928228 2309216.0000 -0.2013
-6.6305 77.7276 -34.2472 0.0000 1650400928257 2309245.0000 -0.2013
-7.1571 78.0876 -33.2742 0.0000 1650400928286 2309274.0000 -0.2013
-7.1907 78.1481 -32.9808 0.0000 1650400928315 2309303.0000 -0.2013
-6.8099 78.1183 -32.7503 0.0000 1650400928344 2309332.0000 -0.2013
-7.0236 78.3059 -32.5087 0.0000 1650400928372 2309361.0000 -0.2013
-7.2640 78.5463 -32.2796 0.0000 1650400928402 2309390.0000 -0.2013
-7.0022 78.5946 -32.6679 0.0000 1650400928430 2309421.0000 -0.2017
-7.4888 78.6414 -32.7978 0.0000 1650400928459 2309447.7500 -0.2018
-6.7408 78.7195 -33.5844 0.0000 1650400928488 2309476.7500 -0.2018
-7.1063 78.4970 -33.8314 0.0000 1650400928518 2309505.7500 -0.2018
-7.3467 77.9817 -34.4559 0.0000 1650400928547 2309534.5000 -0.2015
-7.2167 78.7118 -35.4031 0.0000 1650400928576 2309563.5000 -0.2013
-7.6207 78.4568 -36.1224 0.0000 1650400928605 2309592.5000 -0.2013
-7.6880 79.0389 -36.8911 0.0000 1650400928634 2309621.5000 -0.2013
-7.6557 78.4582 -38.1892 0.0000 1650400928663 2309651.7500 -0.2013
-7.8360 79.0369 -38.6329 0.0000 1650400928691 2309680.7500 -0.2013
-7.8501 78.8109 -39.5066 0.0000 1650400928720 2309708.5000 -0.2012
-7.8769 79.0501 -40.1855 0.0000 1650400928749 2309738.7500 -0.2009
-7.8234 78.9433 -40.6151 0.0000 1650400928778 2309766.5000 -0.2009
-8.0717 78.9125 -41.1782 0.0000 1650400928807 2309795.5000 -0.2009
-7.8629 79.0340 -41.7089 0.0000 1650400928836 2309824.5000 -0.2009
-7.9532 78.9110 -41.7201 0.0000 1650400928865 2309853.5000 -0.2009
-7.8311 78.7164 -42.0102 0.0000 1650400928894 2309882.5000 -0.2009
-8.1801 78.9947 -41.5916 0.0000 1650400928924 2309911.5000 -0.2009
-8.4552 78.8228 -41.1106 0.0000 1650400928952 2309940.5000 -0.2009
-8.1629 78.4481 -41.0520 0.0000 1650400928982 2309969.5000 -0.2009
-8.2366 78.5429 -40.3698 0.0000 1650400929010 2309998.5000 -0.2009
-8.2182 78.2533 -39.9021 0.0000 1650400929039 2310027.5000 -0.2013
-8.5752 78.8011 -38.7050 0.0000 1650400929068 2310056.5000 -0.2013
-8.2155 78.7764 -37.8270 0.0000 1650400929097 2310085.5000 -0.2013
-7.4870 77.9390 -37.8212 0.0000 1650400929126 2310114.2500 -0.2013
-7.3660 77.9456 -36.7056 0.0000 1650400929155 2310143.2500 -0.2018
-7.1323 77.8599 -36.0899 0.0000 1650400929184 2310173.2500 -0.2017
-6.9673 77.9170 -35.1279 0.0000 1650400929213 2310200.5000 -0.2013
-6.7970 77.7317 -34.7191 0.0000 1650400929242 2310230.0000 -0.2013
-6.7037 77.8210 -34.0039 0.0000 1650400929270 2310259.0000 -0.2017
-6.9858 78.0039 -33.2557 0.0000 1650400929300 2310288.0000 -0.2018
-6.9257 78.3259 -32.9169 0.0000 1650400929329 2310317.0000 -0.2018
-6.8928 77.9385 -32.6841 0.0000 1650400929358 2310346.0000 -0.2018
-7.0036 78.2453 -32.3273 0.0000 1650400929387 2310375.0000 -0.2018
-7.1879 78.5889 -32.1850 0.0000 1650400929416 2310404.0000 -0.2018
-7.0073 78.5850 -32.7567 0.0000 1650400929445 2310435.7500 -0.2018
-7.0025 78.5130 -33.0188 0.0000 1650400929474 2310461.7500 -0.2018
-6.7332 78.6832 -33.6057 0.0000 1650400929503 2310491.0000 -0.2015
-7.0119 78.2612 -33.9934 0.0000 1650400929531 2310521.2500 -0.2013
-7.3848 78.2959 -34.8422 0.0000 1650400929561 2310548.7500 -0.2010
-7.5456 78.7061 -35.2892 0.0000 1650400929589 2310577.7500 -0.2009
-7.7457 78.6706 -36.4456 0.0000 1650400929618 2310606.7500 -0.2009
-7.9387 78.9891 -36.9852 0.0000 1650400929648 2310635.5000 -0.2009
-7.9113 78.8354 -38.2256 0.0000 1650400929677 2310664.5000 -0.2009
-7.6836 78.7925 -39.0311 0.0000 1650400929706 2310693.5000 -0.2009
-7.8344 78.6286 -40.0878 0.0000 1650400929735 2310722.5000 -0.2009
-7.6581 78.7932 -40.6001 0.0000 1650400929764 2310751.5000 -0.2009
-7.6631 78.7744 -40.9739 0.0000 1650400929793 2310780.5000 -0.2012
-7.8897 78.7769 -41.5466 0.0000 1650400929822 2310809.5000 -0.2013
-7.8241 78.9268 -41.9208 0.0000 1650400929850 2310838.5000 -0.2013
-7.9473 78.8999 -41.7659 0.0000 1650400929880 2310867.5000 -0.2018
-8.0476 78.8102 -41.8059 0.0000 1650400929908 2310896.5000 -0.2018
-8.0060 78.7840 -41.6394 0.0000 1650400929937 2310925.5000 -0.2015
-8.3107 78.7872 -41.1027 0.0000 1650400929966 2310957.0000 -0.2013
-8.5903 78.8141 -40.5313 0.0000 1650400929995 2310983.5000 -0.2018
-8.4090 78.6643 -40.0074 0.0000 1650400930024 2311012.5000 -0.2018
-8.6163 78.6701 -39.2745 0.0000 1650400930053 2311041.5000 -0.2018
-8.7217 78.9793 -38.2204 0.0000 1650400930083 2311071.7500 -0.2018
-7.9801 78.6025 -37.8421 0.0000 1650400930111 2311099.5000 -0.2018
-7.9914 78.4677 -36.9590 0.0000 1650400930141 2311128.5000 -0.2018
-7.1724 77.7948 -36.6220 0.0000 1650400930169 2311157.5000 -0.2018
-7.3362 77.9606 -35.4150 0.0000 1650400930198 2311187.7500 -0.2018
-7.1783 78.0494 -34.6964 0.0000 1650400930227 2311216.7500 -0.2018
-6.9113 77.8705 -34.4995 0.0000 1650400930256 2311244.2500 -0.2018
-6.7049 77.9598 -33.6514 0.0000 1650400930285 2311274.5000 -0.2018
-6.8187 77.8244 -33.2020 0.0000 1650400930314 2311302.2500 -0.2018
-6.8751 78.0498 -32.8188 0.0000 1650400930343 2311331.0000 -0.2015
-6.9057 77.9531 -32.5117 0.0000 1650400930372 2311360.0000 -0.2013
-6.9997 78.4307 -32.3048 0.0000 1650400930401 2311389.0000 -0.2013
-7.3470 78.6706 -32.3705 0.0000 1650400930429 2311418.0000 -0.2013
-7.2400 78.3353 -32.6665 0.0000 1650400930460 2311447.0000 -0.2010
-7.0045 78.7129 -33.1972 0.0000 1650400930488 2311476.0000 -0.2009
-7.0201 78.5128 -33.5725 0.0000 1650400930517 2311505.0000 -0.2009
-7.2106 78.2456 -34.2432 0.0000 1650400930546 2311534.0000 -0.2009
-7.2535 78.4790 -35.2771 0.0000 1650400930575 2311563.0000 -0.2009
-7.6931 78.5718 -35.6559 0.0000 1650400930604 2311592.0000 -0.2009
-7.6747 78.6370 -36.8000 0.0000 1650400930633 2311621.0000 -0.2009
-7.6779 78.7212 -37.5245 0.0000 1650400930662 2311649.7500 -0.2013
-7.9450 79.0851 -38.3014 0.0000 1650400930691 2311678.7500 -0.2013
-7.7463 78.9492 -39.0336 0.0000 1650400930720 2311708.7500 -0.2013
-7.9135 78.9135 -40.0958 0.0000 1650400930748 2311736.0000 -0.2013
-7.4042 78.5347 -40.8077 0.0000 1650400930777 2311765.5000 -0.2018
-7.8217 78.7392 -41.0892 0.0000 1650400930806 2311794.5000 -0.2018
-7.4122 78.5918 -42.0380 0.0000 1650400930836 2311823.5000 -0.2018
-7.8555 78.9078 -41.8349 0.0000 1650400930865 2311852.5000 -0.2018
-7.9996 79.0620 -41.6153 0.0000 1650400930894 2311881.5000 -0.2018
-8.1989 79.0381 -41.6200 0.0000 1650400930923 2311910.5000 -0.2018
-8.1065 78.8544 -41.3064 0.0000 1650400930952 2311939.5000 -0.2018
-8.3406 78.6397 -41.0230 0.0000 1650400930981 2311971.0000 -0.2018
-8.2679 78.5809 -40.5735 0.0000 1650400931009 2311996.7500 -0.2018
-8.2059 78.4071 -39.8812 0.0000 1650400931039 2312026.5000 -0.2018
-8.3011 78.3024 -39.4079 0.0000 1650400931067 2312058.2500 -0.2018
-8.2757 78.7659 -38.0731 0.0000 1650400931096 2312084.5000 -0.2018
-8.1849 78.5467 -37.5108 0.0000 1650400931125 2312113.5000 -0.2015
-6.8527 77.4595 -37.4571 0.0000 1650400931154 2312142.5000 -0.2013
-7.3698 77.9511 -36.2263 0.0000 1650400931183 2312171.5000 -0.2013
-6.8307 77.7321 -35.8251 0.0000 1650400931212 2312200.5000 -0.2013
-7.5035 77.9594 -35.2668 0.0000 1650400931242 2312229.5000 -0.2013
-7.1580 77.9292 -35.5057 0.0000 1650400931271 2312258.5000 -0.2013
-7.1114 78.1680 -35.3948 0.0000 1650400931300 2312287.5000 -0.2013
-7.0009 78.1735 -35.3352 0.0000 1650400931328 2312316.5000 -0.2013
-7.2319 78.1947 -35.5034 0.0000 1650400931357 2312345.2500 -0.2013
-7.3377 78.4764 -35.1938 0.0000 1650400931386 2312374.2500 -0.2013
-7.3580 78.6064 -35.3393 0.0000 1650400931415 2312403.2500 -0.2013
-7.3351 78.2939 -35.4660 0.0000 1650400931444 2312432.2500 -0.2013
-7.3884 78.5242 -35.3504 0.0000 1650400931473 2312461.0000 -0.2013
-7.3318 78.4213 -35.5655 0.0000 1650400931502 2312491.2500 -0.2013
-7.3531 78.4288 -35.4372 0.0000 1650400931531 2312518.7500 -0.2013
-7.5676 78.6789 -35.3100 0.0000 1650400931560 2312548.0000 -0.2013
-7.2397 78.2287 -35.6390 0.0000 1650400931588 2312577.0000 -0.2013
-7.2086 78.2654 -35.6295 0.0000 1650400931618 2312606.0000 -0.2013
-7.3213 78.1864 -35.5209 0.0000 1650400931647 2312635.0000 -0.2013
-7.3221 78.2012 -35.5476 0.0000 1650400931676 2312664.0000 -0.2018
-7.1786 78.0115 -35.5941 0.0000 1650400931705 2312693.0000 -0.2018
-7.2571 78.1181 -35.5163 0.0000 1650400931734 2312725.0000 -0.2018
-7.1629 78.0902 -35.4680 0.0000 1650400931763 2312751.5000 -0.2018
-7.1002 77.9350 -35.6528 0.0000 1650400931792 2312779.7500 -0.2018
-7.2325 78.1357 -35.4227 0.0000 1650400931821 2312810.5000 -0.2018
-7.2627 78.1121 -35.4141 0.0000 1650400931850 2312837.5000 -0.2018
-7.2708 78.1834 -35.3943 0.0000 1650400931879 2312866.5000 -0.2018
-7.2286 78.1659 -35.4795 0.0000 1650400931907 2312895.5000 -0.2018
-7.3460 78.1286 -35.3535 0.0000 1650400931936 2312924.2500 -0.2018
-7.3032 78.1081 -35.4605 0.0000 1650400931965 2312953.5000 -0.2018
-7.2818 78.0838 -35.3893 0.0000 1650400931995 2312982.5000 -0.2018
