-6.7489 77.3271 -37.6592 0.0000 1650400541107 1922122.2500 -0.1960
-6.7521 77.2743 -37.4813 0.0000 1650400541136 1922151.0000 -0.1960
-6.8087 77.2492 -37.5128 0.0000 1650400541165 1922180.0000 -0.1960
-6.8575 77.2935 -37.5194 0.0000 1650400541194 1922209.0000 -0.1960
-6.8122 77.3512 -37.5815 0.0000 1650400541223 1922237.7500 -0.1960
-6.8295 77.4369 -37.4807 0.0000 1650400541252 1922271.2500 -0.1960
-6.7781 77.1911 -37.5573 0.0000 1650400541280 1922295.5000 -0.1955
-6.5478 77.1203 -37.7417 0.0000 1650400541310 1922324.7500 -0.1955
-6.7811 77.2407 -37.5589 0.0000 1650400541339 1922353.7500 -0.1955
-6.5316 77.1419 -37.7723 0.0000 1650400541368 1922382.7500 -0.1955
-6.6051 77.2312 -37.6627 0.0000 1650400541397 1922411.7500 -0.1955
-6.5350 77.1668 -37.7778 0.0000 1650400541426 1922440.7500 -0.1955
-6.7303 77.2452 -37.5265 0.0000 1650400541455 1922469.7500 -0.1955
-6.5286 77.1289 -37.7313 0.0000 1650400541484 1922499.7500 -0.1955
-6.3279 76.9662 -37.9366 0.0000 1650400541513 1922530.5000 -0.1960
-6.6266 77.1396 -37.6352 0.0000 1650400541542 1922556.7500 -0.1960
-6.5239 77.0875 -37.7514 0.0000 1650400541571 1922588.7500 -0.1957
-6.6621 77.2256 -37.6092 0.0000 1650400541599 1922614.5000 -0.1955
-6.5641 77.1115 -37.6788 0.0000 1650400541629 1922643.7500 -0.1956
-6.6605 77.1512 -37.6586 0.0000 1650400541657 1922672.7500 -0.1960
-6.6947 77.1742 -37.6730 0.0000 1650400541686 1922701.7500 -0.1957
-7.0055 77.4479 -37.3535 0.0000 1650400541715 1922730.7500 -0.1955
-6.5727 77.2588 -37.8092 0.0000 1650400541745 1922759.7500 -0.1955
-6.7311 77.2849 -37.5315 0.0000 1650400541774 1922788.7500 -0.1955
-6.7567 77.2341 -37.6471 0.0000 1650400541803 1922817.7500 -0.1955
-6.7174 77.2489 -37.6159 0.0000 1650400541832 1922846.5000 -0.1960
-6.9518 77.4992 -37.4207 0.0000 1650400541861 1922875.5000 -0.1960
-6.6697 77.2938 -37.7027 0.0000 1650400541890 1922904.2500 -0.1955
-6.7930 77.3544 -37.5377 0.0000 1650400541918 1922933.2500 -0.1955
-6.6993 77.2231 -37.6863 0.0000 1650400541947 1922962.2500 -0.1955
-6.6883 77.2457 -37.6492 0.0000 1650400541976 1922991.2500 -0.1955
-6.6951 77.2096 -37.6857 0.0000 1650400542005 1923020.0000 -0.1955
-6.5546 77.3081 -37.6076 0.0000 1650400542034 1923052.0000 -0.1955
-6.6270 77.1680 -37.6493 0.0000 1650400542063 1923078.2500 -0.1955
-6.8536 77.3709 -37.3544 0.0000 1650400542092 1923107.2500 -0.1955
-6.7335 77.3373 -37.5488 0.0000 1650400542122 1923136.2500 -0.1955
-6.6941 77.2223 -37.5643 0.0000 1650400542151 1923165.2500 -0.1955
-6.4883 77.1412 -37.8332 0.0000 1650400542179 1923194.2500 -0.1955
-6.6570 77.1902 -37.7258 0.0000 1650400542209 1923223.2500 -0.1955
-6.6657 77.3244 -37.5876 0.0000 1650400542237 1923252.0000 -0.1955
-6.7946 77.3738 -37.5971 0.0000 1650400542266 1923283.5000 -0.1955
-6.8499 77.4105 -37.4897 0.0000 1650400542295 1923309.7500 -0.1955
-6.8430 77.3589 -37.5344 0.0000 1650400542324 1923339.0000 -0.1955
-6.8645 77.4129 -37.5683 0.0000 1650400542353 1923369.0000 -0.1955
-6.7504 77.2971 -37.6731 0.0000 1650400542382 1923396.7500 -0.1955
-6.6315 77.0620 -37.7715 0.0000 1650400542411 1923425.7500 -0.1955
-6.5805 77.1287 -37.7889 0.0000 1650400542440 1923454.7500 -0.1955
-6.1407 76.8035 -38.0646 0.0000 1650400542469 1923483.7500 -0.1957
-6.8550 77.5418 -37.4694 0.0000 1650400542498 1923512.7500 -0.1960
-6.6998 77.1818 -37.6282 0.0000 1650400542527 1923541.7500 -0.1960
-6.5816 77.2332 -37.6361 0.0000 1650400542556 1923570.7500 -0.1960
-6.8950 77.4814 -37.3185 0.0000 1650400542585 1923599.7500 -0.1960
-6.5131 77.0422 -37.7744 0.0000 1650400542614 1923628.7500 -0.1960
-6.8096 77.4409 -37.4012 0.0000 1650400542643 1923657.7500 -0.1960
-6.7700 77.3955 -37.4564 0.0000 1650400542672 1923686.7500 -0.1960
-6.7908 77.4185 -37.4122 0.0000 1650400542701 1923715.7500 -0.1960
-6.9018 77.5239 -37.3848 0.0000 1650400542730 1923744.7500 -0.1960
-6.9442 77.4874 -37.3583 0.0000 1650400542758 1923773.7500 -0.1960
-6.9599 77.5476 -37.3547 0.0000 1650400542788 1923805.2500 -0.1960
-7.0525 77.6498 -37.2707 0.0000 1650400542816 1923831.2500 -0.1960
-6.8252 77.3874 -37.5564 0.0000 1650400542845 1923860.7500 -0.1955
-6.9091 77.3702 -37.5276 0.0000 1650400542874 1923889.7500 -0.1955
-6.9634 77.4369 -37.4869 0.0000 1650400542904 1923918.7500 -0.1955
-7.1468 77.6131 -37.2927 0.0000 1650400542933 1923947.5000 -0.1955
-7.0887 77.6567 -37.3678 0.0000 1650400542962 1923976.5000 -0.1950
-6.7829 77.3864 -37.6135 0.0000 1650400542991 1924005.5000 -0.1950
-6.9650 77.4049 -37.4422 0.0000 1650400543020 1924035.7500 -0.1950
-6.6309 77.3357 -37.6732 0.0000 1650400543049 1924065.7500 -0.1950
-6.9764 77.3645 -37.4564 0.0000 1650400543077 1924092.2500 -0.1950
-6.7810 77.3211 -37.5945 0.0000 1650400543107 1924121.2500 -0.1950
-6.6626 77.2422 -37.6319 0.0000 1650400543135 1924150.0000 -0.1950
-6.8318 77.5386 -37.3988 0.0000 1650400543164 1924179.2500 -0.1950
-6.8923 77.5429 -37.3916 0.0000 1650400543193 1924208.2500 -0.1955
-6.9611 77.4727 -37.3920 0.0000 1650400543222 1924237.2500 -0.1955
-6.8912 77.4975 -37.3650 0.0000 1650400543251 1924266.2500 -0.1955
-6.9538 77.5512 -37.3764 0.0000 1650400543281 1924295.2500 -0.1955
-6.9784 77.6559 -37.2630 0.0000 1650400543310 1924324.2500 -0.1957
-6.7898 77.3889 -37.4638 0.0000 1650400543338 1924353.2500 -0.1960
-7.2812 77.8550 -37.0895 0.0000 1650400543368 1924382.0000 -0.1960
-6.7729 77.4302 -37.6046 0.0000 1650400543396 1924411.0000 -0.1960
-7.0198 77.5529 -37.3590 0.0000 1650400543425 1924440.0000 -0.1960
-7.1032 77.6810 -37.2448 0.0000 1650400543454 1924468.7500 -0.1960
-6.9213 77.5281 -37.4859 0.0000 1650400543483 1924497.7500 -0.1960
-6.9897 77.4719 -37.3733 0.0000 1650400543512 1924526.7500 -0.1960
-6.9524 77.5623 -37.3668 0.0000 1650400543541 1924557.2500 -0.1960
-7.0455 77.6402 -37.3674 0.0000 1650400543570 1924584.2500 -0.1960
-7.1954 77.8096 -37.1921 0.0000 1650400543599 1924613.7500 -0.1960
-7.0890 77.7150 -37.2324 0.0000 1650400543628 1924642.7500 -0.1960
-7.3261 77.8427 -37.0801 0.0000 1650400543657 1924671.7500 -0.1960
-8.2435 78.6329 -36.1549 0.0000 1650400543687 1924700.7500 -0.1960
-8.6795 78.8068 -35.1573 0.0000 1650400543715 1924729.7500 -0.1960
-5.8995 76.0741 -37.2625 0.0000 1650400543744 1924758.7500 -0.1960
-8.1682 78.7669 -34.1372 0.0000 1650400543773 1924787.7500 -0.1960
-6.6302 77.2101 -35.1716 0.0000 1650400543802 1924819.5000 -0.1955
-7.3049 77.8473 -33.8078 0.0000 1650400543831 1924847.0000 -0.1955
-7.5734 78.0002 -32.9463 0.0000 1650400543860 1924874.7500 -0.1955
-6.9576 77.6591 -32.9364 0.0000 1650400543889 1924904.7500 -0.1955
-7.2857 78.1074 -31.6699 0.0000 1650400543918 1924932.7500 -0.1955
-6.6332 77.6533 -31.5782 0.0000 1650400543947 1924961.7500 -0.1955
-7.2945 78.2430 -30.5351 0.0000 1650400543975 1924990.7500 -0.1955
-7.2452 78.2966 -29.6969 0.0000 1650400544004 1925019.7500 -0.1955
-7.0483 78.2677 -29.7006 0.0000 1650400544033 1925048.5000 -0.1955
-6.6008 78.2526 -29.9610 0.0000 1650400544063 1925077.5000 -0.1955
-6.4233 78.1251 -30.1372 0.0000 1650400544092 1925106.5000 -0.1955
-6.6016 78.3515 -29.8721 0.0000 1650400544121 1925135.2500 -0.1955
-6.3352 78.4927 -30.0619 0.0000 1650400544150 1925164.2500 -0.1955
-6.3742 78.6465 -29.9233 0.0000 1650400544179 1925193.2500 -0.1955
-6.4656 78.7380 -29.7956 0.0000 1650400544208 1925222.2500 -0.1960
-6.3005 78.7465 -29.8282 0.0000 1650400544236 1925251.2500 -0.1960
-6.4803 78.6687 -29.7739 0.0000 1650400544266 1925280.2500 -0.1960
-6.3756 78.7582 -29.8921 0.0000 1650400544294 1925309.2500 -0.1960
-6.4796 78.6792 -29.7951 0.0000 1650400544323 1925339.5000 -0.1960
-6.5855 78.7551 -29.6509 0.0000 1650400544352 1925368.2500 -0.1960
-6.5232 78.5369 -29.5894 0.0000 1650400544381 1925396.2500 -0.1960
-6.4801 78.6193 -29.7554 0.0000 1650400544410 1925425.2500 -0.1960
-6.5635 78.6320 -29.6497 0.0000 1650400544439 1925454.2500 -0.1960
-6.4576 78.6566 -29.6292 0.0000 1650400544469 1925483.0000 -0.1960
-6.2802 78.4527 -29.7839 0.0000 1650400544498 1925512.0000 -0.1960
-6.3954 78.5153 -29.6226 0.0000 1650400544527 1925541.0000 -0.1960
-6.6166 78.5882 -29.4307 0.0000 1650400544555 1925570.0000 -0.1960
-6.4323 78.4718 -29.5304 0.0000 1650400544584 1925600.0000 -0.1955
-6.4563 78.3970 -29.5135 0.0000 1650400544613 1925627.7500 -0.1955
-6.5560 78.4765 -29.5537 0.0000 1650400544642 1925658.2500 -0.1955
-6.6328 78.4200 -29.4848 0.0000 1650400544671 1925687.0000 -0.1955
-6.4452 78.2238 -29.6405 0.0000 1650400544700 1925714.7500 -0.1955
-6.4819 78.4910 -29.5384 0.0000 1650400544729 1925743.7500 -0.1955
-6.4833 78.2554 -29.6563 0.0000 1650400544758 1925772.7500 -0.1955
-6.5117 78.3197 -29.6490 0.0000 1650400544789 1925801.7500 -0.1955
-6.6187 78.3718 -29.4591 0.0000 1650400544816 1925830.7500 -0.1955
-6.5911 78.3343 -29.4314 0.0000 1650400544846 1925859.7500 -0.1955
-6.6245 78.3905 -29.4972 0.0000 1650400544874 1925888.7500 -0.1955
-6.5507 78.3953 -29.6216 0.0000 1650400544903 1925917.7500 -0.1955
-6.4734 78.3472 -29.6126 0.0000 1650400544932 1925946.7500 -0.1955
-6.6173 78.3277 -29.5989 0.0000 1650400544961 1925975.7500 -0.1955
-6.5197 78.2397 -29.6134 0.0000 1650400544990 1926004.7500 -0.1955
-6.5951 78.0715 -29.5572 0.0000 1650400545019 1926033.7500 -0.1955
-6.4878 78.0553 -29.6133 0.0000 1650400545048 1926062.7500 -0.1956
-6.5065 78.0142 -29.6402 0.0000 1650400545077 1926093.0000 -0.1960
-6.5010 78.1213 -29.5129 0.0000 1650400545106 1926121.2500 -0.1960
-6.4109 78.0274 -29.6803 0.0000 1650400545134 1926149.7500 -0.1960
-6.6056 78.1438 -29.4655 0.0000 1650400545164 1926178.5000 -0.1960
-6.4515 78.1410 -29.6549 0.0000 1650400545192 1926207.5000 -0.1960
-6.6596 78.0509 -29.4295 0.0000 1650400545222 1926236.2500 -0.1960
-6.7238 78.3688 -29.3596 0.0000 1650400545251 1926265.0000 -0.1960
-6.6279 78.2405 -29.5810 0.0000 1650400545280 1926294.2500 -0.1958
-6.7349 78.1914 -29.3610 0.0000 1650400545309 1926323.2500 -0.1955
-6.6561 78.2720 -29.4464 0.0000 1650400545338 1926353.5000 -0.1955
-6.5668 77.8749 -29.8243 0.0000 1650400545367 1926384.0000 -0.1960
-6.6597 77.5360 -30.6400 0.0000 1650400545396 1926410.2500 -0.1960
-6.7704 77.5754 -31.5593 0.0000 1650400545425 1926440.5000 -0.1955
-6.2938 77.8235 -32.5133 0.0000 1650400545453 1926468.2500 -0.1955
-6.7170 77.7403 -32.8571 0.0000 1650400545482 1926497.2500 -0.1955
-6.8874 78.1176 -33.5802 0.0000 1650400545511 1926526.2500 -0.1955
-6.6616 78.0937 -34.1956 0.0000 1650400545540 1926555.2500 -0.1955
-7.1581 78.0355 -34.7326 0.0000 1650400545569 1926584.2500 -0.1955
-6.8491 78.2970 -35.6317 0.0000 1650400545598 1926613.0000 -0.1955
-7.0669 78.2104 -36.0625 0.0000 1650400545628 1926642.0000 -0.1955
-7.2087 78.1897 -36.9354 0.0000 1650400545657 1926671.0000 -0.1960
-7.0831 78.2396 -37.5055 0.0000 1650400545686 1926699.7500 -0.1960
-7.3047 78.2642 -38.0861 0.0000 1650400545714 1926728.7500 -0.1962
-7.0617 78.2699 -39.1700 0.0000 1650400545744 1926757.7500 -0.1955
-7.2743 78.2418 -39.4237 0.0000 1650400545772 1926786.7500 -0.1957
-7.3255 78.3578 -40.2317 0.0000 1650400545801 1926815.7500 -0.1960
-7.3186 78.4067 -40.7605 0.0000 1650400545830 1926844.7500 -0.1960
-7.6011 78.7161 -40.9958 0.0000 1650400545859 1926874.7500 -0.1960
-7.5243 78.4320 -42.2297 0.0000 1650400545888 1926902.5000 -0.1960
-7.2311 78.2269 -42.7003 0.0000 1650400545917 1926931.7500 -0.1960
-7.4641 78.4750 -43.2065 0.0000 1650400545946 1926960.7500 -0.1960
-7.2646 78.3206 -44.2230 0.0000 1650400545975 1926989.7500 -0.1960
-7.8220 78.7948 -44.0474 0.0000 1650400546004 1927018.7500 -0.1960
-7.4245 78.4213 -45.0844 0.0000 1650400546033 1927047.7500 -0.1960
-7.7830 78.7716 -45.4525 0.0000 1650400546062 1927076.7500 -0.1960
-7.9264 78.9497 -45.6803 0.0000 1650400546091 1927105.7500 -0.1960
-7.6072 78.4942 -46.9798 0.0000 1650400546120 1927138.7500 -0.1960
-8.0545 78.7794 -47.1828 0.0000 1650400546149 1927163.2500 -0.1960
-7.9022 78.9138 -47.3197 0.0000 1650400546178 1927192.7500 -0.1960
-7.9645 78.7378 -47.9633 0.0000 1650400546207 1927224.5000 -0.1960
-7.8025 78.7093 -48.7559 0.0000 1650400546236 1927250.7500 -0.1960
-7.9013 78.5478 -49.1145 0.0000 1650400546265 1927279.7500 -0.1960
-7.5831 78.4523 -49.5308 0.0000 1650400546293 1927308.5000 -0.1960
-7.7882 78.7974 -49.5595 0.0000 1650400546323 1927337.5000 -0.1955
-7.1805 78.0859 -50.7576 0.0000 1650400546351 1927366.2500 -0.1955
-7.4907 78.2841 -50.8332 0.0000 1650400546381 1927395.2500 -0.1955
-7.6907 78.3830 -50.8822 0.0000 1650400546410 1927424.2500 -0.1955
-7.7908 78.4020 -51.0141 0.0000 1650400546439 1927453.2500 -0.1955
-8.1162 78.7798 -50.9291 0.0000 1650400546468 1927482.2500 -0.1955
-7.9330 78.8972 -51.0942 0.0000 1650400546497 1927511.2500 -0.1955
-7.8842 78.6522 -51.4452 0.0000 1650400546526 1927540.2500 -0.1955
-8.2981 78.8194 -51.4608 0.0000 1650400546555 1927569.2500 -0.1955
-8.5738 78.9903 -51.3915 0.0000 1650400546584 1927598.2500 -0.1955
-8.2548 78.7588 -51.7331 0.0000 1650400546612 1927627.2500 -0.1955
-8.2806 78.5432 -51.7715 0.0000 1650400546641 1927658.7500 -0.1955
-8.3370 78.5296 -51.7253 0.0000 1650400546670 1927685.0000 -0.1957
-8.4814 78.5724 -51.6129 0.0000 1650400546699 1927714.0000 -0.1960
-8.2970 78.2604 -51.9419 0.0000 1650400546728 1927743.0000 -0.1960
-8.5457 78.4567 -51.6970 0.0000 1650400546757 1927772.0000 -0.1960
-8.5399 78.5947 -51.6292 0.0000 1650400546787 1927800.7500 -0.1960
-8.5188 78.4534 -51.4420 0.0000 1650400546816 1927829.7500 -0.1960
-8.6589 78.5204 -51.0802 0.0000 1650400546845 1927858.7500 -0.1961
-8.8312 78.8146 -50.6314 0.0000 1650400546873 1927887.7500 -0.1965
-8.6577 78.7126 -50.5427 0.0000 1650400546903 1927918.0000 -0.1965
-8.5727 78.4195 -50.6370 0.0000 1650400546931 1927945.7500 -0.1960
-8.3591 78.0709 -50.7462 0.0000 1650400546960 1927977.7500 -0.1959
-8.5420 78.1573 -50.2916 0.0000 1650400546989 1928003.5000 -0.1960
-8.7171 78.3030 -49.9320 0.0000 1650400547018 1928032.7500 -0.1960
-8.3865 78.1724 -49.7579 0.0000 1650400547047 1928061.7500 -0.1960
-8.0997 78.1485 -49.3247 0.0000 1650400547076 1928090.7500 -0.1960
-8.4120 78.1776 -48.9528 0.0000 1650400547105 1928119.7500 -0.1960
-8.3085 78.0633 -48.6331 0.0000 1650400547134 1928148.7500 -0.1960
-8.0854 77.9629 -48.3055 0.0000 1650400547163 1928177.7500 -0.1960
-8.1046 78.3738 -47.6725 0.0000 1650400547192 1928206.7500 -0.1960
-8.1207 78.1930 -47.2334 0.0000 1650400547222 1928235.7500 -0.1955
-8.1450 78.2889 -46.7168 0.0000 1650400547250 1928264.7500 -0.1955
-7.5519 77.9969 -46.4767 0.0000 1650400547279 1928293.7500 -0.1955
-7.7826 78.1872 -45.7155 0.0000 1650400547308 1928322.7500 -0.1955
-7.8337 78.1095 -45.1449 0.0000 1650400547337 1928351.7500 -0.1955
-7.5064 78.0762 -44.9139 0.0000 1650400547366 1928380.7500 -0.1955
-7.7658 78.2398 -43.9613 0.0000 1650400547395 1928409.0000 -0.1955
-7.7495 78.2761 -43.4509 0.0000 1650400547424 1928441.5000 -0.1955
-7.5202 78.1661 -42.8509 0.0000 1650400547453 1928467.2500 -0.1957
-7.2798 77.8359 -42.5497 0.0000 1650400547482 1928496.2500 -0.1960
-7.5894 78.1433 -41.6587 0.0000 1650400547510 1928525.2500 -0.1960
-7.1855 78.0521 -41.2642 0.0000 1650400547540 1928554.2500 -0.1960
-7.6458 78.4725 -40.2565 0.0000 1650400547569 1928583.2500 -0.1960
-7.3671 78.0718 -39.8325 0.0000 1650400547598 1928612.2500 -0.1960
-7.1420 78.0277 -39.1954 0.0000 1650400547627 1928641.2500 -0.1960
-7.2398 78.1280 -38.4020 0.0000 1650400547656 1928673.0000 -0.1965
-7.2388 78.1871 -37.7631 0.0000 1650400547685 1928699.0000 -0.1965
-7.1783 78.1704 -36.8601 0.0000 1650400547714 1928728.2500 -0.1965
-7.1002 78.1487 -36.2978 0.0000 1650400547743 1928758.5000 -0.1965
-7.1312 78.2471 -35.6017 0.0000 1650400547771 1928786.2500 -0.1960
-7.0355 78.1078 -34.8781 0.0000 1650400547801 1928815.0000 -0.1960
-6.9859 78.2624 -34.3536 0.0000 1650400547829 1928844.0000 -0.1965
-7.1303 78.3169 -33.4906 0.0000 1650400547858 1928873.0000 -0.1965
-6.9112 77.9758 -33.0095 0.0000 1650400547887 1928902.0000 -0.1960
-7.0542 78.4436 -32.0984 0.0000 1650400547916 1928930.7500 -0.1960
-7.1067 78.3777 -31.3961 0.0000 1650400547946 1928959.7500 -0.1960
-6.9489 78.1706 -31.1098 0.0000 1650400547975 1928988.7500 -0.1960
-7.0289 78.4348 -30.4405 0.0000 1650400548004 1929017.7500 -0.1960
-6.9754 78.4310 -29.5205 0.0000 1650400548033 1929046.7500 -0.1960
-6.7146 78.3751 -29.6984 0.0000 1650400548062 1929075.7500 -0.1960
-6.6115 78.5940 -29.8426 0.0000 1650400548090 1929104.7500 -0.1960
-6.4844 78.5236 -29.8792 0.0000 1650400548119 1929133.7500 -0.1957
-6.6428 78.7193 -29.6903 0.0000 1650400548148 1929162.7500 -0.1955
-6.6976 78.9145 -29.6943 0.0000 1650400548177 1929194.5000 -0.1955
-6.6229 78.8757 -29.8026 0.0000 1650400548206 1929220.5000 -0.1955
-6.4361 78.7756 -29.8564 0.0000 1650400548235 1929249.7500 -0.1955
-6.4142 78.8195 -29.9462 0.0000 1650400548264 1929278.7500 -0.1955
-6.4655 78.7589 -29.7066 0.0000 1650400548293 1929307.7500 -0.1955
-6.4122 78.9093 -29.8715 0.0000 1650400548322 1929336.7500 -0.1955
-6.2763 78.8157 -29.9042 0.0000 1650400548351 1929365.7500 -0.1957
-6.3399 78.8509 -29.7383 0.0000 1650400548381 1929394.7500 -0.1960
-6.2932 79.0251 -29.8039 0.0000 1650400548409 1929425.0000 -0.1960
-6.3857 79.0063 -29.8953 0.0000 1650400548438 1929454.7500 -0.1960
-6.1936 78.9394 -29.8898 0.0000 1650400548467 1929481.7500 -0.1961
-6.3669 78.9824 -29.6055 0.0000 1650400548496 1929510.5000 -0.1965
-6.1642 78.8255 -30.0122 0.0000 1650400548525 1929539.2500 -0.1965
-6.2379 78.8089 -29.8241 0.0000 1650400548554 1929568.5000 -0.1965
-6.2203 78.7752 -29.7943 0.0000 1650400548583 1929597.2500 -0.1965
-6.2196 78.8252 -29.7257 0.0000 1650400548612 1929626.2500 -0.1965
-6.2853 78.8420 -29.7230 0.0000 1650400548641 1929655.2500 -0.1965
-6.3372 78.9768 -29.5969 0.0000 1650400548669 1929684.2500 -0.1965
-6.4153 78.9855 -29.6336 0.0000 1650400548699 1929713.2500 -0.1965
-6.2232 78.7566 -29.7528 0.0000 1650400548728 1929742.2500 -0.1965
-6.1460 78.6406 -29.8312 0.0000 1650400548757 1929771.2500 -0.1965
-6.0758 78.6437 -29.7559 0.0000 1650400548786 1929800.2500 -0.1960
-6.3052 78.6674 -29.6559 0.0000 1650400548815 1929829.2500 -0.1960
-6.1646 78.5850 -29.8367 0.0000 1650400548844 1929858.2500 -0.1965
-6.3867 78.8279 -29.7691 0.0000 1650400548873 1929887.2500 -0.1965
-6.2099 78.6276 -29.7540 0.0000 1650400548902 1929916.0000 -0.1960
-6.1224 78.6166 -29.8174 0.0000 1650400548930 1929946.5000 -0.1960
-6.3487 78.5986 -29.6281 0.0000 1650400548960 1929976.5000 -0.1960
-6.0019 78.4565 -29.9425 0.0000 1650400548988 1930003.0000 -0.1960
-6.0727 78.5976 -29.7497 0.0000 1650400549017 1930032.0000 -0.1963
-6.2247 78.6042 -29.6314 0.0000 1650400549046 1930060.7500 -0.1960
-6.0433 78.4598 -29.8246 0.0000 1650400549075 1930089.7500 -0.1960
-6.1659 78.5477 -29.5994 0.0000 1650400549104 1930118.7500 -0.1960
-6.3376 78.7571 -29.5977 0.0000 1650400549134 1930147.7500 -0.1960
-6.3278 78.6455 -29.5505 0.0000 1650400549163 1930176.7500 -0.1960
-6.3278 78.7960 -29.6338 0.0000 1650400549192 1930208.5000 -0.1960
-6.3501 78.5463 -29.5283 0.0000 1650400549221 1930234.2500 -0.1960
-6.4074 78.6283 -29.5874 0.0000 1650400549249 1930263.7500 -0.1961
-6.3605 78.6062 -29.4618 0.0000 1650400549279 1930295.2500 -0.1965
-6.1507 78.4930 -29.7607 0.0000 1650400549307 1930321.7500 -0.1965
-6.4147 78.4815 -29.5530 0.0000 1650400549336 1930350.7500 -0.1965
-6.3719 78.5376 -29.7243 0.0000 1650400549365 1930379.7500 -0.1965
-6.3715 78.4288 -30.1917 0.0000 1650400549394 1930408.7500 -0.1965
-6.8147 78.0575 -30.8675 0.0000 1650400549423 1930437.7500 -0.1965
-6.8484 78.3591 -31.4659 0.0000 1650400549452 1930466.7500 -0.1960
-6.5372 77.9412 -32.4934 0.0000 1650400549481 1930495.7500 -0.1961
-6.9579 78.1805 -32.8670 0.0000 1650400549510 1930524.7500 -0.1965
-6.8244 78.4176 -33.7532 0.0000 1650400549540 1930553.7500 -0.1965
-6.9003 78.1135 -34.2633 0.0000 1650400549568 1930582.7500 -0.1960
-7.3445 78.2257 -34.9989 0.0000 1650400549597 1930611.7500 -0.1960
-7.0192 78.4137 -35.6428 0.0000 1650400549626 1930640.5000 -0.1960
-7.4333 78.3492 -36.1550 0.0000 1650400549655 1930669.5000 -0.1960
-7.1598 78.4204 -37.1624 0.0000 1650400549684 1930698.2500 -0.1960
-7.0984 78.1090 -37.7212 0.0000 1650400549713 1930730.0000 -0.1960
-7.4124 78.1152 -38.5197 0.0000 1650400549742 1930757.2500 -0.1960
-7.1787 78.2332 -39.2328 0.0000 1650400549771 1930785.2500 -0.1960
-7.3300 78.1375 -39.6255 0.0000 1650400549800 1930815.5000 -0.1955
-7.2613 78.1773 -40.6890 0.0000 1650400549828 1930843.2500 -0.1955
-7.3855 78.3610 -40.9397 0.0000 1650400549858 1930872.2500 -0.1955
-7.5819 78.4623 -41.4501 0.0000 1650400549887 1930901.2500 -0.1955
-7.4755 78.5526 -42.3162 0.0000 1650400549916 1930930.2500 -0.1955
-7.5753 78.5757 -42.5203 0.0000 1650400549945 1930959.2500 -0.1955
-7.1908 78.2703 -43.8844 0.0000 1650400549974 1930989.0000 -0.1955
-7.3814 78.4163 -44.2267 0.0000 1650400550003 1931017.2500 -0.1955
-7.9696 79.0020 -44.0274 0.0000 1650400550032 1931047.5000 -0.1955
-7.6140 78.4473 -45.3936 0.0000 1650400550061 1931074.2500 -0.1955
-7.2561 78.1480 -46.1503 0.0000 1650400550090 1931104.0000 -0.1960
-7.8469 78.7044 -45.9193 0.0000 1650400550119 1931133.0000 -0.1960
-7.9656 78.9310 -46.6925 0.0000 1650400550147 1931161.7500 -0.1960
-7.8674 78.6425 -47.3836 0.0000 1650400550176 1931190.7500 -0.1960
-7.7545 78.6798 -47.6481 0.0000 1650400550205 1931219.7500 -0.1960
-8.0213 78.9420 -48.0395 0.0000 1650400550234 1931248.7500 -0.1960
-7.9230 78.6177 -48.7083 0.0000 1650400550263 1931277.7500 -0.1960
-8.0797 78.7968 -48.9181 0.0000 1650400550293 1931306.7500 -0.1960
-7.6221 78.4984 -49.5557 0.0000 1650400550322 1931335.7500 -0.1960
-7.5045 78.4724 -49.9096 0.0000 1650400550351 1931364.7500 -0.1960
-8.0890 78.7964 -50.0997 0.0000 1650400550380 1931393.7500 -0.1960
-7.6682 78.1520 -50.9755 0.0000 1650400550408 1931422.7500 -0.1960
-7.7046 78.4682 -50.7848 0.0000 1650400550438 1931451.7500 -0.1960
-7.6977 78.3976 -50.9854 0.0000 1650400550466 1931482.2500 -0.1960
-7.3065 78.0281 -51.6352 0.0000 1650400550495 1931510.5000 -0.1960
-7.9320 78.5643 -51.2555 0.0000 1650400550524 1931538.7500 -0.1955
-7.9258 78.5477 -51.5549 0.0000 1650400550553 1931567.7500 -0.1955
-8.2075 78.8138 -51.5092 0.0000 1650400550582 1931596.7500 -0.1955
-8.2501 78.6986 -51.6905 0.0000 1650400550611 1931625.7500 -0.1955
-8.2598 78.5397 -51.7262 0.0000 1650400550640 1931654.7500 -0.1955
-8.0855 78.1552 -51.9981 0.0000 1650400550669 1931683.7500 -0.1955
-8.1921 78.1855 -51.9553 0.0000 1650400550699 1931712.7500 -0.1955
-8.3427 78.2727 -51.8590 0.0000 1650400550727 1931742.2500 -0.1955
-8.3071 78.3363 -51.8323 0.0000 1650400550757 1931773.5000 -0.1957
-8.1939 78.0841 -51.9406 0.0000 1650400550785 1931799.5000 -0.1960
-8.4997 78.4216 -51.5665 0.0000 1650400550814 1931829.5000 -0.1958
-8.5398 78.3771 -51.3744 0.0000 1650400550843 1931857.2500 -0.1955
-8.6546 78.5220 -51.0359 0.0000 1650400550872 1931886.2500 -0.1957
-8.7212 78.7177 -50.6192 0.0000 1650400550901 1931915.2500 -0.1960
-8.3398 78.4187 -50.7330 0.0000 1650400550930 1931944.2500 -0.1960
-8.3837 78.4530 -50.5178 0.0000 1650400550959 1931973.2500 -0.1960
-8.4728 78.2387 -50.4543 0.0000 1650400550987 1932002.2500 -0.1960
-8.4018 78.1686 -50.1703 0.0000 1650400551017 1932031.2500 -0.1960
-8.4940 78.2534 -49.9169 0.0000 1650400551046 1932060.2500 -0.1960
-8.2522 78.4403 -49.4747 0.0000 1650400551075 1932089.2500 -0.1960
-8.2734 78.4028 -49.2052 0.0000 1650400551104 1932118.2500 -0.1960
-8.2809 78.1002 -49.0710 0.0000 1650400551133 1932147.2500 -0.1965
-8.2869 78.0383 -48.6884 0.0000 1650400551162 1932176.0000 -0.1965
-8.1873 78.3353 -48.0978 0.0000 1650400551191 1932205.0000 -0.1965
-7.7490 78.0275 -47.8053 0.0000 1650400551220 1932234.0000 -0.1965
-8.1347 78.3283 -47.0745 0.0000 1650400551249 1932264.2500 -0.1960
-8.0538 78.0201 -46.9376 0.0000 1650400551278 1932293.0000 -0.1960
-7.8502 78.0936 -46.1569 0.0000 1650400551306 1932320.7500 -0.1960
-8.1637 78.3906 -45.4348 0.0000 1650400551336 1932349.7500 -0.1960
-7.8777 78.0892 -45.1029 0.0000 1650400551364 1932378.7500 -0.1955
-7.4738 77.8877 -44.7340 0.0000 1650400551393 1932407.7500 -0.1955
-7.6722 78.0730 -43.9702 0.0000 1650400551422 1932436.7500 -0.1955
-7.6538 78.1544 -43.3474 0.0000 1650400551452 1932465.7500 -0.1955
-7.3453 78.0653 -42.8390 0.0000 1650400551481 1932494.7500 -0.1950
-7.6328 78.1609 -41.9879 0.0000 1650400551510 1932526.5000 -0.1950
-7.4577 78.0157 -41.5279 0.0000 1650400551539 1932552.5000 -0.1952
-7.4364 78.1748 -40.8278 0.0000 1650400551568 1932581.7500 -0.1955
-7.4058 78.0961 -40.1867 0.0000 1650400551597 1932613.5000 -0.1955
-7.2603 78.0072 -39.7477 0.0000 1650400551625 1932639.7500 -0.1955
-7.3724 78.2824 -38.7445 0.0000 1650400551654 1932668.7500 -0.1955
-7.4074 78.1305 -38.1142 0.0000 1650400551683 1932697.7500 -0.1955
-7.1433 78.0239 -37.6659 0.0000 1650400551712 1932726.7500 -0.1955
-7.2641 78.1953 -36.6902 0.0000 1650400551741 1932755.7500 -0.1955
-7.1859 78.1898 -36.1760 0.0000 1650400551770 1932784.7500 -0.1957
-7.1057 78.0752 -35.4593 0.0000 1650400551799 1932813.7500 -0.1960
-7.2322 78.2219 -34.7253 0.0000 1650400551828 1932842.7500 -0.1960
-7.2058 78.3178 -34.1284 0.0000 1650400551858 1932871.5000 -0.1960
-7.1731 78.2193 -33.1961 0.0000 1650400551886 1932900.5000 -0.1960
-6.9652 78.1111 -32.8515 0.0000 1650400551916 1932929.2500 -0.1960
-6.9774 78.3874 -32.0898 0.0000 1650400551944 1932958.2500 -0.1960
-7.0113 78.2953 -31.1884 0.0000 1650400551973 1932987.2500 -0.1960
-6.7836 78.2574 -30.8780 0.0000 1650400552002 1933016.2500 -0.1960
-7.0751 78.3583 -30.0622 0.0000 1650400552031 1933047.7500 -0.1960
-6.9893 78.3539 -29.5063 0.0000 1650400552060 1933074.0000 -0.1960
-6.9790 78.5501 -29.6548 0.0000 1650400552089 1933103.2500 -0.1960
-6.5153 78.6017 -29.7839 0.0000 1650400552118 1933132.2500 -0.1960
-6.6035 78.5353 -29.8835 0.0000 1650400552147 1933161.2500 -0.1960
-6.7341 78.8047 -29.7341 0.0000 1650400552176 1933190.2500 -0.1960
-6.7583 78.8411 -29.5754 0.0000 1650400552205 1933219.2500 -0.1955
-6.6550 78.7990 -29.7100 0.0000 1650400552234 1933248.2500 -0.1955
-6.7852 79.0381 -29.6545 0.0000 1650400552263 1933276.7500 -0.1955
-6.8088 79.2355 -29.4712 0.0000 1650400552292 1933307.0000 -0.1955
-6.3111 78.9830 -29.9361 0.0000 1650400552321 1933335.0000 -0.1955
-6.5383 78.9916 -29.7804 0.0000 1650400552350 1933365.2500 -0.1955
-6.2838 78.9975 -29.6464 0.0000 1650400552379 1933392.5000 -0.1955
-6.5508 79.3423 -29.6864 0.0000 1650400552408 1933421.7500 -0.1955
-6.4445 78.9704 -29.7777 0.0000 1650400552437 1933450.7500 -0.1955
-6.4755 79.1483 -29.5682 0.0000 1650400552465 1933479.7500 -0.1955
-6.5496 79.2569 -29.4349 0.0000 1650400552495 1933508.7500 -0.1955
-6.2993 79.0014 -29.6317 0.0000 1650400552523 1933537.7500 -0.1955
-6.2719 79.0452 -29.7137 0.0000 1650400552552 1933566.7500 -0.1957
-6.0428 78.8772 -29.9081 0.0000 1650400552581 1933595.7500 -0.1960
-6.2793 79.0827 -29.5330 0.0000 1650400552611 1933624.7500 -0.1960
-6.2385 79.1073 -29.5603 0.0000 1650400552640 1933653.7500 -0.1960
-5.9759 78.9514 -29.9300 0.0000 1650400552669 1933682.7500 -0.1960
-6.1869 78.8800 -29.7862 0.0000 1650400552698 1933711.7500 -0.1960
-6.3224 79.1691 -29.5522 0.0000 1650400552727 1933740.7500 -0.1960
-6.3300 78.8847 -29.5331 0.0000 1650400552756 1933769.7500 -0.1960
-6.3444 79.0267 -29.5189 0.0000 1650400552784 1933799.7500 -0.1960
-6.3068 79.0648 -29.5374 0.0000 1650400552813 1933827.2500 -0.1960
-6.0370 78.9540 -29.7998 0.0000 1650400552842 1933856.7500 -0.1960
-6.2426 78.9610 -29.6109 0.0000 1650400552871 1933885.7500 -0.1960
-6.2973 78.9691 -29.5660 0.0000 1650400552900 1933914.7500 -0.1960
-6.3292 78.8942 -29.5001 0.0000 1650400552929 1933943.7500 -0.1960
-6.4013 78.9899 -29.5363 0.0000 1650400552958 1933972.5000 -0.1960
-6.2203 78.9016 -29.7096 0.0000 1650400552987 1934001.5000 -0.1955
-6.2646 78.8421 -29.5628 0.0000 1650400553017 1934030.5000 -0.1955
-6.3640 78.9617 -29.4926 0.0000 1650400553045 1934060.5000 -0.1955
-6.2058 78.7903 -29.6873 0.0000 1650400553075 1934089.7500 -0.1955
-6.2382 78.9078 -29.6164 0.0000 1650400553103 1934117.2500 -0.1955
-6.2672 78.7644 -29.5908 0.0000 1650400553132 1934147.5000 -0.1955
-6.2924 78.7941 -29.5964 0.0000 1650400553161 1934175.2500 -0.1955
-6.3401 78.8223 -29.5386 0.0000 1650400553190 1934204.2500 -0.1955
-6.2669 78.7988 -29.6348 0.0000 1650400553219 1934233.2500 -0.1956
-6.3104 78.7648 -29.5149 0.0000 1650400553248 1934262.2500 -0.1955
-6.4587 78.9798 -29.5088 0.0000 1650400553277 1934291.2500 -0.1955
-6.3415 78.8385 -29.6329 0.0000 1650400553306 1934320.2500 -0.1955
-6.4710 78.9342 -29.4302 0.0000 1650400553335 1934349.2500 -0.1955
-6.5282 78.9171 -29.4048 0.0000 1650400553364 1934378.2500 -0.1955
-6.5134 78.8812 -29.6238 0.0000 1650400553394 1934407.0000 -0.1955
-6.5224 78.4665 -30.2118 0.0000 1650400553422 1934436.0000 -0.1955
-7.3332 78.2987 -30.5934 0.0000 1650400553451 1934465.0000 -0.1956
-6.8724 78.5492 -31.6847 0.0000 1650400553480 1934493.7500 -0.1960
-6.7366 78.1946 -32.2985 0.0000 1650400553509 1934522.7500 -0.1960
-6.9732 78.1631 -33.2021 0.0000 1650400553538 1934551.7500 -0.1960
-6.8991 78.5772 -33.7831 0.0000 1650400553567 1934582.0000 -0.1960
-7.0682 78.1722 -34.3697 0.0000 1650400553596 1934609.5000 -0.1960
-7.2785 78.4876 -35.0872 0.0000 1650400553624 1934638.7500 -0.1960
-6.8988 78.0062 -36.0196 0.0000 1650400553654 1934667.7500 -0.1960
-7.4224 78.3446 -36.4214 0.0000 1650400553682 1934696.7500 -0.1960
-7.1916 78.3430 -37.3254 0.0000 1650400553711 1934725.7500 -0.1960
-7.1600 78.1731 -37.8575 0.0000 1650400553740 1934754.7500 -0.1960
-7.4372 78.1919 -38.8098 0.0000 1650400553770 1934783.7500 -0.1960
-7.3163 78.2240 -39.1564 0.0000 1650400553799 1934812.7500 -0.1960
-7.0937 78.0135 -40.1868 0.0000 1650400553828 1934844.0000 -0.1960
-7.2157 78.2270 -40.8581 0.0000 1650400553857 1934870.7500 -0.1960
-7.5087 78.4570 -40.9360 0.0000 1650400553886 1934901.2500 -0.1960
-7.3945 78.2060 -42.1864 0.0000 1650400553915 1934928.5000 -0.1960
-7.0196 78.0655 -42.8237 0.0000 1650400553943 1934957.7500 -0.1955
-7.5942 78.5894 -42.7457 0.0000 1650400553973 1934986.7500 -0.1955
-7.4490 78.2481 -44.0642 0.0000 1650400554001 1935015.7500 -0.1955
-7.7619 78.6525 -44.0038 0.0000 1650400554030 1935044.7500 -0.1955
-7.6778 78.7441 -44.3936 0.0000 1650400554059 1935073.5000 -0.1950
-7.5140 78.3871 -45.5276 0.0000 1650400554088 1935102.5000 -0.1950
-7.7975 78.6158 -45.7219 0.0000 1650400554117 1935131.5000 -0.1951
-7.9278 78.8660 -45.9458 0.0000 1650400554146 1935160.2500 -0.1955
-7.3541 78.1635 -47.5592 0.0000 1650400554176 1935189.2500 -0.1950
-7.7963 78.5996 -47.5614 0.0000 1650400554205 1935218.2500 -0.1950
-7.7823 78.7987 -47.6944 0.0000 1650400554234 1935247.2500 -0.1951
-7.8894 78.5785 -48.3688 0.0000 1650400554262 1935276.2500 -0.1955
-7.9374 78.6664 -48.9697 0.0000 1650400554291 1935305.2500 -0.1960
-7.5437 78.2223 -49.4217 0.0000 1650400554320 1935335.7500 -0.1960
-7.8051 78.5278 -49.4449 0.0000 1650400554349 1935365.7500 -0.1958
-7.5106 78.3224 -50.2847 0.0000 1650400554378 1935392.2500 -0.1955
-7.9643 78.7146 -50.2089 0.0000 1650400554407 1935421.2500 -0.1955
-8.0513 78.4505 -50.6212 0.0000 1650400554436 1935450.2500 -0.1960
-7.5813 78.2438 -51.0049 0.0000 1650400554465 1935479.2500 -0.1960
-7.6711 78.3047 -51.1656 0.0000 1650400554494 1935508.0000 -0.1960
-7.6035 78.3083 -51.4080 0.0000 1650400554523 1935537.0000 -0.1960
-7.8130 78.5771 -51.3077 0.0000 1650400554553 1935566.0000 -0.1955
-8.0189 78.5470 -51.4777 0.0000 1650400554581 1935596.2500 -0.1955
-7.8910 78.6092 -51.6442 0.0000 1650400554610 1935625.0000 -0.1955
-7.9110 78.5260 -51.9017 0.0000 1650400554639 1935652.7500 -0.1955
-8.1278 78.3592 -51.9217 0.0000 1650400554668 1935684.7500 -0.1955
-8.0656 78.2647 -51.8640 0.0000 1650400554697 1935710.7500 -0.1955
-8.3339 78.3652 -51.7474 0.0000 1650400554726 1935739.7500 -0.1950
-8.1323 78.1512 -52.0406 0.0000 1650400554755 1935768.7500 -0.1950
-8.1219 78.0887 -52.0016 0.0000 1650400554784 1935797.7500 -0.1950
-8.3458 78.1439 -51.8537 0.0000 1650400554813 1935826.7500 -0.1950
-8.3411 78.3673 -51.5075 0.0000 1650400554841 1935855.7500 -0.1950
-8.5967 78.4744 -51.1948 0.0000 1650400554870 1935884.7500 -0.1950
-8.4879 78.4342 -51.1102 0.0000 1650400554899 1935913.7500 -0.1945
-8.4054 78.5284 -50.8121 0.0000 1650400554929 1935942.7500 -0.1945
-8.1161 78.2474 -50.8034 0.0000 1650400554958 1935971.7500 -0.1950
-8.4880 78.3315 -50.3728 0.0000 1650400554987 1936000.7500 -0.1950
-8.5205 78.2573 -50.2322 0.0000 1650400555016 1936029.7500 -0.1950
-8.4767 78.2696 -50.0217 0.0000 1650400555045 1936058.7500 -0.1950
-8.5345 78.4619 -49.5447 0.0000 1650400555074 1936087.7500 -0.1950
-8.3954 78.5146 -49.2279 0.0000 1650400555102 1936118.0000 -0.1950
-8.4303 78.4519 -48.9251 0.0000 1650400555132 1936145.0000 -0.1951
-8.3173 78.3338 -48.6987 0.0000 1650400555160 1936174.7500 -0.1955
-8.2935 78.1267 -48.4166 0.0000 1650400555189 1936203.5000 -0.1955
-7.9798 78.2236 -47.9572 0.0000 1650400555218 1936232.5000 -0.1955
-7.9908 78.0756 -47.5652 0.0000 1650400555247 1936261.2500 -0.1955
-7.9388 78.0784 -47.0326 0.0000 1650400555276 1936290.2500 -0.1955
-7.9173 78.0389 -46.6921 0.0000 1650400555305 1936319.2500 -0.1955
-7.7730 78.1832 -45.9241 0.0000 1650400555334 1936348.2500 -0.1960
-7.9535 78.0836 -45.3260 0.0000 1650400555364 1936379.5000 -0.1958
-7.7730 78.0054 -44.9196 0.0000 1650400555393 1936406.2500 -0.1955
-7.5463 78.1379 -44.3488 0.0000 1650400555421 1936435.2500 -0.1955
-7.7419 78.0636 -43.6201 0.0000 1650400555451 1936465.2500 -0.1960
-7.5770 78.1312 -43.1927 0.0000 1650400555479 1936493.2500 -0.1958
-7.3156 78.0355 -42.6479 0.0000 1650400555508 1936522.2500 -0.1955
-7.5809 78.1606 -41.7574 0.0000 1650400555537 1936551.2500 -0.1955
-7.5773 78.2642 -41.3586 0.0000 1650400555566 1936580.2500 -0.1955
-7.3989 78.1537 -40.5081 0.0000 1650400555595 1936609.0000 -0.1955
-7.6495 78.2724 -39.8669 0.0000 1650400555624 1936638.0000 -0.1955
-7.2257 78.0098 -39.4873 0.0000 1650400555653 1936667.0000 -0.1955
-7.4178 78.3531 -38.3796 0.0000 1650400555681 1936696.0000 -0.1950
-7.4414 78.2263 -37.7835 0.0000 1650400555711 1936724.7500 -0.1950
-7.3857 78.2313 -37.1737 0.0000 1650400555740 1936753.7500 -0.1955
-7.3311 78.1252 -36.5121 0.0000 1650400555770 1936782.7500 -0.1955
-7.4228 78.3104 -35.9373 0.0000 1650400555798 1936811.7500 -0.1950
-7.3359 78.3184 -35.0519 0.0000 1650400555827 1936840.7500 -0.1950
-7.1568 78.1786 -34.5615 0.0000 1650400555856 1936871.2500 -0.1955
-7.1106 78.3723 -33.9560 0.0000 1650400555885 1936899.5000 -0.1955
-7.2792 78.2300 -33.0948 0.0000 1650400555914 1936927.7500 -0.1955
-7.0448 78.1885 -32.7223 0.0000 1650400555943 1936956.7500 -0.1955
-7.1307 78.4303 -31.8494 0.0000 1650400555972 1936985.7500 -0.1955
-7.2550 78.3509 -31.0574 0.0000 1650400556000 1937014.7500 -0.1955
-7.0992 78.3026 -30.5750 0.0000 1650400556030 1937043.7500 -0.1956
-7.1523 78.3241 -29.8227 0.0000 1650400556058 1937072.7500 -0.1960
-6.9590 78.4515 -29.5195 0.0000 1650400556087 1937101.7500 -0.1960
-6.6110 78.2958 -29.7629 0.0000 1650400556117 1937131.7500 -0.1960
-6.6539 78.5328 -29.8051 0.0000 1650400556146 1937162.5000 -0.1961
-6.6430 78.6516 -29.6993 0.0000 1650400556175 1937188.7500 -0.1965
-6.8124 78.8547 -29.6264 0.0000 1650400556204 1937218.7500 -0.1965
-6.6890 78.7147 -29.8619 0.0000 1650400556233 1937246.7500 -0.1965
-6.6058 78.9284 -29.7643 0.0000 1650400556262 1937275.7500 -0.1965
-6.7651 78.8191 -29.7205 0.0000 1650400556291 1937304.5000 -0.1965
-6.6300 78.9313 -29.6712 0.0000 1650400556319 1937333.5000 -0.1965
-6.8912 79.0761 -29.4691 0.0000 1650400556348 1937362.5000 -0.1965
-6.6112 79.0464 -29.6989 0.0000 1650400556377 1937391.2500 -0.1965
-6.5429 79.2751 -29.6383 0.0000 1650400556406 1937420.2500 -0.1960
-6.5001 78.9620 -29.6737 0.0000 1650400556435 1937449.2500 -0.1960
-6.4866 79.1221 -29.5833 0.0000 1650400556464 1937478.2500 -0.1960
-6.5926 79.2317 -29.5566 0.0000 1650400556493 1937507.2500 -0.1960
-6.3892 78.9279 -29.7920 0.0000 1650400556523 1937536.2500 -0.1955
-6.5565 79.3273 -29.5372 0.0000 1650400556552 1937565.2500 -0.1955
-6.4734 79.0239 -29.6003 0.0000 1650400556580 1937594.2500 -0.1955
-6.5825 79.1795 -29.4473 0.0000 1650400556610 1937623.2500 -0.1955
-6.4094 79.0535 -29.6332 0.0000 1650400556638 1937653.5000 -0.1955
-6.5576 79.2939 -29.4817 0.0000 1650400556667 1937682.2500 -0.1955
-6.4055 78.9747 -29.4585 0.0000 1650400556696 1937710.2500 -0.1950
-6.5703 79.2164 -29.3855 0.0000 1650400556725 1937739.0000 -0.1950
-6.3938 79.0108 -29.6091 0.0000 1650400556754 1937768.0000 -0.1952
-6.5245 79.0127 -29.3804 0.0000 1650400556783 1937797.0000 -0.1955
-6.6165 79.2522 -29.3927 0.0000 1650400556812 1937825.7500 -0.1955
-6.2803 78.8772 -29.6177 0.0000 1650400556841 1937854.7500 -0.1955
-6.5788 79.3143 -29.3833 0.0000 1650400556870 1937883.7500 -0.1957
-6.4010 78.9766 -29.5247 0.0000 1650400556899 1937915.5000 -0.1960
-6.6405 79.0454 -29.5471 0.0000 1650400556928 1937941.5000 -0.1960
-6.4682 78.9480 -29.4422 0.0000 1650400556957 1937970.7500 -0.1960
-6.6064 78.9888 -29.4047 0.0000 1650400556986 1938002.5000 -0.1960
-6.6394 78.9595 -29.3660 0.0000 1650400557015 1938028.7500 -0.1960
-6.4715 79.0244 -29.4671 0.0000 1650400557044 1938057.7500 -0.1960
-6.4510 78.7764 -29.3338 0.0000 1650400557073 1938086.7500 -0.1960
-6.5728 78.7737 -29.3065 0.0000 1650400557102 1938115.7500 -0.1960
-6.4230 78.8340 -29.3784 0.0000 1650400557131 1938144.7500 -0.1960
-6.5233 78.9743 -29.3982 0.0000 1650400557159 1938173.7500 -0.1960
-6.3216 78.7333 -29.4938 0.0000 1650400557189 1938202.7500 -0.1960
-6.5090 78.5735 -29.3689 0.0000 1650400557217 1938231.7500 -0.1960
-6.5820 78.7860 -29.2227 0.0000 1650400557246 1938260.7500 -0.1960
-6.6519 78.6965 -29.3061 0.0000 1650400557276 1938289.7500 -0.1960
-6.5752 78.7238 -29.3397 0.0000 1650400557305 1938318.7500 -0.1955
-6.6507 78.7655 -29.3244 0.0000 1650400557334 1938347.7500 -0.1955
-6.6205 78.8328 -29.3478 0.0000 1650400557363 1938376.7500 -0.1955
-6.7383 78.8352 -29.2000 0.0000 1650400557392 1938405.7500 -0.1955
-6.8471 78.9430 -29.5213 0.0000 1650400557421 1938437.0000 -0.1955
-6.6585 78.3250 -30.1518 0.0000 1650400557450 1938463.2500 -0.1955
-7.0386 78.2248 -30.8040 0.0000 1650400557478 1938492.2500 -0.1955
-6.5404 78.4108 -32.0629 0.0000 1650400557508 1938521.2500 -0.1955
-6.9981 78.2488 -32.2825 0.0000 1650400557536 1938550.2500 -0.1955
-7.0885 78.1669 -33.1536 0.0000 1650400557565 1938579.2500 -0.1955
-6.9101 78.5194 -33.8380 0.0000 1650400557594 1938608.2500 -0.1955
-7.3072 78.2760 -34.4397 0.0000 1650400557623 1938637.2500 -0.1955
-7.0819 78.3890 -35.3668 0.0000 1650400557652 1938669.2500 -0.1957
-7.2657 78.2912 -35.7622 0.0000 1650400557682 1938696.2500 -0.1960
-7.5703 78.3549 -36.5361 0.0000 1650400557711 1938724.2500 -0.1960
-7.3774 78.5118 -37.2994 0.0000 1650400557740 1938753.2500 -0.1960
-7.3946 78.3519 -37.7392 0.0000 1650400557769 1938782.0000 -0.1960
-7.2800 78.2645 -39.0071 0.0000 1650400557797 1938811.2500 -0.1960
-7.3198 78.2690 -39.2599 0.0000 1650400557826 1938840.0000 -0.1960
-7.6303 78.4250 -39.8994 0.0000 1650400557855 1938869.0000 -0.1960
-7.2288 78.2188 -40.8927 0.0000 1650400557884 1938898.0000 -0.1961
-7.4812 78.5194 -40.9942 0.0000 1650400557913 1938927.0000 -0.1965
-7.4629 78.3254 -42.0833 0.0000 1650400557942 1938955.7500 -0.1965
-7.5737 78.5115 -42.3682 0.0000 1650400557971 1938984.7500 -0.1965
-7.5636 78.4338 -43.0022 0.0000 1650400558000 1939013.7500 -0.1965
-7.3207 78.3084 -43.9345 0.0000 1650400558029 1939042.7500 -0.1965
-7.6432 78.6927 -44.0297 0.0000 1650400558058 1939071.7500 -0.1965
-7.3713 78.3569 -44.8874 0.0000 1650400558088 1939100.7500 -0.1965
-7.6842 78.5629 -45.5531 0.0000 1650400558116 1939129.7500 -0.1965
-7.6652 78.4611 -45.8353 0.0000 1650400558145 1939158.7500 -0.1965
-7.7583 78.5960 -46.3692 0.0000 1650400558174 1939188.7500 -0.1965
-7.8131 78.6168 -47.2144 0.0000 1650400558203 1939219.5000 -0.1960
-7.7749 78.5829 -47.5925 0.0000 1650400558232 1939245.7500 -0.1960
-7.6290 78.4984 -48.1575 0.0000 1650400558261 1939274.7500 -0.1960
-7.8026 78.5238 -48.7836 0.0000 1650400558290 1939303.7500 -0.1960
-8.0349 78.6498 -48.9693 0.0000 1650400558319 1939332.7500 -0.1957
-7.4358 78.1367 -49.5895 0.0000 1650400558348 1939361.7500 -0.1955
-8.0471 78.6763 -49.3745 0.0000 1650400558376 1939390.7500 -0.1960
-7.5525 78.4007 -50.3292 0.0000 1650400558405 1939419.7500 -0.1960
-7.9939 78.5599 -50.4803 0.0000 1650400558435 1939451.2500 -0.1957
-7.5523 78.0776 -51.0357 0.0000 1650400558464 1939479.0000 -0.1955
-7.9574 78.4676 -50.8198 0.0000 1650400558493 1939506.7500 -0.1960
-7.5736 78.1090 -51.4492 0.0000 1650400558522 1939537.0000 -0.1960
-7.7562 78.3034 -51.3488 0.0000 1650400558551 1939564.5000 -0.1960
-7.7960 78.3369 -51.5477 0.0000 1650400558580 1939593.5000 -0.1960
-7.8829 78.4862 -51.6294 0.0000 1650400558609 1939622.2500 -0.1960
-8.0413 78.5120 -51.7542 0.0000 1650400558637 1939651.2500 -0.1960
-8.0121 78.4139 -51.8502 0.0000 1650400558667 1939680.2500 -0.1960
-8.0450 78.2698 -51.9923 0.0000 1650400558695 1939709.2500 -0.1960
-8.1911 78.2170 -52.0633 0.0000 1650400558724 1939738.2500 -0.1960
-8.2879 78.1506 -51.9511 0.0000 1650400558753 1939767.2500 -0.1960
-8.3888 78.2995 -51.8597 0.0000 1650400558782 1939796.2500 -0.1960
-8.4710 78.3933 -51.7332 0.0000 1650400558811 1939825.2500 -0.1960
-8.2771 78.0875 -51.8969 0.0000 1650400558841 1939854.2500 -0.1960
-8.3226 78.1769 -51.5874 0.0000 1650400558870 1939883.2500 -0.1960
-8.4968 78.3345 -51.2656 0.0000 1650400558899 1939912.2500 -0.1960
-8.7239 78.6676 -50.7514 0.0000 1650400558928 1939941.2500 -0.1960
-8.4033 78.3904 -50.8126 0.0000 1650400558956 1939972.5000 -0.1960
-8.3462 78.2734 -50.7107 0.0000 1650400558986 1939998.7500 -0.1955
-8.4453 78.1286 -50.5412 0.0000 1650400559014 1940028.0000 -0.1955
-8.5223 78.2438 -50.1957 0.0000 1650400559043 1940056.7500 -0.1955
-8.4865 78.2850 -49.9962 0.0000 1650400559072 1940085.7500 -0.1955
-8.3323 78.3490 -49.5690 0.0000 1650400559101 1940114.7500 -0.1955
-8.1709 78.2830 -49.2727 0.0000 1650400559130 1940143.7500 -0.1955
-8.4068 78.2930 -48.9085 0.0000 1650400559159 1940172.7500 -0.1955
-8.2728 78.0941 -48.6809 0.0000 1650400559188 1940203.2500 -0.1955
-8.2873 78.0958 -48.3895 0.0000 1650400559217 1940231.5000 -0.1954
-7.9337 78.0095 -47.9363 0.0000 1650400559247 1940259.7500 -0.1950
-8.0602 78.2166 -47.3667 0.0000 1650400559275 1940290.2500 -0.1950
-8.0085 78.0246 -46.9241 0.0000 1650400559304 1940319.0000 -0.1950
-7.6765 77.7771 -46.7067 0.0000 1650400559333 1940346.7500 -0.1950
-7.5534 77.9293 -46.1000 0.0000 1650400559362 1940375.7500 -0.1950
-7.9147 78.0898 -45.3322 0.0000 1650400559391 1940404.7500 -0.1955
-7.7396 78.0135 -44.8192 0.0000 1650400559420 1940433.7500 -0.1955
-7.6577 78.2177 -44.1078 0.0000 1650400559449 1940462.7500 -0.1955
-7.8380 78.1257 -43.5256 0.0000 1650400559478 1940491.7500 -0.1955
-7.6423 78.1343 -43.1544 0.0000 1650400559507 1940520.7500 -0.1955
-7.6274 78.0605 -42.4655 0.0000 1650400559535 1940549.7500 -0.1955
-7.8070 78.2272 -41.8154 0.0000 1650400559565 1940578.7500 -0.1955
-7.5347 78.0970 -41.3332 0.0000 1650400559594 1940607.7500 -0.1955
-7.4681 77.9766 -40.6896 0.0000 1650400559623 1940636.7500 -0.1955
-7.5954 78.1661 -39.7463 0.0000 1650400559651 1940665.5000 -0.1955
-7.2634 78.1333 -39.3184 0.0000 1650400559681 1940694.5000 -0.1955
-7.2915 78.1471 -38.5249 0.0000 1650400559710 1940724.7500 -0.1955
-7.3819 78.1676 -37.8343 0.0000 1650400559739 1940753.0000 -0.1955
-7.2430 78.0904 -36.9899 0.0000 1650400559768 1940781.2500 -0.1955
-7.4246 78.2499 -36.1866 0.0000 1650400559797 1940810.2500 -0.1955
-7.3281 78.1898 -35.6389 0.0000 1650400559826 1940839.2500 -0.1950
-7.2102 78.1608 -34.8822 0.0000 1650400559854 1940868.2500 -0.1950
-7.2084 78.2726 -34.3644 0.0000 1650400559883 1940897.2500 -0.1950
-7.3188 78.3487 -33.6449 0.0000 1650400559912 1940926.2500 -0.1950
-7.0955 78.3355 -32.8160 0.0000 1650400559941 1940955.2500 -0.1950
-6.7473 78.0091 -32.7276 0.0000 1650400559970 1940985.5000 -0.1950
-7.0060 78.3344 -31.7271 0.0000 1650400559999 1941014.2500 -0.1945
-6.9052 78.1652 -31.1222 0.0000 1650400560029 1941042.2500 -0.1945
-7.0030 78.2847 -30.5054 0.0000 1650400560058 1941072.5000 -0.1950
-6.9930 78.3223 -29.7564 0.0000 1650400560087 1941100.0000 -0.1950
-6.9018 78.2866 -29.5541 0.0000 1650400560115 1941129.0000 -0.1950
-6.6290 78.5247 -29.7245 0.0000 1650400560145 1941158.0000 -0.1950
-6.6156 78.5439 -29.8241 0.0000 1650400560173 1941186.7500 -0.1950
-6.6277 78.7784 -29.6021 0.0000 1650400560202 1941215.7500 -0.1950
-6.5412 78.7362 -29.8104 0.0000 1650400560231 1941244.7500 -0.1951
-6.7444 78.9909 -29.8737 0.0000 1650400560260 1941273.7500 -0.1955
-6.7634 78.9094 -29.6083 0.0000 1650400560289 1941302.7500 -0.1955
-6.7134 79.0159 -29.6892 0.0000 1650400560318 1941331.7500 -0.1955
-6.7035 79.0049 -29.5932 0.0000 1650400560347 1941360.7500 -0.1955
-6.7195 79.1939 -29.6222 0.0000 1650400560376 1941389.7500 -0.1955
-6.7934 79.1036 -29.4966 0.0000 1650400560406 1941418.7500 -0.1955
-6.8480 79.1644 -29.3897 0.0000 1650400560434 1941447.7500 -0.1955
-6.6437 79.2447 -29.4737 0.0000 1650400560463 1941476.7500 -0.1955
-6.5632 79.1299 -29.6516 0.0000 1650400560492 1941507.0000 -0.1955
-6.8374 79.2888 -29.4307 0.0000 1650400560521 1941536.0000 -0.1955
-6.8559 79.0777 -29.3775 0.0000 1650400560550 1941563.7500 -0.1955
-6.5086 79.0400 -29.6019 0.0000 1650400560579 1941592.7500 -0.1955
-6.5716 79.1137 -29.5314 0.0000 1650400560608 1941621.5000 -0.1955
-6.7475 79.0152 -29.3411 0.0000 1650400560637 1941650.7500 -0.1955
-6.3245 79.0912 -29.6618 0.0000 1650400560666 1941679.7500 -0.1950
-6.4993 79.0465 -29.4822 0.0000 1650400560694 1941708.7500 -0.1950
-6.6581 79.0636 -29.3207 0.0000 1650400560724 1941737.7500 -0.1950
-6.4980 79.0324 -29.4251 0.0000 1650400560752 1941769.0000 -0.1950
-6.4993 79.0798 -29.5608 0.0000 1650400560782 1941795.5000 -0.1950
-6.5631 79.1441 -29.4341 0.0000 1650400560811 1941824.5000 -0.1950
-6.5607 78.9311 -29.4499 0.0000 1650400560840 1941853.0000 -0.1945
-6.4552 78.9385 -29.5616 0.0000 1650400560869 1941882.2500 -0.1945
-6.7650 78.9174 -29.1730 0.0000 1650400560898 1941911.2500 -0.1950
-6.4053 79.0048 -29.5027 0.0000 1650400560927 1941940.2500 -0.1950
-6.3651 78.9104 -29.5959 0.0000 1650400560956 1941969.2500 -0.1950
-6.6905 78.9610 -29.3110 0.0000 1650400560985 1941998.2500 -0.1950
-6.7932 78.9031 -29.0416 0.0000 1650400561013 1942027.2500 -0.1950
-6.4288 78.7394 -29.3635 0.0000 1650400561043 1942056.2500 -0.1950
-6.5956 78.9323 -29.2261 0.0000 1650400561071 1942085.2500 -0.1952
-6.6136 78.8987 -29.2188 0.0000 1650400561100 1942114.2500 -0.1955
-6.5237 78.8906 -29.4258 0.0000 1650400561129 1942143.2500 -0.1955
-6.3864 78.7622 -29.3487 0.0000 1650400561159 1942172.2500 -0.1955
-6.5362 78.7532 -29.4217 0.0000 1650400561188 1942201.0000 -0.1955
-6.5584 78.7845 -29.2536 0.0000 1650400561217 1942230.0000 -0.1955
-6.6544 78.6698 -29.2384 0.0000 1650400561246 1942260.5000 -0.1955
-6.5213 78.5846 -29.3767 0.0000 1650400561274 1942289.0000 -0.1955
-6.8095 78.7476 -29.0995 0.0000 1650400561304 1942316.7500 -0.1955
-6.6582 78.8368 -29.2767 0.0000 1650400561332 1942345.7500 -0.1955
-6.7376 78.6538 -29.2739 0.0000 1650400561361 1942374.7500 -0.1955
-6.7204 78.6343 -29.3015 0.0000 1650400561390 1942403.7500 -0.1955
-6.4987 78.5361 -29.4774 0.0000 1650400561419 1942432.7500 -0.1955
-6.4735 78.4879 -29.8713 0.0000 1650400561448 1942461.7500 -0.1955
-6.7800 77.9983 -30.4907 0.0000 1650400561477 1942490.7500 -0.1955
-7.1840 78.1751 -30.9909 0.0000 1650400561506 1942520.7500 -0.1955
-6.4824 78.2189 -32.1443 0.0000 1650400561535 1942551.5000 -0.1955
-7.0653 78.2213 -32.4293 0.0000 1650400561564 1942577.7500 -0.1950
-7.0916 78.3654 -33.2675 0.0000 1650400561593 1942607.7500 -0.1950
-6.7592 78.2660 -34.1030 0.0000 1650400561623 1942635.7500 -0.1950
-7.4493 78.3142 -34.5507 0.0000 1650400561651 1942664.7500 -0.1950
-7.0164 78.4034 -35.4750 0.0000 1650400561680 1942693.7500 -0.1950
-7.4093 78.3264 -35.7454 0.0000 1650400561709 1942722.7500 -0.1950
-7.3307 78.3275 -36.8887 0.0000 1650400561738 1942751.7500 -0.1950
-7.1461 78.2856 -37.5887 0.0000 1650400561767 1942780.7500 -0.1950
-7.4829 78.3030 -37.8761 0.0000 1650400561796 1942809.7500 -0.1950
-7.3044 78.3701 -39.0550 0.0000 1650400561825 1942838.7500 -0.1950
-7.3932 78.2687 -39.2463 0.0000 1650400561854 1942867.7500 -0.1952
-7.3960 78.1690 -40.3195 0.0000 1650400561883 1942896.5000 -0.1955
-7.4635 78.4190 -40.8185 0.0000 1650400561911 1942925.5000 -0.1955
-7.9144 78.5301 -41.0005 0.0000 1650400561941 1942954.2500 -0.1955
-7.6502 78.3475 -42.1621 0.0000 1650400561970 1942983.2500 -0.1955
-7.6363 78.3453 -42.5772 0.0000 1650400561999 1943012.2500 -0.1955
-7.4536 78.2334 -43.4439 0.0000 1650400562028 1943042.5000 -0.1955
-7.4268 78.3618 -44.1630 0.0000 1650400562057 1943071.5000 -0.1955
-7.8270 78.6634 -43.9819 0.0000 1650400562086 1943099.2500 -0.1957
-7.5393 78.4909 -45.1197 0.0000 1650400562115 1943128.2500 -0.1960
-7.4163 78.2730 -46.0490 0.0000 1650400562144 1943157.2500 -0.1958
-7.4843 78.3408 -46.1012 0.0000 1650400562172 1943186.2500 -0.1955
-7.8363 78.7366 -46.5859 0.0000 1650400562202 1943215.2500 -0.1955
-7.7308 78.5593 -47.3823 0.0000 1650400562230 1943244.2500 -0.1960
-7.9106 78.6893 -47.4865 0.0000 1650400562259 1943273.2500 -0.1960
-7.8735 78.7187 -47.9541 0.0000 1650400562288 1943306.2500 -0.1955
-7.6047 78.4304 -48.9842 0.0000 1650400562318 1943330.7500 -0.1955
-7.7974 78.4819 -49.1241 0.0000 1650400562347 1943360.0000 -0.1955
-7.3903 78.2477 -49.5954 0.0000 1650400562376 1943391.5000 -0.1955
-7.8588 78.5906 -49.6173 0.0000 1650400562405 1943419.0000 -0.1950
-7.6479 78.3687 -50.3153 0.0000 1650400562434 1943446.7500 -0.1950
-7.3651 78.0097 -50.9931 0.0000 1650400562463 1943475.7500 -0.1955
-7.7220 78.3288 -50.9693 0.0000 1650400562491 1943504.7500 -0.1955
-7.8350 78.5441 -50.8351 0.0000 1650400562520 1943533.7500 -0.1955
-7.5067 78.2852 -51.2917 0.0000 1650400562549 1943562.7500 -0.1955
-7.8089 78.4038 -51.3447 0.0000 1650400562578 1943591.7500 -0.1950
-7.8318 78.3041 -51.5438 0.0000 1650400562607 1943620.7500 -0.1950
-7.8364 78.5434 -51.6579 0.0000 1650400562636 1943649.7500 -0.1950
-8.0940 78.5228 -51.7525 0.0000 1650400562665 1943678.7500 -0.1950
-8.3111 78.5891 -51.7419 0.0000 1650400562694 1943707.7500 -0.1950
-8.2780 78.3923 -51.8438 0.0000 1650400562724 1943736.7500 -0.1950
-8.1683 78.1621 -52.0704 0.0000 1650400562752 1943765.7500 -0.1950
-8.3150 78.2065 -51.8294 0.0000 1650400562782 1943794.7500 -0.1950
-8.2935 78.2158 -51.8842 0.0000 1650400562810 1943827.7500 -0.1950
-8.3479 78.1429 -51.8811 0.0000 1650400562839 1943852.2500 -0.1955
-8.3553 78.1925 -51.8384 0.0000 1650400562868 1943881.7500 -0.1955
-8.4884 78.2070 -51.5660 0.0000 1650400562897 1943910.7500 -0.1955
-8.4183 78.2395 -51.3372 0.0000 1650400562926 1943939.7500 -0.1955
-8.4843 78.5045 -50.8467 0.0000 1650400562955 1943968.7500 -0.1955
-8.4778 78.6228 -50.4939 0.0000 1650400562984 1943997.5000 -0.1955
-8.5252 78.4185 -50.4970 0.0000 1650400563013 1944026.5000 -0.1955
-8.5017 78.2427 -50.3490 0.0000 1650400563042 1944058.2500 -0.1955
-8.4801 78.1759 -50.1917 0.0000 1650400563070 1944085.2500 -0.1950
-8.5020 78.0900 -50.0500 0.0000 1650400563100 1944113.2500 -0.1950
-8.3946 78.3428 -49.6070 0.0000 1650400563129 1944142.2500 -0.1950
-8.2735 78.3362 -49.1583 0.0000 1650400563158 1944171.0000 -0.1950
-8.2653 78.0544 -49.0298 0.0000 1650400563187 1944200.2500 -0.1950
-8.2682 78.2220 -48.5269 0.0000 1650400563216 1944229.2500 -0.1950
-8.0702 78.1248 -48.2496 0.0000 1650400563245 1944258.2500 -0.1950
-7.9904 78.2081 -47.6418 0.0000 1650400563274 1944287.2500 -0.1950
-8.1415 78.1407 -47.3037 0.0000 1650400563303 1944316.2500 -0.1950
-8.0808 78.0308 -46.8809 0.0000 1650400563331 1944345.2500 -0.1950
-7.6532 77.8779 -46.4480 0.0000 1650400563361 1944374.2500 -0.1950
-7.8405 78.1873 -45.6067 0.0000 1650400563389 1944403.2500 -0.1950
-7.7281 77.9139 -45.1740 0.0000 1650400563418 1944432.0000 -0.1950
-7.5187 78.0720 -44.7669 0.0000 1650400563447 1944461.0000 -0.1950
-7.2282 77.7554 -44.3744 0.0000 1650400563477 1944490.0000 -0.1945
-7.8584 78.1490 -43.3172 0.0000 1650400563506 1944518.7500 -0.1945
-7.4742 77.8039 -43.1337 0.0000 1650400563535 1944547.7500 -0.1947
-7.7116 78.1986 -42.0796 0.0000 1650400563564 1944576.5000 -0.1950
-7.9554 78.2204 -41.5031 0.0000 1650400563593 1944605.5000 -0.1950
-7.3260 77.9173 -41.2984 0.0000 1650400563622 1944634.7500 -0.1950
-7.5311 78.1559 -40.2543 0.0000 1650400563650 1944663.7500 -0.1950
-7.5412 78.0499 -39.7488 0.0000 1650400563680 1944692.7500 -0.1950
-7.4545 78.0514 -38.8013 0.0000 1650400563708 1944721.7500 -0.1950
-7.4671 78.3783 -38.2001 0.0000 1650400563737 1944750.7500 -0.1950
-7.3966 78.1610 -37.6593 0.0000 1650400563766 1944779.7500 -0.1950
-7.3813 78.3316 -36.7411 0.0000 1650400563795 1944808.7500 -0.1950
-7.4458 78.2949 -36.1027 0.0000 1650400563824 1944840.5000 -0.1950
-7.2145 78.2400 -35.6144 0.0000 1650400563853 1944868.0000 -0.1950
-7.2130 78.1591 -34.7450 0.0000 1650400563882 1944895.7500 -0.1950
-7.1899 78.3409 -34.3444 0.0000 1650400563912 1944924.5000 -0.1950
-7.1255 78.1758 -33.3664 0.0000 1650400563941 1944953.7500 -0.1950
-6.8733 77.8946 -33.0551 0.0000 1650400563969 1944982.7500 -0.1950
-7.2269 78.5346 -32.2737 0.0000 1650400563998 1945011.7500 -0.1950
-7.1718 78.2900 -31.3686 0.0000 1650400564027 1945040.7500 -0.1950
-6.8201 78.0727 -31.1736 0.0000 1650400564056 1945069.7500 -0.1950
-7.1452 78.3111 -30.2815 0.0000 1650400564085 1945098.5000 -0.1950
-6.8070 78.1714 -29.7431 0.0000 1650400564114 1945127.5000 -0.1950
-6.7973 78.4972 -29.6956 0.0000 1650400564143 1945156.5000 -0.1945
-6.6397 78.5382 -29.8454 0.0000 1650400564172 1945185.2500 -0.1945
-6.5999 78.4800 -29.7913 0.0000 1650400564201 1945214.2500 -0.1945
-6.3085 78.4470 -29.9319 0.0000 1650400564229 1945243.2500 -0.1945
-6.7609 78.8578 -29.4898 0.0000 1650400564259 1945272.2500 -0.1945
-6.7447 79.0008 -29.6617 0.0000 1650400564288 1945301.2500 -0.1945
-6.7515 78.9286 -29.7981 0.0000 1650400564317 1945330.2500 -0.1946
-6.4678 78.9728 -29.7079 0.0000 1650400564346 1945362.0000 -0.1950
-6.5885 78.9314 -29.6951 0.0000 1650400564375 1945388.0000 -0.1945
-6.4220 78.9056 -29.7951 0.0000 1650400564404 1945417.2500 -0.1945
-6.6489 79.1648 -29.5677 0.0000 1650400564433 1945447.7500 -0.1946
-6.7059 79.1068 -29.3975 0.0000 1650400564462 1945475.0000 -0.1950
-6.6834 79.3376 -29.5419 0.0000 1650400564491 1945504.2500 -0.1950
-6.4449 78.9641 -29.7306 0.0000 1650400564520 1945533.0000 -0.1950
-6.5754 79.3850 -29.5841 0.0000 1650400564548 1945562.0000 -0.1950
-6.5472 79.1523 -29.5979 0.0000 1650400564577 1945592.5000 -0.1950
-6.3826 79.0600 -29.7729 0.0000 1650400564606 1945619.2500 -0.1950
-6.7405 79.2092 -29.4780 0.0000 1650400564636 1945648.7500 -0.1950
-6.6599 79.0658 -29.3781 0.0000 1650400564665 1945679.2500 -0.1950
-6.4972 78.8775 -29.6202 0.0000 1650400564694 1945708.0000 -0.1950
-6.6870 79.1683 -29.3969 0.0000 1650400564723 1945735.7500 -0.1950
-6.5137 78.9035 -29.4367 0.0000 1650400564752 1945764.7500 -0.1950
-6.6465 79.0475 -29.4376 0.0000 1650400564781 1945793.7500 -0.1950
-6.4158 78.9634 -29.4501 0.0000 1650400564809 1945822.7500 -0.1950
-6.4138 79.1896 -29.5199 0.0000 1650400564839 1945851.7500 -0.1950
-6.6437 78.8981 -29.3882 0.0000 1650400564867 1945880.7500 -0.1950
-6.4951 78.9861 -29.5025 0.0000 1650400564896 1945909.7500 -0.1950
-6.3346 78.8617 -29.6107 0.0000 1650400564925 1945938.7500 -0.1945
-6.6994 78.8183 -29.3915 0.0000 1650400564954 1945967.7500 -0.1945
-6.4232 78.9570 -29.6030 0.0000 1650400564983 1945996.7500 -0.1945
-6.4533 78.7949 -29.5041 0.0000 1650400565012 1946025.7500 -0.1945
-6.5880 78.6905 -29.3686 0.0000 1650400565041 1946054.7500 -0.1945
-6.6613 78.7746 -29.3507 0.0000 1650400565071 1946083.7500 -0.1945
-6.4781 78.7306 -29.5684 0.0000 1650400565100 1946112.7500 -0.1945
-6.5753 78.6932 -29.5463 0.0000 1650400565128 1946143.7500 -0.1945
-6.5051 78.8085 -29.5429 0.0000 1650400565157 1946170.7500 -0.1940
-6.6759 78.8138 -29.4904 0.0000 1650400565186 1946199.7500 -0.1940
-6.4080 78.7976 -29.6424 0.0000 1650400565215 1946228.5000 -0.1940
-6.4897 78.8778 -29.4304 0.0000 1650400565244 1946257.5000 -0.1940
-6.5091 78.6382 -29.5212 0.0000 1650400565273 1946286.2500 -0.1945
-6.4544 78.7913 -29.6242 0.0000 1650400565302 1946315.2500 -0.1945
-6.5487 78.8367 -29.5694 0.0000 1650400565331 1946344.2500 -0.1944
-6.6320 78.6919 -29.4217 0.0000 1650400565360 1946376.0000 -0.1940
-6.5745 78.7870 -29.5113 0.0000 1650400565388 1946401.7500 -0.1945
-6.7016 78.7679 -29.3484 0.0000 1650400565418 1946431.2500 -0.1945
-6.6960 78.6973 -29.4961 0.0000 1650400565447 1946461.2500 -0.1945
-6.6599 78.5734 -29.9908 0.0000 1650400565476 1946489.2500 -0.1945
-6.9373 78.1361 -30.6005 0.0000 1650400565505 1946518.2500 -0.1945
-7.3077 78.2697 -31.0947 0.0000 1650400565534 1946547.2500 -0.1945
-6.6921 78.2980 -32.1647 0.0000 1650400565563 1946576.2500 -0.1945
-7.1321 78.1956 -32.5507 0.0000 1650400565592 1946605.2500 -0.1945
-7.0647 78.6997 -33.3016 0.0000 1650400565621 1946634.0000 -0.1945
-7.1759 78.3192 -33.9361 0.0000 1650400565650 1946663.0000 -0.1945
-7.5018 78.2869 -34.6961 0.0000 1650400565679 1946692.0000 -0.1944
-7.2381 78.5973 -35.4407 0.0000 1650400565707 1946721.0000 -0.1940
-7.3494 78.3278 -36.1135 0.0000 1650400565737 1946749.7500 -0.1940
-7.2092 78.4006 -37.0750 0.0000 1650400565765 1946778.7500 -0.1940
-7.2347 78.2314 -37.5002 0.0000 1650400565794 1946807.7500 -0.1940
-7.5785 78.2158 -38.2520 0.0000 1650400565823 1946836.7500 -0.1935
-7.0989 78.2420 -39.1827 0.0000 1650400565853 1946865.7500 -0.1935
-7.5040 78.4758 -39.2905 0.0000 1650400565882 1946897.5000 -0.1940
-7.5174 78.2629 -40.5078 0.0000 1650400565911 1946923.5000 -0.1940
-7.4506 78.1286 -40.9538 0.0000 1650400565940 1946952.7500 -0.1950
-7.6532 78.3920 -41.4259 0.0000 1650400565969 1946981.7500 -0.1960
-7.1778 78.2828 -42.6015 0.0000 1650400565998 1947010.7500 -0.1974
-7.6697 78.6778 -42.3425 0.0000 1650400566026 1947039.7500 -0.1974
-7.4632 78.1873 -43.6296 0.0000 1650400566055 1947068.7500 -0.1979
-7.6127 78.5560 -43.9182 0.0000 1650400566084 1947097.7500 -0.1984
-7.7442 78.5687 -44.3077 0.0000 1650400566113 1947126.7500 -0.1989
-7.4852 78.2929 -45.3909 0.0000 1650400566142 1947159.7500 -0.1989
-7.6841 78.3730 -45.8044 0.0000 1650400566171 1947184.2500 -0.1991
-7.7095 78.5205 -46.0132 0.0000 1650400566200 1947213.7500 -0.1994
-7.6007 78.4200 -47.0113 0.0000 1650400566230 1947242.5000 -0.1995
-7.8884 78.7559 -47.3108 0.0000 1650400566259 1947271.7500 -0.1999
-7.7358 78.7628 -47.7192 0.0000 1650400566287 1947302.0000 -0.1999
-7.6382 78.4635 -48.4564 0.0000 1650400566317 1947329.7500 -0.1999
-7.7215 78.3500 -49.0663 0.0000 1650400566345 1947358.5000 -0.1999
-7.5380 78.2207 -49.4248 0.0000 1650400566374 1947387.5000 -0.1999
-7.5901 78.1958 -49.7114 0.0000 1650400566403 1947416.2500 -0.1999
-7.5976 78.4690 -50.0055 0.0000 1650400566432 1947445.2500 -0.1999
-7.6011 78.2725 -50.4979 0.0000 1650400566461 1947474.2500 -0.1999
-7.7487 78.3345 -50.7495 0.0000 1650400566490 1947503.2500 -0.1999
-7.7398 78.2472 -50.9580 0.0000 1650400566519 1947532.2500 -0.1999
-7.5295 78.3025 -51.0875 0.0000 1650400566548 1947561.2500 -0.1999
-7.6878 78.1894 -51.3460 0.0000 1650400566577 1947590.2500 -0.1998
-7.7745 78.4855 -51.3142 0.0000 1650400566606 1947619.2500 -0.1994
-7.9237 78.5606 -51.4096 0.0000 1650400566635 1947648.2500 -0.1994
-7.6595 78.3772 -51.8280 0.0000 1650400566664 1947679.5000 -0.1994
-7.9697 78.3300 -52.0119 0.0000 1650400566693 1947706.2500 -0.1994
-8.2498 78.3988 -51.9636 0.0000 1650400566722 1947735.2500 -0.1994
-8.1801 78.4287 -51.8445 0.0000 1650400566751 1947764.0000 -0.1994
-8.2300 78.3553 -51.8521 0.0000 1650400566780 1947793.0000 -0.1994
-8.1977 78.2196 -51.8908 0.0000 1650400566809 1947822.0000 -0.1994
-8.3021 78.1515 -51.8684 0.0000 1650400566838 1947850.7500 -0.1994
-8.2845 78.2608 -51.9080 0.0000 1650400566866 1947879.7500 -0.1994
-8.3230 78.1359 -51.8385 0.0000 1650400566896 1947910.2500 -0.1994
-8.4625 78.3332 -51.3402 0.0000 1650400566924 1947940.5000 -0.1994
-8.6355 78.4998 -50.9832 0.0000 1650400566953 1947966.7500 -0.1994
-8.4053 78.3496 -50.8606 0.0000 1650400566983 1947997.2500 -0.1994
-8.3596 78.4104 -50.7465 0.0000 1650400567012 1948024.7500 -0.1995
-8.5629 78.4328 -50.4920 0.0000 1650400567041 1948053.7500 -0.1999
-8.3981 78.2432 -50.3698 0.0000 1650400567070 1948082.7500 -0.1999
-8.4514 78.1817 -50.1678 0.0000 1650400567099 1948111.7500 -0.1999
-8.3401 78.0100 -50.0675 0.0000 1650400567128 1948140.7500 -0.1999
-8.4179 78.4976 -49.1742 0.0000 1650400567157 1948169.7500 -0.1999
-8.1890 78.2407 -49.1631 0.0000 1650400567185 1948198.7500 -0.1999
-8.2855 78.2268 -48.8608 0.0000 1650400567214 1948229.0000 -0.1999
-8.1941 78.0184 -48.5507 0.0000 1650400567243 1948256.7500 -0.1999
-7.9558 77.9535 -48.3280 0.0000 1650400567272 1948285.7500 -0.1999
-7.9760 78.1619 -47.6550 0.0000 1650400567301 1948314.7500 -0.1999
-8.0662 78.1367 -47.0935 0.0000 1650400567330 1948343.7500 -0.1994
-7.9589 77.9674 -46.6951 0.0000 1650400567359 1948372.7500 -0.1994
-7.6657 77.9115 -46.1379 0.0000 1650400567389 1948401.7500 -0.1994
-7.7482 77.9688 -45.5756 0.0000 1650400567418 1948431.7500 -0.1994
-7.8591 78.0904 -45.0991 0.0000 1650400567446 1948462.5000 -0.1994
-7.5848 77.9722 -44.6123 0.0000 1650400567476 1948488.5000 -0.1994
-7.7425 78.0956 -43.8408 0.0000 1650400567504 1948517.5000 -0.1994
-7.6481 77.9640 -43.3826 0.0000 1650400567533 1948546.2500 -0.1994
-7.5369 78.1658 -42.8652 0.0000 1650400567562 1948575.2500 -0.1989
-7.7092 78.2570 -42.0245 0.0000 1650400567591 1948604.2500 -0.1989
-7.5436 77.9961 -41.6545 0.0000 1650400567620 1948633.2500 -0.1989
-7.3393 77.9794 -40.8736 0.0000 1650400567649 1948662.2500 -0.1989
-7.4775 78.2606 -40.2116 0.0000 1650400567678 1948693.7500 -0.1989
-7.5630 78.1235 -39.4685 0.0000 1650400567707 1948720.0000 -0.1989
-7.2636 78.0896 -38.7652 0.0000 1650400567736 1948749.2500 -0.1989
-7.3420 78.1891 -38.1394 0.0000 1650400567765 1948779.0000 -0.1989
-7.1230 78.1413 -37.6512 0.0000 1650400567795 1948807.2500 -0.1989
-7.2932 78.2079 -36.7542 0.0000 1650400567823 1948836.2500 -0.1989
-7.2614 78.2421 -36.1886 0.0000 1650400567852 1948865.0000 -0.1991
-7.2462 78.2990 -35.3108 0.0000 1650400567881 1948894.0000 -0.1994
-7.1122 78.2222 -34.6515 0.0000 1650400567910 1948923.0000 -0.1994
-7.1844 78.4159 -34.0547 0.0000 1650400567939 1948952.0000 -0.1994
-7.0286 78.2184 -33.3775 0.0000 1650400567968 1948980.7500 -0.1994
-6.7207 77.9142 -32.9599 0.0000 1650400567997 1949009.7500 -0.1994
-6.9554 78.2886 -32.1411 0.0000 1650400568026 1949038.7500 -0.1994
-6.8864 78.1717 -31.5444 0.0000 1650400568055 1949067.7500 -0.1994
-6.9149 78.1842 -31.1361 0.0000 1650400568083 1949096.7500 -0.1994
-6.9463 78.1913 -30.2942 0.0000 1650400568112 1949125.7500 -0.1994
-6.9452 78.2168 -29.6189 0.0000 1650400568142 1949154.7500 -0.1994
-6.7162 78.2631 -29.8031 0.0000 1650400568171 1949183.7500 -0.1994
-6.5102 78.3545 -30.0112 0.0000 1650400568200 1949213.5000 -0.1994
-6.5315 78.5219 -30.0080 0.0000 1650400568229 1949241.5000 -0.1994
-6.9017 78.8995 -29.5648 0.0000 1650400568258 1949270.7500 -0.1994
-6.7976 78.8161 -29.7711 0.0000 1650400568287 1949299.7500 -0.1989
-6.6632 78.9975 -29.8469 0.0000 1650400568316 1949328.7500 -0.1989
-6.7393 79.0977 -29.6768 0.0000 1650400568344 1949357.7500 -0.1989
-6.6845 78.9704 -29.7813 0.0000 1650400568374 1949386.7500 -0.1989
-6.7773 79.1816 -29.6023 0.0000 1650400568402 1949415.7500 -0.1984
-6.6968 79.1837 -29.7252 0.0000 1650400568432 1949446.0000 -0.1984
-6.7325 79.4117 -29.5400 0.0000 1650400568460 1949474.5000 -0.1984
-6.6093 79.2517 -29.6770 0.0000 1650400568489 1949502.7500 -0.1984
-6.5059 78.8695 -29.5796 0.0000 1650400568518 1949531.7500 -0.1984
-6.6397 79.3794 -29.5679 0.0000 1650400568548 1949560.2500 -0.1984
-6.5377 79.1640 -29.6762 0.0000 1650400568577 1949589.5000 -0.1989
-6.5654 79.2134 -29.6279 0.0000 1650400568606 1949618.5000 -0.1989
-6.4910 79.2658 -29.6562 0.0000 1650400568635 1949647.2500 -0.1989
-6.4166 78.9175 -29.6762 0.0000 1650400568663 1949676.2500 -0.1989
-6.5788 79.2072 -29.7387 0.0000 1650400568692 1949705.2500 -0.1989
-6.4307 78.9654 -29.6020 0.0000 1650400568721 1949734.2500 -0.1989
-6.6117 78.9976 -29.5928 0.0000 1650400568750 1949763.2500 -0.1989
-6.4789 79.0197 -29.8650 0.0000 1650400568779 1949792.2500 -0.1989
-6.3417 78.9246 -29.7633 0.0000 1650400568808 1949821.2500 -0.1989
-6.7051 79.1906 -29.4105 0.0000 1650400568837 1949850.2500 -0.1994
-6.3988 78.9157 -29.5944 0.0000 1650400568866 1949879.2500 -0.1994
-6.3550 78.9367 -29.8176 0.0000 1650400568895 1949908.2500 -0.1994
-6.5520 79.0184 -29.6293 0.0000 1650400568924 1949937.2500 -0.1994
-6.6482 78.8823 -29.5887 0.0000 1650400568954 1949967.5000 -0.1994
-6.3758 79.0005 -29.7733 0.0000 1650400568982 1949996.0000 -0.1994
-6.4497 78.7979 -29.7190 0.0000 1650400569011 1950024.0000 -0.1994
-6.5417 78.8671 -29.6747 0.0000 1650400569040 1950053.0000 -0.1994
-6.4556 78.8721 -29.7811 0.0000 1650400569069 1950081.7500 -0.1994
-6.3645 78.8745 -29.7795 0.0000 1650400569098 1950110.7500 -0.1994
-6.6293 78.7378 -29.4616 0.0000 1650400569127 1950139.7500 -0.1994
-6.3990 78.7138 -29.7603 0.0000 1650400569156 1950168.7500 -0.1994
-6.4924 78.5571 -29.5533 0.0000 1650400569185 1950197.7500 -0.1989
-6.4485 78.6435 -29.6962 0.0000 1650400569214 1950226.5000 -0.1989
-6.7525 78.6417 -29.5099 0.0000 1650400569242 1950257.0000 -0.1989
-6.4643 78.5776 -29.5882 0.0000 1650400569272 1950284.7500 -0.1989
-6.6120 78.7377 -29.4832 0.0000 1650400569300 1950315.0000 -0.1989
-6.7354 78.8086 -29.3891 0.0000 1650400569330 1950342.7500 -0.1989
-6.6835 78.6622 -29.4098 0.0000 1650400569359 1950371.7500 -0.1989
-6.6481 78.7532 -29.3681 0.0000 1650400569388 1950400.7500 -0.1989
-6.8212 78.6467 -29.2560 0.0000 1650400569417 1950429.7500 -0.1989
-6.5329 78.6754 -29.4414 0.0000 1650400569446 1950458.7500 -0.1989
-6.5686 78.6323 -29.6636 0.0000 1650400569475 1950487.7500 -0.1994
-6.9535 78.5081 -29.8211 0.0000 1650400569504 1950516.7500 -0.1994
-7.3091 78.2152 -30.5044 0.0000 1650400569533 1950545.7500 -0.1994
-7.1001 78.5244 -31.4008 0.0000 1650400569561 1950574.7500 -0.1994
-6.7604 78.3483 -32.0622 0.0000 1650400569590 1950603.7500 -0.1994
-7.2089 78.2436 -32.5995 0.0000 1650400569619 1950632.7500 -0.1994
-7.0651 78.8687 -33.4457 0.0000 1650400569648 1950661.7500 -0.1994
-7.3498 78.5261 -33.8788 0.0000 1650400569677 1950690.5000 -0.1994
-7.5174 78.5800 -34.7815 0.0000 1650400569706 1950719.5000 -0.1994
-7.1770 78.5444 -35.5516 0.0000 1650400569736 1950751.0000 -0.1994
-7.5251 78.1842 -36.2877 0.0000 1650400569765 1950776.7500 -0.1994
-7.1977 78.4374 -37.1699 0.0000 1650400569794 1950806.2500 -0.1994
-7.4979 78.4444 -37.4931 0.0000 1650400569822 1950835.2500 -0.1994
-7.5980 78.2542 -38.4650 0.0000 1650400569852 1950864.2500 -0.1994
-7.2739 78.2812 -39.1800 0.0000 1650400569880 1950893.2500 -0.1993
-7.6234 78.3318 -39.5461 0.0000 1650400569909 1950922.2500 -0.1989
-7.4362 78.1870 -40.7799 0.0000 1650400569938 1950951.2500 -0.1989
-7.4484 78.4560 -40.9406 0.0000 1650400569967 1950981.7500 -0.1989
-7.7475 78.3611 -41.8123 0.0000 1650400569996 1951011.7500 -0.1989
-7.6250 78.4514 -42.4156 0.0000 1650400570025 1951038.2500 -0.1984
-7.6923 78.5711 -42.6759 0.0000 1650400570054 1951068.7500 -0.1984
-7.7512 78.5538 -43.7307 0.0000 1650400570083 1951097.0000 -0.1984
-7.6546 78.4500 -44.1119 0.0000 1650400570113 1951125.0000 -0.1984
-7.7341 78.6358 -44.4414 0.0000 1650400570141 1951154.0000 -0.1984
-7.4722 78.3032 -45.5364 0.0000 1650400570170 1951183.0000 -0.1984
-7.3699 78.2978 -46.0707 0.0000 1650400570199 1951211.7500 -0.1984
-7.6279 78.3808 -46.3634 0.0000 1650400570228 1951240.7500 -0.1984
-7.8788 78.6221 -46.9388 0.0000 1650400570257 1951269.7500 -0.1984
-7.4778 78.4487 -47.6974 0.0000 1650400570286 1951298.7500 -0.1984
-8.1410 78.7994 -47.6408 0.0000 1650400570315 1951327.7500 -0.1984
-7.7565 78.6410 -48.2649 0.0000 1650400570344 1951356.7500 -0.1984
-7.6616 78.4108 -49.1292 0.0000 1650400570373 1951385.7500 -0.1989
-7.6075 78.3628 -49.4163 0.0000 1650400570401 1951414.7500 -0.1989
-7.6905 78.5178 -49.5575 0.0000 1650400570431 1951443.7500 -0.1989
-8.0225 78.6818 -49.8230 0.0000 1650400570459 1951472.7500 -0.1989
-7.5361 78.2688 -50.6309 0.0000 1650400570489 1951503.2500 -0.1991
-7.7968 78.4307 -50.6996 0.0000 1650400570518 1951529.7500 -0.1994
-7.6413 78.4332 -50.8313 0.0000 1650400570547 1951559.7500 -0.1993
-8.1466 78.5584 -50.8100 0.0000 1650400570576 1951588.7500 -0.1989
-7.7878 78.4021 -51.1965 0.0000 1650400570605 1951617.7500 -0.1989
-7.7048 78.4374 -51.4270 0.0000 1650400570634 1951646.7500 -0.1994
-8.1021 78.8671 -51.3141 0.0000 1650400570663 1951675.7500 -0.1994
-7.9322 78.6586 -51.6661 0.0000 1650400570692 1951704.7500 -0.1994
-7.9670 78.3826 -51.8751 0.0000 1650400570720 1951733.7500 -0.1994
-8.0246 78.2171 -52.1610 0.0000 1650400570749 1951765.2500 -0.1994
-8.3728 78.5338 -51.7798 0.0000 1650400570778 1951793.0000 -0.1994
-8.2409 78.3682 -51.8336 0.0000 1650400570807 1951820.5000 -0.1994
-8.2973 78.2250 -51.9779 0.0000 1650400570836 1951852.0000 -0.1994
-8.3012 78.1594 -51.8870 0.0000 1650400570866 1951878.2500 -0.1994
-8.6247 78.4763 -51.6035 0.0000 1650400570895 1951907.2500 -0.1994
-8.3808 78.2187 -51.7210 0.0000 1650400570924 1951936.2500 -0.1989
-8.5002 78.2469 -51.3379 0.0000 1650400570953 1951965.2500 -0.1989
-8.5844 78.4011 -51.0112 0.0000 1650400570981 1951994.2500 -0.1989
