-8.3715 78.9121 -28.2916 0.0000 1650400541107 1922122.2500 -0.1960
-8.4248 78.8806 -28.3566 0.0000 1650400541136 1922151.0000 -0.1960
-8.2262 78.9807 -28.2178 0.0000 1650400541165 1922180.0000 -0.1960
-8.3407 78.8650 -28.2954 0.0000 1650400541194 1922209.0000 -0.1960
-8.2933 78.9443 -28.2400 0.0000 1650400541223 1922237.7500 -0.1960
-8.2377 78.9585 -28.2423 0.0000 1650400541252 1922271.2500 -0.1960
-8.3915 78.8605 -28.3077 0.0000 1650400541280 1922295.5000 -0.1955
-8.2429 78.8728 -28.2174 0.0000 1650400541310 1922324.7500 -0.1955
-8.3231 78.8091 -28.3295 0.0000 1650400541339 1922353.7500 -0.1955
-8.2282 78.8325 -28.3001 0.0000 1650400541368 1922382.7500 -0.1955
-8.3038 78.9007 -28.2690 0.0000 1650400541397 1922411.7500 -0.1955
-8.2724 78.8167 -28.2593 0.0000 1650400541426 1922440.7500 -0.1955
-8.2735 78.7771 -28.3648 0.0000 1650400541455 1922469.7500 -0.1955
-8.2792 78.7831 -28.2897 0.0000 1650400541484 1922499.7500 -0.1955
-8.3364 78.8122 -28.3751 0.0000 1650400541513 1922530.5000 -0.1960
-8.2310 78.7765 -28.3451 0.0000 1650400541542 1922556.7500 -0.1960
-8.3676 78.7673 -28.3353 0.0000 1650400541571 1922588.7500 -0.1957
-8.3271 78.7412 -28.3566 0.0000 1650400541599 1922614.5000 -0.1955
-8.2551 78.8574 -28.2720 0.0000 1650400541629 1922643.7500 -0.1956
-8.3089 78.8078 -28.3112 0.0000 1650400541657 1922672.7500 -0.1960
-8.2836 78.8285 -28.2725 0.0000 1650400541686 1922701.7500 -0.1957
-8.3496 78.6480 -28.3770 0.0000 1650400541715 1922730.7500 -0.1955
-8.2730 78.7547 -28.2926 0.0000 1650400541745 1922759.7500 -0.1955
-8.3103 78.7226 -28.3619 0.0000 1650400541774 1922788.7500 -0.1955
-8.1784 78.9410 -28.1991 0.0000 1650400541803 1922817.7500 -0.1955
-8.2721 78.9060 -28.2712 0.0000 1650400541832 1922846.5000 -0.1960
-8.3810 78.7059 -28.3770 0.0000 1650400541861 1922875.5000 -0.1960
-8.4007 78.7149 -28.4541 0.0000 1650400541890 1922904.2500 -0.1955
-8.4003 78.7041 -28.4535 0.0000 1650400541918 1922933.2500 -0.1955
-8.2977 78.7761 -28.4060 0.0000 1650400541947 1922962.2500 -0.1955
-8.2573 78.8484 -28.3074 0.0000 1650400541976 1922991.2500 -0.1955
-8.2354 78.8259 -28.3461 0.0000 1650400542005 1923020.0000 -0.1955
-8.2436 78.7874 -28.4060 0.0000 1650400542034 1923052.0000 -0.1955
-8.2913 78.7836 -28.3580 0.0000 1650400542063 1923078.2500 -0.1955
-8.2172 78.7870 -28.2247 0.0000 1650400542092 1923107.2500 -0.1955
-8.1878 78.7386 -28.3111 0.0000 1650400542122 1923136.2500 -0.1955
-8.2463 78.8055 -28.3057 0.0000 1650400542151 1923165.2500 -0.1955
-8.2347 78.7575 -28.2879 0.0000 1650400542179 1923194.2500 -0.1955
-8.3267 78.7632 -28.4121 0.0000 1650400542209 1923223.2500 -0.1955
-8.2347 78.6571 -28.4858 0.0000 1650400542237 1923252.0000 -0.1955
-8.2836 78.7422 -28.3613 0.0000 1650400542266 1923283.5000 -0.1955
-8.3982 78.6161 -28.4587 0.0000 1650400542295 1923309.7500 -0.1955
-8.3650 78.8156 -28.3075 0.0000 1650400542324 1923339.0000 -0.1955
-8.3005 78.7901 -28.3634 0.0000 1650400542353 1923369.0000 -0.1955
-8.3032 78.8261 -28.3090 0.0000 1650400542382 1923396.7500 -0.1955
-8.2325 78.7457 -28.3758 0.0000 1650400542411 1923425.7500 -0.1955
-8.2938 78.6303 -28.4206 0.0000 1650400542440 1923454.7500 -0.1955
-8.2835 78.8327 -28.2830 0.0000 1650400542469 1923483.7500 -0.1957
-8.2423 78.7171 -28.3804 0.0000 1650400542498 1923512.7500 -0.1960
-8.2397 78.7499 -28.3783 0.0000 1650400542527 1923541.7500 -0.1960
-8.3744 78.7447 -28.4338 0.0000 1650400542556 1923570.7500 -0.1960
-8.3059 78.6957 -28.3440 0.0000 1650400542585 1923599.7500 -0.1960
-8.3208 78.7595 -28.3805 0.0000 1650400542614 1923628.7500 -0.1960
-8.2532 78.7077 -28.4448 0.0000 1650400542643 1923657.7500 -0.1960
-8.2254 78.8570 -28.3550 0.0000 1650400542672 1923686.7500 -0.1960
-8.3301 78.7031 -28.4305 0.0000 1650400542701 1923715.7500 -0.1960
-8.2929 78.7806 -28.4027 0.0000 1650400542730 1923744.7500 -0.1960
-8.2544 78.7187 -28.4763 0.0000 1650400542758 1923773.7500 -0.1960
-8.3701 78.6876 -28.4606 0.0000 1650400542788 1923805.2500 -0.1960
-8.2880 78.6503 -28.3795 0.0000 1650400542816 1923831.2500 -0.1960
-8.3304 78.6377 -28.4277 0.0000 1650400542845 1923860.7500 -0.1955
-8.3864 78.5673 -28.5495 0.0000 1650400542874 1923889.7500 -0.1955
-8.3610 78.5652 -28.5650 0.0000 1650400542904 1923918.7500 -0.1955
-8.3879 78.6483 -28.4896 0.0000 1650400542933 1923947.5000 -0.1955
-8.3149 78.7011 -28.4249 0.0000 1650400542962 1923976.5000 -0.1950
-8.3273 78.7172 -28.4323 0.0000 1650400542991 1924005.5000 -0.1950
-8.3016 78.7060 -28.3688 0.0000 1650400543020 1924035.7500 -0.1950
-8.2968 78.7478 -28.3945 0.0000 1650400543049 1924065.7500 -0.1950
-8.2288 78.7004 -28.3314 0.0000 1650400543077 1924092.2500 -0.1950
-8.4309 78.5712 -28.5892 0.0000 1650400543107 1924121.2500 -0.1950
-8.2315 78.7699 -28.3520 0.0000 1650400543135 1924150.0000 -0.1950
-8.3481 78.6162 -28.4605 0.0000 1650400543164 1924179.2500 -0.1950
-8.2863 78.6983 -28.3964 0.0000 1650400543193 1924208.2500 -0.1955
-8.1615 78.7874 -28.2820 0.0000 1650400543222 1924237.2500 -0.1955
-8.2501 78.7514 -28.3683 0.0000 1650400543251 1924266.2500 -0.1955
-8.2618 78.7700 -28.3710 0.0000 1650400543281 1924295.2500 -0.1955
-8.2605 78.6436 -28.4494 0.0000 1650400543310 1924324.2500 -0.1957
-8.0993 78.8015 -28.2770 0.0000 1650400543338 1924353.2500 -0.1960
-8.1036 78.8590 -28.3394 0.0000 1650400543368 1924382.0000 -0.1960
-8.1598 78.8092 -28.3058 0.0000 1650400543396 1924411.0000 -0.1960
-8.1615 78.7078 -28.3646 0.0000 1650400543425 1924440.0000 -0.1960
-8.2610 78.6524 -28.4402 0.0000 1650400543454 1924468.7500 -0.1960
-8.3292 78.6661 -28.4524 0.0000 1650400543483 1924497.7500 -0.1960
-8.1723 78.7543 -28.3849 0.0000 1650400543512 1924526.7500 -0.1960
-8.3228 78.6414 -28.4405 0.0000 1650400543541 1924557.2500 -0.1960
-8.3471 78.6554 -28.5021 0.0000 1650400543570 1924584.2500 -0.1960
-8.1818 78.7969 -28.3584 0.0000 1650400543599 1924613.7500 -0.1960
-8.2469 78.6486 -28.4076 0.0000 1650400543628 1924642.7500 -0.1960
-8.1873 78.8434 -28.2199 0.0000 1650400543657 1924671.7500 -0.1960
-8.3571 78.7857 -27.8926 0.0000 1650400543687 1924700.7500 -0.1960
-8.4457 78.5149 -27.4804 0.0000 1650400543715 1924729.7500 -0.1960
-8.2151 78.5786 -26.8759 0.0000 1650400543744 1924758.7500 -0.1960
-8.2921 78.2563 -26.0802 0.0000 1650400543773 1924787.7500 -0.1960
-8.3906 78.2477 -25.5044 0.0000 1650400543802 1924819.5000 -0.1955
-8.2976 78.4177 -25.0268 0.0000 1650400543831 1924847.0000 -0.1955
-8.4353 78.4179 -24.3041 0.0000 1650400543860 1924874.7500 -0.1955
-8.2438 78.4233 -23.5694 0.0000 1650400543889 1924904.7500 -0.1955
-8.2756 78.3612 -22.9839 0.0000 1650400543918 1924932.7500 -0.1955
-8.2531 78.3321 -22.3117 0.0000 1650400543947 1924961.7500 -0.1955
-8.1841 78.3794 -21.7093 0.0000 1650400543975 1924990.7500 -0.1955
-8.2173 78.2532 -21.1626 0.0000 1650400544004 1925019.7500 -0.1955
-7.9482 78.3394 -20.8317 0.0000 1650400544033 1925048.5000 -0.1955
-7.7767 78.7569 -20.4937 0.0000 1650400544063 1925077.5000 -0.1955
-7.8509 78.7285 -20.5079 0.0000 1650400544092 1925106.5000 -0.1955
-7.8278 78.8313 -20.4167 0.0000 1650400544121 1925135.2500 -0.1955
-7.8896 78.6469 -20.6834 0.0000 1650400544150 1925164.2500 -0.1955
-7.8082 78.7124 -20.5717 0.0000 1650400544179 1925193.2500 -0.1955
-7.9408 78.6948 -20.6581 0.0000 1650400544208 1925222.2500 -0.1960
-7.8439 78.7966 -20.5791 0.0000 1650400544236 1925251.2500 -0.1960
-7.8891 78.7465 -20.4903 0.0000 1650400544266 1925280.2500 -0.1960
-7.9422 78.6579 -20.6685 0.0000 1650400544294 1925309.2500 -0.1960
-7.9427 78.6918 -20.5757 0.0000 1650400544323 1925339.5000 -0.1960
-7.9530 78.7388 -20.6115 0.0000 1650400544352 1925368.2500 -0.1960
-7.8857 78.6842 -20.6127 0.0000 1650400544381 1925396.2500 -0.1960
-8.0045 78.7840 -20.5278 0.0000 1650400544410 1925425.2500 -0.1960
-7.9830 78.7584 -20.5676 0.0000 1650400544439 1925454.2500 -0.1960
-8.0005 78.7826 -20.4924 0.0000 1650400544469 1925483.0000 -0.1960
-7.9743 78.7878 -20.5034 0.0000 1650400544498 1925512.0000 -0.1960
-7.8702 78.8293 -20.4299 0.0000 1650400544527 1925541.0000 -0.1960
-7.9678 78.7486 -20.5482 0.0000 1650400544555 1925570.0000 -0.1960
-7.9797 78.7510 -20.5628 0.0000 1650400544584 1925600.0000 -0.1955
-7.9842 78.7937 -20.5025 0.0000 1650400544613 1925627.7500 -0.1955
-7.8785 78.7774 -20.5701 0.0000 1650400544642 1925658.2500 -0.1955
-7.8538 78.8733 -20.4652 0.0000 1650400544671 1925687.0000 -0.1955
-7.8967 78.7701 -20.5142 0.0000 1650400544700 1925714.7500 -0.1955
-7.8780 78.8358 -20.4606 0.0000 1650400544729 1925743.7500 -0.1955
-7.9247 78.7788 -20.5956 0.0000 1650400544758 1925772.7500 -0.1955
-7.9293 78.8362 -20.5154 0.0000 1650400544789 1925801.7500 -0.1955
-7.9448 78.8095 -20.5202 0.0000 1650400544816 1925830.7500 -0.1955
-7.8837 78.8980 -20.3843 0.0000 1650400544846 1925859.7500 -0.1955
-7.9362 78.7753 -20.4648 0.0000 1650400544874 1925888.7500 -0.1955
-8.0240 78.8128 -20.5697 0.0000 1650400544903 1925917.7500 -0.1955
-7.9747 78.8817 -20.4583 0.0000 1650400544932 1925946.7500 -0.1955
-8.0364 78.7343 -20.5374 0.0000 1650400544961 1925975.7500 -0.1955
-7.9811 78.8090 -20.5068 0.0000 1650400544990 1926004.7500 -0.1955
-8.1123 78.5693 -20.6804 0.0000 1650400545019 1926033.7500 -0.1955
-7.9540 78.7606 -20.6181 0.0000 1650400545048 1926062.7500 -0.1956
-8.0227 78.7924 -20.5873 0.0000 1650400545077 1926093.0000 -0.1960
-8.0267 78.7249 -20.5614 0.0000 1650400545106 1926121.2500 -0.1960
-8.0794 78.7209 -20.6840 0.0000 1650400545134 1926149.7500 -0.1960
-8.0983 78.6768 -20.6447 0.0000 1650400545164 1926178.5000 -0.1960
-8.0996 78.6233 -20.6738 0.0000 1650400545192 1926207.5000 -0.1960
-8.0900 78.6725 -20.5797 0.0000 1650400545222 1926236.2500 -0.1960
-8.0106 78.6458 -20.7046 0.0000 1650400545251 1926265.0000 -0.1960
-8.0630 78.6605 -20.6119 0.0000 1650400545280 1926294.2500 -0.1958
-8.0805 78.6545 -20.6837 0.0000 1650400545309 1926323.2500 -0.1955
-8.0474 78.5688 -20.7132 0.0000 1650400545338 1926353.5000 -0.1955
-8.0068 78.6097 -21.2343 0.0000 1650400545367 1926384.0000 -0.1960
-7.7520 78.6395 -21.9623 0.0000 1650400545396 1926410.2500 -0.1960
-7.8750 78.5216 -22.4112 0.0000 1650400545425 1926440.5000 -0.1955
-7.9870 78.4457 -23.2645 0.0000 1650400545453 1926468.2500 -0.1955
-7.4492 78.8959 -23.6616 0.0000 1650400545482 1926497.2500 -0.1955
-7.8738 78.3979 -24.3990 0.0000 1650400545511 1926526.2500 -0.1955
-8.0104 78.3408 -25.0394 0.0000 1650400545540 1926555.2500 -0.1955
-7.6478 78.5896 -25.5598 0.0000 1650400545569 1926584.2500 -0.1955
-8.0771 78.1532 -26.4763 0.0000 1650400545598 1926613.0000 -0.1955
-7.9207 78.4789 -27.0831 0.0000 1650400545628 1926642.0000 -0.1955
-7.8913 78.5921 -27.6176 0.0000 1650400545657 1926671.0000 -0.1960
-8.2121 78.0644 -28.6973 0.0000 1650400545686 1926699.7500 -0.1960
-7.7842 78.6467 -28.9594 0.0000 1650400545714 1926728.7500 -0.1962
-8.1220 78.5156 -29.7224 0.0000 1650400545744 1926757.7500 -0.1955
-8.1515 78.3910 -30.5239 0.0000 1650400545772 1926786.7500 -0.1957
-7.9724 78.6690 -30.9494 0.0000 1650400545801 1926815.7500 -0.1960
-8.3963 78.2323 -31.9862 0.0000 1650400545830 1926844.7500 -0.1960
-7.9256 78.7389 -32.3937 0.0000 1650400545859 1926874.7500 -0.1960
-8.1504 78.6159 -32.9966 0.0000 1650400545888 1926902.5000 -0.1960
-8.2307 78.4456 -33.8434 0.0000 1650400545917 1926931.7500 -0.1960
-7.9055 78.6966 -34.1082 0.0000 1650400545946 1926960.7500 -0.1960
-8.0088 78.5999 -34.8202 0.0000 1650400545975 1926989.7500 -0.1960
-8.1913 78.4799 -35.6785 0.0000 1650400546004 1927018.7500 -0.1960
-7.9729 78.7922 -35.8672 0.0000 1650400546033 1927047.7500 -0.1960
-7.9249 78.5379 -36.6001 0.0000 1650400546062 1927076.7500 -0.1960
-8.1439 78.4040 -37.5370 0.0000 1650400546091 1927105.7500 -0.1960
-7.9198 78.6337 -37.8083 0.0000 1650400546120 1927138.7500 -0.1960
-8.1993 78.3289 -38.5161 0.0000 1650400546149 1927163.2500 -0.1960
-7.9448 78.4580 -39.0704 0.0000 1650400546178 1927192.7500 -0.1960
-8.1212 78.3938 -39.3847 0.0000 1650400546207 1927224.5000 -0.1960
-8.0194 78.5596 -39.7239 0.0000 1650400546236 1927250.7500 -0.1960
-8.3560 78.3055 -40.6565 0.0000 1650400546265 1927279.7500 -0.1960
-8.0723 78.2499 -40.5995 0.0000 1650400546293 1927308.5000 -0.1960
-7.9576 78.5209 -40.9066 0.0000 1650400546323 1927337.5000 -0.1955
-8.0649 78.5136 -41.1859 0.0000 1650400546351 1927366.2500 -0.1955
-7.9074 78.5598 -41.6058 0.0000 1650400546381 1927395.2500 -0.1955
-8.2564 78.1440 -42.1043 0.0000 1650400546410 1927424.2500 -0.1955
-8.5221 77.9415 -42.4830 0.0000 1650400546439 1927453.2500 -0.1955
-8.3235 78.0335 -42.6088 0.0000 1650400546468 1927482.2500 -0.1955
-8.2917 78.1762 -42.7897 0.0000 1650400546497 1927511.2500 -0.1955
-8.0693 78.6979 -42.5425 0.0000 1650400546526 1927540.2500 -0.1955
-8.0985 78.5607 -42.6512 0.0000 1650400546555 1927569.2500 -0.1955
-8.1708 78.5802 -42.9778 0.0000 1650400546584 1927598.2500 -0.1955
-8.0220 78.5605 -42.9973 0.0000 1650400546612 1927627.2500 -0.1955
-8.0691 78.6483 -43.0557 0.0000 1650400546641 1927658.7500 -0.1955
-7.9647 78.6489 -42.8428 0.0000 1650400546670 1927685.0000 -0.1957
-8.0342 78.4994 -43.1014 0.0000 1650400546699 1927714.0000 -0.1960
-8.0437 78.6256 -43.0247 0.0000 1650400546728 1927743.0000 -0.1960
-7.9921 78.7528 -42.9773 0.0000 1650400546757 1927772.0000 -0.1960
-8.0234 78.5583 -43.0189 0.0000 1650400546787 1927800.7500 -0.1960
-8.0939 78.6127 -42.8791 0.0000 1650400546816 1927829.7500 -0.1960
-7.8329 78.8391 -42.5493 0.0000 1650400546845 1927858.7500 -0.1961
-7.8414 78.8413 -42.4041 0.0000 1650400546873 1927887.7500 -0.1965
-7.7516 78.9874 -42.1527 0.0000 1650400546903 1927918.0000 -0.1965
-7.8837 78.7978 -42.0632 0.0000 1650400546931 1927945.7500 -0.1960
-7.7685 78.7717 -41.8746 0.0000 1650400546960 1927977.7500 -0.1959
-7.8759 78.6064 -41.4972 0.0000 1650400546989 1928003.5000 -0.1960
-7.8637 78.6420 -41.2656 0.0000 1650400547018 1928032.7500 -0.1960
-8.1591 78.3700 -41.1126 0.0000 1650400547047 1928061.7500 -0.1960
-7.9900 78.6000 -40.7574 0.0000 1650400547076 1928090.7500 -0.1960
-7.7217 78.7733 -40.0867 0.0000 1650400547105 1928119.7500 -0.1960
-7.8358 78.5352 -39.7662 0.0000 1650400547134 1928148.7500 -0.1960
-7.6494 78.7542 -39.2246 0.0000 1650400547163 1928177.7500 -0.1960
-7.9167 78.7153 -39.0769 0.0000 1650400547192 1928206.7500 -0.1960
-7.7165 78.8427 -38.4343 0.0000 1650400547222 1928235.7500 -0.1955
-7.7427 78.7589 -37.8513 0.0000 1650400547250 1928264.7500 -0.1955
-7.6643 78.9084 -37.1254 0.0000 1650400547279 1928293.7500 -0.1955
-7.7802 78.8667 -36.7616 0.0000 1650400547308 1928322.7500 -0.1955
-7.8427 78.8014 -36.3118 0.0000 1650400547337 1928351.7500 -0.1955
-7.8668 78.9155 -35.6045 0.0000 1650400547366 1928380.7500 -0.1955
-7.6548 79.0979 -34.8666 0.0000 1650400547395 1928409.0000 -0.1955
-7.9791 78.8652 -34.3697 0.0000 1650400547424 1928441.5000 -0.1955
-7.8427 79.0602 -33.6917 0.0000 1650400547453 1928467.2500 -0.1957
-8.1178 78.9663 -33.1823 0.0000 1650400547482 1928496.2500 -0.1960
-7.9851 78.8968 -32.5876 0.0000 1650400547510 1928525.2500 -0.1960
-7.9773 79.0253 -31.9309 0.0000 1650400547540 1928554.2500 -0.1960
-8.1517 78.8240 -31.3684 0.0000 1650400547569 1928583.2500 -0.1960
-8.0287 78.9255 -30.6307 0.0000 1650400547598 1928612.2500 -0.1960
-7.8708 78.9405 -30.0788 0.0000 1650400547627 1928641.2500 -0.1960
-8.1535 78.9755 -29.2732 0.0000 1650400547656 1928673.0000 -0.1965
-8.0142 78.9929 -28.5162 0.0000 1650400547685 1928699.0000 -0.1965
-8.0474 78.7428 -28.0411 0.0000 1650400547714 1928728.2500 -0.1965
-7.9790 78.9230 -27.1532 0.0000 1650400547743 1928758.5000 -0.1965
-8.0599 78.8434 -26.5269 0.0000 1650400547771 1928786.2500 -0.1960
-8.0181 78.7523 -25.7289 0.0000 1650400547801 1928815.0000 -0.1960
-7.9057 78.8109 -25.1144 0.0000 1650400547829 1928844.0000 -0.1965
-8.0282 78.9366 -24.4627 0.0000 1650400547858 1928873.0000 -0.1965
-8.0796 78.6668 -23.8525 0.0000 1650400547887 1928902.0000 -0.1960
-7.8371 78.9592 -23.1519 0.0000 1650400547916 1928930.7500 -0.1960
-8.0137 78.7068 -22.5528 0.0000 1650400547946 1928959.7500 -0.1960
-7.8441 78.7445 -21.8463 0.0000 1650400547975 1928988.7500 -0.1960
-7.9644 78.7366 -21.4433 0.0000 1650400548004 1929017.7500 -0.1960
-8.0711 78.7413 -20.7396 0.0000 1650400548033 1929046.7500 -0.1960
-7.7651 78.6270 -20.5457 0.0000 1650400548062 1929075.7500 -0.1960
-7.7188 78.6604 -20.5389 0.0000 1650400548090 1929104.7500 -0.1960
-7.7862 78.5628 -20.6202 0.0000 1650400548119 1929133.7500 -0.1957
-7.8019 78.4910 -20.6570 0.0000 1650400548148 1929162.7500 -0.1955
-7.7951 78.7695 -20.4577 0.0000 1650400548177 1929194.5000 -0.1955
-7.8674 78.7886 -20.5573 0.0000 1650400548206 1929220.5000 -0.1955
-7.7782 78.6536 -20.5955 0.0000 1650400548235 1929249.7500 -0.1955
-7.8577 78.7329 -20.6391 0.0000 1650400548264 1929278.7500 -0.1955
-7.9152 78.8817 -20.4967 0.0000 1650400548293 1929307.7500 -0.1955
-7.9785 78.7320 -20.6394 0.0000 1650400548322 1929336.7500 -0.1955
-7.8277 78.7745 -20.5389 0.0000 1650400548351 1929365.7500 -0.1957
-7.8847 78.8793 -20.5099 0.0000 1650400548381 1929394.7500 -0.1960
-7.7428 78.8581 -20.4676 0.0000 1650400548409 1929425.0000 -0.1960
-7.8013 78.8221 -20.4802 0.0000 1650400548438 1929454.7500 -0.1960
-7.8611 78.8051 -20.5230 0.0000 1650400548467 1929481.7500 -0.1961
-7.6604 78.9088 -20.4396 0.0000 1650400548496 1929510.5000 -0.1965
-7.8278 78.8972 -20.4796 0.0000 1650400548525 1929539.2500 -0.1965
-7.8154 78.9564 -20.4788 0.0000 1650400548554 1929568.5000 -0.1965
-7.8008 79.0017 -20.4087 0.0000 1650400548583 1929597.2500 -0.1965
-7.6258 79.0695 -20.2651 0.0000 1650400548612 1929626.2500 -0.1965
-7.8928 78.9875 -20.4228 0.0000 1650400548641 1929655.2500 -0.1965
-7.8522 78.9761 -20.4475 0.0000 1650400548669 1929684.2500 -0.1965
-7.6349 78.9807 -20.3535 0.0000 1650400548699 1929713.2500 -0.1965
-7.6840 79.0115 -20.2808 0.0000 1650400548728 1929742.2500 -0.1965
-7.7884 78.9242 -20.4567 0.0000 1650400548757 1929771.2500 -0.1965
-7.6901 78.9274 -20.4075 0.0000 1650400548786 1929800.2500 -0.1960
-7.7909 78.9342 -20.3978 0.0000 1650400548815 1929829.2500 -0.1960
-7.7276 78.9822 -20.3857 0.0000 1650400548844 1929858.2500 -0.1965
-7.6823 78.9665 -20.3981 0.0000 1650400548873 1929887.2500 -0.1965
-7.8187 78.8246 -20.5342 0.0000 1650400548902 1929916.0000 -0.1960
-7.7671 78.9019 -20.4343 0.0000 1650400548930 1929946.5000 -0.1960
-7.8201 78.9024 -20.4342 0.0000 1650400548960 1929976.5000 -0.1960
-7.7014 79.0060 -20.4125 0.0000 1650400548988 1930003.0000 -0.1960
-7.6487 78.9589 -20.3240 0.0000 1650400549017 1930032.0000 -0.1963
-7.7879 78.7937 -20.4842 0.0000 1650400549046 1930060.7500 -0.1960
-7.8224 78.9142 -20.3821 0.0000 1650400549075 1930089.7500 -0.1960
-7.9261 78.9059 -20.4615 0.0000 1650400549104 1930118.7500 -0.1960
-7.7954 78.8319 -20.4407 0.0000 1650400549134 1930147.7500 -0.1960
-7.9066 78.8410 -20.5533 0.0000 1650400549163 1930176.7500 -0.1960
-7.6995 78.7770 -20.5248 0.0000 1650400549192 1930208.5000 -0.1960
-7.8219 78.6959 -20.5637 0.0000 1650400549221 1930234.2500 -0.1960
-7.7708 78.8623 -20.4344 0.0000 1650400549249 1930263.7500 -0.1961
-7.9015 78.7816 -20.5483 0.0000 1650400549279 1930295.2500 -0.1965
-7.9063 78.7680 -20.5512 0.0000 1650400549307 1930321.7500 -0.1965
-7.7557 78.7549 -20.4200 0.0000 1650400549336 1930350.7500 -0.1965
-7.7579 78.8195 -20.4704 0.0000 1650400549365 1930379.7500 -0.1965
-8.1028 78.4412 -21.6430 0.0000 1650400549394 1930408.7500 -0.1965
-7.6578 78.6895 -22.0026 0.0000 1650400549423 1930437.7500 -0.1965
-7.9241 78.5167 -22.6995 0.0000 1650400549452 1930466.7500 -0.1960
-7.8023 78.7877 -23.4015 0.0000 1650400549481 1930495.7500 -0.1961
-7.3119 79.0083 -23.7116 0.0000 1650400549510 1930524.7500 -0.1965
-7.9830 78.4997 -24.5536 0.0000 1650400549540 1930553.7500 -0.1965
-7.9192 78.6110 -25.3663 0.0000 1650400549568 1930582.7500 -0.1960
-7.7019 78.6920 -25.6752 0.0000 1650400549597 1930611.7500 -0.1960
-8.1856 78.3696 -26.6257 0.0000 1650400549626 1930640.5000 -0.1960
-7.6399 78.7880 -27.1053 0.0000 1650400549655 1930669.5000 -0.1960
-7.9288 78.4066 -27.8478 0.0000 1650400549684 1930698.2500 -0.1960
-8.0559 78.3847 -28.6231 0.0000 1650400549713 1930730.0000 -0.1960
-7.7945 78.7213 -28.9926 0.0000 1650400549742 1930757.2500 -0.1960
-8.2180 78.2736 -30.2009 0.0000 1650400549771 1930785.2500 -0.1960
-7.9078 78.8002 -30.5563 0.0000 1650400549800 1930815.5000 -0.1955
-7.9944 78.7508 -31.0955 0.0000 1650400549828 1930843.2500 -0.1955
-8.3184 78.4647 -32.1503 0.0000 1650400549858 1930872.2500 -0.1955
-7.8870 78.9626 -32.3665 0.0000 1650400549887 1930901.2500 -0.1955
-8.1930 78.5153 -33.2542 0.0000 1650400549916 1930930.2500 -0.1955
-8.1878 78.4927 -34.0447 0.0000 1650400549945 1930959.2500 -0.1955
-7.9503 78.7482 -34.2278 0.0000 1650400549974 1930989.0000 -0.1955
-8.1356 78.5160 -35.0958 0.0000 1650400550003 1931017.2500 -0.1955
-8.0920 78.5465 -35.6825 0.0000 1650400550032 1931047.5000 -0.1955
-8.0161 78.6800 -36.0814 0.0000 1650400550061 1931074.2500 -0.1955
-8.1965 78.5171 -36.9664 0.0000 1650400550090 1931104.0000 -0.1960
-8.1428 78.3766 -37.6012 0.0000 1650400550119 1931133.0000 -0.1960
-8.1172 78.6725 -37.8323 0.0000 1650400550147 1931161.7500 -0.1960
-8.4434 78.3545 -38.8374 0.0000 1650400550176 1931190.7500 -0.1960
-8.2428 78.2961 -39.2131 0.0000 1650400550205 1931219.7500 -0.1960
-8.2286 78.5302 -39.5193 0.0000 1650400550234 1931248.7500 -0.1960
-8.2493 78.5291 -39.9828 0.0000 1650400550263 1931277.7500 -0.1960
-8.4315 78.2126 -40.8257 0.0000 1650400550293 1931306.7500 -0.1960
-8.4078 78.2447 -41.0169 0.0000 1650400550322 1931335.7500 -0.1960
-7.9623 78.5218 -40.8102 0.0000 1650400550351 1931364.7500 -0.1960
-7.9745 78.5769 -41.3847 0.0000 1650400550380 1931393.7500 -0.1960
-8.0608 78.4857 -41.6921 0.0000 1650400550408 1931422.7500 -0.1960
-8.1062 78.2517 -42.0270 0.0000 1650400550438 1931451.7500 -0.1960
-8.3444 77.8699 -42.5386 0.0000 1650400550466 1931482.2500 -0.1960
-8.2936 78.1236 -42.4665 0.0000 1650400550495 1931510.5000 -0.1960
-8.0429 78.4980 -42.6599 0.0000 1650400550524 1931538.7500 -0.1955
-8.0785 78.4649 -42.6453 0.0000 1650400550553 1931567.7500 -0.1955
-8.0153 78.4630 -42.9098 0.0000 1650400550582 1931596.7500 -0.1955
-7.9776 78.7494 -42.7264 0.0000 1650400550611 1931625.7500 -0.1955
-8.2551 78.4317 -43.2285 0.0000 1650400550640 1931654.7500 -0.1955
-7.9275 78.5468 -43.0030 0.0000 1650400550669 1931683.7500 -0.1955
-8.0265 78.3997 -42.9591 0.0000 1650400550699 1931712.7500 -0.1955
-8.0158 78.5638 -43.0235 0.0000 1650400550727 1931742.2500 -0.1955
-7.9786 78.6400 -43.0630 0.0000 1650400550757 1931773.5000 -0.1957
-8.0331 78.6424 -43.0469 0.0000 1650400550785 1931799.5000 -0.1960
-7.9453 78.6742 -42.9392 0.0000 1650400550814 1931829.5000 -0.1958
-7.8978 78.8095 -42.7754 0.0000 1650400550843 1931857.2500 -0.1955
-7.8257 78.9347 -42.4224 0.0000 1650400550872 1931886.2500 -0.1957
-7.8715 78.9390 -42.3120 0.0000 1650400550901 1931915.2500 -0.1960
-7.8307 78.9391 -41.9924 0.0000 1650400550930 1931944.2500 -0.1960
-7.8131 78.7814 -42.0085 0.0000 1650400550959 1931973.2500 -0.1960
-8.1347 78.4983 -42.0400 0.0000 1650400550987 1932002.2500 -0.1960
-7.8686 78.8785 -41.3289 0.0000 1650400551017 1932031.2500 -0.1960
-8.0823 78.6232 -41.2826 0.0000 1650400551046 1932060.2500 -0.1960
-7.8249 78.8453 -40.7779 0.0000 1650400551075 1932089.2500 -0.1960
-8.0852 78.5820 -40.7421 0.0000 1650400551104 1932118.2500 -0.1960
-7.9697 78.6674 -40.1850 0.0000 1650400551133 1932147.2500 -0.1965
-8.0407 78.6295 -39.6361 0.0000 1650400551162 1932176.0000 -0.1965
-7.8990 78.8126 -39.2580 0.0000 1650400551191 1932205.0000 -0.1965
-8.0081 78.6930 -39.0753 0.0000 1650400551220 1932234.0000 -0.1965
-7.8233 78.8948 -38.2410 0.0000 1650400551249 1932264.2500 -0.1960
-8.1217 78.6956 -37.8462 0.0000 1650400551278 1932293.0000 -0.1960
-7.8817 78.7115 -37.2312 0.0000 1650400551306 1932320.7500 -0.1960
-7.9145 78.8990 -36.7450 0.0000 1650400551336 1932349.7500 -0.1960
-8.0482 78.8489 -36.0742 0.0000 1650400551364 1932378.7500 -0.1955
-8.0989 78.7885 -35.5315 0.0000 1650400551393 1932407.7500 -0.1955
-8.0857 78.8525 -34.9299 0.0000 1650400551422 1932436.7500 -0.1955
-8.0273 78.9720 -34.1296 0.0000 1650400551452 1932465.7500 -0.1955
-7.9647 78.9587 -33.7117 0.0000 1650400551481 1932494.7500 -0.1950
-8.0588 79.1093 -32.9611 0.0000 1650400551510 1932526.5000 -0.1950
-8.2371 79.0329 -32.2203 0.0000 1650400551539 1932552.5000 -0.1952
-7.8929 79.1964 -31.5607 0.0000 1650400551568 1932581.7500 -0.1955
-7.8377 79.0964 -30.9134 0.0000 1650400551597 1932613.5000 -0.1955
-7.9933 79.0763 -30.2605 0.0000 1650400551625 1932639.7500 -0.1955
-8.0625 78.8879 -29.8072 0.0000 1650400551654 1932668.7500 -0.1955
-8.0571 78.8677 -29.0857 0.0000 1650400551683 1932697.7500 -0.1955
-7.9763 79.0575 -28.1725 0.0000 1650400551712 1932726.7500 -0.1955
-8.1994 78.7930 -27.6362 0.0000 1650400551741 1932755.7500 -0.1955
-7.8693 79.0403 -26.7955 0.0000 1650400551770 1932784.7500 -0.1957
-8.1012 78.9308 -26.3537 0.0000 1650400551799 1932813.7500 -0.1960
-8.1273 78.7478 -25.5722 0.0000 1650400551828 1932842.7500 -0.1960
-7.9842 78.9810 -24.8969 0.0000 1650400551858 1932871.5000 -0.1960
-8.0673 78.6313 -24.4184 0.0000 1650400551886 1932900.5000 -0.1960
-8.0966 78.8233 -23.5720 0.0000 1650400551916 1932929.2500 -0.1960
-7.9725 78.8863 -22.9750 0.0000 1650400551944 1932958.2500 -0.1960
-7.9876 78.7371 -22.2601 0.0000 1650400551973 1932987.2500 -0.1960
-7.9061 78.7546 -21.6403 0.0000 1650400552002 1933016.2500 -0.1960
-7.9929 78.7823 -21.0883 0.0000 1650400552031 1933047.7500 -0.1960
-7.9664 78.5957 -20.6908 0.0000 1650400552060 1933074.0000 -0.1960
-7.8514 78.5450 -20.6292 0.0000 1650400552089 1933103.2500 -0.1960
-7.8622 78.6683 -20.6833 0.0000 1650400552118 1933132.2500 -0.1960
-7.9619 78.7864 -20.6861 0.0000 1650400552147 1933161.2500 -0.1960
-8.0628 78.7508 -20.4853 0.0000 1650400552176 1933190.2500 -0.1960
-8.0969 78.6913 -20.6970 0.0000 1650400552205 1933219.2500 -0.1955
-8.1167 78.7239 -20.7601 0.0000 1650400552234 1933248.2500 -0.1955
-7.9199 78.7831 -20.6465 0.0000 1650400552263 1933276.7500 -0.1955
-8.0511 78.7493 -20.6747 0.0000 1650400552292 1933307.0000 -0.1955
-7.9830 78.8212 -20.5924 0.0000 1650400552321 1933335.0000 -0.1955
-7.9914 78.9109 -20.5201 0.0000 1650400552350 1933365.2500 -0.1955
-7.9941 78.9099 -20.5154 0.0000 1650400552379 1933392.5000 -0.1955
-7.9608 78.9841 -20.4989 0.0000 1650400552408 1933421.7500 -0.1955
-7.9310 79.0060 -20.5502 0.0000 1650400552437 1933450.7500 -0.1955
-7.9382 78.9568 -20.4966 0.0000 1650400552465 1933479.7500 -0.1955
-7.9091 78.9071 -20.4842 0.0000 1650400552495 1933508.7500 -0.1955
-7.8553 78.9433 -20.5030 0.0000 1650400552523 1933537.7500 -0.1955
-7.8674 78.9895 -20.4177 0.0000 1650400552552 1933566.7500 -0.1957
-7.8282 79.0438 -20.3761 0.0000 1650400552581 1933595.7500 -0.1960
-7.9591 78.9858 -20.3988 0.0000 1650400552611 1933624.7500 -0.1960
-7.8667 79.0123 -20.3740 0.0000 1650400552640 1933653.7500 -0.1960
-7.7015 79.1138 -20.2718 0.0000 1650400552669 1933682.7500 -0.1960
-7.9167 78.9665 -20.4248 0.0000 1650400552698 1933711.7500 -0.1960
-7.8636 79.0674 -20.4139 0.0000 1650400552727 1933740.7500 -0.1960
-7.7996 78.9205 -20.4648 0.0000 1650400552756 1933769.7500 -0.1960
-7.7882 78.9485 -20.3938 0.0000 1650400552784 1933799.7500 -0.1960
-7.8292 78.9901 -20.3513 0.0000 1650400552813 1933827.2500 -0.1960
-7.8194 78.9880 -20.3815 0.0000 1650400552842 1933856.7500 -0.1960
-7.8928 79.1111 -20.3534 0.0000 1650400552871 1933885.7500 -0.1960
-7.9030 79.0207 -20.4220 0.0000 1650400552900 1933914.7500 -0.1960
-7.7835 79.0395 -20.3962 0.0000 1650400552929 1933943.7500 -0.1960
-7.7829 79.0306 -20.4472 0.0000 1650400552958 1933972.5000 -0.1960
-7.7741 78.8448 -20.4262 0.0000 1650400552987 1934001.5000 -0.1955
-7.8339 79.0890 -20.3101 0.0000 1650400553017 1934030.5000 -0.1955
-7.7886 79.0372 -20.3872 0.0000 1650400553045 1934060.5000 -0.1955
-7.8730 78.9313 -20.4127 0.0000 1650400553075 1934089.7500 -0.1955
-7.7043 79.0629 -20.2886 0.0000 1650400553103 1934117.2500 -0.1955
-7.7693 79.0330 -20.3527 0.0000 1650400553132 1934147.5000 -0.1955
-7.7495 78.9285 -20.4081 0.0000 1650400553161 1934175.2500 -0.1955
-7.8791 78.9967 -20.3965 0.0000 1650400553190 1934204.2500 -0.1955
-7.8373 79.0084 -20.2985 0.0000 1650400553219 1934233.2500 -0.1956
-7.7255 78.9354 -20.4588 0.0000 1650400553248 1934262.2500 -0.1955
-7.7791 78.9389 -20.3120 0.0000 1650400553277 1934291.2500 -0.1955
-7.7582 78.9544 -20.3260 0.0000 1650400553306 1934320.2500 -0.1955
-7.8326 78.9886 -20.4682 0.0000 1650400553335 1934349.2500 -0.1955
-7.7414 78.9566 -20.3137 0.0000 1650400553364 1934378.2500 -0.1955
-7.6700 78.8010 -20.6539 0.0000 1650400553394 1934407.0000 -0.1955
-7.8152 78.7427 -21.6052 0.0000 1650400553422 1934436.0000 -0.1955
-7.5985 78.9131 -22.0883 0.0000 1650400553451 1934465.0000 -0.1956
-7.9384 78.6053 -22.7883 0.0000 1650400553480 1934493.7500 -0.1960
-7.6738 78.8930 -23.4324 0.0000 1650400553509 1934522.7500 -0.1960
-7.4446 78.9121 -23.9168 0.0000 1650400553538 1934551.7500 -0.1960
-8.0023 78.5807 -24.7882 0.0000 1650400553567 1934582.0000 -0.1960
-7.6691 78.7261 -25.4154 0.0000 1650400553596 1934609.5000 -0.1960
-7.7423 78.7402 -25.9280 0.0000 1650400553624 1934638.7500 -0.1960
-7.8759 78.5106 -26.7392 0.0000 1650400553654 1934667.7500 -0.1960
-7.6707 78.8149 -27.2334 0.0000 1650400553682 1934696.7500 -0.1960
-8.1233 78.2901 -28.2161 0.0000 1650400553711 1934725.7500 -0.1960
-7.8588 78.6526 -28.6948 0.0000 1650400553740 1934754.7500 -0.1960
-7.8704 78.7635 -29.2652 0.0000 1650400553770 1934783.7500 -0.1960
-8.3294 78.4005 -30.3025 0.0000 1650400553799 1934812.7500 -0.1960
-7.8320 78.8483 -30.6186 0.0000 1650400553828 1934844.0000 -0.1960
-8.2400 78.4564 -31.4510 0.0000 1650400553857 1934870.7500 -0.1960
-8.1566 78.5570 -32.1836 0.0000 1650400553886 1934901.2500 -0.1960
-8.0145 78.7369 -32.5647 0.0000 1650400553915 1934928.5000 -0.1960
-8.3532 78.3372 -33.6258 0.0000 1650400553943 1934957.7500 -0.1955
-7.9921 78.6436 -33.9698 0.0000 1650400553973 1934986.7500 -0.1955
-8.0686 78.6947 -34.3976 0.0000 1650400554001 1935015.7500 -0.1955
-8.2354 78.4535 -35.4778 0.0000 1650400554030 1935044.7500 -0.1955
-8.0629 78.5068 -35.8586 0.0000 1650400554059 1935073.5000 -0.1950
-8.0232 78.7315 -36.1874 0.0000 1650400554088 1935102.5000 -0.1950
-8.3111 78.3965 -37.3321 0.0000 1650400554117 1935131.5000 -0.1951
-8.0422 78.6737 -37.6099 0.0000 1650400554146 1935160.2500 -0.1955
-8.0518 78.6340 -38.1308 0.0000 1650400554176 1935189.2500 -0.1950
-8.2532 78.2226 -39.0566 0.0000 1650400554205 1935218.2500 -0.1950
-8.1459 78.3517 -39.4050 0.0000 1650400554234 1935247.2500 -0.1951
-8.1658 78.6167 -39.5452 0.0000 1650400554262 1935276.2500 -0.1955
-8.0821 78.5513 -40.1535 0.0000 1650400554291 1935305.2500 -0.1960
-8.3260 78.4401 -40.7873 0.0000 1650400554320 1935335.7500 -0.1960
-8.2075 78.3559 -41.0435 0.0000 1650400554349 1935365.7500 -0.1958
-7.9629 78.3981 -40.9523 0.0000 1650400554378 1935392.2500 -0.1955
-7.8894 78.6703 -41.3330 0.0000 1650400554407 1935421.2500 -0.1955
-8.3567 78.3184 -42.0573 0.0000 1650400554436 1935450.2500 -0.1960
-8.1919 78.2405 -42.2591 0.0000 1650400554465 1935479.2500 -0.1960
-8.3434 78.1709 -42.7022 0.0000 1650400554494 1935508.0000 -0.1960
-8.0367 78.3179 -42.3247 0.0000 1650400554523 1935537.0000 -0.1960
-8.1018 78.2951 -42.7883 0.0000 1650400554553 1935566.0000 -0.1955
-8.1251 78.7635 -42.6256 0.0000 1650400554581 1935596.2500 -0.1955
-8.0521 78.4322 -42.8073 0.0000 1650400554610 1935625.0000 -0.1955
-8.0541 78.7805 -42.7986 0.0000 1650400554639 1935652.7500 -0.1955
-7.9573 78.5357 -42.9817 0.0000 1650400554668 1935684.7500 -0.1955
-8.0477 78.7572 -42.9903 0.0000 1650400554697 1935710.7500 -0.1955
-7.9652 78.6104 -43.0579 0.0000 1650400554726 1935739.7500 -0.1950
-7.9468 78.6104 -42.9418 0.0000 1650400554755 1935768.7500 -0.1950
-8.0712 78.5753 -43.2448 0.0000 1650400554784 1935797.7500 -0.1950
-7.8239 78.7642 -42.8629 0.0000 1650400554813 1935826.7500 -0.1950
-7.8725 78.8746 -42.8173 0.0000 1650400554841 1935855.7500 -0.1950
-7.8461 78.6685 -42.6867 0.0000 1650400554870 1935884.7500 -0.1950
-7.7831 79.0122 -42.3221 0.0000 1650400554899 1935913.7500 -0.1945
-7.7271 78.9296 -42.2149 0.0000 1650400554929 1935942.7500 -0.1945
-7.8242 79.0214 -41.9893 0.0000 1650400554958 1935971.7500 -0.1950
-7.7848 78.8053 -41.8608 0.0000 1650400554987 1936000.7500 -0.1950
-7.9919 78.7466 -41.6526 0.0000 1650400555016 1936029.7500 -0.1950
-7.9019 78.8109 -41.1588 0.0000 1650400555045 1936058.7500 -0.1950
-8.0098 78.6109 -41.1642 0.0000 1650400555074 1936087.7500 -0.1950
-8.0320 78.6921 -40.6624 0.0000 1650400555102 1936118.0000 -0.1950
-7.8536 78.7132 -40.3617 0.0000 1650400555132 1936145.0000 -0.1951
-7.9300 78.6064 -39.9449 0.0000 1650400555160 1936174.7500 -0.1955
-7.9935 78.6004 -39.5132 0.0000 1650400555189 1936203.5000 -0.1955
-8.0806 78.6051 -39.1638 0.0000 1650400555218 1936232.5000 -0.1955
-7.9137 78.6875 -38.7006 0.0000 1650400555247 1936261.2500 -0.1955
-7.9744 78.7003 -38.1777 0.0000 1650400555276 1936290.2500 -0.1955
-8.0649 78.6815 -37.6398 0.0000 1650400555305 1936319.2500 -0.1955
-8.1430 78.8364 -37.1832 0.0000 1650400555334 1936348.2500 -0.1960
-7.9019 78.8430 -36.4037 0.0000 1650400555364 1936379.5000 -0.1958
-7.9401 78.8470 -35.7090 0.0000 1650400555393 1936406.2500 -0.1955
-8.0068 78.9250 -35.2669 0.0000 1650400555421 1936435.2500 -0.1955
-8.2816 78.5998 -34.9209 0.0000 1650400555451 1936465.2500 -0.1960
-8.1400 78.8669 -33.9682 0.0000 1650400555479 1936493.2500 -0.1958
-8.1023 78.8728 -33.4923 0.0000 1650400555508 1936522.2500 -0.1955
-8.2513 78.9149 -32.7926 0.0000 1650400555537 1936551.2500 -0.1955
-8.0416 79.0717 -32.0580 0.0000 1650400555566 1936580.2500 -0.1955
-8.2115 78.7812 -31.7149 0.0000 1650400555595 1936609.0000 -0.1955
-8.1091 78.8442 -30.8570 0.0000 1650400555624 1936638.0000 -0.1955
-8.0191 78.9917 -30.1311 0.0000 1650400555653 1936667.0000 -0.1955
-8.2387 78.7429 -29.5984 0.0000 1650400555681 1936696.0000 -0.1950
-8.0413 78.9587 -28.7574 0.0000 1650400555711 1936724.7500 -0.1950
-8.2061 78.8249 -28.3842 0.0000 1650400555740 1936753.7500 -0.1955
-8.2089 78.6964 -27.4983 0.0000 1650400555770 1936782.7500 -0.1955
-8.0798 79.0391 -26.7196 0.0000 1650400555798 1936811.7500 -0.1950
-8.2971 78.7719 -26.3591 0.0000 1650400555827 1936840.7500 -0.1950
-8.0841 78.7187 -25.3938 0.0000 1650400555856 1936871.2500 -0.1955
-8.0462 78.9290 -24.7125 0.0000 1650400555885 1936899.5000 -0.1955
-8.2433 78.5375 -24.3455 0.0000 1650400555914 1936927.7500 -0.1955
-8.0305 78.9229 -23.3521 0.0000 1650400555943 1936956.7500 -0.1955
-7.9466 78.7784 -22.7671 0.0000 1650400555972 1936985.7500 -0.1955
-7.9553 78.7084 -22.0467 0.0000 1650400556000 1937014.7500 -0.1955
-7.9172 78.9001 -21.2266 0.0000 1650400556030 1937043.7500 -0.1956
-7.8239 78.7475 -20.8395 0.0000 1650400556058 1937072.7500 -0.1960
-7.8879 78.5895 -20.5545 0.0000 1650400556087 1937101.7500 -0.1960
-7.8095 78.6312 -20.4639 0.0000 1650400556117 1937131.7500 -0.1960
-7.7627 78.7864 -20.4352 0.0000 1650400556146 1937162.5000 -0.1961
-7.8288 78.7364 -20.3613 0.0000 1650400556175 1937188.7500 -0.1965
-7.8500 78.8014 -20.4635 0.0000 1650400556204 1937218.7500 -0.1965
-7.9898 78.8608 -20.4637 0.0000 1650400556233 1937246.7500 -0.1965
-7.8965 78.8582 -20.4864 0.0000 1650400556262 1937275.7500 -0.1965
-7.9089 78.8515 -20.4541 0.0000 1650400556291 1937304.5000 -0.1965
-7.8795 78.7268 -20.5955 0.0000 1650400556319 1937333.5000 -0.1965
-7.9470 78.8201 -20.5406 0.0000 1650400556348 1937362.5000 -0.1965
-7.8387 78.8366 -20.5457 0.0000 1650400556377 1937391.2500 -0.1965
-7.9311 78.8952 -20.5115 0.0000 1650400556406 1937420.2500 -0.1960
-7.8999 78.8938 -20.5368 0.0000 1650400556435 1937449.2500 -0.1960
-7.9159 78.8562 -20.5182 0.0000 1650400556464 1937478.2500 -0.1960
-7.8430 78.9422 -20.5506 0.0000 1650400556493 1937507.2500 -0.1960
-7.7136 79.0053 -20.4301 0.0000 1650400556523 1937536.2500 -0.1955
-7.8333 78.9393 -20.4820 0.0000 1650400556552 1937565.2500 -0.1955
-7.7514 78.9222 -20.4907 0.0000 1650400556580 1937594.2500 -0.1955
-7.8706 78.9814 -20.4087 0.0000 1650400556610 1937623.2500 -0.1955
-7.7761 79.1490 -20.3937 0.0000 1650400556638 1937653.5000 -0.1955
-7.8629 78.9167 -20.5455 0.0000 1650400556667 1937682.2500 -0.1955
-7.8545 79.0581 -20.4435 0.0000 1650400556696 1937710.2500 -0.1950
-7.6899 79.0815 -20.3675 0.0000 1650400556725 1937739.0000 -0.1950
-7.7705 79.0727 -20.3511 0.0000 1650400556754 1937768.0000 -0.1952
-7.7525 79.1563 -20.2569 0.0000 1650400556783 1937797.0000 -0.1955
-7.7177 79.0864 -20.3708 0.0000 1650400556812 1937825.7500 -0.1955
-7.6992 79.1085 -20.3747 0.0000 1650400556841 1937854.7500 -0.1955
-7.7221 79.0912 -20.3222 0.0000 1650400556870 1937883.7500 -0.1957
-7.7379 79.0447 -20.3825 0.0000 1650400556899 1937915.5000 -0.1960
-7.6825 79.0649 -20.3646 0.0000 1650400556928 1937941.5000 -0.1960
-7.6494 79.1569 -20.2410 0.0000 1650400556957 1937970.7500 -0.1960
-7.6858 79.1140 -20.3547 0.0000 1650400556986 1938002.5000 -0.1960
-7.6554 79.1089 -20.3729 0.0000 1650400557015 1938028.7500 -0.1960
-7.8062 79.0648 -20.3990 0.0000 1650400557044 1938057.7500 -0.1960
-7.7777 79.1540 -20.3126 0.0000 1650400557073 1938086.7500 -0.1960
-7.5730 79.1921 -20.2959 0.0000 1650400557102 1938115.7500 -0.1960
-7.6860 79.0606 -20.4007 0.0000 1650400557131 1938144.7500 -0.1960
-7.7930 79.0025 -20.4563 0.0000 1650400557159 1938173.7500 -0.1960
-7.8130 78.9886 -20.4352 0.0000 1650400557189 1938202.7500 -0.1960
-7.6996 79.0411 -20.4307 0.0000 1650400557217 1938231.7500 -0.1960
-7.7651 78.9426 -20.4528 0.0000 1650400557246 1938260.7500 -0.1960
-7.6673 78.8797 -20.4463 0.0000 1650400557276 1938289.7500 -0.1960
-7.7208 79.0174 -20.3830 0.0000 1650400557305 1938318.7500 -0.1955
-7.6239 78.9493 -20.2648 0.0000 1650400557334 1938347.7500 -0.1955
-7.6606 78.9902 -20.3916 0.0000 1650400557363 1938376.7500 -0.1955
-7.8081 78.9539 -20.3586 0.0000 1650400557392 1938405.7500 -0.1955
-7.7598 78.7877 -20.9195 0.0000 1650400557421 1938437.0000 -0.1955
-7.8316 78.8186 -21.6783 0.0000 1650400557450 1938463.2500 -0.1955
-7.5840 78.9036 -22.1195 0.0000 1650400557478 1938492.2500 -0.1955
-8.1277 78.6533 -22.9628 0.0000 1650400557508 1938521.2500 -0.1955
-7.5718 79.0971 -23.6597 0.0000 1650400557536 1938550.2500 -0.1955
-7.6195 78.8792 -24.0474 0.0000 1650400557565 1938579.2500 -0.1955
-8.0843 78.5293 -25.0204 0.0000 1650400557594 1938608.2500 -0.1955
-7.5277 78.9372 -25.4628 0.0000 1650400557623 1938637.2500 -0.1955
-7.9621 78.6430 -26.1363 0.0000 1650400557652 1938669.2500 -0.1957
-8.0051 78.4760 -27.0670 0.0000 1650400557682 1938696.2500 -0.1960
-7.6880 78.9031 -27.3098 0.0000 1650400557711 1938724.2500 -0.1960
-8.1733 78.4455 -28.3310 0.0000 1650400557740 1938753.2500 -0.1960
-7.6942 78.7137 -28.7547 0.0000 1650400557769 1938782.0000 -0.1960
-8.0544 78.5488 -29.5663 0.0000 1650400557797 1938811.2500 -0.1960
-8.1580 78.4497 -30.3206 0.0000 1650400557826 1938840.0000 -0.1960
-7.7551 78.9671 -30.6015 0.0000 1650400557855 1938869.0000 -0.1960
-8.2705 78.4045 -31.7222 0.0000 1650400557884 1938898.0000 -0.1961
-7.9875 78.6772 -32.1456 0.0000 1650400557913 1938927.0000 -0.1965
-8.1141 78.6034 -32.8278 0.0000 1650400557942 1938955.7500 -0.1965
-8.3756 78.4563 -33.7914 0.0000 1650400557971 1938984.7500 -0.1965
-7.8932 78.8499 -33.9609 0.0000 1650400558000 1939013.7500 -0.1965
-7.9960 78.8095 -34.5326 0.0000 1650400558029 1939042.7500 -0.1965
-8.3028 78.5192 -35.6870 0.0000 1650400558058 1939071.7500 -0.1965
-7.9681 78.8503 -35.7940 0.0000 1650400558088 1939100.7500 -0.1965
-8.0438 78.6487 -36.4310 0.0000 1650400558116 1939129.7500 -0.1965
-8.3491 78.3810 -37.4789 0.0000 1650400558145 1939158.7500 -0.1965
-7.9598 78.7359 -37.5420 0.0000 1650400558174 1939188.7500 -0.1965
-8.1135 78.6851 -38.2282 0.0000 1650400558203 1939219.5000 -0.1960
-8.4047 78.3394 -39.2689 0.0000 1650400558232 1939245.7500 -0.1960
-8.0182 78.6055 -39.2716 0.0000 1650400558261 1939274.7500 -0.1960
-7.9691 78.7527 -39.6368 0.0000 1650400558290 1939303.7500 -0.1960
-8.0546 78.4846 -40.2702 0.0000 1650400558319 1939332.7500 -0.1957
-8.2672 78.1798 -40.9954 0.0000 1650400558348 1939361.7500 -0.1955
-8.2507 78.4517 -41.0769 0.0000 1650400558376 1939390.7500 -0.1960
-8.1089 78.5312 -40.9910 0.0000 1650400558405 1939419.7500 -0.1960
-8.0810 78.6142 -41.6295 0.0000 1650400558435 1939451.2500 -0.1957
-8.0964 78.1456 -41.7911 0.0000 1650400558464 1939479.0000 -0.1955
-8.0226 78.4433 -42.3510 0.0000 1650400558493 1939506.7500 -0.1960
-8.3857 78.3184 -42.7274 0.0000 1650400558522 1939537.0000 -0.1960
-7.8433 78.5890 -42.4101 0.0000 1650400558551 1939564.5000 -0.1960
-8.0986 78.4863 -42.6786 0.0000 1650400558580 1939593.5000 -0.1960
-7.8725 78.4329 -42.6360 0.0000 1650400558609 1939622.2500 -0.1960
-7.8642 78.7112 -42.4880 0.0000 1650400558637 1939651.2500 -0.1960
-8.1239 78.6134 -43.0099 0.0000 1650400558667 1939680.2500 -0.1960
-7.9874 78.5696 -43.1227 0.0000 1650400558695 1939709.2500 -0.1960
-8.0070 78.7045 -42.9239 0.0000 1650400558724 1939738.2500 -0.1960
-8.1133 78.5462 -43.0994 0.0000 1650400558753 1939767.2500 -0.1960
-7.9579 78.6990 -42.9844 0.0000 1650400558782 1939796.2500 -0.1960
-8.0627 78.7424 -43.0062 0.0000 1650400558811 1939825.2500 -0.1960
-8.0804 78.5918 -43.0270 0.0000 1650400558841 1939854.2500 -0.1960
-8.0467 78.7588 -42.8040 0.0000 1650400558870 1939883.2500 -0.1960
-7.7760 78.8511 -42.4627 0.0000 1650400558899 1939912.2500 -0.1960
-7.9603 79.0216 -42.3873 0.0000 1650400558928 1939941.2500 -0.1960
-7.8196 78.8926 -42.0437 0.0000 1650400558956 1939972.5000 -0.1960
-7.7223 79.0646 -41.7811 0.0000 1650400558986 1939998.7500 -0.1955
-7.7652 78.8682 -41.7006 0.0000 1650400559014 1940028.0000 -0.1955
-8.0868 78.7132 -41.5600 0.0000 1650400559043 1940056.7500 -0.1955
-7.9500 78.6879 -41.3288 0.0000 1650400559072 1940085.7500 -0.1955
-8.1168 78.6276 -40.9823 0.0000 1650400559101 1940114.7500 -0.1955
-8.0271 78.6101 -40.8037 0.0000 1650400559130 1940143.7500 -0.1955
-8.2094 78.6669 -40.3768 0.0000 1650400559159 1940172.7500 -0.1955
-8.2202 78.5716 -39.8987 0.0000 1650400559188 1940203.2500 -0.1955
-8.1181 78.5594 -39.5732 0.0000 1650400559217 1940231.5000 -0.1954
-8.1288 78.7056 -39.0825 0.0000 1650400559247 1940259.7500 -0.1950
-8.2685 78.5364 -38.7699 0.0000 1650400559275 1940290.2500 -0.1950
-7.9349 78.7262 -37.9641 0.0000 1650400559304 1940319.0000 -0.1950
-8.0038 78.7772 -37.3406 0.0000 1650400559333 1940346.7500 -0.1950
-8.2327 78.5651 -37.2539 0.0000 1650400559362 1940375.7500 -0.1950
-8.1581 78.7002 -36.3725 0.0000 1650400559391 1940404.7500 -0.1955
-8.3385 78.6404 -35.7650 0.0000 1650400559420 1940433.7500 -0.1955
-8.0795 79.1494 -34.8247 0.0000 1650400559449 1940462.7500 -0.1955
-8.3775 78.6455 -34.7338 0.0000 1650400559478 1940491.7500 -0.1955
-7.9960 79.0450 -33.7673 0.0000 1650400559507 1940520.7500 -0.1955
-8.2375 78.9963 -33.3682 0.0000 1650400559535 1940549.7500 -0.1955
-8.2889 78.8361 -32.7311 0.0000 1650400559565 1940578.7500 -0.1955
-8.1187 78.9114 -31.9641 0.0000 1650400559594 1940607.7500 -0.1955
-8.1311 78.9640 -31.3821 0.0000 1650400559623 1940636.7500 -0.1955
-8.1130 78.9337 -30.7504 0.0000 1650400559651 1940665.5000 -0.1955
-8.0462 78.8630 -30.0949 0.0000 1650400559681 1940694.5000 -0.1955
-8.2179 78.7138 -29.4810 0.0000 1650400559710 1940724.7500 -0.1955
-7.9537 78.7633 -28.6219 0.0000 1650400559739 1940753.0000 -0.1955
-8.2355 78.7374 -28.0365 0.0000 1650400559768 1940781.2500 -0.1955
-8.1511 78.7546 -27.2265 0.0000 1650400559797 1940810.2500 -0.1955
-8.1482 78.7848 -26.5925 0.0000 1650400559826 1940839.2500 -0.1950
-8.2896 78.5627 -26.0184 0.0000 1650400559854 1940868.2500 -0.1950
-8.2944 78.6890 -25.2632 0.0000 1650400559883 1940897.2500 -0.1950
-8.1932 78.7614 -24.6271 0.0000 1650400559912 1940926.2500 -0.1950
-8.1802 78.3569 -24.0379 0.0000 1650400559941 1940955.2500 -0.1950
-8.1255 78.7933 -23.2179 0.0000 1650400559970 1940985.5000 -0.1950
-8.2407 78.6225 -22.7879 0.0000 1650400559999 1941014.2500 -0.1945
-8.2174 78.5725 -22.0152 0.0000 1650400560029 1941042.2500 -0.1945
-7.8863 78.7981 -21.2073 0.0000 1650400560058 1941072.5000 -0.1950
-8.1214 78.3823 -21.0056 0.0000 1650400560087 1941100.0000 -0.1950
-8.0188 78.4643 -20.6018 0.0000 1650400560115 1941129.0000 -0.1950
-7.8569 78.5422 -20.4950 0.0000 1650400560145 1941158.0000 -0.1950
-7.9502 78.7047 -20.4246 0.0000 1650400560173 1941186.7500 -0.1950
-8.0162 78.7114 -20.5153 0.0000 1650400560202 1941215.7500 -0.1950
-7.8695 78.7417 -20.5585 0.0000 1650400560231 1941244.7500 -0.1951
-7.7855 78.8084 -20.4001 0.0000 1650400560260 1941273.7500 -0.1955
-8.0356 78.7490 -20.5677 0.0000 1650400560289 1941302.7500 -0.1955
-7.9733 78.7281 -20.4147 0.0000 1650400560318 1941331.7500 -0.1955
-8.0671 78.7534 -20.5542 0.0000 1650400560347 1941360.7500 -0.1955
-8.0215 78.7182 -20.5905 0.0000 1650400560376 1941389.7500 -0.1955
-7.9118 78.7697 -20.4985 0.0000 1650400560406 1941418.7500 -0.1955
-8.1589 78.7638 -20.4606 0.0000 1650400560434 1941447.7500 -0.1955
-8.0020 78.9422 -20.4085 0.0000 1650400560463 1941476.7500 -0.1955
-7.9325 78.9311 -20.3701 0.0000 1650400560492 1941507.0000 -0.1955
-7.9847 79.0019 -20.4902 0.0000 1650400560521 1941536.0000 -0.1955
-7.9100 78.8534 -20.4495 0.0000 1650400560550 1941563.7500 -0.1955
-7.8234 78.9582 -20.3918 0.0000 1650400560579 1941592.7500 -0.1955
-7.9154 79.0107 -20.3665 0.0000 1650400560608 1941621.5000 -0.1955
-7.9585 79.0728 -20.2960 0.0000 1650400560637 1941650.7500 -0.1955
-7.8848 78.9784 -20.3419 0.0000 1650400560666 1941679.7500 -0.1950
-7.8985 79.0642 -20.3677 0.0000 1650400560694 1941708.7500 -0.1950
-7.8774 78.9560 -20.4129 0.0000 1650400560724 1941737.7500 -0.1950
-7.8585 78.9181 -20.4639 0.0000 1650400560752 1941769.0000 -0.1950
-7.9274 79.0663 -20.3332 0.0000 1650400560782 1941795.5000 -0.1950
-7.9791 79.0099 -20.3795 0.0000 1650400560811 1941824.5000 -0.1950
-7.9604 79.0333 -20.2976 0.0000 1650400560840 1941853.0000 -0.1945
-7.8775 78.9025 -20.3813 0.0000 1650400560869 1941882.2500 -0.1945
-7.9279 78.9661 -20.3720 0.0000 1650400560898 1941911.2500 -0.1950
-7.8892 79.0446 -20.2228 0.0000 1650400560927 1941940.2500 -0.1950
-7.8387 79.0605 -20.2419 0.0000 1650400560956 1941969.2500 -0.1950
-7.8470 78.9851 -20.3305 0.0000 1650400560985 1941998.2500 -0.1950
-7.9650 78.9803 -20.3680 0.0000 1650400561013 1942027.2500 -0.1950
-7.8949 78.9807 -20.3429 0.0000 1650400561043 1942056.2500 -0.1950
-7.8940 78.9269 -20.3737 0.0000 1650400561071 1942085.2500 -0.1952
-7.8754 78.9462 -20.3524 0.0000 1650400561100 1942114.2500 -0.1955
-8.0391 79.0299 -20.3052 0.0000 1650400561129 1942143.2500 -0.1955
-7.8509 79.0405 -20.2476 0.0000 1650400561159 1942172.2500 -0.1955
-7.8929 78.9960 -20.3062 0.0000 1650400561188 1942201.0000 -0.1955
-7.8282 78.9575 -20.3190 0.0000 1650400561217 1942230.0000 -0.1955
-7.8737 78.9599 -20.2861 0.0000 1650400561246 1942260.5000 -0.1955
-7.8690 78.8750 -20.4627 0.0000 1650400561274 1942289.0000 -0.1955
-7.8991 78.8790 -20.3835 0.0000 1650400561304 1942316.7500 -0.1955
-7.7960 78.8740 -20.3205 0.0000 1650400561332 1942345.7500 -0.1955
-7.9813 78.9886 -20.3132 0.0000 1650400561361 1942374.7500 -0.1955
-7.8907 78.9399 -20.3123 0.0000 1650400561390 1942403.7500 -0.1955
-7.7359 78.8969 -20.3556 0.0000 1650400561419 1942432.7500 -0.1955
-7.8059 78.9709 -20.9109 0.0000 1650400561448 1942461.7500 -0.1955
-7.7877 79.0117 -21.7088 0.0000 1650400561477 1942490.7500 -0.1955
-7.8342 78.8558 -22.0946 0.0000 1650400561506 1942520.7500 -0.1955
-7.9505 78.6473 -22.9979 0.0000 1650400561535 1942551.5000 -0.1955
-7.6461 78.9564 -23.7358 0.0000 1650400561564 1942577.7500 -0.1950
-7.8481 78.6707 -24.3243 0.0000 1650400561593 1942607.7500 -0.1950
-8.0405 78.5658 -25.2010 0.0000 1650400561623 1942635.7500 -0.1950
-7.6802 78.7800 -25.6046 0.0000 1650400561651 1942664.7500 -0.1950
-7.9292 78.5124 -26.2939 0.0000 1650400561680 1942693.7500 -0.1950
-7.8337 78.7322 -26.9881 0.0000 1650400561709 1942722.7500 -0.1950
-7.7891 78.6690 -27.4793 0.0000 1650400561738 1942751.7500 -0.1950
-8.1517 78.5472 -28.5509 0.0000 1650400561767 1942780.7500 -0.1950
-7.6572 78.8569 -28.7481 0.0000 1650400561796 1942809.7500 -0.1950
-8.1858 78.5000 -29.8264 0.0000 1650400561825 1942838.7500 -0.1950
-7.9571 78.5858 -30.4370 0.0000 1650400561854 1942867.7500 -0.1952
-7.7955 78.8940 -30.7734 0.0000 1650400561883 1942896.5000 -0.1955
-8.2941 78.4420 -31.9418 0.0000 1650400561911 1942925.5000 -0.1955
-8.0149 78.7442 -32.3491 0.0000 1650400561941 1942954.2500 -0.1955
-7.9776 78.8070 -32.8406 0.0000 1650400561970 1942983.2500 -0.1955
-8.4047 78.4784 -33.9171 0.0000 1650400561999 1943012.2500 -0.1955
-7.9064 78.8006 -34.2168 0.0000 1650400562028 1943042.5000 -0.1955
-8.0823 78.6566 -34.8525 0.0000 1650400562057 1943071.5000 -0.1955
-8.0861 78.6550 -35.6182 0.0000 1650400562086 1943099.2500 -0.1957
-7.9451 78.7896 -35.9656 0.0000 1650400562115 1943128.2500 -0.1960
-8.0411 78.6356 -36.6318 0.0000 1650400562144 1943157.2500 -0.1958
-8.2831 78.5583 -37.4368 0.0000 1650400562172 1943186.2500 -0.1955
-7.9228 78.5756 -37.7674 0.0000 1650400562202 1943215.2500 -0.1955
-8.0348 78.6705 -38.3049 0.0000 1650400562230 1943244.2500 -0.1960
-8.2368 78.3385 -39.3170 0.0000 1650400562259 1943273.2500 -0.1960
-7.8878 78.5181 -39.3137 0.0000 1650400562288 1943306.2500 -0.1955
-8.0323 78.6444 -39.7381 0.0000 1650400562318 1943330.7500 -0.1955
-8.0112 78.3238 -40.3978 0.0000 1650400562347 1943360.0000 -0.1955
-8.0536 78.3977 -40.7188 0.0000 1650400562376 1943391.5000 -0.1955
-8.1302 78.3150 -41.0993 0.0000 1650400562405 1943419.0000 -0.1950
-7.7255 78.5593 -40.8501 0.0000 1650400562434 1943446.7500 -0.1950
-8.1201 78.5422 -41.7259 0.0000 1650400562463 1943475.7500 -0.1955
-8.0374 78.5640 -41.9932 0.0000 1650400562491 1943504.7500 -0.1955
-8.1079 78.2999 -42.4453 0.0000 1650400562520 1943533.7500 -0.1955
-8.3007 78.0854 -42.7358 0.0000 1650400562549 1943562.7500 -0.1955
-7.9391 78.7729 -42.3751 0.0000 1650400562578 1943591.7500 -0.1950
-8.0620 78.3682 -42.7462 0.0000 1650400562607 1943620.7500 -0.1950
-8.1733 78.6517 -42.7106 0.0000 1650400562636 1943649.7500 -0.1950
-8.1164 78.4456 -42.9094 0.0000 1650400562665 1943678.7500 -0.1950
-7.9083 78.5479 -42.8787 0.0000 1650400562694 1943707.7500 -0.1950
-8.0380 78.6294 -43.0181 0.0000 1650400562724 1943736.7500 -0.1950
-7.9253 78.6629 -42.9184 0.0000 1650400562752 1943765.7500 -0.1950
-8.1483 78.4715 -43.1557 0.0000 1650400562782 1943794.7500 -0.1950
-8.0444 78.5583 -43.0224 0.0000 1650400562810 1943827.7500 -0.1950
-7.9962 78.6818 -43.0189 0.0000 1650400562839 1943852.2500 -0.1955
-8.0425 78.6931 -42.9496 0.0000 1650400562868 1943881.7500 -0.1955
-7.9100 78.6218 -42.9283 0.0000 1650400562897 1943910.7500 -0.1955
-7.7366 78.8323 -42.4736 0.0000 1650400562926 1943939.7500 -0.1955
-7.8985 78.9800 -42.3405 0.0000 1650400562955 1943968.7500 -0.1955
-7.7583 79.0969 -41.8512 0.0000 1650400562984 1943997.5000 -0.1955
-7.7554 79.0461 -41.8717 0.0000 1650400563013 1944026.5000 -0.1955
-7.8484 78.7977 -41.7788 0.0000 1650400563042 1944058.2500 -0.1955
-8.0048 78.6354 -41.5063 0.0000 1650400563070 1944085.2500 -0.1950
-8.1086 78.6851 -41.2512 0.0000 1650400563100 1944113.2500 -0.1950
-7.8687 78.6788 -40.8964 0.0000 1650400563129 1944142.2500 -0.1950
-7.9958 78.6053 -40.6421 0.0000 1650400563158 1944171.0000 -0.1950
-8.1803 78.5928 -40.2919 0.0000 1650400563187 1944200.2500 -0.1950
-8.0174 78.6573 -39.7105 0.0000 1650400563216 1944229.2500 -0.1950
-8.0390 78.5754 -39.3765 0.0000 1650400563245 1944258.2500 -0.1950
-8.1074 78.7044 -39.0662 0.0000 1650400563274 1944287.2500 -0.1950
-8.0856 78.6918 -38.4327 0.0000 1650400563303 1944316.2500 -0.1950
-8.2540 78.5905 -37.9591 0.0000 1650400563331 1944345.2500 -0.1950
-8.2578 78.4454 -37.5755 0.0000 1650400563361 1944374.2500 -0.1950
-8.0919 78.8318 -36.7471 0.0000 1650400563389 1944403.2500 -0.1950
-8.1359 78.8237 -36.0381 0.0000 1650400563418 1944432.0000 -0.1950
-8.1707 78.7261 -35.7776 0.0000 1650400563447 1944461.0000 -0.1950
-8.2574 78.7783 -35.1093 0.0000 1650400563477 1944490.0000 -0.1945
-8.0957 78.9540 -34.3482 0.0000 1650400563506 1944518.7500 -0.1945
-8.1794 78.8942 -33.7463 0.0000 1650400563535 1944547.7500 -0.1947
-8.1683 78.9250 -33.1891 0.0000 1650400563564 1944576.5000 -0.1950
-8.2835 78.9099 -32.5414 0.0000 1650400563593 1944605.5000 -0.1950
-8.2155 78.9677 -31.8551 0.0000 1650400563622 1944634.7500 -0.1950
-8.2140 78.7872 -31.3048 0.0000 1650400563650 1944663.7500 -0.1950
-8.1401 78.9470 -30.5098 0.0000 1650400563680 1944692.7500 -0.1950
-8.0077 79.1055 -29.7463 0.0000 1650400563708 1944721.7500 -0.1950
-7.9794 78.9326 -29.1398 0.0000 1650400563737 1944750.7500 -0.1950
-7.9425 78.9713 -28.4211 0.0000 1650400563766 1944779.7500 -0.1950
-8.2290 78.6593 -28.0127 0.0000 1650400563795 1944808.7500 -0.1950
-7.9738 78.7910 -27.1575 0.0000 1650400563824 1944840.5000 -0.1950
-7.8582 78.8659 -26.4575 0.0000 1650400563853 1944868.0000 -0.1950
-8.2054 78.5451 -25.8498 0.0000 1650400563882 1944895.7500 -0.1950
-8.0422 78.7635 -25.0994 0.0000 1650400563912 1944924.5000 -0.1950
-7.9215 78.6682 -24.5836 0.0000 1650400563941 1944953.7500 -0.1950
-8.1821 78.4343 -23.9068 0.0000 1650400563969 1944982.7500 -0.1950
-8.1452 78.6042 -23.1815 0.0000 1650400563998 1945011.7500 -0.1950
-8.2418 78.4341 -22.7086 0.0000 1650400564027 1945040.7500 -0.1950
-8.0433 78.6827 -21.6985 0.0000 1650400564056 1945069.7500 -0.1950
-8.1468 78.7601 -21.2059 0.0000 1650400564085 1945098.5000 -0.1950
-8.1371 78.5837 -20.7753 0.0000 1650400564114 1945127.5000 -0.1950
-8.0247 78.5257 -20.6013 0.0000 1650400564143 1945156.5000 -0.1945
-8.0231 78.7493 -20.4539 0.0000 1650400564172 1945185.2500 -0.1945
-8.1101 78.7917 -20.4805 0.0000 1650400564201 1945214.2500 -0.1945
-8.0099 78.6934 -20.6064 0.0000 1650400564229 1945243.2500 -0.1945
-8.0166 78.8285 -20.5040 0.0000 1650400564259 1945272.2500 -0.1945
-8.0818 78.8641 -20.4077 0.0000 1650400564288 1945301.2500 -0.1945
-8.1406 78.7140 -20.5669 0.0000 1650400564317 1945330.2500 -0.1946
-8.0387 78.8753 -20.3687 0.0000 1650400564346 1945362.0000 -0.1950
-8.1019 78.8107 -20.5496 0.0000 1650400564375 1945388.0000 -0.1945
-8.1966 78.7956 -20.5590 0.0000 1650400564404 1945417.2500 -0.1945
-8.0617 78.9090 -20.4579 0.0000 1650400564433 1945447.7500 -0.1946
-8.1269 78.8569 -20.5288 0.0000 1650400564462 1945475.0000 -0.1950
-8.1615 78.8492 -20.4749 0.0000 1650400564491 1945504.2500 -0.1950
-8.0038 78.9514 -20.4170 0.0000 1650400564520 1945533.0000 -0.1950
-8.0484 78.8161 -20.4939 0.0000 1650400564548 1945562.0000 -0.1950
-7.9695 78.9581 -20.4648 0.0000 1650400564577 1945592.5000 -0.1950
-8.0879 78.8515 -20.4951 0.0000 1650400564606 1945619.2500 -0.1950
-8.0728 78.9402 -20.3836 0.0000 1650400564636 1945648.7500 -0.1950
-8.0089 78.8575 -20.3979 0.0000 1650400564665 1945679.2500 -0.1950
-7.9665 78.9063 -20.3507 0.0000 1650400564694 1945708.0000 -0.1950
-8.0428 79.1217 -20.1722 0.0000 1650400564723 1945735.7500 -0.1950
-7.9770 78.9060 -20.2784 0.0000 1650400564752 1945764.7500 -0.1950
-8.0092 78.9027 -20.4418 0.0000 1650400564781 1945793.7500 -0.1950
-7.8821 79.0000 -20.3664 0.0000 1650400564809 1945822.7500 -0.1950
-7.9243 78.8871 -20.4609 0.0000 1650400564839 1945851.7500 -0.1950
-7.9378 79.0054 -20.3124 0.0000 1650400564867 1945880.7500 -0.1950
-7.8807 78.9196 -20.4317 0.0000 1650400564896 1945909.7500 -0.1950
-7.8654 78.8646 -20.3390 0.0000 1650400564925 1945938.7500 -0.1945
-7.9209 78.8807 -20.3464 0.0000 1650400564954 1945967.7500 -0.1945
-7.8743 78.9128 -20.3630 0.0000 1650400564983 1945996.7500 -0.1945
-7.7778 78.8232 -20.3817 0.0000 1650400565012 1946025.7500 -0.1945
-7.8711 78.8554 -20.4924 0.0000 1650400565041 1946054.7500 -0.1945
-7.9005 78.9394 -20.3476 0.0000 1650400565071 1946083.7500 -0.1945
-7.9702 78.8397 -20.4268 0.0000 1650400565100 1946112.7500 -0.1945
-7.8263 78.9924 -20.3623 0.0000 1650400565128 1946143.7500 -0.1945
-7.8935 78.9691 -20.2791 0.0000 1650400565157 1946170.7500 -0.1940
-7.8383 78.9243 -20.4018 0.0000 1650400565186 1946199.7500 -0.1940
-7.8222 78.9376 -20.3147 0.0000 1650400565215 1946228.5000 -0.1940
-8.0231 78.8961 -20.4136 0.0000 1650400565244 1946257.5000 -0.1940
-7.7525 79.0140 -20.1925 0.0000 1650400565273 1946286.2500 -0.1945
-7.9719 78.9090 -20.4024 0.0000 1650400565302 1946315.2500 -0.1945
-7.8836 78.8569 -20.4328 0.0000 1650400565331 1946344.2500 -0.1944
-7.8584 78.7425 -20.4447 0.0000 1650400565360 1946376.0000 -0.1940
-7.8861 78.9343 -20.3429 0.0000 1650400565388 1946401.7500 -0.1945
-7.9001 78.9162 -20.3872 0.0000 1650400565418 1946431.2500 -0.1945
-7.8243 78.6762 -20.6870 0.0000 1650400565447 1946461.2500 -0.1945
-8.1439 78.6908 -21.3826 0.0000 1650400565476 1946489.2500 -0.1945
-7.7070 78.9216 -21.9106 0.0000 1650400565505 1946518.2500 -0.1945
-7.8576 78.5820 -22.3954 0.0000 1650400565534 1946547.2500 -0.1945
-7.9012 78.6284 -23.3378 0.0000 1650400565563 1946576.2500 -0.1945
-7.4593 79.0232 -23.8693 0.0000 1650400565592 1946605.2500 -0.1945
-7.8101 78.5681 -24.5415 0.0000 1650400565621 1946634.0000 -0.1945
-7.9041 78.5867 -25.3512 0.0000 1650400565650 1946663.0000 -0.1945
-7.5629 78.8363 -25.7054 0.0000 1650400565679 1946692.0000 -0.1944
-8.0889 78.5013 -26.4603 0.0000 1650400565707 1946721.0000 -0.1940
-7.8245 78.8327 -27.0500 0.0000 1650400565737 1946749.7500 -0.1940
-7.9414 78.7039 -27.7181 0.0000 1650400565765 1946778.7500 -0.1940
-8.0628 78.5413 -28.6802 0.0000 1650400565794 1946807.7500 -0.1940
-7.8074 78.7857 -29.0664 0.0000 1650400565823 1946836.7500 -0.1935
-8.0664 78.4402 -29.8814 0.0000 1650400565853 1946865.7500 -0.1935
-7.8801 78.6983 -30.5634 0.0000 1650400565882 1946897.5000 -0.1940
-7.8835 78.7749 -30.9599 0.0000 1650400565911 1946923.5000 -0.1940
-8.1830 78.4317 -32.0285 0.0000 1650400565940 1946952.7500 -0.1950
-7.8608 78.7822 -32.3266 0.0000 1650400565969 1946981.7500 -0.1960
-8.0856 78.5390 -33.1836 0.0000 1650400565998 1947010.7500 -0.1974
-8.0579 78.5941 -33.8342 0.0000 1650400566026 1947039.7500 -0.1974
-8.0418 78.6558 -34.3052 0.0000 1650400566055 1947068.7500 -0.1979
-8.1576 78.5124 -35.1072 0.0000 1650400566084 1947097.7500 -0.1984
-8.1417 78.5068 -35.7626 0.0000 1650400566113 1947126.7500 -0.1989
-7.9436 78.7242 -36.0719 0.0000 1650400566142 1947159.7500 -0.1989
-8.1481 78.6047 -36.8658 0.0000 1650400566171 1947184.2500 -0.1991
-8.0244 78.5150 -37.4370 0.0000 1650400566200 1947213.7500 -0.1994
-7.9967 78.7052 -37.8709 0.0000 1650400566230 1947242.5000 -0.1995
-8.0876 78.4876 -38.5854 0.0000 1650400566259 1947271.7500 -0.1999
-8.2535 78.4746 -39.3661 0.0000 1650400566287 1947302.0000 -0.1999
-7.9426 78.6687 -39.4027 0.0000 1650400566317 1947329.7500 -0.1999
-8.0939 78.5687 -39.9588 0.0000 1650400566345 1947358.5000 -0.1999
-8.1714 78.2410 -40.5375 0.0000 1650400566374 1947387.5000 -0.1999
-8.1968 78.3204 -41.0443 0.0000 1650400566403 1947416.2500 -0.1999
-8.1024 78.5040 -41.1041 0.0000 1650400566432 1947445.2500 -0.1999
-8.0337 78.5618 -41.3199 0.0000 1650400566461 1947474.2500 -0.1999
-8.0714 78.5296 -41.4817 0.0000 1650400566490 1947503.2500 -0.1999
-8.3222 78.3020 -42.3369 0.0000 1650400566519 1947532.2500 -0.1999
-7.8564 78.4487 -42.2752 0.0000 1650400566548 1947561.2500 -0.1999
-8.2629 78.3514 -42.7642 0.0000 1650400566577 1947590.2500 -0.1998
-7.8579 78.3486 -42.6149 0.0000 1650400566606 1947619.2500 -0.1994
-7.9111 78.4644 -42.6150 0.0000 1650400566635 1947648.2500 -0.1994
-8.0429 78.5013 -42.8436 0.0000 1650400566664 1947679.5000 -0.1994
-7.8763 78.6747 -42.8685 0.0000 1650400566693 1947706.2500 -0.1994
-7.9653 78.5145 -43.1357 0.0000 1650400566722 1947735.2500 -0.1994
-7.9945 78.7322 -43.0526 0.0000 1650400566751 1947764.0000 -0.1994
-7.9535 78.6180 -42.9590 0.0000 1650400566780 1947793.0000 -0.1994
-7.9518 78.6042 -43.0618 0.0000 1650400566809 1947822.0000 -0.1994
-7.9337 78.5884 -43.1044 0.0000 1650400566838 1947850.7500 -0.1994
-7.9904 78.6626 -43.1255 0.0000 1650400566866 1947879.7500 -0.1994
-7.9460 78.7252 -42.8977 0.0000 1650400566896 1947910.2500 -0.1994
-7.9038 78.6202 -42.7345 0.0000 1650400566924 1947940.5000 -0.1994
-7.8024 78.8064 -42.4750 0.0000 1650400566953 1947966.7500 -0.1994
-7.9107 78.9920 -42.3094 0.0000 1650400566983 1947997.2500 -0.1994
-7.7194 79.0548 -42.0065 0.0000 1650400567012 1948024.7500 -0.1995
-7.8115 78.9255 -41.9365 0.0000 1650400567041 1948053.7500 -0.1999
-7.8670 78.7885 -41.6992 0.0000 1650400567070 1948082.7500 -0.1999
-7.9163 78.6491 -41.5570 0.0000 1650400567099 1948111.7500 -0.1999
-8.1881 78.5189 -41.2498 0.0000 1650400567128 1948140.7500 -0.1999
-8.0207 78.5680 -41.0581 0.0000 1650400567157 1948169.7500 -0.1999
-8.1896 78.6206 -40.5580 0.0000 1650400567185 1948198.7500 -0.1999
-7.9970 78.5365 -40.2416 0.0000 1650400567214 1948229.0000 -0.1999
-8.1343 78.5202 -39.7185 0.0000 1650400567243 1948256.7500 -0.1999
-8.1124 78.5533 -39.3599 0.0000 1650400567272 1948285.7500 -0.1999
-8.0193 78.6525 -38.9075 0.0000 1650400567301 1948314.7500 -0.1999
-8.1300 78.5069 -38.3458 0.0000 1650400567330 1948343.7500 -0.1994
-8.0893 78.6002 -37.7817 0.0000 1650400567359 1948372.7500 -0.1994
-8.0004 78.8272 -37.0733 0.0000 1650400567389 1948401.7500 -0.1994
-8.1954 78.5390 -36.7367 0.0000 1650400567418 1948431.7500 -0.1994
-8.1312 78.9394 -35.8468 0.0000 1650400567446 1948462.5000 -0.1994
-8.1497 78.7552 -35.6309 0.0000 1650400567476 1948488.5000 -0.1994
-8.0399 79.1416 -34.7112 0.0000 1650400567504 1948517.5000 -0.1994
-8.2311 78.9026 -34.1718 0.0000 1650400567533 1948546.2500 -0.1994
-8.1149 79.0379 -33.5596 0.0000 1650400567562 1948575.2500 -0.1989
-8.2118 78.8858 -33.1219 0.0000 1650400567591 1948604.2500 -0.1989
-8.2462 79.0734 -32.1651 0.0000 1650400567620 1948633.2500 -0.1989
-8.1252 79.0863 -31.6644 0.0000 1650400567649 1948662.2500 -0.1989
-8.1788 78.9628 -31.0143 0.0000 1650400567678 1948693.7500 -0.1989
-8.0241 78.9934 -30.2291 0.0000 1650400567707 1948720.0000 -0.1989
-8.0815 79.0005 -29.6890 0.0000 1650400567736 1948749.2500 -0.1989
-8.0440 78.9814 -28.9016 0.0000 1650400567765 1948779.0000 -0.1989
-7.9485 78.9594 -28.2442 0.0000 1650400567795 1948807.2500 -0.1989
-8.2290 78.7440 -27.6509 0.0000 1650400567823 1948836.2500 -0.1989
-7.9568 78.7879 -26.9829 0.0000 1650400567852 1948865.0000 -0.1991
-8.0033 78.8427 -26.3771 0.0000 1650400567881 1948894.0000 -0.1994
-7.8894 78.6687 -25.6730 0.0000 1650400567910 1948923.0000 -0.1994
-7.9010 78.9916 -24.9225 0.0000 1650400567939 1948952.0000 -0.1994
-8.1542 78.5264 -24.5129 0.0000 1650400567968 1948980.7500 -0.1994
-7.9815 78.7670 -23.5459 0.0000 1650400567997 1949009.7500 -0.1994
-7.9173 78.6850 -23.1522 0.0000 1650400568026 1949038.7500 -0.1994
-7.6486 78.8569 -22.2404 0.0000 1650400568055 1949067.7500 -0.1994
-7.7035 78.7905 -21.5793 0.0000 1650400568083 1949096.7500 -0.1994
-7.7650 78.9458 -20.8054 0.0000 1650400568112 1949125.7500 -0.1994
-7.9574 78.6210 -20.5579 0.0000 1650400568142 1949154.7500 -0.1994
-7.9020 78.5848 -20.5465 0.0000 1650400568171 1949183.7500 -0.1994
-7.7972 78.7639 -20.3773 0.0000 1650400568200 1949213.5000 -0.1994
-7.9950 78.7336 -20.4656 0.0000 1650400568229 1949241.5000 -0.1994
-8.0287 78.6967 -20.4769 0.0000 1650400568258 1949270.7500 -0.1994
-7.9712 78.8021 -20.5086 0.0000 1650400568287 1949299.7500 -0.1989
-8.0082 78.8327 -20.4590 0.0000 1650400568316 1949328.7500 -0.1989
-8.0599 78.7097 -20.6316 0.0000 1650400568344 1949357.7500 -0.1989
-8.0816 78.7724 -20.4893 0.0000 1650400568374 1949386.7500 -0.1989
-8.0198 78.7973 -20.5153 0.0000 1650400568402 1949415.7500 -0.1984
-7.9490 78.8562 -20.4650 0.0000 1650400568432 1949446.0000 -0.1984
-8.0663 78.7857 -20.4449 0.0000 1650400568460 1949474.5000 -0.1984
-8.0081 78.9564 -20.3996 0.0000 1650400568489 1949502.7500 -0.1984
-7.9315 78.9306 -20.3950 0.0000 1650400568518 1949531.7500 -0.1984
-7.9341 78.7821 -20.5011 0.0000 1650400568548 1949560.2500 -0.1984
-7.9204 78.9860 -20.2735 0.0000 1650400568577 1949589.5000 -0.1989
-7.9097 78.9975 -20.3025 0.0000 1650400568606 1949618.5000 -0.1989
-7.9217 78.7756 -20.4618 0.0000 1650400568635 1949647.2500 -0.1989
-7.7610 78.9223 -20.3632 0.0000 1650400568663 1949676.2500 -0.1989
-7.7586 78.9073 -20.3908 0.0000 1650400568692 1949705.2500 -0.1989
-7.8208 78.8912 -20.3035 0.0000 1650400568721 1949734.2500 -0.1989
-7.8400 78.8517 -20.3662 0.0000 1650400568750 1949763.2500 -0.1989
-7.8587 78.9218 -20.3897 0.0000 1650400568779 1949792.2500 -0.1989
-7.7611 78.9297 -20.3869 0.0000 1650400568808 1949821.2500 -0.1989
-7.8055 78.9794 -20.2986 0.0000 1650400568837 1949850.2500 -0.1994
-7.8087 78.9620 -20.3074 0.0000 1650400568866 1949879.2500 -0.1994
-7.8358 78.8229 -20.3188 0.0000 1650400568895 1949908.2500 -0.1994
-7.7786 78.7882 -20.4398 0.0000 1650400568924 1949937.2500 -0.1994
-7.6755 78.7955 -20.3316 0.0000 1650400568954 1949967.5000 -0.1994
-7.8855 78.7894 -20.4790 0.0000 1650400568982 1949996.0000 -0.1994
-7.8052 78.8517 -20.4153 0.0000 1650400569011 1950024.0000 -0.1994
-7.8582 78.8228 -20.4434 0.0000 1650400569040 1950053.0000 -0.1994
-7.7044 78.8052 -20.3447 0.0000 1650400569069 1950081.7500 -0.1994
-7.7715 78.8565 -20.3011 0.0000 1650400569098 1950110.7500 -0.1994
-7.7813 78.8726 -20.3831 0.0000 1650400569127 1950139.7500 -0.1994
-7.7534 78.9085 -20.3432 0.0000 1650400569156 1950168.7500 -0.1994
-7.7250 78.8643 -20.3738 0.0000 1650400569185 1950197.7500 -0.1989
-7.8653 78.8511 -20.3783 0.0000 1650400569214 1950226.5000 -0.1989
-7.7186 78.9721 -20.3662 0.0000 1650400569242 1950257.0000 -0.1989
-7.8504 78.9269 -20.3469 0.0000 1650400569272 1950284.7500 -0.1989
-7.7097 78.8101 -20.3865 0.0000 1650400569300 1950315.0000 -0.1989
-7.8219 78.6832 -20.5861 0.0000 1650400569330 1950342.7500 -0.1989
-7.8424 78.6424 -20.5315 0.0000 1650400569359 1950371.7500 -0.1989
-7.7506 78.5726 -20.4650 0.0000 1650400569388 1950400.7500 -0.1989
-7.6596 78.7451 -20.4968 0.0000 1650400569417 1950429.7500 -0.1989
-7.7296 78.7479 -20.4464 0.0000 1650400569446 1950458.7500 -0.1989
-7.5316 78.6928 -20.6935 0.0000 1650400569475 1950487.7500 -0.1994
-7.8199 78.4737 -21.6146 0.0000 1650400569504 1950516.7500 -0.1994
-7.4911 78.8531 -21.9849 0.0000 1650400569533 1950545.7500 -0.1994
-7.6745 78.6842 -22.5871 0.0000 1650400569561 1950574.7500 -0.1994
-7.7280 78.6556 -23.5308 0.0000 1650400569590 1950603.7500 -0.1994
-7.4361 78.8012 -23.9461 0.0000 1650400569619 1950632.7500 -0.1994
-8.0051 78.3744 -24.8231 0.0000 1650400569648 1950661.7500 -0.1994
-7.7003 78.7486 -25.4720 0.0000 1650400569677 1950690.5000 -0.1994
-7.6887 78.6730 -25.8184 0.0000 1650400569706 1950719.5000 -0.1994
-8.0176 78.4878 -26.7933 0.0000 1650400569736 1950751.0000 -0.1994
-7.5393 78.9319 -27.0620 0.0000 1650400569765 1950776.7500 -0.1994
-8.0772 78.4699 -28.0461 0.0000 1650400569794 1950806.2500 -0.1994
-7.9492 78.6994 -28.7000 0.0000 1650400569822 1950835.2500 -0.1994
-7.6284 78.8532 -29.0008 0.0000 1650400569852 1950864.2500 -0.1994
-8.1950 78.3523 -30.1904 0.0000 1650400569880 1950893.2500 -0.1993
-7.6811 78.8858 -30.4761 0.0000 1650400569909 1950922.2500 -0.1989
-8.2204 78.5677 -31.3995 0.0000 1650400569938 1950951.2500 -0.1989
-8.1261 78.5561 -32.1379 0.0000 1650400569967 1950981.7500 -0.1989
-7.9342 78.8363 -32.6073 0.0000 1650400569996 1951011.7500 -0.1989
-8.2400 78.5216 -33.4620 0.0000 1650400570025 1951038.2500 -0.1984
-8.0607 78.6762 -34.0810 0.0000 1650400570054 1951068.7500 -0.1984
-7.9985 78.8146 -34.3956 0.0000 1650400570083 1951097.0000 -0.1984
-8.3076 78.4980 -35.4684 0.0000 1650400570113 1951125.0000 -0.1984
-8.0118 78.7483 -35.7366 0.0000 1650400570141 1951154.0000 -0.1984
-7.9100 78.7025 -36.3036 0.0000 1650400570170 1951183.0000 -0.1984
-8.2241 78.4941 -37.1542 0.0000 1650400570199 1951211.7500 -0.1984
-7.9532 78.6456 -37.5438 0.0000 1650400570228 1951240.7500 -0.1984
-7.8395 78.8628 -37.8505 0.0000 1650400570257 1951269.7500 -0.1984
-8.2007 78.3861 -38.9118 0.0000 1650400570286 1951298.7500 -0.1984
-8.0723 78.5715 -39.4024 0.0000 1650400570315 1951327.7500 -0.1984
-7.8889 78.5624 -39.4991 0.0000 1650400570344 1951356.7500 -0.1984
-7.9976 78.6259 -39.9952 0.0000 1650400570373 1951385.7500 -0.1989
-8.1702 78.3359 -40.7801 0.0000 1650400570401 1951414.7500 -0.1989
-7.9766 78.3563 -40.8962 0.0000 1650400570431 1951443.7500 -0.1989
-8.2169 78.2848 -41.2430 0.0000 1650400570459 1951472.7500 -0.1989
-8.0895 78.5472 -41.2065 0.0000 1650400570489 1951503.2500 -0.1991
-8.0773 78.4660 -41.9648 0.0000 1650400570518 1951529.7500 -0.1994
-7.9382 78.5765 -41.9442 0.0000 1650400570547 1951559.7500 -0.1993
-8.2733 78.2858 -42.6931 0.0000 1650400570576 1951588.7500 -0.1989
-8.0525 78.0832 -42.5315 0.0000 1650400570605 1951617.7500 -0.1989
-7.9463 78.3076 -42.5137 0.0000 1650400570634 1951646.7500 -0.1994
-7.9592 78.4971 -42.7098 0.0000 1650400570663 1951675.7500 -0.1994
-7.8356 78.4785 -42.7733 0.0000 1650400570692 1951704.7500 -0.1994
-8.0229 78.5325 -42.7864 0.0000 1650400570720 1951733.7500 -0.1994
-8.0190 78.4998 -42.9390 0.0000 1650400570749 1951765.2500 -0.1994
-8.2546 78.4815 -43.1384 0.0000 1650400570778 1951793.0000 -0.1994
-7.9539 78.7238 -43.0024 0.0000 1650400570807 1951820.5000 -0.1994
-8.0622 78.6479 -43.0458 0.0000 1650400570836 1951852.0000 -0.1994
-8.0032 78.5864 -43.0674 0.0000 1650400570866 1951878.2500 -0.1994
-8.1031 78.6531 -43.1342 0.0000 1650400570895 1951907.2500 -0.1994
-7.9137 78.7813 -42.8597 0.0000 1650400570924 1951936.2500 -0.1989
-7.8837 78.8395 -42.6998 0.0000 1650400570953 1951965.2500 -0.1989
-7.8635 78.9423 -42.4147 0.0000 1650400570981 1951994.2500 -0.1989
