-8.0371 77.3983 -28.5592 0.0000 1650400703457 2084438.0000 -0.1955
-8.0594 77.3257 -28.7868 0.0000 1650400703511 2084492.0000 -0.1955
-8.1194 77.2867 -28.5904 0.0000 1650400703565 2084545.0000 -0.1955
-8.0306 77.4045 -28.5775 0.0000 1650400703619 2084599.0000 -0.1955
-8.0131 77.2662 -28.6657 0.0000 1650400703673 2084653.0000 -0.1950
-8.2133 77.6176 -28.4809 0.0000 1650400703727 2084707.0000 -0.1950
-8.1639 77.2908 -28.6726 0.0000 1650400703781 2084761.0000 -0.1955
-8.1426 77.3694 -28.6543 0.0000 1650400703836 2084815.0000 -0.1955
-8.1445 77.5329 -28.5564 0.0000 1650400703890 2084869.0000 -0.1955
-8.0695 77.3034 -28.7418 0.0000 1650400703944 2084923.0000 -0.1955
-8.1264 77.6254 -28.4943 0.0000 1650400703998 2084977.0000 -0.1950
-8.0151 77.2900 -28.4921 0.0000 1650400704050 2085031.0000 -0.1955
-8.0065 77.2879 -28.5775 0.0000 1650400704104 2085085.0000 -0.1955
-8.0477 77.3813 -28.5262 0.0000 1650400704158 2085139.0000 -0.1950
-8.0496 77.4852 -28.5766 0.0000 1650400704213 2085193.0000 -0.1950
-8.2249 77.4107 -28.6892 0.0000 1650400704267 2085247.0000 -0.1950
-8.0108 77.3470 -28.7185 0.0000 1650400704321 2085301.0000 -0.1950
-8.1330 77.3162 -28.7175 0.0000 1650400704375 2085355.0000 -0.1955
-8.1309 77.3857 -28.5895 0.0000 1650400704429 2085409.0000 -0.1955
-8.0738 77.5909 -28.6667 0.0000 1650400704483 2085463.0000 -0.1955
-8.1136 77.2990 -28.7168 0.0000 1650400704537 2085517.0000 -0.1950
-8.0516 77.2794 -28.5826 0.0000 1650400704592 2085571.0000 -0.1955
-8.0387 77.3852 -28.5051 0.0000 1650400704646 2085625.0000 -0.1955
-8.1019 77.3735 -29.2676 0.0000 1650400704698 2085679.0000 -0.1955
-8.0254 77.6145 -28.6606 0.0000 1650400704752 2085733.0000 -0.1950
-8.1560 77.3226 -28.5685 0.0000 1650400704806 2085787.0000 -0.1950
-8.1849 77.4426 -29.2552 0.0000 1650400704860 2085841.0000 -0.1955
-8.2257 77.2793 -28.7899 0.0000 1650400704914 2085894.0000 -0.1955
-8.1432 77.1988 -28.5939 0.0000 1650400704969 2085948.0000 -0.1955
-7.9775 77.3336 -28.6614 0.0000 1650400705023 2086002.0000 -0.1950
-8.0296 77.2862 -28.7309 0.0000 1650400705077 2086056.0000 -0.1950
-8.1455 77.3789 -28.6084 0.0000 1650400705131 2086110.0000 -0.1955
-8.2035 77.4312 -28.6897 0.0000 1650400705185 2086164.0000 -0.1950
-8.0169 77.3542 -28.7774 0.0000 1650400705239 2086218.0000 -0.1945
-8.0862 77.4391 -28.5297 0.0000 1650400705291 2086272.0000 -0.1940
-8.0208 77.3389 -29.2980 0.0000 1650400705345 2086326.0000 -0.1940
-8.0610 77.2758 -29.3772 0.0000 1650400705400 2086380.0000 -0.1945
-8.1284 77.3142 -28.8680 0.0000 1650400705454 2086434.0000 -0.1945
-8.1365 77.3130 -28.7156 0.0000 1650400705508 2086488.0000 -0.1945
-8.1913 77.3400 -28.8121 0.0000 1650400705562 2086542.0000 -0.1945
-7.9950 77.2811 -28.6812 0.0000 1650400705616 2086596.0000 -0.1940
-8.0027 77.2336 -28.8392 0.0000 1650400705670 2086650.0000 -0.1945
-8.1132 77.4082 -28.6593 0.0000 1650400705724 2086704.0000 -0.1945
-8.1344 77.3497 -28.8568 0.0000 1650400705779 2086758.0000 -0.1945
-8.0716 77.3196 -29.3788 0.0000 1650400705833 2086812.0000 -0.1945
-7.9949 77.3790 -28.7249 0.0000 1650400705887 2086866.0000 -0.1945
-8.7022 76.9742 -28.1678 0.0000 1650400705939 2086920.0000 -0.1950
-8.3203 77.8176 -26.5732 0.0000 1650400705993 2086974.0000 -0.1950
-8.1733 77.5256 -25.5303 0.0000 1650400706047 2087028.0000 -0.1950
-8.2978 77.5409 -24.3887 0.0000 1650400706101 2087082.0000 -0.1945
-8.4171 77.4558 -24.2122 0.0000 1650400706156 2087136.0000 -0.1945
-7.9769 77.3726 -24.3628 0.0000 1650400706210 2087190.0000 -0.1950
-8.1283 77.6119 -23.7320 0.0000 1650400706264 2087243.0000 -0.1950
-8.6575 77.7727 -25.2505 0.0000 1650400706318 2087297.0000 -0.1950
-8.7078 77.6199 -26.6531 0.0000 1650400706372 2087351.0000 -0.1950
-8.5611 77.4594 -28.4029 0.0000 1650400706426 2087405.0000 -0.1950
-8.5642 77.4107 -30.5510 0.0000 1650400706480 2087459.0000 -0.1950
-9.0427 77.5084 -32.1127 0.0000 1650400706532 2087513.0000 -0.1955
-8.6066 77.5073 -33.2660 0.0000 1650400706587 2087567.0000 -0.1950
-8.7848 77.0760 -32.8337 0.0000 1650400706641 2087621.0000 -0.1950
-9.1537 77.3890 -34.1979 0.0000 1650400706695 2087675.0000 -0.1945
-9.1922 79.2174 -33.8358 0.0000 1650400706749 2087729.0000 -0.1950
-8.9052 77.3299 -32.2900 0.0000 1650400706803 2087783.0000 -0.1945
-9.0878 77.6443 -31.4877 0.0000 1650400706857 2087837.0000 -0.1945
-9.0578 77.6006 -29.6259 0.0000 1650400706911 2087891.0000 -0.1945
-8.5289 77.4547 -27.8180 0.0000 1650400706966 2087945.0000 -0.1945
-8.3859 77.5244 -26.6393 0.0000 1650400707020 2087999.0000 -0.1945
-8.5411 77.3428 -25.3202 0.0000 1650400707074 2088053.0000 -0.1950
-8.5464 77.4874 -24.4868 0.0000 1650400707126 2088107.0000 -0.1945
-8.4546 77.3186 -24.1433 0.0000 1650400707180 2088161.0000 -0.1945
-8.6551 77.3393 -23.8129 0.0000 1650400707234 2088215.0000 -0.1945
-8.6310 77.6447 -24.2590 0.0000 1650400707288 2088269.0000 -0.1950
-8.6038 77.4770 -26.2814 0.0000 1650400707343 2088323.0000 -0.1950
-8.6178 77.3428 -26.9656 0.0000 1650400707397 2088377.0000 -0.1945
-8.6923 77.4442 -28.8645 0.0000 1650400707451 2088431.0000 -0.1945
-9.2379 77.4041 -31.1627 0.0000 1650400707505 2088485.0000 -0.1950
-9.0386 77.5266 -32.0164 0.0000 1650400707559 2088539.0000 -0.1950
-8.8876 77.4724 -33.1359 0.0000 1650400707613 2088592.0000 -0.1955
-9.1728 77.1514 -34.0019 0.0000 1650400707667 2088646.0000 -0.1950
-9.1560 79.2682 -33.1504 0.0000 1650400707722 2088700.0000 -0.1950
-8.7967 77.4980 -32.8147 0.0000 1650400707774 2088754.0000 -0.1950
-9.1800 77.5027 -32.1571 0.0000 1650400707828 2088808.0000 -0.1955
-8.9206 77.5212 -30.5985 0.0000 1650400707882 2088862.0000 -0.1955
-8.5115 77.5195 -28.9690 0.0000 1650400707936 2088916.0000 -0.1950
-8.5656 77.5479 -27.4664 0.0000 1650400707990 2088970.0000 -0.1950
-8.4950 77.4975 -25.9791 0.0000 1650400708044 2089024.0000 -0.1945
-8.4572 77.4211 -24.9317 0.0000 1650400708099 2089078.0000 -0.1950
-8.3723 77.5112 -24.5733 0.0000 1650400708153 2089132.0000 -0.1950
-8.4145 77.3031 -24.2237 0.0000 1650400708207 2089186.0000 -0.1945
-8.4342 79.0191 -23.4455 0.0000 1650400708261 2089240.0000 -0.1945
-8.6393 77.8760 -25.1111 0.0000 1650400708315 2089294.0000 -0.1945
-8.6159 77.5612 -26.3516 0.0000 1650400708367 2089348.0000 -0.1950
-8.6386 77.5160 -27.8108 0.0000 1650400708421 2089402.0000 -0.1950
-8.6180 77.4841 -30.2968 0.0000 1650400708475 2089456.0000 -0.1950
-9.0290 77.4822 -31.7629 0.0000 1650400708530 2089510.0000 -0.1950
-9.1947 77.4882 -33.1435 0.0000 1650400708584 2089564.0000 -0.1950
-9.1709 77.6439 -32.2992 0.0000 1650400708638 2089618.0000 -0.1955
-8.8757 77.6008 -34.0461 0.0000 1650400708692 2089672.0000 -0.1955
-9.0051 77.8645 -33.7446 0.0000 1650400708746 2089726.0000 -0.1955
-8.9240 77.9328 -33.2189 0.0000 1650400708800 2089780.0000 -0.1950
-9.0100 77.5987 -31.8409 0.0000 1650400708855 2089834.0000 -0.1950
-8.9904 77.5340 -30.1914 0.0000 1650400708909 2089888.0000 -0.1955
-8.9614 77.6470 -28.5067 0.0000 1650400708963 2089941.0000 -0.1950
-8.4209 77.5748 -26.9655 0.0000 1650400709015 2089995.0000 -0.1950
-8.4402 77.3479 -25.5340 0.0000 1650400709069 2090049.0000 -0.1950
-8.3998 77.4309 -24.1999 0.0000 1650400709123 2090103.0000 -0.1950
-8.3757 77.3559 -24.0771 0.0000 1650400709177 2090157.0000 -0.1950
-8.2448 77.4517 -24.5679 0.0000 1650400709231 2090211.0000 -0.1950
-8.5014 79.2106 -23.9223 0.0000 1650400709286 2090265.0000 -0.1950
-8.5253 77.6541 -25.5471 0.0000 1650400709340 2090319.0000 -0.1950
-8.6002 77.4849 -26.5682 0.0000 1650400709394 2090373.0000 -0.1950
-8.6763 77.4887 -28.8007 0.0000 1650400709448 2090427.0000 -0.1950
-8.8463 77.6310 -30.9100 0.0000 1650400709502 2090481.0000 -0.1950
-9.1256 77.5383 -32.2929 0.0000 1650400709556 2090535.0000 -0.1945
-9.1024 77.4802 -33.2028 0.0000 1650400709608 2090589.0000 -0.1950
-9.0623 77.3088 -33.2534 0.0000 1650400709663 2090643.0000 -0.1950
-9.0239 79.1637 -34.1765 0.0000 1650400709717 2090697.0000 -0.1950
-8.9800 77.6145 -33.5546 0.0000 1650400709771 2090751.0000 -0.1950
-9.0160 77.7121 -32.5496 0.0000 1650400709825 2090805.0000 -0.1950
-9.0729 77.5483 -31.3626 0.0000 1650400709879 2090859.0000 -0.1950
-9.0052 77.4211 -29.6239 0.0000 1650400709934 2090913.0000 -0.1950
-8.5840 77.6054 -27.8142 0.0000 1650400709987 2090967.0000 -0.1950
-8.5059 77.5534 -26.3704 0.0000 1650400710042 2091021.0000 -0.1950
-8.3620 77.3902 -25.1183 0.0000 1650400710096 2091075.0000 -0.1945
-8.4683 77.4733 -24.3073 0.0000 1650400710150 2091129.0000 -0.1950
-8.5210 77.3712 -24.5143 0.0000 1650400710204 2091183.0000 -0.1950
-8.5293 77.5342 -24.0015 0.0000 1650400710256 2091237.0000 -0.1950
-8.5031 77.8386 -24.9447 0.0000 1650400710310 2091290.0000 -0.1950
-8.5760 79.1386 -25.7031 0.0000 1650400710364 2091344.0000 -0.1950
-8.5396 78.9406 -27.9085 0.0000 1650400710418 2091398.0000 -0.1950
-8.7683 77.5575 -29.8025 0.0000 1650400710473 2091452.0000 -0.1950
-9.3169 77.5369 -30.5578 0.0000 1650400710527 2091506.0000 -0.1950
-8.9662 77.4583 -31.6722 0.0000 1650400710581 2091560.0000 -0.1950
-9.0991 77.6990 -32.9488 0.0000 1650400710635 2091614.0000 -0.1945
-8.8738 77.6732 -32.4899 0.0000 1650400710689 2091668.0000 -0.1945
-8.9607 77.6112 -33.9366 0.0000 1650400710743 2091722.0000 -0.1950
-9.0470 77.7097 -33.1663 0.0000 1650400710797 2091776.0000 -0.1950
-9.1951 77.4439 -32.0313 0.0000 1650400710850 2091830.0000 -0.1950
-9.0414 77.4119 -30.5333 0.0000 1650400710904 2091884.0000 -0.1945
-8.6643 77.5856 -28.9314 0.0000 1650400710958 2091938.0000 -0.1945
-8.6067 77.5181 -27.2502 0.0000 1650400711012 2091992.0000 -0.1950
-8.4479 77.3974 -25.5065 0.0000 1650400711066 2092046.0000 -0.1950
-8.4055 77.4220 -24.6303 0.0000 1650400711120 2092100.0000 -0.1950
-8.3896 77.3510 -24.2322 0.0000 1650400711174 2092154.0000 -0.1950
-8.5273 77.5126 -24.2844 0.0000 1650400711229 2092208.0000 -0.1945
-8.6842 77.5887 -24.0794 0.0000 1650400711283 2092262.0000 -0.1950
-8.3880 79.1744 -25.2344 0.0000 1650400711337 2092316.0000 -0.1950
-8.5497 77.7080 -26.7304 0.0000 1650400711391 2092370.0000 -0.1950
-8.5549 77.5976 -28.5312 0.0000 1650400711443 2092424.0000 -0.1950
-8.5260 77.6211 -30.4549 0.0000 1650400711497 2092478.0000 -0.1945
-9.2006 77.5405 -31.4533 0.0000 1650400711551 2092532.0000 -0.1950
-8.5709 77.5339 -32.3566 0.0000 1650400711606 2092586.0000 -0.1950
-8.5688 77.6253 -34.2265 0.0000 1650400711660 2092640.0000 -0.1950
-8.8620 78.8231 -32.6507 0.0000 1650400711714 2092693.0000 -0.1950
-8.8352 77.5740 -33.2340 0.0000 1650400711768 2092747.0000 -0.1950
-9.0808 77.6709 -32.7561 0.0000 1650400711822 2092801.0000 -0.1950
-9.1635 77.5072 -31.5113 0.0000 1650400711876 2092855.0000 -0.1955
-9.1888 77.5069 -29.8337 0.0000 1650400711930 2092909.0000 -0.1955
-8.5944 77.5497 -28.3828 0.0000 1650400711985 2092963.0000 -0.1950
-8.5057 77.5528 -26.8051 0.0000 1650400712039 2093017.0000 -0.1950
-8.6255 77.4461 -25.5195 0.0000 1650400712091 2093071.0000 -0.1950
-8.3925 77.5159 -24.0923 0.0000 1650400712145 2093125.0000 -0.1955
-8.3201 77.4040 -24.4196 0.0000 1650400712199 2093179.0000 -0.1945
-8.5887 77.4033 -23.2958 0.0000 1650400712253 2093233.0000 -0.1950
-8.5290 79.2798 -24.0548 0.0000 1650400712307 2093287.0000 -0.1945
-8.5835 79.0724 -25.6084 0.0000 1650400712361 2093341.0000 -0.1950
-8.5660 79.0946 -27.1235 0.0000 1650400712416 2093395.0000 -0.1950
-8.6762 77.5889 -29.4272 0.0000 1650400712470 2093449.0000 -0.1950
-8.5494 77.3658 -30.6856 0.0000 1650400712524 2093503.0000 -0.1950
-9.0295 77.5295 -31.3706 0.0000 1650400712578 2093557.0000 -0.1950
-8.7993 77.6032 -33.4637 0.0000 1650400712632 2093611.0000 -0.1950
-8.6265 79.0610 -34.0102 0.0000 1650400712684 2093665.0000 -0.1950
-8.9070 77.5905 -33.2559 0.0000 1650400712738 2093719.0000 -0.1950
-9.2058 77.5128 -33.2619 0.0000 1650400712793 2093773.0000 -0.1950
-8.7873 77.6174 -31.9816 0.0000 1650400712847 2093827.0000 -0.1950
-8.9645 77.5732 -31.0884 0.0000 1650400712901 2093881.0000 -0.1955
-9.0111 77.5334 -29.2925 0.0000 1650400712955 2093935.0000 -0.1955
-8.5783 77.6346 -27.4350 0.0000 1650400713009 2093989.0000 -0.1955
-8.5410 77.6360 -26.1810 0.0000 1650400713063 2094042.0000 -0.1955
-8.4919 77.4237 -24.8950 0.0000 1650400713117 2094096.0000 -0.1950
-8.5720 77.4630 -24.0062 0.0000 1650400713172 2094150.0000 -0.1960
-8.3585 77.3889 -24.4098 0.0000 1650400713226 2094204.0000 -0.1955
-8.5316 79.3013 -24.4305 0.0000 1650400713280 2094258.0000 -0.1950
-8.5219 77.4873 -24.9166 0.0000 1650400713332 2094312.0000 -0.1950
-8.5257 77.7243 -26.1714 0.0000 1650400713386 2094366.0000 -0.1950
-8.5430 77.5323 -27.9541 0.0000 1650400713440 2094420.0000 -0.1950
-8.4452 77.6578 -29.9448 0.0000 1650400713494 2094474.0000 -0.1955
-8.7223 77.5953 -31.6094 0.0000 1650400713549 2094528.0000 -0.1955
-9.0330 77.6009 -32.9180 0.0000 1650400713603 2094582.0000 -0.1950
-8.6520 77.5199 -33.2961 0.0000 1650400713657 2094636.0000 -0.1950
-8.8559 76.7620 -34.2439 0.0000 1650400713711 2094690.0000 -0.1955
-8.9709 77.3966 -34.0068 0.0000 1650400713765 2094744.0000 -0.1955
-9.1579 77.5563 -32.8590 0.0000 1650400713819 2094798.0000 -0.1955
-9.2412 77.5266 -31.9464 0.0000 1650400713873 2094852.0000 -0.1955
-9.2014 77.5621 -30.3131 0.0000 1650400713925 2094906.0000 -0.1955
-8.6248 77.6538 -28.4872 0.0000 1650400713980 2094960.0000 -0.1955
-8.5255 77.6762 -27.0542 0.0000 1650400714034 2095014.0000 -0.1960
-8.4696 77.4095 -25.3866 0.0000 1650400714088 2095068.0000 -0.1955
-8.4516 77.4884 -24.3225 0.0000 1650400714142 2095122.0000 -0.1955
-8.5449 77.4356 -23.6337 0.0000 1650400714196 2095176.0000 -0.1955
-8.4254 77.4322 -24.3894 0.0000 1650400714250 2095230.0000 -0.1960
-8.5500 77.1867 -24.0594 0.0000 1650400714304 2095284.0000 -0.1955
-8.5959 77.7189 -25.4486 0.0000 1650400714359 2095338.0000 -0.1955
-8.5141 79.0530 -26.4731 0.0000 1650400714413 2095391.0000 -0.1955
-8.6713 77.5379 -28.3468 0.0000 1650400714467 2095445.0000 -0.1950
-8.5877 77.5192 -30.3402 0.0000 1650400714521 2095499.0000 -0.1955
-8.8782 77.5316 -32.3082 0.0000 1650400714573 2095553.0000 -0.1955
-8.6305 77.5125 -32.6170 0.0000 1650400714627 2095607.0000 -0.1955
-9.0436 77.3697 -33.4640 0.0000 1650400714681 2095661.0000 -0.1955
-8.8269 77.4592 -34.0334 0.0000 1650400714736 2095715.0000 -0.1950
-9.1363 77.4572 -33.2498 0.0000 1650400714790 2095769.0000 -0.1960
-9.2606 77.4387 -32.5130 0.0000 1650400714844 2095823.0000 -0.1955
-9.2463 77.5086 -31.2728 0.0000 1650400714898 2095877.0000 -0.1955
-8.6827 77.5409 -29.5678 0.0000 1650400714952 2095931.0000 -0.1955
-8.5275 77.6918 -28.0495 0.0000 1650400715006 2095985.0000 -0.1950
-8.4575 77.5424 -26.5744 0.0000 1650400715061 2096039.0000 -0.1955
-8.3133 77.4246 -25.3518 0.0000 1650400715115 2096093.0000 -0.1955
-8.4042 77.5360 -23.8808 0.0000 1650400715167 2096147.0000 -0.1955
-8.5086 77.4119 -24.4334 0.0000 1650400715221 2096201.0000 -0.1950
-8.3135 77.3515 -24.5977 0.0000 1650400715275 2096255.0000 -0.1950
-8.5387 79.3438 -24.9257 0.0000 1650400715329 2096309.0000 -0.1950
-8.5299 78.8494 -25.6663 0.0000 1650400715383 2096363.0000 -0.1950
-8.5251 77.7109 -27.4109 0.0000 1650400715437 2096417.0000 -0.1950
-8.6377 77.5798 -29.0867 0.0000 1650400715492 2096471.0000 -0.1945
-9.0261 77.5978 -30.9952 0.0000 1650400715546 2096525.0000 -0.1945
-9.1070 77.4718 -31.9063 0.0000 1650400715600 2096579.0000 -0.1950
-8.9798 77.4652 -32.9862 0.0000 1650400715654 2096633.0000 -0.1950
-8.9272 77.3463 -33.7013 0.0000 1650400715708 2096687.0000 -0.1945
-8.9305 79.0452 -34.2861 0.0000 1650400715762 2096740.0000 -0.1945
-9.1122 77.4739 -33.2121 0.0000 1650400715814 2096794.0000 -0.1950
-9.2013 77.5059 -31.9084 0.0000 1650400715869 2096848.0000 -0.1950
-9.0361 77.4393 -30.6628 0.0000 1650400715923 2096902.0000 -0.1950
-8.6833 77.5351 -29.1041 0.0000 1650400715977 2096956.0000 -0.1945
-8.6520 77.5786 -27.5227 0.0000 1650400716031 2097010.0000 -0.1945
-8.4881 77.4066 -26.0049 0.0000 1650400716085 2097064.0000 -0.1945
-8.6071 77.4663 -24.8376 0.0000 1650400716139 2097118.0000 -0.1950
-8.2397 77.3690 -24.2966 0.0000 1650400716193 2097172.0000 -0.1950
-8.5492 77.3466 -24.3288 0.0000 1650400716247 2097226.0000 -0.1950
-8.9368 79.1632 -23.8421 0.0000 1650400716302 2097280.0000 -0.1945
-8.5084 77.5346 -24.9914 0.0000 1650400716356 2097334.0000 -0.1945
-8.6129 77.7925 -26.8607 0.0000 1650400716408 2097388.0000 -0.1950
-8.6962 77.5621 -28.5696 0.0000 1650400716462 2097442.0000 -0.1950
-9.1068 77.5616 -29.5547 0.0000 1650400716516 2097496.0000 -0.1945
-9.0670 77.5146 -31.5773 0.0000 1650400716570 2097550.0000 -0.1945
-8.9976 77.3706 -32.8656 0.0000 1650400716624 2097604.0000 -0.1950
-8.6973 77.5526 -33.1212 0.0000 1650400716679 2097658.0000 -0.1950
-9.0024 77.2520 -32.8576 0.0000 1650400716733 2097712.0000 -0.1950
-8.9584 77.4606 -33.4893 0.0000 1650400716789 2097766.0000 -0.1945
-9.1479 77.4696 -33.1084 0.0000 1650400716841 2097820.0000 -0.1945
-9.1891 77.4017 -31.8312 0.0000 1650400716895 2097874.0000 -0.1950
-8.9596 77.4447 -30.1462 0.0000 1650400716949 2097928.0000 -0.1950
-8.8453 77.5675 -28.4398 0.0000 1650400717001 2097982.0000 -0.1950
-8.5792 77.6001 -26.7974 0.0000 1650400717056 2098036.0000 -0.1945
-8.3840 77.4548 -25.5303 0.0000 1650400717110 2098089.0000 -0.1945
-8.2699 77.4933 -24.5429 0.0000 1650400717164 2098143.0000 -0.1945
-8.5911 77.3450 -24.2635 0.0000 1650400717218 2098197.0000 -0.1950
-8.4240 79.0654 -24.3314 0.0000 1650400717272 2098251.0000 -0.1950
-8.5153 77.2729 -23.8177 0.0000 1650400717326 2098305.0000 -0.1945
-8.4268 79.1848 -25.5036 0.0000 1650400717380 2098359.0000 -0.1945
-8.5555 77.7754 -27.6965 0.0000 1650400717435 2098413.0000 -0.1950
-8.5677 77.6234 -29.4071 0.0000 1650400717489 2098467.0000 -0.1950
-8.5168 77.5348 -30.0689 0.0000 1650400717543 2098521.0000 -0.1950
-8.9437 77.5875 -32.0684 0.0000 1650400717597 2098575.0000 -0.1945
-8.9620 79.0051 -33.4326 0.0000 1650400717649 2098629.0000 -0.1945
-8.9652 77.4430 -32.5868 0.0000 1650400717703 2098683.0000 -0.1945
-8.9078 77.4848 -34.3257 0.0000 1650400717757 2098737.0000 -0.1950
-9.0390 77.2903 -33.5758 0.0000 1650400717811 2098791.0000 -0.1950
-9.1233 77.2597 -32.5462 0.0000 1650400717866 2098845.0000 -0.1950
-9.1232 77.3983 -31.2195 0.0000 1650400717920 2098899.0000 -0.1950
-8.9435 77.4663 -29.2930 0.0000 1650400717974 2098953.0000 -0.1950
-8.6642 77.6413 -27.9297 0.0000 1650400718028 2099007.0000 -0.1955
-8.3885 77.4817 -26.2614 0.0000 1650400718082 2099061.0000 -0.1955
-8.5576 77.5542 -25.2141 0.0000 1650400718136 2099115.0000 -0.1950
-8.4666 77.5377 -24.4629 0.0000 1650400718190 2099169.0000 -0.1950
-8.4378 77.6029 -23.8531 0.0000 1650400718243 2099223.0000 -0.1950
-8.4800 77.3079 -23.8652 0.0000 1650400718297 2099277.0000 -0.1955
-8.5547 77.7080 -24.1362 0.0000 1650400718351 2099331.0000 -0.1955
-8.4848 79.1345 -26.6071 0.0000 1650400718405 2099385.0000 -0.1955
-8.4565 78.9572 -28.1914 0.0000 1650400718459 2099438.0000 -0.1955
-8.6594 79.1088 -29.9305 0.0000 1650400718513 2099492.0000 -0.1955
-8.6334 77.5830 -30.9141 0.0000 1650400718567 2099546.0000 -0.1955
-9.0919 77.5746 -32.9924 0.0000 1650400718622 2099600.0000 -0.1955
-8.7639 77.5578 -33.1286 0.0000 1650400718676 2099654.0000 -0.1955
-8.8913 77.3760 -33.7876 0.0000 1650400718730 2099708.0000 -0.1955
-8.9699 77.5620 -34.0953 0.0000 1650400718784 2099762.0000 -0.1955
-9.1679 77.4785 -32.9845 0.0000 1650400718838 2099816.0000 -0.1960
-9.1763 77.3859 -31.9950 0.0000 1650400718890 2099870.0000 -0.1960
-8.9253 77.3886 -30.6862 0.0000 1650400718944 2099924.0000 -0.1960
-9.0902 77.6648 -28.9955 0.0000 1650400718999 2099978.0000 -0.1955
-8.5125 77.5871 -27.1786 0.0000 1650400719053 2100032.0000 -0.1960
-8.4188 77.4695 -25.0861 0.0000 1650400719107 2100086.0000 -0.1960
-8.4351 77.4659 -24.6775 0.0000 1650400719161 2100140.0000 -0.1955
-8.4614 77.5458 -24.4862 0.0000 1650400719215 2100194.0000 -0.1955
-8.6095 77.4462 -24.4069 0.0000 1650400719269 2100248.0000 -0.1960
-8.6671 77.4745 -24.7855 0.0000 1650400719323 2100302.0000 -0.1955
-8.3799 77.6523 -25.3389 0.0000 1650400719378 2100356.0000 -0.1960
-8.4851 77.6384 -26.6206 0.0000 1650400719432 2100410.0000 -0.1960
-8.4360 79.0774 -28.7337 0.0000 1650400719484 2100464.0000 -0.1960
-8.4767 77.6471 -30.5328 0.0000 1650400719538 2100518.0000 -0.1960
-9.0409 77.5512 -31.5641 0.0000 1650400719592 2100572.0000 -0.1965
-9.0316 77.4886 -32.3621 0.0000 1650400719646 2100626.0000 -0.1965
-8.9293 77.6132 -33.5231 0.0000 1650400719700 2100680.0000 -0.1960
-8.9562 78.9867 -33.9430 0.0000 1650400719755 2100734.0000 -0.1960
-8.8889 77.3220 -33.4143 0.0000 1650400719809 2100787.0000 -0.1960
-9.0955 77.4559 -32.5687 0.0000 1650400719863 2100841.0000 -0.1960
-9.1826 77.3759 -31.4145 0.0000 1650400719917 2100895.0000 -0.1965
-9.1461 77.5196 -29.7329 0.0000 1650400719971 2100949.0000 -0.1965
-8.5180 77.6023 -27.1363 0.0000 1650400720025 2101003.0000 -0.1960
-8.6711 77.4633 -26.8708 0.0000 1650400720079 2101057.0000 -0.1960
-8.4214 77.3542 -25.5021 0.0000 1650400720131 2101111.0000 -0.1965
-8.4494 77.3910 -24.3489 0.0000 1650400720188 2101165.0000 -0.1965
-8.6189 77.3424 -24.4110 0.0000 1650400720240 2101219.0000 -0.1960
-8.8566 77.4633 -23.4116 0.0000 1650400720294 2101273.0000 -0.1960
-8.5451 77.2978 -24.2126 0.0000 1650400720348 2101327.0000 -0.1960
-8.4020 77.6201 -25.4835 0.0000 1650400720402 2101381.0000 -0.1960
-8.5651 77.5361 -27.6777 0.0000 1650400720456 2101435.0000 -0.1965
-8.5683 77.5616 -29.2702 0.0000 1650400720510 2101489.0000 -0.1965
-8.4548 77.4342 -30.7613 0.0000 1650400720565 2101543.0000 -0.1965
-8.9872 77.5184 -31.6907 0.0000 1650400720619 2101597.0000 -0.1965
-9.0779 77.5662 -33.5768 0.0000 1650400720673 2101651.0000 -0.1965
-9.1211 77.4753 -33.6435 0.0000 1650400720725 2101705.0000 -0.1965
-8.9457 79.1091 -34.1160 0.0000 1650400720779 2101759.0000 -0.1965
-8.9223 77.2183 -33.2316 0.0000 1650400720833 2101813.0000 -0.1960
-9.0285 77.2960 -32.2766 0.0000 1650400720887 2101867.0000 -0.1960
-9.1083 77.3891 -30.9005 0.0000 1650400720942 2101921.0000 -0.1960
-8.7269 77.5063 -29.2513 0.0000 1650400720996 2101975.0000 -0.1965
-8.5889 77.5951 -26.8166 0.0000 1650400721050 2102029.0000 -0.1965
-8.5698 77.4974 -26.1752 0.0000 1650400721104 2102083.0000 -0.1960
-8.4632 77.3496 -25.1824 0.0000 1650400721158 2102137.0000 -0.1960
-8.2048 77.3527 -24.1855 0.0000 1650400721212 2102190.0000 -0.1960
-8.6118 77.3234 -24.1100 0.0000 1650400721266 2102244.0000 -0.1965
-8.4703 77.2823 -23.6461 0.0000 1650400721319 2102298.0000 -0.1960
-8.3664 77.4020 -24.7481 0.0000 1650400721373 2102352.0000 -0.1960
-8.7568 79.0265 -26.0141 0.0000 1650400721427 2102406.0000 -0.1960
-8.6035 77.4876 -27.7919 0.0000 1650400721481 2102460.0000 -0.1960
-8.8990 77.5910 -30.1565 0.0000 1650400721535 2102514.0000 -0.1960
-9.1137 77.5863 -31.8685 0.0000 1650400721589 2102568.0000 -0.1960
-8.9824 77.5338 -33.1386 0.0000 1650400721643 2102622.0000 -0.1960
-8.9586 77.4998 -33.4755 0.0000 1650400721697 2102676.0000 -0.1955
-8.9672 77.3978 -34.0881 0.0000 1650400721752 2102730.0000 -0.1960
-8.7278 77.4234 -33.8213 0.0000 1650400721806 2102784.0000 -0.1960
-9.0599 77.4719 -32.6976 0.0000 1650400721860 2102838.0000 -0.1955
-9.1848 77.3046 -31.5392 0.0000 1650400721914 2102892.0000 -0.1955
-8.9541 77.3733 -30.2524 0.0000 1650400721966 2102946.0000 -0.1955
-8.6525 77.6097 -28.4291 0.0000 1650400722020 2103000.0000 -0.1960
-8.6638 77.5191 -27.0359 0.0000 1650400722074 2103054.0000 -0.1960
-8.6481 77.4289 -25.7797 0.0000 1650400722129 2103108.0000 -0.1960
-8.5222 77.4227 -24.7253 0.0000 1650400722183 2103162.0000 -0.1960
-8.4328 77.4797 -24.5404 0.0000 1650400722237 2103216.0000 -0.1955
-8.2265 77.3435 -24.2435 0.0000 1650400722291 2103270.0000 -0.1960
-8.7262 79.1030 -23.5620 0.0000 1650400722345 2103324.0000 -0.1960
-8.3804 77.6327 -25.8196 0.0000 1650400722399 2103378.0000 -0.1955
-8.6080 79.0279 -26.7154 0.0000 1650400722453 2103432.0000 -0.1955
-8.6031 77.6105 -28.4255 0.0000 1650400722508 2103486.0000 -0.1955
-8.6775 77.5407 -30.6132 0.0000 1650400722560 2103539.0000 -0.1960
-8.9793 77.6345 -32.4327 0.0000 1650400722614 2103593.0000 -0.1960
-8.7102 77.5871 -32.7219 0.0000 1650400722668 2103647.0000 -0.1960
-9.0792 77.4601 -33.8376 0.0000 1650400722722 2103701.0000 -0.1960
-8.9586 77.4350 -33.8219 0.0000 1650400722776 2103755.0000 -0.1960
-8.9868 77.3973 -33.4882 0.0000 1650400722830 2103809.0000 -0.1965
-9.1215 77.5999 -32.6512 0.0000 1650400722885 2103863.0000 -0.1965
-9.1082 77.4045 -31.2104 0.0000 1650400722939 2103917.0000 -0.1960
-9.2090 77.4822 -29.6611 0.0000 1650400722993 2103971.0000 -0.1960
-8.5651 77.4799 -27.9215 0.0000 1650400723047 2104025.0000 -0.1955
-8.5345 77.5519 -26.6535 0.0000 1650400723101 2104079.0000 -0.1960
-8.5369 77.4192 -25.5820 0.0000 1650400723155 2104133.0000 -0.1965
-8.5166 77.3899 -24.0798 0.0000 1650400723207 2104187.0000 -0.1960
-8.4574 77.3913 -24.3465 0.0000 1650400723262 2104241.0000 -0.1960
-8.7953 77.3395 -23.0539 0.0000 1650400723316 2104295.0000 -0.1960
-8.5242 77.4755 -24.3882 0.0000 1650400723370 2104349.0000 -0.1960
-8.5863 79.0464 -25.7412 0.0000 1650400723424 2104403.0000 -0.1960
-8.5821 77.5565 -26.8692 0.0000 1650400723478 2104457.0000 -0.1960
-8.6787 77.4500 -29.0126 0.0000 1650400723532 2104511.0000 -0.1955
-8.6045 77.6957 -31.3989 0.0000 1650400723586 2104565.0000 -0.1955
-8.9805 77.6590 -32.1066 0.0000 1650400723641 2104619.0000 -0.1960
-8.9558 77.5381 -32.8896 0.0000 1650400723695 2104673.0000 -0.1965
-8.8002 79.0935 -33.9093 0.0000 1650400723749 2104727.0000 -0.1965
-8.7509 77.4226 -34.1668 0.0000 1650400723801 2104781.0000 -0.1960
-9.0174 77.4498 -33.3320 0.0000 1650400723855 2104835.0000 -0.1960
-8.9006 77.4374 -31.9739 0.0000 1650400723909 2104888.0000 -0.1965
-9.0963 77.5034 -30.7387 0.0000 1650400723963 2104942.0000 -0.1965
-9.0668 77.6191 -29.0327 0.0000 1650400724017 2104996.0000 -0.1960
-8.4833 77.5117 -27.4159 0.0000 1650400724072 2105050.0000 -0.1965
-8.5064 77.5368 -26.1772 0.0000 1650400724126 2105104.0000 -0.1960
-8.4658 77.4264 -25.2245 0.0000 1650400724180 2105158.0000 -0.1965
-8.4737 77.3862 -24.1031 0.0000 1650400724234 2105212.0000 -0.1967
-8.4865 77.3179 -24.3886 0.0000 1650400724288 2105266.0000 -0.1965
-8.3537 77.5136 -24.6696 0.0000 1650400724342 2105320.0000 -0.1965
-8.4559 77.6819 -25.2105 0.0000 1650400724396 2105374.0000 -0.1965
-8.5246 79.0769 -27.0238 0.0000 1650400724449 2105428.0000 -0.1969
-8.7651 77.5073 -28.8469 0.0000 1650400724503 2105482.0000 -0.1965
-8.5761 77.4717 -30.5280 0.0000 1650400724557 2105536.0000 -0.1965
-8.5988 77.5486 -31.6570 0.0000 1650400724611 2105590.0000 -0.1965
-9.1737 77.6168 -32.9662 0.0000 1650400724665 2105644.0000 -0.1965
-9.0485 77.4843 -34.1156 0.0000 1650400724719 2105698.0000 -0.1965
-8.9625 77.0344 -32.9405 0.0000 1650400724773 2105752.0000 -0.1969
-8.9848 77.4825 -33.4880 0.0000 1650400724828 2105806.0000 -0.1969
-8.9695 77.3896 -32.6321 0.0000 1650400724882 2105860.0000 -0.1965
-9.2386 77.3281 -31.7808 0.0000 1650400724936 2105914.0000 -0.1965
-8.9615 77.4711 -30.1492 0.0000 1650400724990 2105968.0000 -0.1969
-9.1548 77.6287 -28.3239 0.0000 1650400725042 2106022.0000 -0.1965
-9.0001 77.4905 -26.8475 0.0000 1650400725096 2106076.0000 -0.1965
-8.4432 77.4461 -25.6556 0.0000 1650400725150 2106130.0000 -0.1965
-8.5050 77.3751 -24.6058 0.0000 1650400725205 2106184.0000 -0.1965
-8.3723 77.4207 -24.2759 0.0000 1650400725259 2106237.0000 -0.1965
-8.7075 77.4079 -24.2315 0.0000 1650400725313 2106291.0000 -0.1969
-8.5516 77.3588 -24.2741 0.0000 1650400725367 2106345.0000 -0.1969
-8.4332 77.6532 -25.3875 0.0000 1650400725421 2106399.0000 -0.1965
-8.5392 79.0521 -27.6041 0.0000 1650400725475 2106453.0000 -0.1965
-8.7355 79.0593 -29.4612 0.0000 1650400725529 2106507.0000 -0.1965
-8.6965 77.5688 -30.1401 0.0000 1650400725583 2106561.0000 -0.1965
-8.9869 79.0988 -32.2521 0.0000 1650400725638 2106615.0000 -0.1965
-9.0868 79.1070 -33.7081 0.0000 1650400725690 2106669.0000 -0.1965
-8.7843 77.3764 -33.9834 0.0000 1650400725744 2106723.0000 -0.1965
-8.8153 77.6070 -34.0429 0.0000 1650400725798 2106777.0000 -0.1969
-8.8759 77.2945 -33.1475 0.0000 1650400725852 2106831.0000 -0.1974
-9.0737 77.3853 -32.6051 0.0000 1650400725906 2106885.0000 -0.1969
-9.0526 77.4187 -31.0303 0.0000 1650400725960 2106939.0000 -0.1969
-9.0486 77.5465 -29.6736 0.0000 1650400726015 2106993.0000 -0.1969
-8.9886 77.4887 -27.8706 0.0000 1650400726069 2107047.0000 -0.1974
-8.6009 77.4665 -26.3593 0.0000 1650400726123 2107101.0000 -0.1969
-8.4577 77.4265 -25.2951 0.0000 1650400726177 2107155.0000 -0.1965
-8.4187 77.4585 -24.3847 0.0000 1650400726231 2107209.0000 -0.1965
-8.6177 77.2224 -24.4929 0.0000 1650400726283 2107263.0000 -0.1965
-8.6735 77.2532 -23.8799 0.0000 1650400726337 2107317.0000 -0.1969
-8.5311 77.5884 -24.9254 0.0000 1650400726392 2107371.0000 -0.1969
-8.7007 77.5385 -25.5771 0.0000 1650400726446 2107425.0000 -0.1969
-8.5186 77.5939 -28.3222 0.0000 1650400726500 2107479.0000 -0.1965
-8.7157 77.5343 -29.9759 0.0000 1650400726554 2107533.0000 -0.1965
-9.0878 77.5857 -30.8753 0.0000 1650400726608 2107586.0000 -0.1969
-9.1238 77.5455 -32.7091 0.0000 1650400726662 2107640.0000 -0.1965
-8.9471 77.4981 -33.0763 0.0000 1650400726716 2107694.0000 -0.1965
-8.9772 77.2533 -32.7328 0.0000 1650400726771 2107748.0000 -0.1960
-8.9051 77.4558 -33.7665 0.0000 1650400726825 2107802.0000 -0.1960
-9.0495 77.4069 -32.8637 0.0000 1650400726877 2107856.0000 -0.1965
-9.1151 77.5222 -32.2120 0.0000 1650400726931 2107910.0000 -0.1965
-9.1238 77.4865 -30.2232 0.0000 1650400726985 2107964.0000 -0.1965
-9.1239 77.4871 -28.8280 0.0000 1650400727039 2108018.0000 -0.1965
-8.7224 77.5398 -27.1233 0.0000 1650400727093 2108072.0000 -0.1965
-8.5406 77.4318 -25.8018 0.0000 1650400727148 2108126.0000 -0.1969
-8.3402 77.5257 -25.1533 0.0000 1650400727202 2108180.0000 -0.1969
-8.4090 77.3718 -24.1043 0.0000 1650400727256 2108234.0000 -0.1965
-8.5183 77.4908 -24.4060 0.0000 1650400727310 2108288.0000 -0.1965
-8.5480 77.4135 -23.9747 0.0000 1650400727364 2108342.0000 -0.1965
-8.3405 77.7018 -25.1631 0.0000 1650400727418 2108396.0000 -0.1969
-8.5168 77.7290 -27.0165 0.0000 1650400727472 2108450.0000 -0.1969
-8.6124 77.5777 -29.0079 0.0000 1650400727524 2108504.0000 -0.1969
-8.6218 77.6199 -30.4327 0.0000 1650400727579 2108558.0000 -0.1965
-9.1693 77.4930 -30.8214 0.0000 1650400727633 2108612.0000 -0.1969
-9.0450 77.4566 -32.4556 0.0000 1650400727687 2108666.0000 -0.1969
-8.9098 77.3649 -33.9863 0.0000 1650400727741 2108720.0000 -0.1969
-8.8603 79.1335 -33.9597 0.0000 1650400727795 2108774.0000 -0.1965
-9.0571 77.3710 -33.4898 0.0000 1650400727849 2108828.0000 -0.1969
-9.2131 77.5123 -32.7666 0.0000 1650400727903 2108882.0000 -0.1969
-9.1604 77.3603 -31.3469 0.0000 1650400727958 2108936.0000 -0.1974
-9.0220 77.5331 -30.1364 0.0000 1650400728012 2108989.0000 -0.1969
-8.7231 77.5835 -27.7269 0.0000 1650400728066 2109043.0000 -0.1969
-8.4696 77.4587 -26.2644 0.0000 1650400728118 2109097.0000 -0.1969
-8.5368 77.5803 -25.6226 0.0000 1650400728172 2109151.0000 -0.1974
-8.4537 77.3630 -24.4974 0.0000 1650400728226 2109205.0000 -0.1969
-8.6490 77.4402 -24.3273 0.0000 1650400728280 2109259.0000 -0.1969
-8.6592 77.3953 -24.4077 0.0000 1650400728335 2109313.0000 -0.1965
-8.6135 77.4294 -24.3483 0.0000 1650400728389 2109367.0000 -0.1965
-8.4177 79.1195 -25.5538 0.0000 1650400728443 2109421.0000 -0.1965
-8.4793 77.5658 -27.0661 0.0000 1650400728497 2109475.0000 -0.1969
-8.6224 77.5152 -29.0146 0.0000 1650400728551 2109529.0000 -0.1969
-8.8396 77.4591 -31.2308 0.0000 1650400728605 2109583.0000 -0.1965
-9.2537 77.5249 -32.4029 0.0000 1650400728659 2109637.0000 -0.1965
-9.0711 77.5359 -33.6669 0.0000 1650400728714 2109691.0000 -0.1969
-9.1782 77.5095 -32.8751 0.0000 1650400728766 2109745.0000 -0.1969
-8.7411 77.4231 -34.2400 0.0000 1650400728820 2109799.0000 -0.1965
-9.0089 79.0817 -33.1873 0.0000 1650400728874 2109853.0000 -0.1965
-9.0698 77.3900 -32.3985 0.0000 1650400728928 2109907.0000 -0.1965
-8.9238 77.3953 -30.9237 0.0000 1650400728982 2109961.0000 -0.1965
-9.1718 77.6152 -28.9736 0.0000 1650400729036 2110015.0000 -0.1969
-8.5038 77.4269 -27.7640 0.0000 1650400729091 2110069.0000 -0.1969
-8.5746 77.5846 -26.3162 0.0000 1650400729145 2110123.0000 -0.1969
-8.5585 77.3962 -25.1474 0.0000 1650400729199 2110177.0000 -0.1965
-8.5912 77.3651 -24.4026 0.0000 1650400729253 2110231.0000 -0.1969
-8.4542 77.3530 -24.2248 0.0000 1650400729307 2110285.0000 -0.1969
-8.7830 77.3404 -23.1337 0.0000 1650400729359 2110338.0000 -0.1965
-8.3562 77.5893 -25.2090 0.0000 1650400729413 2110392.0000 -0.1965
-8.4901 79.1646 -26.1821 0.0000 1650400729468 2110446.0000 -0.1965
-8.5041 79.2222 -28.5359 0.0000 1650400729522 2110500.0000 -0.1965
-8.6343 77.5980 -30.2076 0.0000 1650400729576 2110554.0000 -0.1969
-8.9755 78.9589 -31.5953 0.0000 1650400729630 2110608.0000 -0.1969
-8.9250 77.5923 -32.7023 0.0000 1650400729684 2110662.0000 -0.1965
-8.7011 77.4911 -33.2490 0.0000 1650400729738 2110716.0000 -0.1965
-9.0263 77.3464 -33.8387 0.0000 1650400729792 2110770.0000 -0.1969
-8.8656 77.2360 -33.8493 0.0000 1650400729846 2110824.0000 -0.1969
-9.0952 77.3379 -32.8109 0.0000 1650400729900 2110878.0000 -0.1965
-9.0361 77.3843 -31.9862 0.0000 1650400729955 2110932.0000 -0.1965
-9.0594 77.4105 -30.2825 0.0000 1650400730007 2110986.0000 -0.1965
-9.1000 77.6661 -28.2998 0.0000 1650400730061 2111040.0000 -0.1969
-8.4255 77.4042 -25.9137 0.0000 1650400730115 2111094.0000 -0.1969
-8.4358 77.4549 -25.6332 0.0000 1650400730169 2111148.0000 -0.1969
-8.3995 77.4297 -24.7844 0.0000 1650400730223 2111202.0000 -0.1969
-8.4399 77.4381 -24.2664 0.0000 1650400730278 2111256.0000 -0.1965
-8.4678 77.2158 -24.2819 0.0000 1650400730332 2111310.0000 -0.1969
-8.6541 79.1457 -24.1566 0.0000 1650400730386 2111364.0000 -0.1974
-8.4978 77.5164 -25.9737 0.0000 1650400730440 2111418.0000 -0.1969
-8.5948 77.5638 -26.8950 0.0000 1650400730494 2111472.0000 -0.1965
-8.6484 77.5830 -28.6733 0.0000 1650400730548 2111526.0000 -0.1969
-8.5299 77.4420 -30.1221 0.0000 1650400730600 2111580.0000 -0.1969
-8.6953 79.0042 -31.3112 0.0000 1650400730655 2111634.0000 -0.1974
-9.0295 77.4535 -32.4051 0.0000 1650400730709 2111687.0000 -0.1974
-9.2465 79.1784 -33.5010 0.0000 1650400730763 2111741.0000 -0.1974
-8.8952 79.0657 -34.1188 0.0000 1650400730817 2111795.0000 -0.1969
-9.0929 77.3300 -33.6410 0.0000 1650400730871 2111849.0000 -0.1974
-8.9221 77.4296 -32.6441 0.0000 1650400730925 2111903.0000 -0.1974
-9.1435 77.3678 -31.3974 0.0000 1650400730979 2111957.0000 -0.1969
-9.0867 77.4982 -29.6383 0.0000 1650400731034 2112011.0000 -0.1969
-8.9698 77.4084 -27.9395 0.0000 1650400731088 2112065.0000 -0.1969
-8.4218 77.6504 -26.4785 0.0000 1650400731142 2112119.0000 -0.1969
-8.5303 77.3557 -25.1783 0.0000 1650400731194 2112173.0000 -0.1974
-8.4852 77.3263 -24.4837 0.0000 1650400731248 2112227.0000 -0.1974
-8.5422 77.2357 -24.2881 0.0000 1650400731302 2112281.0000 -0.1969
-8.7003 77.3376 -23.3374 0.0000 1650400731356 2112335.0000 -0.1969
-8.5183 77.5987 -24.3215 0.0000 1650400731411 2112389.0000 -0.1974
-8.2751 77.5189 -25.2667 0.0000 1650400731465 2112443.0000 -0.1974
-8.4640 79.0863 -28.1177 0.0000 1650400731519 2112497.0000 -0.1974
-8.6872 77.6311 -29.6509 0.0000 1650400731573 2112551.0000 -0.1974
-9.1518 77.4456 -31.3177 0.0000 1650400731627 2112605.0000 -0.1974
-8.6462 77.4791 -32.1922 0.0000 1650400731681 2112659.0000 -0.1974
-8.9368 77.5371 -33.5451 0.0000 1650400731735 2112713.0000 -0.1974
-9.0844 77.5078 -33.9263 0.0000 1650400731789 2112767.0000 -0.1969
-8.9800 77.5020 -34.0434 0.0000 1650400731842 2112821.0000 -0.1969
-9.0163 77.4484 -32.7338 0.0000 1650400731896 2112875.0000 -0.1969
-9.0409 77.4332 -32.1969 0.0000 1650400731950 2112929.0000 -0.1974
-9.0341 77.4260 -30.9249 0.0000 1650400732004 2112983.0000 -0.1974
-8.8894 77.3871 -28.6790 0.0000 1650400732058 2113036.0000 -0.1974
-8.6678 77.6296 -27.5124 0.0000 1650400732112 2113090.0000 -0.1974
-8.6004 77.4750 -25.9929 0.0000 1650400732166 2113144.0000 -0.1974
-8.5884 77.4152 -24.9031 0.0000 1650400732221 2113198.0000 -0.1974
-8.4572 77.3742 -24.3974 0.0000 1650400732275 2113252.0000 -0.1974
-8.7172 77.3534 -24.1890 0.0000 1650400732329 2113306.0000 -0.1974
-8.8312 77.4608 -23.5853 0.0000 1650400732383 2113360.0000 -0.1974
-8.3442 77.6550 -25.2054 0.0000 1650400732435 2113414.0000 -0.1974
-8.5073 77.5637 -27.0832 0.0000 1650400732489 2113468.0000 -0.1979
-8.5382 77.4415 -28.0637 0.0000 1650400732543 2113522.0000 -0.1974
-8.4721 77.5204 -30.5580 0.0000 1650400732598 2113576.0000 -0.1974
-8.8809 79.1331 -31.8776 0.0000 1650400732652 2113630.0000 -0.1974
-9.0033 77.5979 -32.5566 0.0000 1650400732706 2113684.0000 -0.1969
-8.9501 77.4383 -32.9414 0.0000 1650400732760 2113738.0000 -0.1974
-8.9946 77.1880 -34.2503 0.0000 1650400732814 2113792.0000 -0.1974
-8.9177 77.3703 -33.7145 0.0000 1650400732868 2113846.0000 -0.1969
-8.9676 77.5373 -32.8783 0.0000 1650400732922 2113900.0000 -0.1969
-9.0184 77.3821 -31.6835 0.0000 1650400732977 2113954.0000 -0.1969
