-11.6150 76.6725 -29.9477 35.7312 1650405935537 1331253.0000 -0.1984
-11.7847 76.7419 -30.0762 33.8614 1650405935591 1331307.0000 -0.1984
-11.7033 76.7269 -29.8138 32.1860 1650405935645 1331361.0000 -0.1984
-11.7459 76.6248 -30.0587 25.0803 1650405935699 1331415.0000 -0.1979
-11.6518 76.7195 -29.8818 35.3746 1650405935753 1331468.0000 -0.1984
-11.5913 76.5813 -30.1606 31.0120 1650405935807 1331522.0000 -0.1984
-11.7632 76.7353 -29.6078 32.8895 1650405935861 1331576.0000 -0.1984
-11.6507 76.7168 -29.7956 28.7989 1650405935916 1331630.0000 -0.1989
-11.5677 76.7343 -29.9931 35.5719 1650405935968 1331684.0000 -0.1984
-11.5574 76.7397 -30.1692 28.8639 1650405936022 1331738.0000 -0.1984
-11.7118 76.6324 -30.2629 36.3316 1650405936076 1331792.0000 -0.1989
-11.6496 76.7005 -29.9269 40.8683 1650405936130 1331846.0000 -0.1989
-11.7288 76.7318 -30.1714 37.0744 1650405936184 1331900.0000 -0.1984
-11.6999 76.7570 -30.3193 36.0535 1650405936238 1331954.0000 -0.1984
-11.5690 76.6035 -30.1984 41.1979 1650405936292 1332008.0000 -0.1984
-11.6195 76.7707 -30.2677 34.8683 1650405936347 1332062.0000 -0.1984
-11.6735 76.6805 -30.0995 39.6423 1650405936401 1332116.0000 -0.1984
-11.7084 76.6615 -30.0600 40.1655 1650405936455 1332170.0000 -0.1989
-11.5826 76.4815 -29.9760 40.6010 1650405936509 1332224.0000 -0.1984
-11.6754 76.5318 -30.1882 34.8636 1650405936563 1332278.0000 -0.1984
-11.5569 76.6911 -30.0026 30.6121 1650405936615 1332332.0000 -0.1984
-11.5482 76.6629 -30.1311 35.6940 1650405936669 1332386.0000 -0.1984
-11.7656 76.6901 -29.9544 36.1718 1650405936724 1332440.0000 -0.1984
-11.7109 76.5939 -30.1088 30.9417 1650405936778 1332494.0000 -0.1979
-11.6306 76.7390 -30.1077 30.8692 1650405936832 1332548.0000 -0.1984
-11.6140 76.5920 -30.0271 31.6273 1650405936886 1332602.0000 -0.1984
-11.7615 76.6695 -30.0534 31.5743 1650405936940 1332656.0000 -0.1989
-11.5009 76.6216 -30.1235 36.5664 1650405936994 1332710.0000 -0.1989
-11.5801 76.6360 -29.9120 31.7266 1650405937049 1332764.0000 -0.1984
-11.7338 76.5819 -30.1016 33.3139 1650405937103 1332817.0000 -0.1984
-11.7863 76.6741 -29.7917 31.7314 1650405937157 1332871.0000 -0.1984
-11.6498 76.5918 -30.1169 34.0359 1650405937209 1332925.0000 -0.1984
-11.7078 76.7044 -29.9962 39.6241 1650405937263 1332979.0000 -0.1984
-11.5906 76.6177 -29.9113 30.9735 1650405937317 1333033.0000 -0.1979
-11.5570 76.6131 -30.0070 41.2743 1650405937371 1333087.0000 -0.1984
-11.5998 76.6238 -29.8099 34.5481 1650405937426 1333141.0000 -0.1984
-11.4983 76.5309 -29.9171 36.1621 1650405937480 1333195.0000 -0.1989
-11.5803 76.5652 -30.2160 38.1981 1650405937534 1333249.0000 -0.1989
-11.6544 76.5770 -29.8651 32.8618 1650405937588 1333303.0000 -0.1989
-11.7664 76.6419 -30.0776 35.1757 1650405937642 1333357.0000 -0.1989
-11.5953 76.7572 -29.9002 44.2282 1650405937696 1333411.0000 -0.1994
-11.6732 76.6334 -29.7735 37.7014 1650405937750 1333465.0000 -0.1989
-11.5912 76.5874 -29.8689 30.7736 1650405937804 1333519.0000 -0.1989
-11.5914 76.5687 -30.0205 37.2086 1650405937857 1333573.0000 -0.1984
-11.6758 76.5512 -30.0576 36.7247 1650405937911 1333627.0000 -0.1989
-11.6768 76.6287 -30.0458 32.9597 1650405937965 1333681.0000 -0.1989
-11.4975 76.5753 -30.2363 36.5169 1650405938019 1333735.0000 -0.1989
-11.7164 76.6080 -30.1763 31.7912 1650405938073 1333789.0000 -0.1994
-11.7355 77.2260 -30.4067 36.7879 1650405938127 1333843.0000 -0.1989
-11.6842 76.6551 -28.8025 42.0874 1650405938181 1333897.0000 -0.1989
-11.2543 77.2760 -27.1874 67.5417 1650405938235 1333951.0000 -0.1989
-11.2499 77.3725 -26.3543 52.4121 1650405938290 1334005.0000 -0.1989
-11.1731 77.1580 -25.5010 52.5940 1650405938344 1334059.0000 -0.1989
-11.3600 76.9161 -24.8963 48.4898 1650405938398 1334113.0000 -0.1984
-11.1901 77.2993 -24.7868 49.3729 1650405938450 1334166.0000 -0.1984
-11.1601 76.8439 -25.0416 49.4916 1650405938504 1334220.0000 -0.1984
-11.2488 76.9602 -26.4867 48.3729 1650405938558 1334274.0000 -0.1989
-11.2928 77.1609 -28.1602 51.7969 1650405938612 1334328.0000 -0.1989
-11.3024 77.0063 -30.0343 49.5205 1650405938667 1334382.0000 -0.1984
-11.3758 76.9171 -31.7097 41.5384 1650405938721 1334436.0000 -0.1989
-11.2451 76.6216 -32.7878 49.0953 1650405938775 1334490.0000 -0.1989
-11.1294 76.7809 -34.4057 43.7726 1650405938829 1334544.0000 -0.1989
-10.8015 76.5529 -35.1844 31.3389 1650405938883 1334598.0000 -0.1989
-10.9167 76.5825 -34.6132 42.2001 1650405938937 1334652.0000 -0.1989
-11.1440 76.6807 -33.5889 36.9423 1650405938992 1334706.0000 -0.1984
-11.4027 76.8579 -33.2756 46.2498 1650405939045 1334760.0000 -0.1984
-11.3782 77.1185 -32.3366 42.5362 1650405939098 1334814.0000 -0.1989
-11.4362 77.0714 -30.6809 55.6056 1650405939152 1334868.0000 -0.1989
-11.3767 77.1308 -28.7336 50.0519 1650405939206 1334922.0000 -0.1984
-11.2945 77.1384 -27.2311 41.4777 1650405939260 1334976.0000 -0.1989
-11.3037 76.9524 -26.0901 38.9424 1650405939314 1335030.0000 -0.1989
-11.2835 76.9367 -25.0895 37.9608 1650405939369 1335084.0000 -0.1984
-11.2474 77.0828 -24.6101 37.4170 1650405939423 1335138.0000 -0.1984
-11.3380 76.7561 -25.0345 36.4075 1650405939477 1335192.0000 -0.1984
-11.1035 76.8109 -25.9188 41.0646 1650405939531 1335246.0000 -0.1984
-11.1832 76.9890 -27.1784 50.5375 1650405939585 1335300.0000 -0.1984
-11.1903 77.1018 -28.8583 69.0792 1650405939639 1335354.0000 -0.1989
-11.2728 76.9564 -30.8877 51.5647 1650405939691 1335408.0000 -0.1989
-11.0863 76.9193 -31.5890 48.9382 1650405939745 1335462.0000 -0.1984
-11.1954 76.7531 -33.5341 42.8967 1650405939800 1335515.0000 -0.1984
-11.0069 76.6902 -34.7975 45.1166 1650405939854 1335569.0000 -0.1989
-10.9860 76.4939 -35.2769 28.6797 1650405939908 1335623.0000 -0.1979
-10.8049 76.6974 -35.5030 36.8842 1650405939962 1335677.0000 -0.1979
-11.1904 76.7125 -34.1945 45.4452 1650405940016 1335731.0000 -0.1984
-11.5156 76.8333 -33.3115 51.0958 1650405940070 1335785.0000 -0.1979
-11.4889 77.0406 -31.7936 52.2728 1650405940124 1335839.0000 -0.1984
-11.4216 77.2219 -29.8895 46.8321 1650405940178 1335893.0000 -0.1984
-11.3174 77.1703 -28.5068 57.5095 1650405940233 1335947.0000 -0.1984
-11.2315 77.1485 -26.9367 56.1484 1650405940285 1336001.0000 -0.1979
-11.2208 77.1516 -25.7875 45.6856 1650405940339 1336055.0000 -0.1984
-11.2413 77.0029 -25.0230 36.4409 1650405940393 1336109.0000 -0.1984
-11.2722 76.8763 -24.6820 35.0792 1650405940447 1336163.0000 -0.1984
-11.1322 76.8880 -25.6466 37.9799 1650405940501 1336217.0000 -0.1984
-11.2888 76.8338 -26.0657 34.9244 1650405940555 1336271.0000 -0.1984
-11.3726 77.0194 -27.6878 43.6701 1650405940610 1336325.0000 -0.1984
-11.3218 77.0263 -29.5860 47.3448 1650405940664 1336379.0000 -0.1984
-11.2370 76.8469 -31.2889 36.3933 1650405940718 1336433.0000 -0.1984
-11.1585 76.7064 -32.8022 61.4568 1650405940772 1336487.0000 -0.1984
-10.9406 76.7264 -34.1983 40.6813 1650405940826 1336541.0000 -0.1979
-10.9410 76.7865 -35.1549 42.3658 1650405940880 1336595.0000 -0.1984
-10.9349 76.6679 -34.8698 40.3812 1650405940933 1336649.0000 -0.1984
-11.2227 76.7807 -34.4894 40.9100 1650405940986 1336703.0000 -0.1974
-11.3299 76.8115 -33.6266 41.0747 1650405941041 1336757.0000 -0.1974
-11.3382 76.9294 -32.7305 54.4565 1650405941095 1336811.0000 -0.1974
-11.3894 77.0939 -31.2448 59.4882 1650405941149 1336864.0000 -0.1974
-11.2785 77.0764 -29.5043 51.4643 1650405941203 1336918.0000 -0.1974
-11.3213 77.1778 -27.6686 59.0172 1650405941257 1336972.0000 -0.1979
-11.2207 77.1423 -26.3654 47.7164 1650405941312 1337026.0000 -0.1979
-11.1605 76.9283 -25.1289 47.2287 1650405941366 1337080.0000 -0.1974
-11.0981 77.1051 -25.0132 46.0272 1650405941420 1337134.0000 -0.1979
-11.3176 76.9163 -24.8983 46.6863 1650405941474 1337188.0000 -0.1979
-11.3443 76.8953 -25.9701 47.7956 1650405941526 1337242.0000 -0.1979
-11.2267 77.0262 -26.9854 40.7359 1650405941580 1337296.0000 -0.1974
-11.2417 77.1499 -27.9769 59.5561 1650405941634 1337350.0000 -0.1974
-11.1180 77.1665 -30.4147 46.5232 1650405941688 1337404.0000 -0.1974
-11.1524 76.8496 -31.9748 43.8824 1650405941743 1337458.0000 -0.1979
-11.1385 76.8124 -33.4626 42.4062 1650405941797 1337512.0000 -0.1979
-11.1900 76.7160 -34.6176 29.5687 1650405941851 1337566.0000 -0.1974
-10.9492 76.6428 -34.9298 48.0153 1650405941905 1337620.0000 -0.1974
-10.7971 76.3973 -35.1978 51.8165 1650405941959 1337674.0000 -0.1979
-11.2013 76.8422 -34.2455 38.3905 1650405942013 1337728.0000 -0.1979
-11.4050 76.8653 -33.4637 48.9571 1650405942067 1337782.0000 -0.1969
-11.5708 76.9523 -32.0082 57.1909 1650405942121 1337836.0000 -0.1969
-11.4593 77.1625 -30.5287 42.1652 1650405942174 1337890.0000 -0.1969
-11.4210 77.1943 -28.6983 58.8731 1650405942228 1337944.0000 -0.1969
-11.2912 77.0536 -27.2963 63.7270 1650405942282 1337998.0000 -0.1974
-11.1955 77.0677 -25.9296 48.6194 1650405942336 1338052.0000 -0.1979
-11.1117 77.1284 -24.9605 40.2112 1650405942390 1338106.0000 -0.1974
-11.2697 77.1122 -25.6415 48.1078 1650405942444 1338160.0000 -0.1974
-11.3425 77.0163 -24.0545 44.5798 1650405942498 1338214.0000 -0.1974
-11.0920 76.7713 -25.5133 58.2820 1650405942552 1338267.0000 -0.1979
-11.0090 77.1352 -26.9054 44.6014 1650405942607 1338321.0000 -0.1969
-11.2597 77.0549 -29.1052 60.7948 1650405942661 1338375.0000 -0.1969
-11.1921 76.9653 -30.9489 37.0077 1650405942715 1338429.0000 -0.1969
-11.3007 76.7431 -32.4719 36.9545 1650405942767 1338483.0000 -0.1969
-11.0549 76.6580 -33.7122 43.3910 1650405942821 1338537.0000 -0.1974
-11.2328 76.6744 -34.6312 29.9487 1650405942875 1338591.0000 -0.1974
-10.9957 76.6046 -35.4945 32.0948 1650405942929 1338645.0000 -0.1974
-10.9664 76.5024 -35.0921 33.3537 1650405942984 1338699.0000 -0.1974
-11.3745 76.8691 -33.7359 47.4397 1650405943038 1338753.0000 -0.1979
-11.4268 76.8813 -33.2914 51.6975 1650405943092 1338807.0000 -0.1979
-11.4363 77.0182 -31.9066 46.3717 1650405943146 1338861.0000 -0.1979
-11.4744 77.1943 -29.9390 48.6017 1650405943200 1338915.0000 -0.1974
-11.2826 77.1321 -28.0978 46.1289 1650405943255 1338969.0000 -0.1974
-11.2754 77.2024 -26.8824 50.5177 1650405943309 1339023.0000 -0.1974
-11.2030 77.1326 -25.5252 44.1295 1650405943363 1339077.0000 -0.1974
-11.0770 77.0007 -25.1845 47.2805 1650405943415 1339131.0000 -0.1974
-11.3152 77.0895 -24.8073 40.8014 1650405943469 1339185.0000 -0.1974
-11.1454 76.8773 -25.7532 47.6896 1650405943523 1339239.0000 -0.1969
-11.1230 76.8824 -26.7611 52.0119 1650405943577 1339293.0000 -0.1974
-11.2868 77.1237 -28.3148 62.6736 1650405943631 1339347.0000 -0.1974
-11.2775 77.0743 -30.1292 61.3876 1650405943686 1339401.0000 -0.1969
-11.2393 76.8280 -31.5428 48.3825 1650405943740 1339455.0000 -0.1969
-11.0535 76.8334 -32.9676 30.6371 1650405943794 1339509.0000 -0.1969
-11.1150 76.7533 -34.1952 37.8711 1650405943848 1339563.0000 -0.1969
-10.7851 76.5147 -35.3138 25.5405 1650405943902 1339616.0000 -0.1969
-11.0451 76.6828 -34.9240 29.7991 1650405943956 1339670.0000 -0.1969
-11.1540 76.5958 -34.2867 37.2313 1650405944008 1339724.0000 -0.1969
-11.4509 76.8540 -33.4307 44.9689 1650405944062 1339778.0000 -0.1965
-11.4018 76.9003 -32.6152 54.4595 1650405944117 1339832.0000 -0.1969
-11.4624 77.2111 -31.0122 58.0428 1650405944171 1339886.0000 -0.1965
-11.4043 77.2447 -29.1020 60.0810 1650405944225 1339940.0000 -0.1960
-11.3259 77.1132 -27.6316 47.4471 1650405944279 1339994.0000 -0.1960
-11.3045 77.1225 -26.1353 45.2484 1650405944333 1340048.0000 -0.1965
-11.2886 77.0762 -25.1719 54.5941 1650405944387 1340102.0000 -0.1965
-11.1347 76.9247 -24.6310 36.8360 1650405944442 1340156.0000 -0.1969
-11.3697 76.7897 -25.6127 39.3119 1650405944496 1340210.0000 -0.1969
-11.0931 76.8046 -25.9029 52.9884 1650405944550 1340264.0000 -0.1965
-11.0712 77.1882 -26.7049 58.6094 1650405944604 1340318.0000 -0.1965
-11.2660 77.1759 -28.8292 47.1494 1650405944656 1340372.0000 -0.1965
-11.2122 76.9400 -30.4666 60.8059 1650405944710 1340426.0000 -0.1965
-11.2249 76.7563 -32.1574 56.1848 1650405944764 1340480.0000 -0.1965
-11.0258 76.6693 -33.5785 50.6810 1650405944819 1340534.0000 -0.1960
-11.0211 76.6850 -34.5354 37.6015 1650405944873 1340588.0000 -0.1960
-11.1476 76.5643 -35.2844 31.3891 1650405944927 1340642.0000 -0.1960
-10.8631 76.5031 -34.9870 36.8678 1650405944981 1340696.0000 -0.1965
-11.4637 76.7920 -34.2567 38.2071 1650405945035 1340750.0000 -0.1965
-11.5621 76.6718 -33.1037 37.1788 1650405945089 1340804.0000 -0.1960
-11.5139 77.1183 -31.7933 40.5969 1650405945143 1340858.0000 -0.1960
-11.5562 77.1313 -30.6079 54.8240 1650405945197 1340912.0000 -0.1965
-11.3547 77.1215 -28.7320 48.7023 1650405945250 1340965.0000 -0.1960
-11.2042 77.1162 -26.9897 55.2267 1650405945304 1341019.0000 -0.1960
-11.1446 77.1878 -25.7366 52.7727 1650405945358 1341073.0000 -0.1960
-11.1428 77.0284 -25.3340 40.8336 1650405945412 1341127.0000 -0.1960
-11.3519 77.0280 -25.7318 46.1705 1650405945466 1341181.0000 -0.1960
-11.1706 76.7926 -25.5870 43.0218 1650405945520 1341235.0000 -0.1960
-11.2277 76.8695 -25.9914 59.1034 1650405945574 1341289.0000 -0.1965
-11.1802 77.2143 -27.2049 56.9280 1650405945628 1341343.0000 -0.1960
-11.2267 77.2089 -29.2402 52.7726 1650405945683 1341397.0000 -0.1960
-11.2157 76.9516 -30.9874 55.6115 1650405945737 1341451.0000 -0.1965
-11.2172 76.7404 -32.6574 51.0363 1650405945791 1341505.0000 -0.1960
-11.1358 76.5035 -33.9736 52.7614 1650405945843 1341559.0000 -0.1955
-11.1372 76.8147 -35.0796 48.6661 1650405945897 1341613.0000 -0.1955
-11.1281 76.6512 -34.9073 36.2806 1650405945951 1341667.0000 -0.1955
-10.9148 76.5787 -34.8405 34.2224 1650405946005 1341721.0000 -0.1955
-11.4685 76.6712 -33.2192 37.4482 1650405946060 1341775.0000 -0.1960
-11.4745 77.0051 -32.9796 42.8734 1650405946114 1341829.0000 -0.1965
-11.5302 77.2319 -31.5774 44.5795 1650405946168 1341883.0000 -0.1960
-11.5113 77.0669 -29.7382 44.5064 1650405946222 1341937.0000 -0.1960
-11.3752 77.2050 -27.9763 46.9894 1650405946276 1341991.0000 -0.1960
-11.3310 77.0170 -26.6889 50.3043 1650405946330 1342045.0000 -0.1960
-11.1519 77.1362 -25.6108 46.3223 1650405946385 1342099.0000 -0.1955
-11.1593 77.2169 -25.3865 45.2973 1650405946438 1342153.0000 -0.1955
-11.4034 77.1434 -24.8198 39.2897 1650405946491 1342207.0000 -0.1955
-11.0408 76.9792 -25.5482 54.7592 1650405946545 1342261.0000 -0.1955
-11.1050 77.0226 -26.5838 50.0841 1650405946599 1342314.0000 -0.1965
-11.3167 77.1077 -28.2728 55.7553 1650405946653 1342368.0000 -0.1965
-11.2993 76.9625 -29.8116 49.7000 1650405946707 1342422.0000 -0.1960
-11.1833 76.9110 -31.8723 55.6383 1650405946762 1342476.0000 -0.1965
-11.1113 76.8581 -33.2490 41.3832 1650405946816 1342530.0000 -0.1960
-11.0713 76.6236 -34.4209 49.1647 1650405946870 1342584.0000 -0.1965
-10.9929 76.7590 -35.1320 33.9871 1650405946924 1342638.0000 -0.1965
-11.0905 76.6170 -35.3285 39.3122 1650405946978 1342692.0000 -0.1960
-11.2831 76.6078 -34.3824 37.5529 1650405947032 1342746.0000 -0.1960
-11.3868 76.8496 -33.2426 47.4707 1650405947084 1342800.0000 -0.1960
-11.5491 76.9608 -32.6814 47.6771 1650405947138 1342854.0000 -0.1965
-11.5847 77.1712 -30.9559 57.2244 1650405947193 1342908.0000 -0.1960
-11.3395 77.1868 -29.2344 40.8417 1650405947247 1342962.0000 -0.1955
-11.3606 77.2853 -27.4806 35.5356 1650405947301 1343016.0000 -0.1960
-11.2982 77.1598 -26.2283 33.7716 1650405947355 1343070.0000 -0.1965
-11.2805 77.0513 -25.3346 41.6399 1650405947409 1343124.0000 -0.1965
-11.2353 76.9315 -25.2556 44.3246 1650405947463 1343178.0000 -0.1960
-11.2447 76.9585 -25.5152 42.1646 1650405947517 1343232.0000 -0.1960
-11.1071 76.9417 -26.0512 50.3609 1650405947571 1343286.0000 -0.1960
-11.1424 77.1071 -27.3605 54.1647 1650405947626 1343340.0000 -0.1960
-11.2579 77.1577 -28.9650 62.3065 1650405947680 1343394.0000 -0.1965
-11.0730 77.0202 -30.2522 46.8652 1650405947732 1343448.0000 -0.1965
-11.1366 76.8650 -32.4852 54.0880 1650405947786 1343502.0000 -0.1960
-11.0999 76.7214 -33.8361 51.5568 1650405947840 1343556.0000 -0.1965
-11.1593 76.6002 -34.7287 39.1770 1650405947894 1343610.0000 -0.1965
-11.1061 76.6405 -34.5344 44.0994 1650405947948 1343663.0000 -0.1960
-11.1496 76.4491 -35.1386 41.0818 1650405948002 1343717.0000 -0.1960
-11.2992 76.7800 -33.7490 41.0269 1650405948057 1343771.0000 -0.1960
-11.4415 76.9062 -33.1352 47.3152 1650405948111 1343825.0000 -0.1960
-11.5018 77.0933 -31.8636 45.2769 1650405948165 1343879.0000 -0.1960
-11.4998 77.1294 -30.1328 55.8002 1650405948219 1343933.0000 -0.1965
-11.4295 77.1908 -28.0012 36.3990 1650405948273 1343987.0000 -0.1965
-11.2996 77.0941 -26.6311 37.2693 1650405948326 1344041.0000 -0.1960
-11.2878 77.0025 -25.8662 45.3704 1650405948380 1344095.0000 -0.1965
-11.1965 77.1131 -25.0779 41.4817 1650405948434 1344149.0000 -0.1965
-11.3146 76.9375 -25.0329 34.3335 1650405948488 1344203.0000 -0.1960
-11.2363 76.8211 -25.1841 52.4363 1650405948542 1344257.0000 -0.1960
-11.1908 77.0453 -26.4544 59.4015 1650405948596 1344311.0000 -0.1960
-11.2979 77.1434 -28.1028 66.0950 1650405948650 1344365.0000 -0.1960
-11.2311 77.1350 -29.4466 57.3841 1650405948705 1344419.0000 -0.1965
-11.1365 76.9980 -31.3523 46.3421 1650405948759 1344473.0000 -0.1965
-11.0914 76.7192 -32.6817 45.3953 1650405948813 1344527.0000 -0.1965
-11.1283 76.7578 -33.9282 35.7624 1650405948867 1344581.0000 -0.1960
-10.9698 76.7512 -35.1591 41.6167 1650405948921 1344635.0000 -0.1965
-11.1114 76.4898 -35.6604 36.1510 1650405948973 1344689.0000 -0.1969
-11.3848 76.5476 -34.2100 37.6006 1650405949027 1344743.0000 -0.1965
-11.3892 76.7920 -33.5247 45.9440 1650405949081 1344797.0000 -0.1965
-11.4752 76.9380 -32.7125 52.9872 1650405949136 1344851.0000 -0.1965
-11.4885 77.1338 -31.2559 55.7112 1650405949190 1344905.0000 -0.1969
-11.4487 77.0876 -29.6079 46.4481 1650405949244 1344959.0000 -0.1969
-11.3201 76.8471 -27.5328 45.5365 1650405949298 1345012.0000 -0.1974
-11.3553 77.0101 -26.6068 36.9956 1650405949352 1345066.0000 -0.1974
-11.1607 76.8557 -25.3696 40.3796 1650405949406 1345120.0000 -0.1969
-11.2167 77.1338 -24.8352 28.8669 1650405949460 1345174.0000 -0.1974
-11.3272 76.9293 -24.7889 24.8214 1650405949514 1345228.0000 -0.1974
-11.0171 76.6905 -25.6269 41.0430 1650405949567 1345282.0000 -0.1969
-11.1573 77.0201 -26.6955 41.4072 1650405949621 1345336.0000 -0.1969
-11.2246 77.1049 -28.0824 62.3112 1650405949675 1345390.0000 -0.1969
-11.2577 76.9791 -30.2286 59.3981 1650405949729 1345444.0000 -0.1969
-11.0336 76.8695 -31.7473 42.0879 1650405949783 1345498.0000 -0.1969
-11.1337 76.7084 -33.2028 54.9645 1650405949837 1345552.0000 -0.1969
-11.1747 76.5925 -34.3621 40.9655 1650405949891 1345606.0000 -0.1969
-11.0737 76.5781 -35.2876 42.4119 1650405949946 1345660.0000 -0.1965
-10.9411 76.5349 -35.0391 40.5856 1650405950000 1345714.0000 -0.1969
-11.2077 76.7013 -33.8524 40.3703 1650405950054 1345768.0000 -0.1969
-11.3999 76.8865 -33.3271 43.5380 1650405950108 1345822.0000 -0.1969
-11.4467 77.1354 -32.1582 52.3256 1650405950162 1345876.0000 -0.1965
-11.5353 77.0664 -30.3138 68.5775 1650405950214 1345930.0000 -0.1969
-11.4982 77.1161 -28.7745 57.7958 1650405950269 1345984.0000 -0.1969
-11.2582 77.0857 -27.1056 34.6771 1650405950323 1346038.0000 -0.1969
-11.1187 77.0961 -25.8787 45.2715 1650405950377 1346092.0000 -0.1969
-11.0834 77.1758 -24.9574 33.2214 1650405950431 1346146.0000 -0.1969
-11.6663 77.1030 -25.4450 34.2520 1650405950485 1346200.0000 -0.1965
-11.1361 76.7396 -25.3164 39.2472 1650405950539 1346254.0000 -0.1969
-10.9335 76.8478 -26.3705 34.3319 1650405950593 1346308.0000 -0.1969
-11.1270 76.9247 -27.6403 55.8163 1650405950648 1346362.0000 -0.1969
-11.1943 77.0812 -29.3985 76.4075 1650405950702 1346415.0000 -0.1965
-11.0481 76.9021 -31.0961 52.0899 1650405950756 1346469.0000 -0.1965
-11.0902 76.7369 -32.1712 43.1465 1650405950808 1346523.0000 -0.1965
-10.9749 76.6647 -33.8305 38.0821 1650405950862 1346577.0000 -0.1969
-11.0221 76.6576 -35.0487 39.3545 1650405950916 1346631.0000 -0.1969
-11.1371 76.4921 -35.0626 39.7454 1650405950970 1346685.0000 -0.1965
-11.1460 76.6663 -35.2775 47.6219 1650405951024 1346739.0000 -0.1965
-11.4807 76.6776 -33.4469 42.5944 1650405951079 1346793.0000 -0.1965
-11.3777 76.7578 -33.1821 54.7725 1650405951133 1346847.0000 -0.1965
-11.4323 77.0990 -31.4684 52.0965 1650405951187 1346901.0000 -0.1960
-11.4963 77.1171 -29.9489 54.7822 1650405951241 1346955.0000 -0.1960
-11.3940 77.1792 -28.1102 51.8301 1650405951295 1347009.0000 -0.1960
-11.3553 77.0635 -26.8345 47.2997 1650405951349 1347063.0000 -0.1960
-11.2207 77.1849 -25.6257 41.3729 1650405951401 1347117.0000 -0.1965
-11.0727 77.1225 -25.0878 33.7422 1650405951455 1347171.0000 -0.1969
-11.1295 76.8560 -25.3381 38.4828 1650405951510 1347225.0000 -0.1965
-11.1031 76.7880 -24.9134 53.1268 1650405951564 1347279.0000 -0.1965
-11.0433 77.0320 -26.4889 45.2569 1650405951618 1347333.0000 -0.1969
-11.3275 77.1063 -28.0682 41.2024 1650405951672 1347387.0000 -0.1965
-11.2039 77.0628 -29.7924 49.0487 1650405951726 1347441.0000 -0.1960
-10.9864 76.8768 -31.2467 58.5889 1650405951780 1347495.0000 -0.1960
-11.1513 76.7462 -33.0103 48.1193 1650405951834 1347549.0000 -0.1960
-11.0065 76.6758 -34.2959 42.9671 1650405951889 1347603.0000 -0.1960
-11.0309 76.6546 -35.3334 45.1254 1650405951943 1347657.0000 -0.1965
-10.9777 76.5702 -35.3808 29.8504 1650405951997 1347711.0000 -0.1969
-11.1900 76.8802 -33.6795 38.8236 1650405952049 1347764.0000 -0.1965
-11.3653 76.8196 -34.0513 54.3409 1650405952103 1347818.0000 -0.1965
-11.3182 76.9612 -32.7333 50.0865 1650405952157 1347872.0000 -0.1969
-11.4438 77.1323 -31.1740 56.9501 1650405952212 1347926.0000 -0.1965
-11.4421 77.2383 -29.1538 51.5347 1650405952265 1347980.0000 -0.1969
-11.2683 77.2272 -27.6248 49.1846 1650405952320 1348034.0000 -0.1965
-11.3906 77.0732 -26.0337 47.1812 1650405952374 1348088.0000 -0.1965
-11.0834 77.0407 -25.5000 41.3738 1650405952428 1348142.0000 -0.1965
-11.2755 77.0176 -24.8778 29.5978 1650405952482 1348196.0000 -0.1969
-11.4899 77.0047 -25.1139 35.3537 1650405952536 1348250.0000 -0.1969
-11.1102 76.5841 -25.2345 49.8790 1650405952591 1348304.0000 -0.1965
-11.2898 76.9404 -27.2194 40.0343 1650405952643 1348358.0000 -0.1969
-11.2255 76.9275 -28.7722 50.2920 1650405952697 1348412.0000 -0.1969
-11.1997 76.9125 -30.5838 39.9686 1650405952752 1348466.0000 -0.1965
-11.2211 76.8016 -32.2366 45.6801 1650405952805 1348520.0000 -0.1965
-11.1352 76.6354 -33.6033 57.3466 1650405952859 1348574.0000 -0.1965
-11.1736 76.7400 -34.3645 35.4437 1650405952913 1348628.0000 -0.1965
-10.9661 76.5053 -34.9742 36.5302 1650405952967 1348682.0000 -0.1965
-10.9606 76.5536 -35.1894 43.8595 1650405953022 1348736.0000 -0.1965
-11.3870 76.8295 -34.2174 48.4258 1650405953076 1348790.0000 -0.1969
-11.2526 76.7766 -33.3764 43.9259 1650405953130 1348844.0000 -0.1965
-11.3442 77.0380 -32.1262 62.4286 1650405953184 1348898.0000 -0.1965
-11.5317 77.1536 -30.3057 51.9104 1650405953238 1348952.0000 -0.1969
-11.3681 77.2142 -28.6374 53.5441 1650405953290 1349006.0000 -0.1965
-11.2316 77.1806 -26.9591 43.7356 1650405953344 1349060.0000 -0.1965
-11.2069 77.1497 -25.9882 45.4693 1650405953398 1349113.0000 -0.1965
-11.1717 77.0518 -25.0629 43.6274 1650405953453 1349167.0000 -0.1965
-11.3000 76.8570 -25.1982 31.8565 1650405953507 1349221.0000 -0.1965
-11.3001 76.9560 -24.7400 38.3868 1650405953561 1349275.0000 -0.1969
-10.9485 76.8538 -26.2705 49.0885 1650405953615 1349329.0000 -0.1969
-11.2306 77.0764 -27.6836 49.3068 1650405953669 1349383.0000 -0.1965
-11.1075 76.9756 -29.2294 44.6482 1650405953723 1349437.0000 -0.1965
-11.2290 76.9305 -30.8197 39.8691 1650405953777 1349491.0000 -0.1969
-11.1195 76.7908 -32.5777 54.5700 1650405953832 1349545.0000 -0.1969
-11.1424 76.8196 -34.0077 60.5685 1650405953884 1349599.0000 -0.1965
-11.0600 76.5818 -34.8215 35.6314 1650405953938 1349653.0000 -0.1965
-10.9671 76.7645 -35.5413 39.4407 1650405953992 1349707.0000 -0.1965
-11.1020 76.6408 -34.8736 40.6420 1650405954046 1349761.0000 -0.1969
-11.2359 76.8484 -33.6556 40.8625 1650405954100 1349815.0000 -0.1969
-11.1710 76.8827 -32.8869 52.8006 1650405954155 1349869.0000 -0.1974
-11.4951 76.9931 -31.3614 49.8207 1650405954209 1349923.0000 -0.1969
-11.4740 77.1132 -29.5993 46.6889 1650405954263 1349977.0000 -0.1969
-11.3277 77.0275 -27.7936 45.2000 1650405954317 1350031.0000 -0.1974
-11.2455 77.2435 -26.6600 53.9058 1650405954371 1350085.0000 -0.1969
-11.2956 77.1143 -25.4697 47.2067 1650405954425 1350139.0000 -0.1969
-11.0503 77.0968 -24.9986 44.0469 1650405954477 1350193.0000 -0.1969
-11.3132 77.0183 -25.0539 35.3815 1650405954532 1350247.0000 -0.1969
-11.1405 76.7902 -24.6694 49.4770 1650405954586 1350301.0000 -0.1969
-11.1172 76.8666 -26.9488 43.7284 1650405954640 1350355.0000 -0.1974
-11.2358 76.9273 -28.1735 41.5346 1650405954694 1350409.0000 -0.1974
-11.1996 76.8460 -30.0149 48.3621 1650405954748 1350462.0000 -0.1969
-11.1271 76.7399 -31.8361 50.5881 1650405954802 1350516.0000 -0.1974
-11.0500 76.7170 -33.1516 48.9706 1650405954856 1350570.0000 -0.1974
-11.0689 76.5926 -34.5325 43.3678 1650405954910 1350624.0000 -0.1974
-10.9063 76.6570 -35.3959 44.6138 1650405954965 1350678.0000 -0.1974
-11.0087 76.6489 -35.0059 36.9901 1650405955019 1350732.0000 -0.1974
-11.1833 76.7443 -34.0740 41.0221 1650405955073 1350786.0000 -0.1974
-11.3911 76.8812 -33.5983 49.4831 1650405955125 1350840.0000 -0.1974
-11.3442 77.0286 -32.4067 64.0697 1650405955179 1350894.0000 -0.1979
-11.4978 77.0954 -30.7150 65.3832 1650405955233 1350948.0000 -0.1979
-11.2716 77.1601 -28.8174 58.6866 1650405955287 1351002.0000 -0.1974
-11.3359 77.1408 -27.4109 54.2817 1650405955341 1351056.0000 -0.1979
-11.0778 77.1327 -26.1116 45.1365 1650405955396 1351110.0000 -0.1979
-11.0818 77.1631 -25.2797 46.2120 1650405955450 1351164.0000 -0.1979
-11.1102 77.1085 -24.9464 38.0669 1650405955504 1351218.0000 -0.1979
-11.3689 76.8766 -24.2057 40.0209 1650405955558 1351272.0000 -0.1974
-11.2082 76.8610 -25.4770 43.8246 1650405955612 1351326.0000 -0.1974
-11.0725 77.1359 -27.1375 50.8481 1650405955666 1351380.0000 -0.1974
-11.3485 77.0884 -29.0326 59.4559 1650405955720 1351434.0000 -0.1979
-11.0866 76.9688 -30.5964 39.0322 1650405955773 1351488.0000 -0.1979
-11.1467 76.6780 -32.0643 38.4039 1650405955827 1351542.0000 -0.1979
-11.1809 76.7507 -33.4557 57.3421 1650405955881 1351596.0000 -0.1979
-11.1734 76.6826 -34.6699 42.9723 1650405955935 1351650.0000 -0.1979
-10.9923 76.4753 -35.2583 34.7759 1650405955989 1351704.0000 -0.1974
-11.1127 76.5014 -34.9906 32.2489 1650405956043 1351758.0000 -0.1974
-11.2057 76.7805 -33.8931 42.7503 1650405956098 1351811.0000 -0.1974
-11.2657 76.9426 -33.2676 50.1452 1650405956151 1351865.0000 -0.1974
-11.4422 77.1303 -31.6788 54.5987 1650405956206 1351919.0000 -0.1974
-11.4469 77.1304 -30.0101 55.2140 1650405956260 1351973.0000 -0.1979
-11.2921 77.2192 -28.4294 54.0122 1650405956314 1352027.0000 -0.1979
-11.1996 77.1462 -26.7540 55.0137 1650405956366 1352081.0000 -0.1974
-11.0548 77.1053 -25.4823 52.0794 1650405956420 1352135.0000 -0.1979
-11.0137 76.9841 -25.3549 49.8107 1650405956474 1352189.0000 -0.1979
-11.3838 77.2204 -25.0027 46.1190 1650405956529 1352243.0000 -0.1979
-11.3483 77.1285 -25.5014 34.9601 1650405956583 1352297.0000 -0.1974
-11.2495 76.8391 -26.6681 40.0217 1650405956637 1352351.0000 -0.1974
-11.1524 77.1150 -27.6544 52.9058 1650405956691 1352405.0000 -0.1974
-11.2303 76.9693 -29.5784 48.4673 1650405956745 1352459.0000 -0.1974
-11.2864 76.8459 -30.9323 35.8959 1650405956799 1352513.0000 -0.1979
-11.0953 76.6715 -32.9152 41.8487 1650405956853 1352567.0000 -0.1979
-11.2098 76.6267 -33.9446 34.4544 1650405956908 1352621.0000 -0.1974
-10.9003 76.5852 -35.0725 43.9924 1650405956960 1352675.0000 -0.1979
-10.9099 76.5187 -35.4403 40.8140 1650405957014 1352729.0000 -0.1979
-11.1578 76.6755 -34.1686 34.4909 1650405957068 1352783.0000 -0.1974
-11.3635 76.8923 -34.0052 49.8287 1650405957122 1352837.0000 -0.1974
-11.3296 77.1335 -32.8454 43.0726 1650405957176 1352891.0000 -0.1974
-11.3654 77.0811 -31.2737 46.6404 1650405957230 1352945.0000 -0.1974
-11.4351 77.2428 -29.4400 57.0797 1650405957284 1352999.0000 -0.1974
-11.2720 77.2062 -27.8537 56.8450 1650405957339 1353053.0000 -0.1979
-11.2234 77.1370 -26.5730 52.6411 1650405957393 1353107.0000 -0.1979
-11.1473 77.1356 -25.5364 51.7077 1650405957447 1353160.0000 -0.1974
-11.1209 76.9571 -25.2966 37.8684 1650405957501 1353214.0000 -0.1979
-11.1288 77.0659 -24.8429 43.8229 1650405957555 1353268.0000 -0.1979
-11.2806 76.8701 -25.7798 34.3889 1650405957607 1353322.0000 -0.1979
-11.1178 77.1683 -26.8226 33.7574 1650405957661 1353376.0000 -0.1974
-11.3454 77.1279 -28.7076 44.1476 1650405957716 1353430.0000 -0.1969
-11.1402 76.9007 -30.4148 42.2288 1650405957770 1353484.0000 -0.1969
-11.0945 76.8205 -31.8008 41.1641 1650405957824 1353538.0000 -0.1974
-11.1785 76.7707 -32.8599 36.1436 1650405957878 1353592.0000 -0.1974
-11.1339 76.5405 -34.4980 48.1044 1650405957932 1353646.0000 -0.1974
-10.9070 76.4415 -35.2303 45.4271 1650405957986 1353700.0000 -0.1974
-10.9363 76.5675 -35.3667 46.2494 1650405958041 1353754.0000 -0.1974
-11.3651 76.6599 -34.3029 36.6661 1650405958094 1353808.0000 -0.1974
-11.2835 76.8266 -33.4030 49.7517 1650405958149 1353862.0000 -0.1974
-11.4249 77.0002 -32.1852 63.4468 1650405958201 1353916.0000 -0.1969
-11.5078 77.1407 -30.6890 49.3189 1650405958255 1353970.0000 -0.1969
-11.4575 77.2053 -28.6103 59.4108 1650405958309 1354024.0000 -0.1969
-11.2559 77.1777 -27.1040 51.4358 1650405958363 1354078.0000 -0.1969
-11.2217 77.0735 -26.0702 50.1554 1650405958417 1354132.0000 -0.1974
-11.2016 77.1419 -25.1827 41.1496 1650405958472 1354186.0000 -0.1974
-11.3953 77.0102 -25.3594 38.8418 1650405958526 1354240.0000 -0.1969
-11.3350 76.8221 -24.9556 33.8722 1650405958580 1354294.0000 -0.1974
-11.1375 77.0085 -25.7333 41.7464 1650405958634 1354348.0000 -0.1974
-11.2729 77.1322 -27.5573 34.1230 1650405958688 1354402.0000 -0.1969
-11.1760 77.1363 -29.1224 52.8916 1650405958742 1354456.0000 -0.1969
-11.1273 76.9241 -30.9957 53.4434 1650405958796 1354510.0000 -0.1969
-11.1148 76.7132 -32.3179 43.9784 1650405958849 1354563.0000 -0.1969
-11.0541 76.6349 -33.7623 44.4049 1650405958903 1354617.0000 -0.1974
-11.0306 76.5296 -34.6187 40.4687 1650405958957 1354671.0000 -0.1974
-10.8568 76.5486 -35.5138 38.0575 1650405959011 1354725.0000 -0.1974
-10.9728 76.5355 -35.1661 48.9683 1650405959065 1354779.0000 -0.1969
-11.3924 76.7439 -33.9480 50.6958 1650405959119 1354833.0000 -0.1974
-11.3513 76.9446 -33.2037 51.6375 1650405959173 1354887.0000 -0.1979
-11.4701 77.1649 -31.1916 52.2979 1650405959227 1354941.0000 -0.1979
-11.4426 77.1788 -30.1091 57.1401 1650405959282 1354995.0000 -0.1974
-11.3407 77.2324 -28.3222 52.8311 1650405959336 1355049.0000 -0.1974
-11.2347 77.0433 -26.6464 53.5015 1650405959390 1355103.0000 -0.1974
-11.2669 77.0054 -25.5010 50.0815 1650405959442 1355157.0000 -0.1974
-11.0866 77.0822 -25.0284 48.7279 1650405959496 1355211.0000 -0.1974
-11.2322 76.8689 -25.1754 38.8172 1650405959550 1355265.0000 -0.1974
-11.2933 76.7397 -25.6432 44.7979 1650405959604 1355319.0000 -0.1974
-11.1849 76.8484 -26.8037 37.1079 1650405959659 1355373.0000 -0.1974
-11.1676 77.0914 -28.0324 44.7435 1650405959713 1355427.0000 -0.1974
-11.2432 76.8652 -29.8671 46.8209 1650405959767 1355481.0000 -0.1969
-11.2944 76.8803 -31.1582 32.7397 1650405959821 1355535.0000 -0.1969
-11.1793 76.6962 -32.9828 43.8096 1650405959875 1355589.0000 -0.1969
-11.1817 76.6389 -34.1884 43.2238 1650405959929 1355643.0000 -0.1969
-10.9353 76.5820 -35.2243 31.8902 1650405959984 1355697.0000 -0.1974
-11.0020 76.5119 -35.2905 40.7361 1650405960036 1355751.0000 -0.1974
-11.0695 76.6589 -34.1953 46.1015 1650405960090 1355805.0000 -0.1974
-11.4156 76.7818 -33.7346 48.8538 1650405960144 1355859.0000 -0.1974
-11.5066 77.0994 -32.5283 51.2822 1650405960198 1355912.0000 -0.1974
-11.4637 77.1697 -31.2409 50.4243 1650405960252 1355966.0000 -0.1974
-11.3637 77.1030 -29.3416 49.1077 1650405960306 1356020.0000 -0.1969
-11.2364 77.2415 -27.7158 64.7445 1650405960361 1356074.0000 -0.1969
-11.2395 77.1537 -26.1154 46.5797 1650405960415 1356128.0000 -0.1969
-11.1980 77.0778 -25.5018 43.5787 1650405960469 1356182.0000 -0.1969
-11.1923 76.9882 -25.1983 34.1738 1650405960523 1356236.0000 -0.1974
-11.2730 76.8491 -25.3944 40.1557 1650405960577 1356290.0000 -0.1974
-11.3704 76.8690 -25.3283 44.3648 1650405960631 1356344.0000 -0.1974
-11.1616 76.9291 -26.6708 40.0539 1650405960683 1356398.0000 -0.1974
-11.3751 77.0504 -28.9111 45.3606 1650405960737 1356452.0000 -0.1979
-11.1480 77.0563 -30.3820 42.7159 1650405960792 1356506.0000 -0.1979
-11.2498 76.7705 -32.0464 52.8602 1650405960846 1356560.0000 -0.1979
-11.0798 76.6438 -33.2108 43.2190 1650405960900 1356614.0000 -0.1974
-11.1007 76.6217 -34.6851 37.6677 1650405960954 1356668.0000 -0.1974
-10.9046 76.4818 -35.5489 37.9501 1650405961008 1356722.0000 -0.1974
-10.9122 76.5419 -35.1642 37.5467 1650405961062 1356776.0000 -0.1979
-11.1129 76.6806 -34.3597 49.2002 1650405961116 1356830.0000 -0.1979
-11.2589 76.9760 -33.3330 54.1903 1650405961170 1356884.0000 -0.1979
-11.4135 77.0576 -31.9453 58.2422 1650405961225 1356938.0000 -0.1979
-11.4994 77.1744 -30.3025 56.0305 1650405961277 1356992.0000 -0.1984
-11.4592 77.2687 -28.7477 53.3262 1650405961331 1357046.0000 -0.1984
-11.2722 77.2652 -27.0026 43.6307 1650405961385 1357100.0000 -0.1979
-11.3415 77.0211 -26.0392 50.6022 1650405961439 1357154.0000 -0.1979
-11.1201 77.0496 -25.3296 50.1627 1650405961493 1357208.0000 -0.1979
-11.2462 76.9351 -25.4195 28.9172 1650405961547 1357261.0000 -0.1979
-11.1884 76.9469 -24.8886 36.5583 1650405961602 1357315.0000 -0.1984
-11.1449 76.8489 -25.7515 32.0565 1650405961656 1357369.0000 -0.1984
-11.2881 77.0873 -27.5945 44.7057 1650405961710 1357423.0000 -0.1984
-11.2443 77.1202 -29.3698 50.0956 1650405961764 1357477.0000 -0.1984
-11.2492 76.9489 -30.8618 45.6025 1650405961818 1357531.0000 -0.1989
-11.1232 76.7533 -32.5973 42.7320 1650405961872 1357585.0000 -0.1984
-11.1544 76.7100 -33.6901 45.4226 1650405961925 1357639.0000 -0.1984
-10.9638 76.6182 -34.9692 38.9360 1650405961979 1357693.0000 -0.1979
-10.9018 76.5829 -35.5413 41.3233 1650405962033 1357747.0000 -0.1979
-11.0612 76.5338 -34.8828 40.6299 1650405962087 1357801.0000 -0.1984
-11.3385 76.7269 -33.6514 36.8883 1650405962141 1357855.0000 -0.1984
-11.4056 77.0133 -32.9577 56.8043 1650405962195 1357909.0000 -0.1989
-11.4742 77.0420 -31.4055 54.1995 1650405962249 1357963.0000 -0.1984
-11.5209 77.1796 -29.6834 45.4777 1650405962304 1358017.0000 -0.1984
-11.3765 77.1634 -27.9205 44.0575 1650405962358 1358071.0000 -0.1984
-11.2964 77.1983 -26.5307 49.3282 1650405962412 1358125.0000 -0.1984
-11.1295 77.0073 -25.5509 47.6116 1650405962466 1358179.0000 -0.1984
-11.1700 76.8614 -25.1638 36.2667 1650405962518 1358233.0000 -0.1984
-11.2046 76.8649 -25.0596 36.2549 1650405962572 1358287.0000 -0.1979
-11.1615 76.7368 -25.0801 46.9675 1650405962626 1358341.0000 -0.1979
-11.1668 76.8996 -26.4359 48.0116 1650405962680 1358395.0000 -0.1984
-11.2193 77.1213 -28.3594 38.6602 1650405962735 1358449.0000 -0.1984
-11.0831 76.9485 -30.0301 47.8080 1650405962789 1358503.0000 -0.1979
-11.0870 76.8536 -31.8502 44.9583 1650405962843 1358557.0000 -0.1984
-11.2756 76.7093 -33.1893 46.6683 1650405962897 1358610.0000 -0.1984
-11.1695 76.5861 -34.3811 43.3377 1650405962951 1358664.0000 -0.1984
-11.0465 76.5575 -35.1826 34.6925 1650405963005 1358718.0000 -0.1984
-10.9182 76.4002 -35.5620 39.7661 1650405963059 1358772.0000 -0.1979
-11.3413 76.7266 -34.5744 45.1495 1650405963113 1358826.0000 -0.1979
-11.3936 76.8284 -33.5713 48.1162 1650405963166 1358880.0000 -0.1984
-11.5110 77.0120 -32.3504 41.3214 1650405963220 1358934.0000 -0.1984
-11.3923 77.1280 -30.7321 45.4337 1650405963274 1358988.0000 -0.1984
-11.3758 77.1646 -28.9077 55.5001 1650405963328 1359042.0000 -0.1984
-11.2055 77.0208 -27.4195 55.0058 1650405963382 1359096.0000 -0.1989
-11.1920 77.1299 -26.1943 41.7890 1650405963436 1359150.0000 -0.1989
-11.1653 77.1463 -25.3334 33.7368 1650405963490 1359204.0000 -0.1984
-11.4785 77.0256 -25.2788 29.9381 1650405963545 1359258.0000 -0.1989
-11.4322 76.9202 -25.1906 38.9606 1650405963599 1359312.0000 -0.1984
-11.2024 76.7677 -26.2076 35.4363 1650405963653 1359366.0000 -0.1984
-11.3114 76.9549 -27.4051 54.8563 1650405963707 1359420.0000 -0.1984
-11.2191 77.0022 -28.9751 56.9518 1650405963759 1359474.0000 -0.1989
-11.1286 76.8674 -30.6602 52.0020 1650405963813 1359528.0000 -0.1989
-11.0696 76.8964 -32.2476 50.9427 1650405963868 1359582.0000 -0.1979
-11.1489 76.7722 -33.6943 53.4723 1650405963921 1359636.0000 -0.1984
-10.9213 76.6290 -34.5155 43.1065 1650405963976 1359690.0000 -0.1984
-10.8327 76.7009 -35.6400 33.4012 1650405964030 1359744.0000 -0.1984
-10.8974 76.5245 -35.0220 38.7436 1650405964084 1359798.0000 -0.1984
-11.2962 76.6762 -34.1037 38.4177 1650405964138 1359852.0000 -0.1979
-11.3783 76.7885 -33.5850 58.5609 1650405964192 1359906.0000 -0.1979
-11.5562 76.9957 -31.7450 52.8118 1650405964247 1359959.0000 -0.1979
-11.4787 77.0936 -30.3512 52.0477 1650405964301 1360013.0000 -0.1984
-11.3802 77.1355 -28.5867 55.6814 1650405964353 1360067.0000 -0.1984
-11.2887 77.0788 -26.9046 50.4334 1650405964407 1360121.0000 -0.1979
-11.1695 77.1219 -25.7448 40.3658 1650405964461 1360175.0000 -0.1984
-11.0733 77.0113 -24.7692 38.2492 1650405964515 1360229.0000 -0.1984
-11.2455 76.9667 -25.2581 40.7308 1650405964569 1360283.0000 -0.1979
-11.2937 77.0197 -25.1734 41.8757 1650405964623 1360337.0000 -0.1979
-11.2289 76.8517 -26.5278 26.8603 1650405964678 1360391.0000 -0.1979
-11.2735 77.0924 -27.8446 50.3552 1650405964732 1360445.0000 -0.1979
-11.3113 77.0898 -29.8787 44.8102 1650405964786 1360499.0000 -0.1984
-11.2167 76.8598 -31.5360 62.2913 1650405964840 1360553.0000 -0.1984
-11.1690 76.6486 -32.8552 53.3821 1650405964894 1360607.0000 -0.1984
-11.1199 76.7638 -34.0836 45.2178 1650405964948 1360661.0000 -0.1979
-10.9734 76.6868 -34.8525 37.7246 1650405965000 1360715.0000 -0.1984
-10.8801 76.5950 -35.4614 33.7441 1650405965054 1360769.0000 -0.1984
-11.2522 76.5795 -34.4620 43.5841 1650405965109 1360823.0000 -0.1984
-11.3934 76.7891 -33.5841 46.1795 1650405965163 1360877.0000 -0.1984
-11.4506 77.0182 -32.6674 40.5353 1650405965217 1360931.0000 -0.1979
-11.5123 77.1240 -31.0914 53.9952 1650405965271 1360985.0000 -0.1979
-11.4429 77.2146 -29.5802 59.5926 1650405965325 1361039.0000 -0.1979
-11.3402 77.1380 -27.6526 43.6789 1650405965379 1361093.0000 -0.1979
-11.1311 77.1689 -26.1818 40.6558 1650405965433 1361147.0000 -0.1979
-11.1317 77.1228 -25.5954 40.9357 1650405965488 1361201.0000 -0.1974
-11.3309 77.0674 -25.1800 36.9075 1650405965542 1361255.0000 -0.1979
-11.2881 76.9894 -24.9979 38.6336 1650405965594 1361308.0000 -0.1974
-11.1840 76.9399 -25.0992 42.5584 1650405965648 1361362.0000 -0.1974
-11.2716 76.8540 -26.9137 44.2310 1650405965702 1361416.0000 -0.1974
-11.2860 76.9986 -28.4426 55.1894 1650405965756 1361470.0000 -0.1974
-11.1911 76.9387 -30.0301 48.0067 1650405965811 1361524.0000 -0.1974
-11.2088 76.8791 -31.6479 52.7930 1650405965864 1361578.0000 -0.1974
-11.1364 76.6516 -33.3569 43.3245 1650405965919 1361632.0000 -0.1979
-10.8947 76.5632 -34.5364 51.3917 1650405965973 1361686.0000 -0.1974
