16.3119 -92.4391 -26.5401 20.9310 1685210502311 372.7500 -0.2140
15.3722 -92.2618 -27.3768 25.7462 1685210502345 405.2500 -0.2116
15.3079 -92.1743 -27.9578 26.3645 1685210502377 438.0000 -0.2116
15.1007 -91.9748 -28.5897 25.9478 1685210502410 470.7500 -0.2106
14.8977 -91.5231 -28.9071 31.8908 1685210502442 503.2500 -0.2096
14.7103 -91.2741 -28.9546 30.1442 1685210502476 535.7500 -0.2087
14.5409 -91.1309 -28.5623 29.7667 1685210502508 568.2500 -0.2087
15.9654 -92.6202 -27.6344 26.6767 1685210502540 601.2500 -0.2018
16.7186 -92.5360 -27.1487 28.9825 1685210502574 634.2500 -0.1906
17.4717 -93.0267 -28.0799 19.2322 1685210502606 180.7500 -0.1906
18.1755 -93.7137 -28.2250 24.6700 1685210502638 51.5000 -0.1789
19.6291 -93.7938 -26.7899 19.3445 1685210502671 84.2500 -0.1789
20.3696 -94.0432 -25.5339 37.5851 1685210502704 117.0000 -0.1618
20.1185 -94.3102 -25.2190 29.8788 1685210502737 149.5000 -0.1618
19.7650 -94.3796 -25.8765 16.5615 1685210502769 182.2500 -0.1479
19.7580 -94.5422 -25.2353 23.2325 1685210502803 214.7500 -0.1432
20.4790 -94.7125 -23.6722 26.8471 1685210502835 247.7500 -0.1319
19.1838 -94.5149 -24.9413 21.7555 1685210502867 280.0000 -0.1208
18.6477 -93.0885 -24.2644 23.3861 1685210502901 313.0000 -0.1134
18.1763 -92.6381 -24.8376 16.1865 1685210502933 345.7500 -0.1024
16.2646 -92.9757 -26.7358 19.5840 1685210502965 378.2500 -0.0988
15.5717 -93.2799 -27.4270 27.3768 1685210502998 411.2500 -0.0874
15.4550 -92.9058 -28.2892 29.1755 1685210503031 443.7500 -0.0836
15.4343 -92.7484 -28.7047 30.2761 1685210503063 476.2500 -0.0768
15.3121 -92.4793 -29.2177 30.4518 1685210503096 509.2500 -0.0700
14.9248 -92.3041 -29.5863 36.8680 1685210503130 541.7500 -0.0608
14.6100 -92.4260 -29.3205 24.8540 1685210503162 574.5000 -0.0509
15.7304 -93.4271 -29.1321 28.8826 1685210503194 607.2500 -0.0441
16.5612 -93.9264 -27.6554 27.1259 1685210503228 640.0000 -0.0375
17.0580 -94.6660 -28.2170 30.8833 1685210503260 32.5000 -0.0309
17.6692 -94.8898 -28.3599 19.9752 1685210503292 65.0000 -0.0245
18.5811 -95.0196 -27.0762 28.7159 1685210503325 97.5000 -0.0182
19.5066 -95.5023 -25.6568 33.0928 1685210503358 130.7500 -0.0045
19.1941 -95.6296 -25.3317 26.7692 1685210503390 163.2500 -0.0045
18.5026 -95.7430 -26.0652 20.9606 1685210503423 196.0000 0.0016
18.6410 -96.0777 -25.9615 24.7533 1685210503456 228.7500 0.0107
19.4992 -96.3190 -24.4530 23.4823 1685210503488 261.2500 0.0199
19.0644 -95.8119 -24.8571 22.4538 1685210503521 294.0000 0.0250
18.3849 -95.0353 -24.9958 18.5557 1685210503555 326.7500 0.0302
18.2780 -94.2792 -25.3653 29.3517 1685210503587 358.7500 0.0360
17.0060 -94.5635 -27.2207 25.4592 1685210503619 392.0000 0.0380
16.2624 -94.6261 -28.3157 30.4969 1685210503652 424.7500 0.0438
15.8984 -94.4477 -28.8261 32.4435 1685210503685 457.0000 0.0458
15.7221 -94.3559 -29.4980 25.8676 1685210503717 490.2500 0.0509
15.4198 -93.9870 -30.0165 34.1409 1685210503750 522.7500 0.0535
15.3871 -93.6650 -29.9548 38.9679 1685210503783 555.5000 0.0560
14.9847 -93.5350 -29.7156 26.9867 1685210503815 588.2500 0.0560
15.0061 -93.1677 -28.9263 24.4430 1685210503847 621.0000 0.0549
16.1862 -94.2737 -27.7801 23.3702 1685210503881 490.5000 0.0454
16.0924 -94.6940 -27.8196 21.4411 1685210503914 34.2500 0.0424
16.7548 -94.6767 -27.9142 25.2730 1685210503946 67.0000 0.0328
17.9527 -95.1861 -26.9080 24.8509 1685210503980 99.7500 0.0233
18.9948 -95.5730 -25.4010 31.5217 1685210504012 132.2500 0.0094
19.4889 -95.6806 -24.7205 39.8858 1685210504044 165.0000 0.0023
19.2143 -95.5981 -25.2865 25.2269 1685210504077 197.5000 -0.0106
19.3241 -95.8033 -25.7498 22.5299 1685210504110 229.7500 -0.0162
20.2245 -95.9998 -24.0564 19.7172 1685210504142 263.2500 -0.0270
19.8571 -95.2228 -24.1813 20.7257 1685210504174 295.7500 -0.0429
18.4353 -94.6032 -25.0778 23.9623 1685210504208 328.2500 -0.0582
18.5751 -94.1094 -25.0176 16.8832 1685210504240 361.2500 -0.0634
17.6818 -93.7277 -26.8540 26.4417 1685210504272 393.7500 -0.0788
16.6056 -94.0610 -27.8740 26.7738 1685210504307 426.5000 -0.0883
16.0052 -93.7653 -28.3191 37.2309 1685210504339 459.2500 -0.0978
15.9458 -93.5902 -28.7561 31.4039 1685210504371 492.0000 -0.1026
15.7317 -93.1833 -29.2028 27.4655 1685210504404 523.7500 -0.1168
15.6167 -92.6673 -28.9796 33.2208 1685210504437 557.2500 -0.1349
15.2263 -92.3224 -28.7940 26.5386 1685210504469 589.7500 -0.1349
15.2479 -92.2235 -27.7643 28.3948 1685210504501 622.7500 -0.1477
16.5958 -92.9079 -26.6042 24.9728 1685210504535 655.2500 -0.1558
17.2323 -93.2982 -26.7325 24.2064 1685210504567 517.0000 -0.1672
18.1638 -93.4060 -27.5390 16.8183 1685210504599 36.7500 -0.1705
19.4382 -94.0286 -26.8973 16.4430 1685210504633 69.2500 -0.1803
20.8654 -93.9835 -25.7001 29.0484 1685210504665 102.2500 -0.1877
21.7776 -93.8474 -24.9226 39.1044 1685210504698 134.7500 -0.1901
21.5868 -93.6665 -24.7536 27.1409 1685210504731 167.2500 -0.1923
21.3386 -93.5366 -24.9095 16.6508 1685210504764 200.2500 -0.2009
21.4619 -94.1013 -24.0783 18.6174 1685210504796 232.7500 -0.2067
21.3767 -93.4107 -23.9709 19.6973 1685210504829 265.5000 -0.2087
20.3379 -92.7552 -24.7445 28.2530 1685210504862 298.2500 -0.2145
19.5238 -92.2336 -24.4073 19.7711 1685210504894 330.5000 -0.2145
17.9975 -92.0944 -25.7782 18.6651 1685210504926 363.2500 -0.2223
16.6363 -92.1270 -26.6496 31.3201 1685210504960 396.2500 -0.2223
16.1695 -92.3744 -27.5951 18.6855 1685210504992 429.0000 -0.2260
16.0970 -92.1606 -28.1123 26.2010 1685210505024 461.5000 -0.2272
16.0796 -92.0376 -28.4507 27.6723 1685210505058 494.2500 -0.2326
15.8667 -91.6814 -28.5476 20.9734 1685210505091 527.0000 -0.2360
15.5170 -91.4818 -28.6103 27.3670 1685210505123 559.7500 -0.2360
15.5468 -91.8811 -28.1624 22.7871 1685210505156 592.2500 -0.2370
16.9705 -92.1592 -27.2295 28.7686 1685210505189 624.5000 -0.2370
17.8170 -92.6965 -27.5751 20.3376 1685210505221 657.7500 -0.2370
18.6793 -93.3672 -28.2194 21.9329 1685210505253 26.2500 -0.2365
19.5692 -93.6363 -27.7275 26.0901 1685210505287 59.0000 -0.2360
20.5369 -93.7236 -26.2128 26.9305 1685210505319 91.7500 -0.2360
21.0089 -93.6600 -25.4756 37.1535 1685210505351 124.2500 -0.2324
21.0052 -93.5170 -25.1233 26.0760 1685210505384 157.2500 -0.2256
20.8573 -93.4232 -24.9200 24.6073 1685210505417 189.7500 -0.2238
21.0504 -93.8012 -23.5852 25.4129 1685210505450 222.5000 -0.2201
20.6116 -93.0191 -23.5434 22.7525 1685210505483 255.2500 -0.2189
19.9496 -92.2713 -23.8023 22.1122 1685210505516 288.0000 -0.2149
19.0621 -91.7275 -23.7813 16.4792 1685210505548 320.5000 -0.2136
17.2259 -91.7471 -25.2750 18.1028 1685210505580 353.2500 -0.2106
15.9181 -92.0112 -26.2555 28.1241 1685210505614 386.0000 -0.2077
15.7731 -92.0399 -26.9375 26.2265 1685210505646 418.7500 -0.2033
15.7843 -92.0831 -28.0402 24.0592 1685210505678 450.7500 -0.1987
15.5253 -91.7430 -28.5862 33.2430 1685210505712 483.7500 -0.1955
15.3866 -91.5243 -28.9458 30.7726 1685210505744 516.7500 -0.1918
14.7500 -91.4309 -28.7927 20.4350 1685210505776 549.2500 -0.1882
15.1751 -91.8214 -28.3789 23.4086 1685210505809 582.0000 -0.1847
16.2895 -92.2109 -27.6836 26.6596 1685210505842 614.7500 -0.1813
17.1585 -92.9724 -28.1257 21.8665 1685210505874 328.7500 -0.1745
17.6378 -93.6397 -28.4124 17.6582 1685210505907 43.2500 -0.1745
18.7884 -93.6488 -27.6846 18.7168 1685210505941 75.7500 -0.1718
19.6928 -94.0440 -26.2693 30.4357 1685210505973 108.0000 -0.1662
19.8678 -94.1897 -25.3384 38.0330 1685210506005 141.0000 -0.1632
19.4040 -94.1622 -25.6333 19.0617 1685210506039 173.7500 -0.1620
19.3124 -94.3251 -25.6571 26.4435 1685210506071 205.7500 -0.1584
20.1691 -94.5242 -24.0604 31.7186 1685210506103 239.2500 -0.1574
19.0642 -94.0714 -24.0401 15.6900 1685210506136 272.0000 -0.1545
18.3668 -92.9789 -24.2780 23.1639 1685210506169 304.5000 -0.1537
17.7127 -92.3109 -24.7623 23.6118 1685210506201 337.2500 -0.1530
16.1475 -92.4194 -25.8823 21.0195 1685210506234 370.0000 -0.1525
15.0377 -92.8265 -26.9381 30.9423 1685210506267 402.7500 -0.1504
14.8114 -92.8077 -27.9070 29.0403 1685210506300 435.2500 -0.1486
14.5526 -92.5010 -28.5672 33.2973 1685210506332 468.0000 -0.1479
14.5639 -92.1708 -29.1302 26.9248 1685210506366 500.7500 -0.1457
14.2168 -91.6757 -29.4465 33.4300 1685210506398 533.2500 -0.1449
13.7754 -91.4811 -29.3826 26.0690 1685210506430 566.2500 -0.1427
13.8542 -92.0438 -28.5207 23.2416 1685210506463 598.7500 -0.1420
15.7111 -92.3307 -27.6658 30.7330 1685210506496 630.7500 -0.1398
16.3313 -93.1292 -27.8168 24.8381 1685210506528 182.0000 -0.1398
17.0556 -93.7602 -28.6474 22.3016 1685210506561 53.7500 -0.1383
17.9843 -94.2871 -27.7913 22.1565 1685210506594 86.5000 -0.1349
19.2121 -94.5615 -26.0904 28.9339 1685210506626 119.2500 -0.1349
19.1076 -94.7480 -25.3327 35.2447 1685210506659 152.0000 -0.1280
18.4708 -94.8445 -25.8332 21.6921 1685210506693 184.5000 -0.1256
18.1761 -94.9717 -25.6651 21.0800 1685210506725 217.2500 -0.1129
19.2200 -95.1231 -24.3017 23.1156 1685210506757 250.0000 -0.1129
18.7629 -94.7433 -24.3562 15.6111 1685210506790 282.0000 -0.1002
18.0868 -93.5564 -24.3245 21.7788 1685210506823 315.2500 -0.0939
17.8268 -92.9704 -24.8399 28.1178 1685210506855 347.7500 -0.0875
16.2315 -93.2279 -26.6776 29.2625 1685210506888 380.5000 -0.0875
15.2375 -93.5228 -27.2310 25.5591 1685210506921 413.2500 -0.0748
14.9603 -93.4884 -28.0185 25.5642 1685210506953 446.0000 -0.0646
14.8483 -93.1731 -28.6988 26.3600 1685210506986 478.7500 -0.0612
14.6500 -92.8637 -29.5920 25.5668 1685210507020 511.2500 -0.0513
14.5791 -92.6940 -29.8742 29.7179 1685210507052 544.2500 -0.0449
14.1589 -92.6731 -29.7233 22.4006 1685210507084 576.7500 -0.0358
14.3927 -92.6566 -29.1263 22.5685 1685210507117 609.2500 -0.0358
